3 0.92065954 0.58048916 0.43198487 0.6269213 0.48352978
3 0.88407665 0.50530636 0.43414858 0.5316936 0.45760283
3 0.8763436 0.5438512 0.43310457 0.57761735 0.47342938
3 0.8558664 0.32640064 0.4274738 0.36957133 0.4610379
3 0.8115899000000001 0.3850524 0.43204463 0.41546813 0.45847857
3 0.6796974 0.008220315 0.77034765 0.9965761999999999 0.99840134
3 0.65577996 0.6406877 0.43216625 0.66679907 0.46723142
3 0.5001882000000001 0.44309694 0.42659014 0.46553546 0.44992959999999993
3 0.42633408 0.10098571 0.40658674 0.25704378 0.48912690000000003
3 0.41034627 0.9596058000000001 0.44312984 1.0 0.5878840999999999
3 0.4065284 0.22287744 0.42675070000000004 0.27107716 0.47278407
8 0.31960055 0.58048916 0.43198487 0.6269213 0.48352978
