8 0.7903638000000001 0.17751674 0.19847134 0.24586742 0.28158373
3 0.7737524 0.32342252 0.20275585 0.35877395 0.2522516
3 0.6892541999999999 0.24639383 0.2250355 0.28138852 0.26693517
3 0.67544323 0.35446355 0.2037194 0.40728658 0.26113114
3 0.6525935 0.2733848 0.20316344 0.328979 0.27329606
8 0.5364959 0.5949778 0.19818257 0.6263191 0.25266603
8 0.44098765 0.2743963 0.20062621 0.3289425 0.27144584
3 0.4063452 0.5939499 0.19860584 0.6266547 0.24881643
3 0.35832223 0.23523816 0.22032091 0.26751840000000005 0.2676664
3 0.31795606 0.1772153 0.19802667 0.24661097 0.2808595
8 0.31745037 0.35560602 0.20112972 0.40866315 0.25785872
