42 0.8307483 0.7505595 0.5854233 1.0 0.71264726
3 0.7988529999999999 0.6824973000000001 0.45995814 0.88519675 0.56859887
3 0.65449756 0.30357940000000005 0.5250559 0.41894319999999996 0.6023255999999999
8 0.5902930000000001 0.43263802 0.32553917 0.7071126 0.5777566
3 0.5310242 0.47489163 0.39848435 0.889101 0.57920706
1 0.46244067 0.8680751 0.5159787 0.92248696 0.62633294
42 0.42663568 0.83870435 0.09873217 0.8902877 0.27059287
7 0.35155749999999997 0.0 0.16333903 0.7844603 0.6107769000000001
3 0.32659534 0.4325558 0.33024874 0.70200187 0.57315964
8 0.30936816 0.27839902 0.31838885 0.66786045 0.58433926
