3 0.9948325000000001 0.07925509 0.39215878 0.20867464 0.46957374
3 0.9781618000000001 0.43871978 0.3537321 0.59327734 0.46897619999999995
3 0.9747978999999999 0.78402543 0.35069427 0.9391780000000001 0.4330093
3 0.9532222 0.2108274 0.3946106 0.2528399 0.44709346
3 0.90376973 0.58424115 0.3487321 0.6843409 0.43932387
3 0.78856665 0.2556232 0.39895314 0.29322568 0.43651019999999996
3 0.5908717 0.41817653 0.39436302 0.43784955 0.41426653
3 0.56486773 0.28634068 0.40126166 0.31681192 0.43731679999999995
3 0.5150292999999999 0.7862710999999999 0.3923889 0.8263282 0.43725964
3 0.39564240000000006 0.29555655 0.4060238 0.31607473 0.43798107
3 0.36908850000000004 0.2675842 0.40470415 0.29384252 0.44067532
