3 0.9767849000000001 0.7547368 0.4825857 0.91783726 0.5852585
3 0.8298293 0.70994204 0.4817357 0.7676805 0.51176083
3 0.662464 0.8862952 0.46983203 0.9970891 0.5856268
8 0.64193213 0.5452636 0.45992333 0.6103056 0.5240689000000001
3 0.57460976 0.54720414 0.46649465 0.60704285 0.5247210999999999
3 0.55778736 0.522267 0.4810508 0.5422558000000001 0.5038134
3 0.54794854 0.5257609999999999 0.48318577 0.5481653000000001 0.5070893
8 0.5156136 0.475962 0.46060017 0.51380277 0.51213074
3 0.456283 0.0034215296999999998 0.43357979999999996 0.10906622 0.47453654
3 0.42136705 0.64338946 0.4764877 0.6932924 0.5156734000000001
3 0.39194936 0.5302707 0.47985137 0.55520314 0.50769645
3 0.35921326 0.47589564 0.46730527 0.5129134 0.5127019
8 0.35116416 0.88595104 0.46522486 0.99843735 0.5896189000000001
