3 0.8951389000000001 0.29213724 0.40330434 0.33257857 0.44672987
3 0.8941799000000001 0.69710076 0.2952341 1.0 0.5189133
3 0.8185241999999999 0.6423933000000001 0.36143452 0.73559463 0.46136227
8 0.7925064 0.023429072000000002 0.3500954 0.30745038 0.51047665
3 0.48164904 0.03089803 0.34713307 0.26939675 0.5023517
10 0.4728352 0.49680397 0.21538511 0.52048355 0.2377379
10 0.395458 0.6480219 0.22146101 0.6693325 0.2476754
8 0.38064509999999996 0.68801236 0.30362459999999997 0.98693293 0.5143072
3 0.34942123 0.5058180999999999 0.40655524 0.5271898 0.43351266
3 0.34769604 0.44660416 0.39922395 0.46455842 0.4264208
10 0.34163877 0.5798883 0.21733779 0.597776 0.24321996
