8 0.9703283000000001 0.5825279000000001 0.39872146 0.6701523 0.48448009999999997
3 0.94568396 0.46208059999999995 0.4170985 0.5106513 0.46299120000000005
3 0.93437237 0.3332929 0.38939163 0.43120329999999996 0.5061534000000001
3 0.91342735 0.026878165 0.31965998 0.34986684 0.6071449000000001
3 0.6125316999999999 0.5093032999999999 0.41760015 0.5368576999999999 0.45624337
10 0.5182833 0.7645911999999999 0.33488792 0.7751371 0.374513
3 0.4791709 0.3615942 0.3859768 0.43593857 0.48286527
3 0.42023674 0.9634360999999999 0.44316638 0.99653786 0.46276683
3 0.34129733 0.44580385 0.41913456 0.47047225 0.4538116
8 0.31268543 0.50983775 0.4044474 0.5362268 0.45426017
