3 0.9235038000000001 0.09341501 0.51273006 0.19427744 0.58680475
10 0.8562711999999999 0.534323 0.37345752 0.558187 0.39183336
10 0.7288423 0.45986763 0.37089609999999995 0.48442185 0.38979647
3 0.72011435 0.34102517 0.5331778 0.35846209999999995 0.5482157
10 0.64912236 0.7631722 0.3957645 0.7754656 0.44582286
10 0.6203856 0.6072602 0.3732781 0.6301156 0.3966648
10 0.5026402 0.76591486 0.45942283 0.7769203 0.48773384
10 0.5025594 0.37594295 0.357958 0.41660749999999996 0.3894425
3 0.4782094 0.23048389 0.5325628000000001 0.26453945 0.5540795000000001
10 0.383115 0.7667732 0.39590734 0.77623755 0.43082535
3 0.37687454 0.33827668 0.5308714 0.35533646 0.5448554
3 0.34925908 0.37606890000000004 0.5324633000000001 0.38997170000000003 0.54540175
10 0.33309096 0.5367295 0.37049717 0.5597789000000001 0.38779965
