3 0.16273497 0.37514225 0.47248816 0.5362938 0.6341532
8 0.08287457 0.34604759999999996 0.4627226 0.5590438 0.6475531999999999
3 0.02935216 0.4191442 0.50901127 0.5000908 0.65559655
3 0.004644511699999999 0.10822436 0.4541402 0.49524438 0.7303945
8 0.0045885746 0.1348537 0.42096448 0.567476 0.65958244
8 0.0044319215 0.42535445 0.53034574 0.48920843 0.6280928000000001
3 0.0040774215 0.42246673 0.4931138 0.5260058000000001 0.63464576
3 0.0036603791999999997 0.14604993 0.4375759 0.5875774 0.67583925
8 0.0032414159999999996 0.070518956 0.43416652 0.41256640000000006 0.677392
8 0.0016781893 0.42445803 0.50792015 0.5180657999999999 0.6122523
8 0.0015006173999999998 0.06633615 0.40379158 0.47887012 0.87814444
8 0.0013186607999999998 0.021752784 0.26663324 0.36127892 0.92058706
3 0.0013143304 0.052600913 0.42432266 0.4940186 0.998574
13 0.0012439661999999998 0.1416297 0.54120785 0.22145479999999998 0.6317229999999999
13 0.0010228846000000002 0.3882816 0.48310519999999996 0.5348344 0.67984664
8 0.0009768191000000001 0.18377133 0.45696709999999996 0.582028 0.74477583
8 0.00078761234 0.05776362 0.53088707 0.38340142 0.92954355
8 0.00074907625 0.3959528 0.84118694 0.9280174000000001 0.97678715
13 0.00071990024 0.14809033 0.40236098 0.63147104 0.7207853
8 0.0007029199000000001 0.0049691694 0.47927440000000004 0.09637039 0.5848763000000001
3 0.0006895886 0.14584735 0.55693597 0.23032004 0.6450925000000001
8 0.0006383718599999999 0.07324866 0.32852536 0.7325363 0.80592275
8 0.00058592955 0.05566675 0.13546033 0.44158775 0.6633141
13 0.0005730518 0.4043531 0.538597 0.50630605 0.6267577
8 0.00046305484 0.14841197 0.55474836 0.21636052 0.6189388000000001
13 0.00046126728 0.04993112 0.26080552 0.46514344 1.0
13 0.00040603227999999993 0.0020139506 0.42893016 0.37595619999999996 0.7612218000000001
3 0.00039806980000000003 0.19330055 0.47504407 0.69064784 0.7731108
8 0.00032996372 0.53842664 0.18425217 0.8677746 0.93470055
3 0.00032253182 0.14717506 0.27519387 0.57434076 0.96786726
13 0.00031044224 0.0 0.22466785 0.37292305 0.95345014
13 0.0002951201 0.4174834 0.4872727 0.49135986 0.6181998000000001
8 0.00029445172000000004 0.41083843 0.3582047 0.76533055 0.8692401
8 0.0002707003 0.032343805 0.41298172 0.22355196 0.9215033000000001
3 0.000264654 0.06399637 0.23402207 0.47359028 0.7639590999999999
3 0.0002506425 0.07125991599999999 0.14487699 0.4706267 0.6016745
8 0.00023893519000000002 0.42693317 0.51233566 0.47094179999999997 0.6251308000000001
1 0.00021847682 0.37190840000000003 0.5037086 0.5375925 0.6468218000000001
9 0.00021791912 0.44023192 0.53993934 0.5120867 0.62980884
13 0.00020326064 0.35200226 0.49765652 0.5421628000000001 0.6330399999999999
3 0.00019260473 0.0144012775 0.48711833 0.10847401599999999 0.6209813
13 0.00018568273 0.41452959999999994 0.5090429 0.5375059 0.6125716
13 0.00018051227 0.41734087 0.5203002999999999 0.4743135 0.63387746
8 0.00017805318999999998 0.5121323 0.45099026 0.87889445 0.9261558000000001
13 0.00016905356 0.005304024599999999 0.45144054 0.10936555 0.60671216
8 0.00016267341999999998 0.36281529999999995 0.17717044 0.7185414999999999 0.89949864
8 0.0001608403 0.21201272 0.3841031 0.5871281 0.91757935
3 0.00015280403 0.42257040000000007 0.8587594000000001 1.0 1.0
7 0.00015014659 0.0 0.43912908 0.46115845 0.7694238
8 0.00014673504 0.41337645 0.54726166 0.48400098 0.6165148
8 0.0001435967 0.0038896613 0.92172813 0.020487044 0.98378277
8 0.00013955466 0.07538695 0.9590419 0.16139996 0.9875363000000001
13 0.00012555266 0.38862127 0.5221112 0.55475706 0.5975253
3 0.00012272946000000003 0.19252208 0.4216224 0.6829286999999999 0.9867968
2 0.00012006266000000001 0.419195 0.43917066 0.56216675 0.66572136
9 0.00011866139499999999 0.43866193 0.51841486 0.5819986999999999 0.6559691999999999
8 0.0001160642 0.045435853 0.5737869000000001 0.28953686 0.9624065
8 0.000115930095 0.43539304 0.60347617 0.82955205 0.9158775
13 0.000114011746 0.19576895 0.28865764 0.63992393 1.0
4 0.00011376402 0.43965137 0.44559790000000005 0.579593 0.6844198
3 0.00011373613 0.45982155 0.20638151 0.8931433000000001 0.9465843
3 0.000112913585 0.36975159999999996 0.35078773 0.852009 0.90314865
10 0.00011131749 0.43499473 0.5316297 0.51030684 0.6410045999999999
3 0.0001112927 0.03865129 0.29844922 0.288609 1.0
8 0.00010943086000000001 0.43542612 0.5203412000000001 0.5293507 0.5951679
12 0.00010888836000000002 0.44476809999999994 0.5314879 0.5204458 0.62031686
2 0.00010855986000000001 0.071894914 0.42540404 0.50789154 0.6672806
9 0.00010430040999999999 0.45591718 0.4824204000000001 0.604279 0.638854
1 0.00010378027 0.0 0.48893234 0.3391263 0.6869306
12 0.00010165748 0.40317574 0.42698798 0.5927223 0.6000911
13 0.000101304395 0.37726104 0.5524224 0.5323445 0.61673677
8 0.00010116479 0.42314565 0.71862733 0.8905055000000001 0.96741915
7 0.0001005898 0.35583422 0.44947115 0.56319237 0.7055473000000001
1 0.00010031714 0.41583312 0.5577134 0.48967743 0.6260739000000001
10 9.918948000000001e-05 0.42596367 0.52166146 0.51212025 0.6029151999999999
13 9.754534e-05 0.01754517 0.008430227 0.41534048 0.6755981
8 9.526597e-05 0.46523458 0.09027367 0.79215485 0.6206439
2 9.522497600000001e-05 0.43432665 0.40045524 0.59582543 0.62671816
8 9.499948000000001e-05 0.020106217 0.14161663 0.31337035 0.7872668
9 9.491234e-05 0.09751269 0.46596453 0.46010253 0.7855281
10 9.226453000000002e-05 0.44727194 0.5031965 0.49027124 0.61139613
8 9.121806999999998e-05 0.054936346 0.7044698 0.42435238 0.9730714
5 8.892981e-05 0.0 0.49309164 0.36348020000000003 0.7038594
7 8.770368e-05 0.4014897 0.5368516999999999 0.49940569999999995 0.6474389
5 8.448478000000001e-05 0.37258488 0.53720176 0.5883921 0.71714216
3 8.398946e-05 0.46997496 0.6411903 0.9747935999999999 0.9722565999999999
3 8.305528e-05 0.081307895 0.41468469999999996 0.8818516 0.8694135000000001
8 8.295869000000001e-05 0.5661086999999999 0.09513932 0.86854905 0.63687426
12 8.267618e-05 0.44635618 0.50733906 0.51679957 0.596611
13 7.905856e-05 0.41580722 0.26449320000000004 0.81433475 1.0
4 7.85223e-05 0.47801277 0.42529798 0.60187703 0.6729522
3 7.7804536e-05 0.45290178 0.48353395 0.54122055 0.616085
6 7.747661999999999e-05 0.43345538 0.5313929000000001 0.56162363 0.5958414000000001
9 7.6998134e-05 0.2940016 0.4304528 0.7456041999999999 0.70425195
11 7.5768075e-05 0.4489232 0.4177402 0.5560408 0.70340395
8 7.438314e-05 0.16328800000000002 0.12194316 0.5390205 0.59514254
5 7.429894e-05 0.010868791499999999 0.418314 0.37731946 0.8386440000000001
1 7.416924e-05 0.117433675 0.40646145 0.5779414 0.6257163
12 7.3879724e-05 0.45071869999999997 0.50927156 0.49235344 0.6244993000000001
6 7.223175e-05 0.0 0.5133555000000001 0.49562457 0.7110109
5 7.0480884e-05 0.0029419365 0.5197423 0.39356756 0.98758036
5 6.92788e-05 0.10402760000000001 0.53933686 0.45575657 1.0
10 6.798461e-05 0.45917124 0.40526053 0.5777806 0.68341196
13 6.773914e-05 0.33817384 0.48677787 0.5059773 0.6879178000000001
9 6.718165e-05 0.07080356 0.2942937 0.47347522 1.0
13 6.713366999999999e-05 0.0 0.04785497 0.25514942 1.0
10 6.626634e-05 0.4528411 0.5079113000000001 0.532669 0.6006289
3 6.4896034e-05 0.019005336 0.49319908 0.07780526 0.5326843000000001
13 6.239376e-05 0.0 0.25826144 0.74425143 0.9284679
7 6.120199e-05 0.0 0.31428277 0.60444945 1.0
3 5.8150649999999995e-05 0.059108852999999996 0.24175589 0.36232048 0.90560347
11 5.788453000000001e-05 0.47518745 0.40164652 0.5804417 0.67832786
12 5.5719443e-05 0.17027060000000002 0.35788774 0.7323050999999999 0.5997180999999999
2 5.4660657e-05 0.17685193 0.3144288 0.5464735 0.8982356
1 5.4601864e-05 0.4096525 0.5317805 0.49050745 0.6055209
13 5.449844e-05 0.48041409999999996 0.021911316 0.9238843000000001 0.83326447
9 5.4299469999999995e-05 0.049078225999999996 0.22960414 0.36518902 1.0
3 5.377793000000001e-05 0.35913426 0.4591936 0.51082903 0.6770613
6 5.3644108e-05 0.34569034 0.4835964 0.63290024 0.68431693
12 5.363081e-05 0.46609414 0.5149192 0.53501636 0.60085183
1 5.2797262e-05 0.34742236 0.53321004 0.51720685 0.6731504
6 5.2535200000000005e-05 0.42218718 0.5301121 0.5263453 0.60717535
5 5.237135e-05 0.19025029999999998 0.508685 0.5263576 1.0
7 5.231523e-05 0.42301545 0.5219829 0.5290196 0.6051291999999999
6 5.2043255e-05 0.41970512 0.555239 0.53030956 0.63584787
2 5.1786796000000006e-05 0.4223206 0.5416246 0.5030785 0.6343854999999999
8 5.1744213e-05 0.3638301 0.1125885 0.7209183000000001 0.63420457
13 5.1582978000000004e-05 0.41144088 0.46267426 0.5190670000000001 0.75214124
5 5.1409428e-05 0.394841 0.5346378 0.512295 0.5997611999999999
7 5.0536306e-05 0.09347849999999999 0.39305186 0.72042215 0.7117358
5 5.0358423000000005e-05 0.41490597 0.5361473000000001 0.5345025 0.6134042
1 5.0133279999999995e-05 0.0 0.27482393 0.3862692 0.6903
13 4.9589600000000004e-05 0.0 0.49537665 0.37000245 0.9905345
2 4.7555804e-05 0.28703937 0.35551822 0.71351194 0.6633836
8 4.74728e-05 0.039418377000000004 0.9160811 0.23465106 0.98370576
8 4.6813675e-05 0.14815648 0.52659345 0.31980887 0.64667016
8 4.6373086999999996e-05 0.018424569 0.1055644 0.20084749 0.8170759
8 4.6255293e-05 0.64993167 0.20939139 0.90812105 0.93245894
9 4.590789000000001e-05 0.45628953 0.5269326 0.5556939999999999 0.59637654
8 4.5298926e-05 0.04943198 0.41957617 0.24114321 0.6795653
7 4.5269040000000006e-05 0.41511190000000003 0.5035612 0.50094354 0.62254304
12 4.380085e-05 0.46715578 0.52028924 0.56347245 0.58571166
8 4.3564853999999994e-05 0.017619016 0.4900811 0.06631453 0.5259547
8 4.3549557e-05 0.10149833 0.9619049999999999 0.17104055 0.9861401
13 4.3203036000000005e-05 0.14023697 0.051230825 0.61223143 0.9283478000000001
13 4.2931504000000005e-05 0.12524346 0.55769616 0.20376073 0.61116433
11 4.2219017e-05 0.4450063 0.54278123 0.48464915 0.6316825
9 4.12356e-05 0.09700219 0.10028761 0.47800702 0.7587369
13 4.0768509999999995e-05 0.13953553 0.5516911 0.24044146 0.6157414000000001
1 4.00703e-05 0.4240017 0.5173464 0.47618097 0.6042734000000001
4 3.975324e-05 0.36783582 0.41178748 0.75145525 0.6746582
13 3.820751e-05 0.42789108 0.49608958 0.5133737 0.6248274
4 3.8016296e-05 0.43529427 0.5191707999999999 0.5090144 0.64263135
3 3.7476344e-05 0.22240773 0.7493725999999999 1.0 0.9841733
7 3.733631e-05 0.0 0.2176225 0.50410193 0.8808184000000001
8 3.6473102e-05 0.17787904 0.7235446 0.8444347 0.97826946
11 3.607252e-05 0.4468205 0.5558472 0.49077916 0.66263545
1 3.6037440000000004e-05 0.0 0.41462302 0.37907183 0.8732206
8 3.576906e-05 0.023136467 0.08273018 0.25319132 0.6308523
3 3.566359e-05 0.5619162 0.1632079 0.9443294 0.6942664000000001
12 3.5154690000000003e-05 0.052614894 0.20860815 0.6205432 0.80972356
2 3.488337e-05 0.39708707 0.46856955 0.62666875 0.61359334
3 3.4595858e-05 0.23621917 0.16166769 0.65332526 0.6526069999999999
11 3.429737e-05 0.07844629 0.44555035 0.32889122 0.78313476
3 3.3737822e-05 0.13877332 0.55861455 0.35874373 0.68166023
5 3.3689679999999996e-05 0.15367876 0.48795453 0.6823241999999999 0.71839774
12 3.353618e-05 0.04063158 0.41791424 0.5385346 0.64738864
9 3.3530093999999996e-05 0.15170756 0.35394007 0.5352351 1.0
13 3.251074e-05 0.49375132 0.33441246 0.923618 0.95980805
1 3.1968357e-05 0.28202078 0.52139336 0.49901530000000005 0.62126845
8 3.1653974e-05 0.05231597599999999 0.83101517 0.34093937 0.98187786
1 3.1574495e-05 0.023301162 0.3196071 0.5226130999999999 0.8847459999999999
13 3.0998584e-05 0.019382255 0.4824708 0.07757228 0.52972627
12 3.0563697e-05 0.37541149999999995 0.47630855 0.64943933 0.6017965999999999
2 3.0508867e-05 0.10016476 0.25071412 0.5217414 0.73735607
3 3.0281365999999998e-05 0.1305222 0.56469893 0.22499074 0.6256863
1 2.9894540000000003e-05 0.4344406 0.5364180000000001 0.5173923 0.6121544
8 2.9408691e-05 0.25826707 0.37680240000000004 0.49370188 0.8123667
8 2.931913e-05 0.1365914 0.5665710999999999 0.20184465 0.6078729
9 2.9003404000000002e-05 0.44109103 0.50734484 0.48562628 0.62782454
8 2.898506e-05 0.04219524 0.7692836999999999 0.24542676 0.9738210999999999
8 2.8872637e-05 0.4843635 0.04367299400000001 0.81450486 0.31968087
3 2.859163e-05 0.5884626000000001 0.5055224 0.95588005 0.99090254
11 2.8452778e-05 0.43258616 0.4081132 0.5302981999999999 0.7442441999999999
9 2.8245275e-05 0.42841590000000007 0.55189335 0.5304495 0.62035257
12 2.8207478e-05 0.00633394 0.15776068 0.56807595 0.643745
3 2.7917427e-05 0.039799113 0.61037904 0.35142392 0.9983827
9 2.7905313e-05 0.44378132 0.5146168999999999 0.64892995 0.62057006
10 2.7756500999999997e-05 0.44977102 0.51957256 0.49335226 0.6427013
12 2.7702688e-05 0.010245295 0.043526385 0.47502244 0.7601802
10 2.7358663e-05 0.22663176 0.26343092 0.593414 1.0
5 2.7353688000000003e-05 0.40319088 0.5514772 0.5073949000000001 0.63641816
1 2.7110647e-05 0.39383823 0.53358454 0.5518028 0.6829970999999999
1 2.6921483e-05 0.38897738 0.5553281999999999 0.46718886 0.61705774
5 2.6810720000000002e-05 0.42568069999999997 0.5290593000000001 0.4875599 0.61958116
9 2.6746015999999998e-05 0.430042 0.5471308000000001 0.55670094 0.6820421
8 2.6570444000000003e-05 0.5951911999999999 0.79237384 0.92211515 0.9774805
4 2.6218881999999998e-05 0.46013686 0.48835522 0.5279911 0.60182965
3 2.610761e-05 0.035856478 0.7273958 0.5167547 0.98684937
2 2.5667658e-05 0.3925517 0.47755465 0.5476504 0.68432546
5 2.5652866e-05 0.0 0.21248423 0.47712564 0.6056646
8 2.5626260000000003e-05 0.03793676 0.33154815 0.24500789 0.61713725
8 2.532127e-05 0.010935313 0.021468252 0.34607798 0.31837052
11 2.4981753e-05 0.47097567 0.5261443 0.509865 0.6227600000000001
8 2.4036299e-05 0.03439773 0.6733578 0.21130703 0.97536165
10 2.3792575999999997e-05 0.38586923 0.46474319999999997 0.5520833 0.6272605
12 2.3552382e-05 0.12602165 0.0 0.66917366 0.72674245
10 2.3521097e-05 0.38507909999999995 0.3175583 0.7149226 0.72511804
10 2.3515429999999997e-05 0.11851814 0.42959234 0.5179409 0.7498142
13 2.3220976999999997e-05 0.45375820000000006 0.0014613851999999998 0.94239086 0.32318166
1 2.3042861e-05 0.09459321 0.48202363 0.6169829000000001 0.71883494
5 2.2932018e-05 0.34067005 0.5698245 0.54799193 0.7307585
3 2.2641445e-05 0.4154395 0.19169332 0.82703525 0.7148738
9 2.2076979999999997e-05 0.19432349999999998 0.1448194 0.5890350000000001 1.0
5 2.2044793e-05 0.37113290000000004 0.53919315 0.5572640999999999 0.59699535
10 2.1697604e-05 0.11183393 0.0982989 0.41853290000000004 1.0
9 2.1692453e-05 0.3966527 0.52221775 0.5717114000000001 0.61531293
8 2.1542384000000002e-05 0.9559269 0.4626767 0.9858629000000001 0.50866306
10 2.148949e-05 0.31782259999999996 0.23257561 0.68077886 1.0
6 2.1363921e-05 0.0 0.3199323 0.5401577 0.73637134
1 2.0979352e-05 0.0 0.024899675 0.40780765 0.48169446
6 2.0813353e-05 0.0 0.4455133 0.54924226 0.8739743000000001
7 2.0378233e-05 0.38886294 0.56034803 0.50919205 0.6260825
4 2.0121237e-05 0.40789294 0.45966926 0.55454314 0.71250117
10 2.0101863e-05 0.12796009 0.24067208 0.5195827000000001 0.85754347
9 2.0050229e-05 0.15168174 0.12904789 0.5335436 0.9283242
3 2.0034244000000002e-05 0.061014842 0.9606594 0.20124519 0.99510175
8 1.9822182e-05 0.68455476 0.09718542 0.91100633 0.7018009
12 1.9506562e-05 0.35013613 0.5095212 0.5677151999999999 0.60141724
13 1.9440704e-05 0.41017216 0.5785063 0.50074196 0.6422653
12 1.9414241e-05 0.03873692 0.17314331 0.38689178 0.82593834
2 1.9235706e-05 0.30319175 0.4476696 0.73733044 0.7283456
2 1.9234785e-05 0.41426188 0.55625486 0.5216342 0.6138701
8 1.9098123e-05 0.27506948 0.14827299 0.63789237 0.8122917
12 1.9087769000000002e-05 0.057782862000000004 0.0 0.59486157 0.43189397
11 1.8731505e-05 0.45121049999999996 0.5073068000000001 0.47992894 0.6387403
13 1.8626402e-05 0.6069595999999999 0.0 0.9716533000000002 0.44666862
7 1.859006e-05 0.3031302 0.47470054 0.5840531999999999 0.6687847
1 1.8433928e-05 0.42602327 0.5481558000000001 0.5241737 0.5984934000000001
6 1.8158475e-05 0.07631433 0.41338122 0.8052366 0.6543757
9 1.8047334000000002e-05 0.30709365 0.48615983 0.7745706 0.7767068
8 1.8027574999999998e-05 0.61976105 0.06132828 0.8674193000000001 0.44087526
13 1.7930927999999998e-05 0.087191604 0.55141723 0.30047628 0.6749807
10 1.7528624e-05 0.43200299999999997 0.5540998 0.47634673 0.64646155
6 1.747607e-05 0.18433082 0.5458400999999999 0.7383893 0.7491448
8 1.7250413000000002e-05 0.039380177999999995 0.9531001 0.13698074 0.990345
1 1.7039087e-05 0.1299028 0.56515783 0.21247974 0.61942214
5 1.6926375e-05 0.012368381999999999 0.4793545 0.80754966 0.88373214
7 1.6865373e-05 0.033036057 0.047822572 0.6570967 1.0
5 1.6716789999999998e-05 0.041745666 0.31126216 0.44601366 0.9315074000000001
13 1.6700764e-05 0.40936217 0.49817690000000003 0.46997046 0.613851
8 1.645299e-05 0.23080322 0.40146464 0.64343303 0.6712507
7 1.6432614e-05 0.09083475 0.47548825 0.7455436 0.8162651999999999
5 1.6222522e-05 0.28883913 0.5342143 0.6360492 0.65024906
6 1.6092967e-05 0.10570955 0.40212557 0.6632734 0.9038081
2 1.6066322e-05 0.23692462 0.078743085 0.6053947 0.95010126
11 1.5919008e-05 0.1737465 0.5545643 0.21216774 0.64691836
7 1.5871321e-05 0.42958787 0.5044394 0.48018274 0.6417786999999999
12 1.5769314e-05 0.44433817 0.52155125 0.53936815 0.58494717
9 1.560864e-05 0.44277194 0.5401697 0.48866528 0.65088683
10 1.5572201e-05 0.4196793 0.5523401 0.52261263 0.62401146
11 1.5542317000000002e-05 0.42497814 0.52444506 0.45826828 0.67926663
11 1.5537973e-05 0.31694636 0.3640738 0.65060437 0.7144209
9 1.5506939999999998e-05 0.11602874 0.34554762 0.93785393 1.0
5 1.5476397999999998e-05 0.18977784 0.5408381999999999 0.67442673 0.7681285
2 1.5361495e-05 0.05114005 0.14007899 0.42432547 0.84153634
6 1.5191044e-05 0.29796106 0.5112813 0.61677814 0.63459074
13 1.4964301000000001e-05 0.0006286201999999999 0.9209084999999999 0.023817584 0.9795456
2 1.4808245999999999e-05 0.23077373 0.25211573 1.0 0.7513929
1 1.4772781500000001e-05 0.32303940000000003 0.49942994 0.4969186 0.6420023
3 1.4659095500000001e-05 0.049173363 0.16846204 0.28961563 0.70562845
2 1.4615428999999998e-05 0.42433286 0.51101744 0.5108891 0.5947096
13 1.45346485e-05 0.07162055 0.9591436 0.17710581 0.99097407
8 1.4475478e-05 0.00263447 0.42780405 0.097632796 0.5424751
8 1.4441092000000001e-05 0.7110409000000001 0.5120638 0.93157667 0.9410903
3 1.4340720000000001e-05 0.13799271 0.49837879999999996 0.35480806 0.6583656999999999
5 1.4181815999999999e-05 0.41393909999999995 0.5459189999999999 0.53249013 0.7909265000000001
10 1.4036417e-05 0.47697797 0.33771902 0.54906714 0.72116435
9 1.4022508e-05 0.46662307 0.5357002 0.60520035 0.6842058000000001
3 1.4017545e-05 0.055629525 0.4652414000000001 0.29307598 0.72996306
7 1.3731566499999999e-05 0.3815298 0.5445167 0.47176254 0.6434072
1 1.3722776e-05 0.39771155 0.43518835 0.5150513 0.6425079
2 1.3684402e-05 0.027286671000000002 0.4514316 0.13974231 0.591406
3 1.3580682e-05 0.19887860000000002 0.45509857 0.33974263 0.51027185
13 1.3288516e-05 0.27106997 0.03721522 0.74302346 0.9361014999999999
3 1.3276452999999999e-05 0.006633019499999999 0.92067915 0.024713238999999998 1.0
7 1.3230726999999999e-05 0.0 0.30087698 1.0 0.858152
13 1.3183685000000001e-05 0.47320446 0.57589287 0.91024035 1.0
12 1.3141001000000001e-05 0.38344809999999996 0.49075568 0.5721185000000001 0.66287535
7 1.2819504999999998e-05 0.0 0.29235300000000003 0.32934037 1.0
13 1.2394236e-05 0.6729904000000001 0.0 0.96790755 0.6937515000000001
4 1.238636e-05 0.38348705 0.44247020000000004 0.55174464 0.62605244
5 1.22701185e-05 0.46748894 0.34324629999999995 0.8701030000000001 1.0
10 1.2232246e-05 0.17140816 0.5397675999999999 0.230057 0.63024545
2 1.22142965e-05 0.124480896 0.0 0.5051553 0.56284547
3 1.2195064e-05 0.29045546 0.1983586 0.7825335 0.9515775
9 1.2125606000000001e-05 0.62928903 0.17556779 1.0 1.0
7 1.2092775999999998e-05 0.30942443 0.25139520000000004 0.96067613 1.0
13 1.199308e-05 0.35432512 0.08264603 0.78213555 0.7302081
8 1.1831919e-05 0.5511234 0.61789143 0.88452876 0.94039685
