3 0.9986655999999999 0.6332653 0.39243690000000003 0.8917978000000001 0.52296555
3 0.99636614 0.011053402 0.35578248 0.40255040000000003 0.55793166
8 0.06777489 0.021393184 0.35128608 0.43138587 0.56999683
3 0.015543766 0.6066686 0.40817478 0.64959556 0.45155615
8 0.0063060224 0.6317012 0.3670699 0.88368624 0.5253922
8 0.0036253473 0.0 0.26255152 0.40268615 0.65276426
13 0.0033241190999999995 0.06534421 0.38902736 0.5077233 0.68460447
13 0.0032730861999999998 0.6887154999999999 0.41492385 0.94571936 0.54188585
13 0.0028329117 0.6075003000000001 0.44632619999999995 0.82478654 0.5569393
8 0.0023437717 0.60365134 0.40646178 0.6522252 0.4534509
13 0.0023328570000000002 0.60437363 0.40708540000000004 0.66442037 0.45982346
8 0.0020885575 0.045057945 0.32975279999999996 0.30954355 0.58859485
9 0.0014054896 0.09398905 0.33440359999999997 0.48702085 0.5697696999999999
8 0.0011108511 0.03220757 0.36986712 0.41629434 0.8300566999999999
7 0.0009625497000000001 0.0 0.24191478 0.51699823 0.65680015
13 0.0008142727 0.64576274 0.40067529999999996 0.86407614 0.53664225
13 0.00077107496 0.014952403500000001 0.34448406 0.271438 0.6476243
1 0.0007236160000000001 0.029302018 0.43280014 0.46447742 0.657337
8 0.0006894977000000001 0.068401664 0.3983031 0.32359612 0.5639957
12 0.0006567403299999999 0.0 0.2558711 0.4871885 0.52208984
13 0.0006512859999999999 0.10802621 0.39995804 0.37382594 0.5288286
8 0.0005827665 0.04062502 0.13023992 0.35398012 0.89521265
2 0.0005680003 0.08381622 0.30349624 0.5488643 0.619789
9 0.000543363 0.6894619000000001 0.38438895 0.88253504 0.4964447
5 0.00052561855 0.02329036 0.42989025 0.5431256999999999 0.70390534
3 0.0005195612 0.032534633 0.35251059999999995 0.39435583 0.67808074
1 0.00050411036 0.0 0.35447934 0.4176978 0.54680353
6 0.0003964493 0.0 0.42109350000000006 0.6266023000000001 0.6820498
9 0.00038466355 0.17137611 0.41542935 0.56053925 0.635502
12 0.00037865102 0.67634684 0.34687108 0.8845421 0.49227875
9 0.0003604717 0.7628064 0.3909631 0.97073954 0.50356805
5 0.00034860492 0.008280836 0.42165086 0.32764465 0.7072589
1 0.00034597164 0.5306436999999999 0.44666845 0.7791100999999999 0.53913164
1 0.00033959636 0.70823777 0.42284855 0.9100232 0.5144293
1 0.00033386706 0.5545628 0.423638 0.79140484 0.5150024999999999
5 0.00033211730000000004 0.0 0.39365159999999993 0.5859085 0.6175195
9 0.0003319367 0.12618618 0.36832398 0.36838058 0.69305545
5 0.0003026634 0.57797897 0.40235823 0.8539148999999999 0.5206109999999999
4 0.00029969428 0.18579872 0.36799288 0.62678343 0.6887093000000001
11 0.00029010142 0.14833565 0.25740050000000003 0.45951346 0.5793977
4 0.00028521623 0.1618682 0.29042187 0.63114077 0.5844675
2 0.0002849007 0.6017471 0.40264115 0.67886233 0.44486228
5 0.00027753654 0.55009866 0.41721413 0.7825266 0.55290645
12 0.00027743292999999995 0.0026852609999999996 0.33451498 0.61381793 0.5993731
8 0.0002385716 0.008258890999999999 0.19749907 0.29462463 0.80937266
7 0.00023740639 0.6484316999999999 0.34494817 0.8704470999999999 0.53944284
13 0.00022403622000000004 0.0 0.40351933 0.28560978 0.5596443
8 0.00022321767999999997 0.013296273 0.20992577 0.513922 0.86493105
8 0.00020719963 0.38994706 0.45981112 0.7732543000000001 0.8898166
1 0.00020532256 0.6184421999999999 0.39297163 0.85970753 0.48932227
13 0.00019781248 0.10397694 0.34788078 0.41601205 0.7287443
13 0.00019704696 0.65802246 0.43922028 0.8792489 0.55647373
11 0.00019203029999999998 0.62875247 0.35498044 0.7867134 0.56262183
8 0.00018861154999999998 0.029860279 0.13528615 0.32054913 0.64690846
7 0.00018674003 0.5857274 0.40428569999999997 0.6729811 0.46093294
6 0.00018456862000000002 0.5379470999999999 0.43663737 0.85579336 0.5365675999999999
11 0.000181173 0.71682805 0.37031865 0.8358848 0.5015629
12 0.00017823566999999998 0.03429115 0.26140815 0.3546083 0.5750298
8 0.00017636245999999998 0.03129947 0.40281492 0.24298714 0.5632355
12 0.00016856977999999998 0.7302534 0.38654542 0.92862844 0.51595724
11 0.00016763008999999999 0.19804274 0.26917964 0.5235271 0.672115
13 0.00016650926 0.5730719 0.42244524 0.814448 0.53859544
2 0.00016042167 0.09801395 0.23890005 0.40265468 0.5737101
12 0.00015702752 0.16066581 0.37372363 0.37292168 0.54049385
8 0.00015513983 0.036411833 0.6938052 0.43123478 0.9488494000000001
1 0.000153239 0.5980323000000001 0.41875379999999995 0.6597088000000001 0.45242020000000005
1 0.00015066473999999998 0.0 0.37372637 0.19202339999999998 0.57280236
1 0.00014469081000000001 0.0 0.45335263 0.23216322 0.6374192
11 0.00014239232 0.05188632 0.26670906 0.25143883 0.70775706
11 0.00013826271 0.1302835 0.1827578 0.33317903 0.6831255999999999
10 0.00013642 0.17022526 0.24544615 0.43013406 0.6696501
5 0.00013095309999999998 0.0 0.37089932 0.22736098 0.6442883
7 0.00012941056 0.5739411 0.3727765 0.8062383000000001 0.55509776
9 0.00012582389999999999 0.7457503000000001 0.41704786 0.9465412 0.5258662
10 0.00012557578 0.10631891 0.21462110000000004 0.49485573 0.60816497
10 0.00012554503 0.68549323 0.36150894 0.87704194 0.48356125
5 0.00012524641000000002 0.6401138000000001 0.40350613 0.90214187 0.5084484
4 0.00012439896999999998 0.748807 0.35746104 0.97887254 0.52063304
12 0.00012403473 0.19687234 0.4220985 0.38945162 0.5576379
8 0.000121563644 0.5398469 0.3231353 0.8986248 0.6107478
6 0.000118834694 0.55128944 0.39307272 0.89089227 0.51984435
1 0.00011838214400000001 0.156375 0.39904870000000003 0.37395227 0.5265820999999999
6 0.00011749846000000001 0.6401948000000001 0.3592567 0.9199624 0.50184035
7 0.00011728566500000001 0.0 0.32287714 0.31039720000000004 0.75480807
8 0.000116857525 0.32990408 0.19973199 0.75328964 0.894372
8 0.00010824318000000001 0.54186714 0.25016750000000004 0.8972271999999999 0.9247671000000001
9 0.00010788686000000001 0.06353332 0.34584418 0.32117757 0.5882379
3 0.00010460183000000001 0.054143097 0.2899512 0.37178242 0.91514295
8 0.000104329396 0.49888042 0.47304952 0.8907674000000001 0.89259106
7 0.000103443075 0.65892303 0.38265362 0.9156139000000001 0.5816306
3 0.00010223656999999999 0.70643544 0.39208826 0.8326176 0.45031556
10 0.00010213116 0.75970024 0.36223578 0.94074863 0.51322097
6 0.00010144746 0.6631545 0.38784307 1.0 0.54195136
13 9.939338e-05 0.37528026 0.31359965 0.8579173000000001 0.99854034
3 9.817054500000001e-05 0.30099598 0.42348009999999997 0.42060384 0.5500148
3 9.299790000000001e-05 0.010499342 0.38679904 0.31019148 0.59004086
13 9.299228000000001e-05 0.0015118583 0.29150522 0.38692912 0.8567751
4 8.9385576e-05 0.19499803 0.3622328 0.38040559999999995 0.53209525
10 8.917969000000002e-05 0.22472191 0.26769555 0.6117043000000001 0.6989124
12 8.451285e-05 0.10456516 0.36461064 0.32598063 0.5494511
8 8.221504000000001e-05 0.048691195 0.31813648 0.27163666 0.92004466
1 8.204385e-05 0.103863314 0.39919847 0.32072982 0.5335006
6 8.194259e-05 0.09967263 0.3911632 0.39122078 0.5318224
6 8.144793999999999e-05 0.0 0.28456616 0.60059476 0.5869861999999999
3 7.484421999999999e-05 0.03934491 0.72455525 0.53086585 0.9817395000000001
1 7.4452844e-05 0.6857798 0.44804713 0.9054652 0.54986364
3 7.443041e-05 0.38942635 0.49786484 0.8528492 0.99677694
4 7.407559e-05 0.6756779 0.34982932 0.9438955 0.48094973
5 7.3596624e-05 0.69468814 0.41229796 0.9779976 0.55301666
1 7.292286e-05 0.0 0.33539578 0.19662657 0.51634854
1 6.748424e-05 0.54560226 0.38501054 0.79996395 0.47630358
1 6.727365e-05 0.027010847 0.44005632 0.24083824 0.5552024999999999
9 6.72156e-05 0.6354052 0.39844709999999994 0.8162316 0.52958703
13 6.638687e-05 0.07480704 0.3682647 0.32810423 0.5141578
8 6.587961e-05 0.62756836 0.48542127 0.93081856 0.90231836
6 6.578868000000001e-05 0.0116723925 0.41575557 0.3305361 0.5327708999999999
2 6.459651e-05 0.60944617 0.393337 0.86040825 0.5089821
4 6.388336e-05 0.11929415 0.29133886 0.40047902 0.62770146
6 6.3441374e-05 0.13068086 0.41554356 0.4465146 0.56564057
2 6.268184400000001e-05 0.07541882 0.22282471 0.5565319999999999 0.5360096
2 6.227032e-05 0.72000134 0.35244453 0.9009444 0.53340054
1 6.053405e-05 0.13543306 0.42789679999999997 0.38083777 0.5506623
5 5.9521964e-05 0.0 0.3966917 0.26687503 0.5559702
11 5.784215e-05 0.06840741 0.28079826 0.35501170000000004 0.6232085
4 5.6769380000000004e-05 0.069592595 0.31933615 0.53654444 0.6113361999999999
6 5.5641525e-05 0.0 0.42738903 0.3784719 0.65954345
11 5.4554165999999994e-05 0.76933086 0.3643965 0.89434606 0.53390956
1 5.4442619999999994e-05 0.050000525999999997 0.3993997 0.24935345 0.5326705
12 5.4116103000000003e-05 0.7136218000000001 0.35738185 0.85812366 0.5457219
8 5.310469e-05 0.12687539 0.38141754 0.36071932 0.58488387
10 5.2951666e-05 0.77425563 0.34192497 0.8807246999999999 0.54651076
5 5.2786887e-05 0.0 0.43358969999999997 0.41600007 0.671618
3 5.2180766999999997e-05 0.6191111999999999 0.40762472 0.6790283 0.45210278
9 5.138481e-05 0.6101854 0.41445193 0.6850698000000001 0.45435303
6 5.1175743e-05 0.58315486 0.41179514 0.6896922 0.45322236
10 5.099566e-05 0.18433626 0.36678138 0.35782220000000003 0.50221086
3 4.96795e-05 0.060898017 0.45289662 0.49155268 0.9472564
5 4.931173e-05 0.5863491 0.41977423 0.6801213 0.45783627
5 4.723648e-05 0.6834453 0.4264698 0.8583373 0.6011314999999999
7 4.7168476e-05 0.12477752 0.39295542 0.34578535 0.5767861999999999
12 4.712673e-05 0.6490252 0.38960120000000004 0.86346495 0.5494623000000001
4 4.65014e-05 0.6247571999999999 0.40941712 0.6771955 0.4557852
10 4.5187346e-05 0.17754178 0.39038259999999997 0.36564797 0.54163563
1 4.4992295000000006e-05 0.0 0.39752612 0.36897929999999995 0.6131064
9 4.498056e-05 0.6119914000000001 0.41781777 0.78550303 0.5518768000000001
6 4.4433270000000005e-05 0.0 0.33581775 0.44011027 0.6535561
10 4.4214907e-05 0.6215421999999999 0.39700863 0.8500704 0.5175881
12 4.3577504e-05 0.59932286 0.40290440000000005 0.6797358 0.44409043
12 4.3257067e-05 0.052643213 0.22456351 0.25744963 0.54746854
13 4.3192707e-05 0.59722334 0.32950574 0.9075299000000001 0.6788470999999999
4 4.1897587e-05 0.14792824 0.34986404 0.36283907 0.49991620000000003
13 4.1141524e-05 0.50077885 0.29814559999999996 0.96465766 0.91231894
13 3.9738752e-05 0.12884839 0.38882175 0.34288240000000003 0.5729768
8 3.951422e-05 0.30625057 0.43962017 0.39121577 0.54330784
7 3.9071502999999995e-05 0.60263765 0.39112067 0.85993487 0.59179276
9 3.8513237e-05 0.73586226 0.38484958 0.86320245 0.5602248000000001
11 3.8038004e-05 0.09429104 0.38550204 0.24955770000000002 0.55054474
5 3.7414033e-05 0.0 0.37457073 0.41218108 0.59550226
11 3.7349425999999996e-05 0.6262357 0.40771106 0.6677295999999999 0.45100626
10 3.7040412e-05 0.07012986 0.36804697 0.25688479999999997 0.5980609
11 3.6774873e-05 0.049693942000000005 0.2072013 0.21149215 0.5821139
13 3.6716516000000004e-05 0.5340944999999999 0.3981563 0.9482105 0.64308935
1 3.6444086e-05 0.6340493 0.43229672 0.8539689 0.532086
12 3.5528727e-05 0.029593592999999998 0.34319907 0.3279982 0.63807243
10 3.527995e-05 0.054446815999999995 0.37755993 0.3608752 0.6526319
9 3.5256773e-05 0.05336098400000001 0.40554443 0.27366784 0.66633385
7 3.4575347e-05 0.0 0.30364716 0.23107556 0.6880866999999999
9 3.4245557e-05 0.1863329 0.39756772 0.40489045 0.51443934
10 3.3512446e-05 0.055159177999999996 0.40387464 0.27501687 0.53635865
3 3.335954e-05 0.0 0.35441178 0.23439945 0.50559556
1 3.296424e-05 0.0 0.4622165 0.34661475 0.6799614
13 3.2875229999999995e-05 0.0 0.37034140000000004 0.20854248 0.5146795
13 3.2285512e-05 0.29141256 0.019761557 0.8921520000000001 0.89080215
2 3.1698935e-05 0.048464007999999996 0.3368455 0.33321777 0.5692012
9 3.1265285e-05 0.6749049 0.41817257 0.862391 0.5331728
5 3.1132702e-05 0.6171951 0.42121732 0.8779940999999999 0.5582273
12 3.0640007e-05 0.067731515 0.27929499999999996 0.28503470000000003 0.6231329000000001
13 2.9924573e-05 0.0 0.09411392 0.3128439 1.0
11 2.9236602e-05 0.66550684 0.35213828 0.78191817 0.49364644
12 2.8768303000000002e-05 0.094959214 0.28535178 0.44859552 0.5835796
10 2.8439214000000002e-05 0.057483774 0.31675586 0.25921008 0.54351443
3 2.8397846e-05 0.035140857000000005 0.34277788 0.26526353 0.45405376
5 2.800405e-05 0.08560042 0.4259835999999999 0.40329662 0.56714565
3 2.7215074e-05 0.45103859999999996 0.28688294 0.8832701999999999 0.99472517
2 2.7176588e-05 0.69201285 0.33306444 0.904327 0.47716450000000005
8 2.6813308e-05 0.27873722 0.47092393 0.36974987 0.54845893
6 2.6563415e-05 0.6251015999999999 0.42223775 0.9214806999999999 0.5569734000000001
8 2.6535447e-05 0.24319221 0.41041595 0.5787651 0.87227744
13 2.5203246e-05 0.0 0.6696669 0.41583487 0.9931946
2 2.4826692e-05 0.63477 0.362073 0.8637933000000001 0.46690437
5 2.4430186e-05 0.053509827999999995 0.39467612 0.34719676 0.5440694
1 2.4428065000000002e-05 0.50485486 0.41124853 0.7536835 0.5050015999999999
3 2.4096807e-05 0.6176020999999999 0.39989027 0.9579343000000001 0.5919701999999999
3 2.4006410000000002e-05 0.6368988 0.34544143 0.89835167 0.5647380999999999
2 2.3754983000000002e-05 0.08172114 0.14764473 0.50385803 0.75674635
6 2.3315113000000002e-05 0.0 0.38437983 0.34037316 0.59103644
6 2.2880526e-05 0.5680063 0.37604955 0.88618153 0.48264226
11 2.2846376e-05 0.12289121 0.3538739 0.24708074 0.50221497
1 2.2702157000000003e-05 0.6127117 0.45506838 0.83658653 0.55494785
11 2.2520278e-05 0.75602615 0.3025802 0.8594040000000001 0.5660518
5 2.2294733000000002e-05 0.08469822 0.6060194000000001 0.42715815 1.0
10 2.2133045000000003e-05 0.6217943 0.39255664 0.68104917 0.4644933
7 2.1789679999999998e-05 0.04133080000000001 0.2724973 0.4431151 0.7591969
2 2.1713606e-05 0.013356011999999999 0.34454468 0.4633325 0.6008135
3 2.1364953e-05 0.65932924 0.41068703 0.8194233 0.52043414
11 2.1061545e-05 0.18523352 0.36312540000000004 0.30181596 0.49841899999999995
13 2.1035311999999998e-05 0.22846925 0.32165694 0.71267587 1.0
7 2.0571104e-05 0.016780648000000002 0.3919593 0.23671646 0.5673814
13 1.9938916e-05 0.05266452 0.25277522 0.5456743000000001 0.99041486
4 1.9895044e-05 0.050376102 0.38534006 0.2888794 0.54849344
2 1.9707779999999996e-05 0.14370963 0.23472962 0.46223205 0.6597084
8 1.9596891e-05 0.47235832 0.16682483 0.79640275 0.8039228
10 1.8713466e-05 0.27043128 0.20508553 0.5000401 0.6772338000000001
5 1.8574046e-05 0.03101624 0.56028605 0.30996564 1.0
9 1.8339939e-05 0.13779669 0.40487704 0.36872417 0.52801615
3 1.8184714e-05 0.23341018 0.44107595 0.74022394 0.95341706
8 1.8145525e-05 0.011074856999999999 0.4012203 0.16870236 0.5507652
13 1.8118604e-05 0.15989783 0.42753008 0.41919172 0.54650855
3 1.8081379e-05 0.035402092999999996 0.44398266 0.32315573 0.97041935
4 1.7881432e-05 0.11997453 0.37307894 0.33650863 0.53142834
5 1.762942e-05 0.084514126 0.42022482 0.41763392 0.75152194
9 1.7521054999999998e-05 0.09410099 0.38298967 0.43312055 0.8819869
5 1.7386828e-05 0.0 0.47921607 0.32905263 0.8828896
11 1.7375089e-05 0.69702053 0.37050477 0.8226861999999999 0.54305124
10 1.7120597000000002e-05 0.09058560000000002 0.3773567 0.42951999999999996 0.91277725
3 1.7007427e-05 0.10808926 0.35491142 0.650552 0.91774803
3 1.6921977e-05 0.672945 0.39361966 0.8051975 0.45976558
11 1.6574208e-05 0.22381486 0.35628259999999995 0.35648096 0.490303
4 1.6393467e-05 0.23707376 0.28704315 0.47381320000000005 0.6527225999999999
3 1.6285505000000002e-05 0.509551 0.5354807 0.92582476 1.0
1 1.6024707000000002e-05 0.06610317 0.37560883 0.52584064 0.59489065
10 1.574707e-05 0.7165402 0.3915301 0.94518095 0.5370063
10 1.5231237e-05 0.0796966 0.37846276 0.26271263 0.50597894
4 1.4998106000000001e-05 0.7354653 0.3403118 0.8857905 0.5260394
5 1.4923061e-05 0.4406572 0.5972689 0.77524865 1.0
9 1.4890858e-05 0.21099326 0.37945116 0.66594213 0.61039233
10 1.4446422e-05 0.12782364 0.4047683 0.31625488 0.5375996
8 1.3698302000000001e-05 0.29453759999999996 0.44551 0.37248093 0.5306548000000001
7 1.3660906e-05 0.0 0.22837378 0.5108612 0.9750146999999999
8 1.3477538e-05 0.026667105 0.55725586 0.31050083 0.96821314
3 1.3472467e-05 0.25857455 0.45600927 0.40958756 0.56272084
9 1.3434837e-05 0.20254557 0.36639524 0.4645183 0.67638963
13 1.3144622999999999e-05 0.6171545999999999 0.40724674 0.6826449 0.46032727
3 1.2993479999999999e-05 0.12664808 0.38476124 0.44784984 0.59101605
8 1.2906371999999999e-05 0.43844256 0.32586473 0.7903498000000001 0.61274016
13 1.2861887999999998e-05 0.34127328 0.11364792 0.7615555 0.9918463
3 1.2850469e-05 0.6041886 0.42276704 0.66865873 0.4712959
2 1.2828115e-05 0.11049921 0.36407927 0.3363514 0.53124124
11 1.2691482000000001e-05 0.21954493 0.38265517 0.37040997 0.53280944
9 1.2664633e-05 0.42354137 0.12232407 0.99237835 1.0
1 1.2595811e-05 0.0 0.23824596 0.343414 0.68017364
4 1.2191703e-05 0.027251512000000002 0.36437362 0.36350065 0.6507390000000001
8 1.2148703000000001e-05 0.036017925 0.8141984999999999 0.24037585 0.96733135
10 1.2127542e-05 0.022484805 0.28106946 0.38526982 0.57733595
11 1.2046672000000001e-05 0.11327376 0.34772527 0.3198229 1.0
8 1.19803535e-05 0.13816470000000003 0.42596263 0.5090622 0.8494854
4 1.1787314e-05 0.30946958 0.30819076 0.6322159 0.6276545
4 1.1712288e-05 0.6193809 0.38218677 0.891487 0.510263
13 1.1618920000000001e-05 0.0 0.25099716 0.68167853 0.8694108
7 1.1566378999999999e-05 0.3240072 0.39489546 0.9424239 1.0
8 1.1474646e-05 0.26852757 0.13029175 0.6247107 0.61830145
10 1.1390103999999999e-05 0.6266484999999999 0.37891440000000004 0.8215423000000001 0.48669297
3 1.1189219e-05 0.6968876 0.39895284 0.85282075 0.5069853
13 1.0979175e-05 0.27217308 0.45075294 0.3851308 0.5181988000000001
3 1.076008e-05 0.6151169 0.41741818 0.6934501999999999 0.47874153
2 1.0642142e-05 0.13696973 0.39848527 0.35978267 0.5673847
2 1.0160473e-05 0.48464399999999996 0.39688638 0.85648185 0.9792712
12 9.922684e-06 0.16217883 0.34958997 0.39168593 0.49683753
10 9.802916e-06 0.2065388 0.31419688 0.59919375 0.95222265
9 9.770686e-06 0.63179415 0.39256042 0.98602897 0.671496
9 9.658835e-06 0.0488992 0.22277598 0.29237998 1.0
3 9.57105e-06 0.29780763 0.3076983 0.8971418999999999 0.76374036
3 9.481372e-06 0.009642481 0.36838457 0.05868958 0.42291632
8 9.263105e-06 0.18794587 0.41336027 0.38609418 0.55694056
4 9.157259e-06 0.6718861 0.37225792 0.95142454 0.5256458
2 9.066846e-06 0.066058725 0.2700366 0.31821900000000003 0.47911099999999995
13 9.004857e-06 0.68862927 0.40853295 0.7903169 0.45987007
13 8.848698e-06 0.0054603483999999996 0.50964487 0.056990158 0.55975425
3 8.755049e-06 0.020479904 0.26477984 0.4457818 0.6048639
11 8.647273e-06 0.23986013 0.19664599 0.44818115 0.6678013
7 8.573134e-06 0.078852504 0.40400338 0.2895462 0.56031585
9 8.480354e-06 0.51427543 0.41118795 0.93363816 1.0
8 8.468811e-06 0.023986577999999998 0.2860995 0.19342753 0.6256703
4 8.444075000000001e-06 0.032904062000000005 0.31734985 0.37481916 0.5724483
12 8.383704e-06 0.20880441 0.4314205 0.33894554 0.5827937
10 8.113316e-06 0.66889423 0.37444878 0.9103879 0.5175512
1 7.99961e-06 0.0 0.36840332 0.41311362 0.8215318000000001
9 7.975529e-06 0.0 0.30263490000000004 0.19526544 0.6324371999999999
3 7.922802e-06 0.030065737999999998 0.6156755 0.39182207 1.0
3 7.786527e-06 0.008923872 0.4892356 0.06272772 0.5692008000000001
5 7.730513e-06 0.026567723999999997 0.34151036 0.284197 0.90329653
2 7.685601e-06 0.0865195 0.3495649 0.35900170000000003 0.9008118
3 7.647376e-06 0.2716828 0.43619620000000003 0.4103975 0.5338258
2 7.5947623e-06 0.036322348 0.39694428 0.27729407 0.53511304
4 7.592294400000001e-06 0.5919433000000001 0.40811420000000004 0.84702224 0.5373971
8 7.5142098e-06 0.11382502 0.15405072 0.53662735 0.6051270000000001
1 7.488455599999999e-06 0.31651490000000004 0.41988924 0.82570314 0.87598586
11 7.459929e-06 0.6152754 0.35440132 0.73874253 0.52489704
13 7.418289e-06 0.15018107 0.049088646 0.64804316 1.0
1 7.2314355999999995e-06 0.21278918 0.36260048 0.75377566 0.8373158000000002
