3 0.9744476000000001 0.08457067 0.35097474 0.5235448 0.5540102
3 0.9720620000000001 0.8862441999999999 0.39347234 0.9952571 0.44558543
3 0.13982303 0.031736176 0.38784486 0.06919147 0.42782182
8 0.06721082 0.09157351400000001 0.3335377 0.52139145 0.56493306
8 0.03287693 0.025090316 0.38772842 0.07064359 0.43251058
8 0.027807818999999998 0.88003516 0.38045377 0.9974379999999999 0.45258927
3 0.020649625 0.015111517 0.3854006 0.05319342 0.4260460999999999
3 0.019919008000000002 0.030016492999999998 0.40158790000000005 0.07102407 0.44009787
8 0.015000801499999999 0.87907815 0.38547602 0.97948074 0.43662527
8 0.012895001000000001 0.010547961000000002 0.38622162 0.053446256 0.42966598
3 0.010132557 0.035574608 0.38301343 0.09443275 0.43069196
13 0.00803047 0.028965853 0.38459924 0.08931405 0.43377873
3 0.0063478034 0.08066954 0.35753363 0.3732178 0.5440968
13 0.003990441 0.14837731 0.3353195 0.5963786 0.6475495
8 0.0028472168 0.030629200000000002 0.38197413 0.096633375 0.43449652
3 0.002610662 0.101684436 0.33739778 0.41602170000000005 0.48152295
3 0.0024281305 0.015490102 0.39949748 0.05808316 0.44028249999999997
8 0.0022102487 0.16197786 0.37009078 0.44394526 0.5304833000000001
8 0.0019926220000000003 0.10928192 0.38192338 0.35423204 0.53040963
13 0.0018624804 0.07388955 0.3722875 0.37014744 0.5434715999999999
7 0.0014543676999999998 0.023260022999999998 0.37865144 0.09588794 0.43199659999999995
8 0.0012198769 0.026080936000000002 0.3893548 0.08475650000000001 0.4452406
2 0.0011513638000000001 0.034989312 0.3771522 0.0964824 0.416217
5 0.0011454229 0.0 0.4058294 0.37836862 0.65746653
1 0.0011444758 0.027231464 0.39141149999999997 0.08282276 0.42737585
13 0.0011291025 0.8785803 0.41163746 0.9652188 0.45292497
13 0.0011236360000000001 0.20449223 0.39565414 0.50220466 0.5243748
13 0.0011228274 0.07799969 0.3719784 0.44429976 0.62359107
1 0.0009148029499999999 0.021205662000000004 0.39027566 0.06795575 0.42361236
7 0.0008766463 0.06795861 0.28513452 0.64568335 0.6448814
2 0.0008357332 0.030018836 0.37922674 0.078188784 0.41312298
1 0.0008256357400000001 0.0 0.33808085 0.32650614 0.515109
7 0.000820493 0.0 0.32138714 0.49516344 0.7067858
8 0.0008026925999999999 0.08436417 0.3697009 0.47386673 0.833076
1 0.0007976305000000001 0.10470777 0.37322786 0.5164467 0.5935081999999999
13 0.0007908502999999999 0.90419686 0.38499856 0.9991511000000001 0.44134238
1 0.0007889686 0.0 0.41812176 0.33717236 0.60577565
13 0.0007816761500000001 0.011960162 0.37671122 0.05665673 0.43561208
9 0.0007695962 0.24837814 0.367971 0.6437206 0.59496063
5 0.0007659704 0.10615168 0.39180323 0.6298921 0.64391875
4 0.0007653197400000001 0.27772220000000003 0.3190699 0.7016406999999999 0.6223725999999999
1 0.0007648163000000001 0.083792314 0.42680213 0.5172880999999999 0.65568227
2 0.0007602527 0.13331448 0.30696799999999996 0.6364006 0.6160468000000001
6 0.0007094694 0.01743554 0.38209298 0.08275746 0.42466077
9 0.0007062272999999999 0.13813214 0.3882131 0.41661018 0.6321325
13 0.00069303694 0.88369817 0.39814440000000006 0.962908 0.47582984
5 0.0006812441 0.016003543999999998 0.39549288 0.07800314 0.4271867999999999
9 0.0006779902 0.035543527000000005 0.38729504 0.10272304 0.43046656
9 0.0006463196 0.18045335 0.32789955 0.5153522 0.5869884
9 0.00064622815 0.03105709 0.38695067 0.07865743 0.42972875
13 0.0006365932 0.9043962999999999 0.40098449999999997 1.0 0.47672516
13 0.0005978830999999999 0.027004708 0.40871376 0.080937244 0.45536312
11 0.0005955064599999999 0.8893084000000001 0.39221907 0.9504556999999999 0.46717313
11 0.0005929238400000001 0.91482013 0.38606438 0.96023864 0.42985743
1 0.0005847856 0.07627824 0.4194458 0.30698508 0.5278949000000001
11 0.0005327323000000001 0.07731546 0.22357914 0.37713754 0.6678518
5 0.0004990951999999999 0.12864615 0.44522527 0.5413209 0.7022930000000001
12 0.00048592783 0.025984342999999997 0.37711787 0.09293348 0.42175305
12 0.0004784872 0.9036127 0.38205147 0.9876223 0.42888066
5 0.00047057192000000004 0.8700716000000001 0.40711412 0.9563107 0.48273697
12 0.00045859863 0.07741732 0.2781781 0.65022784 0.53432196
5 0.0004284655 0.0 0.37345209999999995 0.38990012 0.5801854000000001
13 0.000425643 0.021007499 0.41138320000000006 0.0647534 0.45361660000000004
3 0.00042487023 0.19366693 0.36680767 0.52412945 0.52632064
11 0.0004197942 0.04024206 0.38391179999999997 0.06612964 0.42831403
12 0.00041803127000000003 0.18200862 0.38467315 0.3742417 0.5277185999999999
11 0.0004156174299999999 0.8978444999999999 0.35029688 0.9561995999999999 0.49985632
6 0.00041513395 0.040208414 0.42409906 0.7096058000000001 0.68246484
5 0.00039427239999999996 0.07956088 0.37364507 0.32580477 0.5218709
11 0.00039417879999999997 0.1343318 0.35694242 0.30482045 0.5319855
2 0.00037844948 0.00187685 0.31675163 0.54206616 0.5653675
1 0.00037505038 0.07038319999999999 0.38777 0.29217425 0.5063212
10 0.00036676775000000003 0.9044622 0.38254622 0.97189987 0.42375356
7 0.00036554400000000004 0.0 0.29506803 0.43658835 0.63065827
9 0.00036182214 0.9053901 0.39167175 0.97910255 0.42795834
12 0.0003545402 0.30059114 0.39636940000000004 0.49767646 0.52289504
12 0.00034092742 0.16561858 0.34944206 0.37968183 0.5007777
1 0.00033222650000000004 0.23730496 0.41104302 0.48697302 0.52913994
1 0.00033037527 0.002774185 0.35226446 0.45742336 0.56656367
11 0.00032654448 0.26566222 0.24717245 0.5838063 0.61051923
6 0.0003163355 0.24037145 0.39751408 0.56150675 0.54356027
1 0.00030870043 0.8901610999999999 0.39555374 0.9690331 0.43247250000000004
10 0.00030864632999999997 0.043186538 0.36977088 0.09710389999999999 0.43096563
3 0.0003068448 0.03616109 0.3981584 0.0941467 0.44419312
6 0.0003056213 0.8935546999999998 0.37981144 0.99771416 0.42961848
9 0.00030488017 0.93438846 0.38659040000000006 1.0 0.42527372
10 0.00030325560000000004 0.03496787 0.37179905 0.0778655 0.42550987
4 0.00029072887 0.045202386 0.38323486 0.096362755 0.42813100000000004
10 0.00028756107 0.9394998999999999 0.37217906 0.99718213 0.42471844
5 0.0002847454 0.86303204 0.41362774 0.96542895 0.45255035
11 0.00028359334 0.050669793 0.38260359999999993 0.085154146 0.4290630999999999
9 0.00028265416000000003 0.09333243 0.33450264 0.36650825 0.61103976
7 0.0002788623 0.89880246 0.3807972 0.9737629000000001 0.4361143
1 0.00027759906000000004 0.86799145 0.41844139 0.9460293 0.47054568
6 0.00026481857999999996 0.011908331999999999 0.32512054 0.7124161999999999 0.62751293
3 0.00026390182999999997 0.055116013 0.37473464 0.12037811400000001 0.43040812
5 0.00025336412 0.87864083 0.3956329 0.9877563 0.42931790000000003
4 0.00024753326 0.30645892 0.34256190000000003 0.48312286 0.50139344
6 0.0002458911 0.0 0.3968164 0.51634866 0.65262973
9 0.0002453825 0.25255725 0.43233922 0.6143172 0.64214665
6 0.00024073859 0.06845114 0.40028623 0.40253058 0.5066835999999999
7 0.00021713342999999996 0.23048110000000002 0.37095988 0.46069062 0.5432863
1 0.00021337224 0.9184232 0.39300135 0.99415386 0.43189520000000003
8 0.00021242289 0.86107886 0.36768547 1.0 0.46867383
4 0.00021219125 0.035213977 0.3822171 0.07517041 0.42422669999999996
4 0.00020856487 0.1672223 0.30699503 0.64770496 0.57236695
2 0.00020722878 0.022607235 0.40586245 0.080322474 0.44207382
11 0.00020215928 0.8977434999999999 0.38346379999999997 0.9752114 0.47022477
10 0.00020132212 0.11860624 0.39259085 0.33458048 0.5059899
11 0.00019996294999999998 0.14824547 0.26301473 0.46119928 0.58112925
11 0.00019774343 0.94751644 0.34731588 0.9977443000000001 0.4865035
5 0.00019573585 0.89051044 0.41302952 0.9792356 0.49275982
11 0.0001903093 0.95036453 0.37673813 0.9941673000000001 0.42753693
4 0.00018938463 0.9063915000000001 0.37790403 0.98686814 0.42759633
10 0.00018776047999999998 0.2993889 0.23169675 0.6733294 0.6418453000000001
11 0.00018768711 0.9274896 0.37989628 0.99545836 0.46964642
8 0.00018715393 0.06672754 0.26374397 0.67207205 0.74632347
7 0.00018332648000000002 0.007022145699999999 0.3748517 0.053828493 0.43430355
4 0.00017771203000000002 0.9400636999999998 0.36760542 1.0 0.42840055
11 0.00017486244999999998 0.92256856 0.34861162 0.9760011999999999 0.49939552
10 0.00016936612 0.26863885 0.36938405 0.47816133 0.51262206
9 0.0001688779 0.29824709999999993 0.3969158 0.48980576 0.51312155
13 0.00016685661 0.90744334 0.40485504 1.0 0.45209882
12 0.00016522966 0.021752061 0.24669643 0.43312449999999997 0.5349891999999999
7 0.00015909037 0.9227469000000001 0.37550214 0.9971821 0.435914
8 0.00015666614 0.03321286 0.12358688599999999 0.410361 0.84409785
3 0.00015613173 0.39533255 0.3914321 0.5025729 0.5335087
6 0.00014879245 0.86241317 0.40761843 0.99080145 0.45104864
10 0.00014818239 0.8776648000000001 0.41148 0.96624774 0.45052248
8 0.00014693096000000002 0.49848714 0.2673939 0.8230424000000001 0.78029877
7 0.00014684537 0.8598975 0.39929363 0.961219 0.46625602
12 0.00014488051 0.0 0.32151705 0.50031924 0.5695680000000001
2 0.00014403653 0.91359735 0.3738138 0.98060787 0.42067814
7 0.00014257223999999998 0.089255825 0.37652579999999997 0.30895022 0.5406244
7 0.00013482916 0.86507016 0.37783992 0.9715021999999999 0.49787614
1 0.00013054533000000001 0.90973043 0.4139777 0.98959154 0.4692826
4 0.0001296074 0.9372007 0.36370352 0.9988993 0.4739498
2 0.0001268908 0.027342401000000002 0.40178397 0.100874275 0.44329825
8 0.00012058663999999999 0.029941267999999997 0.21378765 0.49672604 0.7063089
5 0.00011904688 0.90544903 0.4149241 1.0 0.49702278
10 0.00011523386999999999 0.9512023999999999 0.3616331 1.0 0.46763545
6 0.00011490073 0.0 0.31579652 0.5167358 0.5691609999999999
9 0.000114261464 0.9229634 0.40180156 0.9817935 0.46946716
2 0.00011287658000000001 0.8959235999999999 0.37916598 0.9737388000000001 0.45007926
10 0.00010970431999999999 0.08165732 0.29005116 0.47743404 0.5850791
9 0.00010709732 0.9001094999999999 0.40067202 0.9559491 0.47553375
9 0.00010665284 0.9019374 0.40412074 0.9888351999999999 0.45233986
5 0.00010233796999999999 0.013343806000000001 0.41384912 0.06603127 0.4617516
5 0.000100108904 0.0064115985 0.3978064 0.05829103 0.43544033
9 9.724518e-05 0.94319826 0.39766276 1.0 0.46344128
1 9.705783e-05 0.88976365 0.41993082 0.96894383 0.47683630000000005
4 9.6729025e-05 0.9193737 0.3850362 1.0 0.46554995
2 9.47101e-05 0.9265728999999999 0.3657022 0.9935706 0.46532568
2 8.995725000000001e-05 0.8864723 0.40228200000000003 0.9658498999999999 0.44181952
8 8.937533000000001e-05 0.43714613 0.42055252 0.78281075 0.8773491
13 8.7301065e-05 0.06767575 0.35409814 0.26822957 0.54783875
7 8.651582e-05 0.0074777590000000005 0.40703797 0.076563895 0.46057883
1 8.558253500000001e-05 0.0073952666 0.38319373 0.052295346 0.423374
13 8.493564e-05 0.88694 0.38608202 0.98977166 0.5123073
5 8.4689564e-05 0.8888597 0.4127425 1.0 0.46679235
11 8.434497999999999e-05 0.14636189 0.33468336 0.28693476 0.4924907
2 8.394298500000001e-05 0.016876409 0.3746975 0.05981334 0.41735834
2 8.335593e-05 0.08933747 0.24269496 0.5907835 0.51551074
1 8.231302e-05 0.25345388 0.37643573 0.47138658 0.49942526
7 8.18502e-05 0.8956549000000001 0.38551056 1.0 0.47131398
9 8.094935e-05 0.042906106 0.38512552 0.12721731 0.43425274
9 8.056533000000001e-05 0.926285 0.40421838 1.0 0.45098272
12 7.772813000000001e-05 0.283569 0.37025034 0.49249753 0.49409258
6 7.596420600000001e-05 0.009492186 0.38397190000000003 0.13778405 0.42797384
4 7.5491465e-05 0.08326332 0.3570998 0.49452520000000005 0.6138422
10 7.463519e-05 0.9039583000000001 0.38932663 0.97349447 0.48159307
8 7.449682e-05 0.7110285 0.45629457 0.93856686 0.93336517
2 7.439031999999999e-05 0.9125339 0.38736126 0.9934933000000001 0.45160320000000004
11 7.3762334e-05 0.03855435 0.39402127 0.070713535 0.45910484
9 7.305498000000001e-05 0.8878249 0.40705255 0.95723444 0.45338848
5 7.249279000000001e-05 0.20566739 0.40289244 0.50231504 0.5393047
6 6.671158e-05 0.01680742 0.41560462 0.08941207 0.45019343
10 6.6158354e-05 0.023100896 0.3617195 0.05937099 0.43581092
8 6.610873000000001e-05 0.39217073 0.23001628 0.745614 0.8385235000000001
1 6.604903e-05 0.017075278 0.4119597 0.067991346 0.44856954
5 6.452289000000001e-05 0.87406784 0.41836274 0.98299783 0.5191174
13 6.404269500000001e-05 0.0060248952 0.4069179 0.04849969999999999 0.458013
8 6.371039499999999e-05 0.036954235 0.6903005 0.45367944 0.9456644000000001
1 6.3650696e-05 0.025146967000000003 0.41256899999999996 0.08496444 0.45039114
12 6.336191999999999e-05 0.9157341 0.39737788 0.99661326 0.46641505
13 6.2720705e-05 0.031076819 0.27423114 0.49307773 0.98668253
10 6.248375e-05 0.12120073 0.3640433 0.31036967 0.47796047
13 6.149043000000001e-05 0.41309318 0.13534006 0.9468841999999998 0.74801975
3 6.117539000000001e-05 0.43478593 0.45000592 0.88477933 0.9536312
5 6.0183018e-05 0.9033663000000001 0.39500186 1.0 0.43590307
11 5.9568556e-05 0.9225465 0.31333807 1.0 0.51832134
12 5.802486e-05 0.89430094 0.38696602 0.9689007 0.46746156
9 5.799231799999999e-05 0.019875377 0.38289538 0.060165763 0.43432975
8 5.5130688e-05 0.06767202 0.38200352 0.33635852 0.9199521
3 5.4651689999999996e-05 0.095659934 0.42292082 0.5441214 0.9433654
8 5.4406784e-05 0.4288251 0.14571196 0.75973773 0.6523709
4 5.3476569999999993e-05 0.10946631400000001 0.37158343 0.36823714 0.52056164
3 5.3197156000000006e-05 0.48925513 0.28882909999999995 0.9119591999999999 0.75784636
2 5.3047323e-05 0.88467515 0.39612702 0.9895908999999999 0.4475292
9 5.2439130000000006e-05 0.91142803 0.3934494 0.9919157 0.49169984
4 5.0880648e-05 0.91003525 0.37690553 0.9892206 0.47925285
8 5.0826944e-05 0.33350328 0.39678459999999993 0.70263684 0.8655185999999999
10 5.0538379999999996e-05 0.9151308000000001 0.39016940000000006 1.0 0.45131466
4 5.0380654999999994e-05 0.24909574 0.3445366 0.44698042 0.49810252
4 4.9857525e-05 0.8780165999999999 0.39945748 0.9681079 0.45506140000000006
10 4.947495e-05 0.120088875 0.23435357 0.58389556 0.6237764
5 4.904468e-05 0.013375753 0.39299607 0.12043892 0.43124253
11 4.8985865000000006e-05 0.3126822 0.36568257 0.45193535 0.5062315
3 4.8646525000000004e-05 0.42001003 0.4123705 0.51621926 0.5032084
1 4.683724e-05 0.07736765599999999 0.38900387 0.24338515 0.5477972
10 4.6299929999999996e-05 0.038072236 0.39974377 0.08466231 0.45947784
6 4.6272187000000005e-05 0.8979754999999999 0.39779046 1.0 0.46152479999999996
1 4.528898e-05 0.86447823 0.39030040000000005 0.9797868000000001 0.47320879
3 4.5121556e-05 0.87272006 0.3868833 1.0 0.46515609999999996
10 4.4386925e-05 0.04923734 0.36387944 0.118135706 0.43641314
8 4.4163844e-05 0.290513 0.14476484 0.64682937 0.79834604
2 4.3536726e-05 0.12063124 0.37054390000000004 0.34082976 0.4909872
13 4.3312753e-05 0.41519317 0.32971245 0.8386066999999999 0.9907939
5 4.288941e-05 0.08217987 0.35654843 0.23956333 0.5772039000000001
11 4.259435e-05 0.027342254 0.37500483 0.050077908 0.4317861
10 4.1640382e-05 0.9497711999999999 0.38867873 1.0 0.45317650000000004
10 4.033367e-05 0.9273753 0.37020007 0.9908969999999999 0.48293050000000004
3 4.0289087e-05 0.05104886 0.3923374 0.12102924 0.45013392
3 3.958468e-05 0.39282966 0.3956952 0.4889085 0.45394883
8 3.8262070000000005e-05 0.093540564 0.3519377 0.27602175 0.52669233
2 3.8225633e-05 0.90369993 0.35087046 1.0 0.47076514
11 3.796292e-05 0.3512577 0.24679253 0.6616133000000001 0.62757415
4 3.7814996e-05 0.055472404 0.37955335 0.11434161 0.42933583
8 3.7303158e-05 0.15031370000000002 0.3147215 0.59269816 0.8101467
9 3.591631e-05 0.101069175 0.39482856 0.3089538 0.5366126999999999
2 3.567259e-05 0.2497393 0.36631835 0.4571915 0.5280534
5 3.5317968e-05 0.12611602 0.61508137 0.46617278 1.0
11 3.4878307e-05 0.15039156 0.16529043 0.35857376 0.74455535
4 3.4753015e-05 0.9452229999999999 0.37379834 0.9980905000000001 0.4481071
12 3.4335596999999995e-05 0.90129507 0.39720395 0.97168624 0.44939545
2 3.4221313e-05 0.013404771999999999 0.40320787 0.061220555999999995 0.44518927
12 3.402194e-05 0.23533899 0.39191666 0.41528738 0.53357065
8 3.3915632e-05 0.15735094 0.40362522 0.38763988 0.5488078000000001
9 3.3196953e-05 0.043537095 0.2647502 0.36369774 0.57480085
13 3.197004e-05 0.052480157 0.37786534 0.13026835 0.43625754
10 3.1773990000000004e-05 0.048369225 0.39377967 0.10634460000000001 0.46225724
1 3.1605818e-05 0.12697253 0.37725845 0.33755599999999997 0.5063693
11 3.1399109999999996e-05 0.049827967 0.39461395 0.093464844 0.45537502
3 3.1064686e-05 0.03405451 0.7160482 0.53947437 0.975677
8 3.0908806e-05 0.053081088 0.37754554 0.11006007 0.43253168
3 3.0850970000000005e-05 0.086910605 0.37686590000000003 0.16916278 0.5103745
10 3.0286365e-05 0.8758965 0.40147492 0.9968225000000001 0.45564485
9 3.0220252999999997e-05 0.25421557 0.40367937 0.44943872 0.5229209
3 2.9484387000000003e-05 0.38215253 0.27266634 0.843051 0.9355304
3 2.9236977000000002e-05 0.05988286 0.3447347 0.24910787 0.5020852
1 2.9169498e-05 0.14487952 0.41490698 0.36955140000000003 0.53074723
7 2.8409231e-05 0.8573316999999999 0.35414058 1.0 0.532523
12 2.8058607999999998e-05 0.8682211 0.3621767 0.99447674 0.46802598
11 2.7769687e-05 0.060965437000000004 0.37855053 0.10412969 0.43043935
12 2.6900759999999996e-05 0.009755226 0.3711903 0.055107172999999995 0.42362619999999995
10 2.6476544e-05 0.38620993 0.22632739 0.7512304 0.6724515
1 2.6138792e-05 0.0 0.24239989999999997 0.36684490000000003 0.42248714
3 2.6091055999999998e-05 0.38165784 0.41849732 0.48678342 0.5538399
13 2.5329336e-05 0.10949688 0.38732883 0.3115642 0.5923689999999999
5 2.5019904999999998e-05 0.056581397 0.60130423 0.39820403 1.0
6 2.4917458999999998e-05 0.88404703 0.40102977 1.0 0.48310915
9 2.4605e-05 0.030164293999999998 0.41168788 0.07703187 0.45131170000000004
8 2.425459e-05 0.641283 0.16815002 0.8738923000000001 0.8378863000000001
13 2.4195841999999998e-05 0.0 0.19208018 0.7334935 0.82646495
5 2.4130066e-05 0.004807297 0.41468278 0.049552325 0.4666763
8 2.3445364e-05 0.07242539999999999 0.2794543 0.36803082 0.59275043
10 2.3365343e-05 0.9354872 0.33107367 1.0 0.5071145
13 2.3295435000000003e-05 0.025250322999999998 0.39386573 0.30055279999999995 0.53682226
10 2.3048578e-05 0.18811801 0.31405609999999995 0.473129 0.6861199
4 2.2683957e-05 0.8905058000000001 0.388317 0.9731226999999999 0.47341168
4 2.2652799e-05 0.021983394 0.37613937 0.058905825 0.42560297
3 2.2211710000000004e-05 0.4224959 0.2094476 0.836822 0.684238
3 2.1888527e-05 0.10183110000000001 0.21335775 0.4775965999999999 0.64106965
13 2.062889e-05 0.44433722 0.011207123000000001 0.9071815000000001 1.0
12 2.0316016e-05 0.9411535 0.4067768 0.99968255 0.4535233
3 2.0053852e-05 0.07503524 0.37313107 0.14963379999999998 0.48498297
10 2.0038104e-05 0.24000499 0.26221818 0.6337399 0.96616906
8 1.9487516e-05 0.5937887 0.37474588 0.89912325 0.93246096
13 1.9304402e-05 0.19410925 0.20620723 0.65461254 1.0
1 1.919725e-05 0.9318325000000001 0.4173371 1.0 0.45668339999999996
8 1.9138001999999997e-05 0.055409417 0.14128174 0.27552617 0.90984297
2 1.8955773999999998e-05 0.10647872 0.29142696 0.46513720000000003 0.5876998000000001
7 1.8825296e-05 0.9212976999999999 0.39088547 0.99180406 0.46514583
13 1.8291747e-05 0.10270209999999999 0.13838106 0.535575 0.7767928000000001
2 1.8233975e-05 0.12571178 0.34078398 0.3517195 0.46171886
8 1.812761e-05 0.925565 0.38676918 0.9871564 0.45353213
12 1.7672264000000002e-05 0.10787238 0.27519175 0.43739218 0.63996816
13 1.7540238e-05 0.042382814000000005 0.40641385 0.12697317 0.46035853
9 1.6817587e-05 0.52087086 0.17184196 1.0 0.877501
13 1.6634720000000003e-05 0.66152626 0.29473156 0.95576143 0.93528444
12 1.6224114e-05 0.0065461346 0.17695916 0.44738892 0.46458396
13 1.6045242000000002e-05 0.15440871 0.41953567 0.45422167 0.5485081999999999
1 1.581007e-05 0.0058426876 0.40888694 0.05058439 0.4487666
11 1.570517e-05 0.95615715 0.3849929 0.99566346 0.4531781
13 1.5638692e-05 0.007394455 0.12240184 0.33901927 1.0
9 1.5604077e-05 0.034577485 0.41108355 0.10336297 0.45194763
5 1.5586327e-05 0.23370261 0.62427723 0.5786235 1.0
4 1.5567557e-05 0.03958109 0.4022962 0.09463375 0.45361197
13 1.5343674000000002e-05 0.28564274 0.03816798 0.7471051999999999 0.9186308000000001
9 1.5062405e-05 0.95112264 0.4042097 1.0 0.44472638
