3 0.98257244 0.5219965999999999 0.35761329999999997 0.66487694 0.43574074
3 0.96355915 0.2899291 0.35015854 0.45619422 0.47526166
3 0.93208265 0.20102122 0.38635990000000003 0.2653636 0.44428566
8 0.36844790000000005 0.008535624 0.89587134 0.2009639 0.9927375
3 0.19158374 0.46360856 0.37220287 0.51975495 0.41367814
8 0.17442982 0.28915048 0.3445497 0.45881093 0.48832732
8 0.047068822999999996 0.19687627 0.37589842 0.27383292 0.45068967
8 0.04483002 0.45397489999999996 0.36734176 0.5188782999999999 0.4212262
3 0.044481203 0.041087492999999996 0.8896775 0.21937342 0.9979215
8 0.017070279 0.020349123 0.8410447 0.24013907 0.9886775
8 0.017042248 0.5119409 0.33545074 0.68290156 0.45336658
13 0.014396131000000001 0.31157434 0.34162542 0.483936 0.5019610999999999
13 0.006902119 0.2583841 0.3865575 0.41842633 0.49272970000000005
9 0.0047995434 0.34600568 0.33629346 0.50097287 0.44912603
3 0.0045063379999999995 0.20167522 0.37772775 0.25482887 0.43266982
11 0.003752397 0.26204798 0.30019718 0.3903047 0.5089647
5 0.0036801489 0.19461610000000001 0.38502693 0.40305996 0.49633938
8 0.0036020132 0.54067475 0.35444656 0.6435196999999999 0.43521363
9 0.0034660306 0.26566583 0.35809988 0.38821304 0.48746720000000004
13 0.0034045628 0.29486114 0.39207068 0.46231908 0.5123993
13 0.0034036767 0.037383333 0.90063435 0.22978671 0.9826068000000001
1 0.0030736483 0.21369408 0.38175458 0.3832798 0.4899335999999999
1 0.0030467847999999997 0.31094947 0.3555119 0.47718802 0.46453822
13 0.0027979647 0.5246491 0.36602476 0.6247675 0.44175598
13 0.0025063243 0.4658568 0.36859283 0.52069175 0.42786357
12 0.002360113 0.30976433 0.3243413 0.506791 0.45473188
1 0.0022165328 0.32095006 0.38447767 0.48151013 0.49511713
3 0.0021268155 0.4516524 0.36966085 0.5037891999999999 0.41502947
13 0.0019462113 0.18769962 0.40218425 0.2511446 0.44536495
13 0.0018794579 0.20242544 0.37705877 0.27301508 0.44148117
7 0.001715549 0.30984443 0.29846300000000003 0.49034345 0.5053287000000001
13 0.0016317704999999998 0.5572083000000001 0.37108016 0.6785585999999999 0.43285390000000007
2 0.0016227275 0.25467798 0.3380955 0.44627669999999997 0.46673596
7 0.0015300587 0.23235957 0.36851272 0.48398990000000003 0.5469042
9 0.0015134455 0.31660715 0.39347009999999993 0.47460976 0.50791967
7 0.0014641916 0.18901455 0.3389466 0.41724592 0.5325528
13 0.0014560943 0.21225274 0.3967535 0.2890216 0.45662525
13 0.0013661445 0.3189088 0.35477420000000004 0.44492573 0.54628557
13 0.0013567154999999998 0.29033872 0.34531838 0.41210398 0.53594023
5 0.0013539773999999998 0.24418132 0.40731427 0.46574467 0.5321411
9 0.0013413471 0.31453020000000004 0.36118066 0.41018927 0.5337313
2 0.0013386107 0.32423922 0.31754148 0.48507383 0.48914492
5 0.0013322423 0.2835674 0.390361 0.52359873 0.52239156
2 0.0013074306 0.29093420000000003 0.36837359999999997 0.4863152 0.49582288
3 0.0012582121000000001 0.2247968 0.37699068 0.2788987 0.42727304
9 0.0012565596 0.27630115 0.3429264 0.4070537 0.46343770000000006
9 0.0012299195 0.34197223 0.33635724 0.43455509999999997 0.50808334
5 0.0012147914 0.27284288 0.39602837 0.42428493 0.56057733
11 0.0011562372 0.27964097 0.31259677 0.42342466 0.54766816
9 0.0011550683 0.20328125 0.37686193 0.26482862 0.42496413
8 0.0010848994 0.08142026 0.39854798 0.3389237 0.89128137
9 0.0010370543 0.27554816 0.38698983 0.41601628 0.5092681
8 0.0010249118 0.19274203 0.37847805 0.24583037 0.43369383
1 0.0010072996000000001 0.28638005 0.3270938 0.42033422 0.46786216
11 0.0010058872 0.19869126 0.38331309999999996 0.24203517 0.45529777
4 0.0009985479 0.36464977 0.31284359999999994 0.52260655 0.47709584
11 0.0008994018400000001 0.20785674 0.37980318 0.26022282 0.45948395
1 0.00088356633 0.27730808 0.37594503 0.40193787 0.50849617
6 0.0008806141000000001 0.19986382 0.36539763 0.4473469 0.49812570000000006
11 0.00087015907 0.32294273 0.25171432 0.41860896 0.57678807
1 0.0008581005 0.18893966 0.38170904 0.25081307 0.41965514
11 0.0008511756 0.33394942 0.32859042 0.4729956 0.5439828
5 0.00084959506 0.16634706 0.40433222 0.27350694 0.45496026
13 0.0008469522000000001 0.20845354 0.38970006 0.26442486 0.48118648
4 0.00080901315 0.317368 0.37043452 0.489646 0.5305101
11 0.0008035255 0.5355576 0.3554182 0.598194 0.43140649999999997
1 0.00079069304 0.250544 0.32320273 0.38319516 0.457258
1 0.00078869844 0.284074 0.40456092 0.45590872 0.5208984999999999
5 0.0007697867999999999 0.17809018 0.40786517 0.24401021 0.48029736
11 0.0007621929400000001 0.061995238 0.89899856 0.16098955 1.0
12 0.00076011475 0.29915255 0.30703592 0.43253148 0.47905058
6 0.0007279077499999999 0.2528748 0.39309615 0.50768346 0.52892035
5 0.0007249411 0.19529176 0.40871844 0.26156599999999997 0.48581222
11 0.0007211262 0.4638175 0.3634202 0.50410765 0.42305046
11 0.0007119447 0.37214607 0.30697346 0.4978094 0.4998037
9 0.00071107206 0.30694005 0.35295582 0.44475874 0.47527677
12 0.0006373779 0.19784172 0.36692232 0.27051052 0.42189193
7 0.0006253033 0.19700257 0.36908188 0.26101696 0.43135133
13 0.00061656965 0.19677958 0.39585190000000003 0.24968964 0.47605119999999995
5 0.00060140307 0.22827755 0.36690882 0.44203752 0.46713059999999995
9 0.0005862611599999999 0.21628278 0.37614580000000003 0.28678536 0.42582828
1 0.0005841509599999999 0.31214390000000003 0.36390500000000003 0.43790743 0.49188180000000004
9 0.0005805355 0.06799218 0.91328394 0.22732371 0.99207044
8 0.00057868153 0.07803996 0.67669594 0.49161482 0.97421056
5 0.0005611761599999999 0.50909656 0.3658706 0.63204056 0.42035624
7 0.00055556296 0.26872793 0.29806688 0.4338943 0.5919184000000001
1 0.00054312305 0.20604134 0.38019854 0.26742968 0.42128682
7 0.0005326784400000001 0.45544985 0.36623016 0.5341363 0.42842105
8 0.000528545 0.32589373 0.33479112 0.49109903 0.48171997
11 0.00051312183 0.21101837 0.37554148 0.24597596 0.42396662
12 0.0005096777 0.25961968 0.32294229999999996 0.43612602 0.44895458
7 0.00050906616 0.23427132 0.30957583 0.41191408 0.5043857
13 0.0004894878 0.52315676 0.35909906 0.6678678000000001 0.49418905
11 0.00048487942 0.22383609999999998 0.3444778 0.26531726 0.48150554
11 0.00048360589999999994 0.2063408 0.34373417 0.24832942 0.48806876
1 0.00047990699999999996 0.5114774000000001 0.38579709999999995 0.60418564 0.43317592
8 0.00047858543 0.34663665 0.37042909999999996 0.5946155 0.9176540000000001
11 0.00047785727999999995 0.10725535 0.89672947 0.20990348 1.0
12 0.00047614038 0.29374164 0.2965915 0.49098134 0.42753738
11 0.0004726996400000001 0.55645496 0.26995972 0.68487185 0.47130203
1 0.00046637875 0.45927468 0.37997052 0.51743793 0.4186019
7 0.00046616307 0.17518064 0.38903195 0.24889156 0.45913276
1 0.0004641707 0.44083549999999994 0.37925512 0.5018309 0.41664842
6 0.00045533317999999997 0.18947676 0.37222853 0.27435547 0.42520833
8 0.00045407764000000004 0.06500915 0.586565 0.36387008 0.9532339
12 0.00043640812999999997 0.32245076 0.33857012 0.4585473 0.50206834
5 0.00043477 0.17882867 0.38739583 0.267325 0.42206168
2 0.00043059730000000006 0.039795122999999995 0.8862799000000001 0.22830279999999997 0.99316406
10 0.00042426234000000006 0.21291421 0.36297998 0.273019 0.41605636
8 0.00041571367 0.052289374000000007 0.38881284 0.25220087 0.93640286
7 0.00041520714999999995 0.19199604 0.36978975 0.2751847 0.49105373
10 0.00040987547 0.19497368 0.37160820000000006 0.25675687 0.41422840000000005
2 0.00040713523 0.46861833 0.36385033 0.52829325 0.41134265
6 0.0004050178 0.17827284 0.40174857 0.26614797 0.44603329999999997
5 0.00040318037000000004 0.23820812 0.38412833 0.38604867 0.5423581999999999
1 0.00039755218 0.0 0.9274258 0.17728403 0.9925870999999999
5 0.00039655494 0.43007115 0.38180077 0.5180494999999999 0.41955265
8 0.00039442864 0.15266179 0.3744712 0.414253 0.9147813
6 0.00039282849999999997 0.24754867 0.32904562 0.5470319 0.47639313
1 0.00037878315000000005 0.1986854 0.40080878 0.2570169 0.467595
2 0.0003787061 0.21131492 0.36700370000000004 0.27269295 0.40677962
3 0.0003764874 0.053886637 0.85951924 0.2854541 0.9874097
12 0.0003759576 0.29286903 0.36928213 0.51338565 0.4944774
1 0.0003723961 0.18396528 0.4088195 0.24065267 0.4478101
8 0.0003659787 0.7114654 0.20310532 0.941075 0.8891856
11 0.00035943382000000007 0.22239728 0.37587985 0.27897745 0.45866254
4 0.00034286312000000006 0.21121238 0.3708783 0.26406476 0.41959482
8 0.00033869790000000004 0.2970355 0.2202901 0.7220464 0.69400644
10 0.00033831050000000004 0.47697812 0.36106753 0.537008 0.42348167
7 0.0003376251 0.18802607 0.38250422 0.28764850000000003 0.4646509
10 0.0003344195 0.37563074 0.27498394 0.49452013 0.46694088
5 0.00032666753 0.48760290000000006 0.37685913 0.6598821 0.48443502
8 0.00031440107999999997 0.62466854 0.15011011 0.86677986 0.68573695
12 0.00031107475 0.55373806 0.35856524 0.627786 0.4256096
7 0.00030842077 0.46602663 0.314751 0.692765 0.5099978000000001
9 0.00030804507 0.54618716 0.35121596 0.67035687 0.47026450000000003
11 0.00030478815 0.48076899999999995 0.3654903 0.52118194 0.42123142
11 0.00030319863999999996 0.22933045 0.36781090000000005 0.26804385 0.42216277
4 0.00029336507 0.20125687 0.3845892 0.2685368 0.45305914
2 0.00028908650000000004 0.21374336 0.3668438 0.27577543 0.45621052
13 0.0002828056 0.0025632754 0.83906615 0.19301048 0.98491496
6 0.00027939813999999997 0.43757427 0.37486333 0.53440785 0.41926992
9 0.0002793575 0.039066494 0.91815656 0.17000964 0.9994426
9 0.00027378477 0.22002199999999997 0.39504722 0.26517174 0.46638796
10 0.00027241142 0.4617693 0.36718103 0.52221453 0.420498
8 0.0002704404 0.03691534 0.14046736 0.2255567 0.9228434000000001
4 0.00026670235 0.22610591 0.3656346 0.2813791 0.42011598
2 0.00026377928 0.015264347 0.8933279000000001 0.19034247 0.97786707
3 0.00026233580000000004 0.2498676 0.37153348 0.30113688 0.42381218
9 0.00026231326 0.20316488 0.39220503 0.27133283 0.44636047
11 0.0002612257 0.35472790000000004 0.24515328 0.43183753 0.5169465
8 0.00025776846 0.21853478 0.36716172 0.27250922 0.43585680000000004
4 0.00025607191 0.21784455 0.38083783 0.28948808 0.45840636
7 0.0002551784 0.5152635 0.34958634 0.60609835 0.44606587
8 0.00025425758 0.059427932 0.69826514 0.33323634 0.9804190999999999
1 0.0002525759 0.18046522 0.40368173 0.23824313 0.46365249999999997
10 0.00025094150000000003 0.35381883 0.24546194 0.44908398 0.5033911
5 0.00023846772000000002 0.19073665 0.38571572 0.2889696 0.42663729999999994
2 0.00023475965 0.19311415 0.39273337 0.2781788 0.43672666
1 0.00023358882999999998 0.48224148 0.35162777 0.6479658 0.45177248
1 0.00023295473999999998 0.28706455 0.31543142 0.46088547 0.42109618
4 0.00023289148999999998 0.26387736 0.37142012 0.43932757 0.52149504
8 0.00023260470000000002 0.5483553000000001 0.29624155 0.8466423000000001 0.8783879000000001
10 0.0002289109 0.18527582 0.39658403 0.25427756 0.44425973
2 0.00022693245999999998 0.3387695 0.29499298 0.4534951 0.5331609
2 0.00022317248 0.22088018 0.3635705 0.28564772 0.41229376
8 0.00022233986 0.02758184 0.3920665 0.18478772 0.9640634
9 0.0002210568 0.20481212 0.3950357 0.24545588 0.4689798
4 0.00022026406000000002 0.07638345 0.9001353999999999 0.23374268 0.9937203000000001
10 0.0002198345 0.058883764000000005 0.9024656999999999 0.20233259 0.9869505
12 0.00021612953999999997 0.46116564 0.36549777 0.5352888000000001 0.41665542
3 0.00021568023999999998 0.33622625 0.34959766 0.4889954000000001 0.465396
10 0.00021384071 0.26632726 0.3429447 0.42300278 0.49684957
9 0.00021266310000000001 0.1960561 0.39582247 0.24968266 0.44392425
11 0.00021167692000000003 0.5710129 0.3518613 0.62797624 0.42754430000000004
12 0.00021053912 0.04838819 0.9084481 0.2546872 0.98339397
10 0.00020725041 0.32031214 0.3474767 0.49011654 0.5244667
12 0.00020430421999999998 0.5914558000000001 0.37339443 0.6648313 0.4293201
8 0.00020322880000000001 0.2660557 0.3880389 0.54179823 0.8833934000000001
4 0.0002025903 0.34205836 0.2949384 0.45624137 0.50189763
5 0.00020244882 0.30524218 0.39995295 0.45981967 0.57625616
10 0.00020218377 0.31601834 0.27541953 0.42465293 0.50308585
11 0.00020002971000000001 0.29193595 0.23943932 0.38952109999999995 0.56328523
8 0.00019614716000000002 0.2363998 0.33573025 0.38507990000000003 0.49254903
3 0.00019600915 0.27555108 0.36379445 0.37673414 0.46229765
5 0.00019320709 0.0 0.9347744 0.22405106 1.0
10 0.00019202814 0.10072856 0.8907893 0.25224602 0.9853107
2 0.00019156796000000003 0.20024727 0.37631744 0.26565033 0.45035222
1 0.00019023243999999998 0.5885424 0.3765972 0.66614765 0.42888999999999994
8 0.00018888163 0.74446905 0.053348854 0.9069976999999999 0.4337968
4 0.00018739607 0.47371656 0.36821008 0.52940863 0.42254207
1 0.00018505985 0.18180983 0.3520875 0.36592257 0.44597656
6 0.00018432298 0.18851003 0.39418468 0.30322507 0.4576121
1 0.00018383426 0.5490826999999999 0.38108070000000005 0.6463810999999999 0.43750173
6 0.00017905803 0.5092034000000001 0.36484146 0.64738864 0.42563003
7 0.00017865197 0.54731506 0.3450439 0.6399581 0.44904540000000004
9 0.00017417398 0.4732281 0.37762845 0.5337447 0.4219024
3 0.00017086298999999998 0.02886916 0.9082482 0.18093163 1.0
11 0.00017001968999999997 0.3742844 0.25827336 0.45208776 0.5459923000000001
7 0.00016479441999999998 0.5794235 0.34412128 0.6595901999999999 0.44170734
12 0.00016326964 0.19584276 0.3832828 0.27609769 0.45695993
8 0.00015938685 0.047454834 0.21183448 0.31303418 0.9581924999999999
9 0.00015880671 0.45585406 0.37770479999999995 0.5119934 0.42314309999999994
13 0.00015837095 0.22123985 0.37834406 0.2856304 0.43867075
10 0.00015673015 0.522274 0.36737773 0.61663306 0.41824707
4 0.00015671838 0.19278320000000002 0.39026459999999996 0.25207996 0.44804886
5 0.00015488851999999998 0.46317852 0.39301863 0.62750363 0.5054012
12 0.00015466323 0.03228671 0.88215643 0.24557555 0.97545034
11 0.00015440483 0.31016859999999996 0.32503740000000003 0.42824784 0.50609463
10 0.00015372953000000001 0.22442442 0.35622033 0.27507454 0.47807932
3 0.00015341451000000001 0.26996440000000005 0.36920518 0.32036006 0.42048287
7 0.00015270928 0.034811042 0.8980146000000001 0.22296202 0.9995539000000001
10 0.00014890617 0.6016165 0.33799478 0.6644354 0.42446590000000006
4 0.00014815726999999998 0.6010616999999999 0.32961464 0.67170835 0.4144303
6 0.00014639891999999999 0.19393614 0.39553368 0.28127396 0.48080159999999994
3 0.00014455748999999999 0.26440695 0.3786503 0.3264027 0.4513692
11 0.00014426751 0.33610332 0.31460398 0.4381776 0.47310737
8 0.00014418781 0.57043284 0.17861265 0.81185037 0.66573495
9 0.00014292526 0.5590983 0.3650722 0.64636856 0.42182323
8 0.00014185823999999999 0.022559244 0.783335 0.14518951 0.99746424
12 0.0001395413 0.1983579 0.39369628 0.26110914 0.4417537
9 0.0001342251 0.28383878 0.34839508 0.38254699999999997 0.55283165
5 0.00013214543 0.53185755 0.36897784 0.6657378 0.43417388
10 0.0001320259 0.27519652 0.36491218 0.45414743 0.5240644
7 0.00013109928 0.0 0.9032601 0.17064801 0.9961974
5 0.00012945544 0.25742139999999997 0.37492058 0.49995384 0.4837343
4 0.00012867464 0.27207547 0.32673866 0.45119774 0.46599102
2 0.00012626915 0.5282245 0.30388293 0.7227531 0.44270396
13 0.00012511355 0.43826178 0.3769245 0.49497202 0.42349556
1 0.00012403848999999997 0.48652512 0.32911807 0.6452435999999999 0.41102913
1 0.00012368785 0.20665321 0.4077211 0.27213603 0.45925802
1 0.00011903154500000001 0.47735423 0.3732557 0.6428649000000001 0.47618395
3 0.00011634301000000001 0.5867802 0.35748420000000003 0.67789984 0.43031362
2 0.00011311642 0.50107986 0.33597854 0.71922666 0.463668
13 0.00011114478999999999 0.6946405 0.0 0.9610155999999999 0.48045692
8 0.00011071815 0.22322907 0.5766958999999999 0.6569835999999999 0.9467152
4 0.00010940013000000001 0.45761126 0.36919913 0.5138151 0.42093468
13 0.00010802755 0.21889365 0.4144667 0.4122762 0.5149383
6 0.00010698125 0.26802078 0.35661933 0.46343485 0.5573435999999999
6 0.000106979314 0.0 0.92615867 0.24256814 0.98932225
13 0.00010688041000000001 0.0 0.26498994 0.36515433 0.9958790999999999
13 0.00010658133 0.18389568 0.38185608 0.23974875 0.43245316
3 0.00010649288999999999 0.24096921 0.38571143 0.30350468 0.4455361
10 0.00010425190000000001 0.5549953000000001 0.34655133 0.6479709 0.41906859999999996
2 0.00010244075000000001 0.30382985 0.27351090000000006 0.43492299999999995 0.45132777
12 0.000100375306 0.46688240000000003 0.28733543 0.68452317 0.41778377
3 0.00010016339400000001 0.49927044 0.35064545 0.55113757 0.38587776
3 9.995716399999999e-05 0.4641624 0.38805377 0.5292690999999999 0.43282380000000004
9 9.956295e-05 0.5336793000000001 0.38056022 0.65166014 0.48650292
12 9.884884e-05 0.27991232 0.3184289 0.41439512 0.5151156
10 9.804072e-05 0.20519541 0.38088 0.28672 0.44842386
9 9.766105e-05 0.24067482 0.33161890000000005 0.37117907 0.47494635
8 9.711519000000001e-05 0.38795274 0.30045140000000004 0.6518268 0.85080844
1 9.607091e-05 0.18166149 0.38111308 0.23517591 0.41357797
9 9.556543e-05 0.6013628000000001 0.36443758 0.6800156999999999 0.41583326
8 9.539113999999999e-05 0.012240596000000001 0.8881795 0.09533708 0.9924945
4 9.374248999999999e-05 0.35954484 0.2978848 0.5051576 0.4262401
12 9.330245000000001e-05 0.4749907 0.30954173 0.7117368000000001 0.4459201
2 9.169989e-05 0.21849158 0.3823169 0.2974998 0.4424643
6 8.875835999999999e-05 0.54023933 0.35795759999999993 0.67103434 0.4323366
1 8.756025e-05 0.22443596 0.40818658 0.28881666 0.45244184
8 8.740164e-05 0.11568931 0.1999753 0.5557585 0.7125223
8 8.700603000000002e-05 0.3157115 0.18350364 0.59174734 0.81429005
8 8.539499e-05 0.7647666 0.122853465 0.9224669 0.65917575
10 8.374309000000001e-05 0.20662692 0.37187636 0.26150233 0.47951248
4 8.237826e-05 0.24163076 0.37162948 0.29694793 0.45693746
12 8.0875e-05 0.19826529999999998 0.38971955 0.3011147 0.44272038
10 8.0423786e-05 0.23449546 0.37465596 0.29935825 0.45132920000000004
4 7.96902e-05 0.5516061 0.33892873 0.6652253 0.42394853
8 7.860568e-05 0.5223227 0.19616817 0.7554335999999999 0.7972983
4 7.800716e-05 0.55335224 0.32839534 0.69804025 0.47106025
13 7.764959e-05 0.56512266 0.0 0.9233367 0.7485294
11 7.700508e-05 0.37045062 0.28307584 0.47779799 0.42845333
10 7.68103e-05 0.56130147 0.29049262 0.70301783 0.48752818
11 7.206011999999999e-05 0.59844965 0.26667870000000005 0.73462933 0.46959940000000006
4 7.0366055e-05 0.031030416 0.90150213 0.19590429999999998 0.9916425
3 6.984385000000001e-05 0.08510375 0.46060905 0.38505137 0.9972177
5 6.878825e-05 0.5269633 0.37510645 0.70998424 0.49346167
8 6.856428000000001e-05 0.067054376 0.9263950999999999 0.14654231 0.9767140999999999
3 6.751574e-05 0.7094698 0.18329848 0.9559928 0.786237
10 6.721135999999999e-05 0.33688638 0.27378333 0.45161417 0.4365107
3 6.702329e-05 0.5517849 0.44889462 0.95052123 0.9779165999999999
1 6.490351399999999e-05 0.5198148 0.34699193 0.6859073 0.45459694
10 6.467172e-05 0.30055544 0.32512218 0.41101578 0.5340130999999999
5 6.357326500000001e-05 0.20062292 0.40030998 0.3028493 0.4631722
3 6.316426e-05 0.30590475 0.34582984 0.4436611 0.43544346
6 6.150239000000001e-05 0.45066607 0.3859097 0.7127669 0.49680653
8 6.125129e-05 0.24453089999999997 0.36929125 0.29305652 0.42820796
9 6.0980146e-05 0.5226184 0.3606758 0.6074364000000001 0.42853323
13 6.073194e-05 0.6948065 0.0 0.9546831 0.89252985
3 5.9001653e-05 0.74691695 0.11773679999999999 0.96417946 0.49434882
3 5.8070632999999996e-05 0.24549866 0.35873696 0.41080987 0.47201782
11 5.7068286e-05 0.24598369 0.37333056 0.29786065 0.4551895
8 5.6976478e-05 0.4541550999999999 0.32686220000000005 0.7161944 0.8755957000000001
8 5.68731e-05 0.47614652 0.679689 0.9141597 0.9557945999999999
6 5.6832712e-05 0.2364882 0.3223594 0.45783803 0.5179273
4 5.6187043999999996e-05 0.30595437 0.30727988 0.43370786 0.49038458
3 5.5757489999999995e-05 0.17983696 0.61130804 0.7383206 0.9834669
5 5.3294791999999995e-05 0.18351972 0.3692933 0.38366252 0.47007972
8 5.3130796e-05 0.66450804 0.4252979 0.9279396999999999 0.910882
