3 0.99628323 0.4240941 0.37318575 0.5197074 0.45590478
3 0.9498184000000001 0.010519721000000001 0.40441066 0.116387405 0.48417327
3 0.84059256 0.21112645 0.40295437 0.26075515 0.46097659999999996
3 0.7204609000000001 0.4959133 0.31273913 0.8204851000000001 0.5239969
8 0.6181111 0.021749862000000002 0.9160347 0.19589573 0.99391323
8 0.38006806 0.515352 0.3055859 0.8212459000000001 0.51507205
3 0.35137022 0.02268339 0.39335823 0.12481234 0.46786930000000004
8 0.113902256 0.20587857 0.39299366 0.26712656 0.46376526
8 0.103445515 0.0016875192999999998 0.38678914 0.13214421 0.48598424
3 0.045474872 0.042867996 0.90151805 0.21936715 0.99572116
8 0.02355121 0.012697878999999999 0.3954414 0.09971678 0.48015340000000006
3 0.020383000000000002 0.21991742 0.39997053 0.28036642 0.45337555
3 0.0074238335 0.45111999999999997 0.35997498 0.5223989 0.44395652
3 0.007070616 0.5116688 0.2922856 0.747054 0.4994563
13 0.005886879300000001 0.018611818999999998 0.90754944 0.2226116 0.98728883
8 0.004813856 0.52513134 0.34734714 0.72260714 0.5000371
3 0.004692743 0.061743904 0.39349994 0.1343376 0.44643304
8 0.0042866413 0.43024457 0.36141068 0.5112701 0.44869724
13 0.0036666633000000002 0.19998854 0.42970118 0.2624303 0.46775144
8 0.0031458640000000004 0.0030502826000000003 0.84561974 0.2602721 0.9954011
13 0.0027886073 0.42567563 0.36844740000000004 0.52024955 0.452428
13 0.0025357604 0.021709113999999998 0.4021676 0.14745986 0.53617036
9 0.002428251 0.5421941 0.28166738 0.7746413000000001 0.53211933
9 0.0023408070000000003 0.060340077 0.9108716 0.21568339999999997 0.9882787000000001
13 0.0019589975 0.5629281999999999 0.29943395 0.87724817 0.6020437
11 0.0018216097 0.20725359 0.39838004 0.24940811 0.4498879
13 0.0016723144 0.030118037 0.39920488 0.12275767 0.4719684
11 0.001671679 0.49157602 0.16289563 0.763941 0.5642505
8 0.0016524503 0.45118865 0.24418038 0.8437909 0.8234157
13 0.0016341870999999999 0.025623813 0.42109194 0.13353756 0.48873347
9 0.0015882651999999998 0.49325642 0.29683763 0.7238760000000001 0.5592796
1 0.0015434939999999999 0.19606434 0.41013628 0.25394955 0.4510014
13 0.0015089726000000001 0.01642907 0.40853122 0.08901858 0.502302
11 0.0014625934 0.53922534 0.17901076 0.8303348 0.6222824
1 0.001380906 0.37553495 0.30901092 0.7200807 0.5156612
5 0.0013597746 0.3877663 0.38591220000000004 0.8459781 0.5948849
7 0.0013480207000000001 0.44611204 0.35768140000000004 0.537983 0.44009030000000005
9 0.0013340999 0.02584951 0.40557125 0.15023270000000002 0.5164302
8 0.0013121434 0.02388259 0.43804449999999995 0.16374898 0.94085515
7 0.0012764903999999998 0.19915845 0.38941783 0.28776333 0.46383673
12 0.0012761628999999998 0.44933328 0.35567626 0.5455373 0.42780772
2 0.0012600793 0.014260813999999998 0.35329932 0.18480113 0.50445443
13 0.0012326591000000001 0.19821283 0.41122428 0.26010856 0.45902613
9 0.0012204092 0.58047175 0.29804054 0.86876094 0.54087573
9 0.0011551057 0.20120242 0.40079403 0.26453355 0.44738770000000005
5 0.0011538264 0.18058756 0.43016544 0.26001787 0.48057655
13 0.0011443169000000001 0.5084916 0.32365012 0.7122571 0.47936899999999993
7 0.0011272246 0.18106675 0.42307029999999995 0.26243693 0.48205059999999994
9 0.0011109136999999999 0.028260406000000002 0.3979588 0.12372558 0.45207579999999997
13 0.0011052693 0.20312585 0.40228218 0.27543804 0.4620617
7 0.001091032 0.37275234 0.25276765 0.85404694 0.6664191999999999
5 0.0010811465 0.17808422 0.41243234 0.27406484 0.45040682
11 0.0010716665 0.21078000000000002 0.41106224 0.26243335 0.48580155
8 0.0010434563 0.06168653 0.41265485 0.2716422 0.93611056
8 0.0010286351 0.097962454 0.37522703 0.3279962 0.86675227
11 0.0010276325 0.04167828 0.39612886 0.09097580599999999 0.45316193
2 0.0010006372999999999 0.20946853 0.39469644 0.27127504 0.43667766
11 0.0009658939699999999 0.04069061 0.32849026 0.16237304 0.5298118
13 0.0009468462699999999 0.41087556 0.37025446 0.49359643 0.44868127
1 0.0009349211 0.44647790000000004 0.37570795 0.5166929 0.43213326
13 0.0009339432000000001 0.49064362 0.34298488 0.79248655 0.5873681
1 0.0009087098300000001 0.50433165 0.29758933 0.8195695 0.5178622
1 0.0008980683 0.20903306 0.41023540000000003 0.26755816 0.45487943
13 0.0008901984 0.42793328 0.37370655 0.49293370000000003 0.48427466
2 0.0008791809 0.015059508000000001 0.89068764 0.22486812 0.99835664
8 0.00086982694 0.44974267 0.28740805 0.7467760999999999 0.55516815
9 0.0008632456 0.20960082 0.39837998 0.28744159999999996 0.44984227
8 0.00085610023 0.24696970000000001 0.39233646 0.30284286 0.4437729
7 0.0008474532499999999 0.0 0.37342587 0.16673738 0.557312
12 0.0008457175999999999 0.4437539000000001 0.22570321 0.91050416 0.49930802
11 0.0008290552 0.22153015 0.39626488 0.2708313 0.45298737
11 0.0008105101 0.22475079 0.40641120000000003 0.28313622 0.48843549999999997
5 0.0008046369 0.0 0.42614368 0.14480323 0.5324894
12 0.0007938063000000001 0.035002988 0.39429975 0.12653810000000001 0.4583571
7 0.0007890730599999999 0.024628743999999998 0.38762677 0.10673335 0.46468377
5 0.00078604807 0.0096376985 0.41791067 0.086027645 0.50865644
5 0.0007857480000000001 0.0 0.40941259999999996 0.1295428 0.456966
11 0.00078218576 0.03162705 0.36820826 0.07512813 0.5132019
1 0.000767717 0.0 0.4081683 0.1331924 0.51574516
10 0.0007380725 0.02803436 0.38789433 0.10592651 0.44224465
2 0.0007120689 0.22040771 0.39060890000000004 0.28751674 0.43969503
8 0.0007021185 0.4146799 0.37581268 0.48341617 0.45209754
6 0.00069456577 0.017182644 0.38735408 0.12932321 0.45735165
9 0.000692444 0.4517852 0.36733190000000004 0.5442932 0.4240376
13 0.00068598735 0.4346655 0.3939792 0.54022294 0.46619612
12 0.0006852545 0.1980669 0.39506122 0.27278292 0.44687077
4 0.0006796349 0.22512239 0.39229012 0.28548133 0.45605123
6 0.0006731641 0.1934404 0.42798334 0.27175534 0.4752576
13 0.0006723082000000001 0.035071377 0.41185066 0.11324282 0.50513613
1 0.0006696949000000001 0.02022196 0.40749958 0.10244575 0.4618053
8 0.0006642304400000001 0.056373473 0.3906048 0.12042387 0.45256886
4 0.00066412333 0.22349454 0.41154793 0.28296047 0.48398578
1 0.0006559832 0.4269407 0.3448375 0.7668438 0.57005316
4 0.0006504215 0.20834239 0.41590005 0.26407477 0.47778887
2 0.0006494062999999999 0.04245656 0.38566172 0.11977861 0.44606809999999997
12 0.0006463177 0.55905104 0.32677478 0.7433672 0.47957970000000005
10 0.0006379729 0.44455429999999996 0.3535165 0.52087647 0.42031977
13 0.0006328896 0.44720384 0.37016454 0.5144373999999999 0.4715294
2 0.000624076 0.21028392 0.4190662 0.2919074 0.4652531
4 0.00060730596 0.2094015 0.39671540000000005 0.2654324 0.45063823
13 0.00059898506 0.21614137 0.39464328 0.28986725 0.45931602
8 0.0005960401 0.39082888 0.32971540000000005 0.534212 0.48619962
3 0.00059517805 0.73599285 0.36525846 0.8152365 0.42160758
5 0.00058800227 0.34673882 0.41235054 0.7069565999999999 0.64648724
4 0.0005682558999999999 0.032521795 0.38516593 0.12023027 0.45359474
9 0.00056512264 0.20795886 0.42236492 0.2689953 0.4683085999999999
4 0.0005643145 0.07026589 0.8977596 0.21715212 0.9928394
6 0.00055936683 0.19161156 0.39568922 0.27244276 0.4514947
11 0.0005533982 0.058158576 0.40164027 0.12018071 0.48846266
11 0.0005440365 0.08237584 0.8964813 0.17728557 1.0
1 0.00052028 0.0 0.39198995 0.12291400000000001 0.48400027
1 0.0005163990000000001 0.036349513 0.43397376 0.12625194 0.4839952
11 0.0005095933 0.017280396 0.4047342 0.089787886 0.49277958
1 0.00050852593 0.49221980000000004 0.39324188 0.80328965 0.61038464
13 0.0005083501999999999 0.47513375 0.41299045 0.7886729 0.6241726
5 0.0005060228 0.48971128 0.374083 0.9310917999999999 0.6083293000000001
10 0.00050199573 0.20501082 0.41981953 0.27071434 0.47701713
8 0.0005005307599999999 0.4363351 0.32805747 0.5784011 0.4924263
5 0.00049413973 0.0 0.42732677 0.12347905 0.4843704000000001
6 0.0004902268 0.43212846 0.36313918 0.5398781 0.43435562
11 0.00048364421999999997 0.6287953000000001 0.15979916 0.90935284 0.55619085
10 0.00047830400000000003 0.07073619 0.88187164 0.22251314 0.9884828999999999
12 0.0004775272 0.4361834 0.3604893 0.51312584 0.42469704
4 0.00046431232000000006 0.049130414000000004 0.39248526 0.13971633 0.48815159999999996
4 0.00046321949999999997 0.66655076 0.27631822 0.9580715 0.5836785
12 0.0004603859 0.4416569 0.35341683 0.50601405 0.45239750000000006
2 0.0004500159 0.45902368 0.35381463 0.54038805 0.41789114
10 0.00044821225999999996 0.2062565 0.39246508 0.27776235 0.44438604
7 0.0004433113 0.02324434 0.39847368 0.12772565 0.49772355
4 0.00044295925 0.045107797000000005 0.3912889 0.17501370000000002 0.53085166
4 0.00044267117999999994 0.4568526 0.3501703 0.53756434 0.42338794
11 0.00044032639999999997 0.4352225 0.3449107 0.4812076 0.47939909
11 0.0004369018 0.46714179999999994 0.36089888 0.5137634 0.42536643
5 0.00043352725 0.30901766 0.36775258 0.7274822 0.5972038000000001
9 0.00042887137000000003 0.56814575 0.3561991 0.84731805 0.5813142
10 0.00042756667 0.21952981 0.4137991 0.28677684 0.47528812
8 0.00042539468 0.40871578 0.22662495 0.6932668000000001 0.8305431999999999
7 0.00042393908 0.42226344 0.36088076 0.49548173 0.43341258
4 0.0004148008 0.569695 0.29927868 0.87829137 0.60746664
1 0.00041465866 0.0 0.930675 0.20275085 0.99632096
9 0.00041133440000000004 0.04925948 0.41477796 0.14317039 0.47230932
3 0.00040797482000000005 0.7200896999999999 0.36833128 0.8294623 0.4748521
1 0.0004026866 0.41857362 0.37787506 0.48354578 0.42524987
6 0.00040243589999999996 0.41911040000000005 0.36687759999999997 0.51164174 0.42730730000000006
1 0.00039480589999999995 0.5222842000000001 0.34883484 0.67824775 0.47574279999999997
1 0.00038361968 0.3476295 0.3880787 0.69096893 0.5954628000000001
5 0.00038097300000000005 0.023689676 0.42584917 0.10374324 0.5165193
11 0.00037436333 0.06307897 0.3844241 0.111726 0.4529318
3 0.00037067904 0.41287342 0.35521020000000003 0.5326613 0.4659509
1 0.00036273897000000006 0.008417189 0.42975748 0.072800234 0.50145495
7 0.00035825433 0.02885411 0.89325386 0.20239767 0.9945469000000001
1 0.00035359667 0.19462238 0.43068203 0.25536466 0.4715555
2 0.00034915176 0.5118612 0.23750366 0.90736806 0.51943755
10 0.0003433392 0.19397515 0.39771625 0.25985742 0.44172028
11 0.00034157873999999996 0.43968436 0.37057114 0.47868434 0.42453235
10 0.00034044342000000006 0.048654712999999995 0.40096027 0.13091877 0.4703526
12 0.00033933937000000006 0.0 0.36462975 0.18962751 0.49514675
13 0.0003360534 0.41316090000000005 0.4003231 0.48772445 0.45775738
5 0.00033369102 0.41141984 0.38381550000000003 0.49208477 0.47359675
5 0.00032888466 0.0 0.93550515 0.21504024 1.0
10 0.00032289285 0.052655067 0.37972403 0.12337461 0.44541720000000007
13 0.0003195441 0.5744633000000001 0.36667234 0.79016775 0.5008775
5 0.00031792064 0.48870075 0.35348988 0.7189988 0.50482816
12 0.00031575075 0.040246274 0.38240325 0.10336919 0.4756303
11 0.0003133126 0.049112800000000005 0.36756027 0.08844945 0.5140755
4 0.00030865057 0.53244895 0.28100625 0.83009464 0.54869044
9 0.00030688777999999996 0.040838186 0.38606653 0.09784263 0.47093785
10 0.00030089056 0.4207746 0.36452670000000004 0.4938874 0.41231605
5 0.00029987952 0.008987181 0.42796686 0.15873808 0.493342
8 0.00029896034 0.16273484 0.4102509 0.40861306 0.92026764
10 0.0002985411 0.053825042999999996 0.36108884 0.09702472 0.46327470000000004
8 0.0002976953 0.05961445 0.5717078 0.35645494 0.9473613999999999
9 0.0002912145 0.060221743 0.38588464 0.115557075 0.46460509999999994
10 0.00028380349999999996 0.5433676 0.3315406 0.6915666 0.46600646
3 0.00027770945 0.45180112 0.33881906 0.5915826999999999 0.48514482
11 0.00026972644 0.56799865 0.31166533 0.70435 0.48253409999999997
10 0.00026868086 0.63196576 0.12592548 0.9131290000000001 0.56714433
6 0.00026512294 0.017796151 0.41360113 0.15643623 0.48552355
13 0.00026435804 0.45563919999999997 0.38640168 0.52794254 0.48184595
11 0.0002638125 0.4580914000000001 0.33171672 0.49871776 0.43706629999999996
7 0.0002634639 0.20945770000000002 0.32296693 0.82275647 0.71563923
2 0.00026030323 0.028123079 0.38698682 0.08801942 0.4745225
9 0.00026015407999999997 0.46562678 0.3561792 0.5206079 0.44080073
2 0.00025668726 0.44158894 0.3594571 0.50941825 0.40749738
7 0.0002563575 0.0 0.40094759999999996 0.09828921 0.4965714
12 0.00025265804 0.051326487000000004 0.4199745 0.14388567 0.47942403
10 0.00024980688 0.48360336 0.18073703 0.8030108 0.538643
4 0.00024680467 0.6140813 0.24838816 0.9204472 0.5242437
1 0.00024522102000000003 0.043818288 0.42298394 0.10940737 0.49480322
11 0.00024503047000000005 0.05211612 0.3606361 0.09162045 0.4684647
8 0.0002442071 0.57201064 0.34827322 0.7790563 0.52407014
3 0.0002433377 0.47838855 0.31519020000000003 0.63065886 0.4608473
9 0.00024083640999999998 0.015811846 0.41733515 0.10633391 0.4774807
9 0.00024076740000000002 0.49509388 0.38064072 0.7134785 0.6088193000000001
9 0.00023098142000000003 0.44729465 0.36239356 0.5013215999999999 0.44751042
5 0.00022682947999999996 0.42103598 0.37123436 0.53731275 0.42986336
2 0.00022660043999999998 0.034420002000000005 0.40478593 0.12583189 0.47479877
9 0.00022619324 0.42998859999999994 0.36818257 0.5006362 0.42743546
1 0.00022497062999999999 0.41684172 0.39927903 0.47534874 0.46880022
13 0.00022299979999999999 0.489741 0.31441128 0.65427107 0.51840776
3 0.00022187863999999997 0.25412318 0.39891085 0.31191775 0.44095959999999995
12 0.00022016677000000003 0.020315059 0.90808225 0.23746103 0.98464143
7 0.00021955905 0.011284515 0.38837162 0.08302124599999999 0.5184905
7 0.00021882144000000001 0.45048958 0.33865490000000004 0.51551855 0.47311488
13 0.00021790012999999998 0.41980267 0.36726028 0.60289156 0.51069117
5 0.00021677142999999995 0.40187013 0.37842196 0.5025506 0.42170176
9 0.00021568107999999996 0.020758452 0.41273832 0.076882675 0.4994484
7 0.00021317799999999998 0.43410859999999996 0.37122685 0.53964865 0.47726595
12 0.00021179645 0.027574666 0.40046132 0.09843827 0.49489322
8 0.00021118845 0.043472733 0.39381750000000004 0.12130138 0.48024204
9 0.00020411937 0.061284337 0.407139 0.11706105 0.48631105
10 0.00020361544999999997 0.033170097 0.39821905 0.08543384 0.4900884
10 0.00019624482 0.54303133 0.30239713 0.6753762 0.43472308
2 0.0001954232 0.43244618 0.30754465 0.8844778 0.5785154
9 0.00019319187 0.04191841 0.41037902 0.09661099 0.49133217
1 0.00019305703999999998 0.025111485 0.43182164 0.09074421 0.50200915
11 0.00019227111 0.47606087 0.33031740000000004 0.5136107 0.43352827
3 0.00018914133000000002 0.5007984000000001 0.33108404 0.682632 0.49550354
11 0.00018679150000000002 0.5724385999999999 0.28900367 0.69010544 0.4360278
1 0.00018517622 0.04168546 0.39842948 0.1090568 0.46833974
1 0.0001849045 0.00029764324 0.43690404 0.09426158 0.48589823
7 0.00018057453000000002 0.03856121 0.3818698 0.108946145 0.5230178
13 0.00017983063000000002 0.6170653 0.34535968 0.8058281999999999 0.48580006
8 0.00017920295 0.22426945 0.40139717 0.2762624 0.46505365
7 0.00017855347 0.4338043 0.3425908 0.49992946 0.47113883
10 0.00017751793000000003 0.07080546 0.35302702 0.10985108 0.46383008
10 0.00017310772 0.020892613 0.42914534 0.08358948 0.47239295
1 0.00017264685 0.43571907 0.37181196 0.49591327 0.44876754
12 0.00017169849999999998 0.21261507 0.4148693 0.29534012 0.46518707
10 0.0001705427 0.46660045 0.32563263 0.5133152 0.44113922
3 0.0001665017 0.60273373 0.32595384 0.8291148000000002 0.5071469
1 0.00016632107 0.45726284 0.39947522 0.51294476 0.47859898
11 0.00016556143 0.45422587 0.33962184 0.49545208 0.4835266
10 0.00016092368 0.04881291 0.37999588 0.10087733 0.48666049999999994
10 0.00015875018 0.06690365 0.36642359999999996 0.11440891 0.49236113
6 0.00015870325 0.0042646825 0.9199286 0.25515574 0.9928559000000001
12 0.00015133854 0.052869093 0.40945905 0.11595443 0.4946178
12 0.00015046046 0.45931476 0.37604773 0.51897347 0.46680954
6 0.00014667779 0.49007508 0.35873467 0.76038647 0.48901203
4 0.00014360004999999998 0.056305993 0.37194857 0.11472541 0.49243832
4 0.00014149188 0.011692271 0.40397584 0.114761025 0.48647258
12 0.00014076011 0.4290241 0.30352992 0.93418753 0.53833354
13 0.00013965761 0.39173138 0.38352814 0.54556024 0.5065197
12 0.00013915719 0.6470884 0.37442145 0.8026229 0.5049951
13 0.0001389692 0.4347629 0.33079296 0.62898797 0.47825658
10 0.00013774693 0.45092583 0.33737203 0.49941778 0.44228098
5 0.00013760362 0.42925698 0.39041970000000004 0.5063367999999999 0.48540020000000006
8 0.00013621175 0.03523866 0.19980820000000002 0.22947007 0.8070243
6 0.00013052046 0.0 0.39888626 0.19268444 0.5202025
7 0.00012986853999999998 0.41373563 0.35590953 0.49172652 0.49622732
7 0.00012977183 0.027566347 0.36948666 0.093368694 0.50162464
5 0.00012788993 0.53289044 0.42098296 0.9171604 0.675761
1 0.00012422791999999998 0.45498493 0.34734990000000004 0.624872 0.4559701
11 0.00012401825 0.47358940000000005 0.34167990000000004 0.51224625 0.47884732
6 0.00012362712 0.003915403 0.4141411 0.10940291 0.50041837
8 0.00012260902 0.47228035 0.3200697 0.60296726 0.47281626
6 0.000120427976 0.411688 0.38262105 0.51079035 0.47036734
11 0.00011805457 0.46622127 0.37255812 0.52555674 0.46159658
8 0.00011654191999999999 0.2537942 0.18663083 0.5901485 0.81531614
9 0.00011648928999999998 0.43947038 0.21909161 0.6938708 0.53609484
1 0.00011563732 0.6171795 0.36566 0.8029609000000001 0.5004451
10 0.00011535288000000001 0.23620865 0.3846417 0.29499580000000003 0.44335246
3 0.00011517778999999999 0.036064856 0.86440974 0.28311959999999997 0.98981994
8 0.000114630486 0.08914833 0.92723864 0.16243698 0.98141915
4 0.00011452544 0.45907542 0.3442044 0.51931155 0.46501175
8 0.00011336761999999999 0.7417581999999999 0.24188294 0.9345882 0.90466917
1 0.00011223243999999998 0.22577101 0.4077671 0.28661388 0.45130370000000003
5 0.000111261026 0.4261416 0.37436423 0.5074699 0.45952618
2 0.00010964552 0.5776649 0.26641357 0.9498529 0.5990004
11 0.0001096243 0.069715604 0.37119618 0.10741679 0.50008315
2 0.0001094203 0.051267855 0.3816817 0.104073696 0.49494672
8 0.00010787354 0.33262290000000005 0.38549802 0.6357834 0.8702084000000001
10 0.00010641093999999999 0.052612862999999996 0.34005198 0.17449269 0.5362342
13 0.00010529178999999998 0.06135078 0.40047395 0.1319223 0.46329182
2 0.00010419404 0.011975523 0.4093648 0.10821006 0.46537575
11 0.00010402969000000001 0.44488004 0.378184 0.50964373 0.45939650000000004
10 0.00010365903000000001 0.0045420415999999995 0.41546473 0.101610884 0.4732595
4 0.00010200911 0.43276644 0.3567724 0.50204045 0.42090059999999996
7 0.00010178451 0.522694 0.34530175 0.69303715 0.50705504
8 0.00010118395000000001 0.021865837000000003 0.2370716 0.17531136 0.8675815999999998
12 9.9239805e-05 0.45568374 0.38489205 0.5434875 0.4532415
3 9.86627e-05 0.42355950000000003 0.36507055 0.48599833 0.41903773
6 9.829351999999998e-05 0.39371609999999996 0.3101199 0.89326274 0.60657394
4 9.6635e-05 0.5378527 0.33641896 0.7206324000000001 0.5006721
12 9.639188e-05 0.22197759 0.39792836 0.2976027 0.44787997
4 9.324237e-05 0.45039985 0.3627357 0.5463714 0.45793954
9 9.255369500000001e-05 0.46692997 0.37912807 0.5206991 0.46190852
4 9.205059000000002e-05 0.03620912 0.38476652 0.105159745 0.4977719
1 9.08524e-05 0.43842570000000003 0.40159968 0.49497250000000004 0.48025668
6 8.979716999999999e-05 0.20369504 0.40042305 0.31899172 0.44909912
5 8.972540000000001e-05 0.040258433999999996 0.41238612 0.11939031 0.49436325
9 8.6092936e-05 0.50949645 0.3263211 0.6910571999999999 0.46862185
6 8.507294e-05 0.33297154 0.39169052 0.85036457 0.6303692
8 8.454431999999999e-05 0.48481208 0.6879408 0.9164743000000001 0.95521075
9 8.320177600000001e-05 0.45560485 0.38339123 0.54366827 0.44787055
12 8.3199935e-05 0.4382104 0.36984193 0.49702904 0.4717813
5 8.149183000000001e-05 0.0016187727 0.42933109999999997 0.093943015 0.48115197
12 7.958531e-05 0.021276336 0.41457847 0.12282850000000001 0.47719476
6 7.847191e-05 0.42788506 0.38692775 0.5531865 0.46258762
1 7.784151e-05 0.46743473 0.37475377 0.5343111 0.43148869999999995
