3 0.5940688000000001 0.7067489 0.40155235 0.9085511000000001 0.49060008
3 0.06537983 0.67353535 0.8074554 0.7141135000000001 0.8400747
8 0.055374768 0.68403894 0.38511482 0.94052225 0.48295578
8 0.04460094 0.47654876 0.37242 0.7596510000000001 0.48287797
3 0.0320098 0.5209539000000001 0.38981888 0.72560287 0.46574909999999997
8 0.024800086000000002 0.54019064 0.38971075 0.708725 0.46216935
8 0.017841253 0.6717231 0.80330825 0.7248386 0.84309834
3 0.0075312684999999996 0.5857538 0.39653394 0.7167905999999999 0.45943190000000006
13 0.0065748230000000005 0.66836697 0.8116814 0.7231553000000001 0.85074633
3 0.0058708615 0.7391519 0.3880618 0.9731436 0.49243596
3 0.0052618776 0.56577754 0.39782643 0.6715564 0.45457613
8 0.004515285999999999 0.5849793000000001 0.37984120000000005 0.7151465 0.46989375
3 0.0019447160999999998 0.7662482 0.39084592 0.9061319 0.4842973
8 0.0017277003 0.53957534 0.3897663 0.6345531 0.46949490000000005
2 0.0016780401 0.66817826 0.8094445 0.75202763 0.84221023
13 0.0015305819 0.70887166 0.39996502 0.90536827 0.53300506
13 0.0010131951 0.725188 0.37177724 0.9418310999999999 0.5150398
3 0.0009823401 0.5475346999999999 0.39901567 0.63893074 0.46381152
8 0.0006297277 0.49226132 0.464945 0.8693196 0.9061698
3 0.0005720136699999999 0.5940631 0.38573495 0.6807099 0.41874173
13 0.0005418593 0.53610444 0.38695252 0.70909715 0.51255476
7 0.00044829470000000004 0.6430710999999999 0.8032291 0.7453996999999999 0.8556511
3 0.00043511257000000003 0.42055345 0.32311314 0.8384504999999999 0.9754074
8 0.00043206452000000005 0.058934394 0.093903504 0.41009372 0.87033564
8 0.00038405047999999996 0.4066539 0.32808109999999996 0.8043394 0.88460016
8 0.00036632205999999996 0.03560288 0.37060893 0.34695166 0.92981243
8 0.00033613708 0.3768969 0.1756667 0.7419878000000001 0.80546325
1 0.00029310732000000005 0.6677797 0.8141923000000001 0.71653616 0.8491957
2 0.00027975137 0.7332071 0.36581802 0.94263464 0.49958379999999997
3 0.00026144966 0.057792958 0.15484823 0.5231534999999999 0.9362406999999999
8 0.00025505062999999997 0.6866354 0.80567074 0.7503285 0.8450528
8 0.00024323257000000002 0.5898831999999999 0.19529752 0.8769861999999999 0.84686136
13 0.0002419778 0.55773485 0.4026818 0.6830387 0.45322114
8 0.00023891061 0.42175725 0.7158908 0.9275817 0.9407646000000001
3 0.00023324303 0.5406295 0.40940073 0.61822844 0.45102257
7 0.00023057182 0.6447651 0.3756972 0.9503806999999999 0.55557317
1 0.00022756968999999998 0.6759494 0.42438212 0.8805736999999999 0.5173187
11 0.00022265342999999997 0.68479526 0.8055760999999999 0.72358084 0.84726685
13 0.00021517002000000002 0.55792916 0.39438418 0.651325 0.4720039000000001
8 0.00021280772000000002 0.19757989 0.4452126 0.57228106 0.8895158000000001
13 0.00021263187 0.3555678 0.08380900000000001 0.810279 1.0
8 0.00021229957999999998 0.33278042 0.44371045 0.7196645 0.88312817
8 0.00020997544999999999 0.018390022 0.7189893 0.38428959999999995 0.95328635
8 0.00020432025000000003 0.01854061 0.16471662 0.29490978 0.91689223
6 0.00019563366 0.6611113000000001 0.8106770000000001 0.73669827 0.8503896999999999
5 0.00019427856 0.6679308 0.42524526 0.9191908000000001 0.5312187
5 0.00019325913 0.6978042 0.4126106 0.95810896 0.50538695
13 0.00019199691999999998 0.543926 0.36143914 0.7407654 0.4926112
11 0.00018958317 0.7906598000000001 0.34629598 0.9053556 0.50673926
13 0.00018159278000000003 0.4755318 0.28638524 0.9284104 0.97633505
8 0.00018046949000000002 0.5146132000000001 0.11892113 0.8506013000000001 0.6723401999999999
3 0.00017950122 0.20672874 0.46857128 0.69456035 0.9774265999999999
3 0.00017545668000000002 0.5513903 0.39680383 0.7727341 0.49156862
10 0.0001739734 0.6091477 0.40293935 0.69019455 0.44651359999999995
8 0.00017215365 0.097243175 0.25899124 0.72189677 0.72110116
13 0.00017081133000000002 0.06092118 0.19506983 0.49302027 1.0
13 0.00016989715000000001 0.59311086 0.40399948 0.7149769 0.45739642
3 0.00016511808000000002 0.14018887 0.23940662 0.6187309 1.0
5 0.00014631888 0.48335725 0.4151519 0.72346675 0.50611764
1 0.00014547209999999999 0.47715935 0.38583827 0.6868385 0.47942054
8 0.00013900176 0.52578336 0.4059096 0.60572517 0.4546481
8 0.00013833889999999998 0.12642036 0.4310617 0.47352690000000003 0.90162396
1 0.0001382493 0.67855686 0.395202 0.90073854 0.48487836
8 0.00013647071 0.21324047 0.19713631 0.5790023 0.8643605999999999
11 0.00013597825 0.76825094 0.36345527 0.89689386 0.54296833
3 0.00013527008 0.010836769 0.43559074 0.40309659999999997 1.0
8 0.00013321608999999999 0.59757525 0.37411115 0.8376773000000001 0.4977601
13 0.00013208421 0.60738707 0.3895427 0.69924474 0.47215053
8 0.00012920373 0.7691919 0.39304435 0.8820681 0.47318763
10 0.00012893787 0.7952551 0.34135023 0.9779734 0.50609297
10 0.00012792106000000003 0.6449199000000001 0.397514 0.72558016 0.45103955
10 0.00012728712999999998 0.58891374 0.40795973 0.6682996999999999 0.44777355
5 0.00012570433 0.6582119000000001 0.8198969000000002 0.72094476 0.8514863000000001
3 0.00012425783 0.51884544 0.4126357 0.59524393 0.45046958
12 0.00012360919 0.69674736 0.36123738 0.97607684 0.47919118
3 0.0001225089 0.44914597 0.7254401 0.9683523 0.999985
13 0.00012033208 0.48454309 0.415109 0.66765654 0.5187053
8 0.00011606508999999999 0.58101803 0.38516423 0.6699786 0.42513599999999996
8 0.000114644405 0.038983803 0.08160456 0.35134143 0.57499653
3 0.000114571245 0.89841413 0.40545186 0.9916765999999999 0.46254140000000005
13 0.00011439938999999999 0.18080145 0.33090976 0.6531008 1.0
9 0.00011399239 0.5746643 0.39985788 0.74392384 0.4984812
13 0.000112235306 0.5193867 0.0 0.9452644 0.7487807
8 0.000111010275 0.2742127 0.14651229999999998 0.63098633 0.7636155
6 0.000107864726 0.6497651 0.41979048 1.0 0.53491753
2 0.00010350985 0.79148847 0.34439674 0.9973091000000001 0.5137166
8 0.00010251417 0.03119727 0.42811066 0.21290037 0.9524518
8 0.00010181719999999999 0.50765455 0.41204277 0.5835414000000001 0.45201564
13 0.00010171795 0.0 0.25913012 0.3573428 1.0
11 0.00010145271000000001 0.59823716 0.31735426 0.73878986 0.5186504
13 0.000100420744 0.014309924 0.0 0.43910006 1.0
8 9.896719000000002e-05 0.5641956 0.33787015 0.9138371 0.930056
9 9.769856e-05 0.7923964 0.39373764 0.96168584 0.50338894
4 9.679601500000001e-05 0.6808125 0.81212866 0.74124295 0.8463345999999999
2 9.649493e-05 0.5571248000000001 0.34591293 0.78058773 0.47832805
13 9.345208e-05 0.32133147 0.10243602 0.9117008 0.80208945
3 8.851190999999999e-05 0.0 0.7341930999999999 0.4929362 0.9807315999999999
9 8.815991e-05 0.6833638000000001 0.8133812 0.7437145000000001 0.85189706
1 8.507617000000001e-05 0.42568326 0.38076684 0.6484746 0.46734646
8 8.473923e-05 0.010408399 0.56253564 0.3652074 0.9641519000000001
8 8.149585e-05 0.4019219 0.3314945 0.8578683000000001 0.55112046
3 8.0943406e-05 0.6844716 0.8117861 0.7515015 0.8438659
4 7.57652e-05 0.77188355 0.36331296 0.9710953000000001 0.49675329999999995
13 7.559695e-05 0.7632533 0.36600345 0.99538285 0.5037116
7 7.4271615e-05 0.48078245 0.35523185 0.7598636 0.5353941999999999
9 7.2730065e-05 0.76955956 0.42342470000000004 0.94706213 0.52690554
9 7.265315e-05 0.5946956 0.37010086 0.7699843000000001 0.4791567
3 7.1819515e-05 0.053517907999999996 0.15358287 0.42360264 0.6277857
1 7.162047e-05 0.49648052 0.41219556 0.7033 0.51164836
3 6.989336500000001e-05 0.17563666 0.25426745 0.8787901 0.7296003000000001
3 6.967154e-05 0.291272 0.19436651 0.7444218 0.82559854
3 6.560705e-05 0.02552101 0.38730136 0.28185597 1.0
10 6.361117e-05 0.61337614 0.33474 0.77550405 0.50952965
13 6.246791e-05 0.46356428 0.0 0.9478779 0.3017867
8 6.2333784e-05 0.42300367 0.116827875 0.7871272 0.6018974
11 6.173294e-05 0.5506544 0.31975013 0.694142 0.51869684
3 6.16143e-05 0.562573 0.3704071 0.73074776 0.4866795
1 6.049e-05 0.73082167 0.4243821 0.9377847 0.51518685
4 6.0471032999999994e-05 0.7374016 0.39505830000000003 0.9477501 0.52694905
8 5.9262216e-05 0.48432020000000003 0.04817178 0.8112129 0.28973424
3 5.920153e-05 0.61549574 0.27214321 0.9338617 0.9189361999999999
3 5.8618283e-05 0.76492995 0.42396224 0.8955333000000001 0.48862967
1 5.7796868e-05 0.55740666 0.41144526 0.66462797 0.45891073
10 5.6737596999999995e-05 0.8498608 0.32897493 1.0 0.5063446
13 5.5953093e-05 0.26713765 0.015166728 0.7119659 0.9379815999999999
11 5.5256450000000005e-05 0.8433209 0.33333206 0.9580126 0.5145159
9 5.5138666e-05 0.53072494 0.40175653 0.7030177 0.49932832
3 5.3100100000000003e-05 0.53232104 0.19692302 0.92201227 0.7486894000000001
6 5.3095304e-05 0.5693687 0.40148708 0.7500643 0.4602669
13 5.1909537e-05 0.5442625 0.40462297 0.6173113 0.47660285
11 5.0611329999999996e-05 0.60670394 0.3894424 0.67829186 0.4703742
8 5.060816e-05 0.5571968 0.41753384 0.654356 0.47121537
1 4.998075e-05 0.49768752 0.35640052 0.71703565 0.44521073
8 4.9684244e-05 0.021862213999999998 0.688905 0.22754604 0.9426858
12 4.8258302000000004e-05 0.49371246 0.3620886 0.7862766 0.47365555
13 4.6417415e-05 0.0 0.0 0.35660714 0.6435427
8 4.61791e-05 0.58603054 0.37232628 0.6539649000000001 0.47703270000000003
6 4.504584e-05 0.6696328 0.384589 1.0 0.50355417
13 4.470584e-05 0.005824685600000001 0.66122025 0.43157828 1.0
8 4.469849e-05 0.026981072999999998 0.07384036 0.24138066 0.65236765
12 4.3786086999999995e-05 0.60053253 0.40148540000000005 0.7077201999999999 0.46009582
7 4.3527412000000006e-05 0.72725904 0.35674646 0.9835436 0.5305446
4 4.2028263e-05 0.56688625 0.37385535 0.7564919 0.5018468
8 4.1708423000000005e-05 0.8988103999999999 0.40417182 0.9679243000000001 0.45566309999999993
10 4.1706047e-05 0.5932658000000001 0.3967527 0.6518085 0.45696099999999995
12 4.1469300000000006e-05 0.66317254 0.801298 0.75430727 0.83595693
8 4.0806757e-05 0.7095541 0.21058251 0.92136925 0.8545981
3 3.9543338e-05 0.03956061 0.17350143 0.36130187 0.7907923000000001
10 3.9296392000000004e-05 0.65900505 0.38302818 0.70962715 0.45487407
5 3.9048506999999996e-05 0.5425565 0.41291000000000005 0.7010621 0.4528196
5 3.8610746e-05 0.03388137 0.21009070000000002 0.44012920000000005 0.9287089
11 3.8283054999999996e-05 0.5882624 0.39502275 0.65588385 0.46923926
7 3.8039492e-05 0.41844209999999993 0.35416709999999996 1.0 1.0
8 3.7733473e-05 0.3186217 0.3481363 0.7235397 0.5653823
6 3.76603e-05 0.45782749999999994 0.4195793 0.8080531999999999 0.52334106
12 3.7462065e-05 0.5099475 0.32570717 0.78606725 0.44953465
9 3.6732774e-05 0.5851098000000001 0.40421495 0.69057775 0.45890987
8 3.666003e-05 0.5304554 0.3439618 0.73818815 0.4902838
9 3.4680295e-05 0.44520459999999995 0.11382833 0.86085993 1.0
11 3.4476245e-05 0.6238528 0.38780990000000004 0.70039046 0.46997255
8 3.4448470000000005e-05 0.6404236 0.12681906 0.90291786 0.6468045
3 3.4229935e-05 0.6391781 0.39287459999999996 0.7365431 0.47154406
9 3.421733e-05 0.6064391 0.11481476 1.0 1.0
5 3.406368e-05 0.5462465 0.4121602 0.6479944000000001 0.47011074
11 3.3932785e-05 0.59005064 0.36231735 0.64194965 0.49141067
3 3.3787153e-05 0.6178772 0.39332667 0.89045876 0.50361305
12 3.3232354e-05 0.7232595 0.38992503 1.0 0.49569225
10 3.2719112e-05 0.6159905999999999 0.38940147 0.66801506 0.45440817
8 3.2178283000000003e-05 0.7136486 0.4119117 0.9462700000000001 0.9282476999999999
13 3.2167318e-05 0.58465767 0.39077723 0.665945 0.42817226
10 3.208447e-05 0.6978955 0.8012296 0.7469667 0.85891247
5 3.1691972e-05 0.17347200000000002 0.31385833 0.544413 1.0
8 3.1673502e-05 0.5275097 0.2398759 0.72042984 0.6916741
1 3.1484873e-05 0.6011488 0.41065857 0.7032662 0.46163717
1 3.1259213e-05 0.5432276 0.40095690000000006 0.62357247 0.46548763
9 3.1072690000000004e-05 0.63359195 0.4024437 0.73874414 0.45628485
9 3.0927346e-05 0.8291329 0.39101827 1.0 0.50526714
10 3.0867372999999995e-05 0.56689644 0.35574135 0.74022543 0.49179804
11 3.0731542e-05 0.6369795 0.31389654 0.78440946 0.5083822
8 3.058606e-05 0.028052254 0.39051090000000005 0.23397072 0.6563952
13 3.0445535e-05 0.47933346 0.66820496 0.8983836 0.9852702
5 3.0218587000000003e-05 0.42506513 0.40851259999999995 0.7685148 1.0
9 3.0093323999999998e-05 0.47992393 0.203003 1.0 0.88324547
10 3.0027415e-05 0.641433 0.3858761 0.6898456999999999 0.45346737
3 2.9797543999999998e-05 0.7624469 0.4007051 0.9044440999999999 0.45599929999999994
1 2.9737757e-05 0.6113742 0.40152386 0.68259555 0.46788850000000004
13 2.9601878999999998e-05 0.7766630999999999 0.39276683 0.89034456 0.48447135
5 2.8943092000000002e-05 0.44645807 0.38643345 0.85807735 0.8844109
8 2.8303654999999998e-05 0.03205058 0.22411 0.23700964 0.49347547
6 2.7591370000000003e-05 0.44368878 0.38420883 0.8000783 0.49964264
3 2.7468846e-05 0.018774215 0.63926333 0.34859902 0.99331707
1 2.7220698000000003e-05 0.44660029999999995 0.40625918 0.6573270999999999 0.49589762
3 2.6836244000000003e-05 0.3593711 0.17916556 0.8117923 0.67240155
12 2.6421599999999998e-05 0.63584125 0.40042728 0.7369462 0.45891893
10 2.6353096e-05 0.66388166 0.32587817 0.81218857 0.5130107
5 2.6317770000000002e-05 0.5564279000000001 0.6143214 0.9095384 1.0
4 2.595326e-05 0.82257444 0.38615555 0.99883926 0.5293576999999999
8 2.5855512e-05 0.33151220000000003 0.14528072 0.7028982 0.61415875
5 2.5668818e-05 0.11544560000000001 0.4451375 0.4808709 1.0
6 2.5615061999999997e-05 0.54049003 0.40740967 0.7062109999999999 0.45685884
2 2.5105528e-05 0.60182965 0.35205925 0.94082695 0.9412418
3 2.503924e-05 0.6021510999999999 0.4772633 0.9402676 1.0
13 2.4882595e-05 0.67327565 0.8067583 0.7469214 0.8509921999999999
3 2.4413011e-05 0.5793812 0.38193459999999996 0.6659841999999999 0.47348797
5 2.3704371e-05 0.22768721 0.48755664 0.5799773 1.0
5 2.3386961e-05 0.47606048 0.5467373999999999 0.8308968000000001 1.0
3 2.3024529999999998e-05 0.5560227 0.4221786 0.65272206 0.47272238
8 2.2865428000000003e-05 0.77536666 0.4242085 0.86100304 0.47798207
3 2.2861554000000002e-05 0.06437889 0.11668001 0.47727633 0.49644712
5 2.2710907000000002e-05 0.5044787000000001 0.40133909999999995 0.78544843 0.48142895
5 2.2133127e-05 0.004885327 0.5233262 0.33652709999999997 1.0
2 2.206875e-05 0.51117176 0.37947237 0.7612948 0.49505770000000004
13 2.2062977e-05 0.0 0.0 0.22488350000000001 0.9188495999999999
3 2.184589e-05 0.50003004 0.059514772 0.9239965 0.3288913
8 2.1553455e-05 0.024119401000000002 0.014591129 0.36013186 0.31085044
2 2.1434558e-05 0.58713335 0.39074215 0.6974194 0.44896149999999996
1 2.1423490000000002e-05 0.5654784 0.39906436 0.6452675999999999 0.46710864
8 2.1037988e-05 0.5781188 0.41445070000000006 0.6818794 0.47065043
5 2.0985675e-05 0.43798444 0.4330607 0.6766812 0.5229479
12 2.0936104e-05 0.43345055 0.0 0.95391023 0.5816431
4 2.0676716000000002e-05 0.62290984 0.3711826 0.79271746 0.50555766
11 2.0561743e-05 0.6460706 0.38990298 0.717441 0.4669157
13 2.0398435e-05 0.6667268 0.0 0.9706966999999999 0.94896173
5 2.0371837e-05 0.0 0.31575820000000004 0.2806936 0.98322105
3 2.0303905e-05 0.14940578 0.16551715 0.62395555 0.7016793
3 2.0147143e-05 0.48704392 0.36393220000000004 0.9296613000000001 0.55932254
1 2.0021715e-05 0.42075938 0.38065264 0.92667556 0.92391765
1 1.9978987e-05 0.5866971 0.4000843 0.66349363 0.46624202
1 1.9878786e-05 0.0 0.09618734 0.43446629999999997 0.79497325
12 1.9812505e-05 0.59604335 0.39724538 0.67984074 0.47424093
4 1.9423465000000002e-05 0.61425143 0.34433472 0.78098345 0.47104890000000005
13 1.9345181e-05 0.0 0.38611487 0.21212873 1.0
8 1.8654729999999998e-05 0.6003084 0.36774352 0.6706814 0.4730036
5 1.8561651999999997e-05 0.29233125 0.35972070000000006 0.6512894 1.0
3 1.777685e-05 0.5783456 0.42444608 0.69325346 0.4738232
8 1.7731696e-05 0.1856225 0.14539681 0.5883144 0.64154524
4 1.7647657e-05 0.6306478 0.38472465 0.720191 0.45815793
11 1.7197964999999998e-05 0.6136555 0.3536123 0.6625133000000001 0.49246344
7 1.6999593e-05 0.29951495 0.06958954 0.90444726 1.0
12 1.6897202e-05 0.81491673 0.3996915 0.8916801999999999 0.47664297
1 1.6880617999999998e-05 0.3250903 0.08773921 0.80694175 0.66590613
13 1.6659647e-05 0.5374635999999999 0.4095707 0.6322779000000001 0.4557428
9 1.6657572e-05 0.08800149 0.04232366 0.5141685 1.0
5 1.6630924e-05 0.5853033000000001 0.41168255 0.68591416 0.4771616
9 1.6505424000000002e-05 0.8279291 0.42298955 1.0 0.5236469
2 1.6448412e-05 0.5113213 0.21557285 0.8882389 0.9642370000000001
5 1.6187623e-05 0.5816635 0.41312543 0.7415293000000001 0.45421073
4 1.5831707e-05 0.58916044 0.39266896 0.6866511 0.45987773
7 1.5371863e-05 0.0 0.027015737999999997 0.5416810999999999 1.0
8 1.5229854e-05 0.027094512999999997 0.014667562 0.2690094 0.45193452
2 1.5163602e-05 0.5876064000000001 0.05098618 0.97066194 1.0
12 1.4908465e-05 0.17778714 0.0 0.67905366 0.68417114
10 1.4819748e-05 0.5740852 0.3763059 0.76865184 0.52620167
8 1.4727042e-05 0.7834466 0.40488136 0.86615044 0.48456955
12 1.4409342999999999e-05 0.51833886 0.38368002 0.8259108000000001 0.4952357
10 1.4382582e-05 0.6744835 0.37472853 0.72744066 0.46450874
2 1.4323411000000001e-05 0.13478276 0.08245779 0.5606168 0.8420879000000001
13 1.4308158000000001e-05 0.56411105 0.38075516 0.7888376 0.5080912999999999
8 1.4282108e-05 0.48266426 0.25365642 0.673107 0.71823436
1 1.4210977499999998e-05 0.41743969999999997 0.10221299 0.9263197 0.8365519
5 1.4099759e-05 0.21844493 0.38911062 0.94288933 0.7613236999999999
12 1.3990159000000002e-05 0.43241554 0.111456305 0.9675171 0.76344645
10 1.3895004e-05 0.5116210999999999 0.3491316 0.8787789 1.0
12 1.3759507e-05 0.5249595 0.022346267000000003 1.0 0.7056189
5 1.37150855e-05 0.32257070000000004 0.3130833 0.7377438000000001 0.8608434000000001
13 1.3645676000000002e-05 0.7606764 0.4028598 0.89843404 0.46088877
13 1.359646e-05 0.09748962 0.047153804 0.57988775 0.7450996999999999
10 1.3435631e-05 0.8939859 0.32992935 1.0 0.4965831
7 1.3297316000000001e-05 0.08977919 0.21605872 0.6721099 1.0
8 1.315447e-05 0.53177685 0.42130318 0.6079892 0.46869823
1 1.3106281e-05 0.0 0.35247478 0.33144605 0.8247365
5 1.3049937e-05 0.6636489000000001 0.3992591 0.96572155 0.92180645
3 1.2831283e-05 0.014560932 0.7136953 0.28432846 0.9786417
2 1.2770607e-05 0.62063134 0.39073342 0.7255201 0.45818640000000005
6 1.2575197000000001e-05 0.005017189 0.19483465 0.5429923000000001 0.82035786
7 1.2473223e-05 0.28155315 0.16575831 1.0 0.76036596
9 1.2417229e-05 0.29259565 0.09009811 0.7116416 1.0
10 1.2330570999999999e-05 0.56478566 0.057953697 0.91058373 1.0
8 1.2118677e-05 0.030143509 0.30613756 0.23905675 0.54846126
11 1.19342885e-05 0.63493955 0.35198122 0.6822963000000001 0.49321142
3 1.1820682e-05 0.5977184 0.42036270000000003 0.7232244000000001 0.47742712
3 1.1708985e-05 0.5466225 0.27263433 0.7746717 0.7657341999999999
9 1.1683284000000002e-05 0.6347427 0.4028665 0.7021109999999999 0.4773884
13 1.1667494e-05 0.0 0.0 0.39582249999999997 0.32009327
10 1.1653529e-05 0.6953679 0.17013697 1.0 1.0
11 1.1632286999999998e-05 0.6536718 0.3577909 0.70052516 0.4848076
1 1.1625745e-05 0.3232658 0.22853746 0.828102 0.82670325
13 1.1537726e-05 0.52270156 0.13326399 0.75907874 0.7788138000000001
7 1.1515166e-05 0.47262250000000006 0.011904068 1.0 0.69249725
1 1.10869905e-05 0.09898925 0.40376404 0.6005210999999999 0.87886477
1 1.0962510999999999e-05 0.065052524 0.25655612 0.5278951 0.84821373
5 1.0943381999999998e-05 0.58594376 0.32414123 0.96742105 0.7809949
12 1.0859816000000001e-05 0.40664333 0.3201777 0.8883724000000001 0.81511396
1 1.0827539999999999e-05 0.25901642 0.41319229999999996 0.7455579000000001 0.88569134
12 1.0788548000000001e-05 0.32912976 0.0 0.82776576 0.5604359999999999
8 1.0726530499999998e-05 0.6335041 0.38349770000000005 0.7207892 0.47338159999999996
12 1.0635758e-05 0.27743536 0.30485502 0.7504637 0.7953041999999999
10 1.0561276000000001e-05 0.57531625 0.4107005999999999 0.6420401 0.45183635
13 1.0557501999999999e-05 0.014996799 0.56233716 0.28490046 1.0
10 1.03830025e-05 0.3971639 0.35919392 0.7557341 1.0
