10 0.9828466999999999 0.35179833 0.37009692 0.3675569 0.42298108
10 0.95728475 0.45878252 0.37101635 0.472504 0.43908998
10 0.9500757 0.28841615 0.37004003 0.3034022 0.42601964
3 0.8829254000000001 0.09892188 0.62758124 0.15629764 0.68351614
10 0.7799562 0.87447834 0.17951047 0.8985666999999999 0.28197459999999996
10 0.7211678 0.91256404 0.12631437 0.9459491 0.24447829
3 0.72005963 0.31735462 0.62603396 0.36662662 0.6741368000000001
3 0.7030346 0.25827578 0.6225841 0.32402709999999996 0.6823771
10 0.6655048000000001 0.53264445 0.38360587 0.5454835 0.4416279
3 0.6144696999999999 0.82666624 0.6148388000000001 0.9677278 0.6935266999999999
3 0.39563924 0.22132847 0.62571806 0.25989023 0.67950445
3 0.3501667 0.38234407 0.63070756 0.41448218 0.6639802
