3 0.98232573 0.36124358 0.36746806 0.8003484000000001 0.553739
3 0.9611661 0.628487 0.3491594 0.95654243 0.5118029000000001
3 0.8603197 0.17893773 0.39301646 0.25536084 0.46078715
3 0.7464741 0.5096994 0.3608752 0.90787095 0.543028
3 0.71665734 0.07082767 0.40660036 0.14505333 0.46837536
10 0.46287619999999996 0.60791737 0.23812106 0.62083435 0.25853336
3 0.4299928 0.0 0.62762004 0.97967106 0.9894908000000001
8 0.36563718 0.06473548 0.40740833 0.14119723 0.46591976
3 0.35466594 0.24521719 0.41716573 0.27575117 0.45219138
3 0.31337458 0.25097457 0.41100287 0.27939624 0.4435763
