3 0.97444624 0.6598118000000001 0.41021395 0.807579 0.5001263
3 0.96858525 0.46144989999999997 0.4347464 0.55324286 0.5059222
3 0.9431799999999999 0.96991843 0.42993015 1.0 0.48402238
3 0.93119603 0.79715484 0.40500832 0.90288204 0.48593336
8 0.8964419 0.016154423 0.35760942 0.46602678 0.6450414000000001
10 0.7309048 0.6537528 0.27535146 0.6743871 0.2983571
3 0.67458206 0.06792013 0.35561025 0.47334528 0.63977224
10 0.48348486 0.7257364000000001 0.29717726 0.7395687 0.3498378
10 0.43747285 0.58352846 0.26375607 0.61153954 0.29559640000000004
10 0.31414837 0.7911444999999999 0.34847847 0.7997043 0.36846805
