3 0.96029437 0.29335657 0.40735429999999995 0.33243390000000006 0.45164233
3 0.9550868 0.71494955 0.29964244 1.0 0.5214108000000001
8 0.80295795 0.02077645 0.35219672 0.30355334 0.50933105
3 0.6437854000000001 0.33993933 0.41428396 0.3651298 0.44134074
3 0.622472 0.6444499 0.35866717 0.73356336 0.46352348
3 0.5765020000000001 0.01873383 0.34389174 0.2678144 0.50840205
3 0.45066312 0.6413483 0.3825809 0.6908019 0.45098624
10 0.43861708 0.7187943 0.25054783 0.73989373 0.29419643
8 0.40518054 0.6461380999999999 0.36350846 0.7315012 0.45981732
10 0.36829194 0.58273375 0.21445565 0.5988258000000001 0.24487473
