3 0.9911761 0.07300955 0.39751375 0.20605901 0.47466309999999995
3 0.9527361999999999 0.58265823 0.35701695 0.6850626999999999 0.44553724
3 0.9526811 0.7854329000000001 0.35719445 0.93119735 0.4374151
3 0.89325666 0.20974916 0.3960781 0.2516716 0.45173666
3 0.87957436 0.44087970000000004 0.35693228 0.5912651 0.47411000000000003
3 0.78308785 0.25439432 0.40442926 0.29120050000000003 0.44620192
3 0.6427069000000001 0.0 0.369736 0.9850164 0.9330542
3 0.55108416 0.2900267 0.39919603 0.31669298 0.43951476
3 0.53115547 0.33667395 0.40488902 0.36071905 0.43612736
3 0.4776321 0.41567838 0.39013293 0.44047207 0.41764247
