3 0.9019722 0.49838966 0.53505015 0.6058304 0.61338514
8 0.8807902 0.0065796087 0.41576758 0.26694885 0.6750636999999999
3 0.79608065 0.61156726 0.54062283 0.6512176 0.5741457
3 0.7646624 0.025459898999999998 0.58500373 0.99612534 0.9919559000000001
8 0.7255149999999999 0.08161543 0.4215946 0.26158538 0.6193681
8 0.6345451 0.40810934 0.5162434 0.500541 0.5917621999999999
3 0.5005419 0.32365656 0.53374404 0.35762203 0.56733835
3 0.48221624 0.32157004 0.5386976 0.34895408 0.5718033
3 0.45117676 0.40907466 0.52284634 0.50147355 0.5956680999999999
3 0.42531779999999997 0.31828138 0.53616923 0.34287673 0.5676635999999999
3 0.3734757 0.36115187 0.53081846 0.40940192 0.57750547
3 0.3238683 0.6046498 0.54327494 0.6298227 0.5782166999999999
8 0.3061124 0.43584353 0.5157274000000001 0.5128611 0.58893126
