3 0.90239286 0.33977902 0.5460401999999999 0.38100758 0.5913894000000001
3 0.89121324 0.44133288 0.5347844 0.49090976 0.5925077
3 0.82225114 0.3975587 0.54393274 0.42403072 0.57054895
3 0.7892805 0.17708662 0.4801907 0.349427 0.64334685
3 0.5316751000000001 0.048730955 0.52823406 0.09939775599999999 0.55164737
3 0.49700302 0.74201965 0.5483113000000001 0.7852043000000001 0.57638305
3 0.477728 0.75398725 0.5493696 0.7983475 0.57937825
3 0.40420672 0.7285951 0.54777324 0.76340497 0.57037205
3 0.40349650000000004 0.73538595 0.5497986 0.77039206 0.57497907
3 0.39469679999999996 0.40871024 0.54438865 0.43110207 0.5695458000000001
3 0.34189543 0.76630425 0.551399 0.8031864000000001 0.58562434
1 0.30635712 0.52107984 0.539953 0.53725815 0.5870378
