8 0.9828571 0.32633909999999994 0.35017420000000005 0.548183 0.47786257
3 0.9708015999999999 0.7945909000000001 0.34819195 0.93868893 0.45240855
3 0.8870068000000001 0.21411727 0.40704320000000005 0.25302285 0.46070048
3 0.8698075999999999 0.0003835559 0.35810265 0.13272226 0.54860306
10 0.8003029 0.7207408000000001 0.23673755 0.7398256999999999 0.30281696
3 0.70633364 0.53953975 0.39932618 0.56515723 0.43859923
3 0.65531075 0.23816131 0.37448170000000003 0.35556096 0.46936490000000003
10 0.64731276 0.6540863 0.21985063 0.6726901 0.24363379999999998
10 0.62415975 0.56187415 0.19358848 0.5773258000000001 0.22770184
3 0.4648652 0.21039788 0.41528696 0.24343969 0.46367607
8 0.44201463 0.23535252 0.3722704 0.35790116 0.47254863
10 0.32134598 0.5037062 0.20018816 0.5571928 0.2328292
