3 0.9638760000000001 0.45397840000000006 0.577036 0.5380844 0.6444529999999999
3 0.95477396 0.5304719 0.5863264 0.5668991 0.6353506
8 0.859194 0.027703242000000003 0.53545475 0.16563006 0.6402541
3 0.8556455 0.23605546 0.5937892 0.272556 0.6262225
3 0.80622613 0.018794734 0.5819533 0.0837555 0.6408096999999999
3 0.7771116 0.2790288 0.59877825 0.31072763 0.6233144
3 0.7163838 0.39257613 0.5884369 0.43406179999999994 0.6115083
3 0.6651902 0.38891655 0.5944625 0.4261844 0.6156081999999999
3 0.46109292 0.35360554 0.5961473 0.38278612 0.6134354999999999
3 0.4344199 0.3322198 0.59935117 0.35684390000000005 0.6165176
3 0.39536962 0.34379604 0.59860575 0.36862773 0.6147982
1 0.34681493 0.19549805 0.5997085 0.21082973 0.6541454000000001
