3 0.86380213 0.00761969 0.057782214000000005 0.12370582 0.4578307
3 0.82936925 0.28340164 0.15317403 0.32506290000000004 0.23758374
3 0.76484716 0.32052428 0.1628906 0.35161322 0.21508826
3 0.72519517 0.32933897 0.16238186 0.36877137 0.20864667
3 0.688117 0.14827906 0.12789318 0.2963134 0.34200054
8 0.62895846 0.37240097 0.13218172 0.41235217 0.20825537
3 0.5574929 0.31845582 0.16478659 0.3416701 0.22207278
3 0.5398163 0.12618554 0.17038913 0.15279734 0.22270894
3 0.53027225 0.30140033 0.15594098 0.3348625 0.22297862
7 0.49349698 0.024920821 0.58137137 1.0 0.9013653
8 0.47952330000000004 0.1454817 0.120259196 0.29958045 0.34863320000000003
1 0.43028006 0.0012973193 0.285989 0.05317404 0.5496984
6 0.33622682 0.37349740000000003 0.13363343 0.4119183 0.2080684
3 0.32744315 0.118660316 0.17386802 0.1485659 0.21628642
