1 0.99527943 0.54868263 0.36298805 0.6664545999999999 0.7488839
4 0.96587044 0.5810195 0.5533389 0.6625495 0.8071378
3 0.9625919 0.7786702 0.36667815 0.9977492 0.76836014
3 0.8657412 0.023731247 0.4862317 0.14983238 0.5525194999999999
3 0.7981688 0.6535169 0.4468979 0.8242912 0.6306931
3 0.783072 0.35389835 0.4060857 0.5480473000000001 0.70610505
3 0.7511344 0.019176617 0.48271534 0.12131362 0.53109735
10 0.5416821999999999 0.40205967 0.30202425 0.41031533 0.33506286
3 0.511662 0.649737 0.4426907 0.7365406999999999 0.5057781
10 0.45787895 0.4046804 0.30586487 0.41565892 0.34526122
10 0.33429200000000003 0.39919814 0.30610672 0.40864316 0.33729595
10 0.32182340000000004 0.5088113000000001 0.32391325 0.5217864000000001 0.35445315
