3 0.99598855 0.6925435999999999 0.39551973 0.9897357 0.70391566
3 0.9918726000000001 0.21965319 0.44592783 0.36094440000000005 0.59979904
1 0.9765465 0.49816450000000007 0.36786732 0.5739310999999999 0.6171141
4 0.97329617 0.5045099000000001 0.49456635 0.5711839 0.6848501
3 0.9627671999999998 0.56978893 0.44351283 0.64914334 0.5211986
3 0.95854795 0.63687706 0.3960288 0.8108932 0.5672965
3 0.95611066 0.40715593 0.41352856 0.5035991 0.58782756
3 0.8575815999999999 0.38739106 0.45583290000000004 0.41752264 0.51589257
3 0.78818935 0.34351054 0.45437259999999996 0.38066880000000003 0.4990335999999999
10 0.6571855999999999 0.33778959999999997 0.24297278 0.3496065 0.29350558
10 0.5223591 0.47410494 0.28235915 0.48690623 0.3177127
10 0.51803905 0.3392498 0.24382046 0.35422266 0.30032164
10 0.442378 0.332511 0.24515295 0.348069 0.29071945
3 0.316596 0.20643428 0.64653695 0.97650635 0.98555404
