1 0.9969823 0.5452416 0.34576184 0.6484746 0.7035134
3 0.97673905 0.0009199232000000001 0.44246966 0.2605505 0.8191335
4 0.96635044 0.56747895 0.5158732 0.6454439999999999 0.7784545
3 0.9660030000000001 0.7111919 0.41459504 1.0 0.7211882
3 0.9295121999999999 0.45570272 0.42982844 0.5328807 0.5687911999999999
10 0.8966603000000001 0.24814327 0.0880062 0.26974362 0.16568729999999998
3 0.89229673 0.43394634 0.46514586 0.46022347 0.5110949
3 0.7508058000000001 0.30296662 0.46039185 0.35774323 0.52652854
10 0.7022166999999999 0.48460388 0.21483397 0.500102 0.26596490000000006
10 0.6962702 0.2554741 0.09261424 0.27248573 0.16765426
3 0.6812503000000001 0.35549927 0.4670462 0.3927834 0.5172734999999999
10 0.6427829 0.48996463 0.21823312 0.5038208 0.26593456
3 0.5950801 0.3686163 0.46850884 0.39841620000000005 0.51628095
3 0.5438046 0.3832171 0.47226658 0.4090488 0.5140157
3 0.49921867 0.39797297 0.47162136 0.41879390000000005 0.5079534000000001
3 0.488766 0.0036271809999999997 0.6081357 0.77877057 0.9896359
10 0.47960959999999997 0.49728936 0.21867934 0.5090110999999999 0.2653443
10 0.37151873 0.23912933 0.09099253 0.26202092 0.161869
3 0.3239623 0.35227337 0.46779183 0.37987885 0.5167879
3 0.31568396 0.39036644 0.46969542 0.41217285 0.508035
