3 0.99322367 0.31978765 0.14877833 0.57506645 0.39812756
3 0.6380625 0.0049332379999999995 0.14621107 0.62143767 1.0
5 0.62683934 0.009902239 0.30500346 1.0 0.9721451999999999
3 0.5807558 0.0 0.09287935 0.34762606 0.8599211999999999
3 0.5426181 0.0044065006 0.6151939999999999 0.11471808 0.900573
1 0.44147414 0.29730445 0.14275394 0.31123805 0.21840689
3 0.3749867 0.0121720135 0.44853774 0.8953235 0.9364725
8 0.3652698 0.009821950999999999 0.034010995 0.61398876 0.96132004
42 0.32761487 0.04632944 0.531271 0.9863581 0.9174100000000001
5 0.31133097 0.26714188 0.5007035 1.0 0.997909
1 0.30586708 0.14152382 0.007251213 0.20214884 0.08538625400000001
