3 0.98865217 0.27925146 0.1564004 0.46637362 0.4033036
7 0.9097625 0.20859735 0.56369346 0.6490294 0.8307083000000001
1 0.8961353999999999 0.70577466 0.07084601 0.7386594 0.21514468
3 0.75239974 0.6228833 0.063097894 0.7534299 0.17585273
6 0.6759254 0.2775716 0.06767201 0.44587573 0.2128049
3 0.6619046 0.20976987 0.17058206 0.23951426 0.20779467
3 0.60788697 0.89289683 0.022816777000000003 1.0 0.13955462
3 0.6001159 0.7679805000000001 0.02473473 0.9161908999999999 0.13982286
8 0.57509977 0.88981235 0.022265686 1.0 0.1488217
5 0.57395524 0.07790616 0.48662886 0.9782915000000001 0.91462994
1 0.55176175 0.69243574 0.077301644 0.7185503000000001 0.21749812
1 0.5448212 0.6814649 0.08935352 0.7073883000000001 0.21896513
3 0.5112532 0.16061008 0.16180284 0.19566908 0.21794207
8 0.45495683 0.7659293 0.02580409 0.9154876000000001 0.13952835
1 0.44980916 0.122271806 0.16264804 0.15798017 0.23581344
6 0.43823668 0.40833798 0.045654985999999995 0.60591185 0.19781479999999999
3 0.40059862 0.22440131 0.16956209 0.24860846 0.20289324
