3 0.99195546 0.2675634 0.46014014 0.4875142 0.69779235
3 0.94776946 0.7431925 0.50082856 0.8732496 0.6483814
3 0.9468379000000001 0.55232644 0.50148404 0.6015233 0.5671086999999999
3 0.90791196 0.64070374 0.5032121 0.6715813 0.53877884
3 0.74269503 0.66903174 0.5088704000000001 0.7187463000000001 0.557846
3 0.6836033 0.60014504 0.5020690999999999 0.6227698 0.54521114
3 0.6069787 0.68188983 0.5105965 0.7413886 0.55996335
1 0.53613544 0.6971175999999999 0.5022333999999999 0.7278705 0.6139735
9 0.4049781 0.0 0.5633357 0.11840132 0.67731494
3 0.36370890000000006 0.7073606 0.5092064000000001 0.7501576 0.5585204
