3 0.96072215 0.17898631 0.4310719 0.27976483 0.50678253
3 0.92584884 0.31939718 0.43753502 0.3685988 0.48154402
3 0.8567433000000001 0.5807041999999999 0.41749564 0.63271725 0.47704813
3 0.81881547 0.44928208 0.40450191 0.49788734 0.45443392
3 0.690021 0.51445675 0.40498018 0.5511199000000001 0.45478764
72 0.52202123 0.7760444000000001 0.0027011765999999998 0.9752062 0.30836716
3 0.39129496 0.43298339999999996 0.40579522 0.45738846 0.44135459999999993
3 0.36565903 0.42896983 0.41324028 0.4526278 0.44520685
3 0.36037606 0.5514864 0.4040777 0.5977559 0.44204387
3 0.354234 0.37794724 0.43507925 0.40580514 0.46340328
