3 0.95129114 0.36344394 0.36820474 0.43804523 0.48299719999999996
3 0.9498380999999999 0.18599801 0.3717098 0.2743503 0.5030515999999999
3 0.9135328000000001 0.031606115 0.34282103 0.23026672 0.57591695
3 0.8823869000000001 0.6005087 0.28196552 0.9828143 0.63145465
3 0.8766591999999999 0.2390812 0.36780706 0.30660737 0.46643670000000004
3 0.7875966 0.47782695 0.37841877 0.54106236 0.45322058
3 0.7188106 0.49755138 0.32325202 0.6562043000000001 0.47687975
3 0.66021585 0.4470146 0.3607111 0.5139348 0.42550188
3 0.5739236999999999 0.4382871 0.36538756 0.49015537 0.42088753
3 0.5560238000000001 0.46710104 0.36282817 0.5296614000000001 0.44079807
28 0.4924604 0.028367296 0.3332907 0.21370253 0.4553382
3 0.41332492 0.28798953 0.3698205 0.32466045 0.44342196
3 0.3074887 0.43606629999999996 0.3741286 0.45811823 0.411429
