3 0.9669601999999999 0.12819460000000002 0.39040306 0.2730728 0.5498508000000001
3 0.8995692 0.38475725 0.40025356 0.41217479999999995 0.4439693
3 0.8037879 0.30118546 0.3958547 0.33567056 0.46562788
3 0.7880656 0.45670652 0.39805233 0.48861974 0.44401398
3 0.7784413 0.52137965 0.40329757 0.60756665 0.48874882
3 0.73992157 0.24569388 0.4042185 0.29986972 0.49796343
3 0.58604616 0.3408805 0.39481178 0.3640762 0.43696696
3 0.533281 0.4310852 0.39902964 0.45097014 0.42674574
3 0.513444 0.2506173 0.38976467 0.30754092 0.45835787
3 0.45992032 0.3532653 0.39799359999999995 0.37512237 0.43698230000000005
3 0.43206459999999997 0.25020912 0.41469237 0.2853392 0.5010934
3 0.40741542 0.35134083 0.40559718 0.37181515 0.4334837
3 0.38712317 0.31560540000000004 0.3989792 0.33975613 0.4590792
10 0.35475367 0.39846513 0.28509176 0.4192141 0.32382172
3 0.32610023 0.2625567 0.42022349999999997 0.2988511 0.49170914
3 0.31671667 0.29005614 0.40645903 0.30990759999999995 0.47713770000000005
