3 0.9576030000000001 0.34595394 0.37887004 0.45739222 0.52722836
3 0.9466445 0.04501167 0.33056676 0.24039951 0.6006832
3 0.90663826 0.63397825 0.3263098 0.9716568999999999 0.66280013
3 0.77315193 0.22881559 0.41210666 0.27551982 0.5031889
3 0.73400575 0.54367054 0.41773874 0.5874188 0.49971873
3 0.71137875 0.19861534 0.40545990000000004 0.24826679 0.5494224
3 0.6950102 0.26783168 0.39655223 0.31405663 0.48309755
3 0.6740246999999999 0.2963986 0.3772288 0.3428286 0.44257185
3 0.6566715 0.6123149999999999 0.33053324 0.69035405 0.38735396
3 0.5562911 0.4547334 0.37110144 0.51044554 0.42575583
3 0.4803709 0.20793152 0.40948978 0.25834292 0.5303538000000001
3 0.47468394 0.23942006 0.38602087 0.29721695 0.48102236
3 0.45230519999999996 0.28088048 0.39911813 0.31101575 0.4771835
3 0.4516742 0.24331525 0.40432915 0.28908643 0.49492577
