3 0.94440305 0.13491988 0.41201508 0.24252677 0.47787803
3 0.938903 0.8436030999999999 0.4260933 0.9563560999999999 0.50057304
3 0.9175705 0.46089125 0.42900148 0.88405406 0.75852567
3 0.89494497 0.47682574 0.41250727 0.5456544 0.48966768
3 0.88692063 0.66417956 0.39224443 0.7879143 0.46709538
3 0.8626726 0.22646211 0.43093842 0.28771618 0.4856504
3 0.8562976999999999 0.0 0.40957537 0.11007109 0.46976614
1 0.77114946 0.16415222 0.39485046 0.19425471 0.5260363
3 0.669316 0.79209524 0.43489552 0.8381234000000001 0.49952403
3 0.5492295 0.12898141 0.41026747 0.26849425 0.50344545
3 0.43566942 0.597532 0.3724172 0.70193416 0.42861894
3 0.36961028 0.45622575 0.4309598 0.47602594 0.46549162
3 0.34804640000000003 0.46338978 0.42733699999999997 0.48563459999999997 0.4654139
3 0.34207973 0.46717244 0.4223832 0.49585109999999993 0.46700397
