1 0.9785695 0.93607074 0.38683 0.99898475 0.7289608
1 0.9587435 0.003948208 0.44479227 0.042315077 0.621846
3 0.9582459000000001 0.43190685 0.48837042 0.4786826 0.5532344
1 0.8615792 0.7576845 0.46297973 0.78518087 0.5788622
3 0.78799605 0.36902282 0.47618443 0.4341044 0.58136123
1 0.69083977 0.767708 0.46220028 0.7874939999999999 0.58068454
19 0.6851653 0.7115551999999999 0.47369629999999996 0.7504026 0.5886977
8 0.6736293000000001 0.49869433 0.45449862 0.6310685 0.6728943000000001
1 0.6322327 0.30575585 0.48750140000000003 0.32035398 0.5745478
8 0.612908 0.20775990000000003 0.45952627 0.28830358 0.6290456
1 0.57923526 0.31164762 0.48773003 0.325812 0.57304233
1 0.57274234 0.2971164 0.48782244 0.31486362 0.57536834
1 0.45854458 0.7475095 0.46681416 0.77314603 0.5738989999999999
2 0.41001952 0.94624174 0.5360706000000001 0.99997115 0.7565835999999999
1 0.40446702 0.3438653 0.47999558 0.35836193 0.5577137
1 0.39830655 0.32605302 0.48880854 0.33956087 0.56718034
1 0.37922445 0.32219058 0.49128136 0.3328399 0.5689326
1 0.35760358 0.353524 0.47922173 0.36746009999999996 0.5614031
1 0.350062 0.7440706 0.46697167 0.762062 0.57330084
6 0.34000823 0.12080158 0.5141188 0.20345242 0.5911048000000001
1 0.32864392 0.6399075 0.48159483 0.653898 0.5530799
