3 0.9540653 0.23885657 0.3699545 0.29263744 0.46547836
3 0.9406741 0.28159153 0.34348094 0.37754354 0.48111507
3 0.9298871999999999 0.20118539 0.36259875 0.25617385 0.44176027
3 0.91549265 0.14423221 0.35278353 0.21277470000000004 0.42877778
3 0.8453161 0.10167874 0.34210908 0.14992066 0.40996507
3 0.7685211 0.047542162 0.34423965 0.1034761 0.40555578
8 0.73280656 0.49655002 0.29589376 0.88766676 0.83596957
3 0.6150909999999999 0.43607017 0.34716308 0.56459016 0.5637036999999999
8 0.56768644 0.36681529999999996 0.32731605 0.50422245 0.5249372
8 0.50941616 0.39872557 0.32921275 0.54781365 0.5476684
3 0.40412298 0.3631158 0.32664225 0.48835775 0.5249775
8 0.31379187 0.43646709999999994 0.34121042 0.5647799 0.5661050999999999
3 0.30775982 0.50443035 0.31429547 0.8693915999999999 0.8376456
