3 0.9914351999999998 0.7489618 0.35258123 0.9780476999999999 0.5814792
3 0.9072581000000001 0.32538882 0.39132136 0.40055832 0.46872133
3 0.67116475 0.41788974 0.35352278 0.524285 0.48497412
3 0.6116216999999999 0.5856803 0.33796188 0.72520345 0.52623147
3 0.529521 0.31566054 0.3926487 0.3456567 0.45089638
8 0.4772487 0.41380402 0.35013437 0.5253323000000001 0.48521990000000004
1 0.47010592 0.28189522 0.39044470000000003 0.30203444 0.4774630999999999
3 0.42712918 0.16434048 0.39881125 0.25041354 0.48425070000000003
3 0.37961414 0.40719402 0.3729708 0.43730426 0.47361034
8 0.37098214 0.58495575 0.33678320000000006 0.7285275999999999 0.5259332
1 0.3490933 0.29046386 0.3887105 0.30775159999999996 0.47508785
3 0.33097184 0.17323312 0.39290258 0.32388797 0.48232815
8 0.32709184 0.17040266 0.38674504 0.32446343 0.48389187
