1 0.9996389000000001 0.6492585999999999 0.4422174 0.7784818 0.8668662
10 0.9483683 0.30984333 0.08909120400000001 0.34878442 0.20689467
10 0.93064624 0.5726244 0.07916983 0.6067897 0.19633509
3 0.8886594000000001 0.21535426 0.51423794 0.29475754 0.6080203000000001
8 0.6285875 0.4684268 0.49067938 0.6090184000000001 0.660621
10 0.5925458 0.41933909999999996 0.28320256 0.44149402 0.32724637
10 0.55385166 0.8281702 0.058010057000000004 0.900533 0.18918285
10 0.49913338 0.85611796 0.37849176 0.87911224 0.43858284
10 0.47438753 0.57354397 0.13925816 0.60657555 0.19225082
10 0.44728726 0.54165286 0.15165941 0.56415534 0.17966279999999998
3 0.44231972 0.46848476 0.4898491 0.60673857 0.6582318
10 0.39628708 0.20662627 0.42446949999999994 0.22072919 0.45584545
10 0.35768884 0.27162448 0.10390317 0.29707664 0.14413822
10 0.34850237 0.8272130999999999 0.038205612 0.8606459000000001 0.19868422
