3 0.9731322 0.11587950000000001 0.6350328000000001 0.3420725 0.8693499
3 0.94710475 0.31086615 0.66644675 0.40237072 0.78201395
3 0.8830950000000001 0.0027767569 0.72806615 0.102643944 0.9856265
3 0.7858275 0.033887997 0.6359385000000001 0.18569143 0.7836251999999999
3 0.7447060000000001 0.63665086 0.61071825 0.8631225 0.86472684
3 0.7211586 0.5050778 0.6683266999999999 0.57262236 0.7734073
3 0.63117737 0.46682495 0.6981376 0.49942023 0.7369583000000001
3 0.62334144 0.39528674 0.67926437 0.43964088 0.7526126999999999
10 0.55248606 0.9400690999999999 0.41242138 0.969723 0.49790192
8 0.45893866 0.63355577 0.6096479 0.85570776 0.8647802
8 0.34292093 0.505791 0.6672668 0.5727075 0.77642936
