3 0.76472425 0.44607738 0.29122895 0.9578496 0.9034204
3 0.5867853 0.15670273 0.2875459 0.5407685999999999 0.6406158000000001
3 0.5595984 0.13400033 0.26683049999999997 0.34297746 0.542558
3 0.45280248 0.054766964 0.42151526 0.14867099 0.58190346
8 0.4384197 0.49086565 0.4477978 0.95750266 0.8964037
8 0.40521306 0.08565177 0.26357868 0.41962147 0.5776212
8 0.38500795 0.25223994 0.28952748 0.97687936 0.8749271999999999
8 0.38071945 0.05366159 0.31573847 0.16872343 0.58785856
8 0.37265965 0.12779189999999999 0.26989558 0.34975500000000004 0.54394656
3 0.36123356 0.13120987 0.27886295 0.44685584 0.5693183
1 0.35456187 0.9089142 0.28904384 0.9691639000000001 0.49487317
