3 0.989298 0.06669439 0.5626555999999999 0.24597666 0.74685174
3 0.9631539000000001 0.46191350000000003 0.55390817 0.5618963 0.6498388
3 0.95043135 0.6115126000000001 0.5340627 0.72294515 0.70562357
3 0.8913033000000001 0.30130932 0.4934656 0.40276003 0.61398256
3 0.89109755 0.024580814 0.5071472 0.10675839 0.60284805
3 0.7874545999999999 0.69559103 0.49757686 0.77694005 0.61014515
3 0.7293568 0.3016272 0.43876684 0.41409123 0.6023979
3 0.6761638000000001 0.74996525 0.44964153 0.8157265 0.5723765000000001
3 0.645049 0.12000769 0.48644030000000005 0.20119748 0.56364936
3 0.61682886 0.06305368 0.46117118 0.13851467 0.55540407
3 0.54645616 0.54724115 0.53583646 0.60548836 0.6105980999999999
8 0.5440071 0.48254386 0.47392187 0.6156916 0.61009526
10 0.46396145 0.41484115 0.19636498 0.43432617 0.26778528
1 0.40161234 0.0039436338 0.59757066 0.03863726 0.8189343000000001
3 0.37083456 0.48398057 0.4820219 0.6078491 0.6142385
