3 0.9903431999999999 0.6046908000000001 0.40211457 0.7545444 0.6402815
3 0.97568107 0.011679992 0.11323789 0.10342798 0.2305915
3 0.9538399 0.50882334 0.4024423 0.6288087 0.7012205
3 0.94126815 0.8548281999999999 0.043285538 0.94519883 0.14846845
3 0.8446349 0.2203 0.31143022 0.52484816 0.8003536
3 0.839586 0.6815026 0.28214142 0.8186405 0.49204037
3 0.8230449000000001 0.0 0.40727514 0.10557571 0.97791034
3 0.81616235 0.11610381 0.21423945 0.27405536 0.46246640000000006
3 0.7841713 0.00037552044000000004 0.20962750000000002 0.034021612 0.39309525
3 0.77242637 0.5725808000000001 0.22124749999999999 0.6816441 0.38619003
3 0.66905624 0.7557640999999999 0.20194921 0.87531877 0.39550474
3 0.63851666 0.7567461 0.18787082 0.881265 0.31320825
3 0.48679817 0.77753437 0.17665857 0.88262105 0.28376064
3 0.35837394 0.11917884 0.19232924 0.27627376 0.31714234
8 0.31311009999999995 0.75243336 0.20082185 0.8819556999999999 0.40448249999999997
