3 0.98310107 0.027148355 0.39997393 0.33943465 0.6670344
3 0.96264666 0.6240163000000001 0.44237380000000004 0.7111696999999999 0.5631699
3 0.9428289000000001 0.7018072 0.36808938 0.9925325 0.6823219
3 0.86549073 0.29018167 0.42245033 0.43074602 0.5757866999999999
3 0.83813584 0.58261204 0.45272428 0.6313754 0.53885627
3 0.610568 0.41331097 0.45146316 0.4451179 0.53781885
3 0.552487 0.5634629 0.46857609999999994 0.5908394 0.51322854
3 0.41971996 0.43470833 0.46009392 0.46081980000000006 0.52776194
3 0.41553006 0.6061890999999999 0.45338488 0.63980323 0.54330593
3 0.3696197 0.39439023 0.44549215 0.43682072 0.54900014
3 0.3625534 0.5695292 0.46369395 0.5984012 0.5218734
3 0.3474955 0.44552200000000003 0.46510342 0.4821674 0.5275986
8 0.319737 0.00445919 0.29803157 0.087136015 0.5197368
