8 0.9853622 0.0 0.41714229999999997 0.2665479 0.7376275
3 0.96269363 0.49017120000000003 0.53184897 0.6056424 0.6157301
3 0.7579694 0.41117293 0.52803653 0.50034887 0.5972562
3 0.68117404 0.39567557 0.53493994 0.44360822 0.5883923000000001
3 0.59399277 0.3118688 0.5310083999999999 0.3465783 0.5696100000000001
3 0.5729349 0.61276233 0.53686076 0.6433455 0.56927156
3 0.5518095000000001 0.04197342 0.6662908000000001 1.0 0.98499197
3 0.49949756 0.39724734 0.5319108 0.47495845 0.5935259
3 0.42091894 0.23443292 0.53213924 0.27208754 0.60482085
8 0.4059275 0.009611320999999999 0.5757369000000001 0.2506525 0.73890793
3 0.4048414 0.38522032 0.5368706 0.42645249999999996 0.5834079000000001
10 0.39139828 0.6346229 0.09680656 0.8667374 0.28960466
