10 0.79493725 0.4577859 0.37144017 0.48111078 0.39254677
10 0.6928021 0.36808193 0.3590587 0.41204965 0.3882255
8 0.60127914 0.09366617 0.5033643 0.19195525 0.58603656
3 0.55381405 0.32979494 0.5313228 0.3499599 0.54791266
10 0.5281283 0.6056288000000001 0.37203854 0.62360555 0.39723003
3 0.52749103 0.095163725 0.51075095 0.19045523 0.5839909000000001
9 0.5157895 0.3684284 0.5480909 0.45089927 0.57282
3 0.46477354 0.33620128 0.52753454 0.35668957 0.54676723
3 0.3350835 0.33219499999999996 0.5333276 0.35640636 0.55031276
10 0.32958233 0.60835785 0.3791897 0.6229041000000001 0.40663716
3 0.30609790000000003 0.34268802 0.5311253 0.3633617 0.5475755999999999
