3 0.9380745999999999 0.51412296 0.5446893 0.56190705 0.59459335
3 0.91231006 5.2866933e-05 0.55434537 0.07617153 0.6038125
3 0.8174453 0.37546775 0.5422499 0.42064086 0.5990397
3 0.77487504 0.24276777 0.5480596999999999 0.28843543 0.57611257
3 0.7677834 0.44588736 0.5430043000000001 0.48837692 0.5888608
3 0.6239401 0.23816444 0.55077755 0.27330184 0.57779413
3 0.6167541 0.08300672 0.5529337 0.13727798 0.5801821999999999
3 0.5179866 0.25295007 0.5495168 0.2987593 0.5754238
3 0.5090129 0.32396248 0.5511385999999999 0.36412016 0.5740305
3 0.39333797 0.091099314 0.55430293 0.121063404 0.5760751000000001
3 0.37118277 0.8367391 0.51076466 0.86888874 0.5388345999999999
3 0.32554385 0.31359228 0.55406463 0.34622428 0.5737482
