3 0.9963728000000001 0.010313705 0.6114742 0.2914698 0.79751647
3 0.9924126 0.6555856 0.6248223 0.8210712 0.71388525
3 0.98902076 0.8333845 0.61508703 1.0 0.7428345000000001
10 0.9850662 0.30285114 0.3749902 0.31725679999999995 0.42760578
10 0.97098136 0.8964466 0.18547067 0.9174619 0.27644318
10 0.9663839 0.36520514 0.3846159 0.38177988 0.4335340999999999
10 0.9618071 0.9432844000000001 0.12650619999999999 0.96815145 0.22980942
8 0.88544065 0.5109388 0.6200635 0.5613478 0.686894
10 0.8769283000000001 0.5478647 0.39298716 0.5607588000000001 0.44523618
10 0.85935944 0.47415558 0.39023470000000005 0.48857042 0.44094965
3 0.8581629000000001 0.7838156 0.62500376 0.8430504999999999 0.69526845
10 0.7844920999999999 0.68403494 0.5003196 0.69855154 0.56433904
10 0.7653667 0.6800377 0.49990654 0.6948839 0.5630416
3 0.76532394 0.40422833 0.63997906 0.43021990000000004 0.6720259
10 0.7404815 0.47004652 0.38770786 0.48499369999999997 0.43867508
10 0.6389633000000001 0.2999051 0.37599176 0.31332543 0.429
3 0.6167374 0.8330613000000001 0.6537029999999999 0.89987737 0.7394148
8 0.6000456999999999 0.26735359999999997 0.6063386 0.38153190000000003 0.7180647
3 0.58063626 0.26812106 0.60479236 0.3810234 0.71338534
