3 0.9776594000000001 0.6034096 0.63494277 0.7218314 0.7022636999999999
3 0.9485796000000001 0.051440515 0.6680537 0.12126500000000001 0.7232473
8 0.89752537 0.11517838 0.6519944000000001 0.16717303 0.7115963000000001
3 0.8897466999999999 0.815384 0.596999 0.9390444 0.6807831
3 0.8822235 0.10826021400000001 0.7176321 1.0 0.98826885
10 0.6352246 0.3700808 0.50273436 0.3893288 0.5216539000000001
62 0.5245569999999999 0.07816908 0.8226045 0.60588336 0.99382305
3 0.512984 0.34664914 0.64120984 0.9934312 0.9946373
10 0.42277825 0.27820045 0.49668809999999997 0.3241275 0.5207988
3 0.42218019999999995 0.016754141 0.65970045 0.052840635 0.70035857
5 0.40362296 0.60704315 0.017156107 1.0 0.6893557
10 0.32764077 0.27759537 0.49969092 0.30727348 0.5201833
3 0.3091877 0.10944234 0.65718573 0.15769242 0.71543133
