3 0.9290214 0.07658075 0.69644225 0.13875568 0.746455
3 0.89423895 0.46637616 0.67794 0.49811515 0.7202741
3 0.8369781999999999 0.8352978000000001 0.62273747 0.95735526 0.70638907
3 0.6914701 0.17920142 0.73003024 0.97175425 0.998195
8 0.67056423 0.1341631 0.68340766 0.19180429999999998 0.7395662
10 0.44730002 0.38873166 0.5272661999999999 0.41239303 0.54648286
3 0.42178464 0.13147756 0.68925226 0.18796864 0.7442548000000001
3 0.39315364 0.31386802 0.6284311 1.0 0.9805439
62 0.37607768 0.122912005 0.8501018 0.6051543 0.99582785
62 0.37536663 0.69112164 0.027145386 1.0 0.6097924
3 0.35680029999999996 0.47446236 0.67455024 0.50678796 0.71590173
10 0.31817624 0.29769883 0.5268428 0.32372317 0.5490904000000001
