3 0.99697447 0.37269095 0.33808225 0.6334113 0.47456884
3 0.9360139000000001 0.25871387 0.34880194 0.32097766 0.41894573
3 0.89461845 0.3026897 0.32861033 0.44934514 0.42477918
3 0.8602726999999999 0.3076848 0.33229026 0.40137818 0.4321325
3 0.80121356 0.03566411 0.52763087 1.0 0.9796883
3 0.7809421 0.045402795 0.32716015 0.11673784 0.375388
3 0.7461018 0.6358323 0.2428542 0.99259114 0.672767
8 0.6350826999999999 0.60460156 0.20640339 1.0 0.6727666
3 0.5758783000000001 0.109262094 0.33830068 0.13954026 0.37540326
3 0.5685284 0.23381224 0.34356102 0.27831087 0.38567567
3 0.5491064999999999 0.030640393 0.37548223 0.6206881 0.9594421999999999
3 0.54641354 0.0048310757000000005 0.32358459999999994 0.05482868 0.3711031
3 0.52890736 0.008007816999999999 0.32347023 0.07637785400000001 0.3760364
3 0.5073844 0.0025461223 0.31448403 0.04534708 0.3610426
3 0.3512471 0.24198246 0.34380109999999997 0.2971937 0.39696002
3 0.33207476 0.02161771 0.55039376 0.5588154000000001 0.9931416999999999
3 0.3016467 0.23849411 0.34724906 0.26658094 0.38535228
