3 0.95427436 0.4523210999999999 0.48868090000000003 0.5967916999999999 0.5793075
8 0.94557667 0.003278032 0.322137 0.40202147 0.7481154999999999
3 0.83421177 0.0 0.6363608000000001 1.0 0.98741585
10 0.83198303 0.5109492999999999 0.32117006 0.5229967000000001 0.36714035
3 0.8138462 0.40078220000000003 0.50254786 0.43601283 0.55914634
10 0.78514063 0.4220184 0.3061448 0.43566906 0.37753259999999994
10 0.5523557 0.5075912 0.32248330000000003 0.5195152 0.36598969
3 0.52814317 0.0021457225 0.28297317 0.40088958 0.88469744
10 0.45659837 0.42673063 0.30648288 0.44136775 0.37703854
10 0.44436273 0.5170956 0.32301557 0.5289034 0.36338013
9 0.39857733 0.770979 0.50182515 0.867093 0.5426059
8 0.30370286 0.0 0.328462 0.5671911000000001 0.8497764000000001
