3 0.99756396 0.0016648769000000001 0.5992265 0.27462167 0.789153
3 0.9913023999999999 0.644386 0.6165741 0.8211039000000001 0.70068586
3 0.9891431999999999 0.83120066 0.60979486 0.9966752000000001 0.7303907
10 0.9377915000000001 0.9440286 0.11499934 0.97018504 0.22208637
10 0.9275394 0.36105636 0.36852887 0.37867078 0.42221376
10 0.92426217 0.8952235999999999 0.17390898 0.9208553 0.2713007
10 0.89623946 0.29316926 0.36183930000000003 0.31001425 0.41710746
3 0.8413461999999999 0.26208824 0.5964154 0.38029784 0.7091699
10 0.7999196 0.541392 0.37651178 0.55460817 0.43538675
10 0.6880013 0.46648026 0.36762148 0.4795363 0.42662847
3 0.6787725 0.39408168 0.63400716 0.42224202 0.66597027
3 0.5948055 0.7890595 0.6246689999999999 0.8383622 0.68973523
8 0.5947983 0.5043625 0.61089325 0.5561655 0.6809269
10 0.5842722 0.36591804 0.36994970000000005 0.38150603 0.42128420000000005
10 0.58131546 0.29744825 0.36095920000000004 0.31455520000000003 0.4177327
3 0.5664167 0.82980007 0.63823605 0.89144987 0.7132335999999999
3 0.41558796 0.5074082999999999 0.609714 0.55471855 0.6820321999999999
10 0.32496953 0.6805053000000001 0.48408368 0.6917154999999999 0.5295121
