3 0.9895158000000002 0.82827514 0.61081904 0.9661073 0.68720734
3 0.92214173 0.08651239999999999 0.6170041 0.15842809 0.6834885
10 0.91796297 0.87438506 0.17426474 0.89986354 0.26809445
10 0.9012233000000001 0.34240642 0.361552 0.36005518 0.41429350000000004
10 0.8833985000000001 0.92633647 0.11290879999999999 0.94852084 0.22226566
10 0.8513509 0.27735174 0.35446432 0.29263294 0.41128948
10 0.8441781999999999 0.5253757 0.37367603 0.53843164 0.42879155
3 0.798686 0.34573743 0.6283603 0.37831238 0.6657951999999999
10 0.73879695 0.45033723 0.36094636 0.46365517 0.41886812
3 0.59303874 0.29665712 0.6159422 0.34206929999999997 0.67969793
10 0.5844369 0.28127792 0.35328132 0.29800412 0.41175818
8 0.46413094 0.26912290000000005 0.6151729 0.3018763 0.6694802
8 0.4506684 0.21935968 0.62192374 0.27580082 0.6802549
10 0.3735482 0.45410237 0.3610575 0.46724805 0.4197379
10 0.36563912 0.44627377 0.36185718 0.45952317 0.41903162
3 0.34884095 0.27107716 0.61684537 0.2983287 0.66942805
3 0.32598330000000003 0.21990329 0.6210651999999999 0.27608374 0.67942107
