3 0.9414958000000001 0.56627816 0.419954 0.6150741999999999 0.49132055
3 0.8901530999999999 0.5007315 0.4222142 0.531794 0.45943558
3 0.88117796 0.0030264743 0.46442991 0.05904916 0.5050792000000001
3 0.84899426 0.30898198 0.4234662 0.35035464 0.45776522
5 0.8288834999999999 0.015623271000000001 0.5274175 0.9819139000000001 0.94877267
3 0.8213376 0.042560622 0.44632235 0.098667294 0.5020737
3 0.7961678000000001 0.5459625 0.41797757 0.57630736 0.46448258
3 0.75751394 0.6195491999999999 0.4244454000000001 0.6540486 0.4714504
8 0.6045845000000001 0.09982636 0.40027946 0.24921754 0.48378876
3 0.49226105 0.96489424 0.44564962 0.9968813 0.5669194000000001
3 0.46283522 0.022313535 0.465344 1.0 0.99395794
3 0.45424005 0.3484012 0.41681808 0.3752442 0.44635525
3 0.39292496 0.10149093 0.40119022 0.24025963 0.48427709999999996
5 0.36249232 0.37773535 0.7326539000000001 0.99026775 0.97404027
3 0.35579953 0.32081568 0.42034170000000004 0.36686516 0.45551082
3 0.33256948 0.39212018 0.41912493 0.412023 0.44239894
3 0.30944824 0.65011597 0.41948270000000004 0.6731465999999999 0.45467588
3 0.306197 0.39932442 0.42083094 0.41846228 0.44285187
3 0.30369154 0.38914195 0.4255969 0.40719268 0.4460401
