3 0.97747153 0.8421267 0.41497135 1.0 0.58728284
3 0.96443695 0.18065566 0.4139929 0.24529347 0.50339776
3 0.9470474 0.40132362 0.4178639 0.45832527 0.48557627
3 0.9430626 0.0047803 0.3621317 0.18952003 0.55250376
3 0.9425498999999999 0.29843345 0.41748098 0.33472505 0.46039957
3 0.90336454 0.8019826999999999 0.40712315 0.9110598 0.49277570000000004
8 0.88213193 0.48600996 0.20285852 0.8080119 0.6171873000000001
3 0.8016005999999999 0.24120998 0.40069458 0.28648627 0.47441658
6 0.8007603 0.48356049999999995 0.21263984 0.7993216999999999 0.617475
3 0.7904757 0.33927995 0.4227878 0.37402046 0.45701468
3 0.72116846 0.4477523 0.41642815 0.4836139 0.46231562
3 0.4965094 0.7745831999999999 0.3894395 0.8307693000000002 0.44613674
3 0.45651590000000003 0.3723018 0.42072335 0.405669 0.45754924
7 0.44441763 0.02341941 0.47605768 0.843241 0.92393726
3 0.4285876 0.36384833 0.42361948 0.3941524 0.45259896
