3 0.9831639999999999 0.83321536 0.17482786 0.99653137 0.42468533
8 0.9576581000000001 0.0 0.06807756400000001 0.21655208 0.34125698
3 0.9460215 0.52898747 0.16589561 0.6587017 0.35606778
3 0.8702540000000001 0.46789719999999996 0.16998870000000002 0.49361613 0.20395395
3 0.78475976 0.6522811 0.16472134 0.6978124 0.20219688
3 0.7627151999999999 0.74873203 0.13215616 0.9330042 0.3064823
3 0.74594456 0.007491231 0.5143551 1.0 0.99096423
3 0.62603515 0.64832133 0.16316588 0.6818833000000001 0.20026292
3 0.54135627 0.47164065 0.1752595 0.49990183 0.20545095
3 0.41626015 0.15095973 0.31490338 0.98087883 0.96141416
7 0.4006451 0.0 0.5678261 1.0 0.93497354
3 0.39304605 0.40014976 0.5331138000000001 1.0 0.9899783999999999
3 0.39191076 0.521267 0.1740122 0.54622394 0.21112986
3 0.38158885 0.6710793 0.16460466 0.7014599 0.20212595
3 0.3484812 0.50694704 0.17645472 0.5340512 0.20981674
8 0.33287513 0.74874943 0.14239076 0.9302469999999999 0.30998015
3 0.32451907 0.64165616 0.16241129 0.6636692 0.20012593
