10 0.9560808000000001 0.021626014 0.042432162999999995 0.054467205 0.20649122
3 0.95252925 0.060219787000000004 0.5519663 0.12520304 0.6643616
3 0.94362456 0.12705077 0.57075053 0.16970216 0.61467963
3 0.9341343000000001 0.7135031999999999 0.56880987 0.7977086999999999 0.6397074
3 0.9172498 0.17549053 0.5074058 0.57228065 0.8626284
3 0.8180343000000001 0.002816882 0.48184523 0.08233203 0.76932603
3 0.81753683 0.5052134 0.5638008000000001 0.54832304 0.5962781999999999
11 0.8035359999999999 0.91760945 0.6150358 0.9497001 0.72957903
10 0.80229354 0.33757424 0.3837046 0.35046077 0.43988848
10 0.7576425999999999 0.66618484 0.24368766 0.6870553 0.32626405
10 0.6507446 0.34091944 0.38526082 0.35323054 0.44226363
10 0.6497295 0.40455359999999996 0.3962788 0.41607058 0.44067082
3 0.6484576999999999 0.19141153 0.5671446 0.23979011 0.6146451999999999
3 0.5938203000000001 0.5289596 0.5640498 0.57157046 0.6069116999999999
3 0.5598691 0.5149469 0.5638607 0.5641001 0.6029826
3 0.5586958000000001 0.88366556 0.56218445 0.98313725 0.64621884
10 0.50956416 0.40141213 0.39555064 0.40958023 0.43761918
1 0.4624885 0.78767496 0.5483878000000001 0.8253055 0.68520164
10 0.44593698 0.061084345 0.46065077 0.076521516 0.51383233
3 0.37111148 0.07102123 0.48371559999999997 0.9008957000000001 0.9736023000000001
1 0.33978438 0.59110683 0.5597882 0.60473055 0.62036
8 0.33040482 0.86695284 0.558301 0.9889584000000001 0.6487679000000001
