3 0.95780003 0.55124426 0.45641682 0.614889 0.53360444
3 0.9537994000000001 0.3202722 0.40586942 0.52565265 0.7266093000000001
3 0.9456517 0.0 0.38956302 0.23284876 0.79763436
3 0.8844407 0.8957063 0.50065863 1.0 0.714631
10 0.8355174000000001 0.9452848 0.08840631 0.9721305 0.18909623
3 0.82938975 0.8980228000000001 0.49786404 0.994123 0.5644566999999999
10 0.8081899 0.6125315 0.20644780000000001 0.6412526999999999 0.26985136
3 0.6255158000000001 0.41796476 0.9022003000000001 0.5189911 0.99212646
8 0.54479 0.00184194 0.32139525 0.2294333 0.7979714
1 0.5137951 0.67461264 0.47696257 0.68755376 0.5326354999999999
3 0.510782 0.5393302 0.45923 0.56744295 0.5171867
10 0.4654207 0.26726955 0.32955223 0.27783024 0.36846033
10 0.31538498 0.2645017 0.3264631 0.27476025 0.36648455
3 0.30179468 0.5335578000000001 0.46288687 0.5558932 0.5130170000000001
