3 0.9872989 0.49307399999999996 0.5878745 0.5773911 0.68417925
3 0.9817322 0.5864198 0.59363264 0.6526445 0.6752756
8 0.9809343 0.24105199 0.49428463 0.45505249999999997 0.7945348000000001
3 0.8324768 0.20191361 0.59357697 0.23805024 0.632688
3 0.81101006 0.46482012 0.5921581 0.49560353 0.6492855
3 0.7090055000000001 0.015435181999999999 0.60457045 0.047742054000000006 0.65101194
3 0.68958473 0.15070455 0.5957895999999999 0.1893516 0.63502395
3 0.6774564000000001 0.025965452000000003 0.6078151999999999 0.044086434 0.6500007
3 0.65737396 0.55441225 0.5857451 0.5871413000000001 0.6530184
10 0.38137564 0.55923367 0.46002463 0.56790566 0.49263679999999993
10 0.37103608 0.5546876999999999 0.45926803 0.5637949000000001 0.49232525
3 0.30905572 0.17877817 0.5933252 0.20111945 0.6317624
