3 0.99521303 0.0 0.6263224000000001 0.20761113 0.75136983
3 0.98695326 0.22074947 0.6230534000000001 0.3917742 0.7136795
10 0.980332 0.96472734 0.11176244 0.99532515 0.22067888
3 0.9732642 0.8788565999999999 0.5976226 1.0 0.7100326
10 0.95836467 0.9194131 0.16716509 0.94411445 0.27194294
8 0.89816946 0.42625076 0.5654228 0.61071306 0.69593626
10 0.84735227 0.38088804 0.37190956 0.39924502 0.42493248
3 0.8432509 0.70106816 0.6028748 0.8358804 0.6977939999999999
10 0.8238701999999999 0.5608165 0.38318297 0.5754999 0.43927923
10 0.82306993 0.31543934 0.36555040000000005 0.33022904 0.42186487
10 0.7287749 0.48518407 0.36865667 0.49888420000000006 0.43337908
10 0.6150934 0.5648115 0.38031304 0.57946783 0.43971306
10 0.5668703 0.32302659999999994 0.36664885 0.3353755 0.4213804
10 0.49655727 0.7034184 0.48592436 0.7189175 0.5435335
10 0.48561046 0.49041298 0.36786595 0.50247645 0.43309927
10 0.4034232 0.38704744 0.37116209999999994 0.40453663 0.42308950000000006
3 0.34561786 0.19481684 0.63535607 0.21958347 0.67255944
