3 0.97166306 0.75491744 0.66597253 0.8431485000000001 0.71624297
3 0.9060684999999999 0.070133045 0.69612026 0.15182742 0.74593884
3 0.8348511000000001 0.83896387 0.6224705 0.9635726 0.7070633000000001
3 0.7320284 0.13440841 0.6814486 0.18436646 0.7358091
3 0.56342876 0.06617761 0.83568126 0.62503594 0.994732
10 0.5338776 0.38913637 0.5252333 0.40419942 0.54681283
3 0.4791709 0.46843088 0.67330587 0.4979024 0.71258104
8 0.3693538 0.46699348 0.67304313 0.49800345 0.7123364000000001
3 0.36686304 0.03251311 0.7233185999999999 0.7260506 0.98897743
3 0.32227993 0.7140503 0.66467327 0.7687684 0.7041187
