10 0.9557844999999999 0.8765028 0.18127552 0.90099853 0.2757446
10 0.93863064 0.92426944 0.12149918 0.9483795 0.23020299
3 0.90724856 0.091903985 0.62217283 0.16325381 0.69612044
10 0.85418886 0.5267191 0.38552356 0.54061663 0.44194403
10 0.8300346 0.27618852 0.36593512 0.2911404 0.42288002
3 0.80881524 0.28990787 0.62956256 0.34313983 0.68974185
10 0.7877764 0.3462838 0.37115043 0.3634448 0.426701
3 0.76573384 0.22273959 0.6157100000000001 0.28486338 0.69057685
10 0.70908093 0.6645121999999999 0.4942736 0.6803166 0.55893326
10 0.65745693 0.5220157999999999 0.38489074 0.5369600999999999 0.44015342
10 0.65525377 0.45077700000000004 0.37148285 0.46406507 0.43290259999999997
10 0.5814636999999999 0.3517744 0.37404576 0.36574823 0.42551795
8 0.57727826 0.8569969000000001 0.60093135 1.0 0.7015255
3 0.5720889 0.4948518 0.6306501999999999 0.5270773 0.6718208999999999
3 0.5262971 0.056451842 0.6202227 0.09412272 0.6641611999999999
10 0.49528143 0.44761485 0.3729889 0.45898485 0.43263087
3 0.44706714 0.8610959 0.60144544 0.9963243 0.7007889
3 0.44124547 0.5526369000000001 0.64530784 0.5718253000000001 0.6697508000000001
10 0.42323247 0.2858853 0.36439863 0.30066714 0.42183182
10 0.3071722 0.45687553 0.36923959999999995 0.46837255 0.43209615
