3 0.9430536 0.45453164 0.48870182 0.6000350999999999 0.5781675000000001
8 0.8351453000000001 0.006951585400000001 0.32373306 0.41408527 0.74774665
3 0.7959436 0.40020493 0.4992713 0.43731162 0.5609274999999999
3 0.78610617 0.0 0.6284649999999999 1.0 0.99011314
10 0.76146215 0.42341164 0.30288309999999996 0.43667979999999995 0.37655014
10 0.67010033 0.5142196 0.32358295 0.5264260000000001 0.36809440000000004
10 0.5850324 0.51024115 0.32133165 0.52021205 0.36612573
9 0.4845417 0.77229667 0.4882619000000001 0.8629303 0.5323566
10 0.46049455 0.4342269 0.30640244 0.4447638 0.37062790000000007
10 0.41694677 0.42955408 0.30205098 0.442687 0.37514254
3 0.403841 0.005143717 0.3258324 0.40558636 0.74787205
10 0.39891213 0.9325394 0.059468277 1.0 0.22442889
3 0.3890634 0.0 0.6816048000000001 0.651315 0.9777065999999999
10 0.31768972 0.519598 0.32225436 0.5305779 0.36367005
3 0.30051568 0.0 0.3556112 0.5631769 0.8694759
