3 0.9382775 0.74152064 0.62116593 0.8364636000000001 0.6871748000000001
3 0.9137055000000001 0.06420748 0.65740913 0.14017461 0.71157444
8 0.8594726 0.60125774 0.6188594000000001 0.72765714 0.69337624
3 0.81240815 0.125603 0.64896566 0.17319606 0.70488125
3 0.79750985 0.8300344999999999 0.5941135000000001 0.94807935 0.6781919
3 0.5390802 0.46501797 0.64824957 0.4866170999999999 0.67726755
10 0.4899652 0.2899572 0.49128285 0.31587377 0.5164159
3 0.42553556 0.0024158657 0.7313211 0.8123130999999999 0.9989604999999999
3 0.34659836 0.34789363 0.7580355 0.99323237 1.0
3 0.32841709999999996 0.71402067 0.6340874 0.75178856 0.6754011999999999
8 0.32828979999999996 0.82632923 0.5939215 0.9550021999999999 0.6813047
