3 0.99278283 0.46797392 0.60148484 0.66376185 0.7148853000000001
3 0.98296404 0.3309021 0.5972202 0.4990958 0.69972914
10 0.9718155999999999 0.8787231 0.17110367 0.9042084999999999 0.26929975
10 0.95430464 0.92719686 0.11535866 0.95195746 0.22563553
3 0.9268668999999999 0.0900041 0.60678655 0.16377439 0.67617434
3 0.8845294 0.29372513 0.6163813 0.3452801 0.67380095
10 0.83751005 0.52805364 0.37126493 0.54181623 0.42796347
10 0.7782631999999999 0.45085442 0.35856238 0.4651717000000001 0.41969553
10 0.76102525 0.28004298 0.35023615 0.2941269 0.4083991
10 0.7252738000000001 0.3456883 0.35832945 0.36222348 0.40980712
3 0.62356573 0.8727037 0.6049509 0.92959726 0.64974767
10 0.6190055 0.35089928 0.3613356 0.36626542 0.4111378
10 0.5744291 0.6620988 0.4805923 0.6793861 0.54579693
3 0.56328493 0.22288905 0.6003219 0.2864079 0.6763547
10 0.5353033 0.45488346 0.35931695 0.46866083 0.4214991
10 0.5059545 0.5322411 0.36977822 0.54564965 0.42678505
10 0.46087113 0.44746083 0.3620232 0.45993173 0.41846812
8 0.42624578 0.22144763 0.600701 0.28661484 0.67768514
10 0.35019886 0.27581668 0.3453442 0.28826648 0.40828288
10 0.33537826 0.29082718 0.34686485 0.30082294 0.40404257
