3 0.94259775 0.8518473 0.5781602 0.96689653 0.6539483
3 0.94239974 0.003211297 0.5326132 0.0997265 0.60735047
3 0.91648257 0.16075207 0.55559015 0.22155748 0.6013767
3 0.90119034 0.1089839 0.5528337 0.16461474 0.5989401999999999
3 0.8959590000000001 0.22418295 0.5562449 0.26177013 0.6001826
3 0.8774903000000001 0.9557498 0.5782291 1.0 0.61558443
3 0.8238238999999999 0.26562518 0.5507251999999999 0.29549795 0.59371156
3 0.7653715 0.93414354 0.5761864000000001 1.0 0.618275
3 0.6029255 0.68622667 0.558521 0.75494367 0.59578025
3 0.599355 0.208159 0.5446065999999999 0.23222348 0.590504
3 0.5885018 0.639323 0.5660489000000001 0.6697978 0.58980167
3 0.48537198 0.0 0.65734404 0.66867137 1.0
10 0.44300145 0.4395674 0.4299813 0.45578188 0.44988528
3 0.434199 0.47962429999999995 0.5570904000000001 0.5063704000000001 0.5818141
3 0.40201473 0.0 0.564472 0.83746225 0.9767278
62 0.3796357 0.83284396 0.0029049184999999996 1.0 0.37611946
3 0.37332854 0.66678447 0.5596196 0.70085424 0.59220994
3 0.3176364 0.19637667 0.549866 0.22369106 0.59206325
10 0.31159240000000005 0.439683 0.43425208 0.45213124 0.45333454
