3 0.97741574 0.28745735 0.60731345 0.45729548 0.7067945
10 0.9764638000000001 0.9521617 0.11182634 0.9816554 0.22255261
3 0.97602457 0.75291055 0.6091545 0.9788341999999999 0.74130285
10 0.96848863 0.90517575 0.16679187 0.93095964 0.26933116
3 0.96064705 7.337704e-05 0.60971206 0.043439995 0.69857675
3 0.94247395 0.11528842 0.61888677 0.1854227 0.6848901999999999
3 0.9318376 0.49856284 0.61552787 0.53269947 0.66554594
3 0.90671223 0.6456679 0.59170425 0.80732477 0.6949768
3 0.8839504000000001 0.9088175 0.58954984 1.0 0.6995596
10 0.874246 0.30087337 0.3588869 0.31586263 0.41466108
10 0.8394799000000001 0.472397 0.36830643 0.4866549 0.42831495
10 0.82527786 0.3707459 0.36796588 0.38708866 0.42132503
3 0.77721274 0.24766536 0.60619676 0.30659297 0.6788144
3 0.70336473 0.5507215 0.60657626 0.64142776 0.6848206
10 0.69756925 0.5489233 0.3737172 0.5628899 0.43373016
10 0.5935066 0.36513814 0.36578268 0.38083032 0.41681549999999995
10 0.56149614 0.3082621 0.35792953 0.32189226 0.41576177
10 0.3875969 0.68968827 0.48546186 0.7051670999999999 0.5388923000000001
