3 0.9867986999999999 0.4840713 0.58947736 0.6028994000000001 0.65112025
3 0.9132973 0.18832870000000002 0.57884103 0.24285863 0.6276527
3 0.90428424 0.9752439 0.6133422 1.0 0.6742918999999999
10 0.8590691999999999 0.36057207 0.37105352 0.3755698 0.43922746
3 0.8106335 0.6108588 0.56566113 0.80240035 0.7158589
3 0.7085573000000001 0.28837502 0.591869 0.3096491 0.6175772
72 0.67939264 0.64397484 0.010541956000000002 0.9906661 0.27111609999999997
10 0.67866236 0.45259315 0.3929542 0.4653139 0.43816334
10 0.6632568 0.44965547 0.39219174 0.4621148 0.43727726
10 0.5365307 0.36706459999999996 0.36757532 0.38002604 0.4396359
10 0.4829157 0.51774687 0.3961808 0.53267556 0.43776053
3 0.46231323 0.32711285 0.5658779 0.37137370000000003 0.62664586
10 0.41194135 0.37356988 0.37085274 0.38400564 0.43736744
8 0.40577686 0.32531598 0.5639004 0.36834678 0.629464
3 0.37860587 0.0 0.5852655999999999 0.010328395 0.6463445999999999
3 0.33417755 0.0 0.72662145 1.0 0.99625653
8 0.32754904 0.6008931 0.56712854 0.8099132 0.7127423
10 0.32708654 0.4473394 0.38892442 0.45860204 0.43797094
