3 0.93994534 0.4414363 0.6271159000000001 0.59734964 0.6950722
3 0.9334543 0.05250579 0.6601199999999999 0.12546849999999998 0.71449167
8 0.91547996 0.18919617 0.6334005 0.3266878 0.7153323
3 0.8094541999999999 0.8140608 0.59056646 0.9399221 0.67555326
3 0.8044701 0.404319 0.6262508000000001 0.5009943 0.69860965
3 0.7875236 0.4080823 0.6225261 0.55784297 0.6986254
3 0.64932656 0.11265464 0.6465774999999999 0.16339160000000003 0.7047279000000001
10 0.5104039 0.370127 0.49513924 0.38494483 0.5124141
3 0.49021763 0.0 0.7520741999999999 0.6898053000000001 0.9915423000000001
8 0.38744809999999996 0.114190765 0.64479226 0.16570972 0.7011212
