3 0.98720723 0.0033899546000000003 0.62955457 0.12974092 0.76703125
3 0.98177874 0.17410965 0.62806016 0.34683459999999994 0.73372525
3 0.9733040999999999 0.097791635 0.6431018000000001 0.18497464 0.72763664
3 0.96355695 0.80810857 0.60879624 1.0 0.7553583
10 0.96175873 0.95726657 0.18833333 0.9810040999999999 0.2883205
3 0.89277345 0.46799824 0.6227188 0.6390979 0.7196435999999999
10 0.7981242 0.41719452 0.387027 0.43420193 0.44238514
10 0.7565144 0.522868 0.3813664 0.5374133000000001 0.44957152
10 0.74397236 0.35624924 0.37989154 0.37032990000000005 0.43812543
3 0.74135256 0.76012564 0.6263201 0.7991159000000001 0.6764412
10 0.7298169 0.35067698 0.382141 0.36427715 0.43813375
10 0.6776646 0.5999165 0.39716244 0.6141769 0.45583767
3 0.62868476 0.3189239 0.6290642 0.35847563 0.69574237
3 0.62120587 0.16288877 0.6381098000000001 0.23365679999999997 0.71667296
3 0.58964795 0.36638522 0.6425081 0.41343789999999997 0.70266616
3 0.5791535 0.79922587 0.6032543 0.9555041 0.72657204
10 0.56906074 0.96273637 0.18484834 0.98774064 0.29017314
10 0.48639040000000006 0.74277604 0.5140888 0.75734484 0.5853497
8 0.3986325 0.36549467 0.6428138000000001 0.41352725 0.7023623
3 0.36285114 0.63691765 0.65076405 0.655814 0.6730441
3 0.32193979999999994 0.056300074000000006 0.63309324 0.18504703 0.7368598000000001
3 0.3059382 0.29605842 0.62504035 0.36287755 0.69806737
