3 0.9949993 0.07819192 0.5966604 0.38042790000000004 0.7737106
3 0.9791615 0.94747734 0.6134203 1.0 0.7057882
3 0.97248805 0.7672959 0.6170892 0.90851873 0.6973694
10 0.9652231 0.8902101 0.1773979 0.9141707 0.27121413
10 0.9575104 0.9384551999999999 0.11544498 0.9653130999999999 0.22618838
3 0.91005445 0.34694709999999995 0.62313396 0.39141609999999993 0.6828432
10 0.9019511999999998 0.35492605 0.36592638 0.3730724 0.41906092
10 0.84959847 0.5391179 0.37982264 0.55487293 0.43752143
3 0.7885668 0.899335 0.61258143 0.9475719000000001 0.66366434
10 0.7720651 0.28827129999999995 0.35925165 0.30244899999999997 0.41660395
10 0.75492436 0.46314648 0.36995759999999994 0.47553770000000006 0.42505470000000006
10 0.7321298 0.29312387 0.35957354 0.30757406 0.41674963
3 0.63339937 0.48915473 0.61650157 0.5380654 0.67295355
10 0.6186763000000001 0.35977950000000003 0.36538416 0.37772259999999996 0.42147657
10 0.41780877 0.46871096 0.369944 0.48137640000000004 0.42362570000000005
10 0.36596403 0.6805224 0.49502543 0.6951786999999999 0.55597126
8 0.34107402 0.49110103 0.61587995 0.54205894 0.6727696999999999
10 0.33521503 0.29831234 0.35513297 0.31346753 0.41504037
