3 0.78231484 0.28887212 0.33647886 0.31045687 0.36521748
3 0.7807751 0.31833112 0.32630122 0.34328586 0.36188072
3 0.76359355 0.18086846 0.3269776 0.22670816 0.37718934
3 0.69739354 0.36130148 0.32543766 0.3819415 0.35202414
3 0.67795634 0.0073823854 0.3191987 0.09115118 0.39565279999999997
8 0.6746884 0.4926057 0.32411855 0.51420903 0.35991082
3 0.6534738 0.37008753 0.32572725 0.38712677 0.35180059999999996
3 0.6042823 0.2943125 0.33457223 0.31690702 0.3637723
3 0.5693140999999999 0.08383868 0.31439254 0.17054424 0.3916124
8 0.50036585 0.08951099 0.30792800000000004 0.16952346 0.39117345
3 0.42861277 0.30188742 0.3320848 0.32395688 0.36325073
3 0.36507365 0.39160714 0.3266611 0.41018668 0.3494064
8 0.36501464 0.0045990421999999994 0.3176991 0.09956831 0.39665085
