3 0.9932579 0.47095929999999997 0.6402138 0.66590714 0.7467282
3 0.98678815 0.6453614000000001 0.62851554 0.79177773 0.72894853
10 0.976198 0.9400527 0.18563268 0.9645954 0.28398457
3 0.918047 0.18334845 0.64920616 0.21595046 0.70952255
10 0.87672186 0.50013006 0.3969031 0.51446104 0.45522797
3 0.8731621999999999 0.34966886 0.6516675999999999 0.39514703 0.70904744
10 0.85999227 0.3962128 0.39520732 0.41435888 0.44827598
3 0.84723043 0.87548137 0.6187951999999999 0.99803317 0.72424
10 0.7789279 0.9878925999999999 0.13583520000000002 1.0 0.22409484
10 0.765776 0.33212729999999996 0.39019507 0.3470061 0.44668177
10 0.7204866 0.5773649000000001 0.40155146 0.591167 0.46080200000000004
3 0.6584711 0.27908912 0.63879687 0.3407515 0.7120393
3 0.65694094 0.0017790123999999999 0.56034064 0.18891376 0.82136744
8 0.63004714 0.7599733 0.6282241999999999 0.8794860999999999 0.71703625
10 0.6051496 0.5037235999999999 0.39317042 0.5177258 0.45458815
10 0.546268 0.5814189999999999 0.39929274 0.59521854 0.46109859999999997
10 0.50556546 0.33927283 0.39185214 0.35149172 0.44642413
8 0.41766563 0.00037166476 0.5625131999999999 0.19403264 0.8222315
10 0.41671056 0.9657208 0.16603829 0.9969031999999999 0.26064932
10 0.39860147 0.40134108 0.3941057 0.41731197 0.446773
10 0.34877178 0.9782848 0.14567465 0.99941665 0.24296804
8 0.33977422 0.8775696 0.6206444000000001 1.0 0.7176398
8 0.3334873 0.2791381 0.64027977 0.34281498 0.7121571
