3 0.9906165000000001 0.8391174000000001 0.5884833 0.9999119000000001 0.73320276
3 0.89638495 0.012834638 0.45762749999999996 0.7963623000000001 0.99042594
3 0.8340241 0.017739281000000003 0.47356924 0.40798736 0.94912827
3 0.75229216 0.030581549 0.534125 0.3225097 0.8802653
3 0.7037696 0.04101312 0.7315210999999999 0.7958658000000001 0.999641
3 0.56167763 0.48560312 0.6179932 0.51472336 0.6563808000000001
3 0.4268291 0.007927284 0.47867098 0.23092307 0.9568040000000001
8 0.3382251 0.48551223 0.6176899 0.51545215 0.6572547
10 0.32654327 0.56131357 0.50807947 0.5723168000000001 0.5488316
10 0.3115739 0.55509686 0.50870526 0.5671427 0.54886883
