3 0.911128 0.23146828 0.5422125 0.2694473 0.5859429
3 0.8982964 0.88525534 0.56030166 0.9987925 0.64016515
3 0.8879368000000001 0.29111529999999997 0.5379037 0.32024159999999996 0.57506865
3 0.8715132 0.11714214 0.5345369000000001 0.16835234 0.5828547
3 0.84737617 0.16801524 0.5312543000000001 0.2199643 0.5843628000000001
3 0.74201894 0.48053867 0.5429924 0.5060020000000001 0.5686528000000001
3 0.59184694 0.335015 0.5357784000000001 0.37445098 0.5906667
3 0.5282344 0.0 0.6594154000000001 0.95115566 1.0
3 0.52327526 0.20836815 0.53096706 0.23519576 0.57086116
3 0.47290814 0.6875899000000001 0.54064476 0.7543316999999999 0.57708687
3 0.46120247 0.19535476 0.5304234999999999 0.24000844 0.5765036
8 0.38663632 0.3373408 0.5359434000000001 0.3756139 0.59151804
3 0.37748992 0.22204734 0.53949624 0.25197485 0.58230305
10 0.35510167 0.44039488 0.41996387 0.45547324 0.43926850000000006
3 0.3397475 0.25054488 0.54109764 0.2749525 0.5798629
3 0.317587 0.64219224 0.5449974 0.6745583 0.57704
