3 0.99292105 0.85052437 0.43446207 0.99997884 0.5304495
10 0.9160577 0.36405015 0.200785 0.4028983 0.24078825
3 0.87677455 0.0043264925 0.34752333 0.27162993 0.58970076
3 0.86418855 0.4257603 0.48104742 0.45459935 0.51043534
3 0.7117796999999999 0.0 0.69591886 0.9618392 0.9886325999999999
10 0.6996616 0.476678 0.20471299 0.5150255 0.23828597
3 0.5782662 0.013549149 0.5194101 0.8624700000000001 0.971226
3 0.55898607 0.2514364 0.46842253 0.27943307 0.52371997
10 0.44272152 0.3671724 0.20368011 0.3943142 0.23737927
8 0.31399366 0.0 0.35973364 0.28048307 0.59418386
