3 0.98986477 0.38218087 0.32862175 0.6242669 0.4691616
8 0.9149726 0.62576854 0.22038577 1.0 0.68378824
3 0.87545836 0.33760992 0.32383594 0.43381873 0.42850340000000003
3 0.83048266 0.0 0.5506363000000001 1.0 1.0
3 0.7757775 0.25686163 0.3378104 0.30362952 0.40775323
3 0.7107699000000001 0.29695659999999996 0.33283809999999997 0.35107803 0.41789562
3 0.44257626 0.044962185999999994 0.31654295 0.12634845 0.36512926
3 0.39159706 0.60798275 0.38388392 0.6550795 0.5284338000000001
3 0.32763606 0.26795676 0.3326612 0.33792487 0.40828535
3 0.32314697 0.30262405 0.32930022 0.37106282 0.42382812
3 0.3075619 0.34966353 0.32289118 0.5101363 0.44637853
