3 0.991252 0.0 0.46167073 0.30475155 0.8864489999999999
3 0.95403516 0.49727345 0.52256995 0.56773996 0.6114064
3 0.93729466 0.8557793 0.5131444000000001 0.99754953 0.6765439999999999
3 0.81579804 0.47196520000000003 0.5259838000000001 0.5275174 0.6169286
3 0.79678595 0.7642156999999999 0.5331509 0.82225144 0.6260328000000001
3 0.7487914999999999 0.7042495 0.5549864999999999 0.7463403000000001 0.5875929
3 0.7158886 0.8086776999999999 0.5140538 0.9110639000000001 0.63359874
3 0.6810104 0.8337716000000001 0.51623636 0.9544585999999999 0.6683657
3 0.6440100000000001 0.35410896 0.491911 0.4425281 0.5722778000000001
3 0.6149475999999999 0.20024702 0.49111423 0.44801304 0.7847447
3 0.5250819 0.34961838 0.4872061 0.48747820000000003 0.6264744000000001
3 0.5199518 0.10637015 0.47597826 0.90051705 0.95826995
28 0.49969476 0.2045773 0.5006584 0.32923165 0.5739466
3 0.44336978 0.31378920000000005 0.51448524 0.39480466 0.5944099
3 0.3010421 0.62766236 0.53532493 0.677154 0.58116734
