3 0.995044 0.6046767 0.5143664000000001 0.9434265 0.81420654
3 0.9640559999999999 0.043755427 0.42648765 0.34112644 0.72890943
8 0.75076485 0.3578743 0.47394875 0.45269462 0.5593528
3 0.7306168000000001 0.47187638 0.5083487 0.5049876 0.5426228
3 0.5428225 0.5050735 0.49848813 0.5568233 0.55711555
3 0.4943151 0.34660795 0.47767627 0.44670084 0.5579569000000001
3 0.44105038 0.42905459999999995 0.4847184 0.46077326 0.5533522
3 0.41481256 0.61252904 0.5029279999999999 0.6594403 0.5657949999999999
51 0.34700638 0.4882247 0.8067764000000001 0.62031406 0.95247227
3 0.30286658 0.5490804 0.5450001 0.5869304 0.5868429000000001
