3 0.73862755 0.14849690000000001 0.36567402 0.24536923 0.4505134
3 0.6586128000000001 0.01772222 0.37502759999999996 0.20521398 0.57206815
3 0.4164418 0.437021 0.41802362 0.4609777 0.44810468
28 0.40577729999999995 0.86953646 0.32959348 1.0 0.42258272
3 0.39629292 0.761734 0.34517318 1.0 0.7437672
3 0.39275476 0.05480774 0.39337826 0.17739801 0.60912293
9 0.38009533 0.3796823 0.41528466 0.41414386 0.46403019999999995
28 0.36532742 0.62761915 0.33784473 0.77877414 0.49939385
3 0.3405783 0.021459468 0.47962746 0.08925583 0.554177
3 0.32659146 0.44144177 0.41629738 0.46706218 0.44996935
1 0.3012003 0.24574366 0.43092653 0.27096924 0.5284293999999999
