3 0.9816736999999999 0.0 0.52637595 0.074914284 0.78844184
3 0.9713964 0.036852262999999996 0.54634696 0.16378444 0.7173706
1 0.92065686 0.8982008 0.48416176 0.95122486 0.6388128000000001
3 0.8889424000000001 0.54374605 0.5221304 0.671547 0.61456513
3 0.70905775 0.6523366 0.5248071 0.70282197 0.6018345
3 0.6831798000000001 0.17715776 0.50862855 0.2979077 0.6790566
3 0.6450191 0.7208372 0.5324812 0.80739003 0.6109291
3 0.6249869 0.29308814 0.5055729999999999 0.49968123 0.8015536999999999
1 0.61745477 0.79843885 0.5036616 0.8298045000000001 0.6230574000000001
8 0.55473745 0.17757413 0.50764126 0.29435652 0.7067925
8 0.41410384 0.27990243 0.51538765 0.50896215 0.8087310000000001
1 0.31239986 0.84564865 0.49408108 0.87413406 0.64431745
