3 0.9058902 0.6754456 0.42070799999999997 0.786321 0.50861335
8 0.81489974 0.48701054 0.3876237 0.5655846999999999 0.4795589
3 0.76695293 0.0 0.36517036 0.24386445 0.6726326
3 0.62209815 0.10489434 0.3481494 0.95190257 0.9672632
3 0.5192477 0.58058 0.41654485 0.60923994 0.44870535
3 0.50750333 0.11704776 0.38250625 0.27018052 0.50207347
3 0.49392018 0.02649483 0.5481471 0.5381906999999999 1.0
8 0.43436490000000005 0.34367746 0.38807470000000005 0.38340116 0.44943829999999996
3 0.41299623 0.3435277 0.38995415 0.38361576 0.45088140000000004
8 0.38455102 0.008664228000000001 0.36340624 0.23654222 0.6805833
3 0.36825946 0.5884789 0.41458574 0.6145824000000001 0.44586903
8 0.33703485 0.11489948 0.38161922 0.26932659999999997 0.4998694
