3 0.978678 0.68665195 0.5109287 0.76206213 0.58663315
9 0.81991583 0.34480903 0.48201153 0.70879513 0.88583386
3 0.8058616 0.56607574 0.49909058 0.6394261 0.5800673000000001
3 0.77854806 0.37199283 0.5059133 0.6997869000000001 0.8903309000000001
8 0.6662176999999999 0.37166220000000005 0.48284328 0.47403452 0.56461066
8 0.60133237 0.038921732 0.466674 0.18537043 0.59339744
10 0.5211060000000001 0.9539941999999999 0.38236529999999996 0.97539335 0.46664533
3 0.41309616 0.37270814 0.48377377 0.47172007 0.5584925000000001
3 0.38417938 0.041437056 0.47375867 0.1743138 0.58996433
3 0.36429626 0.39331609999999995 0.5114036 0.62908006 0.62584025
6 0.32334727 0.04223096 0.46822240000000004 0.17632206 0.58989304
10 0.3048328 0.8256206 0.32901916 0.8379549000000001 0.36841312
