3 0.9836705 0.585227 0.58647466 0.8962276 0.93312484
3 0.96545726 0.0 0.5747475000000001 0.07976256 0.9921351999999999
3 0.9648919 0.2589485 0.6203417 0.3877957 0.77410024
3 0.9460822 0.03894673 0.5998326 0.3111613 0.9080334000000001
3 0.933335 0.92449087 0.6339222 1.0 0.784061
3 0.8428652 0.8711095 0.64854944 0.9304483 0.7317090999999999
3 0.69755125 0.37670478 0.61058354 0.46316895 0.7196474
3 0.5166891 0.8465488000000001 0.64540374 0.9156463 0.72889346
3 0.43788126 0.039461892 0.62196916 0.21055935 0.7061469
3 0.4293855 0.8099279 0.63367236 0.8862008 0.717019
1 0.33647084 0.56770235 0.61015177 0.5882549 0.6984971
