10 0.3 0.35714285714285715 0.3133333333333333 0.42857142857142855
10 0.68 0.4880952380952381 0.6933333333333334 0.5476190476190477
10 0.54 0.3809523809523809 0.5533333333333333 0.4404761904761905
10 0.4666666666666667 0.3809523809523809 0.48 0.42857142857142855
10 0.3666666666666665 0.3690476190476191 0.38 0.42857142857142855
10 0.8866666666666667 0.19047619047619047 0.9066666666666666 0.27380952380952384
10 0.9333333333333332 0.13095238095238096 0.9533333333333334 0.2261904761904762
3 0.0 0.5833333333333334 0.28 0.7857142857142857
3 0.26666666666666666 0.5833333333333334 0.38666666666666666 0.7023809523809523
3 0.4 0.6190476190476191 0.4266666666666667 0.6666666666666666
3 0.4266666666666667 0.6428571428571429 0.46 0.6666666666666666
3 0.5 0.6071428571428571 0.5533333333333333 0.6785714285714286
3 0.6466666666666666 0.6190476190476191 0.8066666666666666 0.7023809523809523
3 0.76 0.6071428571428571 0.8333333333333334 0.7023809523809523
3 0.8333333333333334 0.5952380952380952 1.0 0.7261904761904762
