3 0.9693495999999999 0.24771538 0.5307553 0.44684359999999995 0.7141696999999999
3 0.96302265 0.9035534 0.3414728 0.9912873 0.46442616
3 0.9481006999999999 0.45099518 0.4915099 0.5469069999999999 0.5895725
3 0.90328264 0.5381503000000001 0.4641415 0.60824585 0.52348167
3 0.8052979 0.40357009999999993 0.52829117 0.46052453 0.6257988
3 0.7531960999999999 0.70981795 0.4167835999999999 0.7661081999999999 0.47831549999999995
3 0.46073624 0.72755 0.4185032 0.765798 0.47271597
84 0.40927285 0.2529093 0.5278625 0.28386807 0.6503300999999999
84 0.33475143 0.23597175 0.52930856 0.26407385 0.6614346
84 0.33202353 0.26124352 0.52557987 0.2948827 0.64187366
