3 0.9946408000000001 0.37541366 0.5748691999999999 0.47353843 0.6497413000000001
3 0.9945363000000002 0.6182043 0.5637323000000001 0.82789874 0.6889319
3 0.97403586 0.77585745 0.5967906999999999 0.91502726 0.6775273
1 0.8584550999999999 0.7641848000000001 0.64632416 0.7947920999999999 0.7349063
3 0.73078007 0.0711977 0.6031213000000001 0.11639137599999999 0.6821467
1 0.71201605 0.049537458 0.5839087 0.072067715 0.69289637
3 0.6783538 0.17544761 0.57157934 0.26674446 0.65318424
3 0.66340643 0.09786289999999999 0.59789693 0.15939948 0.6640595
3 0.5899411999999999 0.9013110000000001 0.6252779 0.93145007 0.6732001
1 0.46819097 0.14284787 0.602811 0.16282594 0.67877865
1 0.43788233 0.035376735 0.5850261 0.06852737 0.69362086
1 0.37095209999999995 0.002605434 0.5615429 0.03449714 0.6846051999999999
4 0.31403822 0.79353905 0.6121986999999999 0.831887 0.6868731
