3 0.9540545 0.46354383 0.42446306 0.5137723 0.48251239999999995
3 0.84097856 0.11125218 0.43663216 0.1927306 0.5655778
8 0.82705075 0.005072966 0.3423823 0.16411655 0.55633044
3 0.7712569 0.35614535 0.41874397 0.41631624 0.49110240000000005
1 0.69435334 0.66108215 0.80756944 0.6861607 0.8455540000000001
3 0.61664325 0.32532388 0.4066739 0.41896084 0.48778555
3 0.5689661 0.40622792 0.41129246 0.44017187 0.46498743
3 0.55944943 0.2496471 0.41981748 0.31197359999999996 0.511722
3 0.45480114 0.008043758 0.345186 0.1257729 0.5599951
3 0.3856375 0.18666604 0.44824684 0.25195011 0.50904894
