3 0.9920724 0.6432150999999999 0.5183947 0.8665584000000001 0.656304
3 0.9911061999999999 0.060029674000000005 0.57587737 0.16319199 0.66146576
1 0.9705578000000001 0.81797045 0.59989864 0.8508633 0.716773
3 0.96263593 0.81114286 0.5456922 0.9376256 0.63155496
3 0.93320864 0.39947426 0.5449888 0.4823272 0.62197506
3 0.89017975 0.0047087898 0.5743414000000001 0.08402949 0.69015807
3 0.5737015000000001 0.03288019 0.5822238000000001 0.08674308 0.6750866999999999
3 0.50532424 0.21484777 0.5670145000000001 0.25820106 0.61184466
3 0.46796040000000005 0.20177807 0.5648609 0.23001061 0.61155146
3 0.42041308 0.008294495 0.5729013000000001 0.05245984 0.69044447
