3 0.9709744 0.8291152 0.4587318 0.99841136 0.65753084
3 0.8483195 0.43563044 0.4310607 0.5206887 0.5716298000000001
3 0.83855975 0.56644464 0.44843325 0.6085565 0.502373
10 0.81861025 0.5266338 0.20498055 0.53863853 0.25776842
10 0.7987434 0.23242779 0.06585037 0.25659099999999996 0.15787108
10 0.77098745 0.23974739 0.06759580000000001 0.2669849 0.15991275
3 0.72934455 0.34804356 0.44783503 0.3865316 0.50329226
3 0.7074374 0.31605548 0.47501564 0.35783517 0.5136366
3 0.68432987 0.8825039000000001 0.44725174 0.9816408999999999 0.52494293
3 0.58691436 0.31510732 0.47033253 0.35194048 0.50498086
10 0.5758392 0.52240294 0.20272446 0.53710836 0.25535938
10 0.48004743 0.22787379 0.06614271599999999 0.24738182 0.15549953
10 0.45604867 0.25424743 0.072076745 0.27289152 0.16242892
3 0.42061538 0.53428656 0.45426083 0.5697561 0.49192843
10 0.3859072 0.532007 0.20698278 0.5455828 0.25844204
3 0.32054642 0.8636202 0.4456749 0.9959906999999999 0.5540001999999999
3 0.31009993 0.38884926 0.45030367 0.41007006 0.48987967
3 0.30620855 0.35959554 0.45124844 0.39012605 0.5008702
