1 0.9952793 0.54868263 0.3629881 0.6664545999999999 0.74888396
4 0.96587056 0.58101946 0.5533389 0.66254944 0.8071378
3 0.96259165 0.7786702 0.36667803 0.9977492 0.76836014
3 0.8657412 0.02373124 0.4862317 0.14983237 0.5525194999999999
3 0.7981691999999999 0.6535169 0.44689783 0.8242912 0.6306929
3 0.78307104 0.3538983 0.40608564 0.5480473000000001 0.70610523
3 0.7511345 0.019176599 0.48271534 0.1213136 0.53109735
10 0.5416825 0.4020597 0.30202425 0.41031536 0.33506286
3 0.5116609000000001 0.649737 0.44269067 0.7365406999999999 0.5057781
10 0.45787874 0.4046804 0.30586484 0.41565892 0.34526125
10 0.33429283 0.39919814 0.30610672 0.40864316 0.33729595
10 0.32182503 0.50881124 0.32391325 0.52178645 0.35445315
