1 0.9969824 0.5452416 0.3457619 0.6484746 0.70351344
3 0.9767389000000001 0.0009199083 0.44246966 0.26055047 0.8191335999999999
4 0.96635056 0.56747895 0.5158732 0.6454439999999999 0.7784545
3 0.9660030000000001 0.7111919 0.41459498 1.0 0.72118825
3 0.92951244 0.45570275 0.42982840000000005 0.5328807 0.5687911999999999
10 0.8966597 0.24814327 0.08800623 0.2697436 0.16568732
3 0.8922966 0.43394637 0.46514586 0.46022349999999995 0.5110949
3 0.7508054 0.30296662 0.46039185 0.3577433 0.52652854
10 0.7022178000000001 0.48460388 0.21483397 0.500102 0.26596490000000006
10 0.69627225 0.25547406 0.09261419 0.2724857 0.16765423
3 0.68125 0.35549927 0.4670462 0.3927834 0.5172734999999999
10 0.6427809 0.48996463 0.21823312 0.5038207 0.26593456
3 0.59508055 0.36861634 0.46850884 0.39841622 0.51628095
3 0.54380375 0.38321707 0.47226658 0.40904883 0.5140157
3 0.4992173 0.39797297 0.47162136 0.41879390000000005 0.5079534000000001
3 0.48876566 0.0036272109000000004 0.60813576 0.7787703 0.9896359
10 0.4796108 0.49728936 0.21867932 0.5090110999999999 0.2653443
10 0.37151718 0.23912932 0.09099253 0.26202092 0.161869
3 0.3239625 0.35227337 0.46779183 0.37987885 0.5167879
3 0.3156826 0.39036644 0.46969542 0.41217285 0.508035
