3 0.9637551 0.573278 0.58792424 0.98335105 0.9090763000000001
3 0.94579506 0.44137546 0.5545198 0.5007007 0.61024857
3 0.939099 0.50675374 0.5461013000000001 0.5639346 0.62553626
3 0.7248732 0.846493 0.5791791000000001 0.9981489 0.92350686
10 0.7190808000000001 0.43951008 0.21648106 0.46615568 0.2916287
3 0.6742051 0.5923189999999999 0.59113866 0.8831141 0.74271804
3 0.609502 0.8319960999999999 0.57782507 0.98398805 0.6800103
3 0.5890156999999999 0.7081204000000001 0.5623558000000001 0.80633384 0.6034135
3 0.58741134 0.9119773000000001 0.5896145 1.0 0.90272206
3 0.54909086 0.25403792 0.54743916 0.28677708 0.58483547
3 0.49323446 0.26090518 0.5573793 1.0 0.95799416
3 0.44632798 0.20710008 0.5494693 0.24453323 0.5905037
3 0.44291648 0.45713818 0.5517732 0.51196766 0.60688126
10 0.43234449999999996 0.43364248 0.21921864 0.46070209999999995 0.2867078
3 0.37398833 0.22009386 0.5575762 0.2479222 0.5923518
10 0.34209785 0.04626096 0.46918459999999995 0.062677875 0.52249056
3 0.30537406 0.49023122 0.54952794 0.51283926 0.6004489000000001
