3 0.99322367 0.31978768 0.14877817 0.57506645 0.3981275
3 0.63806236 0.004933208 0.1462111 0.6214378 1.0
5 0.62684005 0.00990206 0.305004 1.0 0.9721453000000001
3 0.5807568000000001 0.0 0.09287943 0.34762603 0.85992104
3 0.54261786 0.0044065154999999995 0.6151941 0.114718124 0.9005731
1 0.44147440000000004 0.29730445 0.14275394 0.31123805 0.21840689
3 0.37498632 0.012172043 0.44853783 0.89532363 0.93647236
8 0.3652709 0.009821922 0.034010835 0.61398876 0.9613202
42 0.3276155 0.04632929 0.5312708 0.9863583 0.9174099
5 0.31133124 0.2671416 0.5007036 1.0 0.9979089
1 0.30586648 0.14152382 0.00725122 0.20214884 0.08538626
