3 0.95837057 0.79201245 0.50446993 0.9009218000000001 0.648805
3 0.94126624 0.0036783814000000002 0.43707016 0.31567022 0.88657415
3 0.92222476 0.8592296999999999 0.5077467000000001 0.9963148999999999 0.6680512
3 0.90554845 0.46922840000000005 0.5207033 0.51791084 0.61665684
3 0.9034719000000001 0.7613733 0.5260658 0.80672145 0.6195735
3 0.9033479 0.36358115 0.47093827 0.48131195 0.6542155
3 0.89225364 0.20080528 0.49775600000000003 0.41586759999999995 0.74631375
3 0.7715508000000001 0.81521225 0.5004313 0.9705316999999999 0.6578264
3 0.7549854 0.5058849 0.5311345000000001 0.56552684 0.598668
3 0.72044176 0.7452476 0.53329253 0.77247226 0.57777494
3 0.61274713 0.010110959000000001 0.30934438 0.42558593 0.91736054
3 0.46203867 0.49708888 0.5174920999999999 0.55195385 0.59869343
3 0.43074772 0.75185907 0.5311606 0.78696513 0.5956176
3 0.36761978 0.7286769000000001 0.53543764 0.7546413000000001 0.57147753
3 0.34673446 0.6852539000000001 0.5348823 0.72082514 0.57291293
