3 0.9918165999999999 0.61728394 0.5080366 0.9508549999999999 0.8083781999999999
3 0.97074395 0.030619547 0.40943787 0.33928818 0.7500738
3 0.88586056 0.46821645 0.48729179999999994 0.49892429999999993 0.52591753
3 0.87406635 0.5061382000000001 0.48172072 0.55599105 0.5473389
3 0.7863066999999999 0.3468599 0.46182305 0.43290249999999997 0.5426084
3 0.7207958000000001 0.61382335 0.49937937 0.6585503 0.5926808000000001
3 0.7094592 0.56574273 0.55677146 0.6257634 0.6336969
3 0.685619 0.42418409999999995 0.47882345 0.45567182 0.55161077
3 0.6256832 0.63688004 0.48254883 0.7594602 0.5846920999999999
3 0.42701977 0.647375 0.48020920000000006 0.7640666 0.54441035
3 0.34874025 0.5714475 0.50978863 0.60720646 0.55064416
