3 0.94000286 0.10624657 0.3778005 0.26635852 0.5641881
3 0.85569113 0.3860309 0.39839557 0.42121696 0.45485790000000004
3 0.8479614999999999 0.48497838 0.40295213 0.5524315 0.4714481
3 0.83681184 0.44124195 0.39231977 0.48498878 0.44289926
3 0.83373517 0.56182665 0.35356745 0.779177 0.55296695
3 0.793682 0.26116705 0.39337024 0.32895988 0.46651036
3 0.7714466999999999 0.2500768 0.4239129 0.29836598 0.5057756
3 0.75101155 0.002923742 0.40883604 0.13789475 0.68948543
3 0.62820935 0.2516192 0.40295056 0.31114462 0.49357495
3 0.61686957 0.3321476 0.39394882 0.366089 0.43696743
3 0.49088448 0.3480975 0.396992 0.37583590000000006 0.43455288
3 0.42991066 0.23109923 0.40487399999999996 0.28977218 0.5053125
3 0.35317165 0.3528531 0.40448022 0.37325504 0.43625749999999996
3 0.3395446 0.33451205 0.40093318 0.35951132 0.44161809999999996
3 0.33349192 0.35344666 0.40015885 0.37329823 0.42661825
