1 0.98557913 0.8804645000000001 0.34608507 0.931091 0.5380588000000001
3 0.94316083 0.21602482 0.42082348 0.28521407 0.4966567
3 0.9292488999999999 0.7326550000000001 0.36392158 0.8666484 0.47594090000000006
3 0.91617817 0.05506544 0.41509193 0.26440233 0.6222779
3 0.88761264 0.37365338 0.41328739999999997 0.41751173 0.47500527
3 0.71794283 0.31865764 0.42707127 0.3509134 0.46749195
1 0.38144517 0.29579845 0.39497882 0.3082467 0.4578023
8 0.35813954 0.6978767 0.36804885 0.7576785 0.48074394
1 0.33496746 0.28419107 0.40100548 0.29630142 0.45996475
8 0.31330526 0.31532940000000004 0.38288954 0.35113979999999995 0.47108999999999995
