8 0.9588304 0.53019506 0.21506715 0.643231 0.4035373
3 0.91159356 0.3050969 0.23487364 0.36525992 0.30060570000000003
3 0.8686072 0.4248478 0.18766776 0.46357632 0.23039989
8 0.8532146 0.5163912 0.12150724 0.6874534999999999 0.25241914
10 0.8225642 0.6832956 0.038340818 0.700735 0.073717326
8 0.69406027 0.53134227 0.32171398 0.61494267 0.43574205
3 0.6786262 0.46853387 0.19421217 0.50463295 0.22342351
3 0.642684 0.2114029 0.284099 0.28969973 0.38568309999999995
10 0.62237495 0.6083977 0.031740292999999996 0.6207993 0.06393489
10 0.6143364 0.5540607 0.038374983 0.5740764 0.07412751
10 0.6058213000000001 0.5470098000000001 0.04085367 0.56565326 0.07580655
3 0.51818204 0.47688136 0.19614287 0.5031975999999999 0.21929693
8 0.4683673 0.21106143 0.27871690000000005 0.29133892 0.38610718
8 0.38833457 0.5225039 0.27868664 0.6226473000000001 0.43004522
3 0.35308105 0.6121321999999999 0.33828762 0.6413588000000001 0.39506248
3 0.34153217 0.45282477 0.1992164 0.47715017 0.22689934
3 0.3253047 0.46661955 0.19687794 0.48851034 0.22173813
