3 0.9914351999999998 0.7489619000000001 0.3525813 0.9780476999999999 0.58147925
3 0.9072581000000001 0.32538885 0.39132133 0.40055830000000003 0.46872129999999995
3 0.6711654 0.41788974 0.3535228 0.52428496 0.48497412
3 0.61162007 0.58568025 0.33796182 0.7252034 0.52623147
3 0.52952164 0.31566054 0.3926487 0.3456567 0.45089638
8 0.47724852 0.413804 0.35013437 0.5253323000000001 0.48521990000000004
1 0.47010680000000005 0.28189522 0.39044470000000003 0.30203444 0.4774630999999999
3 0.42712849999999997 0.1643405 0.39881125 0.2504136 0.48425070000000003
3 0.37961394 0.40719402 0.3729708 0.43730432 0.47361034
8 0.37098369999999997 0.58495575 0.33678309999999995 0.7285275999999999 0.5259332
1 0.34909266 0.29046386 0.3887105 0.30775159999999996 0.47508785
3 0.3309714 0.1732331 0.39290255 0.32388794 0.48232815
8 0.32709238 0.17040265 0.38674504 0.32446346 0.48389187
