3 0.9213561 0.0 0.33743587 0.22087799 0.65890974
3 0.82629824 0.15662006 0.36824313 0.25807068 0.47881359999999995
8 0.7432979000000001 0.47923103 0.37597862 0.5445259 0.47233528
27 0.52391094 0.6659648 0.39931002 0.7892198 0.5003782
3 0.51784706 0.53669447 0.39100575 0.56576174 0.44402862
8 0.5044076 0.33603099999999997 0.37459052 0.37988099999999997 0.43886682
3 0.45439430000000003 0.6710645000000001 0.40871543 0.7851684 0.49926177
3 0.43301213 0.48100048 0.37608817 0.5453543000000001 0.46761572
3 0.34387997 0.58020777 0.40743256 0.6086405 0.43588856
3 0.33541697 0.47348952 0.37954065 0.49495023 0.4464701
