3 0.9841409 0.24943346 0.60706455 0.39046496 0.7697263000000001
3 0.975902 0.9259233 0.63515615 0.9983274 0.78307384
3 0.9651651 0.5930499 0.58197767 0.8823671000000001 0.9167263000000001
3 0.95236456 0.036491107 0.60446745 0.29721993 0.8872489
3 0.9280754999999999 0.0012716124 0.59075177 0.052074295 0.7161295
3 0.9207995999999999 0.0016396587 0.6338216 0.081841506 1.0
3 0.90449846 0.37796408 0.61008275 0.4675816 0.7215621999999999
3 0.75956243 0.82851017 0.6331201999999999 0.8819456 0.70768803
3 0.6833954000000001 0.45756745 0.61764705 0.5051091 0.69979864
3 0.6398776999999999 0.86737585 0.6254844 0.92177594 0.72878635
3 0.6393081 0.048674117999999995 0.60990673 0.12414473 0.6922292
3 0.603795 0.37759417 0.6098438 0.45886785 0.67942333
3 0.34469235 0.22772507 0.59143245 0.32222688 0.6382366
4 0.339424 0.5766365 0.6393019 0.60641855 0.720312
