3 0.76472384 0.4460773 0.29122904 0.95784956 0.90342057
3 0.5867852 0.15670294 0.28754592 0.5407685999999999 0.6406158000000001
3 0.55959916 0.13400035 0.26683053 0.34297740000000004 0.5425581
3 0.45280346 0.05476696 0.42151526 0.14867097 0.58190346
8 0.43841994 0.49086574 0.44779769999999997 0.9575026 0.8964038000000001
8 0.40521222 0.08565174 0.26357868 0.41962159999999993 0.5776212
8 0.3850071 0.25224048 0.28952742 0.97687954 0.8749271000000001
8 0.38071972 0.0536616 0.31573847 0.16872343 0.58785856
8 0.37265970000000004 0.12779191 0.26989559999999996 0.34975500000000004 0.54394656
3 0.3612342 0.1312099 0.2788629 0.44685555 0.56931806
1 0.3545621 0.90891427 0.28904384 0.96916395 0.4948732
