3 0.9892982 0.06669437 0.5626555999999999 0.24597669 0.74685174
3 0.9631540000000001 0.46191350000000003 0.5539083 0.5618963 0.6498388
3 0.9504313 0.6115125 0.53406274 0.7229452 0.70562357
3 0.8913030000000001 0.30130935 0.4934656 0.40276006 0.61398256
3 0.89109707 0.024580843999999998 0.50714713 0.10675839999999999 0.6028479999999999
3 0.7874542 0.69559103 0.49757677 0.77694005 0.61014515
3 0.7293584 0.30162713 0.43876679999999996 0.41409126 0.6023980999999999
3 0.67616445 0.7499653000000001 0.44964147 0.8157266 0.57237655
3 0.6450486999999999 0.12000769 0.48644024 0.20119748 0.5636493
3 0.61682916 0.063053675 0.46117118 0.13851467 0.55540407
3 0.5464544 0.54724115 0.5358364000000001 0.6054883000000001 0.6105980999999999
8 0.5440065 0.48254386 0.47392192 0.6156916 0.6100953
10 0.46395959999999997 0.41484115 0.196365 0.43432617 0.26778525
1 0.4016112 0.003943635 0.5975706000000001 0.03863727 0.8189343000000001
3 0.3708357 0.48398042 0.4820218 0.6078491 0.6142385
