1 0.99924016 0.093420506 0.41761377 0.29096878 0.9001139000000001
28 0.99003524 0.12965378 0.32121155 0.31654364 0.4803366
3 0.8739275 0.075781524 0.30161142 0.15520996 0.4038583
3 0.84767115 0.7422441 0.26638985 0.82641643 0.38368884
3 0.793808 0.84857535 0.25645337 0.9582238999999999 0.3548024
3 0.75393206 0.5991755999999999 0.26405895 0.69424635 0.3522186
3 0.7059861 0.5364641 0.25971785 0.6033510999999999 0.33594440000000003
10 0.66703236 0.7445890000000001 0.042611722000000005 0.76256806 0.11391161
8 0.58978635 0.36258358 0.18019834 0.44586253 0.34626195
3 0.5449819 0.8472938 0.26843396 0.9097126 0.35199422
3 0.5369417 0.684025 0.26830322 0.730427 0.33856177
6 0.49636987 0.36116818 0.17826240000000002 0.44715685 0.34325609999999995
3 0.45949364 0.5009529 0.27731890000000003 0.54806656 0.33781785
3 0.37418494 0.43226287 0.28019120000000003 0.48617443 0.34267086
10 0.31712753 0.21270955 0.17367671 0.24952611 0.26072568
8 0.30518827 0.6000818 0.26124707 0.6927893 0.35359842
