3 0.9934999 0.28000435 0.46452194 0.49763864 0.68884426
3 0.98243296 0.5586399999999999 0.50958073 0.6068619000000001 0.57281417
3 0.93068343 0.74492884 0.5015376 0.87421715 0.6590672
1 0.9028138000000001 0.7022322 0.5053887 0.7293823 0.6149689
3 0.88397497 0.6430269000000001 0.50988185 0.67154133 0.5418291999999999
3 0.703066 0.6014758000000001 0.5085246 0.6269306 0.5499908
3 0.6668514 0.66973346 0.51259935 0.7372125 0.5677649
3 0.6437233 0.67606395 0.51132905 0.7123491999999999 0.56836873
3 0.5106225999999999 0.6261733 0.51009667 0.6434383 0.5421991999999999
3 0.50475615 0.60649127 0.5069877 0.63454705 0.54785615
51 0.43218306 0.48494914 0.79614 0.6213121 0.9497445999999999
1 0.35607037 0.9436953000000001 0.4932048 0.9998665999999999 0.66188455
3 0.34490326 0.72177064 0.52300954 0.75604093 0.5827607
3 0.34107918 0.75344026 0.50496066 0.79522014 0.55588347
3 0.31026940000000003 0.74735266 0.5076727 0.7964321 0.5998388000000001
