3 0.99138653 0.028142103999999998 0.42030582 0.34867477 0.75311613
3 0.98891956 0.6184691999999999 0.5077210999999999 0.9516200999999999 0.8233834999999999
3 0.93720573 0.5113108000000001 0.48896548 0.5596956999999999 0.5509284999999999
3 0.88981766 0.47305623 0.49237016 0.5028108 0.53302896
3 0.7646371999999999 0.3574138 0.46971226 0.43360046 0.53247756
3 0.7507752 0.64396125 0.49167120000000003 0.76956487 0.5833154
51 0.7423928000000001 0.48415282 0.79608756 0.61793983 0.9614935
3 0.68178064 0.42912602 0.48138109999999995 0.46166497 0.5539549
3 0.6219191999999999 0.6163724 0.5022297 0.6623789000000001 0.5443675
3 0.6102466999999999 0.61581516 0.50344276 0.6601517 0.5905020999999999
3 0.5744705 0.56767595 0.5237626 0.6141733 0.55592656
3 0.49639723 0.6469041999999999 0.49422297 0.69731313 0.57583064
1 0.4892858 0.96099466 0.54039025 0.990049 0.67843837
3 0.47987118 0.3521545 0.47169265 0.43385082 0.5691480999999999
3 0.45976130000000004 0.5347848000000001 0.48601428 0.5684848000000001 0.5344331999999999
3 0.37476104 0.4561116 0.5002751 0.47836080000000003 0.5477477
1 0.36429548 0.07900441400000001 0.36171713 0.11849229 0.47181675
8 0.31603158 0.42853415 0.4792 0.46139440000000004 0.5593111
