3 0.9659131999999999 0.38486686 0.4083684 0.41996536 0.45665390000000006
3 0.9306287 0.1583596 0.36032040000000004 0.27054358 0.5413217
3 0.80764085 0.32000455 0.40470418 0.37476987 0.45486912
3 0.7990331 0.42764956 0.39832482 0.47067824 0.4404424
3 0.7800615 0.4612044 0.39554211 0.54367965 0.46816957
3 0.675481 0.6431014 0.36426648 0.9900619 0.69792664
3 0.47818843 0.15527396 0.4210932 0.22525749 0.5746671
1 0.45436287 0.11729531 0.39613342 0.16588868 0.60868466
3 0.44848797 0.46167213 0.40326726 0.51809275 0.46018472
3 0.43215984 0.0 0.4755322 0.09759571 0.7029926999999999
4 0.40961793 0.074322656 0.42048186 0.17047298 0.6237087
