3 0.9624938 0.23542006 0.41353378 0.30101466 0.52591616
3 0.9551306999999999 0.59915036 0.33121824 0.91020715 0.6092408
3 0.9549853000000001 0.15431465 0.38842672 0.26246244 0.5626073
3 0.9501851999999998 0.0 0.33755592 0.19239607 0.6834235
3 0.9466245000000001 0.38925242 0.40749209999999997 0.43893155 0.49166596
3 0.94186366 0.3192909 0.41054976 0.3578792 0.46781695
10 0.76362497 0.30171317 0.19525445 0.33023712 0.2669071
3 0.5633729000000001 0.8817381 0.44769606 0.99939746 0.5606163000000001
3 0.48063069999999997 0.35276055 0.41725954 0.38336575 0.46875867
3 0.45455569999999995 0.44644308 0.41900724 0.49876446 0.45321226
3 0.3601244 0.13569382 0.42409065 0.20884688 0.6225145999999999
3 0.33351758 0.1871975 0.4051274 0.26401585 0.55229527
3 0.31597623 0.33280694 0.4120636 0.37826464 0.46674799999999994
