1 0.9877845999999999 0.90083563 0.47915329999999995 0.9454988999999999 0.6308925
3 0.9247034 0.2942504 0.50361294 0.5031401 0.79528546
3 0.91693014 0.54651463 0.51627356 0.6976584 0.6129779000000001
3 0.9129323 0.0037531759999999996 0.52803636 0.1679641 0.72041905
3 0.89120746 0.0015765404000000001 0.5557244 0.075380184 0.7758397
3 0.82570934 0.71877736 0.5329047 0.8079894 0.6000169
1 0.81338704 0.6989609 0.5087369 0.72375566 0.59990156
3 0.693801 0.18237594 0.5085469 0.29310423 0.68226194
8 0.6115622 0.18182020000000002 0.5021639 0.2926236 0.6901645000000001
1 0.6004477 0.8375619000000001 0.49737227 0.86809665 0.6292273
1 0.58367634 0.51729894 0.5305541 0.53580326 0.5989179
3 0.5599868 0.15348783 0.54519343 0.19129945 0.59740835
3 0.52857596 0.1546757 0.551344 0.19198392 0.6246172
1 0.30741325 0.7979018 0.46419945 0.836548 0.62417054
