1 0.98739654 0.4933653 0.33333817 0.5942455 0.5586759
3 0.9095006999999999 0.79773515 0.35906409999999994 0.94494814 0.5803114
3 0.9075175 0.88335645 0.36129722 0.99689853 0.711932
3 0.7132675 0.83980185 0.34391913 0.98446375 0.6553701999999999
3 0.6302313 0.748881 0.3677763 0.8302784 0.5298923000000001
3 0.47941104 0.7463319 0.38633963 0.8103799 0.5615203000000001
8 0.46191126 0.6431076 0.32212085 0.8313655999999999 0.5274687
3 0.39889547 0.80294 0.35668890000000003 0.94707054 0.49653673
3 0.39817598 0.8874103999999999 0.36954907 0.99041027 0.58591866
3 0.38684303 0.6427344 0.3294298 0.8382519 0.51214284
