3 0.9865195999999999 0.0012356504 0.6011996000000001 0.08061145 1.0
3 0.984683 0.25090343 0.6125089 0.38387823 0.776706
3 0.9785761000000001 0.57123816 0.5685364 0.88894206 0.90343565
3 0.97585833 0.052849263 0.5913933000000001 0.29973587 0.88910085
3 0.92347807 0.9281358000000001 0.6320033 0.997972 0.78381807
3 0.87729096 0.37443143 0.60548604 0.46646607 0.7193174
3 0.84373957 0.84885854 0.6188610999999999 0.9186122 0.7171475
3 0.8376380999999999 0.45423427 0.62050027 0.50351566 0.701034
3 0.822867 0.37378829999999996 0.6061553000000001 0.45790848 0.6816541
3 0.7697043 0.8179432 0.6217826999999999 0.9052176 0.7157263
8 0.6902012 0.46554872 0.52779585 0.549729 0.67194945
1 0.5595658 0.5661231 0.6027428000000001 0.58631647 0.6748976
3 0.333646 0.038844854 0.5970919 0.15813686 0.68997735
1 0.33305606 0.025383111 0.28128922 0.05080188 0.35692640000000003
3 0.33284628 0.0 0.5902552 0.052599615999999995 0.71461195
