3 0.99747145 0.7431123000000001 0.62302107 0.90370333 0.7244703
3 0.9935508 0.47174364 0.6255578 0.6959531 0.7322481
10 0.9927233 0.9219323 0.1887454 0.9444267 0.28786835
3 0.9903591 0.07439837 0.5905868000000001 0.37548309999999996 0.7817932
3 0.9733084000000001 0.0 0.62687993 0.090211555 0.7272663
3 0.9549426999999999 0.36553073 0.59521806 0.51768154 0.7124735
10 0.95341635 0.49659705 0.3891743 0.5122688 0.44687256
3 0.9498832 0.6251366 0.62074095 0.69244134 0.70014346
10 0.9032495 0.9729237 0.13210884 0.99933773 0.23448224
10 0.8959415000000001 0.39411740000000006 0.38547385 0.40983869999999994 0.44077840000000007
10 0.8511933 0.5746760000000001 0.39917803 0.5871063 0.4563754
10 0.8431525 0.32490987 0.3810803 0.34184549999999997 0.43411359999999993
3 0.7513962 0.90795326 0.6092734999999999 0.99950767 0.7117366999999999
3 0.71682984 0.08950118 0.6357393 0.15581727 0.6961644
10 0.5793726 0.71153224 0.5020256 0.7259089 0.56962216
8 0.32038617 0.9066556999999998 0.60740864 0.99840385 0.7146548
3 0.31086746 0.0834008 0.64155716 0.14520481 0.7244659000000001
