3 0.9933763000000001 0.53177357 0.52272975 0.65464985 0.6072204999999999
3 0.9902789000000001 0.11045431 0.51340735 0.26085305 0.60277224
3 0.9777879999999999 0.6507723000000001 0.5188225000000001 0.83427364 0.6414343000000001
3 0.97623754 0.000882715 0.5267824000000001 0.053230524 0.59526354
10 0.9642629 0.34602004 0.32135597 0.3619992 0.388579
3 0.9540203000000002 0.08063151 0.52164036 0.14749333 0.5881261999999999
10 0.9491563000000001 0.43941253 0.34326944 0.45182818 0.39076596
3 0.8431394 0.80857176 0.53498024 0.8767796 0.6146879
8 0.70376366 0.31439573 0.50985116 0.36303222 0.579598
3 0.5480338 0.0 0.6387560999999999 0.9231393 0.9962495000000001
10 0.42706516 0.5030802 0.35169077 0.5140659000000001 0.38789335
3 0.32686204 0.31430367 0.51196516 0.36224112 0.5805048
