3 0.9615267 0.6874372 0.6314559000000001 0.78859866 0.69865316
8 0.90129447 0.55189574 0.6319602 0.668327 0.7078477
3 0.8709021999999998 0.0 0.6571212 0.046122458 0.7347215
3 0.77672 0.06071967 0.7433185999999999 0.6583255 1.0
3 0.6938692 0.11992755 0.6565746 0.17861313 0.7148321
8 0.58014894 0.026113585 0.6505806 0.10998626 0.7290492
10 0.56203645 0.44009490000000007 0.50343037 0.45520836 0.5296504
3 0.5615051999999999 0.8167622 0.59642965 0.9381933000000001 0.679508
8 0.45320272 0.81376153 0.5932264 0.93815595 0.6793521
3 0.43683934 0.47054985 0.6600543000000001 0.49516657 0.6839635000000001
3 0.39232865 0.013099808000000001 0.6519481 0.10682334 0.72918004
3 0.38639182 0.103580646 0.65864354 0.122916795 0.69998485
8 0.35438216 0.120855644 0.65373576 0.17876504 0.71416754
