3 0.9934453000000001 0.47573042 0.60500693 0.6665545999999999 0.72480005
10 0.9874308 0.86951023 0.19145887 0.89225966 0.2889835
10 0.9845546999999999 0.9149195 0.13032041 0.94506335 0.23728473
3 0.9813641 0.8684275 0.6200602 0.9219636 0.6692971
3 0.9774089 0.65161496 0.61693335 0.74032015 0.7072728
10 0.9445375 0.44970527 0.39016038 0.46550325 0.44173482
3 0.9334742 0.08690168 0.6302704 0.15524802 0.7008036
10 0.9143353999999999 0.27682254 0.37615433 0.29243407 0.43103278
10 0.89328176 0.5258314000000001 0.3942235 0.5405156999999999 0.45323202
10 0.8545402 0.344996 0.3825917 0.36175212 0.43531483
10 0.7125762 0.6613603 0.5016364999999999 0.67734843 0.5760678000000001
3 0.61315393 0.29615918 0.63004935 0.34810359999999996 0.69219816
3 0.5967238 0.22215599 0.615152 0.27845836 0.69589716
3 0.53135055 0.05289685 0.631309 0.085905336 0.6710698
8 0.51056486 0.29547290000000004 0.6311345 0.34477034 0.6938049
8 0.46719269999999996 0.2228331 0.6155307 0.28030974 0.69474864
8 0.46304825 0.27089182 0.6264376 0.30532357 0.6885982
3 0.45924149999999997 0.15837105 0.63896304 0.18032179999999998 0.6736472
3 0.41132313 0.27253607 0.62638015 0.30535945 0.68667036
