3 0.9885972 0.7438185 0.6324305 0.8366276 0.6956406999999999
3 0.9588296000000001 0.06407052 0.6651451 0.13467066 0.72511923
3 0.78763515 0.08102018 0.7487166000000001 0.6285178000000001 1.0
8 0.72818124 0.6084873000000001 0.63318366 0.72434014 0.70490247
3 0.687373 0.13220679999999999 0.6595816 0.18722302 0.71487033
10 0.6870314000000001 0.44715887 0.5028844 0.4662559 0.5273576999999999
10 0.59039253 0.3823483 0.50341755 0.40261972 0.52756065
3 0.5805507 0.82627445 0.5955808000000001 0.94109505 0.6801189000000001
3 0.57781076 0.46864876 0.652794 0.49609116 0.6882076
8 0.49404037 0.82956266 0.59497136 0.9423065 0.6855465999999999
8 0.34795535 0.13211171 0.6556807 0.18914862 0.71578974
10 0.34045967 0.4448634 0.50169736 0.45909490000000003 0.52687055
