3 0.9941789000000001 0.6620481 0.598604 0.8695550999999999 0.7082298
3 0.96824753 0.046683643 0.6589516 0.120811015 0.7160774000000001
3 0.95757675 0.5875977 0.63415086 0.67061174 0.7018073
3 0.9066284 0.8281468000000001 0.59533703 0.9310110999999999 0.67873275
3 0.75523484 0.11735393 0.6439522 0.17220339999999998 0.70982116
10 0.69130886 0.43032646 0.50028765 0.45284224 0.52486986
3 0.6249421 0.040326357 0.7640774 0.66126657 1.0
3 0.48829424 0.00032480247000000003 0.67956287 0.010123678 0.7458368000000001
10 0.45007318 0.28130588 0.4933182 0.30797794 0.5212696
10 0.44529316 0.36947054 0.49991512 0.38989073 0.52310437
