3 0.9616053 0.11351232 0.5848823000000001 0.19615377 0.63873917
3 0.92959267 0.52097607 0.568002 0.6057621 0.6612318
8 0.84991693 0.27525198 0.48055077 0.47467744 0.7791924
3 0.7837189 0.23578773 0.5837451 0.26985177 0.6227083000000001
3 0.73395014 0.5861664000000001 0.5646952 0.61630714 0.6249307
3 0.7094609000000001 0.1891549 0.5844458 0.22531605 0.6268648
10 0.59919405 0.47071844 0.484922 0.47880113 0.50884515
3 0.5899753000000001 0.5026712000000001 0.5697547 0.52742606 0.6287535
3 0.53275925 0.5160366 0.566749 0.5423175 0.6368853
10 0.51593024 0.19928364 0.30456516 0.23177837 0.40659872
3 0.50846493 0.03648296 0.78759205 0.74460614 1.0
3 0.49883422 0.5143265 0.5661033000000001 0.5704133000000001 0.6427897
10 0.47969648 0.58510727 0.44184682 0.5931061 0.47314018
10 0.41939023 0.6325678000000001 0.42978087 0.6437041 0.46048895
10 0.39378634 0.4682581 0.47952 0.47666964 0.5018287
10 0.38458073 0.47110888 0.47755834 0.47795954 0.50178856
10 0.3793468 0.5054542999999999 0.48059607 0.5152626 0.5039399
10 0.358427 0.6079545999999999 0.4372945 0.6167604 0.46789476
10 0.33609495 0.5106712999999999 0.4861081 0.52057105 0.5052037
10 0.32240024 0.61683387 0.4345526 0.62545663 0.46653557
3 0.31805292 0.5105518 0.56469184 0.5549208999999999 0.63395935
10 0.30057296 0.5367144 0.5228917000000001 0.5440996 0.54373425
10 0.30002666 0.46693376 0.47959608 0.473397 0.50170153
