3 0.9898935 0.46556565 0.51573604 0.61634195 0.6008975000000001
8 0.9645726 0.031731999999999996 0.40082422 0.21986413 0.6091045999999999
3 0.93464977 0.92640865 0.5397055000000001 0.9909015999999999 0.58254635
5 0.84945273 0.9059501 0.22736652 0.9876303 0.30255306
3 0.7320403 0.6974658 0.52438617 0.76124203 0.5612092
3 0.68292284 0.24786255 0.51035094 0.2826046 0.555372
3 0.6657988 0.35416377 0.50454545 0.39134407 0.55982476
3 0.62731326 0.656408 0.52547204 0.68932194 0.5550125
8 0.6170328 0.0014418364 0.40639549999999997 0.16094515 0.64419883
3 0.54121435 0.62785363 0.54306525 0.64877033 0.57543474
3 0.521399 0.0 0.41117309999999996 0.14908884 0.65542126
3 0.49533936 0.29001409999999994 0.508582 0.30881178 0.53221637
10 0.45785305 0.4504175 0.388606 0.46823993 0.41120875
3 0.41279079999999996 0.68301165 0.5244557 0.7225231 0.5579586999999999
10 0.40767559999999997 0.50708467 0.39203766 0.52099115 0.41807365
3 0.38039243 0.23134780000000002 0.5063005 0.25378954 0.55062526
3 0.3478692 0.6790082 0.52576905 0.70580953 0.555516
