3 0.99575067 0.49030513 0.59687936 0.6026897 0.6674345
3 0.9708839 0.19802195 0.5893058000000001 0.24544466 0.64321196
3 0.9658770000000001 0.9762277 0.6215991999999999 0.9998743 0.68165123
10 0.9651545 0.36495557 0.38193983 0.38030866 0.453485
3 0.88005644 0.0 0.5940645 0.011518095 0.6811366999999999
3 0.79138684 0.29347193 0.60600317 0.31106037 0.62731093
10 0.7566223000000001 0.45714962 0.41064486 0.468158 0.45526758
3 0.63777745 0.0018265932000000001 0.59259695 0.016317168 0.6797436
3 0.6263914 0.61689544 0.57746536 0.80301714 0.7246798000000001
8 0.5901232 0.3321695 0.57453847 0.37555382 0.6406371
10 0.56303614 0.5207904000000001 0.41505358 0.5325380999999999 0.45691645
10 0.51526874 0.3696736 0.38015205 0.38237143 0.4457585
3 0.41216004 0.0 0.73843414 0.8819598 0.9860046999999998
8 0.38035685 0.6192810999999999 0.57880944 0.8073295 0.7118578000000001
3 0.34982199999999997 0.29626090000000005 0.6030344 0.3138165 0.6223107
3 0.32952604 0.33214125 0.57506186 0.37556097 0.64065516
10 0.31285647 0.45522532 0.41006014 0.46510097 0.45418638
