3 0.96458876 0.059265893 0.6639421 0.12838231 0.72243816
3 0.93718576 0.37857065 0.64612716 0.5090712000000001 0.7207316
3 0.8195154 0.8220770000000001 0.5960348000000001 0.94322366 0.6798684
3 0.7773151 0.9450384000000001 0.6219051 0.96789616 0.6749568
3 0.6564553000000001 0.12604459 0.65496397 0.183127 0.7154272
3 0.59600407 0.06321421 0.75028497 0.6317369 1.0
8 0.5723269 0.3037808 0.6362732 0.39731067 0.721587
3 0.41224104 0.30556387 0.6370246 0.39711457 0.7215663
8 0.37372974 0.12552881 0.65012646 0.18284136 0.7148941999999999
38 0.37188756 0.30020440000000004 0.4361947 0.39286035 0.47685587
10 0.36903712 0.37812355 0.5023978 0.39546117 0.52409583
