3 0.9977011 0.64536345 0.62026733 0.824824 0.71433747
3 0.9972434000000001 0.8280046 0.6136621 1.0 0.7423395
3 0.99697256 0.00041601062000000004 0.6048911 0.2913842 0.7991269
10 0.99274147 0.891292 0.19111817 0.91232073 0.28593442
10 0.97499484 0.9399154000000001 0.13058634 0.9680344999999999 0.23829328
10 0.9623913000000001 0.29937825 0.37798148 0.31527928 0.43252873
10 0.9391480999999999 0.5494741999999999 0.3967823 0.5636913 0.45148760000000004
10 0.93219805 0.47139752 0.3877191 0.48901004 0.44573942
3 0.9285083000000001 0.7808218000000001 0.6262638 0.84286785 0.6944371
10 0.8834331 0.3681914 0.38335612 0.38410370000000005 0.4369664000000001
3 0.7755183000000001 0.39996916 0.63781595 0.42660594 0.6770218000000001
10 0.72745955 0.68401617 0.49791044 0.70093244 0.5773958
3 0.60021555 0.5116984 0.6201158 0.56080455 0.6888693
8 0.5658929 0.26446056 0.6051978 0.38578832 0.7069111
3 0.53333867 0.26995808 0.60343295 0.37881136 0.70671654
8 0.45310649999999997 0.51072407 0.6178883000000001 0.5604956 0.68828493
