3 0.9610148999999999 0.3225309 0.39996287 0.36844012 0.43461156
3 0.69444937 0.5085273 0.34099486 0.5312083000000001 0.37331536
3 0.6847061 0.8469131 0.203505 0.8883308000000001 0.23797838
8 0.5441060999999999 0.14979638 0.43882668 0.1876394 0.4742309
3 0.41546409999999995 0.40853125 0.37955406 0.4259423 0.4016131
10 0.37184477 0.42731896 0.27772397 0.4439976 0.29549423
3 0.34208825 0.6624968000000001 0.26967493 0.70203817 0.30199713
3 0.3234175 0.5052809 0.34270588 0.52397174 0.37295395
3 0.31368995 0.15004268 0.43986169 0.18795854 0.47427756
3 0.31208906 0.4152855 0.37971824 0.4305474 0.40013823
