3 0.9664901 0.06399598 0.70133054 0.13526300000000002 0.76239985
3 0.9273111999999999 0.4811504 0.6934944000000001 0.5591661 0.7399913
3 0.7087230999999999 0.105064064 0.80625767 0.63126516 1.0
3 0.6882094 0.13218533 0.6908558000000001 0.18179931 0.7522703000000001
3 0.6032721 0.8228255999999999 0.6261552 0.9395626 0.7160073
8 0.47265643 0.81725246 0.6285541 0.95042604 0.7151638000000001
10 0.4668035 0.37994832 0.53763515 0.40207613 0.56154054
3 0.3294313 0.122405805 0.70157313 0.13411826 0.75028396
8 0.31715390000000004 0.13259527 0.69095045 0.18153071 0.75297457
10 0.31223825 0.4403247 0.53754514 0.45494953 0.5621927
