3 0.9938565999999999 0.32764456 0.60397977 0.5066165 0.7057288
3 0.9932678 0.48186335 0.6094546 0.6636399000000001 0.72377235
3 0.99108046 0.8709129000000001 0.61700994 0.92431283 0.66519195
10 0.98907757 0.87552494 0.18833674 0.89529306 0.28228894
10 0.9824593 0.92234224 0.1282974 0.9493447 0.23745036
10 0.9650291999999999 0.28425345 0.36588478 0.29988173 0.42408934
3 0.95497864 0.29820865 0.6160703000000001 0.35505176 0.68201673
10 0.9383493 0.4580701 0.38371179 0.4727481 0.43613687
3 0.9361661 0.09523441 0.61786795 0.16276254 0.68973714
10 0.90756327 0.35357849999999996 0.37400246 0.3672338 0.42836549999999995
10 0.90409106 0.6665303000000001 0.49546427 0.68550915 0.58034754
10 0.75377566 0.53186494 0.38858724 0.5468367 0.44240150000000006
3 0.7301816999999999 0.68981475 0.6124251000000001 0.721831 0.65843564
8 0.6966808000000001 0.22630726 0.6013390000000001 0.29480767 0.6825611
3 0.5161777 0.1602691 0.63169175 0.184781 0.6658128000000001
3 0.44530386 0.05577259 0.6190174 0.09558666 0.6588424
3 0.30090526 0.22836785 0.6014319 0.29321796 0.6821949
