10 0.9925011 0.87438625 0.19940789 0.8949937 0.2893991
10 0.9846190999999999 0.9182809000000001 0.13743298 0.94926554 0.24082592
10 0.957993 0.28293204 0.3797782 0.30036938 0.43505025
3 0.9323551 0.09414099 0.6346771999999999 0.16522776 0.70540386
10 0.92804253 0.35149652 0.38681197 0.36719453 0.4400045999999999
10 0.91893536 0.45504463 0.39422002 0.47006190000000003 0.44908836
10 0.8768819 0.5332273 0.40357375 0.544858 0.45718494
3 0.86215466 0.8637084 0.614161 1.0 0.7131682
3 0.85314864 0.29668376 0.6331227 0.35042998 0.6963766
10 0.8435004 0.4595222 0.39242247 0.47405505 0.44844145
3 0.8229681000000001 0.50213224 0.6470981 0.5312564000000001 0.6850165
10 0.8185334 0.66686314 0.5003588999999999 0.6837178 0.5864948
3 0.7478505 0.5578151 0.6579835999999999 0.57557845 0.68342394
8 0.5826305 0.22984947 0.6161128 0.2931621 0.6981463000000001
3 0.5205761999999999 0.6885855 0.6217554 0.71888864 0.66224927
3 0.47929862 0.054932392999999996 0.6325996 0.09793889 0.6751019
3 0.4118204000000001 0.22975473 0.61441857 0.29258245 0.69841886
