3 0.98983276 0.91794825 0.5974398 0.99916244 0.84737235
3 0.9796627 0.5409292 0.5137006 0.61047447 0.6023644
8 0.9761439000000001 0.5734716 0.489045 0.97766596 0.7447560999999999
3 0.96171474 0.0038863979999999997 0.42683312 0.06680749 0.50881577
3 0.90760183 0.49851257 0.50517017 0.5568393 0.57279664
3 0.86689585 0.09063526 0.43948329999999997 0.22216567 0.5265214
3 0.8377351000000001 0.22700496 0.47225544 0.31435043 0.5326029999999999
3 0.8369800999999999 0.016107215 0.42146766 0.073055364 0.48798546
3 0.7649054 0.46887478 0.5005559 0.50751936 0.5479357
3 0.7040628000000001 0.050305046 0.43511033 0.13740146 0.51420534
3 0.6980593 0.45375913 0.50510377 0.4833482 0.5423210999999999
3 0.49101228 0.31264764 0.48836994 0.35712922 0.5258007
3 0.42517325 0.06703396 0.43330845 0.17438582 0.5166715000000001
3 0.41135079999999996 0.49037755 0.50623554 0.51283073 0.55707955
3 0.3943233 0.21391131 0.46729374 0.28294364 0.5297898
3 0.37750173 0.46536013 0.50239235 0.49058017 0.54380566
