3 0.99697185 0.5504758000000001 0.46833685 0.7146979 0.58444434
3 0.99552625 0.7531234 0.46249178 0.89829314 0.6022925
3 0.99471045 0.004377901599999999 0.38051262 0.52147907 0.8370103999999999
3 0.98824084 0.88027453 0.45967529999999995 0.96038365 0.60438734
3 0.9606454 0.39280874 0.47446597 0.47385812 0.56953067
3 0.81968915 0.9425949 0.32180282 0.99860084 0.7621840999999999
8 0.78406405 0.45297489999999996 0.46707780000000004 0.56134546 0.57881767
3 0.7765934 0.90357715 0.45804015 0.95184547 0.60355026
3 0.7215255 0.5154582000000001 0.44552829999999993 0.5974145000000001 0.49890843
3 0.52035695 0.94706404 0.3701067 0.98039734 0.7489826999999999
3 0.5092639 0.42455265 0.46365017 0.56351227 0.57567525
3 0.49784609999999996 0.002393961 0.3502318 0.7089231 0.9161216
3 0.31791590000000003 0.8830822 0.43991270000000005 0.97966117 0.6377762
