3 0.9958937 0.8321162 0.62377197 0.9606130999999999 0.6968245
10 0.9895405 0.9195938 0.12840082 0.9472611999999999 0.22965485
3 0.98919874 0.092668764 0.62355125 0.16205132 0.6948911
10 0.9739015999999999 0.8758870000000001 0.18650718 0.8954795 0.28317675
10 0.95226717 0.53124666 0.3889734 0.5475272 0.44467175
10 0.9458793 0.28301924 0.3704195 0.29852402 0.42669052
10 0.90767705 0.45744583 0.3858078 0.47254786 0.43759575
10 0.86971796 0.35239807 0.37724504 0.36756358 0.42882505
10 0.85623825 0.6672023 0.49453115 0.68307096 0.57716924
3 0.7983326999999999 0.35226527 0.6388126000000001 0.3784524 0.6766637
8 0.7753161 0.22411853 0.6060878000000001 0.29953438 0.6893685
3 0.74116784 0.30028734 0.62259114 0.34917750000000003 0.68523335
3 0.5128834 0.6945887 0.6127083999999999 0.7192231 0.6547379
3 0.49249464 0.055973105 0.6243178 0.093549706 0.6668254
3 0.46444955 0.2891554 0.6193651 0.31583813 0.67783225
3 0.4494982 0.37679159999999995 0.6357781 0.39680994 0.66897774
3 0.42058995 0.35211423 0.63735384 0.36045668 0.67629987
3 0.3992002 0.38182175 0.63409704 0.40318984 0.66683084
3 0.3679249 0.29692870000000005 0.6207535 0.33278775 0.68227386
