3 0.9965753 0.0 0.63124204 0.19623134 0.76393205
3 0.99551576 0.88115704 0.60813797 1.0 0.7192963000000001
10 0.98417896 0.91692424 0.18542978 0.9404439 0.2858651
3 0.9815186 0.22732988 0.62641966 0.38714936 0.7217104999999999
3 0.9815067 0.7015441 0.61178184 0.8341405000000001 0.7087140000000001
10 0.9767097 0.49030098 0.38936913 0.50782335 0.44819036
10 0.9454299 0.3206392 0.37992513 0.33702958 0.43349662
10 0.9372187 0.96554756 0.12464094 0.9948210999999999 0.22945438
10 0.93659765 0.5686711 0.40002567 0.58251226 0.45456076
8 0.9352992 0.42710593 0.59271103 0.6190553000000001 0.7135014000000001
3 0.91664207 0.15090870000000003 0.6334681999999999 0.21034862 0.67771465
10 0.89676356 0.38621348 0.3868293 0.4041325 0.43894744
10 0.76807046 0.70288354 0.5030478 0.7208076 0.5809943000000001
3 0.32003215 0.6199866999999999 0.64929736 0.6383525999999999 0.6715711
