3 0.85149986 0.4671903 0.5087541 0.606291 0.5892889
3 0.71673125 0.68275064 0.5198259 0.7484111 0.55938977
10 0.65332186 0.37279764 0.37678495 0.39909312 0.40386727
10 0.60952914 0.4506077 0.38759252 0.46648142 0.4104543
3 0.5801433000000001 0.0 0.41613165 0.14332175 0.6368732
10 0.43289880000000003 0.5072799 0.39801785 0.5249560999999999 0.42159787
10 0.3992348 0.362976 0.37809995 0.38459736 0.40067878
3 0.35841584 0.65047264 0.5204342000000001 0.68928635 0.55610484
8 0.35775559999999995 0.0021147354999999997 0.40547842 0.14603212 0.6418968
3 0.34006086 0.010404915 0.7115981 1.0 1.0
3 0.3191892 0.14188369 0.49004018 0.21392039999999998 0.58299196
3 0.31895029999999996 0.23588242 0.49781528 0.27804226 0.547087
3 0.3099317 0.35839573 0.51298994 0.39747694 0.5548933000000001
