10 0.9855642 0.35346374 0.3717791 0.36827692 0.422062
10 0.9784934999999999 0.46138528 0.37425518 0.47414979999999995 0.4352451
3 0.91292864 0.09432618 0.6268146 0.15933247 0.6846087
10 0.90663946 0.28821272 0.37226012 0.30256134 0.42618957
10 0.79429436 0.53219527 0.38795045 0.54500705 0.44057187
3 0.77375317 0.26564285 0.62308407 0.32079425 0.68001616
3 0.7616299 0.31861082 0.6266285 0.36558959999999996 0.6748381999999999
3 0.6963983 0.82614124 0.61461675 0.9686761 0.69249916
10 0.64835954 0.91329426 0.12440309 0.9470622999999999 0.242652
3 0.57272524 0.22185817 0.6265297 0.25862014 0.68142426
10 0.5661329 0.8725263000000001 0.17873545 0.89972174 0.28279576
3 0.37872347 0.3900201 0.6308788000000001 0.41213074 0.6609311999999999
10 0.37785375 0.66604316 0.513776 0.6842706000000001 0.59298533
