8 0.0033333333333333327 0.3946587537091989 0.14333333333333334 0.6290801186943621
8 0.035 0.37091988130563797 0.2333333333333333 0.5727002967359051
3 0.245 0.4955489614243324 0.2816666666666667 0.5548961424332344
3 0.3483333333333333 0.4955489614243324 0.385 0.5548961424332344
3 0.4633333333333333 0.5044510385756676 0.6116666666666667 0.5934718100890207
3 0.2916666666666667 0.5044510385756676 0.30666666666666664 0.5222551928783383
3 0.23 0.4836795252225519 0.2533333333333333 0.5370919881305638
3 0.2766666666666667 0.5074183976261127 0.2883333333333333 0.5281899109792285
3 0.705 0.5133531157270029 0.7583333333333333 0.5519287833827893
3 0.6816666666666666 0.5133531157270029 0.7066666666666667 0.5489614243323442
3 0.6566666666666666 0.5192878338278932 0.685 0.5489614243323442
3 0.6683333333333333 0.5311572700296736 0.6833333333333333 0.5489614243323442
3 0.6466666666666666 0.5222551928783383 0.6583333333333333 0.5400593471810089
3 0.9283333333333332 0.5311572700296736 0.99 0.5727002967359051
3 0.915 0.5222551928783383 0.9583333333333334 0.5519287833827893
10 0.3616666666666667 0.3738872403560831 0.39166666666666666 0.3946587537091989
10 0.4483333333333333 0.3798219584569733 0.4716666666666667 0.400593471810089
10 0.5016666666666667 0.3887240356083086 0.5233333333333333 0.4065281899109792
10 0.9066666666666666 0.258160237388724 0.9483333333333334 0.2997032640949555
