8 0.6533333333333333 0.14836795252225518 1.0 0.658753709198813
3 0.6183333333333333 0.3768545994065282 0.6733333333333333 0.5875370919881305
3 0.3883333333333333 0.32344213649851633 0.63 0.4747774480712166
3 0.3533333333333333 0.31454005934718104 0.45 0.4391691394658754
3 0.31833333333333336 0.3323442136498516 0.37166666666666665 0.42433234421364985
3 0.3016666666666667 0.3679525222551929 0.325 0.4213649851632048
8 0.255 0.3353115727002967 0.325 0.4124629080118694
3 0.2416666666666667 0.3353115727002967 0.275 0.3738872403560831
3 0.0 0.3115727002967359 0.061666666666666675 0.3798219584569733
3 0.05333333333333334 0.32344213649851633 0.115 0.3738872403560831
3 0.05666666666666665 0.3175074183976261 0.12666666666666668 0.3738872403560831
3 0.11666666666666667 0.3323442136498516 0.14166666666666666 0.3679525222551929
