10 0.495 0.0 0.5416666666666666 0.029673590504451036
10 0.5866666666666667 0.005934718100890208 0.615 0.029673590504451036
10 0.6583333333333333 0.011869436201780416 0.69 0.03857566765578635
3 0.5916666666666667 0.198813056379822 0.6266666666666667 0.24925816023738875
3 0.355 0.21364985163204747 0.3983333333333333 0.258160237388724
3 0.27 0.20178041543026706 0.33 0.27299703264094954
8 0.325 0.20178041543026706 0.3583333333333333 0.258160237388724
3 0.39166666666666666 0.20771513353115728 0.4116666666666667 0.258160237388724
8 0.175 0.19584569732937684 0.2533333333333333 0.2818991097922849
3 0.2483333333333333 0.21364985163204747 0.2766666666666667 0.27299703264094954
3 0.42 0.228486646884273 0.4283333333333333 0.2373887240356083
3 0.4283333333333333 0.2314540059347181 0.43666666666666665 0.2403560830860534
