3 0.013333333333333334 0.24925816023738875 0.14166666666666666 0.34421364985163205
3 0.2416666666666667 0.26409495548961426 0.28 0.2937685459940653
3 0.32 0.27299703264094954 0.3366666666666667 0.2937685459940653
3 0.34 0.27299703264094954 0.355 0.29080118694362017
3 0.3566666666666667 0.27002967359050445 0.37333333333333335 0.2937685459940653
3 0.38 0.27596439169139464 0.39666666666666667 0.2937685459940653
3 0.5166666666666667 0.28486646884273 0.55 0.32047477744807124
10 0.4566666666666666 0.2166172106824926 0.4666666666666667 0.2255192878338279
10 0.48 0.2195845697329377 0.4916666666666666 0.228486646884273
10 0.4283333333333333 0.21364985163204747 0.44166666666666665 0.2255192878338279
