10 0.3016666666666667 0.3649851632047478 0.31666666666666665 0.4272997032640949
10 0.68 0.4925816023738873 0.695 0.5578635014836796
10 0.545 0.3887240356083086 0.5566666666666666 0.4421364985163205
10 0.47 0.3827893175074184 0.4833333333333333 0.4362017804154303
10 0.3666666666666665 0.37091988130563797 0.38166666666666665 0.43026706231454
10 0.8916666666666667 0.19287833827893167 0.9083333333333332 0.27299703264094954
10 0.9383333333333334 0.13649851632047474 0.9566666666666668 0.2314540059347181
3 0.0 0.5905044510385756 0.285 0.7863501483679525
3 0.26666666666666666 0.5905044510385756 0.3883333333333333 0.7091988130563798
3 0.4 0.6261127596439169 0.4266666666666667 0.6735905044510386
3 0.4316666666666665 0.6498516320474778 0.465 0.6735905044510386
3 0.5033333333333333 0.6112759643916914 0.5566666666666666 0.685459940652819
3 0.65 0.6172106824925816 0.8083333333333333 0.7032640949554896
3 0.765 0.6142433234421365 0.835 0.7091988130563798
3 0.8333333333333334 0.5934718100890207 1.0 0.7359050445103857
