3 0.995236 0.65516216 0.6247621999999999 0.8228962 0.71213305
3 0.99192953 0.0038603990999999996 0.6106474000000001 0.2895038 0.79666877
10 0.9858591 0.30244893 0.37441576 0.31711555 0.42817440000000007
3 0.9764440999999999 0.83268154 0.61793643 1.0 0.7433211999999999
10 0.9656929 0.89603996 0.18309537 0.91606164 0.2754192
10 0.95330745 0.36534625 0.38375235 0.38177162 0.43669490000000005
10 0.9519309000000001 0.9445858 0.12828851 0.9660518 0.23068094
10 0.91328704 0.47280326 0.38622573 0.48700818 0.44164035
10 0.90134686 0.54616255 0.39540163 0.5596724000000001 0.44661126
10 0.89467007 0.46874383 0.38307884 0.48357412 0.43991253
10 0.8193208000000001 0.3610503 0.38336194 0.3765384 0.4344915
8 0.73438424 0.5108371 0.6260665 0.5592115 0.68939245
10 0.69172823 0.68025666 0.5037258 0.6945606 0.55600095
8 0.6907288 0.88084596 0.51207227 1.0 0.6471597
3 0.66961 0.40444383 0.63864964 0.43043414 0.6702845000000001
8 0.6307925999999999 0.27002108 0.6061619 0.37956804 0.7180420999999999
3 0.62848777 0.27299434 0.60372865 0.37651682 0.71238685
3 0.52909905 0.7921228 0.63449985 0.84032446 0.7005651999999999
10 0.37642613 0.6786082 0.4989722 0.6929034000000001 0.54463786
3 0.3675441 0.83409595 0.6539973000000001 0.9014112 0.73795563
