10 0.98081505 0.42860818 0.31961516 0.44521952 0.38869143
8 0.9790375 0.0 0.33773842 0.40721816 0.7551875
10 0.9737896 0.4256423 0.3172742 0.44041687 0.3867526
3 0.97190654 0.46161282 0.50158376 0.60128045 0.5896316
3 0.92996323 0.029980302 0.6278201 1.0 0.99636227
10 0.9146728000000001 0.5128550999999999 0.33105856 0.5262746 0.37980953
3 0.8776299999999999 0.40141209999999994 0.5115632999999999 0.43880162 0.5698594
10 0.8605811 0.51627547 0.3293566 0.53010505 0.37816134
8 0.6192506999999999 0.044319897999999996 0.32498723 0.52223456 0.8185300999999999
3 0.43778163 0.3815145 0.5744345000000001 0.99624354 0.99458545
