3 0.98617166 0.82229674 0.62138706 0.9584719 0.70309734
10 0.96285427 0.87939334 0.17838936 0.901826 0.2737386
10 0.95174325 0.28482252 0.3663822 0.30066758 0.41922322
10 0.9159264000000001 0.53269273 0.39094278 0.5461603 0.44486985
10 0.90374887 0.92428154 0.13056132 0.94784015 0.22306061
10 0.8761504999999999 0.34955713 0.37580284 0.3635089 0.4253191
10 0.8538075999999999 0.45679929999999996 0.38216479999999997 0.47128686 0.43785468
10 0.8499324 0.5283414000000001 0.38700143 0.54154706 0.44329017
10 0.80522245 0.28086454 0.36641604 0.29626858 0.4200464
3 0.8019094 0.09272645 0.61799544 0.16106883 0.6914961
3 0.7867113 0.34057996 0.63879967 0.37785926 0.6790604
3 0.5927839 0.22710478 0.634175 0.28592318 0.68762016
3 0.54298687 0.035249338 0.6197395 0.086333685 0.66751176
10 0.5175509 0.6640597 0.49684137 0.67638344 0.5531851999999999
3 0.46790582 0.29538894 0.6252984 0.3451715 0.67514294
8 0.3828248 0.29196718 0.6255604 0.34479323 0.68002814
10 0.37926808 0.6656225 0.4914655 0.6773374 0.53713506
10 0.33394948 0.6617695 0.49346992 0.6746123 0.5373859999999999
8 0.3036388 0.2256844 0.63328785 0.28782254 0.68727016
