3 0.92535245 0.06525841 0.7023836999999999 0.1307421 0.7586771999999999
3 0.7898751 0.48169422 0.6866791999999999 0.5529752 0.73709744
3 0.72998804 0.05927809999999999 0.8365608 0.76779747 0.98865974
3 0.7072059 0.83031714 0.6316626999999999 0.95637953 0.7145845000000001
8 0.70703024 0.12786663 0.7019766 0.17860365 0.7510746
3 0.6522136 0.12132192 0.7388409 0.9960152 1.0
10 0.5572465 0.37897953 0.54383594 0.39562336 0.56165403
5 0.42830127 0.51688063 0.033851147000000005 0.99771535 0.6465228
3 0.41571254 0.0 0.6052491999999999 0.715102 0.9836238000000002
3 0.33687967 0.015926927 0.73442155 0.65112853 0.99393827
8 0.32803246 0.82889426 0.63501686 0.96282005 0.7152606
