3 0.99924135 0.0010828972 0.43415773 0.25891683 0.7906354999999999
3 0.9976586 0.7088901999999999 0.41161838 0.9955466999999999 0.7476626000000001
3 0.7667173 0.30388528 0.4688865 0.36003524 0.5337377
3 0.59154236 0.45004335 0.42621884 0.5316936 0.56302047
3 0.32786 0.5532887 0.41022572 0.66088915 0.5507198
8 0.32213005 0.56260943 0.588151 0.62610805 0.661075
8 0.29811314 0.45342780000000005 0.43958230000000004 0.5331463000000001 0.5622647
8 0.28175786 0.5612766 0.60671353 0.6223964 0.67631745
8 0.094413996 0.0010195076 0.38853842 0.24892884 0.841915
8 0.09313105 0.54552424 0.40722559999999997 0.66914797 0.5629137
8 0.08188932 0.6904314 0.44286263 1.0 0.7909208000000001
8 0.0797155 0.572821 0.8459349 0.8208027 0.97338337
8 0.07764642 0.5653759 0.62891716 0.6335906 0.7089725
3 0.071975306 0.22193651 0.4759572 0.2849373 0.52927434
8 0.050922975 0.5497813 0.5531170999999999 0.6645031 0.7086545999999999
8 0.046608087 0.45003167 0.41149163 0.56105125 0.58377457
3 0.044710204 0.018967688 0.36641923 0.21948609 0.8700178
3 0.039527953 0.5987609 0.84191525 0.8001376 0.9505258
8 0.030422334 0.5734898 0.65761775 0.64132595 0.72703946
3 0.026963102000000003 0.46354872 0.4284988 0.53448415 0.47635293
3 0.026252473 0.31621554 0.46149054 0.37438282 0.52148557
3 0.020341706 0.58999765 0.83000153 0.6485951999999999 0.9168643
8 0.018647036000000002 0.43968959999999996 0.44743383 0.5257706 0.53376067
3 0.016392121000000003 0.24031247 0.47292015 0.30568194 0.5279248000000001
8 0.016030865 0.5818474 0.846208 0.6439495 0.91164786
3 0.014169356000000001 0.0077187493 0.45087740000000004 0.23685968 0.59227747
3 0.013364311 0.025277822999999998 0.4796688 0.32376236 0.8362134
8 0.013331029 0.30223140000000004 0.4593325 0.37409386 0.53691167
3 0.011354481999999999 0.5691883000000001 0.6327599 0.64454895 0.74607486
8 0.010943949 0.55115664 0.4670862 0.62673044 0.5353602
8 0.009979909 0.03075356 0.2507301 0.21736097 0.8025626
13 0.008912023 0.5300991 0.4376615 0.66963226 0.5664185
3 0.008590148 0.7494321999999999 0.42002717 0.9651799000000001 0.5714404000000001
3 0.006798469499999999 0.96248156 0.49467194 1.0 0.5987604000000001
13 0.005743458000000001 0.4357468 0.46841759999999993 0.5536205 0.53980124
8 0.0056763557 0.449215 0.43395829999999996 0.5263991 0.48770142
3 0.005547349 0.33433068 0.4691258 0.4115638 0.52031714
8 0.0049370294 0.6440640999999999 0.41445875 0.9698934000000001 0.90181285
3 0.004865820999999999 0.01496435 0.43534976 0.21223813 0.54728353
13 0.0047653425 0.5540098000000001 0.58671314 0.645857 0.64682144
9 0.0045943979999999995 0.43632150000000003 0.44694346 0.54481786 0.5122725
3 0.004497279 0.7981481 0.42714202 1.0 0.60115135
2 0.004378292 0.4556472 0.4392004 0.55105925 0.49377307
3 0.004337754 0.79922426 0.41097438 0.98823476 0.5421057
13 0.0041008284 0.44961599999999996 0.4565948 0.5248265000000001 0.55319554
9 0.0037995868 0.47474155 0.45441679999999995 0.53702897 0.53861815
3 0.0035844988 0.56759423 0.55973285 0.6363946999999999 0.7039206
8 0.0035130251 0.4494984 0.46850803 0.51654524 0.5628325
8 0.0033979414 0.12141953400000001 0.44392046 0.41926885 0.9757681
13 0.0033416540000000003 0.62954867 0.54683125 0.9799639000000001 0.7624664000000001
6 0.0032578914000000003 0.45847505 0.46556765 0.5594501999999999 0.5422781
9 0.0032104035 0.5638413000000001 0.58326375 0.6414011 0.63948995
11 0.0031024234 0.46722373 0.43936735 0.514296 0.56166905
5 0.0030751685 0.44056284 0.47002625 0.5257885 0.5562347
13 0.0029420787 0.53167456 0.44091243 0.6394387 0.5270915
9 0.00292413 0.47535765 0.43840107 0.5401590000000001 0.5165187
8 0.0029232653 0.69912994 0.39974985 0.9660152 0.69557196
1 0.0029000596 0.54506177 0.52298874 0.8887450000000001 0.751955
13 0.0028809223 0.30524993 0.47689596 0.38387644 0.5474051999999999
13 0.0028806338 0.026197046 0.44724065 0.3190428 0.87498736
3 0.0028418329999999998 0.5813279 0.5637994000000001 0.6402793999999999 0.6736748
13 0.0027711343 0.28680253 0.49026325 0.3589748 0.54027754
9 0.0026877788 0.45585640000000005 0.45285216 0.5155172 0.5450804
1 0.0026392231 0.43100740000000004 0.46378428 0.51448965 0.5167314000000001
5 0.0025957928 0.5111821 0.46023443 0.93104833 0.77306294
13 0.0025907817999999997 0.43030554 0.44422390000000006 0.5752596 0.5973534
10 0.002508857 0.45191499999999996 0.4571004 0.5428635 0.53087837
8 0.0024684777 0.29999182 0.45430714 0.3547313 0.52318996
8 0.0024401941 0.4981670999999999 0.34643298 0.8500021999999999 0.95148504
11 0.0023659815 0.6227271 0.38095134 0.84657866 0.7733746
2 0.0023289588 0.5710139 0.5801784999999999 0.6561253 0.64770997
4 0.002317075 0.47098017 0.45059556 0.55126333 0.5481648
7 0.0023073617 0.47500882 0.39342746 0.677379 0.57992095
8 0.0022092676 0.728577 0.32753259999999995 0.95071244 0.83903503
6 0.0021516555 0.43633777 0.43463895 0.5487886 0.51854897
1 0.002143008 0.44830048 0.47289097 0.5124592 0.5589347
7 0.0020620779 0.44927347 0.46430776 0.54622585 0.5509323
7 0.002021812 0.44090468 0.42554250000000005 0.53436226 0.52864665
11 0.00202118 0.48834962 0.43692636 0.52772945 0.5526448
9 0.0019945463 0.46047550000000004 0.46441337 0.5604207 0.5347503
1 0.0019857632000000003 0.46526125 0.4723564 0.5341412 0.5603001999999999
3 0.0019229829999999999 0.6423278 0.8604601999999999 0.76420677 0.9239078000000002
12 0.0018633202 0.46985954 0.46825278 0.5688806 0.53868705
13 0.0018278816 0.5401505 0.4689747 0.6542121 0.53504777
13 0.0017955516 0.55145943 0.67312396 0.64017713 0.72527534
5 0.0017648521 0.39158264 0.46001175 0.5477319 0.5102572
2 0.0017459883999999999 0.50481015 0.41630995 0.7131761999999999 0.56097066
11 0.0017442397 0.30099440000000005 0.45844853 0.34884757 0.54255754
12 0.0017130045000000001 0.45810306 0.4258281 0.5309084 0.53299904
13 0.0017117971 0.29179874 0.46416850000000004 0.36295816 0.53154534
12 0.0016922371 0.44590473 0.43966722 0.5554614 0.5135131
13 0.0016589034 0.41492888 0.44453420000000005 0.5287244000000001 0.5350774
4 0.0016322385 0.45326930000000004 0.4365714 0.53649664 0.5184621
1 0.00157138 0.44329914 0.4486243 0.5101945999999999 0.52408934
13 0.0015553574 0.5447447 0.61688715 0.64013237 0.67572105
2 0.0015414015 0.46937957 0.44107820000000003 0.5351806 0.55043936
12 0.0015223004999999998 0.47753096 0.46256337 0.5403302 0.55239654
1 0.0015121656 0.5219897 0.46569094 0.87368965 0.67972654
8 0.0014775275 0.21867508 0.4713674 0.29119182 0.53824776
2 0.0014270893 0.45914313 0.46578795 0.5539845 0.5298068
10 0.0014071522 0.4734097 0.4289221 0.5329265999999999 0.53701603
3 0.0014008648999999998 0.43042678 0.43666579999999994 0.5104842 0.5141139
7 0.0013942064000000002 0.46376446 0.4345052 0.52650183 0.5758174
10 0.0013937631 0.459165 0.44803688 0.52168417 0.540702
7 0.0013809578 0.2965467 0.44334805 0.37366885 0.5253416
13 0.0013795542000000001 0.5228473 0.6295393 0.6746863000000001 0.72622347
5 0.0013488972 0.26680392 0.48418403 0.35687995 0.54268086
11 0.0013481502999999999 0.46821785 0.42454565 0.50685734 0.52540946
9 0.0012918097 0.6769094 0.43598428 0.92957073 0.7338216999999999
13 0.0012801625 0.0 0.5130223 0.39576113 0.8186674
13 0.0012789178 0.51590824 0.59732443 0.6703781 0.7077773
13 0.0012727825999999999 0.5612845000000001 0.83797914 0.6450291 0.9011960999999999
1 0.0012310782 0.46161404 0.45426652 0.52848804 0.5293091
7 0.0012245581 0.550357 0.61975956 0.6254164000000001 0.67502815
5 0.0012177682 0.43094537 0.45461709999999994 0.5285763000000001 0.5326095999999999
2 0.001208923 0.5835951 0.3933755 1.0 0.6663566999999999
2 0.0012070949 0.4990054 0.38333590000000006 0.7137321 0.5216049
3 0.0012006064999999998 0.0 0.4504351 0.17017120000000002 0.5744401
7 0.0011956118 0.5749477 0.5851742 0.6456130999999999 0.642159
6 0.001185841 0.5571898000000001 0.48763618 0.97406614 0.76759964
7 0.0011664286 0.27798185 0.46478763 0.3793542 0.55368334
3 0.0011598422 0.9510542 0.9593011999999999 0.9985949000000001 0.99608266
12 0.0011252157000000002 0.58738226 0.5862841 0.6613948000000001 0.63920236
3 0.0011203035 0.4637255 0.42856400000000006 0.5492516 0.536921
7 0.0010793665 0.49484759999999994 0.431173 0.92633134 0.84486496
7 0.0010729554 0.5583335 0.5856591 0.62473106 0.64486957
13 0.001072684 0.74649453 0.45666972 0.9994981 1.0
2 0.0010612046 0.46634373 0.41555238 0.52866673 0.50569105
10 0.0010414937 0.5835906 0.57149196 0.65513086 0.64010537
8 0.0010389502000000001 0.23466302 0.46573627 0.30837572 0.53462076
4 0.0010111385000000001 0.45317483 0.43968192 0.52609754 0.56157875
4 0.001009088 0.5900208 0.5778393000000001 0.6477045 0.6589718000000001
5 0.000998454 0.41041356 0.4836178 0.5702401999999999 0.5451123000000001
5 0.000997918 0.0 0.55756533 0.17623547 1.0
1 0.0009816657 0.41512853 0.45701277 0.49731356 0.5098787
2 0.0009630314 0.47827992 0.41104746 0.53821146 0.52122575
4 0.0009627546499999999 0.5744975 0.57718164 0.6306794 0.66043645
4 0.00095047837 0.47703126 0.41324475 0.53704214 0.5342034999999999
9 0.0009501649000000001 0.56419134 0.6071525 0.6431074000000001 0.6712818
6 0.0009252457 0.0 0.5607698 0.26519638 0.85923594
11 0.0009166465 0.55944544 0.39660186 0.6545350999999999 0.56464756
11 0.0009136106 0.48487252 0.4713122 0.5402402 0.5497512
11 0.0008989993400000001 0.45377594 0.43512323 0.50316256 0.565789
9 0.00089208834 0.30658442 0.45433873 0.3761326 0.51048565
9 0.0008918623 0.5343551999999999 0.3800401 0.6962659999999999 0.5246930000000001
13 0.0008873103699999999 0.01411733 0.42806646 0.40495485 1.0
9 0.0008805178999999999 0.56878674 0.66745144 0.63332343 0.7263056999999999
1 0.0008425732400000001 0.42184678 0.47339374 0.48938444 0.5469149999999999
10 0.000836048 0.42681187 0.43242773 0.52706987 0.49914733
10 0.000833709 0.5561715 0.60568905 0.64011055 0.6767111
6 0.0008103914 0.2725091 0.47596264 0.37393773 0.537446
3 0.0007986444000000001 0.5687663000000001 0.53775746 0.65578896 0.74006087
6 0.0007838208999999999 0.46285743 0.42014065 0.54657406 0.5318805
11 0.00078103057 0.48897395 0.42684618 0.52211875 0.5210914000000001
2 0.0007722654 0.5517612 0.6079243000000001 0.64027554 0.6706522
12 0.0007678213 0.56824636 0.43760747 0.65271044 0.5072901
13 0.0007355953999999999 0.43797344 0.44084314 0.5015367000000001 0.5378722
13 0.00072163 0.5471029000000001 0.64865416 0.6348921999999999 0.7060515
9 0.000715786 0.04785312 0.5358752 0.26059774 0.82815063
1 0.0007100050999999999 0.49007416 0.44364074 0.6483669 0.553038
9 0.00070179574 0.051565424000000006 0.42480740000000006 0.4219494000000001 0.69092494
8 0.00069784984 0.5591417 0.44982079999999997 0.6347063000000001 0.5231587000000001
5 0.0006972303 0.51437354 0.6059603 0.6481222 0.64302534
7 0.0006820551400000001 0.471307 0.405669 0.52821654 0.54810363
6 0.0006802053 0.47412956 0.45411320000000005 0.73782516 0.5942566
2 0.0006791358 0.43677688 0.41314989999999996 0.6266439 0.5563946
5 0.0006783119999999999 0.0 0.5564158 0.26925135 0.83601844
12 0.0006766383 0.29884827 0.44333133 0.37602377 0.5048388
8 0.0006728997 0.02644664 0.2668687 0.31205094 0.93295676
10 0.00067038334 0.5589324000000001 0.5748767 0.64379406 0.63900006
9 0.0006623808 0.53097486 0.44906312 0.68832266 0.5720678000000001
5 0.0006526877999999999 0.46981168 0.44002506 0.6819179 0.5534846999999999
8 0.00064183667 0.7083248000000001 0.23522066 0.968433 0.7402425
7 0.000641273 0.0 0.37717575 0.38612923 0.7713451
12 0.0006318127 0.50876546 0.39741936 0.71520734 0.5233377
1 0.0006301541 0.618764 0.5509354999999999 0.96219486 0.8022629
5 0.0006123298000000001 0.47602195 0.46165523 0.6688935 0.58203095
12 0.0006034009999999999 0.04942675 0.38131586 0.3186972 0.75297505
12 0.0006024404 0.5238316 0.36988726 0.7085893 0.49486499999999994
10 0.0006002943 0.55347985 0.6364854 0.63618094 0.71476436
12 0.00058180356 0.0 0.31066668 0.42255226 0.64606094
10 0.0005796382 0.47324324 0.40194693 0.52816594 0.50841165
12 0.00057661807 0.64136875 0.43248048 0.9952426999999999 0.6843438000000001
9 0.0005699242500000001 0.56192285 0.63708854 0.63837343 0.6977760000000001
2 0.0005694262999999999 0.29538605 0.4718317 0.38706532 0.5242578
10 0.0005674464 0.45976698 0.4114826 0.5153852 0.5095042000000001
3 0.00056614773 0.030330151 0.4614747 0.24287748 0.6480961999999999
11 0.00056173914 0.31655657 0.46015853 0.3681581 0.53948295
13 0.0005581346299999999 0.5278619999999999 0.59357417 0.618092 0.64449257
13 0.0005520473000000001 0.60164726 0.8349283000000002 0.76629484 0.9765074
6 0.0005513097000000001 0.4710911 0.41996769999999994 0.72716755 0.56228155
4 0.0005469285 0.061964944 0.4614195 0.34747803 0.84983647
9 0.00054690416 0.44577669999999997 0.44293463 0.61930966 0.56106716
4 0.0005402463 0.570095 0.59824544 0.6287183000000001 0.6923083000000001
7 0.0005376518 0.45289433 0.40530443 0.51122254 0.55480874
10 0.0005362187 0.5442902 0.42572150000000003 0.64574134 0.50186896
1 0.00053184095 0.043714225 0.46413705 0.28329015 0.7529177
7 0.0005286469999999999 0.38699368 0.42417923 0.60943437 0.62135047
1 0.0005257584 0.29492915 0.46502440000000006 0.35307459999999996 0.5112309
5 0.0005226867 0.5203094 0.62983197 0.64423555 0.67458034
13 0.00051202695 0.21707812 0.47534719999999997 0.2843295 0.5449558000000001
7 0.00050657464 0.0 0.48962232 0.30427617 0.89256907
7 0.0005021522 0.037558332 0.30705243 0.305546 0.86431247
13 0.000498235 0.0062700063 0.45635329999999996 0.22311215 0.9983539
7 0.0004960935299999999 0.0 0.2041014 0.28524476 1.0
1 0.0004842669 0.28368202 0.48864704 0.3495802 0.54006124
7 0.00048219642 0.551218 0.46653047 0.62772673 0.54742014
8 0.00048129598 0.42856407 0.45166314 0.49392986 0.51478744
1 0.00047684077000000004 0.48369718 0.40937197 0.65002203 0.51744235
7 0.00047567842000000005 0.41888586 0.43555504 0.51334673 0.5251088
9 0.00047475044 0.55885416 0.43994716 0.6500544 0.5110701
2 0.0004726372 0.7712446 0.26583228 0.9895681999999999 0.99838006
11 0.00046329224000000004 0.028847992000000003 0.15082975 0.16605513 1.0
8 0.000458945 0.4529602 0.3301848 0.64329976 0.64664865
1 0.00044374875 0.5667529 0.5979051 0.6378815 0.6477261999999999
1 0.00044357379999999995 0.54204375 0.5981055000000001 0.6219906 0.64546156
2 0.00043906568 0.30821916 0.4439709 0.3835366 0.49354744
9 0.00043739745 0.4183454000000001 0.43561175 0.57993096 0.5747489
6 0.00043652888 0.5493815 0.43938255 0.65595603 0.51613957
13 0.00043553010000000003 0.43770617 0.50215 0.5439130999999999 0.5513329
10 0.00042868013 0.5594836999999999 0.45280242 0.64615744 0.5384618
6 0.00042836057 0.4782835999999999 0.40126562 0.7053451 0.5260523
7 0.00042740275999999996 0.557161 0.43194857 0.6322205 0.5201738
8 0.00042479386 0.38681263 0.43275264 0.62382275 0.9539110999999999
9 0.00042299338 0.2970846 0.47074857 0.35893932 0.52805334
6 0.0004160746 0.55908626 0.66914475 0.6634914000000001 0.72536916
5 0.00041403892 0.73451847 0.59571373 0.95460147 1.0
13 0.00041288903 0.44828457 0.43760124 0.51472515 0.49117926
2 0.00041282355 0.5498663 0.43839285 0.65352917 0.5005245
12 0.00041209397000000007 0.009051964000000001 0.3249666 0.26821995 0.6445041
4 0.00041095062999999996 0.56654155 0.430357 0.644313 0.51224285
2 0.0004108071 0.5573661999999999 0.63159925 0.64860374 0.7006886
6 0.00040547099999999997 0.62613934 0.5129731 1.0 0.80870867
8 0.0004023034 0.21178213 0.43361679999999997 0.47482708 0.9874745
6 0.00039766886 0.0 0.5139060999999999 0.45512820000000004 0.83429265
1 0.0003962217 0.38653645 0.4346005 0.5423286999999999 0.56779575
3 0.00039137142999999997 0.42540616 0.44982293 0.47364563 0.5075263
2 0.00039121494 0.55720806 0.66466415 0.64605415 0.7320399999999999
12 0.00039113988 0.62369305 0.36630127 0.9937082 0.6243377
11 0.00039109733 0.45123905 0.44538036 0.49881768 0.51866525
5 0.00039070449999999997 0.29937446 0.4868761 0.39435879999999995 0.5480649999999999
11 0.00038935992 0.45587802 0.41110012 0.49641007 0.5248421
6 0.00038911137 0.43089679999999997 0.46968540000000003 0.53270954 0.5362167
1 0.00038834845 0.5521749 0.4622982 0.63026977 0.51764584
12 0.00038341695 0.5714291 0.463272 0.65516084 0.52778554
5 0.00037844625 0.0 0.6597770000000001 0.36623484 1.0
3 0.00037436327000000007 0.09213658400000001 0.45387176 0.28006262 0.6148026
2 0.00037274006 0.59437317 0.3306748 1.0 0.5833986
8 0.00036877178 0.4803872 0.39799470000000003 0.71353877 0.9615127
5 0.00036509849999999996 0.46310150000000005 0.41779292 0.69349027 0.51909864
11 0.00036483805 0.07448645 0.112661526 0.25375992 1.0
10 0.00035727237 0.5614444000000001 0.6629573000000001 0.6377305999999999 0.737727
13 0.0003546432 0.28114444 0.47032782 0.34918106 0.52635384
6 0.00035316407 0.27888486 0.44890457 0.38589229999999997 0.51413476
11 0.00035278307 0.6952142 0.4240898 0.9182565999999999 0.8137225
12 0.00034920828 0.57689595 0.6106754 0.64758277 0.66194844
9 0.0003464291 0.5489443 0.5797357 0.6225644 0.6410575
1 0.00034621003 0.0 0.44908909999999996 0.27427670000000004 0.69282264
13 0.00034257772000000005 0.23240228 0.47900829999999994 0.3037143 0.5437075
11 0.00033852394 0.31907597 0.45318374 0.35290352 0.50981957
2 0.00033793968 0.51458937 0.5530743 0.7277414000000001 0.71703684
1 0.00033397977999999995 0.5504978 0.6268064 0.62675524 0.674509
5 0.00033341519999999995 0.28078672 0.47028542 0.37632373 0.51276803
11 0.00033247703999999997 0.06430967 0.55535007 0.21975689 0.90671134
1 0.00032468175 0.42068952 0.46068868 0.56715953 0.5852528
1 0.00032306454 0.29806566 0.48970290000000005 0.36350942 0.54660726
9 0.0003189577 0.53525114 0.56867296 0.6880083 0.70333344
6 0.00031466508999999996 0.5597139 0.6374 0.6599408 0.7000513
9 0.00031139252999999996 0.11287608 0.40937063 0.33284047 0.73564005
7 0.0003096652 0.0 0.28613979999999994 0.19307521 1.0
13 0.00030712172000000004 0.45342293 0.4482179 0.54695064 0.5248316999999999
9 0.00030540652 0.03955698 0.43915218 0.24143732 0.6955201
1 0.00030310475 0.6846788 0.5756236 0.9340146999999999 0.9673575999999999
9 0.00030031038 0.6922356 0.37369782 0.9761434999999999 0.67323506
9 0.00029766813 0.030486226 0.48684079999999996 0.42545485 0.7514682
1 0.00029759086 0.54759234 0.68311983 0.6230076999999999 0.73038405
11 0.0002906723 0.33724934 0.45752296 0.38602529999999996 0.53737086
4 0.00028759424 0.12598574 0.38209504 0.42262659999999996 0.68754214
4 0.00028655562000000004 0.540712 0.42803177 0.69327235 0.5990135999999999
1 0.00028625588 0.0 0.5781095 0.14272195 0.9630695
8 0.00028507310000000003 0.94610155 0.95430845 0.99882185 1.0
7 0.00028477775000000004 0.27769306 0.44800379999999995 0.35180035 0.5261102
8 0.0002777496 0.27893972 0.26712838 0.54746217 0.96784884
1 0.00027666255 0.31809014 0.49068007 0.3817618 0.5434738
2 0.0002749166 0.57719624 0.82819456 0.66872966 0.88711256
4 0.00027185990000000004 0.13058925 0.3079047 0.34938562 0.772026
2 0.000271037 0.543521 0.5854149000000001 0.63716334 0.6376156999999999
1 0.00026780556 0.5762161 0.85278326 0.75907314 0.9477462
9 0.00026728978 0.43717849999999997 0.41703957 0.5897144 0.545229
4 0.00026696470000000004 0.32909366 0.45851720000000007 0.39332572 0.542376
1 0.00026583014 0.27795446 0.45933643 0.34066224 0.5053225
6 0.00026400862 0.28252912 0.47669268 0.42152315 0.5418930000000001
3 0.00026275634 0.1395737 0.46529838 0.25093585 0.5236561
4 0.00026238822999999996 0.30991614 0.46331793 0.3810882 0.54218185
9 0.00026166732999999997 0.7125254 0.47237676 0.99201757 0.74501944
6 0.0002582236 0.5573765 0.60970753 0.6543962 0.6730043000000001
13 0.00025813104 0.004982397 0.21999963 0.30485999999999996 1.0
6 0.00025548380000000004 0.0 0.394673 0.4238733 0.7160481
8 0.00025275716 0.9568515999999999 0.5060337 0.9969957 0.5937563
13 0.00024858024 0.0 0.4481817 0.2779851 0.7833675999999999
