3 0.99411243 0.6191598 0.50453204 0.9674226999999999 0.8018371999999999
3 0.98735565 0.045694694 0.42164627 0.3595522 0.71949524
3 0.6570081999999999 0.50088906 0.49544394 0.5545161 0.5509881
3 0.49132904 0.9095211999999999 0.55805236 0.9824054 0.6208623999999999
3 0.46069098 0.6060901999999999 0.50551575 0.6816708 0.573277
8 0.45673978 0.34563740000000004 0.47074184 0.4639481 0.54968065
3 0.43919063 0.35859925 0.47025427 0.46072763 0.5559291999999999
3 0.33561617 0.5938745 0.5152354 0.6758422 0.59831333
8 0.3201418 0.029474989 0.45075497 0.34858954 0.7445622
8 0.25779635 0.4949726 0.48038897 0.56343794 0.5479006999999999
8 0.15614535 0.5280626 0.48683718 0.9478394 0.9419098
3 0.13498586 0.55497086 0.5024532 0.60938203 0.5661244000000001
8 0.13414934 0.61963964 0.53115636 0.9625950999999999 0.83931476
8 0.111946985 0.9025634 0.5655353 0.98751694 0.62032497
3 0.07545544 0.5837821 0.4937496 0.7065021 0.61693794
3 0.06945172 0.489591 0.78473794 0.61395407 0.9354326
8 0.048803757999999996 0.53649294 0.49884167 0.613992 0.56908876
3 0.031424033999999997 0.5791636 0.5377566 0.65313 0.6279076
3 0.016467653 0.5614109 0.50363505 0.6805167 0.6322663000000001
8 0.015854893000000002 0.57130504 0.5457221 0.6565025999999999 0.61693966
8 0.015202898000000001 0.5783963000000001 0.52193993 0.67521656 0.6000189
3 0.01352523 0.6317903 0.5011672 0.8908963 0.6474850999999999
8 0.012391903999999999 0.53956616 0.49270523 0.6949651 0.6355704000000001
3 0.010657261999999999 0.54626703 0.5235409000000001 0.6022234000000001 0.5812314000000001
13 0.008774376 0.044929653 0.4313584 0.4429657 0.7688645000000001
8 0.008031943 0.57249993 0.5982548000000001 0.6317019 0.66573536
13 0.0076183085 0.9033073 0.55655086 0.9835155999999999 0.61880356
3 0.007586688 0.5696104000000001 0.51974124 0.6420788000000001 0.59877604
8 0.006880874 0.5763756 0.5714256999999999 0.64403033 0.65401053
8 0.0068399264 0.33924484 0.44531882 0.48842007 0.5862994
13 0.0058290697999999995 0.6621322 0.5503017 1.0 0.8601681000000001
2 0.005788045 0.51211494 0.4715515 0.58188313 0.5217045
8 0.00560011 0.5908312 0.50959814 0.67777973 0.5780903000000001
13 0.0054870443000000005 0.49647993 0.47983065 0.5668228 0.5441794
3 0.005447947 0.59181714 0.4972816 0.7636384 0.6373799
13 0.005256416999999999 0.37345229999999996 0.47594076 0.4646507 0.5457375
13 0.005253659599999999 6.651878e-05 0.5427214 0.4278682 0.77688116
13 0.0050141546 0.48324302 0.8089661 0.6270937 0.9328271999999999
8 0.0049624940000000005 0.55611926 0.5208044 0.64344424 0.5980849
3 0.0045744157 0.36890462 0.46209338 0.45073159999999995 0.50452125
13 0.0042899353000000005 0.50096244 0.5017378 0.57171243 0.56583273
3 0.004007267 0.637768 0.48773935 0.82879883 0.6005446999999999
9 0.0039565815 0.13336399 0.39213383 0.46159799999999995 0.64822936
8 0.003934916 0.03296703 0.30799478 0.3037038 0.8939875
5 0.0034848107 0.0 0.52059466 0.31822540000000005 0.76836485
2 0.0034287344 0.4997092000000001 0.476249 0.56866175 0.51688087
3 0.0033834463 0.57893753 0.57437253 0.6328318 0.6840618
8 0.0031888748 0.5430784000000001 0.5121694 0.6173701 0.58669686
13 0.003083023 0.600019 0.49982935 0.67500305 0.5870401999999999
13 0.0028823677 0.5950404 0.5227661 0.6788525 0.60019547
13 0.0028118590000000003 0.5456623 0.5052523 0.6113306 0.57160795
3 0.002778942 0.54249954 0.5022743 0.9445778 0.9205918
9 0.0027369490000000002 0.36514455 0.47573894 0.4581902 0.53806096
7 0.002724077 0.49710740000000003 0.47022423 0.58364403 0.54703104
12 0.0024608601999999997 0.5000692 0.47437862 0.5797388000000001 0.5313368
3 0.0022869227 0.41668937 0.49065470000000005 0.46895412 0.55429053
1 0.002279663 0.5020084 0.49423638 0.55985814 0.5373728
13 0.002209358 0.59132427 0.5123684000000001 0.652149 0.62316775
9 0.0021853815 0.50818056 0.48551315 0.5869052 0.53503215
2 0.0021555317000000003 0.50166 0.49558320000000006 0.5839989000000001 0.5533610999999999
8 0.0021379925 0.34698433 0.46634892 0.444295 0.5123987
12 0.0021088079999999998 0.053068265 0.32405209999999995 0.46243948 0.61996037
9 0.002076401 0.09230235 0.5098828 0.41464046 0.80174863
11 0.0020261847 0.38475240000000005 0.4620536 0.44770485 0.54414463
1 0.0019934308 0.48140782 0.4922264 0.54562205 0.53325117
2 0.0019812426 0.37881750000000003 0.46503990000000006 0.4629197 0.5313225
3 0.0019781203 0.68179095 0.50086147 0.93341887 0.6812848000000001
1 0.001944131 0.3821933 0.48945190000000005 0.45841689999999996 0.54080176
13 0.0019073819 0.48711956 0.4908018 0.5539386 0.5425996999999999
9 0.0019063385999999998 0.16750456 0.49093094 0.5165449000000001 0.7237321999999999
11 0.0019016063 0.50306344 0.4899819 0.5549042 0.5716926
10 0.0018894195000000002 0.39987203 0.45165607 0.46222559999999996 0.5235794
8 0.0018675663 0.58842504 0.30541667 0.9003290999999999 0.951778
9 0.0018572838 0.06383408 0.48214242 0.31157172 0.7676609999999999
9 0.0018518189000000002 0.078835845 0.39078987 0.36364627 0.6388274
1 0.0018321015 0.3595363 0.48992208 0.4448715999999999 0.5449607
6 0.0018249227 0.0 0.5587984 0.41596246 0.84095633
1 0.0017041684 0.09923379 0.5350178000000001 0.4435827 0.7764358
7 0.0016838957000000002 0.08245174599999999 0.32409322 0.45020859999999996 0.741111
7 0.0016773297 0.4797374 0.47398117 0.5604631 0.5479822
8 0.001660517 0.5014575 0.77019346 0.61034375 0.9210704
12 0.0016328712 0.08335532 0.40149614 0.51089865 0.68480676
9 0.0016093551 0.3873946 0.47600190000000003 0.47784442 0.5340784000000001
8 0.0015803382999999998 0.054888383 0.37665707 0.31260170000000004 0.6908321999999999
13 0.0015734279000000002 0.56753266 0.6163849 0.6490003000000001 0.66814977
6 0.0015546166 0.48690873 0.47696415 0.5946823 0.5395234999999999
10 0.0015427879999999998 0.37199962 0.45417762 0.45175081 0.525397
8 0.0015406501 0.9228333000000001 0.6650194 0.97586536 0.73990285
3 0.001524274 0.40701348 0.47512412 0.46794367 0.54596645
7 0.0015212706 0.59010124 0.5189172000000001 0.6883477 0.6091249
1 0.0015115072000000001 0.041943237 0.41876268 0.39214557 0.65172464
7 0.0014795357000000002 0.0 0.50895 0.35897815 0.8836476000000001
13 0.0013835419 0.61200964 0.39652327 0.95154655 1.0
2 0.0013132056 0.5365026999999999 0.4995067 0.6125126999999999 0.549009
5 0.0013090138 0.46154654 0.51275146 0.56074977 0.56514615
4 0.0013042082000000001 0.37719440000000004 0.46604848 0.46348196 0.54467607
11 0.0013018303 0.05165595 0.4471947 0.26949203 0.8429315999999999
12 0.0013013908 0.38654813 0.48040846 0.47875115 0.53855866
8 0.0012904879 0.39984852 0.36335117 0.8669978000000002 0.9937514000000001
8 0.0012884475 0.39820954 0.46929714 0.47100988 0.5490264
13 0.0012813250999999999 0.5836292 0.50625277 0.65711874 0.58536094
6 0.0012783656 0.47969466 0.5081611 0.57995015 0.56287783
13 0.0012675932 0.49099872 0.48352796 0.93304753 1.0
7 0.0012336422 0.48334499999999997 0.4954304 0.5810642 0.5743842
2 0.0012023901 0.016285226 0.51785856 0.42041874 0.7583276
9 0.0011995502 0.57983196 0.48723355 0.94848824 0.99993044
13 0.0011990938 0.36987445 0.4662300999999999 0.43995032 0.56342226
5 0.0011882428 0.46201658 0.49461043 0.56451917 0.531215
4 0.0011858173 0.17244385 0.39110333 0.53407276 0.76205146
7 0.0011811919 0.38237740000000003 0.45801106 0.46898043 0.5525412
1 0.0011810501 0.0 0.56753826 0.24769816 0.7899639
11 0.001179616 0.5492201 0.49699372 0.595847 0.57018703
11 0.0011771767 0.50442946 0.47554308 0.5426141999999999 0.5383326999999999
7 0.0011744479 0.9025373 0.5482425999999999 0.9854973 0.6282386999999999
13 0.0011400875 0.33869267 0.47312970000000004 0.42867333 0.5406963
5 0.0011355758 0.32816765 0.48829478 0.48132822 0.5413031999999999
6 0.0011117492999999999 0.5785551 0.5291326 0.7071693 0.5945635
6 0.0011057528999999999 0.52442294 0.5085086 0.62790316 0.56512284
2 0.0010947288 0.89872426 0.5494164 0.9936014999999999 0.61350006
4 0.0010750014 0.40226257 0.46104209999999995 0.47263438 0.539392
4 0.0010708802 0.04560733 0.50675297 0.38774607 0.8593128000000001
1 0.0010477753999999998 0.6001888000000001 0.54575866 0.68746656 0.60378385
2 0.0010447792 0.6723906 0.47064979999999995 0.9746796999999998 0.87263376
8 0.0010267964 0.5559909000000001 0.47352716 0.9089405999999999 0.81637156
11 0.0010266874 0.5190002 0.48813963 0.5755260999999999 0.57155585
9 0.0010204301 0.08864382 0.46406165 0.3745231 0.7231493
12 0.0010151016 0.6082583 0.5240558 0.6937519 0.5954333
2 0.0010078994 0.11329301 0.3282302 0.43618155 0.6949481
9 0.0010039924000000001 0.74026984 0.57749486 1.0 0.81723595
11 0.0009951354 0.60866416 0.52156323 0.65451515 0.60039115
5 0.0009932239 0.052308336 0.5371175 0.518379 0.8069979
2 0.0009778969 0.5947640999999999 0.523088 0.6809968000000001 0.58462685
7 0.00096540136 0.5182706 0.50051486 0.60957205 0.5744014000000001
4 0.000954753 0.5193998 0.47877687 0.57826346 0.54023737
1 0.0009461290300000001 0.5805286999999999 0.5475456999999999 0.6654908 0.60351896
1 0.00094350235 0.68471843 0.6360667 0.972349 0.85797113
4 0.0009393261 0.17905362 0.3527788 0.49767822 0.6582481
11 0.00092628977 0.08433445 0.45482972 0.33466476 0.90312743
10 0.0009224578 0.5117949 0.46729374 0.5775975999999999 0.53050816
13 0.00089597725 0.57019025 0.49035388 0.7203608 0.6732045
6 0.0008943614 0.044068425999999994 0.525347 0.5562326999999999 0.78745383
9 0.0008785933999999999 0.6447588000000001 0.49674556 0.94016135 0.7475324000000001
7 0.0008637955000000001 0.3667368 0.3711669 0.9873972 1.0
1 0.0008585413499999999 0.5912919 0.5379126000000001 0.65530384 0.6180656
7 0.0008552864300000001 0.59711426 0.49725577 0.6913130999999999 0.57994074
11 0.0008298424 0.521649 0.47480905 0.5641875 0.5390779
7 0.0008253868 0.043406203 0.42376742 0.47754090000000005 0.8273879000000001
11 0.00081985147 0.4079811 0.45770082 0.46580845 0.53561515
11 0.0008051142999999999 0.9114799000000001 0.55167186 0.9539523999999999 0.6253263000000001
9 0.0007797997999999999 0.7084272 0.49646166 1.0 0.7315526
10 0.0007715345 0.9432710999999999 0.5409913000000001 1.0 0.614898
6 0.0007660956500000001 0.34936932 0.46465585 0.49707070000000003 0.54527265
10 0.00075017975 0.61165327 0.50864863 0.69194406 0.5978233000000001
3 0.00073578284 0.56044143 0.54538983 0.62301844 0.62124014
2 0.00072916906 0.5972411999999999 0.5038187 0.6564682 0.5940159
7 0.00072670146 0.659224 0.47041000000000005 0.99826044 0.92351377
1 0.000717835 0.5239944000000001 0.5148345999999999 0.594788 0.5607420999999999
2 0.00071217224 0.595172 0.49317408 0.6729875 0.5435549
9 0.0007105296000000001 0.3825203 0.46819684 0.43856528 0.5538639
7 0.0006887056 0.60265964 0.5020640000000001 0.66941625 0.6320051
11 0.0006750442599999999 0.6276835 0.5199399 0.67520607 0.5957029
2 0.0006709856 0.45084316 0.7824521 0.66990143 0.92883855
8 0.0006671643400000001 0.051075876 0.19008604 0.2908294 0.71845657
12 0.00066064444 0.3800226 0.46571413 0.44577510000000004 0.5526135
12 0.00065996987 0.68398345 0.54275197 1.0 0.82299113
1 0.0006578372 0.40887216 0.8008251000000001 0.58188367 0.9246324
11 0.00065104663 0.9279883 0.5537748 0.969892 0.6272954000000001
11 0.0006350708400000001 0.39733633 0.42761835 0.43901595 0.56048375
10 0.0006346939 0.39824083 0.43141717 0.439805 0.54263175
9 0.0006262025599999999 0.9156291999999999 0.56400967 0.9868372999999999 0.61673075
9 0.00062496564 0.6739649999999999 0.53473246 1.0 0.7921935999999999
4 0.0006149469 0.7294484999999999 0.50315344 1.0 0.8828883
4 0.0006141785 0.51395065 0.49800837 0.57840234 0.5722729999999999
10 0.0006125637400000001 0.92095697 0.5472133000000001 0.9888669 0.6171057
1 0.0006074307 0.5444058 0.5191718 0.6067736 0.56504303
11 0.00059641537 0.615306 0.49426338 0.64953053 0.61501706
12 0.0005947887 0.6040595 0.48959687 0.6962305999999999 0.56868714
1 0.00059396814 0.48532817 0.51779836 0.5536047 0.56367314
10 0.0005861499 0.514073 0.49100584 0.5889623 0.5655683000000001
5 0.00058222166 0.87582177 0.57510674 0.9824957000000001 0.619167
1 0.00057141454 0.89602834 0.5741460999999999 0.97294086 0.61851066
1 0.000570824 0.5963732 0.5191817 0.6727711999999999 0.5715226
12 0.0005638003299999999 0.5984062 0.50784945 0.66401625 0.6119272
12 0.0005589766000000001 0.9191928 0.5524339 0.9983325000000001 0.61172855
5 0.0005548324 0.42838857 0.6169224 0.9413912 0.97534
11 0.0005536325 0.36221343 0.462525 0.4155438 0.5440696999999999
13 0.0005464123999999999 0.5692666999999999 0.5272646 0.6487255999999999 0.5952041
8 0.0005397212999999999 0.05867955 0.33676142 0.47197017 0.8712076999999999
1 0.00053334 0.32214108 0.48753142 0.40655890000000006 0.53609604
12 0.00053112366 0.03417389 0.46919036 0.36141145 0.74400675
13 0.0005145658 0.5798236 0.55788773 0.6569301 0.6215357
5 0.0005053306 0.029263154 0.45636309999999997 0.46583426 0.6948413
9 0.00050259294 0.49833286 0.50426036 0.56843734 0.5595789000000001
4 0.0005022319 0.6036357 0.5108252999999999 0.6835515999999999 0.5972712
6 0.0004975681 0.66903496 0.5838036 1.0 0.8922304
1 0.0004967698 0.3647597 0.45037204 0.8787123 0.8618528
5 0.0004967664 0.50563115 0.51673895 0.6136574 0.5622866999999999
9 0.0004940001 0.9328839 0.5651234 1.0 0.61252534
13 0.00049362547 0.015526086000000001 0.35464042 0.3572884 1.0
1 0.0004909494999999999 0.0 0.4561442 0.29986954 0.6830219
1 0.00048737248 0.6101496 0.5356641 0.67399335 0.62482035
5 0.00048730537000000004 0.5765548 0.5355251999999999 0.6931782 0.59985536
4 0.00048111835999999997 0.49639490000000003 0.49880412 0.55958974 0.56737804
7 0.00047520032999999993 0.9236325000000001 0.5514673000000001 1.0 0.6223305
1 0.00047410483 0.58107555 0.51724166 0.65527904 0.5663581999999999
13 0.00047283087 0.5428895 0.5446097 0.6737437 0.67939526
12 0.00047237828 0.49494833 0.49743279999999995 0.58804077 0.55534506
8 0.00047152945999999994 0.79156065 0.6504011 0.94874024 0.8101659999999999
6 0.0004687149 0.0 0.37891015 0.52742183 0.6754234
13 0.00046382094 0.5546886999999999 0.5870924 0.64071083 0.6521744
5 0.00046314345999999996 0.35713577 0.4909517 0.44848734 0.56688833
11 0.00045735697 0.5951072 0.5216109999999999 0.64038765 0.60259205
4 0.00045662187000000004 0.5021752 0.47813344 0.55636394 0.535669
5 0.000447374 0.6286725999999999 0.59804726 1.0 0.8765898000000001
13 0.0004455807 0.5650699 0.5537186 0.6378348 0.6227563
3 0.000445249 0.6229855 0.5088045999999999 0.72623146 0.5907464
11 0.00044512714000000006 0.78294444 0.4684695 0.96386385 0.8892110000000001
6 0.00044228170999999997 0.5761972 0.50665116 0.6902151999999999 0.5715169
10 0.00043993708 0.21289097 0.36923906 0.54265124 0.74545336
7 0.0004399103 0.3985511 0.78014773 0.5957696 0.9708743000000001
4 0.0004394717 0.93434286 0.5500703 1.0 0.61974984
13 0.00043773098 0.540046 0.52984893 0.61405706 0.59328586
12 0.00043681794000000003 0.53665245 0.4987282 0.6167059 0.55966884
12 0.00043676726999999997 0.55851847 0.38360247 0.9843076 0.7207988000000001
8 0.00042535644000000003 0.55494463 0.54362446 0.6203476 0.6147903
4 0.00041478209999999997 0.91263235 0.55408686 0.98350215 0.6221878000000001
1 0.00040534627999999997 0.49274984 0.5184802 0.8751725 0.7303232
11 0.0004032468 0.23716968 0.3859985 0.4723726 0.8016483
5 0.00039798187000000004 0.5813389 0.53129125 0.6582557 0.6188819000000001
2 0.00039376997 0.5705015999999999 0.52615434 0.6576639 0.57832396
10 0.00039331559999999997 0.5425644000000001 0.49446556 0.61746037 0.5620710999999999
10 0.0003931871 0.625961 0.48365749999999996 0.67603153 0.6283829000000001
3 0.00038765054 0.41534570000000004 0.39811766 0.89911366 0.94318193
9 0.00038502223 0.038731672 0.40103912 0.27788135 0.66448706
1 0.00038229369 0.5637265 0.54348594 0.6467363 0.5974015
10 0.00037647475 0.49428645 0.47295073 0.56237423 0.52895725
13 0.00037448012 0.3433872 0.48161915 0.4741286 0.606793
5 0.00037396867999999996 0.0 0.44826642 0.32427140000000004 0.6692783
8 0.00036942699999999997 0.56944746 0.5065561 0.745423 0.6660581999999999
10 0.0003653754 0.6086308000000001 0.48781374 0.6625469 0.6181639
3 0.00036323717000000006 0.117801756 0.40172687 0.31759440000000005 0.5272213000000001
10 0.00035708557999999995 0.027691782 0.4875599 0.35695955 0.7825791
6 0.00035535288000000003 0.88315547 0.5692316999999999 0.9919108 0.62543887
11 0.00035135962999999996 0.6128746 0.5041652 0.6513237 0.57018656
9 0.00034980444 0.54203516 0.5077488 0.61203986 0.56577367
9 0.0003430432 0.58955 0.53070396 0.6703876 0.60066205
13 0.00034237483999999995 0.47416549999999996 0.51202255 0.5478396 0.56246644
11 0.00034236282 0.5672674 0.49807579999999996 0.61248934 0.5723103
13 0.00033717510000000003 0.46949205 0.7721363 0.6164503 0.92027575
7 0.00032423182999999996 0.0 0.3613304 0.3709554 0.79640156
11 0.0003237148 0.20607957 0.3832526 0.40159127 0.7307958000000001
10 0.0003221791 0.055202499999999995 0.48791185 0.43596917 0.85690653
10 0.00032107474 0.55844146 0.48911387 0.6313848000000001 0.5676759
11 0.00031338658 0.5811255 0.55316526 0.6309663000000001 0.636138
7 0.00031188905 0.5597291999999999 0.5548270000000001 0.6551516 0.63251036
4 0.00031012396 0.08034827 0.35483506 0.4311813 0.649694
10 0.0003090184 0.34976155 0.47206295 0.42899597 0.52705467
10 0.00030859766 0.14381073 0.28291377 0.4269349 0.6694943
2 0.0003046243 0.38952297 0.44108588 0.44552040000000004 0.5471264
8 0.00030428023 0.94510657 0.5574314 0.99641794 0.6227961999999999
11 0.00029739316000000003 0.48645538 0.48468477 0.5398062 0.5730294
12 0.00029723445 0.35100403 0.26705068 1.0 0.8085161
12 0.00029556872 0.896231 0.54994774 0.9765434999999999 0.6057389
9 0.0002924816 0.5544026999999999 0.51050204 0.63315785 0.5685060000000001
9 0.00029048638 0.61271614 0.51037776 0.6923644 0.5726005
12 0.0002890101 0.011487216000000001 0.37165594 0.33588709999999994 0.6428581
5 0.00028893046 0.58080053 0.618143 0.9206883 1.0
5 0.0002844155 0.48880363 0.56131166 0.9970380999999999 0.83492345
7 0.00028359627999999997 0.559299 0.52610856 0.6538662 0.60548294
4 0.00028359122 0.61086774 0.49148694 0.67167664 0.6104927
10 0.00027855329 0.58554643 0.54321617 0.66651267 0.6267130999999999
13 0.00027758173999999997 0.0 0.46153125 0.33465093 0.74520457
1 0.00027750075 0.56059945 0.5243103 0.7223283 0.6404134
1 0.0002723671 0.5468383000000001 0.6428339 0.92813146 0.8622198
10 0.0002717637 0.6164824000000001 0.48324502 0.6883359 0.56909186
1 0.00027120744999999997 0.014079139 0.47167724 0.35737324 0.71435195
1 0.0002645337 0.57975566 0.5294908 0.95446396 0.74511665
13 0.00025611185 0.54104304 0.5104044 0.91219187 0.8651245999999999
2 0.00025249028 0.4915468 0.23684263 1.0 0.9150966
4 0.00025131326 0.38438419 0.4478879 0.44352052 0.55646104
11 0.00025117 0.49004695 0.8204195 0.5925085999999999 0.97243387
9 0.00024952032 0.60028183 0.52151304 0.65606534 0.62410975
11 0.00024760442 0.9508996999999999 0.5486706 0.9943708 0.62295294
12 0.0002474347 0.5849196 0.5227824999999999 0.6634479999999999 0.5944625
7 0.0002415859 0.56371045 0.5001264 0.6563209 0.57966304
6 0.00024113889 0.32577527 0.47436482 0.4660368 0.5380621999999999
3 0.00023573667999999997 0.9497076999999999 0.5590991 0.99714667 0.62790596
10 0.00023468669999999998 0.752179 0.46218994 1.0 0.83571404
5 0.00023041695 0.31210145 0.48556262 0.42860082 0.5339748000000001
10 0.00022681862 0.5835383000000001 0.5198688 0.6658951 0.5895437
11 0.00022560083999999999 0.59955096 0.55402946 0.6448965 0.63870263
6 0.00022332307999999997 0.49257556 0.5403324 0.7598649000000001 0.672858
2 0.00022128884999999998 0.3516276 0.46857935 0.43836582 0.5199536
11 0.00021925022999999997 0.5998141 0.49483845 0.63893443 0.56656986
3 0.00021831151000000003 0.080216706 0.41992745 0.30357084 0.5593744
11 0.00021581813 0.6293509 0.4979066 0.66949546 0.57030684
1 0.00021503656000000003 0.48196644 0.607059 0.8642040000000001 0.8241521999999999
7 0.00021290734 0.5484549 0.391293 0.9328749 0.83020914
5 0.00021209367 0.47812745 0.52987427 0.95433044 0.7285441
2 0.00021177702000000002 0.56790495 0.5500304 0.65893996 0.60980344
