3 0.95879227 0.04659681 0.39499584 0.16565739 0.6175199
3 0.93036187 0.8515287 0.3477901 1.0 0.5436595999999999
3 0.5885795 0.15480264 0.4323698 0.21035443 0.57230085
3 0.56517076 0.14154266 0.36800770000000005 0.24552505 0.42726260000000005
3 0.42865017 0.014972306999999999 0.38310856 0.18398756 0.57434225
3 0.34850472 0.6276701 0.33297384 0.79532665 0.48685315
8 0.263858 0.0 0.3830876 0.29782423 0.62909406
8 0.20151335 0.7043391999999999 0.35435086 1.0 0.64646703
3 0.19111 0.79579633 0.3347492 1.0 0.6125457
8 0.19105166 0.09517013 0.3810914 0.27813816 0.5199712000000001
8 0.1889411 0.6047595 0.39002004 0.7935534000000001 0.54030424
8 0.18229055 0.19507982 0.42436450000000003 0.27188513 0.48520613
3 0.16711205 0.14259586 0.36596102 0.26998130000000004 0.4763314
3 0.13825022 0.20991300000000002 0.41090447 0.27928957 0.49308370000000007
8 0.13486420000000002 0.15560734 0.44666818 0.20191279 0.5537246
8 0.12646526 0.19948256 0.43924436 0.26194072 0.50264305
3 0.11859725 0.6387223000000001 0.36597094 0.7991005 0.53974867
3 0.096507706 0.8588176 0.32206467 1.0 0.46647653
8 0.083968945 0.8002959 0.35363445 1.0 0.6014475
8 0.07865401 0.83633375 0.39658087 0.9973929 0.5330687
3 0.06638854 0.05020129 0.3915232 0.26533708 0.60036635
3 0.052419815 0.016662203 0.38040093 0.1291945 0.4464093
3 0.051391453 0.13093598 0.37974018 0.26183146 0.51375705
3 0.045619692999999996 0.02256266 0.36903885 0.1763708 0.50251377
3 0.03620261 0.15378967 0.40052956 0.27981722 0.5397382
8 0.030708056 0.016706474 0.41349173 0.17483255 0.5909319000000001
8 0.027517292999999998 0.61557454 0.35215113 0.78369564 0.49437705
8 0.026856908999999998 0.8414378 0.33843717 0.99023426 0.5162827
13 0.022885727 0.14442267 0.45978472 0.21907480000000001 0.5571153
8 0.018556278 0.64342666 0.43330324 0.80974984 0.58827364
13 0.017048651 0.19280468 0.41587597 0.27856708 0.48144922
13 0.01575162 0.15260142 0.3591115 0.2564427 0.4329005
8 0.015657648 0.09573087 0.40948823 0.23635057 0.578507
8 0.015097105 0.54214585 0.30211768 0.81872344 0.6164748999999999
3 0.013977173999999998 0.61751133 0.30956626 0.78605515 0.44393885
8 0.01369961 0.08796633 0.356717 0.2717974 0.4767113
3 0.0117701795 0.22778437 0.39930248 0.30443922 0.44963935
8 0.009600054 0.13933331 0.3728567 0.23540077 0.4281963
3 0.008078369 0.62518626 0.32890990000000003 0.74733716 0.40091372
8 0.007733018 0.81922704 0.31450087 1.0 0.6948905
13 0.0076026465 0.12680936 0.34965409999999997 0.287537 0.51160306
3 0.0070838053 0.20369348 0.42240390000000005 0.26581767 0.5194028
13 0.007076434300000001 0.58976966 0.33730137 0.80823296 0.5056202999999999
3 0.0069216880000000005 0.5716044 0.33051690000000006 0.81128657 0.56355166
3 0.006646469 0.14960898 0.37994486 0.25106302 0.4490545999999999
8 0.0063449744999999995 0.61011994 0.32457212 0.7675513 0.45375606
13 0.00616996 0.836648 0.4072765 1.0 0.5422355999999999
13 0.0061404915 0.006599441 0.46149880000000004 0.21517864 0.611912
12 0.005921205 0.16350527 0.44668290000000005 0.22972976 0.53875166
3 0.0058680247 0.8682734000000001 0.32792947 1.0 0.40195593
8 0.0056159697 0.64741874 0.30964535 0.9518204 0.8389091999999999
13 0.005341731 0.11331245 0.41898644 0.28366753 0.55550206
3 0.0051616584000000005 0.20944569 0.40000293 0.28739640000000005 0.46084112
13 0.005088651 0.11850551 0.47600105 0.21896020000000002 0.5373903
13 0.0048732464000000005 0.08817631 0.39472395 0.26400809999999997 0.5345674
2 0.004789979000000001 0.20711216 0.40849070000000004 0.27969390000000005 0.46926448
8 0.0043410226 0.017721333 0.33238286 0.21404720000000002 0.8313834999999999
8 0.0042059179999999995 0.21603544 0.3995288 0.29008374 0.44600029999999996
13 0.0041004373 0.18916532 0.44640765 0.27868706 0.50130737
3 0.004066052 0.11296637 0.38864973 0.23592858 0.59699285
8 0.0040163044 0.0 0.37468356 0.15323702 0.5173252
9 0.003865093 0.16290152 0.4634973 0.22963905 0.54248226
3 0.0038297237 0.14640637 0.41821644 0.21987395 0.47458196
3 0.0037109153000000005 0.089754604 0.40962709999999997 0.15483865 0.60424036
8 0.0036916474 0.14782435 0.48054108 0.1962401 0.5565763000000001
2 0.003451665 0.19147024 0.41345507 0.26499483 0.46768078
7 0.0034464855999999998 0.15355724 0.43805525 0.22187558 0.5695418999999999
2 0.0034358806 0.15075687 0.43669432 0.22166628 0.5487071
13 0.0032977525 0.81181294 0.35945985 0.9908288000000001 0.52633476
9 0.0032354772999999997 0.15244389 0.45750463 0.20923296 0.54218394
11 0.0031504326 0.15844293 0.46299064 0.19189604 0.5711751
13 0.0030910508 0.0 0.40784976 0.18876004 0.5907472
7 0.0030359006 0.20267770000000002 0.41249037 0.2791396 0.48263353
10 0.0030007951 0.15794426 0.41701233 0.21858406 0.5616183000000001
8 0.0029133556 0.14071772 0.43757927 0.20158279 0.53453785
3 0.0028807768 0.67341655 0.448924 0.7987148000000001 0.59506655
12 0.0028774228000000004 0.1642652 0.4141206 0.23083042 0.5149894
13 0.0027386637 0.048917122 0.41683492 0.18865716 0.6408365
12 0.0025326584 0.20876288 0.41293916 0.2893869 0.47912934
13 0.0025219775 0.05842845 0.44651818 0.25934333 0.5865862
7 0.0024639320000000003 0.13939856 0.43767887 0.2035759 0.57719725
6 0.0024577782 0.20563264 0.42599675 0.30257434 0.48534518
4 0.002414824 0.16852562 0.44380704 0.21857311 0.57233053
13 0.0023894038 0.6012187 0.29599836 0.8040973000000001 0.4557977
7 0.0023161457 0.8145045 0.38883096 0.9922421999999999 0.5797227
13 0.0022735952 0.003457509 0.33852088 0.24311784 0.67072237
13 0.0022511228 0.12812307 0.5029273 0.22493720000000003 0.5508353
4 0.002203283 0.21128821 0.4122119000000001 0.27389503 0.486616
7 0.0021937052 0.18221669 0.41082194 0.26309317 0.48886216
13 0.0021745535000000002 0.13005024 0.44912785 0.20127484 0.5532373
10 0.0021642335 0.20801732 0.4054793 0.28313327 0.47899319999999995
12 0.0021461172 0.15481746 0.41119477 0.21231627 0.50900525
13 0.0021221985000000002 0.85013723 0.39157453 0.9856231 0.5897560000000001
2 0.0020742351000000003 0.8255288000000001 0.39563054 1.0 0.52649504
5 0.0020453702 0.12017165 0.47538877 0.21058144 0.5463425999999999
11 0.001971987 0.17797434 0.46717235 0.21081173 0.5723146
5 0.0019062872 0.16972138 0.42884865 0.28265685 0.47147304
9 0.0019056329 0.20704108 0.41785259999999996 0.28669262 0.47761909999999996
10 0.0018425544 0.14050256 0.433784 0.20692329 0.5589869000000001
3 0.0018146229 0.6648917 0.4109438 0.77342916 0.58577394
13 0.0018120485 0.6894318 0.34420463 0.9847988000000001 0.64519775
1 0.00175024 0.16217235 0.48278415 0.21500638 0.5743473000000001
7 0.0017364069 0.0070839673 0.4443603 0.18232377 0.6189251
2 0.0017171323 0.84158856 0.33149004 1.0 0.46756738
7 0.0017065026000000001 0.19225568 0.44835349999999996 0.27211009999999997 0.5087522
2 0.0016619248 0.1254063 0.35358152 0.29329783 0.5046255999999999
1 0.0016257497 0.774842 0.41953906 0.9515127 0.5296647
3 0.0015890608999999999 0.18023884 0.41016552 0.25125483 0.48426253
6 0.0015881585 0.14738989 0.4823709 0.22060120000000003 0.5571635
9 0.0015585799 0.16048402 0.44210708 0.22941604 0.5229313
6 0.0015252089000000002 0.0923626 0.40381902 0.3703245 0.5433978
1 0.0015059953 0.19298372 0.4371249 0.26738024 0.48262784
1 0.0014746698000000001 0.14420718 0.48433214 0.19717762 0.5702514
13 0.0014577949 0.81833714 0.37873727 0.98209876 0.6452663000000001
8 0.001457368 0.059277102000000005 0.36708194 0.34155434 0.8719261999999999
9 0.0014481085999999998 0.030246451 0.34892249999999997 0.25408667 0.5948697
3 0.0014473570999999998 0.18429418 0.3947155 0.27185348 0.45655262
2 0.0014335397 0.63199216 0.32728893 0.8004003000000001 0.46478426
7 0.0014072072 0.8449615 0.31109077 1.0 0.53038806
2 0.0014022471 0.7121085 0.27728012 0.99843097 0.61535245
4 0.0013615451999999999 0.14754428 0.45074517 0.20150797 0.5696043000000001
7 0.0013180458 0.028506197 0.36680824 0.19724992 0.58348477
8 0.0013034946 0.16413735 0.41835950000000005 0.24286433 0.4826509
2 0.0012631711 0.1590024 0.40883067 0.22065201 0.5162594
13 0.0012613239 0.5113071 0.38554212 0.84601295 0.6592989
8 0.0012489535 0.16197532 0.43870875 0.22691512 0.51223904
8 0.0012349561 0.65447855 0.49051395 0.7276912 0.56437755
7 0.0012276646 0.0 0.2803866 0.25300083 0.67887765
8 0.0012172230000000001 0.19943182 0.40277773 0.26786694 0.45418796
11 0.0012076269 0.15761523 0.45223877 0.18764125 0.54514396
9 0.0011988507 0.8653715 0.40861833 1.0 0.5365177
8 0.0011953466000000001 0.011554498 0.38851038 0.121947005 0.44640777
9 0.0011738611 0.036815688 0.4111838 0.21848316 0.54526687
6 0.0011563877 0.82584894 0.40751424 1.0 0.5621784000000001
9 0.0011545538 0.14198056 0.46831185 0.22745124 0.528095
7 0.0011480347 0.098151624 0.33655012 0.2983932 0.52721626
1 0.0011344914 0.8140788 0.39279179999999997 0.9734775 0.5052840999999999
7 0.0011338161 0.12728402 0.4680152 0.20607188 0.5542552
8 0.0010995972 0.13499945 0.39176497 0.23623696 0.44653050000000005
12 0.0010975613 0.16544984 0.3596243 0.25690192 0.42434609999999995
9 0.0010911444 0.6556392 0.35791597 0.8190681 0.5052203
11 0.001071874 0.8797764000000001 0.40712836 0.9780696 0.5713233
7 0.0010548700999999999 0.65641254 0.32708442 1.0 0.69064176
3 0.0010370607 0.66945505 0.37838277 0.98076797 0.8121034
4 0.0010172597 0.8472596 0.39208899999999997 1.0 0.5607331
2 0.0010145119 0.7852912 0.37181088 0.9994334999999999 0.49005693
8 0.0010058227 0.017247409 0.13899817 0.17400272 0.62817776
13 0.0009917807 0.0 0.3777616 0.1343596 0.57471526
12 0.0009901419 0.8500268 0.38086492 1.0 0.52441937
9 0.0009775816000000001 0.8639641 0.35698423 1.0 0.48341486
1 0.0009687994 0.097131014 0.38772538 0.26199576 0.4790185
12 0.0009645058999999999 0.84852636 0.32941076 1.0 0.47510169999999996
13 0.0009546102400000001 0.86556333 0.3514583 0.9929406999999999 0.50643265
7 0.0009396117500000001 0.6249249 0.32109693 0.8010334 0.52167153
5 0.0009363196000000001 0.7766995 0.42188644 1.0 0.5398917
7 0.0009325625999999999 0.17363961 0.4468268 0.25528026 0.5128043999999999
1 0.0009109467999999999 0.82877684 0.42849147 0.99132764 0.54581875
10 0.00090916705 0.20901307 0.43289456 0.28307456 0.5100826
9 0.0009071534 0.2103669 0.44477013 0.29241335 0.5048119000000001
2 0.0009044052 0.20223407 0.44009772 0.28189394 0.49766007
13 0.0008918923599999999 0.21507561 0.39155229999999996 0.30678868 0.45540097
9 0.00088701304 0.7573207 0.39120978 1.0 0.6259346
1 0.0008698922999999999 0.11203062 0.40805927 0.27212667 0.5216957
4 0.0008690725999999999 0.19132066 0.41147524 0.25598788 0.48622322
12 0.0008658930300000002 0.16995618 0.45565227 0.25300047 0.528367
11 0.0008514445 0.852355 0.24462545 0.97683334 0.5774679
6 0.0008371089 0.7840596 0.40039495 1.0 0.52298796
7 0.0008251754300000001 0.08276311 0.39907658 0.29310855 0.58129287
2 0.0008245592500000001 0.85615134 0.35836290000000004 0.9841597 0.57567567
10 0.0007932411 0.85673076 0.38045776 1.0 0.5508675999999999
1 0.0007801603 0.13648310000000002 0.45109826 0.19336945 0.53407586
5 0.0007767103 0.723812 0.41159675 0.9732878 0.50762147
12 0.0007731497999999999 0.6191318 0.32370335 0.83983815 0.49416667
8 0.00076751533 0.7378465999999999 0.41156343 0.9768114999999999 0.8925004999999999
1 0.0007560769 0.15387833 0.45128286 0.21179208 0.5404091999999999
9 0.0007476894500000001 0.010686763 0.40457574 0.16789964 0.53810024
12 0.0007409082 0.82518256 0.36620355 0.9972390999999999 0.49292594
2 0.00073419936 0.66047734 0.29705265 0.8097741 0.44217023
7 0.00073386653 0.8453334000000001 0.34456795 0.98368365 0.62454855
1 0.00072902197 0.00614395 0.4516936 0.16498628 0.56855315
6 0.0007251228699999999 0.1525295 0.45019963 0.23283304 0.5296838
12 0.00071729143 0.03069172 0.38898408 0.22201052 0.54644114
11 0.0007170227 0.84011674 0.3834506 0.9294834000000001 0.5310544
6 0.0007162046000000001 0.20751704 0.45335606 0.29540628 0.50694436
11 0.0007091656 0.20657243 0.4255499 0.24762659 0.48983982
4 0.00070255337 0.048798695 0.42808887 0.20174263 0.62078506
9 0.00069713255 0.14545718 0.37424907 0.30819586 0.4999554
13 0.0006962963 0.7484706 0.31812087 0.9704940000000001 0.5765547
2 0.0006927260000000001 0.03314566 0.38330683 0.20117462 0.52183944
1 0.0006902352 0.0 0.36112338 0.20728101 0.5753461
8 0.00068260106 0.73191434 0.21901776 0.9562921999999998 0.71748203
5 0.0006814700999999999 0.0 0.48036563 0.22493896 0.6159587
1 0.000676427 0.6471728 0.3988889 0.9516101 0.6126522
4 0.0006745614 0.053507045 0.38513407 0.19933297 0.5679463
12 0.000671697 0.21364499999999997 0.4382237 0.28539217 0.49627867
4 0.0006681408000000001 0.8574563000000001 0.34625047 1.0 0.5038842
5 0.0006678609599999999 0.05381185 0.42337883 0.289281 0.513363
7 0.00066663645 0.77996176 0.359824 0.9690065999999999 0.5487844
8 0.000664498 0.7952499 0.20128585 0.9887083000000001 0.66395324
13 0.00065779674 0.5958486 0.39385676 0.81244653 0.5232082
6 0.0006514044 0.0 0.4095152 0.25128257 0.5758850000000001
9 0.000649706 0.8343816999999999 0.38050833 0.9786993 0.50887847
1 0.00064823375 0.059377685 0.40370095 0.24066941 0.5220073000000001
5 0.0006453051 0.05288537 0.39690313 0.28871387 0.4879093
5 0.0006448648 0.0 0.45213459999999994 0.2023578 0.57649463
11 0.0006422735 0.1775625 0.44761938 0.20708978 0.5448914
12 0.0006382048 0.15447158 0.43031296 0.2347723 0.49547708
5 0.0006329528400000001 0.7756821999999999 0.39811048 1.0 0.5080322
12 0.0006269386 0.08795356 0.36745486 0.33671546 0.51021904
5 0.0006230037 0.5375166 0.40774423 0.8030406 0.49595603
11 0.0006203123 0.22255874 0.42692494 0.2648992 0.48865536
5 0.0006113453400000001 0.52953815 0.377215 0.80145276 0.46924943
13 0.000610641 0.5253836 0.32184818 0.8823072 0.5998898
1 0.00060938235 0.0 0.45064604 0.123858266 0.5545751
1 0.00060445 0.16360635 0.37722534 0.24233606 0.42787233
2 0.0006037873 0.14060959 0.43239018 0.22337711 0.49425882
2 0.0006027829 0.016744867 0.3183611 0.3159387 0.62741053
4 0.0006022282 0.21979126 0.43735966 0.27248156 0.5144156
5 0.0005973163 0.17491904 0.4596612 0.28068206 0.49913934
7 0.0005907639 0.16679573 0.3507737 0.24664706 0.43317804
9 0.0005892487 0.8168805 0.3290287 0.99241704 0.5634749
8 0.0005875531 0.13291523 0.42064682 0.21317261 0.48287326
13 0.0005864887 0.019661397 0.38802853 0.121475875 0.45509794
5 0.00058534683 0.59018564 0.41573498 0.9828683000000001 0.59276575
5 0.0005850712999999999 0.0 0.43289605 0.17879659 0.5369598000000001
7 0.0005807153 0.003118299 0.3703905 0.14479095 0.57453203
9 0.00058018346 0.13879302 0.41728964 0.3001635 0.54610837
11 0.00058008754 0.0753346 0.27411437 0.23390698 0.62111306
5 0.00057993026 0.7752733 0.37833685 1.0 0.4701835
4 0.00057363644 0.1735529 0.46001926 0.22875756 0.5491143
11 0.0005698012000000001 0.16891275 0.3929661 0.26871765 0.57654107
6 0.00055870257 0.0 0.4678758 0.26079595 0.616749
8 0.0005547260500000001 0.78247464 0.27607083 0.96292615 0.8229851999999999
9 0.0005547167400000001 0.047558203 0.45852600000000004 0.21740977 0.5913795999999999
2 0.00055383047 0.86886203 0.29708487 1.0 0.43772474
7 0.00054386404 0.7789520000000001 0.24251741 1.0 0.6470991
2 0.0005393507 0.026499137000000002 0.35581967 0.17011349 0.4753702
1 0.0005383621299999999 0.5905661 0.39047986 0.7575814000000001 0.49255764
10 0.00053348235 0.017391756 0.36487165 0.21195689 0.5509416
6 0.0005302652 0.1441114 0.48279426 0.24729920000000002 0.53767073
11 0.0005259153500000001 0.84698987 0.3969071 0.94584656 0.57061005
7 0.0005227338400000001 0.0 0.34750533 0.30842692 0.7397411
2 0.0005212677 0.12711 0.46295178 0.21642682 0.5329086
5 0.0005163071299999999 0.13483863 0.37587732 0.23743822 0.42424086
4 0.0005152044499999999 0.014702908999999998 0.4080252 0.16609865 0.5887719
10 0.0005132541 0.6531851 0.353471 0.8345416999999999 0.5099672000000001
7 0.00051122403 0.05139596 0.3685739 0.26308516 0.5601493000000001
2 0.0005109716 0.16844226 0.34781373 0.24167506 0.42348266
10 0.00051008485 0.14594299 0.44521457 0.22895491 0.54699904
11 0.00050416746 0.1580572 0.48683846 0.19803558 0.55574185
9 0.000503665 0.114589386 0.39068896 0.27555037 0.53242946
11 0.0005012046 0.12423359 0.35342458 0.23281275 0.55416876
5 0.00050080044 0.0 0.42325386 0.27697027 0.6155538
5 0.0004968376000000001 0.11990967400000001 0.45702907 0.20914999 0.51885504
12 0.00049201155 0.0 0.25669596 0.28303453 0.55805755
12 0.0004901748000000001 0.01923579 0.3460179 0.18277001 0.5133639
10 0.00048811213 0.18542668 0.3447398 0.24845624 0.42610344
1 0.00048385365999999993 0.0 0.41521263 0.117995635 0.5195065999999999
1 0.0004798218 0.85346913 0.44537267 0.9818394 0.61438936
1 0.00047475742999999993 0.7718095 0.35032782 0.96885043 0.5655343
3 0.00047295808 0.17870747 0.43458575 0.2430275 0.52210003
1 0.00047068839999999995 0.036163665 0.44637427 0.20021284 0.5597288
9 0.000469122 0.045307472 0.41778448 0.3056957 0.6569037
8 0.0004671693 0.011007993999999998 0.21522522 0.16045122 0.7912786999999999
1 0.0004639589 0.0 0.42916040000000005 0.24464741 0.6469885999999999
10 0.0004638748 0.23278564 0.4025579 0.29917628 0.47665298
9 0.00045444085999999994 0.15360911 0.49399927 0.22601275 0.56204647
11 0.0004515204 0.7883321 0.2811929 0.9474188 0.67825013
1 0.0004506899 0.82043064 0.36531812 0.96472394 0.46695533
6 0.00044903894999999996 0.63261753 0.381769 0.84819657 0.5272245
1 0.00044861244000000006 0.0122976005 0.41258654 0.16020929999999997 0.5277210999999999
11 0.00044799449999999996 0.8710199000000001 0.3872613 0.96362776 0.5320557
11 0.00044397986 0.039101183 0.44310370000000004 0.11890577 0.5989222
8 0.00043857953 0.001244843 0.35052642 0.15024427 0.47903234
5 0.00043596653 0.7283753000000001 0.43922696 0.9626142 0.53962046
4 0.000435793 0.15192352 0.43223163 0.19907145 0.54074585
1 0.00043208362 0.20308954 0.46322129999999995 0.27213309999999996 0.50585866
10 0.00043113632000000006 0.83281803 0.37465304 1.0 0.5063835
11 0.00043094374 0.074032314 0.46714434 0.16535294 0.6321962
4 0.00043057906 0.14399022 0.37452179999999996 0.29604033 0.5405063
1 0.0004300378 0.0 0.48120677 0.14907637 0.59121686
11 0.0004276264 0.03072578 0.42588195 0.10345173 0.56960255
7 0.00042725645 0.055860005 0.34232616 0.18185797 0.64593995
6 0.00042658097999999996 0.8416495 0.36142382 1.0 0.5195153
11 0.000426021 0.06838383 0.41943535 0.14941974 0.5714179
5 0.00041684660000000006 0.8347546 0.41549775 0.9899049000000001 0.5980239
11 0.00041369593 0.8873501 0.33884785 0.96734524 0.6105602
13 0.00041315216000000003 0.5532764 0.37304518 0.77688515 0.51523983
1 0.00040338167999999996 0.6051270000000001 0.36329007 0.77203965 0.467732
4 0.00040297987 0.09259866 0.36270812 0.23224725 0.55586994
10 0.0004027983 0.83829117 0.32611006 1.0 0.4793704000000001
10 0.00039830012000000004 0.15465638 0.31945795 0.3192439 0.5409783
12 0.00039640148000000004 0.7885401 0.24025531 1.0 0.51552004
2 0.0003930579 0.80073625 0.21112729999999996 1.0 0.68676513
4 0.00038517782 0.089958034 0.4105712 0.23599398 0.62491125
13 0.00038511352999999997 0.1490747 0.38275287 0.2594278 0.45417625
13 0.00038110738 0.8284997 0.31710204 0.9855858000000001 0.46915776
5 0.0003797579 0.053941824000000006 0.44844303 0.29795920000000004 0.54447883
4 0.0003797481200000001 0.06820444 0.29306632 0.27527264 0.6324204000000001
11 0.00037971925 0.8896235 0.4304635 0.9888954 0.6109944
