3 0.99638283 0.047996234000000006 0.54083836 0.16853932 0.71266204
3 0.8999011 0.559796 0.51970595 0.6877525 0.6090843
3 0.8586309999999999 0.18392217 0.5108472 0.29156744 0.6845031
8 0.5493311 0.15691139 0.51912755 0.29617488 0.7061839
3 0.47375044 0.022557437000000003 0.514378 0.15337324 0.74394274
8 0.281199 0.5455053000000001 0.5034411 0.71551204 0.6122017
3 0.19101621 0.7260021 0.534145 0.80375874 0.5969705
8 0.17637941 0.7944623000000001 0.48044318 0.8614738000000001 0.6071082
3 0.10738732 0.30525327 0.52444607 0.48467004 0.7121346
8 0.07999346 0.011777811000000001 0.4922724 0.21197036 0.8045566999999999
3 0.06508566 0.54441065 0.518207 0.65272254 0.6016874
3 0.041210443 0.0080850255 0.52717173 0.049871035 0.59555924
8 0.039884295 0.033039384 0.53387034 0.17779195 0.73342425
3 0.02954957 0.80549693 0.49103886 0.87298286 0.61974525
8 0.028076595 0.7307630999999999 0.4461214 0.90426517 0.6184701
3 0.024777861 0.5300077 0.5338303000000001 0.58057904 0.59317714
3 0.012286716000000001 0.5956994999999999 0.50810766 0.7020866 0.60449946
3 0.011261687 0.1864275 0.49785219999999997 0.28522724 0.5586906999999999
3 0.010849363 0.9391746 0.5852731 0.99045366 0.643033
8 0.010264079 0.71316886 0.5305448 0.7977021 0.59831846
3 0.008717403 0.06840935 0.5780906 0.15993842 0.72279483
8 0.008545699 0.57223475 0.5120176 0.67252064 0.6114815
3 0.008168433000000001 0.5366171 0.5264161 0.5991426 0.5969886999999999
3 0.007667741 0.18137379999999997 0.5284705 0.28571543 0.6302989999999999
13 0.0071109235 0.14335418 0.5517755 0.3149706 0.68432695
3 0.0067328983 0.94269073 0.60462666 0.9923495999999999 0.6649001
13 0.006689016999999999 0.02957879 0.5781919 0.2231306 0.7247515999999999
3 0.0065828295999999994 0.004691163 0.5438460999999999 0.05544337 0.61985683
3 0.0063014217 0.0034414790000000003 0.5112244 0.08966422 0.7375924
8 0.006272695 0.2544573 0.48570627 0.5319673 0.81067586
8 0.005834135 0.93838394 0.5844164000000001 0.9898565999999999 0.6458098000000001
8 0.0049817557 0.17934659 0.55707943 0.2705547 0.62684387
8 0.004972722 0.12137668 0.47540249999999995 0.3924507 0.8166209
2 0.0047889994 0.16421774 0.49560600000000005 0.352446 0.6299399
8 0.0047162035 0.54932 0.5243448 0.6441697 0.59973675
3 0.004716056 0.5249345999999999 0.54667825 0.5814262 0.60618776
13 0.0046736957 0.79313165 0.5138858000000001 0.86105233 0.60079074
13 0.0043993546000000005 0.13259536 0.51479006 0.29611809999999994 0.6688114000000001
8 0.0041895113000000005 0.16306701 0.48945606 0.28161505 0.66480356
8 0.003820295 0.057597447 0.6127481 0.14018363 0.7071286
7 0.00379709 0.13274582 0.500039 0.3496344 0.69721717
9 0.0034376646 0.16779777 0.5166484 0.33650443 0.6454641
8 0.0033858296999999997 0.014392272 0.564918 0.13790563 0.7479601
8 0.003203819 0.17500927 0.5263216 0.276039 0.61897415
2 0.0030666508 0.1713495 0.45542607 0.35776982 0.5971833000000001
8 0.0030139346999999996 0.30716276 0.36754313 0.8320322 0.9056091999999999
1 0.002938915 0.10318017 0.5569473 0.26230577 0.66440505
8 0.0029172073 0.5255168 0.5241383 0.5762146 0.6030686
2 0.0028970775 0.15461501 0.5253934 0.34995773 0.66383487
3 0.002848462 0.010434523000000001 0.49905476 0.12365727 0.7982869
3 0.0027861553000000003 0.13449174 0.5560576 0.19796675 0.6190137
8 0.0026634540000000004 0.004618395 0.583212 0.10342939 0.77307576
1 0.0026470720000000003 0.1510999 0.5492627 0.29579657 0.67147326
1 0.0026203351999999997 0.14040434 0.52359134 0.2874151 0.6362279000000001
8 0.0025885922 0.79605716 0.5246025 0.8564202 0.6137266
13 0.0024776157999999997 0.56059045 0.5209878 0.6679453000000001 0.60813767
8 0.0024472128 0.28308988 0.54702234 0.46040833 0.7217326000000001
8 0.0024060053 0.18191342 0.60065943 0.26495219999999997 0.681421
12 0.002359896 0.14173512 0.50386524 0.34729338 0.64944327
8 0.002328914 0.12703206 0.34085697 0.51750505 1.0
3 0.00231474 0.047237985 0.48835790000000007 0.21801668 0.74276084
11 0.0021484024 0.5590227 0.43096963 0.70180565 0.6470807
8 0.0020388172 0.7760294 0.43996042 0.9346648999999999 0.7161465
9 0.0020045822 0.15621588 0.54438967 0.30937687 0.66677475
4 0.0020010327 0.18412511 0.53187466 0.32486045 0.71469724
11 0.0019569113 0.5820920999999999 0.5116895 0.65239006 0.59915274
6 0.0019328342 0.10645901 0.53703666 0.31528527 0.6767964
11 0.001898177 0.16185553 0.53220123 0.26157463 0.71971357
11 0.0018921909 0.80643773 0.5159713 0.85801923 0.62589103
13 0.0018608682 0.0024634898 0.541084 0.21298008 0.8601193000000001
7 0.0017598218 0.0 0.45356232 0.16386199 0.89724505
3 0.0016835698999999999 0.05062058 0.5477413000000001 0.16591063 0.62521595
8 0.0016660827 0.06985887 0.58708847 0.15269524 0.70190525
5 0.0016359579999999999 0.045868777 0.57196724 0.28968188 0.6801651
13 0.001626894 0.7824895000000001 0.531841 0.8682969000000001 0.5866331
5 0.0016062803 0.044009655999999994 0.54539955 0.30080419999999997 0.65628415
9 0.00157351 0.5689225 0.4994228 0.6923841 0.6122084
6 0.0015663012 0.12661089 0.5644508 0.36636162 0.7044751
3 0.0015440660999999998 0.29082835 0.53605276 0.5410961999999999 0.7597056
13 0.0015377809 0.5711613 0.5142432 0.7323696999999999 0.6561349
3 0.0015330703 0.767786 0.47199807 0.90905106 0.61856055
8 0.0014422267 0.18036112 0.5763014 0.26619297 0.6535788
11 0.0014358447 0.19566235 0.5263733 0.31239375 0.7176866999999999
13 0.0014255894 0.0 0.5897036 0.15254304 0.7375593
10 0.0013775160999999999 0.6020691999999999 0.5070300999999999 0.6897535 0.5837156
7 0.0013501667 0.0877456 0.5333967 0.28547046 0.7214276
13 0.0013452785999999999 0.0011171177 0.590489 0.15724856 0.8806325999999999
9 0.0013107962 0.18660870000000002 0.552293 0.38193735 0.6716791999999999
13 0.0012515656 0.5477139 0.5414956999999999 0.6946825 0.66508985
10 0.0012349352 0.8059341 0.5205912 0.86777675 0.60406685
8 0.0011839047 0.03339223 0.38436055 0.20968929 0.93711066
3 0.0011400828 0.6240389000000001 0.51771903 0.7180558000000001 0.5934991999999999
3 0.0011392075 0.5651596999999999 0.5413026999999999 0.66480005 0.6083170999999999
4 0.0011391183 0.23724172 0.4914179 0.3725839 0.70079595
9 0.0011306048 0.024020642000000002 0.48985586 0.16281429999999997 0.74998516
13 0.001119228 0.5300771 0.52391374 0.62867916 0.6019545999999999
4 0.0010921116 0.19795895 0.48622453 0.33146954 0.6444641
7 0.0010675733 0.04735358 0.50442237 0.23319946 0.71709704
11 0.0010467703 0.62251294 0.51388264 0.6823052 0.59368825
13 0.0010276292 0.17634037 0.55516976 0.27639607 0.6156109000000001
8 0.0010140691 0.05777873 0.4009796 0.2840798 0.9757408999999999
1 0.0009895372 0.5579739 0.54769415 0.6515803000000001 0.60649985
1 0.0009860958 0.59631795 0.54524225 0.69031125 0.6041799
3 0.0009847097 0.5739887 0.50227135 0.674507 0.5652003000000001
1 0.0009833218 0.18292832 0.57738936 0.33248162 0.7021168999999999
5 0.000962873 0.47705072 0.5588141 0.6844458000000001 0.6695238
13 0.0009588482000000001 0.7167806 0.5318182 0.7916854999999999 0.5963303000000001
5 0.0009506971699999999 0.48113227 0.5361090999999999 0.70900273 0.6441428000000001
13 0.0009261782000000001 0.17014876 0.53279656 0.29051515 0.7284933000000001
5 0.00092146255 0.53898215 0.5354597 0.6926789000000001 0.5926776
9 0.00089223485 0.19047609 0.536323 0.29449573 0.7038726
13 0.0008817182400000001 0.24381295 0.56393343 0.42753372 0.7223871000000001
7 0.0008610164 0.48434390000000005 0.47431725 0.7158226 0.6836653
13 0.00084551744 0.9299141 0.58528876 0.98808134 0.6451158
8 0.0008357821000000001 0.17650104 0.5408504 0.28937715 0.7563758
9 0.0008333424000000001 0.040989414 0.52976304 0.2306313 0.6704555
3 0.0008316625999999999 0.09672323 0.55005604 0.17502034 0.6869496999999999
3 0.0008281588 0.62640864 0.50500613 0.7071448 0.5686547
9 0.0008233977 0.6107600000000001 0.52943486 0.7013147 0.5894236999999999
11 0.0008077286000000001 0.048806515 0.41952068 0.16738226 0.8309902
4 0.00080369523 0.15424138 0.5091220999999999 0.28285873 0.67821974
1 0.0007880896 0.05793146 0.5847979999999999 0.20649767 0.7055395999999999
9 0.00077761477 0.56539255 0.5474491 0.68708557 0.65070766
6 0.00077086873 0.80405384 0.52553475 0.8784917 0.5959316
2 0.0007705500500000001 0.0062004626 0.48953098 0.25293112 0.7978246999999999
1 0.0007597667999999999 0.5264104000000001 0.50259286 0.6811560999999999 0.5948237
5 0.00074550364 0.07657613 0.5261819000000001 0.34103584 0.63178855
6 0.0007448478 0.123862565 0.52861404 0.4149313 0.6783153000000001
8 0.00072730135 0.9438177 0.5994605 0.9903366 0.6641355999999999
4 0.0007268695 0.60634786 0.4981585 0.7014243 0.60013217
12 0.00070838985 0.18294513 0.53566664 0.37593794 0.6700391
5 0.0007010443400000001 0.77601105 0.5269785 0.8675609000000001 0.6106577
2 0.0007008922 0.53083724 0.511426 0.74209076 0.63302946
10 0.00069549435 0.57019097 0.5209579000000001 0.66029197 0.57887894
12 0.00068729284 0.20143448 0.55608505 0.2823474 0.61951953
6 0.00066600967 0.09137674 0.49915275 0.36372143 0.66258436
3 0.0006652003 0.19177844 0.59369856 0.27907312 0.6847023
13 0.0006643469 0.5211989 0.546374 0.58015984 0.59905356
11 0.0006628502 0.6178706 0.42951015 0.762937 0.63496405
2 0.0006623476 0.17024946 0.49515682 0.3091612 0.70085585
7 0.0006550822 0.54646784 0.47601995 0.7630971 0.66695154
9 0.0006474469000000001 0.19410039999999998 0.48858568 0.28933600000000004 0.6563703000000001
10 0.00064737856 0.16677527 0.504779 0.33940202 0.6890539000000001
5 0.00064465724 0.0 0.6055193 0.19255795 0.84003735
8 0.0006434214 0.40269017 0.19606245 0.74809945 0.91273504
8 0.00064334524 0.78530645 0.49058008 0.8525478999999999 0.5716938
9 0.0006309974 0.036642425 0.57608485 0.24418885 0.80830795
13 0.0006183186 0.10993544 0.5971081 0.2920237 0.7034503000000001
1 0.000616221 0.4987710999999999 0.5224717000000001 0.6726539 0.62937945
9 0.0006138337000000001 0.5969058 0.49577132 0.73743117 0.60465825
12 0.0006116643 0.5055619 0.46216768 0.72290975 0.5948965
9 0.00060711807 0.59339213 0.5197455 0.7491908 0.6279321
11 0.0006026355000000001 0.033252805 0.5551059 0.11492722 0.73465484
6 0.0006005364 0.0 0.53781205 0.29723465 0.70140874
3 0.00059947465 0.006298717 0.60765195 0.07374863 0.77169645
8 0.0005993749400000001 0.13245612 0.5016393 0.32631811 0.89698684
8 0.0005850706400000001 0.32709829999999995 0.3269843 0.6484707 0.86189276
2 0.0005668182 0.06717388 0.50812453 0.22313903 0.66602343
8 0.00056519633 0.17916313 0.5071551 0.26635715 0.5652670999999999
1 0.0005620685400000001 0.5048613000000001 0.55319846 0.67502123 0.65827435
1 0.00055578636 0.5575401 0.51932824 0.7166669 0.63042796
5 0.0005441925599999999 0.12362966 0.57071716 0.30408296 0.7228171
1 0.0005433118 0.012941465 0.55778193 0.15990217 0.6737479000000001
8 0.00053654 0.096553996 0.43620616 0.41777998 0.9602695
10 0.0005322288 0.78646266 0.53541094 0.8810743000000001 0.5907804
9 0.0005240830000000001 0.036586106 0.5045254 0.21722254 0.76602614
12 0.00052308105 0.612781 0.5345899000000001 0.7015 0.5985643
13 0.0005206333599999999 0.18199685 0.5101852 0.2764104 0.56607836
11 0.00051751983 0.19939117 0.4920594 0.30039674 0.6457052
11 0.0005111128 0.52740765 0.4285204000000001 0.6639538 0.6445291999999999
12 0.00051104656 0.5853722 0.5263781999999999 0.68506587 0.60180724
4 0.0005043852 0.10192873 0.4979495 0.2441617 0.7058978
6 0.00050423446 0.58026505 0.5194246 0.72752225 0.60124904
11 0.0005021988 0.2020076 0.46959895 0.28759357 0.7717576999999999
2 0.000500915 0.58936346 0.4555072 0.768437 0.6239053000000001
7 0.00050044985 0.586314 0.5045446 0.6863132 0.61553276
1 0.0004978943599999999 0.23773398 0.5749785 0.4060712 0.68316233
1 0.0004958244 0.0 0.62106675 0.13239789 0.73845524
6 0.0004947644 0.0 0.56870586 0.18211418 0.7119866
8 0.0004886041 0.010716438 0.6565261 0.05222348 0.73983
5 0.00048556595000000003 0.106111705 0.5773453000000001 0.37812614 0.70082796
7 0.00048462013 0.0035473406 0.5461844 0.19666435 0.7558043000000001
1 0.0004834882 0.0 0.5735491 0.20528081 0.8207763000000001
13 0.00048080273 0.58815676 0.5309429 0.7095038 0.5998956999999999
3 0.00047638142 0.005100075 0.5344694000000001 0.07807168 0.6422164
9 0.00047438394 0.16842815 0.5716018 0.35314164 0.7066051999999999
7 0.00046796660000000004 0.15089375 0.47282723 0.29945925 0.77904177
1 0.00046380502 0.062478855 0.62073207 0.21632712 0.7410526
8 0.00046360627 0.5468973000000001 0.20800537 0.8021289 0.8894273000000001
8 0.00045374248 0.005197687 0.67597985 0.05139792 0.7589376
13 0.0004484404 0.79047316 0.56217515 0.87762624 0.61079764
5 0.00044096092 0.5635093000000001 0.5382408000000001 0.726003 0.5998312
12 0.00042964345999999996 0.058814235 0.5320583999999999 0.24750248 0.6869335
7 0.0004258127 0.11543857 0.5803356 0.31252587 0.740913
5 0.00042538410000000004 0.0 0.58554065 0.15963596 0.72761935
2 0.0004207575 0.14235857 0.562631 0.34559235 0.6959116
13 0.00041901207 0.5571048000000001 0.51238245 0.63531077 0.62567955
11 0.00041735392999999994 0.5608933 0.5150108 0.6212903000000001 0.59865505
1 0.00041265978 0.0 0.5065691 0.15528156 0.70454097
12 0.00040159305 0.03229657 0.4920291 0.23803842 0.6676801
8 0.00040063767999999996 0.19253677 0.623162 0.26875156 0.70750934
8 0.0004003416 0.61756 0.49993834 0.6913644 0.5762425
11 0.0003957621 0.5774057 0.47534472 0.6249441 0.61974275
13 0.0003902171 0.27649114 0.5304783000000001 0.45141652 0.70872104
3 0.0003896964 0.1890709 0.5500191 0.282386 0.66067296
10 0.0003891841 0.6082021 0.4921898 0.6565105 0.59100974
4 0.00038870494 0.6308526 0.4936925999999999 0.77002716 0.64794517
4 0.00038376695 0.7983695 0.48273829999999995 0.875497 0.6140561
10 0.00037940669999999996 0.21752807 0.4669584 0.3678616 0.6608096999999999
9 0.00037790078 0.07597107 0.57296425 0.27089903 0.6983755
9 0.00037539442000000003 0.050961316 0.52085876 0.31596917 0.77009726
11 0.0003725444 0.59582967 0.4715638 0.6417312 0.6183584
2 0.00037248907 0.78573596 0.52279395 0.8722037 0.5856075
12 0.0003705125 0.17382187 0.47957906 0.3853377 0.6180579
9 0.00036500252 0.5634339 0.5309847 0.65821517 0.5957945
5 0.0003649416 0.5334762 0.5392807 0.76415545 0.65431315
7 0.0003629825 0.17800374 0.47556509999999996 0.3713926 0.65780437
1 0.00036228818 0.52929354 0.5462374 0.6140466 0.5964245
13 0.00035919092 0.5893338 0.51518077 0.6763073000000001 0.62234306
13 0.0003575832 0.9404584 0.6057057 0.9904424999999999 0.6764406
1 0.00035304256 0.56313324 0.49104777 0.71323216 0.5886434
5 0.00035032496 0.0 0.56230843 0.17916572 0.6945329
11 0.00034919712999999995 0.07097927 0.390785 0.21576342 0.79539824
13 0.0003414303 0.075374484 0.5991546999999999 0.16081648 0.7020516
4 0.0003282438 0.59491444 0.46902424 0.7460935000000001 0.6127776
1 0.00032529753 0.79694366 0.51728266 0.85611844 0.60671526
10 0.00032242722 0.16477922 0.44768387 0.3164052 0.63656116
13 0.000315188 0.0 0.5342158 0.03433945 0.6012062
7 0.00031446145000000003 0.0 0.51580954 0.14519837 0.72919655
12 0.00031195872000000003 0.5347341 0.48150703 0.7785023 0.6160001
2 0.00030586 0.54604876 0.47501899999999997 0.7419906999999999 0.6050374
9 0.00030179907000000005 0.81021744 0.51653254 0.8658325000000001 0.5970558000000001
1 0.00030159604 0.0 0.55425805 0.12437479 0.6665968000000001
11 0.00030040173 0.79848194 0.53534395 0.8639983 0.60797524
12 0.00029929698 0.30021554 0.5208858000000001 0.48096067 0.6858816999999999
13 0.0002980789 0.16861796 0.52555704 0.27441505 0.60115755
7 0.00029558103 0.55638117 0.5081180999999999 0.660742 0.6153162
12 0.00029547003 0.81962353 0.5181934 0.8767826999999999 0.61679345
1 0.0002919477 0.15911782 0.58576894 0.28155902 0.74765056
2 0.0002868408 0.5983467 0.5120079000000001 0.68735814 0.59788543
4 0.00028659278 0.5619248 0.5172686 0.72308123 0.6656628000000001
3 0.00028634467 0.13546529999999998 0.5285135999999999 0.43949452 0.7816998000000001
5 0.00028552060000000003 0.13445303 0.5339208000000001 0.31250079999999997 0.68144333
13 0.00028247957000000003 0.7439564999999999 0.5125293 0.89977986 0.6322201
1 0.0002817335 0.46475900000000003 0.51550156 0.6383699 0.61327124
6 0.00028147667999999995 0.0091672465 0.5726559 0.2524915 0.73227584
1 0.00028102743 0.0 0.6264909000000001 0.16522917 0.86481655
12 0.0002772367 0.0 0.39663136 0.20060849 0.73444885
13 0.00027329498 0.51651496 0.5675733000000001 0.5818084 0.6184105999999999
8 0.00027317845 0.5557727 0.5104692 0.6545605 0.5716521999999999
11 0.00027148053 0.24394989999999997 0.52374434 0.34672058 0.7124842
10 0.00027019455 0.019585907 0.4976713 0.19077918 0.6550564999999999
11 0.00027009222000000003 0.21046335 0.45336583 0.28240678 0.6815471
10 0.00026976523999999995 0.20970909999999998 0.53879046 0.28065833 0.6211368
3 0.00026818836 0.54128563 0.5460149999999999 0.6320547 0.61002165
7 0.0002676051 0.7797379 0.5286945 0.8722128 0.5824339
10 0.00026731237 0.08134181 0.49100706 0.23047838 0.68024856
8 0.000266597 0.74868673 0.19222881 0.9109673 0.7929651
10 0.00026544363999999996 0.62608117 0.48643842 0.67542166 0.5970564
7 0.00026518144 0.50664604 0.5239096 0.58968997 0.60266185
3 0.0002644264 0.26914784 0.51124316 0.43487373 0.7014969
9 0.0002634351 0.024275712999999997 0.54527426 0.15714204 0.6773691
11 0.00026050262000000004 0.6135432 0.47394082 0.65696925 0.6131810000000001
5 0.00025899633 0.74391097 0.5412826999999999 0.8836417999999999 0.58728915
3 0.00025881343999999997 0.19240156 0.62034565 0.28628308 0.69956774
9 0.00025606487 0.80084795 0.5248602 0.88148004 0.5861629
8 0.00025486597000000003 0.62569314 0.51995987 0.6977777 0.59266126
4 0.00025445686 0.56470984 0.5096447000000001 0.6825635 0.6006967
10 0.00025412976 0.6248731 0.50510466 0.7027684000000001 0.5924156
1 0.00024921367999999997 0.14699282 0.5927117 0.30694717 0.7115691
4 0.00024900402 0.044291005 0.53415906 0.21344616 0.7374151
2 0.00024644955 0.58112365 0.51141465 0.667787 0.5807188
10 0.00024469304 0.5472488 0.5308559 0.62787396 0.58692735
3 0.00024353543999999997 0.09958448 0.5570122 0.19485015 0.6223734000000001
2 0.00024087257000000002 0.18479723 0.5525688 0.28611302 0.61966753
9 0.00023849243999999998 0.52509934 0.5141422999999999 0.6502571999999999 0.63530886
10 0.00023818311000000001 0.56885064 0.42386386 0.70641077 0.61418694
10 0.00023727746 0.5935461 0.5032674 0.641828 0.5962759
4 0.000235343 0.8065838000000001 0.5071244 0.8835173000000001 0.59544486
1 0.00023530728 0.028516657999999997 0.5973672 0.17137888 0.7219814
11 0.00023479682999999997 0.11757687 0.5474654999999999 0.21173957 0.73831475
7 0.00023231877 0.7899986 0.51505697 0.86066395 0.5983208000000001
13 0.00023156022 0.16798425 0.59293556 0.50957894 0.84322476
5 0.00023066738999999998 0.51350677 0.53656787 0.6366775 0.59392726
11 0.0002260635 0.7244195999999999 0.53543353 0.76260936 0.59353197
7 0.00022515224 0.9229459999999999 0.5810043 0.99722934 0.65087444
13 0.00022428272999999997 0.041963115 0.6357891 0.16721225 0.6950664000000001
6 0.0002219016 0.11974547 0.6065142 0.31980067 0.71400344
5 0.00022172972999999997 0.5680653 0.536279 0.6543915 0.621422
4 0.00022139107999999996 0.19864094 0.5416227 0.27307309999999996 0.6257155
2 0.00021906507999999998 0.7979005 0.49949090000000007 0.86236364 0.5964187
6 0.00021904482999999996 0.47685546 0.5377535 0.76809543 0.6680059
8 0.00021738735 0.7787185999999999 0.14541115 0.9183688 0.67331094
1 0.00021528932999999997 0.5880989000000001 0.53369844 0.65150774 0.6103892
1 0.00021244971 0.1907973 0.561361 0.27420112 0.62531775
5 0.00021234963999999999 0.55119896 0.5312108 0.636575 0.6151544
2 0.00021043957 0.01715596 0.5267553 0.16373473 0.6516701
4 0.00021006611 0.06934699400000001 0.5091766 0.20985594 0.65701246
13 0.00020657806000000002 0.0 0.6659390000000001 0.08658096 0.7232314000000001
1 0.00020557456999999998 0.24934308 0.5477702 0.41389745 0.64931244
