3 0.98855466 0.16205557 0.5010676 0.35215706 0.77873516
3 0.71603376 0.8969427 0.5818746 0.99471766 0.6436776
8 0.15771917 0.16143775 0.48317805 0.41070813 0.80996037
3 0.116074055 0.20325683 0.46374187 0.2872425 0.52146065
8 0.0565154 0.89255506 0.59309214 0.9865107 0.6422993
3 0.036465662999999995 0.90197605 0.56892747 0.98119634 0.626232
3 0.022769207000000003 0.20551723 0.45070353 0.3008415 0.50235367
3 0.021144355 0.18465501 0.47772840000000005 0.35434723 0.7004552
8 0.020631554 0.18803144 0.5620995 0.31329352 0.73827946
8 0.019954761 0.19078228 0.5232404 0.34734216 0.7541705
13 0.013347547 0.89364403 0.58044344 0.98511 0.64601594
3 0.01245188 0.16912131 0.4525621 0.21083139 0.51504934
3 0.010882313000000001 0.19443655 0.44327542 0.34035844 0.5508069999999999
8 0.009480175 0.89488864 0.57853615 0.97569394 0.62233084
13 0.0070714344999999994 0.15552482 0.59583753 0.4012775 0.74670374
8 0.0068574846 0.1662399 0.45329708 0.20859678 0.50790226
8 0.005955656 0.13706708 0.42490680000000003 0.33978567 0.8228475000000001
13 0.004203267 0.16233617 0.5695845 0.30401 0.7739501
8 0.004116066 0.090788886 0.42308745 0.37996490000000005 0.9807621
8 0.0037820078000000003 0.17410910000000002 0.4578573 0.33194816 0.5696614000000001
8 0.0037804106 0.2044042 0.47197247 0.2850789 0.5259668000000001
3 0.0032598728000000003 0.20723411 0.47247854 0.36554405 0.6095134
8 0.0028694140000000003 0.884642 0.5905583000000001 0.98561645 0.69571525
7 0.0025424457 0.15802422 0.5937975000000001 0.32761005 0.7852438
13 0.0024937703 0.16892627 0.5418696 0.3936325 0.91974306
6 0.0024564704000000002 0.1599875 0.60427743 0.38195986 0.74279976
13 0.00224957 0.19543351 0.47205293 0.29304177 0.54104036
2 0.0022390804 0.89996165 0.5799973 0.98961014 0.6382679
9 0.0022234984 0.22435045 0.59088165 0.37911993 0.7345463000000001
5 0.0021150114 0.88838613 0.5957689 0.975852 0.6477847
13 0.0019422276000000001 0.19729738 0.57983345 0.36082697 0.7901541999999999
7 0.0019148272 0.18740475 0.55307794 0.35619944 0.7532693
9 0.0018598479 0.18476221 0.5408491999999999 0.3602843 0.6721764
5 0.0018423301000000001 0.0860582 0.5797235 0.35032845 0.7171003
7 0.0017185791 0.8900030000000001 0.5669835999999999 0.9836746 0.66084903
12 0.0017145620000000002 0.22195017 0.5609221999999999 0.40452588 0.711755
4 0.0016654482999999998 0.22661142 0.52752835 0.3860368 0.7334539000000001
9 0.0016404757999999998 0.21386644 0.5633993 0.39855596 0.7059536
6 0.0015824856 0.14560482 0.57823867 0.34415904 0.72059596
13 0.0015566853 0.15095666 0.45197615 0.21625629 0.5098752000000001
3 0.0014170486 0.92381305 0.5864347 0.9987659 0.65265423
8 0.0013953164 0.20881753 0.45504293 0.28179634 0.50522226
13 0.0013707495999999999 0.19590084 0.45076275 0.29612540000000004 0.51445043
1 0.0013081325 0.14524895 0.59681165 0.30470473 0.7240694000000001
7 0.0013040295 0.13446906 0.56017923 0.30209959999999997 0.754655
13 0.0012757806 0.11580852400000001 0.56903505 0.35602972 0.73367554
9 0.0012538377999999999 0.16747060000000002 0.43410748 0.33123735 0.77244985
1 0.0012351146 0.2066097 0.60759276 0.35167935 0.7307443
13 0.0012036533 0.16274397 0.45649898 0.3444798 0.5932314999999999
13 0.0011641743 0.90075356 0.56022865 0.9848805 0.62766784
7 0.0011561983 0.06465851 0.37751186 0.3602512 1.0
6 0.0011518426 0.16406667 0.55224895 0.36959594 0.69796824
3 0.001107667 0.8885014999999999 0.5919241 0.99970317 0.7146878000000001
13 0.0010899777 0.13117920000000002 0.5252376999999999 0.33528495 0.85641253
11 0.0010447038 0.91196007 0.58315897 0.9526394 0.6551338000000001
13 0.0010381765 0.11479938 0.6350209 0.32967263 0.9042056
8 0.0009764734399999999 0.1343572 0.4503568 0.52549285 0.9411325
3 0.0009669062 0.20120135 0.47614384 0.41041502 0.7867868
5 0.0008738137 0.13264963 0.54706484 0.29252890000000004 0.7371398
12 0.0008563755 0.9220665000000001 0.58301574 0.9987746999999999 0.6412679
1 0.00084289274 0.13662587 0.6015691999999999 0.27121443 0.7637625
9 0.000840026 0.16970971 0.5577495 0.33911356 0.7104799
11 0.0008074457300000001 0.9276781 0.5795143 0.967255 0.658325
4 0.0008029567999999999 0.19600782 0.5266425 0.3581895 0.6935975000000001
1 0.0007935776400000001 0.8791537 0.6041779 0.9562546000000001 0.64329666
10 0.0007856738 0.9453239999999999 0.5712443 1.0 0.64229774
10 0.00076832424 0.17267513 0.529687 0.36685055 0.7185921999999999
5 0.00075834186 0.15113479 0.57842076 0.3044592 0.77425104
11 0.0007279294999999999 0.18321796 0.33080468 0.3221265 0.8116014
9 0.0007108985 0.21226239 0.44272202 0.41915268 0.7665069
7 0.0007105230499999999 0.14913014 0.35441209999999995 0.42548117 0.90046203
9 0.00070620497 0.93577087 0.58488303 1.0 0.6480401
12 0.000694866 0.19553858 0.5279549 0.3757242 0.6792916999999999
2 0.00069459254 0.15996647 0.5630502 0.3416019 0.6948298
1 0.0006860503999999999 0.91160583 0.600104 0.9941926999999999 0.6468573000000001
1 0.0006772588000000001 0.89450824 0.60366154 0.9726825000000001 0.64791995
9 0.0006752090400000001 0.9166017 0.5839207 0.9836591999999998 0.6515356
11 0.0006733406299999999 0.18688866 0.57928044 0.292591 0.7285769
2 0.000639861 0.18350315 0.44019090000000005 0.42608696 0.8476686
4 0.0006380942700000001 0.17155465 0.5532760999999999 0.34213699999999997 0.73018736
1 0.0006316081 0.1351881 0.57043624 0.30377415 0.6828373000000001
1 0.0006299412 0.14638987 0.62782115 0.36433598 0.9198497
5 0.0006259237 0.06901994 0.5760104 0.35818252 0.8884386000000001
6 0.00061766594 0.89326054 0.59722376 0.99607617 0.65251774
11 0.00059213897 0.18157837 0.52218336 0.26613608 0.76757216
5 0.00057572155 0.06403686 0.52131706 0.3530689 0.79889876
2 0.00056568335 0.18196975 0.53339845 0.3717497 0.65733707
5 0.0005535228400000001 0.13330361 0.60543615 0.39687678 0.9317605
10 0.0005361719 0.12871647 0.55396765 0.32912496 0.7128576999999999
4 0.00053046993 0.92336124 0.57872385 1.0 0.6382595
1 0.0005150331 0.050053105 0.46757259999999995 0.31484646 0.7458089
11 0.0004999719 0.14129812 0.34974486 0.29152292 0.85165304
6 0.00047542440000000004 0.9165448 0.5956014000000001 1.0 0.65995044
1 0.00046949385000000004 0.02683799 0.5306128000000001 0.28083807 0.80010414
2 0.00046910698 0.20291293 0.5529270000000001 0.37152517 0.70353365
7 0.00046814792000000004 0.18252836 0.49960896 0.33808255 0.6959506999999999
13 0.00046480062999999994 0.16111761 0.53352714 0.35005462 0.7142668000000001
11 0.00045705349999999997 0.19933910000000002 0.37073365 0.3435375 0.93853444
2 0.00045373045999999996 0.1935223 0.49159238 0.37867209999999996 0.6202345
12 0.00044853330000000003 0.18492761 0.4841803 0.384326 0.6507225999999999
8 0.00043956138 0.7837984 0.37463173 0.9567713 0.95866793
1 0.00042873912000000004 0.20248124 0.63500774 0.33789793 0.7506128000000001
11 0.00041839626 0.9479426999999999 0.57855755 0.9871898000000001 0.64968866
1 0.00041458296 0.21623912 0.5817726 0.37320724 0.71091783
13 0.00040930512 0.098756656 0.4874193 0.4356795 0.8166076
11 0.00039909815 0.25113264 0.57865196 0.34342727 0.7292863
3 0.00039434692 0.16283932 0.46013233 0.32185447 0.5936829
1 0.00038809224 0.23182434 0.5944851999999999 0.36345935 0.77518785
8 0.00038001703999999997 0.16328515 0.48013285 0.31738812 0.62254035
12 0.00037756498 0.20240338 0.5954967 0.42667764 0.7356991
9 0.0003737723 0.19410345 0.5158326 0.36584535 0.84797496
1 0.00036975896 0.13681456 0.47401288 0.37470677 0.7627554
11 0.00036513737999999997 0.24815287 0.61697185 0.3424412 0.782909
13 0.00036416805 0.9311440999999999 0.57413435 1.0 0.64944565
13 0.0003641172 0.110823184 0.5538529999999999 0.29299375 0.7071589
10 0.0003615802 0.9289845999999999 0.57721186 0.99773103 0.64501387
4 0.00034941873 0.21254763 0.5796666 0.35882452 0.8002170999999999
13 0.00034625377 0.88776106 0.5374349 1.0 0.71914655
12 0.00034241199999999995 0.12512402 0.31641892 0.44569486 0.69200116
1 0.0003417437 0.07259381 0.5728185 0.3284316 0.86608213
8 0.00033517802 0.16399725 0.4736345 0.20898179999999997 0.5211793
13 0.00032744615 0.13244344 0.6364409000000001 0.34134555 0.75180346
2 0.00032119578 0.16405134 0.44123968 0.24209629 0.49622476
9 0.00032010933999999995 0.23183157 0.5686939000000001 0.41907537 0.8548703999999999
8 0.00031348675999999997 0.6548831 0.14934866 0.91828114 0.6567458
5 0.0003131714 0.09495935 0.6288573000000001 0.37639973 0.77457196
9 0.00031115126 0.1449058 0.46861953 0.30876148 0.8380065000000001
8 0.00030227177 0.83999115 0.5673838000000001 0.98992807 0.6877802
1 0.00029231834999999997 0.09945044 0.5124817 0.33475617 0.8068681
3 0.0002917681 0.16693322 0.46565914 0.2121272 0.53059524
5 0.0002904769 0.14650193 0.5288377 0.43303564 0.81441885
10 0.0002896434 0.12432479 0.52469254 0.3466938 0.67327315
5 0.00028849847 0.09786433 0.5381518 0.34909916 0.65834844
11 0.00028060403 0.2541539 0.38511106 0.40571553 0.960407
10 0.00027525736 0.18381408 0.5801677 0.36423436 0.8158138
4 0.00027409347 0.90010804 0.5841811 0.9907505999999999 0.64143974
8 0.00027085482999999994 0.63175577 0.37897986 0.9194462 0.9685531999999999
13 0.00027043863999999995 0.19814523 0.5852064 0.30965525 0.86478513
2 0.00026993055 0.09747839 0.4793678 0.39021279999999997 0.81965137
3 0.00026760547000000004 0.21709232 0.5152845 0.34592217 0.5907256
4 0.0002673538 0.2510269 0.46041855 0.35933504 0.7417083999999999
11 0.00026220042000000003 0.20153621 0.52874255 0.28256452 0.8153693000000001
8 0.00026007404 0.75155663 0.2199077 0.95683503 0.72823757
7 0.00025546183999999996 0.20236793 0.5233943 0.380264 0.71890926
1 0.00025473259999999996 0.1574178 0.6375569999999999 0.28762865 0.7885033
13 0.00025119784 0.04935217 0.58310515 0.35481158 0.84428865
8 0.00024875655 0.7773085999999999 0.23202707 0.93862796 0.5043238
12 0.00024471997000000004 0.20129743 0.4541415 0.32167247 0.7046916
7 0.0002431971 0.20590225 0.53180593 0.33077607 0.8300693000000001
7 0.00023507609000000002 0.15997329999999998 0.5349099 0.28607464 0.82913256
8 0.00022910525 0.17906648 0.505537 0.32118928 0.7006598
2 0.00022845675 0.082715034 0.41662017 0.39492884 0.71783197
8 0.00022760779 0.9307655999999999 0.5911314000000001 0.98146856 0.6451559
12 0.00022371246 0.13516982 0.45327887 0.46587740000000005 0.8048481
1 0.00022235085 0.11351883 0.54911405 0.27612212 0.6657647
12 0.00021792207999999998 0.25062597 0.5774874 0.36790359999999994 0.75518364
6 0.00021552113999999997 0.11622679 0.56151825 0.50832605 0.95608646
13 0.00020798793000000002 0.1937369 0.45785746 0.26975125 0.55367094
1 0.0002055607 0.18114468 0.6124038 0.3125883 0.785712
11 0.00020141596999999998 0.26552528 0.33833522 0.41460615 0.8031168000000001
12 0.00019917925 0.20195816 0.5397403000000001 0.31111982 0.74835795
11 0.00019635009999999998 0.20173448 0.48376518 0.2670829 0.69446546
3 0.00019633025000000002 0.20034586 0.49091557 0.30904672 0.5548376
8 0.00018121483 0.096863374 0.38451743 0.31326818 0.7606393
10 0.00017803576 0.17024553 0.5466279 0.30359337 0.73717314
8 0.00017755482 0.07748723 0.25570244 0.2924125 0.99175185
11 0.00017624711 0.21734314 0.5127335 0.29211453 0.75334036
13 0.00017496306000000002 0.17705436 0.47503716 0.27081084 0.532771
5 0.00017437593000000002 0.18778136 0.5971661 0.36168656 0.80760586
9 0.00016733017 0.19621024 0.54713136 0.30468157 0.73388785
2 0.00016682113000000002 0.10736206 0.46637399999999996 0.48392895 0.7418182
9 0.00016494277 0.22090346 0.5258055 0.33409536 0.6931199
4 0.00016211595 0.21691868 0.47250617 0.45930704 0.94431466
9 0.00015893493 0.17835122 0.5635899000000001 0.32787418 0.8686666999999999
8 0.00015860838 0.17128563 0.47079107 0.23329705 0.5262109
7 0.00015775716999999999 0.0 0.48891622 0.43460688 0.8835999
7 0.00015738122 0.1595749 0.44519296 0.23305264 0.5117291
2 0.00015238501 0.18041494 0.6100397 0.34912202 0.7561964
6 0.00015066304 0.19615194 0.5957416 0.3763027 0.80131465
2 0.00015029311000000001 0.1157296 0.31294692 0.41402040000000007 0.6874265
8 0.00014809633 0.17271197 0.59950763 0.31235892 0.78417015
13 0.0001416016 0.17150627 0.50997823 0.350186 0.64021343
13 0.0001393185 0.016715541 0.5155483000000001 0.35404128 0.7833604999999999
2 0.00013728513 0.20541056 0.29476225 0.44720846 0.70730305
1 0.0001371646 0.16149564 0.46605159999999995 0.21184270000000002 0.50476366
12 0.00013705005 0.17212711 0.44159877 0.23414268 0.48822840000000006
5 0.00013639033999999998 0.08160546 0.55993897 0.3172413 0.68704784
3 0.00013274308 0.93636596 0.61229265 1.0 0.68287826
10 0.00013073436000000002 0.25784802 0.44269323 0.36300606 0.76075655
7 0.00012674514 0.20443472 0.46271333 0.29646286 0.5465754
11 0.00012612110000000001 0.9176179 0.5648519000000001 0.9512335 0.62393326
3 0.00012493413999999998 0.22758901 0.50090283 0.33478224 0.55810666
13 0.00012393652 0.14882414 0.4737202999999999 0.22430904 0.5261373
6 0.00012382620000000002 0.010849178000000001 0.5177254 0.38233498 0.8484864
9 0.00012086485 0.21984206 0.45855063 0.3626836 0.58231395
9 0.00012079293 0.17697245 0.46057147 0.24030212 0.50247663
13 0.000120645476 0.18414848 0.49774256 0.28279534 0.7786504
2 0.000120316574 0.90915436 0.54881483 1.0 0.7183073
1 0.00011921911 0.18956658 0.55672896 0.31697670000000006 0.71107745
5 0.00011881145 0.88424593 0.5776174 0.965324 0.6170066999999999
10 0.0001185101 0.22957152 0.4947804 0.35326248 0.7938844
6 0.00011701546000000001 0.048420875999999995 0.4335719 0.40688909999999995 0.8017711999999999
11 0.00011681815500000001 0.17299834 0.5515727 0.26738927 0.6912154
10 0.00011466778 0.21633118 0.5002494000000001 0.37538463 0.68574417
6 0.000114349095 0.045902207 0.5832884 0.41709375 0.91077983
7 0.000113650865 0.16582539999999998 0.4642516 0.29135720000000004 0.75089794
7 0.00011254653 0.15836847 0.41189808 0.3500384 0.6057431999999999
3 0.0001057937 0.1717154 0.4666272 0.2457598 0.53166044
10 0.00010523633999999998 0.25340107 0.34682342 0.47037736 0.9538177999999999
1 0.00010360285 0.1544959 0.46610525 0.33925593 0.5704964
11 0.000102695354 0.26455498 0.5273374 0.3293209 0.78838676
1 0.00010220145000000001 0.8721267 0.57589304 0.9568063 0.61383706
3 0.0001020041 0.09474082 0.39711472 0.54437286 0.9855056000000001
4 0.00010058929 0.24450323 0.38108456 0.463491 0.80354637
7 9.955855e-05 0.0 0.41588652 0.35351062 0.81295526
13 9.770511999999998e-05 0.18235108 0.46608555 0.33385095 1.0
1 9.758304000000001e-05 0.20248170000000001 0.48699929999999997 0.28976595 0.5370397
9 9.728458e-05 0.116224244 0.4707339 0.36766607 0.77859974
5 9.601853499999999e-05 0.1530138 0.54581803 0.40215704 0.7100938
8 9.533136999999998e-05 0.71384335 0.23570411 0.9458482 0.93469965
7 9.524958000000001e-05 0.20429884 0.46000364 0.32159856 0.75047255
2 8.944864999999999e-05 0.20256029999999997 0.46993086 0.29834843 0.53170055
9 8.938424999999999e-05 0.15892419 0.5143681999999999 0.43738374 0.7950848
12 8.891873e-05 0.8988938 0.556723 0.9776860999999999 0.6176181
8 8.845111999999999e-05 0.05186768 0.1768066 0.19005360000000002 0.9322021999999999
10 8.743743e-05 0.9282065 0.54884875 0.98334605 0.61508435
1 8.364360999999999e-05 0.20883778 0.5547321999999999 0.36314073 0.6828616
4 8.281061e-05 0.1653634 0.38269684 0.37033483 0.77177006
12 8.1050384e-05 0.07731937 0.3983833 0.38199973 0.7425191999999999
10 8.096475999999999e-05 0.17293742 0.4805184 0.3060691 0.6703996999999999
7 7.905706999999999e-05 0.88730586 0.5559970999999999 0.95987475 0.629854
9 7.842472e-05 0.1667855 0.5371539000000001 0.27374816 0.75634104
3 7.8396966e-05 0.12350394 0.49565512 0.43931709999999996 0.97337997
11 7.796877e-05 0.2805857 0.49357033 0.34714103 0.72437537
6 7.7453355e-05 0.16125542 0.48798567 0.33950222 0.6939395
11 7.676003e-05 0.24318124 0.47793463 0.29915285 0.677968
7 7.580033000000001e-05 0.874943 0.5583121 1.0 0.7283729
5 7.475862e-05 0.17323089 0.6476805 0.33979285 1.0
2 7.4749325e-05 0.17221472 0.42636 0.3772293 0.5615269
7 7.4676136e-05 0.12916514 0.5093662 0.30203956 0.6965075
1 7.4036456e-05 0.0 0.44417086 0.32589275 0.6824798000000001
4 7.391377e-05 0.19550198 0.42803377 0.409975 0.8410523999999999
9 7.3806266e-05 0.19180843 0.45412943 0.32527265 0.5807351
6 7.163385999999999e-05 0.12380652 0.5306316 0.33102226 0.6722055
8 6.938529000000001e-05 0.22843224 0.4239499 0.5030666 0.87975436
10 6.9115944e-05 0.22006752 0.22710559 0.434771 0.85660577
2 6.823836999999999e-05 0.17490423 0.55550414 0.31068486 0.7316102
1 6.814764e-05 0.121532276 0.45677018 0.30210840000000005 0.55751544
9 6.698879e-05 0.18840231 0.47625947 0.51797736 0.77185494
5 6.671170999999999e-05 0.078723244 0.60653734 0.3227354 0.74715424
1 6.592386999999999e-05 0.18479210000000001 0.48933163 0.26803493 0.5348596999999999
7 6.5812805e-05 0.9060754999999999 0.5550646 0.97674096 0.6291858
9 6.578456e-05 0.19632651 0.51192486 0.3888752 0.6443734999999999
8 6.577014e-05 0.75230086 0.5541708000000001 0.9717273999999999 0.8251130999999999
11 6.448302e-05 0.93653345 0.5658791999999999 0.9702014999999999 0.6237911
10 6.358933000000001e-05 0.15273675 0.24855915 0.38092205 0.84215033
10 6.342872e-05 0.20487048 0.43399006 0.32918775 0.66368604
2 6.241018e-05 0.9047556999999999 0.5564143 0.9765848 0.60278875
4 6.102020400000001e-05 0.18611489 0.45685083 0.22910105 0.5071551999999999
5 6.0800343000000006e-05 0.19802482 0.48788065 0.29367238 0.5448090999999999
6 6.076179e-05 0.12568379999999998 0.64417934 0.34501338 0.75257057
2 5.948218000000001e-05 0.20779899 0.54888535 0.33203378 0.77703846
1 5.9213133e-05 0.15177885 0.53207624 0.30867213 0.6387783
4 5.9178140000000005e-05 0.21874033 0.45648890000000003 0.33699617 0.68262905
12 5.7235500000000005e-05 0.22576350000000003 0.48913094 0.43731743 0.6626331
10 5.6936045e-05 0.9149311 0.55649054 0.97304386 0.6159014
9 5.538786e-05 0.92181766 0.5631292 0.98357654 0.6198328000000001
5 5.383576e-05 0.0 0.58181185 0.38820034 0.80674237
5 5.3718737e-05 0.9002038 0.5807498000000001 0.9830954 0.6211762
12 5.2529635e-05 0.23389636 0.52969074 0.36119258 0.7316822
13 5.2422197999999995e-05 0.21351165 0.525612 0.31932646 0.7990255999999999
13 5.2298466e-05 0.033460706 0.3697562 0.48275290000000004 1.0
2 5.2072188e-05 0.91814965 0.551934 0.98627895 0.6093103
4 5.1276179999999994e-05 0.21850250000000002 0.46495843 0.30038515 0.53378296
10 5.0701758e-05 0.22644503 0.45751959999999997 0.30440903 0.54258066
10 5.0670773e-05 0.18467687 0.43938264 0.23638748 0.5093404
6 5.0430903e-05 0.8884162 0.57014936 0.98296106 0.6187616
1 5.0095720000000004e-05 0.17147303 0.49259484 0.26521868 0.7171046
12 4.9160328e-05 0.23972386 0.48064706 0.37447202 0.69852924
12 4.9137794000000006e-05 0.22043774 0.4647562 0.30137070000000005 0.53047603
2 4.9026854000000004e-05 0.21217352 0.46551450000000005 0.39150327 0.5929885
11 4.8902275e-05 0.23458597 0.39539704 0.28708646 0.811171
12 4.8123828000000005e-05 0.18132235 0.42052168 0.37441766 0.5634786
6 4.7970276000000005e-05 0.15760736 0.45897293 0.24059506 0.50874895
1 4.757308e-05 0.88088644 0.60537136 0.9819943999999999 0.6929751999999999
3 4.5903053e-05 0.17282808 0.5234082 0.45373023 0.8368879000000001
7 4.502268e-05 0.2193113 0.43928704 0.28703755 0.5111355
1 4.4650920000000004e-05 0.21090573 0.6002303000000001 0.30885840000000003 0.8476584999999999
5 4.4261506e-05 0.18115419 0.49863002 0.27114055 0.77853376
13 4.391001e-05 0.0 0.5231462 0.5761224 1.0
3 4.3514116e-05 0.20018044 0.46396902 0.28116232 0.55874425
10 4.2960694999999996e-05 0.23522899 0.43924250000000004 0.29424426 0.5022171
5 4.2331965e-05 0.15458095 0.5771675 0.32667399999999996 1.0
9 4.1644062999999995e-05 0.9056253000000001 0.5634403 0.96721286 0.620934
5 4.1522628000000005e-05 0.0 0.54434776 0.39087844 0.74117684
3 4.140857e-05 0.7645536999999999 0.2119584 0.9962780999999999 0.52785534
5 4.126607e-05 0.21205525 0.46661547 0.29108152 0.51423067
5 4.082297e-05 0.18729499 0.5423047 0.36191782 0.75332636
12 4.076571e-05 0.056950614000000004 0.39341527 0.5511915 0.6433648
11 4.05204e-05 0.26532412 0.54130435 0.35493875 0.69110996
