3 0.8363911 0.37006712 0.49297994 0.5081888 0.70779663
8 0.64347225 0.37312764 0.5051041000000001 0.52791286 0.68893725
8 0.093292825 0.3468176 0.42045695 0.5637733 0.7033494
8 0.022271791000000003 0.36241913 0.48799562 0.49430168 0.7341340000000001
13 0.011315583 0.37356776 0.54951894 0.5724457 0.6850379
5 0.011155093 0.2681219 0.56129104 0.51047623 0.6829814999999999
13 0.0067075165 0.33710074 0.5622052 0.5251576 0.68496406
9 0.0052515593999999995 0.3990047 0.51607394 0.58029395 0.646972
9 0.0051593226 0.37917137 0.55196726 0.54974836 0.70973194
1 0.0050820275 0.282631 0.54190683 0.45366105 0.6651146
9 0.004993512 0.39014906 0.45640475 0.5023034000000001 0.64199823
8 0.0043323683 0.29738143 0.39658958 0.528085 0.77795196
9 0.0041706446000000005 0.35880655 0.5066366 0.5205962000000001 0.6389611
5 0.00400057 0.28767514 0.59244514 0.5264223000000001 0.7214768
2 0.0037996517 0.39934498 0.4936487 0.56733406 0.6577001
13 0.0037692372999999996 0.3337283 0.5395908 0.47396344 0.72864515
12 0.0035031436 0.38100255 0.5232066 0.59894866 0.6463021
13 0.0034140604999999997 0.29920936 0.545153 0.5042553 0.67173594
4 0.0033839827 0.41516063 0.5063557 0.58571994 0.6837101999999999
12 0.0032933209999999997 0.3683048 0.48215437 0.5841345 0.6119659000000001
11 0.0030688723 0.35426986 0.5289186 0.47847247 0.7244459
13 0.0029381296999999996 0.38624227 0.55966043 0.52984124 0.75337327
4 0.0028105348 0.37819302 0.54079276 0.5286033 0.7522711
9 0.0027691564 0.41680518 0.5440694 0.6031023 0.6761858000000001
5 0.0027421959999999997 0.25773287 0.5422627 0.5402139 0.64873713
1 0.0025357758 0.38122296 0.5462254 0.5409264 0.678412
13 0.0022498329999999997 0.32821849999999997 0.49791732 0.52994704 0.67520946
2 0.0022353916 0.32649112 0.5013314999999999 0.525356 0.6289088
5 0.0021804853 0.339952 0.59076583 0.5053711 0.77220905
5 0.0021422002 0.29953063 0.5465201 0.45887120000000003 0.7318228
1 0.0019906387 0.31264114 0.56639916 0.48323572 0.6989882
1 0.0019482832000000002 0.31231648 0.5218074 0.47759807 0.6433525
7 0.0019468712 0.376297 0.5002709 0.5750921999999999 0.6840063
11 0.0019288451 0.39661420000000003 0.5461429 0.5298291 0.7699819
2 0.0018609054 0.33165479999999997 0.5271836 0.52320874 0.6763571
2 0.0018357693 0.3686781 0.46822926 0.55242646 0.59496254
1 0.0018062232 0.3566028 0.53007454 0.50882924 0.64748245
5 0.0017329335999999999 0.34186209999999995 0.57164407 0.6040852 0.7036361
12 0.0016464554000000001 0.4105108 0.54875183 0.59955513 0.6726058000000001
12 0.0016365522 0.34071916 0.5218319 0.51588464 0.6418083000000001
1 0.0014802157 0.30378437 0.56486356 0.4338683 0.7294801
12 0.001455232 0.37251264 0.42571163 0.5159344 0.6240809
4 0.0014484953 0.3457542 0.5366581 0.5074282 0.71751344
4 0.0014331989000000002 0.36489302 0.5127617 0.5288461999999999 0.6831596
10 0.0013991242000000001 0.3959379 0.49330783 0.5546565 0.6496930999999999
11 0.0013839866 0.33923018 0.50650877 0.44712399999999997 0.6735356
6 0.0013691308 0.35549483 0.5843983 0.5559062 0.72282726
7 0.0013084755 0.33687854 0.49533126 0.51777434 0.6972329
1 0.001302102 0.39654014 0.56758577 0.56193316 0.7000797
8 0.0012612122 0.35424113 0.46456784 0.5105782999999999 0.60800666
11 0.0012567288 0.346422 0.4419984 0.4486532999999999 0.7629968
1 0.0011865833999999999 0.34871367 0.4661855 0.48733285 0.62859213
5 0.001168407 0.26134783 0.52854955 0.5340133 0.6149058000000001
9 0.0011634994999999999 0.37227583 0.47369620000000007 0.47238594 0.66735
4 0.0011259718 0.37701377 0.49221736 0.51440704 0.64522994
2 0.001111929 0.35226282 0.56548464 0.5414156 0.7006176
2 0.0010693404 0.40670326 0.51714224 0.52429795 0.7542317
6 0.0010661465 0.37781390000000004 0.52953225 0.58699995 0.6710844
6 0.0010652387 0.30633768 0.5291808000000001 0.51473993 0.6599074
7 0.0010544106 0.32014580000000004 0.58560157 0.5127818000000001 0.74870074
7 0.0010524348 0.28196374 0.5117503999999999 0.48784807 0.701896
13 0.0010080496 0.40591797 0.5152502999999999 0.5064782 0.8145584
10 0.0010057264 0.38308713 0.40284184 0.49326524 0.61474186
10 0.0010048377 0.4414431 0.508741 0.5830493 0.6899137
11 0.0009860958 0.43210217 0.51383686 0.5402669 0.6752986
5 0.0009345469000000001 0.33067364 0.5286457 0.5108971999999999 0.67540276
6 0.0009338517999999999 0.3320427 0.5606238 0.5226954 0.69145507
9 0.00092493853 0.39088032 0.55869824 0.50423944 0.7443323000000001
9 0.00091400585 0.4132593 0.51889443 0.52847415 0.6989345
10 0.00090342516 0.33259037 0.5336718 0.51227677 0.68955356
12 0.0008823946000000001 0.38805962 0.4713567 0.53330624 0.65571135
11 0.00084780564 0.36276796 0.45180909999999996 0.47077683 0.8148276999999999
9 0.0008458849599999999 0.3786203 0.5175641 0.4836311 0.7094974000000001
10 0.0008424712 0.36743600000000004 0.5589485 0.53918 0.7371171999999999
13 0.0008288875699999999 0.35987670000000005 0.47127703 0.56734973 0.84256864
11 0.000817169 0.3987809 0.46663567 0.49765387 0.8292784
4 0.0007786785 0.403202 0.43834662 0.52127266 0.6563634
3 0.00076031295 0.37001517 0.5179978 0.4203895 0.68436515
13 0.0007583583 0.37138259999999995 0.48993838 0.46954238 0.80561465
5 0.0007268311 0.37189972 0.5960135999999999 0.5480656999999999 0.78629696
10 0.0007200641999999999 0.36594522 0.47554445 0.53286886 0.62401766
13 0.0006979431500000001 0.34653112 0.61311924 0.52835274 0.72203344
10 0.0006822594 0.32229498 0.5021958 0.48994425 0.6468739
3 0.00068103295 0.34797242 0.4640205 0.5553511 0.7085762
6 0.0006594058400000001 0.3571008 0.5032827 0.56345874 0.6472445
11 0.00065279123 0.4529845 0.5195987 0.5749354999999999 0.70923984
5 0.0006485153 0.35786545 0.5665926 0.45942706 0.8435991
11 0.0006122823999999999 0.38028379999999995 0.51433444 0.46632650000000003 0.6559628000000001
12 0.00058081147 0.36620635 0.49593702 0.4888981 0.6838010999999999
4 0.0005681407 0.43097416 0.50522155 0.5351161 0.7744793000000001
10 0.00056698546 0.40689040000000004 0.34684825 0.47328663 0.69828624
8 0.00053930655 0.35500628 0.34386745 0.5214300999999999 0.74229056
13 0.0005320327 0.36120972 0.5106841 0.500306 0.71520406
10 0.0005299066999999999 0.42632368 0.30763516 0.48510715 0.6954767
11 0.0005216121 0.38613302 0.44703975 0.47021709999999994 0.69585437
7 0.0005066465 0.37948215 0.42478530000000003 0.51091695 0.69625247
6 0.0005010518 0.38172814 0.5621359 0.61876446 0.6993096999999999
11 0.00047997382000000005 0.41126895 0.43875986 0.4832245 0.65594447
11 0.0004751628 0.42885405 0.44511223 0.50539666 0.68457806
9 0.00047265104000000004 0.3451156 0.516011 0.4448132000000001 0.7370912
13 0.00045967519999999995 0.38440514 0.46591043 0.48920846 0.756901
2 0.00045902395999999993 0.34863546 0.49141032 0.48178962 0.67152137
11 0.00044942432 0.44197422 0.45150596 0.53086317 0.79782456
1 0.00043150343 0.35156977 0.5889515999999999 0.51443446 0.7116938
1 0.00040654457 0.37510914 0.45161113 0.47255152 0.66784716
1 0.00040515035 0.39205283 0.57623756 0.52245253 0.7475385999999999
10 0.00040416387 0.40694633 0.40501124 0.51505613 0.63772565
10 0.0004021071 0.44665316 0.48004168 0.5505135999999999 0.7406335000000001
2 0.00039589617999999995 0.37420917 0.3588896 0.6519964 0.78037953
1 0.00039343763 0.34420788 0.5843044 0.47204745 0.7546401
5 0.00039131756 0.36299240000000005 0.51823765 0.47060454 0.7672331
10 0.00038887496 0.39198515 0.50771713 0.5176771 0.7467058000000001
11 0.00038858112999999995 0.42013252 0.5124545 0.5077502 0.6558944
11 0.00036261164 0.39602366 0.31820804 0.45721927 0.8897191999999999
12 0.00035859574999999995 0.38567394 0.41803426 0.46473509999999996 0.6948449999999999
9 0.00035599896 0.4022602 0.43551257 0.4794831 0.71832055
5 0.00032706832000000004 0.3038922 0.55175525 0.5741833000000001 0.8349105
10 0.00032282269 0.3506196 0.50814545 0.47893894 0.7279389
10 0.0003161644 0.36548382 0.47393665 0.48467267 0.6803636
7 0.00030975178 0.34176698 0.53983295 0.51864016 0.8003642
9 0.0003062207 0.35946533 0.55334973 0.46701990000000004 0.75753796
1 0.00030055456 0.35463166 0.5712379 0.44589603 0.79321617
13 0.00030005886 0.30855632 0.58858216 0.50187516 0.69614476
3 0.00029576512000000003 0.37790143 0.47287014 0.5273628 0.60285
2 0.00029462943 0.39418265 0.3963026 0.5286955 0.6132432
12 0.00028773 0.41669443 0.5608489000000001 0.5473222 0.7267534999999999
7 0.00028647206 0.33127979999999996 0.46086082 0.47393100000000005 0.75654286
8 0.00025310708 0.22176372 0.45591798 0.45766574 0.8294398000000001
2 0.00024843842 0.42920947 0.46387938 0.5109004 0.82454395
9 0.00024741306 0.33753723 0.47033978 0.43782985 0.6865982
5 0.00024175916 0.38663945 0.59680027 0.49244670000000007 0.8765474
9 0.00023914502999999998 0.38454446 0.48827073 0.58768725 0.79340684
11 0.00023776675999999999 0.35745668 0.41219097 0.43939513 0.68797666
9 0.00023447743 0.37872303 0.60130787 0.5595728 0.74802667
8 0.00022939194999999998 0.42572978 0.58731127 0.48705909999999997 0.68662447
9 0.00022707455 0.38197207 0.44622713 0.45980728 0.74100727
1 0.0002239212 0.40884537 0.5410665 0.49845165 0.77579683
12 0.00022286877 0.39541996 0.5368092 0.53122216 0.7026643
12 0.00022249461 0.3492225 0.4525335 0.46870200000000006 0.6631655
13 0.00021579148999999997 0.34765822 0.5905456 0.49583679999999997 0.7562386999999999
11 0.00021538915000000002 0.41211858 0.27534425 0.6000339 0.86444765
10 0.0002126049 0.4095557 0.42401236 0.48255542 0.80524623
7 0.00020404054 0.26632140000000004 0.41941944 0.6049886999999999 0.88067067
9 0.00019921872 0.44089484 0.5490301999999999 0.51614517 0.78290147
12 0.00019532506000000002 0.42484534 0.5402316999999999 0.5133734999999999 0.7514203
9 0.00019376859 0.3955886 0.49544170000000004 0.5570792 0.61253506
5 0.0001869959 0.29677892 0.6199785 0.50065506 0.75240797
3 0.00018696400000000002 0.37947926 0.50912195 0.49120846 0.60119283
5 0.0001795 0.32415172 0.6077361 0.45823339999999996 0.79003996
3 0.00017852756999999997 0.37388822 0.49544585 0.48227359999999997 0.5595002
2 0.00017781515 0.38401312 0.46389082 0.51404375 0.68772787
4 0.00017713994 0.43778008 0.5280108 0.5722876 0.75042254
6 0.00017696363999999997 0.33084428 0.5782027 0.50620425 0.74289304
1 0.00017680849999999999 0.30211177 0.4714474 0.54325 0.770606
13 0.00017390743999999998 0.27336900000000003 0.51718366 0.54855 0.7773418000000001
2 0.00017324752 0.39393812 0.5513629 0.5752969 0.7068380999999999
3 0.00017031503 0.37393034 0.52958983 0.46611959999999997 0.6390833
6 0.00016800743 0.38876635 0.5782986 0.5672732 0.7704727
10 0.00016577482 0.41119054 0.46548328 0.53149015 0.71033764
12 0.0001653283 0.3656977 0.44365808 0.5731708000000001 0.5749572
10 0.00016119044 0.46408066 0.35157096 0.52610695 0.7861802
9 0.000157426 0.4238772 0.5524021 0.49534294 0.79084253
2 0.00015547595 0.39101848 0.46984577 0.47800562 0.7549531999999999
8 0.00014578557 0.46112020000000004 0.57480305 0.5009136 0.6914494999999999
9 0.0001440064 0.38657779 0.5553273 0.45452129999999996 0.8256972
10 0.00013931749 0.44715136 0.36126515 0.5104989000000001 0.78463197
8 0.00012948953000000002 0.13444549 0.44108507 0.6863144 0.9657613000000002
4 0.0001294046 0.44670296 0.44805209999999995 0.51031655 0.8011996
11 0.00012827601999999998 0.45276478 0.33861065 0.50879544 0.8390419
10 0.00012243383 0.38635559999999997 0.44442612 0.5079026 0.6678696999999999
8 0.00011888792499999999 0.36718255 0.5674905 0.40463275 0.68101823
8 0.000113239636 0.40523338 0.39400974 0.7190880999999999 0.9079571
11 0.00011275323 0.41677749999999997 0.30849007 0.47391409999999995 0.87312084
12 0.00010915662 0.38427594 0.53418785 0.4692504 0.776794
8 0.0001064482 0.11771129 0.4532125 0.43826735 0.92359906
11 0.00010635835499999999 0.43519297 0.31967017 0.4901689 0.8627838
10 0.000105468964 0.4297601 0.38171428 0.4953305 0.79789585
8 0.00010381082 0.40231344 0.5871911 0.46450213 0.6920276
1 0.00010262780399999999 0.29979596 0.47582075 0.47094604 0.5874878000000001
13 9.7555036e-05 0.33174598 0.52402943 0.53729445 0.89011616
10 9.712796e-05 0.34671992 0.43472067 0.46248996 0.6496856
9 9.493334e-05 0.40395728 0.55800146 0.47373024 0.81260735
8 9.462734e-05 0.38714427 0.58921003 0.44996876 0.694584
7 9.285007e-05 0.40639853 0.47680396 0.5138680999999999 0.86042833
4 9.057828999999999e-05 0.4198708 0.44605136 0.6248874 0.8390141
3 8.805833e-05 0.43286628 0.56622905 0.51118684 0.6982391
7 8.209795e-05 0.37524584 0.38958937 0.47067079999999994 0.8023422
6 8.1991755e-05 0.3460242 0.4443392 0.5231315 0.6772716
4 7.87815e-05 0.35487667 0.55602396 0.47385070000000007 0.7778349
13 7.864227e-05 0.364792 0.56154263 0.41283208 0.6783459
10 7.644924e-05 0.39091220000000004 0.5855030999999999 0.56619257 0.77504385
8 7.5129676e-05 0.4503021 0.56420755 0.5046042000000001 0.66338986
3 7.510213000000001e-05 0.38118762 0.57008106 0.45568109999999995 0.6961940999999999
1 7.4233896e-05 0.33656543 0.50072247 0.4320975 0.71656215
8 7.415781999999999e-05 0.37185803 0.5880251999999999 0.42907038 0.69925106
11 7.31323e-05 0.37605804 0.32889187 0.4446069 0.8491174000000001
3 7.256996999999999e-05 0.26753926 0.48931873 0.5489061 0.72684747
9 7.070309e-05 0.346749 0.45772170000000006 0.5330898000000001 0.7913174
7 6.867116999999999e-05 0.35974464 0.49255806 0.4778925 0.87543094
12 6.6749075e-05 0.29876715 0.37466234 0.6458276999999999 0.71049356
10 6.630687e-05 0.39253783 0.45506394 0.45888090000000004 0.7610715
8 6.479741e-05 0.120496795 0.30445415 0.5204479999999999 0.9599605
4 6.3205676e-05 0.42606258 0.46005115 0.4952311 0.80927366
10 6.3174164e-05 0.46114546 0.27267003 0.6404491 0.87122124
7 6.169141999999999e-05 0.35679140000000004 0.5767848000000001 0.56659937 0.74088633
7 5.95637e-05 0.34612375 0.46670333 0.51912075 0.6403506999999999
3 5.7626454e-05 0.38029248 0.5386741999999999 0.4399919 0.6812166999999999
11 5.7392250000000006e-05 0.37496778 0.20150256 0.5303415 0.83764994
4 5.7296347e-05 0.42611197 0.46870986 0.56305814 0.6012076999999999
8 5.7090335999999996e-05 0.44315390000000005 0.56279093 0.4846165 0.67831874
1 5.7051348e-05 0.24822602 0.41167468 0.49867532 0.6944534000000001
9 5.3819505e-05 0.37851995 0.59217477 0.49701599999999996 0.800859
9 5.2905430000000006e-05 0.4102008 0.60124046 0.5372869 0.789087
3 5.1828887000000006e-05 0.38200724 0.5176104 0.54847634 0.73537743
8 4.951e-05 0.19211483 0.510575 0.5849896 0.8800421999999999
5 4.9406844e-05 0.24093042 0.5209107 0.5269288000000001 0.80666983
6 4.9069862000000005e-05 0.40358657 0.56876504 0.5369431 0.83642375
9 4.8502334e-05 0.34014112 0.55680996 0.4951265 0.7204632
6 4.8488477000000006e-05 0.35804582 0.5461678000000001 0.5002283 0.8079324999999999
2 4.7431814999999996e-05 0.38612586 0.5688744000000001 0.5183823000000001 0.77639115
2 4.7345779999999995e-05 0.2711466 0.37646997 0.68909615 0.72915727
2 4.7310444999999997e-05 0.37222654 0.43950224 0.56898767 0.56984544
8 4.7304147e-05 0.048380077 0.26445445 0.36668062 0.9948686999999999
2 4.7116509999999996e-05 0.3467446 0.42455843 0.49713057 0.6081631
6 4.4983844e-05 0.36967242 0.49422273 0.53660613 0.71617717
3 4.4244566999999996e-05 0.40745202 0.58786273 0.48273692 0.69106805
2 4.1929615999999996e-05 0.34163076 0.43514404 0.62916017 0.8642701999999999
6 3.9705134e-05 0.29501402 0.5911244000000001 0.5188596999999999 0.7039069
4 3.9633764e-05 0.38746968 0.46753900000000004 0.5184537 0.603909
4 3.943288e-05 0.40486887 0.40759847 0.49065128 0.7347752
10 3.8964714e-05 0.3462531 0.45185190000000003 0.4964375 0.5941768
3 3.8283836999999995e-05 0.37544429999999995 0.4608589 0.5326706999999999 0.799563
10 3.78937e-05 0.38855568 0.5641134 0.52051824 0.81461036
11 3.7636477e-05 0.427515 0.43471184 0.51631165 0.8731363999999999
5 3.7450664e-05 0.24496767 0.57341933 0.46000573 0.7085134
1 3.6255224e-05 0.1729648 0.45720574 0.5231519 0.70886195
9 3.4986544e-05 0.3242359 0.5257401999999999 0.47170964 0.68120277
3 3.4724893000000004e-05 0.46552062 0.5544857 0.51328725 0.7025452
4 3.4497058000000004e-05 0.38748288 0.48622686 0.47322893 0.82514066
5 3.3705983e-05 0.29286712 0.602238 0.5187735 0.9072816999999999
6 3.313341e-05 0.27759653 0.46753222 0.6522464 0.79607797
5 3.2760145e-05 0.28234383 0.51525533 0.5321479 0.5916204
2 3.237263e-05 0.41141152 0.37495422 0.48823798 0.6744914000000001
9 3.2256037e-05 0.38500744 0.46186918 0.5310928 0.5827880999999999
13 3.125286e-05 0.33827955 0.45164192 0.5147363 0.6013339
1 3.0982195e-05 0.36973312 0.5620169 0.40719659999999996 0.67457426
13 3.0964344e-05 0.2901101 0.59209436 0.49686635 0.89300525
10 3.0256302e-05 0.42526403 0.5321397 0.5482169 0.80669284
7 2.7896986000000002e-05 0.17018518 0.4890634 0.66197693 0.8470589
5 2.7436745e-05 0.36098620000000003 0.5592056 0.407088 0.70103186
12 2.7076043e-05 0.37676895 0.45122045 0.45928776 0.76562405
8 2.6725879999999996e-05 0.46453947 0.5530783 0.5123091 0.6110175
1 2.6512638e-05 0.36416084 0.60306054 0.5081527 0.7636291000000001
11 2.5962703000000003e-05 0.3399957 0.32921156 0.566096 0.8106097
3 2.5812189e-05 0.37237750000000003 0.5018296 0.42617673 0.6340646
8 2.5564935999999998e-05 0.41733563 0.56776583 0.47523504 0.672474
8 2.5234622e-05 0.42946053 0.57440114 0.46719116 0.6939583
4 2.522338e-05 0.3530775 0.45964706 0.4685572 0.67861885
8 2.5126848e-05 0.37885588 0.5696766 0.42078203 0.6779795999999999
8 2.4936677e-05 0.3381329 0.30503222 0.67780364 0.8798865
11 2.4618883e-05 0.39248794 0.48731056 0.47197324 0.6290846999999999
8 2.43241e-05 0.40460563 0.62293607 0.4705124 0.6968564
8 2.377471e-05 0.36480564 0.5589923000000001 0.43203765 0.62649363
8 2.3595149999999997e-05 0.41615486 0.5686904 0.45381773 0.6970462
8 2.3247471999999997e-05 0.46685573 0.57794577 0.5146856 0.6815451
9 2.3071476e-05 0.33024287 0.45248827 0.637975 0.71467185
8 2.2522480999999998e-05 0.3463211 0.42862368 0.5064679 0.55090946
13 2.2041573e-05 0.19286244 0.5426396 0.511936 0.79517823
12 2.1089104999999998e-05 0.34422565 0.40008035 0.56284606 0.5470712
6 2.1030093e-05 0.32121876 0.49975967 0.5222014 0.616688
3 2.089763e-05 0.47000230000000004 0.55217284 0.5188319 0.6216609000000001
13 2.0553423e-05 0.36044294 0.52646816 0.46016717 0.58675027
8 2.0373802e-05 0.4763331 0.5577451999999999 0.5248943 0.61058927
13 2.0299929e-05 0.0 0.3152704 0.32278407 1.0
5 2.0287958e-05 0.20264427 0.53356016 0.63376105 0.7431644000000001
3 2.0018354999999998e-05 0.3673823 0.51068455 0.4414953 0.65388143
3 1.9706105e-05 0.44396177 0.5300919 0.5006874 0.6828696
8 1.9343985e-05 0.39881712 0.57248163 0.4381026 0.6973607
3 1.9282284e-05 0.03723918 0.46519604 0.3892042 0.9899929
8 1.902301e-05 0.6688038000000001 0.60080045 0.91416955 0.9630168
8 1.8625995e-05 0.33779547 0.4869501 0.4577178 0.730143
1 1.8433242e-05 0.21238305 0.48470834 0.47549927 0.7734127
12 1.8387722e-05 0.38094029999999995 0.5771852 0.5683986 0.71008265
8 1.8305307e-05 0.10784657 0.16532661 0.41934269999999996 0.9035289000000001
7 1.827784e-05 0.36887628 0.5530664000000001 0.40588903 0.6888189
9 1.8146697e-05 0.36317566 0.5110848 0.43696502 0.8143912
8 1.8038625e-05 0.36928725 0.5296831 0.45767385 0.5949319000000001
13 1.7894266e-05 0.3672415 0.38436437 0.5180188 0.9695783000000001
3 1.789394e-05 0.3977362 0.5336533 0.49404746 0.62426347
12 1.7566887e-05 0.38497170000000003 0.5472732 0.41752657 0.6813762
8 1.7470999e-05 0.35910149999999996 0.5775256 0.41390333 0.7026386
3 1.6820217e-05 0.18212709 0.480033 0.80999863 0.98378044
3 1.6488748e-05 0.38487 0.6127715 0.4774866 0.710084
9 1.6399827e-05 0.37067932 0.55466694 0.5696064999999999 0.8707417
10 1.637527e-05 0.40248615 0.21529573 0.6027505 0.8516193000000001
13 1.5712311999999998e-05 0.6485847 0.060032714 0.9590564 1.0
13 1.5690895e-05 0.34788048 0.509131 0.43852055 0.81458825
11 1.5689096e-05 0.429408 0.48325 0.51592606 0.62370586
8 1.5503052e-05 0.642124 0.19839883 0.92522997 0.95287716
13 1.5293861e-05 0.6954792 0.5117788 0.9631799000000001 1.0
