3 0.9890742 0.21702960000000002 0.51839536 0.29894540000000003 0.6108848000000001
3 0.75975126 0.47885787 0.48064297 0.6039384 0.6552911
8 0.71027297 0.4761114000000001 0.47910136 0.6131259 0.6548329
3 0.34848595 0.6337434000000001 0.41078037 0.7839381 0.7111134
8 0.19071369 0.662691 0.44435048 0.7500189 0.7082715999999999
13 0.11408748 0.8371698000000001 0.38517368 0.90492195 0.41748554
8 0.09628075 0.8114691999999999 0.5656406 0.87096775 0.62911487
13 0.07339634 0.6509446 0.45078450000000003 0.77890676 0.6932713
8 0.056668422999999996 0.63320875 0.43843508 0.74235 0.6720934000000001
13 0.042815965 0.63129556 0.49445888 0.75888455 0.6838141999999999
8 0.03915535 0.84916073 0.39035929999999996 0.8990914000000001 0.42670749999999996
3 0.028232483 0.85164624 0.37717447 0.8885919 0.4256379
8 0.026152547 0.2225062 0.5141204 0.30969742 0.6118501000000001
3 0.024113407000000003 0.6202772 0.4808628 0.80333465 0.74661493
13 0.019869816999999998 0.44656867 0.54281354 0.62306404 0.64682037
2 0.016078083 0.83098876 0.37095162 0.9174665999999999 0.42989245
8 0.014912263 0.62166584 0.50330484 0.7421875 0.70944726
13 0.014853207 0.45067385 0.5022637 0.65404147 0.6404948
3 0.014327291 0.8238643 0.56501055 0.87654155 0.62900305
8 0.012069193 0.5644429 0.11650517 0.60816723 0.16421337
13 0.010422274 0.8372138000000001 0.116207264 0.9158209999999999 0.15401399
8 0.0095697455 0.83202696 0.11552742 0.8877894000000001 0.15759788
12 0.009154688000000001 0.68642193 0.41722697 0.8346438 0.5844086
10 0.008644435 0.66589975 0.47247142 0.7750501999999999 0.6984294
10 0.008517367 0.6327479 0.4331811 0.8148798 0.64589196
13 0.007671644 0.8339456000000001 0.40393779999999996 0.9357148000000001 0.4405274
2 0.0075178924 0.6543888000000001 0.48037976 0.80017364 0.66301435
7 0.007309315 0.60671735 0.43778747 0.79525375 0.7286015
4 0.00703368 0.6959765 0.48498303 0.8091354000000001 0.6422751
5 0.0063251965000000005 0.648532 0.46142352 0.75625837 0.70554745
2 0.0060560773 0.6619815 0.41690373 0.8036665 0.60215783
7 0.006009061 0.6366474 0.39653692 0.81870556 0.69246346
7 0.006002797 0.65360564 0.40436316 0.75761986 0.7477024
3 0.0059945453 0.6268423000000001 0.4657507000000001 0.7941495 0.6552938
8 0.0059876999999999994 0.21481983 0.5094489000000001 0.2929994 0.5916834
4 0.0059306603000000005 0.6604494000000001 0.49329470000000003 0.7890642 0.6544558000000001
12 0.005668613 0.6667811 0.3813185 0.77094513 0.6404791
13 0.00561886 0.5950377 0.49234635 0.7852561 0.65212697
8 0.0053605814 0.8495133 0.40932703 0.9135646000000001 0.45212749999999996
9 0.0050658262 0.47897938 0.4983048 0.70562506 0.6097665
9 0.0049699433 0.44949755 0.48353526 0.6291156999999999 0.60921234
12 0.0049028597 0.66889274 0.39258707 0.8220337 0.55268353
8 0.004847433 0.47604242 0.5277283 0.58247715 0.61300015
11 0.004805749000000001 0.64609134 0.44350404 0.74020827 0.7311578000000001
8 0.0048008165 0.61727965 0.33874970000000004 0.79506224 0.8577819999999999
13 0.0046933717 0.6259553000000001 0.51739544 0.77985615 0.77274495
6 0.0046159834999999995 0.65481263 0.53275895 0.78692293 0.7415615
8 0.0044637313 0.1330543 0.48339555 0.31392926 0.6340888000000001
7 0.0043578185 0.8171298 0.37251994 0.90557545 0.42251983
13 0.00424508 0.48384523 0.50756073 0.6289319 0.6877813
1 0.004228829 0.82673717 0.3871285 0.8788908999999999 0.42087993
5 0.0041361474 0.35655284 0.5431739000000001 0.63509905 0.6554886999999999
6 0.004104103 0.6402085999999999 0.5313432 0.8369805 0.70001894
11 0.004010615 0.63563335 0.5289772 0.773454 0.69198185
2 0.004009795 0.67724466 0.41029897 0.7688008000000001 0.6982533000000001
2 0.003922587 0.49119887 0.46730474 0.69711846 0.6126134
3 0.0038257248 0.83669513 0.10573458 0.89808345 0.17004855
13 0.0036939564 0.6144163 0.5262943 0.8071198 0.69848907
6 0.0036379374 0.62432104 0.5153812 0.8064474 0.6615937
13 0.0035971182 0.44883943 0.5256036999999999 0.5875925999999999 0.67451227
7 0.003547368 0.38934159999999995 0.4763199000000001 0.6365109 0.66052574
13 0.0034191492 0.57566285 0.45929262 0.7715389 0.6211828
7 0.0032982309999999996 0.45539632 0.47731382 0.70469916 0.65696806
5 0.003174005 0.349367 0.52230763 0.6549775999999999 0.62793225
1 0.0031520675 0.632626 0.48858547 0.7608494 0.622396
13 0.0030508374 0.20484872 0.5385390999999999 0.30832162 0.60193735
1 0.0030420318 0.5908369000000001 0.45001832 0.7300885 0.5829340999999999
9 0.0029993756 0.45040962 0.51121897 0.63350713 0.6447501999999999
4 0.002998999 0.53713834 0.47639090000000006 0.7153722 0.657511
11 0.0029393039 0.8488916999999999 0.37667447 0.8859415999999999 0.42892218
11 0.0029131768 0.6204444 0.4952345 0.7496885999999999 0.66403526
9 0.0028751465 0.4712246 0.46406934 0.57984746 0.6302627
13 0.0028574717999999997 0.2320442 0.5217982 0.30987027 0.62185943
5 0.0027029782 0.5870926 0.47794563 0.80174506 0.6607564
1 0.0026636703000000005 0.6267053000000001 0.47214952 0.73659235 0.6713121999999999
13 0.0026108539 0.7965659 0.56529754 0.8792848 0.61953443
11 0.0026077845000000003 0.47167373 0.48707979999999995 0.6223226 0.68218964
1 0.0025446897 0.365923 0.51479506 0.5569982 0.6225609999999999
1 0.0024641692 0.47775063 0.5232654 0.63664776 0.64721537
11 0.0024319284 0.4617941 0.40695196 0.5685754 0.7018734000000001
2 0.0023300622 0.42270955 0.5029824 0.6724833 0.6376179
5 0.0023263015 0.38413817 0.51446676 0.5870784000000001 0.6681949
12 0.0023047023 0.46415484 0.48849407 0.7226557 0.61902577
1 0.0022995793 0.41146579999999994 0.5174404 0.59975284 0.64802694
4 0.0022828013 0.67349786 0.44887692 0.7615943000000001 0.6652617
4 0.0022407903 0.6407651 0.47629178 0.76302165 0.6287531
13 0.0022318147 0.39941156 0.53886294 0.5977659000000001 0.6269933000000001
3 0.0022133995999999998 0.67932284 0.4340202 0.73884195 0.52151096
13 0.002212389 0.46975997 0.5467841999999999 0.6105403 0.7045729000000001
3 0.0019953994 0.6874439 0.43109727 0.7387691999999999 0.48379013
9 0.0019275291000000001 0.4551465 0.48445147 0.56424063 0.6572071999999999
8 0.0018965559 0.6255876 0.41505405 0.7579906 0.6139380999999999
12 0.0017928885 0.83817583 0.37581027 0.9100282 0.40755272
2 0.0016435753 0.48982686 0.45735459999999994 0.6419265000000001 0.67935014
9 0.0016188816 0.47498104 0.5042462000000001 0.58888865 0.6718427
6 0.0016027682000000001 0.82994705 0.38707674 0.9103473 0.42600240000000006
9 0.0015502557 0.8482228999999999 0.3809059 0.9095208 0.42313242
1 0.0015362814000000002 0.4145886 0.48949328 0.60334456 0.6080156
9 0.0015068107000000002 0.66740316 0.43728745 0.8491998 0.6692899999999999
3 0.0014581685 0.47698927 0.48943242 0.6157288000000001 0.59479886
2 0.0014459698000000001 0.46800262 0.44233328 0.68850523 0.57949996
6 0.0014406939000000001 0.40790227 0.53769 0.6545601 0.66703385
13 0.0014341832 0.54137266 0.114340656 0.6227362 0.15345153
6 0.0014032018 0.42124799999999996 0.506772 0.7180691 0.64901036
12 0.0013384107 0.45325816 0.44599079999999997 0.64289695 0.6240401
11 0.0013324501 0.5390106 0.48909030000000003 0.6921206999999999 0.67797464
4 0.0013288404 0.44869882 0.51644045 0.6493979999999999 0.6766272
4 0.0013151581 0.84291613 0.38746938 0.90685546 0.42016729999999997
5 0.0013001678 0.40357062 0.53293276 0.72138894 0.64085275
12 0.0012864284 0.42748398 0.46063122 0.6803918999999999 0.58861566
5 0.0012731438 0.4196919 0.5712225000000001 0.6067865 0.72668993
7 0.0012482484 0.5989698 0.51853675 0.776111 0.7776484
4 0.0012365072 0.86373454 0.38400784 0.9270665000000001 0.4227181
5 0.001222321 0.8124225 0.38793284 0.9073741 0.43083167
2 0.0012187638000000002 0.63256437 0.45204854 0.84272623 0.5829595999999999
1 0.0012001188 0.84362197 0.38632095 0.8954610000000001 0.42251506
8 0.001144262 0.5602316999999999 0.13394268 0.61522335 0.17462105
9 0.0011263816 0.86058706 0.3829675 0.9314804 0.42420214
7 0.0010944244 0.19870833 0.51669335 0.31738117 0.6148005999999999
13 0.0010924428 0.6460415 0.5485785 0.75754416 0.63168234
9 0.0010862106 0.667068 0.40103649999999996 0.76145065 0.7350196
13 0.0010651578 0.65495276 0.57551867 0.7607268 0.6561278
2 0.0010518981 0.6512020000000001 0.545003 0.81181276 0.7113927
5 0.0010405901 0.58938843 0.44197118 0.80187684 0.5934964
1 0.0010380151 0.46517700000000006 0.48274213 0.61628354 0.63581544
3 0.0010057754 0.1660634 0.5019612 0.3068119 0.6234784000000001
2 0.0009413700300000001 0.80863774 0.55577755 0.8988921000000001 0.60909104
6 0.0009227389 0.3680802 0.51654434 0.6018884 0.63977844
1 0.0009095692 0.47103795 0.5400393 0.61372584 0.7037452
8 0.000905023 0.64304477 0.48332557 0.7651749 0.6468895
4 0.0008662439599999999 0.5277470000000001 0.44146734 0.6624426999999999 0.6711078
11 0.0008604500999999999 0.52682906 0.40795198 0.63470644 0.6490454000000001
8 0.00084462884 0.6822349 0.43173199999999995 0.7404725999999999 0.4874282999999999
11 0.00083206774 0.86647135 0.37483984 0.9054716 0.42995036
9 0.0008227343 0.4947594 0.53896856 0.61824495 0.71095365
9 0.0008221687 0.49031416 0.47962479999999996 0.6143470999999999 0.64447707
7 0.0008170852999999999 0.47445148 0.41483673 0.64554197 0.6913714
6 0.0008076913 0.19849065 0.5272941 0.33851725 0.60090584
13 0.0008029453999999999 0.20978351 0.5366390999999999 0.28153193 0.621787
13 0.00080251123 0.6179589 0.41298974 0.7983523 0.92450684
8 0.000778224 0.6765522 0.43592435 0.73244023 0.5222898
9 0.0007700841499999999 0.23259884 0.5047234 0.30178222 0.5780958
2 0.0007536504400000001 0.44502193 0.48324520000000004 0.61893725 0.6708752
10 0.0007351176 0.5141908 0.4599876 0.67969006 0.63228387
12 0.0007310438000000001 0.4222635 0.5174865 0.70211154 0.63688517
3 0.0007215953699999999 0.56800216 0.100149326 0.61176735 0.17959368
6 0.00071947445 0.6075823 0.56700397 0.8195427 0.7265798000000001
1 0.0006959014999999999 0.42295858 0.5424571 0.57692224 0.70662427
2 0.0006945738 0.6192501 0.4814535 0.82042795 0.60000384
4 0.00068744825 0.51361006 0.49540183 0.6562140000000001 0.73409367
1 0.00068540755 0.21625957 0.5515971 0.29845124 0.6091903000000001
4 0.0006691014 0.4959478 0.46755534 0.65647256 0.6174853
7 0.0006676903599999999 0.4002358 0.45037445 0.575445 0.72345614
5 0.00066593615 0.44891906 0.51196706 0.6634597 0.6616548000000001
2 0.00065995037 0.22154996 0.5224405 0.32891715 0.57839054
8 0.0006572563 0.53479564 0.4000351 0.81038517 0.6916435000000001
3 0.0006572486 0.8536997 0.39784944 0.91358775 0.45648652
11 0.0006490668 0.5038708 0.44360545 0.6147118 0.77204543
11 0.00064294436 0.21990879 0.49372754 0.27078709999999995 0.6223824
13 0.00064217066 0.45627376 0.4989182 0.5870323000000001 0.58671355
13 0.0006391195999999999 0.6762289 0.45111674 0.7383569000000001 0.51583815
9 0.00062968227 0.6341398 0.4157593 0.7845551 0.6727741
7 0.0006163672699999999 0.5696121999999999 0.44337305 0.82407576 0.61778396
13 0.00061231595 0.20658205 0.5599623 0.30062044 0.6057005999999999
8 0.0006112007 0.48494366 0.50975716 0.5840270000000001 0.5904121
5 0.0006018123000000001 0.1901941 0.53385687 0.29240707 0.6175385
13 0.00059813383 0.6677955 0.43418485 0.73801637 0.48520118
7 0.00059550203 0.22478276 0.47993964 0.29896083 0.6117001
11 0.0005928529 0.23707844 0.5295246 0.2965261 0.6015102
13 0.0005785588999999999 0.4815057 0.4846313 0.5910118000000001 0.73926294
13 0.000573242 0.1981098 0.5074641 0.29150578 0.5873528
12 0.00056910416 0.43873718 0.47358823 0.6023654 0.63850564
11 0.00055735325 0.42814854 0.48124537 0.55917114 0.6352438
12 0.0005538845 0.22166462 0.48886612 0.3096739 0.5824657
9 0.0005494271 0.8396413 0.1088146 0.9070030000000001 0.15836042
7 0.0005457796 0.8195728000000001 0.10220173 0.9014419 0.1655459
13 0.0005393633599999999 0.23021902 0.51413196 0.28532759999999996 0.6412135
5 0.0005359895999999999 0.1756916 0.53701293 0.33123708 0.6000057
9 0.00053330866 0.8227065999999998 0.5724132 0.8954658999999999 0.6152089
10 0.0005312396 0.85883445 0.36798257 0.91697747 0.4369693
11 0.0005311786 0.4931231 0.46915340000000005 0.6152593000000001 0.61715174
3 0.0005220051999999999 0.8168933 0.57869256 0.871275 0.6361363
9 0.0005140899400000001 0.22006232 0.52663904 0.33198482 0.58713406
2 0.0005137893599999999 0.5001715999999999 0.38841608 0.6537775 0.6338642
8 0.0005125992500000001 0.46961224 0.5420696999999999 0.56402576 0.6316049
7 0.0005044724 0.8075848000000001 0.56473947 0.89471424 0.6205273
11 0.0005043546599999999 0.22645187 0.48649436 0.26802509999999996 0.58218193
10 0.00050129375 0.4496954000000001 0.49646032 0.6492965999999999 0.66387826
2 0.00048687108 0.81471205 0.106769435 0.91848814 0.1603302
12 0.00048506516 0.8060767 0.56218076 0.8957849 0.60230637
1 0.00048327917 0.21944456 0.5182364 0.28731513 0.5882074
3 0.00046982605000000003 0.6505781 0.5726408000000001 0.7652434 0.6586377
1 0.0004613677 0.24843518 0.54282314 0.31377777 0.61833596
10 0.0004568821 0.6559043999999999 0.5235129 0.7989005 0.7473565999999999
13 0.00044451964999999994 0.46239823 0.52544427 0.5924851999999999 0.59853774
13 0.00043521187000000007 0.53912866 0.5276505 0.81333053 0.8665646
11 0.00043465832 0.24667478 0.49404567 0.2878458 0.5819411999999999
5 0.00041982095 0.2274279 0.5381 0.28667950000000003 0.6572176
12 0.00041396587 0.46021754 0.5027055 0.66513836 0.6679236999999999
1 0.00041232334 0.19749049999999999 0.51503885 0.2678508 0.5845015
4 0.00040069481 0.4765851 0.45015845 0.62268376 0.6557821
10 0.00040061327 0.5089304 0.39597782 0.6294604 0.63582814
12 0.0003997636 0.41231185 0.49836212 0.6315945 0.60514927
9 0.00038813743999999996 0.50116706 0.4673254 0.5787507 0.73543787
4 0.00038648519999999996 0.48706773 0.5176588 0.6261023 0.7447808000000001
2 0.0003825693 0.8427324 0.39583832 0.94394374 0.45532757
13 0.00037805716 0.45802093 0.55340314 0.66418487 0.66471887
12 0.00037747147000000006 0.22037475 0.52067006 0.329023 0.58687204
4 0.00036492333 0.23292600000000002 0.5147853 0.3269187 0.6051895
11 0.0003572089 0.5148163 0.31191838 0.5916461 0.77444357
7 0.0003557041 0.23389235 0.49850664 0.32025596 0.62907267
13 0.00035558727999999995 0.21776862 0.51673776 0.27000377 0.63564795
7 0.00034758417000000004 0.41153216 0.50760275 0.6267989 0.7615496999999999
12 0.00034614466 0.62992656 0.4522134 0.86492467 0.546942
3 0.0003445841 0.6332837 0.43352917 0.79047805 0.5537890999999999
1 0.00033699916 0.5761533000000001 0.5019087999999999 0.7563025 0.59989923
10 0.00033586547999999995 0.87952447 0.36508483 0.93273365 0.43802512
13 0.00033412245 0.5531611999999999 0.14207067 0.62619346 0.17443903
3 0.0003311725 0.56484497 0.11919066 0.6174898 0.18835372
11 0.00033114504000000003 0.25122026 0.46211523 0.28134966 0.63919693
11 0.00033086599999999997 0.654357 0.5733663 0.76958007 0.7657016
1 0.0003239591 0.20163596 0.5457558000000001 0.27526066 0.62379724
1 0.00032348195 0.81768674 0.116398305 0.88337237 0.1496779
10 0.00032263072 0.23002708 0.47003950000000005 0.29383746 0.57650054
2 0.0003195157 0.6233638000000001 0.51051027 0.8243301 0.63501954
8 0.00030718345000000003 0.46489775 0.43098354 0.77106893 0.9115506999999999
3 0.00030713042 0.6549285 0.5484806999999999 0.76841784 0.63436747
12 0.00030685867999999996 0.49434745 0.49782726 0.6192821 0.5681819
5 0.00030142362999999997 0.20160916 0.5182343 0.30994353 0.59095335
1 0.00029799674 0.23281504 0.5352504 0.27857843 0.62633115
5 0.00029361056 0.46505025 0.5370075 0.5825756 0.7696086
7 0.0002904937 0.2147178 0.4993548 0.3185646 0.58301467
2 0.00028986606 0.23398517 0.49766576 0.32122138 0.555325
4 0.00028913243999999997 0.6716469 0.52490234 0.7816515 0.6998288
2 0.00028736846000000004 0.5030912000000001 0.49942186 0.61748224 0.56232905
6 0.0002852367 0.38039824 0.48786083 0.66044164 0.6280569
10 0.00028307302000000003 0.45801613 0.44314006 0.5964451999999999 0.67198294
4 0.00027867936 0.6426289000000001 0.50681525 0.7611911 0.6752372
5 0.00027676587000000004 0.7960995 0.12351667 0.90160197 0.16404788
9 0.00026486322 0.24200197 0.5219609000000001 0.28367442 0.6224274999999999
6 0.00026204003 0.60620487 0.49759040000000004 0.82200813 0.60750484
5 0.00026144979999999997 0.20953566 0.53128165 0.2680258 0.6461003000000001
2 0.00025900103999999997 0.45940366 0.4010241 0.62691575 0.612853
4 0.0002589793 0.6502157 0.4684695 0.8045525 0.6007979999999999
12 0.00025825722999999997 0.84054226 0.10523589 0.92200303 0.14099453
13 0.0002559109 0.47635552 0.51470256 0.5623047 0.6046925
9 0.00025450063 0.48692054 0.5096374 0.611475 0.5721947
1 0.00025342416 0.7972925000000001 0.57879204 0.8701436 0.6155829
3 0.00025330065 0.21149923 0.51315266 0.29147553 0.5625284
12 0.00025207892999999995 0.23690997 0.51149964 0.28576422 0.6195056999999999
9 0.00024828865 0.21489346 0.50384545 0.27701303 0.58248687
6 0.00024583259999999996 0.4530889 0.55972135 0.64042586 0.7341059
7 0.00024538144 0.19507363 0.49752742 0.28071135 0.6383513000000001
9 0.00024206327000000002 0.25248864 0.5291071999999999 0.33145937 0.5997369
2 0.00024115977999999999 0.24448760000000003 0.49950832 0.31462744 0.6032675999999999
13 0.00023800349999999999 0.6002753000000001 0.42372170000000003 0.77245593 0.556515
5 0.00023710492 0.5772978 0.5197531 0.7653303000000001 0.708568
4 0.0002317709 0.43841112 0.47871482 0.5991166 0.6332946999999999
7 0.00022960248 0.18561578 0.5569752 0.28935423 0.6292251999999999
12 0.00022849632999999997 0.6484396 0.47226346 0.871692 0.5754693000000001
10 0.00022821657999999998 0.8490548000000001 0.10001176 0.9116332 0.16363993
2 0.0002259118 0.6246441 0.5389461999999999 0.8379296999999999 0.6627959
11 0.00022387836 0.54015696 0.45660657 0.6689822 0.61047876
4 0.00022330301 0.2553044 0.49277875 0.32796454 0.61521953
2 0.00022224332000000003 0.7894038000000001 0.55891514 0.8832341 0.6026108
2 0.0002216137 0.54898274 0.104929335 0.6459145000000001 0.16177684
10 0.00022111576 0.5232167000000001 0.43987539999999997 0.6480934 0.6964484000000001
9 0.00021999414 0.6677531 0.5027 0.8049465 0.7542846
6 0.00021879757999999997 0.19431618 0.5631111 0.3177045 0.6145368
8 0.00021701922000000003 0.5523986999999999 0.17661619 0.7996299 0.7213723000000001
11 0.00021644832999999998 0.22882411 0.455589 0.26227182 0.6463144000000001
4 0.00021083333 0.5063611 0.49775973 0.5920933 0.57079446
4 0.0002104563 0.24050955 0.48413768 0.30411872 0.58521986
2 0.00020928112 0.24519826 0.48108384 0.2852191 0.6136550000000001
10 0.00020883301999999999 0.26155606 0.48615438 0.32130712 0.61239547
12 0.00020830976000000003 0.6651191999999999 0.44185394 0.8268201999999999 0.64794576
3 0.00020140932000000002 0.23691179 0.5071758 0.324155 0.57342386
13 0.00020072571 0.14234498 0.50377256 0.31479242 0.6356265
7 0.00019945911 0.56283957 0.48963666 0.7933617 0.68778414
13 0.00019894103999999998 0.80176365 0.5875555 0.8814921999999998 0.63178575
10 0.00019386970000000002 0.5193414000000001 0.35926199999999997 0.60391885 0.71833694
2 0.00019305575 0.21524043 0.5011166 0.2916687 0.58793116
3 0.00019249738000000002 0.64807624 0.59429914 0.77400064 0.67724866
8 0.00018820976000000003 0.4708402 0.55358464 0.5503923000000001 0.657712
7 0.00018529779999999999 0.60539913 0.47605878 0.8419629999999999 0.64590824
10 0.00018311901999999998 0.2533767 0.47012356 0.28710085 0.6265936
12 0.00018149664 0.49944592 0.5313533 0.6171297 0.6032856
3 0.00018072352 0.5759135 0.09919213 0.6269795 0.17758869
5 0.00018033996 0.60432476 0.5607823000000001 0.7819695 0.72873086
9 0.00017744590000000001 0.22676286 0.5177001 0.32241559999999997 0.567734
11 0.00017691343999999998 0.26854476 0.50081694 0.31414068 0.60738105
4 0.0001768694 0.50271213 0.516347 0.59394634 0.5976988
10 0.00017588279999999998 0.21080853 0.5142578 0.3225382 0.59435207
1 0.00017350964 0.47442052 0.51265687 0.5776603 0.57310814
11 0.00017284502 0.24131337 0.5028002 0.29118133 0.6137669
8 0.00017147572 0.27227917 0.15002441 0.5334684000000001 0.6322853
6 0.00017136887999999998 0.21376808 0.48839834 0.31142393 0.59363556
1 0.00017023832999999997 0.35379770000000005 0.48111197 0.5498712 0.58926904
9 0.00016986566999999998 0.85815483 0.110974096 0.9300021 0.15769437
12 0.00016956213 0.21656989 0.49885368 0.32729444 0.5625069
