3 0.9905550999999999 0.008760616 0.33550617 0.22704276 0.68546915
8 0.94293225 0.47817600000000005 0.38436505 0.5741092 0.46216260000000003
3 0.6743013000000001 0.6788531 0.41583919999999996 0.7814196999999999 0.49851236
8 0.37031996 0.0018008798 0.34207994 0.28006798 0.64646286
8 0.30371496 0.3395769 0.38587767 0.38946897 0.44274828
3 0.30326626 0.0032195002 0.42689687 0.045658406 0.50119805
8 0.28627062 0.6828161 0.41301990000000005 0.77691394 0.49725214
8 0.25250122 0.47279897 0.39098713 0.5461037 0.47223568
3 0.18973194 0.48129648 0.37786582 0.55860084 0.4639344
8 0.030622244 0.0 0.2771445 0.20106818 0.7171564
8 0.03022379 0.02956187 0.3607327 0.20833749 0.6341460999999999
3 0.024029234 0.11517568 0.37313518 0.25570923 0.49714616
3 0.023810267000000003 0.14998823 0.37846386 0.27629253 0.48408714
3 0.018541787 0.3447318 0.38495517 0.38436859999999995 0.4434315
8 0.017870553 0.65915525 0.38441768 0.81827354 0.5205326
8 0.016458966000000002 0.016279109 0.19708629 0.2577721 0.6296927
3 0.01118355 0.17275153 0.408283 0.26133817 0.47882843
13 0.0091892285 0.0 0.370818 0.36827144 0.6857628
3 0.009114704 0.00621932 0.35130516 0.07203073 0.42502216
8 0.007777029 0.48903164 0.39887090000000003 0.5660147 0.47144562
8 0.0057104067 0.04823357 0.36093432 0.37178355 0.827742
8 0.0045878612 0.02581805 0.1283343 0.3393671 0.60393703
8 0.0044071167 0.0023061074 0.36381468 0.054998565 0.42269309999999993
13 0.004242663 0.6843983 0.42269799999999996 0.77609825 0.4852049
8 0.0039590243 0.12268939599999999 0.35798717 0.28291294 0.5005692
9 0.0039509456 0.03387007 0.33124366 0.2903051 0.5957748
8 0.0037426065999999997 0.44774359999999996 0.35361734 0.60816485 0.48725548
13 0.0032152065999999997 0.6774638000000001 0.4430451 0.775992 0.5012459
3 0.0026825971 0.006049074000000001 0.32626975 0.07401686 0.45889512
13 0.0026475345 0.026900202 0.3193508 0.29227334 0.7598658
3 0.0024911251 0.055889107 0.35753852 0.24357411 0.58736324
8 0.0023865511 0.0038091540000000004 0.21215238 0.3007581 0.7666351
13 0.0023413076999999997 0.004527552 0.4561209 0.038778402000000003 0.5107657
7 0.0021316882 0.0 0.2834469 0.3024799 0.6831786
3 0.0020998605 0.03006266 0.35823563 0.21136601 0.50222343
3 0.0020987662 0.0021648984 0.40885118 0.056401007 0.5136887
13 0.0019308826999999999 0.66418463 0.4107429 0.78573376 0.5398487
13 0.0018905188 0.33350029999999997 0.3966201 0.4029837 0.4368628
9 0.0018889693 0.05093638599999999 0.4176916 0.45041000000000003 0.6608319
9 0.0018222966 0.68506753 0.41856983 0.7690166 0.47898346
13 0.0017885832000000001 0.47161683 0.37632814 0.54246855 0.46557528
4 0.0017689465 0.0711599 0.33165562 0.33005184 0.6102628999999999
5 0.0017571145000000001 0.6537847 0.43181140000000007 0.7818046 0.4756339
1 0.0016328462 0.0 0.36695188 0.24176966 0.6178191999999999
12 0.0015988569 0.0 0.26255214 0.32960892 0.5497863000000001
12 0.0015912832 0.0 0.21914970000000003 0.26895290000000005 0.5031369000000001
13 0.0015540172 0.48226842 0.3916863 0.58605635 0.4535209
13 0.0015410685 0.68161404 0.4129392 0.7564069999999999 0.5130692
13 0.0014803332 0.13647011 0.39285463 0.27375957 0.5365985
9 0.0014375428 0.718881 0.42182820000000004 0.7885839 0.47299173
8 0.0014363915 0.0050854609999999995 0.4388495 0.03713918 0.5042017
3 0.0014126232 0.5205684 0.3941644 0.5781665 0.45145470000000004
1 0.0013996897 0.0 0.32920775 0.18616316 0.5634208
11 0.0013901087 0.6967763000000001 0.42074670000000003 0.7491595999999999 0.48763847
8 0.0013716787 0.07901231 0.36190692 0.24922055 0.51135135
9 0.0013071528999999999 0.042236775 0.36200732 0.43225136 0.60632485
5 0.0012915664 0.0 0.4045011 0.31534326 0.6088491
9 0.0012878592 0.5052101 0.39270762 0.5893757 0.44581637
3 0.0012662333 0.49731508 0.40145344 0.56842816 0.47053069999999997
4 0.0012500313 0.090987876 0.36701697 0.39860553 0.71906775
2 0.0012471834 0.031340732999999996 0.31055647 0.39146440000000005 0.6358845000000001
10 0.0012069531 0.50439465 0.3784528 0.5767623000000001 0.43548477
2 0.0011988207 0.6894505 0.40950125 0.7818682 0.4696773
12 0.0011904443 0.7097775 0.4223308 0.7894979999999999 0.47547624
5 0.0011796948 0.0 0.44519490000000006 0.38315803 0.68864745
8 0.0010988634 0.17126045 0.41834828 0.25567272 0.4754920999999999
8 0.0010455619 0.052596986 0.40704983 0.18268399999999999 0.6243288
1 0.0010177084 0.0 0.45261756 0.26368344 0.7125523
2 0.0010149843 0.5030608 0.38645166 0.58705926 0.45124832
8 0.0010033338 0.6125658 0.19871415 0.91329473 0.87394613
4 0.0010022179 0.14920487 0.34174553 0.44719220000000004 0.6805087
13 0.0009979218 0.46068329999999996 0.42136008 0.5509575 0.46218315
1 0.0009859519 0.0 0.38766006 0.3232711 0.65251166
8 0.000962721 0.51269424 0.39139262 0.58224845 0.45606935
4 0.00095659273 0.059268235999999995 0.30916122 0.26733845 0.5682341
5 0.000946122 0.0 0.48930836 0.31433523 0.73266226
1 0.0009426506599999999 0.69355226 0.43034890000000003 0.7703177 0.48369090000000003
13 0.0009366233 0.6545695 0.41944286 0.73591495 0.47891837
7 0.0009218099000000001 0.0 0.36228967 0.32852155 0.78550637
12 0.00092044775 0.0 0.3396283 0.45432925 0.6324878
11 0.0009131463000000001 0.056905687 0.32305813 0.22893924 0.63449126
4 0.0009058261999999999 0.51634276 0.38336936 0.5850072 0.46170157
13 0.0008898666 0.0 0.35515708 0.19594562 0.69119096
13 0.0008760658 0.67999405 0.0 0.97858435 0.8612943999999999
4 0.0008142552700000001 0.04539553 0.39847925 0.2714784 0.76619905
5 0.00080567243 0.46780974 0.40674683 0.56498784 0.4743858
3 0.0007806073 0.62726784 0.23556478 0.94944966 0.97498924
1 0.0007790867 0.6706483 0.43032905 0.75638074 0.48865917
9 0.0007726463000000001 0.04259544 0.4231026 0.25488722 0.71596205
5 0.0007659809 0.45593100000000003 0.40720892 0.6082787 0.4496549
3 0.0007541958500000001 0.039185397000000004 0.27145365 0.26727334 0.6308758000000001
13 0.0007405747299999999 0.09223472 0.39560619999999996 0.24423820000000002 0.5435911999999999
7 0.0007378106 0.68485206 0.39632127 0.76358634 0.5037009
13 0.0007326428 0.0 0.47578576 0.28678954 0.7215679
7 0.00072142284 0.66991645 0.4365929 0.76074547 0.5216948
7 0.0007089186 0.0 0.4441504 0.04185098 0.5218855
12 0.0007031947 0.6984832 0.40310058 0.7599666 0.49507245
6 0.0007024458599999999 0.0 0.40919295 0.486059 0.7098595999999999
8 0.0006984195 0.057192817 0.23654737 0.47569555 0.73975176
3 0.0006953249000000001 0.007956626 0.37355727 0.05104643 0.44646797
2 0.0006913507000000001 0.035299554 0.2568178 0.31590009999999996 0.5363332
5 0.000685858 0.65874296 0.45473126 0.76625675 0.5037884
8 0.00068402244 0.1597376 0.3931617 0.24442048 0.4572143
12 0.0006763901 0.50140214 0.40075412 0.5908158 0.44977733
10 0.000675783 0.71575505 0.41182613 0.7775801999999999 0.46796572
7 0.00067390443 0.49760672 0.37943795 0.57259357 0.46118757
5 0.0006483462999999999 0.0 0.44565730000000003 0.3582827 0.80461955
9 0.0006437762 0.49152340000000005 0.3862446 0.54822814 0.4666584
9 0.0006425933 0.0780748 0.37031788 0.31208283 0.67175525
11 0.0006329373000000001 0.5218067 0.38966635 0.5696349 0.45370420000000006
11 0.00062485476 0.50094813 0.35276040000000003 0.54289967 0.48703796
11 0.0006172405000000001 0.068144985 0.32368386 0.3024206 0.71447086
11 0.00061690743 0.052696664000000004 0.32214653 0.17274167 0.6037619000000001
2 0.0006128548000000001 0.67998135 0.43611696 0.7741871 0.4989867
11 0.0006088080000000001 0.72561985 0.42011744 0.76632434 0.47712758
13 0.00058816705 0.45772406 0.39161685 0.5554845 0.4438116
4 0.0005859206 0.71395004 0.41199768 0.78764665 0.47587833
5 0.0005811148 0.0 0.44527927 0.20226008 0.69455135
12 0.0005810494000000001 0.019103386 0.2756441 0.21059139999999998 0.5677646
12 0.00057784683 0.017301932 0.29777625 0.32186437 0.6446403
8 0.0005763197599999999 0.44045034 0.38870364 0.73161113 0.88785326
11 0.0005614073 0.48308626 0.35010692 0.5270674 0.48955864
6 0.00055713917 0.49122733 0.3920866 0.59576875 0.45511392
1 0.0005551743 0.492349 0.40632802 0.5719097 0.45350778
10 0.00054372835 0.0 0.24362314 0.2019276 0.5512748000000001
9 0.0005430828 0.7024215 0.44915059999999996 0.7763545999999999 0.5075601
11 0.0005258872 0.13007614 0.3055636 0.38051286 0.75560004
6 0.0005226194 0.6936743000000001 0.42535612 0.79627705 0.48380694
9 0.0005193586 0.013657443 0.33086047 0.16425484 0.6074179
2 0.0005151816000000001 0.06375113 0.22221221 0.30182576 0.6651005
5 0.0005122585 0.68231106 0.43547925 0.75815153 0.5104822
13 0.000500747 0.0 0.39861777 0.19312829 0.5818303000000001
13 0.0005007444 0.4493388 0.3991413 0.53036547 0.44298820000000005
11 0.0004996791000000001 0.70702726 0.38595167 0.7484115 0.50655955
6 0.0004965363 0.0 0.45277178 0.37254316 0.74833745
5 0.0004943189 0.0 0.38596407 0.19589509 0.5850174
13 0.0004895476999999999 0.0037948041999999998 0.36378556 0.070375286 0.42107376
1 0.00048698738 0.47491980000000006 0.39207179999999997 0.54417205 0.46327415
11 0.00048089787000000003 0.70425606 0.43048418 0.75732565 0.5250611999999999
13 0.00047550410000000005 0.055000715 0.37757820000000003 0.22161177 0.6058793
8 0.00047287089999999995 0.5999721 0.45959818 0.9143053 0.9016874
10 0.00046876384000000003 0.68742496 0.41630578 0.7679822 0.46962336
6 0.00044915585999999994 0.0 0.30899566 0.32621306 0.6227334
8 0.00044477422 0.50909066 0.4167251 0.8079026 0.88462263
4 0.00043798957 0.6904611999999999 0.41703534 0.7843427 0.48681012
4 0.000436064 0.12398265 0.3366577 0.33602244 0.77660674
10 0.00043103532999999995 0.7103022 0.39801285 0.75933784 0.48529170000000005
2 0.0004279678400000001 0.34141254 0.39101243 0.41818094 0.44443813
8 0.0004232451 0.33465797 0.36952302 0.62892556 0.8816798
5 0.00042049599999999997 0.41719568 0.40581536 0.5791621 0.44692418
8 0.00041701176 0.0 0.33768496 0.058096547000000005 0.47677496
1 0.00041570519999999995 0.45293963 0.39353740000000004 0.5233002999999999 0.45750558
9 0.0003986053 0.6820861 0.4064653 0.8106922 0.527946
10 0.00039620654000000003 0.5031166 0.36268082 0.55446255 0.45675975
3 0.00039209012 0.009011097 0.34759694 0.15828222 0.4880826
2 0.00038728322000000003 0.47438776 0.38771486 0.5625458000000001 0.44316795
11 0.0003864956 0.051454574 0.36253747 0.22827235 0.80600953
11 0.00038455472999999996 0.47731656 0.3878999 0.53294045 0.4658126
1 0.00038434422 0.002636943 0.46461254 0.040998716 0.52444893
9 0.000373988 0.6939930000000001 0.4131106 0.746794 0.49960190000000004
13 0.0003681386 0.028739735 0.2847171 0.22827755 0.88141656
7 0.0003573138 0.704004 0.40774992 0.7712026 0.49495113
10 0.00035252057999999995 0.69767344 0.44442967 0.7818961 0.5068429
10 0.00034554660000000006 0.006832078 0.26920304 0.26551354 0.6025345
13 0.00034358178 0.02635295 0.41445997 0.17768246 0.62769413
3 0.00033490686000000003 0.44813046 0.31689712 0.80630445 0.92976236
11 0.0003279655 0.13031772 0.19806111 0.30040404 0.7824081999999999
1 0.00032702 0.6091161999999999 0.39752632 0.7790511999999999 0.49878877
2 0.00032405963 0.62762415 0.40203086 0.8647829 0.53564084
12 0.00032197483 0.48800150000000003 0.38019294 0.55906194 0.4603776
11 0.00031758394 0.028947905 0.34404325 0.16200165 0.7680021
2 0.00031696042000000003 0.49551994 0.37054223 0.5573154 0.45490169999999996
6 0.00031146908 0.0 0.34531352 0.48435150000000005 0.63534135
2 0.00029629716 0.6377903 0.36797709999999995 0.85638535 0.50036335
6 0.00028303626 0.6668545 0.4530639 0.7927973 0.50731075
1 0.00028284173 0.6782800999999999 0.45553109999999997 0.7574574000000001 0.5099162
8 0.00027598099999999996 0.43620357 0.19360727 0.7668401 0.7997736999999999
9 0.00027035142000000006 0.47293636 0.38937682 0.55398154 0.44597787
10 0.00026801259999999997 0.48321703 0.41862395 0.56177026 0.47922376
7 0.0002623682 0.0 0.26865320000000004 0.18508297 0.6839276
8 0.0002613394 0.00601686 0.38174784 0.037945807000000005 0.44916528
11 0.0002611022 0.017804798 0.43918633 0.037781775 0.51594406
9 0.00025903416 0.35078076 0.39915472 0.4154022 0.44353426
13 0.00025256439999999996 0.15366797 0.38151097 0.24764095 0.4590682
1 0.00024858158 0.0 0.49815345 0.16049879999999997 0.7298882
13 0.00024761027 0.55526155 0.03502342 0.9037159 1.0
3 0.0002469714 0.20565644 0.4201968 0.27320948 0.4824237
4 0.00024678966 0.0083068125 0.43749318 0.04468112 0.51173174
12 0.00024529273 0.060659766 0.38786483 0.24126676 0.5538517
5 0.00024516424 0.43732340000000003 0.42889687 0.5485823000000001 0.47515726
6 0.00024290332 0.0 0.44035379999999996 0.22351226 0.7158078
8 0.00024145166000000002 0.029642396 0.37784696 0.1732378 0.58132577
7 0.00024058971000000002 0.0 0.18330543 0.26161295 0.8069803000000001
1 0.00023945782000000002 0.0 0.22020584 0.1907812 0.6464799
3 0.00023851202000000002 0.018575482 0.4408651 0.18341714 0.69073284
10 0.0002363091 0.5007337000000001 0.41130403 0.57602054 0.4770442
8 0.00023400546000000003 0.26788542 0.40554014 0.5650544 0.8897883
9 0.00023325124 0.022247314 0.41216493 0.17427544 0.6978778
3 0.00023261526000000003 0.48811886 0.47961223 0.8470905000000001 0.9546846999999999
10 0.00023137942000000004 0.48650235 0.37602225 0.5410039000000001 0.45638192
11 0.00022870952999999998 0.49619300000000005 0.38888976 0.55136234 0.46800295
1 0.00022592822999999997 0.6344224 0.43025663 0.7142279 0.47240657
9 0.00022436651 0.47715276 0.3838538 0.5323768 0.46611288
1 0.00022393937999999998 0.104534686 0.40115 0.26385933 0.5169762999999999
8 0.00021968644 0.5190884 0.21077824 0.84956753 0.86074513
12 0.00021827402999999998 0.69375205 0.43540618 0.79530716 0.4954668
11 0.00021644146 0.6863878000000001 0.43920535 0.7465935 0.5180173
10 0.00021562703 0.6877055999999999 0.45507702 0.7635483000000001 0.50301605
10 0.00020616403999999998 0.4694848 0.38586040000000005 0.5524435999999999 0.43776903
7 0.00020354761999999998 0.48287106 0.3610038 0.5477935 0.4875514
12 0.00019822728 0.017472013999999998 0.11597316 0.20403865 0.6288088000000001
7 0.00019756428 0.3262038 0.3893957 0.40252659999999996 0.45720379999999994
3 0.00019337843999999997 0.08398642 0.21295688 0.39782763 0.6453799
1 0.00019185753 0.0 0.43090937 0.19740611 0.66978467
3 0.00018995033 0.021793522000000003 0.36839659999999996 0.19519863 0.6291409
2 0.00018663433999999997 0.015980914 0.43261084 0.26246786 0.67470706
1 0.00018661839 0.0035632848999999998 0.47606114 0.22647971 0.8005175999999999
8 0.00018500359 0.386338 0.13215922 0.68970835 0.8306266999999999
1 0.000184988 0.6151255 0.42261368 0.7819988 0.532247
6 0.00018437163000000002 0.0 0.29565945 0.21823826 0.5886884
13 0.00018372205 0.60247064 0.30668363 0.9514998 0.9594017
2 0.0001836145 0.12479333599999999 0.36054787 0.32683265 0.49939114
9 0.00018141317 0.48241585 0.41984174 0.5607211 0.47232974
10 0.00018049413 0.10525024 0.21571118 0.38408590000000004 0.65231204
5 0.00018010518 0.609413 0.4361942 0.7896267 0.5305938
11 0.00017719547999999998 0.6744383 0.4161201 0.7254661 0.47858316
4 0.00017673487 0.68760794 0.43123654 0.7825734999999999 0.51165676
11 0.00017647701 0.68347746 0.3524151 0.7900085 0.52924526
12 0.00017644093999999997 0.10278194 0.3962349 0.22904314 0.58459336
8 0.00017627128 0.025890827 0.44982429999999995 0.16283217 0.61670166
7 0.00017548891 0.45977604 0.41799244 0.54378986 0.48328406
11 0.00017333163000000001 0.48672659999999995 0.4092504 0.5426696999999999 0.50321525
7 0.0001730481 0.06950517 0.36523154 0.30601776 0.5541295999999999
13 0.00017107572 0.48585573 0.329119 0.8360299999999999 1.0
12 0.00016940711 0.014249582 0.43142074 0.048566457 0.5012165
1 0.0001657516 0.027827866 0.41891044 0.18072078 0.56921667
9 0.00016560093 0.070614755 0.27267495 0.20405859 0.81324106
2 0.00016536699000000002 0.48363423 0.41524354 0.56898487 0.47331262
11 0.00016463542 0.50414187 0.40804705 0.5597165 0.49874645
6 0.00016368165 0.47128808 0.42928818 0.5686631 0.4736732
13 0.00016313962 0.45625103 0.39720133 0.5838864 0.5098536
7 0.00016174868999999998 0.57938004 0.3617513 0.80975616 0.56770426
8 0.00016046851 0.21657321 0.16510771 0.62557364 0.8553431
10 0.00015920715 0.012786793000000001 0.43147245 0.04792895 0.5268208000000001
10 0.00015616367 0.015275218 0.39175582 0.17522565 0.5380232
5 0.00015583645 0.30232584 0.41072923 0.40828502 0.4442188
6 0.00015387847 0.45642659999999996 0.3951538 0.57371986 0.44885877
3 0.000151502 0.5818007 0.47979268 0.94731677 0.9648709000000001
4 0.00015099136 0.028544202 0.32450628 0.21806689 0.5875431
13 0.00014970716 6.574392e-05 0.42708656 0.18651299 0.9177569
9 0.00014926655 0.7296756999999999 0.03924662 1.0 0.97058916
1 0.00014912691999999998 0.66330636 0.45796505 0.7369883 0.50182015
3 0.00014689585 0.038307577 0.41914698 0.28757644 0.81542087
2 0.00014544539 0.00047809258 0.43900582 0.048240385999999996 0.5051358
12 0.00014503792 0.117920086 0.45084837 0.23292147 0.6360826999999999
5 0.00014488421 0.023066625 0.43800125 0.1963638 0.8937448
10 0.00014476483999999998 0.13686879999999998 0.1606894 0.3277395 0.71356523
8 0.00014469694 0.7317262 0.23928474 0.92290765 0.9102921
4 0.00014397777 0.47762707 0.40396956 0.54706186 0.48865065
11 0.00014391032 0.05090321 0.25022373 0.20896545 0.71282554
8 0.00014107433000000002 0.17272998 0.40245953 0.46390158 0.8673308000000001
12 0.00014003605 0.070997655 0.41060233 0.19198176 0.62260693
5 0.00013862574 0.60467696 0.45645243 0.76945114 0.55374545
6 0.00013591097 0.018301486999999998 0.43051142 0.20482960000000003 0.58293307
7 0.00013487746999999998 0.0 0.3638982 0.19349054 0.80122185
4 0.00013302508 0.49631053 0.40155557 0.5656559 0.49017048
4 0.00012798382 0.36611438 0.39734784 0.41534013 0.45669737
11 0.000118448675 0.35876890000000006 0.3871208 0.40083048 0.45829648
12 0.00011817357 0.0 0.4104678 0.29085535 0.691829
4 0.00011777578999999999 0.49329287 0.37149864 0.55772597 0.48082709999999995
6 0.00011644753999999999 0.07096897 0.40008068 0.3434533 0.53342307
1 0.0001152874 0.08827272 0.40588909999999995 0.21317719999999998 0.5955349
2 0.00011515947 0.0020955503 0.36008596 0.08048599 0.41947153
3 0.000114626804 0.69743025 0.43702134 0.78453016 0.50512224
10 0.000113923954 0.035497278 0.35195956 0.35041082 0.7140103
6 0.00011302221000000002 0.0 0.44886544 0.055969335 0.51359016
7 0.00011262441999999999 0.46679184 0.36596194 0.53266513 0.4858987
10 0.00011251163000000001 0.10366103 0.011120035 0.2393252 0.81001973
6 0.00011019921000000001 0.47259235 0.38373435 0.57282877 0.46705672
4 0.00010896216 0.48006988 0.38691625 0.556008 0.463913
13 0.0001084077 0.40065584 0.36502895 0.7537695 1.0
10 0.00010575657499999999 0.0 0.4015864 0.26746040000000004 0.71455294
7 0.000104631494 0.47275892 0.37343588 0.5583623999999999 0.4667633
8 0.00010401405 0.7904267 0.11191582 0.93397146 0.6420524999999999
12 0.00010350871 0.4747467000000001 0.38955453 0.5638926999999999 0.44579107
12 0.00010319075999999999 0.32601058 0.39040023 0.42323548 0.43494993
1 0.00010239700999999999 0.44590187 0.40451679999999995 0.5133715 0.4462592000000001
3 0.00010213478000000001 0.13130051 0.31629977 0.48646122 0.9492013000000001
13 0.00010077561 0.005068168 0.45453084 0.22752555 0.59961236
8 9.877040999999999e-05 0.10462990400000001 0.07889098 0.40147242 0.61359054
5 9.7755306e-05 0.67077076 0.36075890000000005 0.94438803 1.0
3 9.375397e-05 0.0012839735 0.39104804 0.08465004 0.61202174
13 9.2270835e-05 0.5160468 0.4011467 0.5805395000000001 0.45233783
8 9.178416e-05 0.0064212159999999996 0.49167797 0.13027838 0.67070514
3 9.042233e-05 0.31053874 0.24761607 0.7310833000000001 0.92972374
10 8.988553e-05 0.02818947 0.35580900000000004 0.079036295 0.42659929999999996
4 8.966143e-05 0.060129687 0.39559385 0.20969693 0.5529965
1 8.86323e-05 0.5680046999999999 0.121949814 0.9714786 0.8592076999999999
13 8.8598004e-05 0.23023346 0.036927015 0.6861484 0.99137616
13 8.828777e-05 0.0039857402 0.3813492 0.17834505 0.51220965
