3 0.7242805999999999 0.43093947 0.4475883 0.49008462 0.5307705
8 0.39463156 0.42293096 0.45476258 0.49515998 0.5360664
3 0.04030345 0.96862096 0.51320237 0.9963696 0.59471166
8 0.038955297 0.96378595 0.50090927 0.9980474 0.5984344
3 0.013573172 0.7032215 0.52009934 0.74524844 0.5629639
3 0.013571273 0.6999365 0.5346276999999999 0.7457384 0.5745833
8 0.0106324395 0.69543934 0.5130612 0.7486206 0.5688105
8 0.00978209 0.42483974 0.43120608 0.4733585999999999 0.54415476
13 0.009679846 0.41743904 0.47937375 0.51049495 0.52642673
8 0.0075526177 0.9573497 0.5069724 0.9920002 0.5815015
13 0.005935639 0.43348303 0.44753227 0.5082922000000001 0.5293419
13 0.0038134158 0.4036011 0.45775568 0.501844 0.5154175
2 0.0035455870000000002 0.43448347 0.4474072 0.5142781 0.5020902
9 0.0031026544 0.43092367 0.45776130000000004 0.5238755 0.5092991
13 0.0030631633000000004 0.43257588 0.47051474 0.5027464 0.5479381999999999
13 0.0029950088000000002 0.41265774 0.47601956 0.4792363 0.5408045
6 0.0028580457000000003 0.42457920000000005 0.45630255 0.5192386999999999 0.5147678
12 0.0027277085 0.42263576 0.4534357 0.5182797 0.50390923
8 0.002693605 0.42600444 0.4424532 0.49166718 0.48512006
7 0.0026740915999999997 0.42162317 0.44590792 0.5131266999999999 0.5183492999999999
5 0.0021896757999999997 0.3652007 0.48901588 0.4930854 0.5364045000000001
4 0.002050343 0.44226158 0.44983512 0.5113415 0.51691186
13 0.0020443082 0.42109397 0.44047964 0.46757105 0.53465384
2 0.0019322184 0.41591957 0.45024008 0.49965423 0.49759483
5 0.0019278473 0.38513073 0.46598554 0.48693126 0.52521354
3 0.0019118772 0.43202987 0.43679485 0.5027148 0.48446983
11 0.0017924364999999999 0.42590728 0.47548732 0.48719677 0.55403847
1 0.0017376319 0.41556993 0.47091293 0.48969725 0.51671517
11 0.0015840635 0.42398549999999996 0.43056932 0.4651737 0.5390994
13 0.0015562691000000001 0.43148980000000003 0.4434584 0.48345299999999997 0.5413173000000001
8 0.0014794517000000001 0.70831406 0.5149414999999999 0.7575487 0.5633653000000001
11 0.0014388509 0.42166784 0.43525147 0.47434863 0.5777549
4 0.0014210969 0.4346411 0.46474203 0.5116179 0.55029464
9 0.0014111665 0.43209752 0.47600934 0.5294733 0.5337278
5 0.0013878435 0.38761303 0.48586136 0.47177938 0.55659634
7 0.0013785623000000002 0.40494424 0.4757478 0.4994675 0.54771763
3 0.0013773452 0.713751 0.51939964 0.754249 0.5614021
1 0.0013469303 0.43807820000000003 0.46759292 0.50468254 0.5309198
9 0.0013257925 0.41826773 0.4566803 0.49622040000000006 0.5059315999999999
6 0.0012791471 0.41685134 0.48640764 0.52772385 0.53949815
5 0.0012013965 0.3836065 0.47119399999999995 0.51194876 0.5096118
7 0.0011692911 0.40656853 0.44965628 0.48839983 0.5170418999999999
11 0.0011396639999999999 0.44660398 0.47677314 0.50704306 0.55361027
10 0.0011052515 0.4184127 0.45206398 0.51057106 0.506165
1 0.0010648775 0.39349455 0.46782285 0.47215968 0.5110952
2 0.0010525885 0.42022222 0.47529262 0.51448005 0.5281501999999999
2 0.0009717163000000001 0.44461745 0.42603162 0.50674886 0.5318084
3 0.0009542999999999999 0.9571255999999999 0.5178689999999999 1.0 0.56915796
11 0.0009256394 0.44115648 0.44877565 0.48924184 0.57517093
5 0.0009048526400000001 0.40542546 0.48835270000000003 0.49275473 0.5619934
3 0.0008882200300000001 0.9581985999999999 0.53349084 1.0 0.58925956
1 0.0008597591699999998 0.42960277 0.45804313 0.47465572 0.5321355999999999
5 0.0008556808 0.4292571 0.47162735 0.48213549999999994 0.5590156
9 0.0008456205 0.42251359999999993 0.44938082 0.48164750000000006 0.51896244
11 0.0008009281599999999 0.4279895 0.4640212 0.4665224 0.5165876
10 0.0007966331 0.41233733 0.4768088 0.5026752999999999 0.5417021
10 0.0007903705 0.46225473 0.42336833 0.51565707 0.5208795999999999
9 0.0007820913 0.44386196 0.44769502 0.48219129999999993 0.5340490999999999
4 0.00075797905 0.41743994 0.46587327 0.49205157 0.5483504
13 0.0007364722999999999 0.69491786 0.5486618000000001 0.73973167 0.5802524
2 0.0007174992 0.42630920000000005 0.459614 0.49724287 0.5437936999999999
11 0.0007147847 0.44406113 0.46420524 0.48575366 0.51853037
1 0.00070685387 0.40856528 0.4531274 0.45344645 0.51929885
4 0.00070057553 0.4562463 0.43292788 0.5191415 0.53830606
5 0.0006777419 0.40967533 0.46455857 0.46416499999999994 0.54062366
4 0.0006474156 0.42202896 0.4486379 0.48925143 0.51409376
7 0.00063975155 0.44004044 0.4296617999999999 0.5113141999999999 0.5359935
12 0.0006329034 0.43811363 0.44013109999999994 0.47843209999999997 0.53267074
10 0.0006224785500000001 0.44872594 0.41817224 0.48028365 0.53736067
9 0.0006088526 0.42232916 0.47256329999999996 0.48010886 0.5513981
9 0.0005900760299999999 0.43633163 0.47014228 0.50041056 0.54457814
12 0.0005716631 0.42148596 0.47122243 0.5326396999999999 0.52296335
12 0.0005502961599999999 0.41236344 0.44365484 0.48488745 0.5121594
5 0.0005458655 0.42781064 0.4889317 0.47344777 0.58912987
8 0.0005424616400000001 0.6819956 0.510451 0.7362004 0.5632204000000001
11 0.0005397469999999999 0.42895705 0.41317326 0.45773268 0.5598701
9 0.0005230529 0.4398263 0.45016772 0.5037032 0.51733243
13 0.0005212382 0.9635459999999999 0.51603866 0.99214333 0.6246111999999999
5 0.0005202758 0.42590523 0.4682553 0.5270474 0.53826416
2 0.00048107440000000004 0.41359848 0.4309668 0.48940468 0.5142619
11 0.00046243544999999996 0.44970414 0.41438549999999996 0.47426873 0.5551581
1 0.0004592539599999999 0.39436373 0.47945386 0.46636640000000007 0.54995036
7 0.00045219704000000005 0.40061957 0.43138713 0.47354480000000004 0.5472696
1 0.00045118455 0.4014696 0.48779345 0.47967669999999996 0.5371316999999999
13 0.00044767855000000004 0.9553133 0.5322241999999999 0.9932489999999999 0.6032215
7 0.0004473693 0.41276320000000005 0.45379773 0.49559483 0.5676886
13 0.00043180945999999996 0.42012787 0.45917597 0.4640161 0.5567946
6 0.00041544836000000004 0.40704793 0.4532708 0.49684784 0.5232134
13 0.00041423136 0.9500443999999999 0.5433945 0.99239594 0.5858995
1 0.00040489575 0.4221147 0.49127713 0.49723735 0.5397371999999999
11 0.00039687726999999997 0.46891108 0.43781063 0.5064773 0.52939105
11 0.00038998591 0.44345507 0.43982673 0.48208728 0.540875
8 0.00037978964999999996 0.64711845 0.48969987 0.6907013000000001 0.5270468
10 0.00037005302000000004 0.4300303 0.44648862 0.46660680000000004 0.5392713000000001
8 0.00036790708 0.36034859999999996 0.39900747 0.5209303 0.5409147
13 0.0003651506 0.39488429999999997 0.48782435 0.48014033 0.52170223
8 0.00032948419999999996 0.38885888 0.38115078 0.5073509 0.57131934
13 0.00032243226000000004 0.6938531 0.5242911 0.7403699 0.5629349
4 0.00032063355 0.4564762 0.45306260000000004 0.51288325 0.5633600000000001
11 0.00031913802000000003 0.95990175 0.52066964 0.9951808000000001 0.59879106
10 0.00031754834 0.42002082 0.4407997 0.48921149999999997 0.5251713000000001
9 0.00031131963 0.44349343 0.47326595 0.47931212 0.5673076
6 0.00030996714 0.40552437 0.48397025 0.49802184 0.5534118
12 0.00030967366 0.42673048 0.43347913 0.46541655 0.53116924
5 0.00030433413 0.42734295 0.48823720000000004 0.5150193000000001 0.565904
6 0.00029989902000000004 0.42834312 0.48086473 0.5124423 0.5601742
8 0.00029471103 0.71203464 0.5314673000000001 0.76148534 0.57153374
7 0.00028315882 0.42443383 0.42468262 0.4925407 0.54956985
10 0.000282552 0.4657048 0.4453652 0.51859313 0.55156386
1 0.00027580107999999995 0.41827595 0.48686785 0.48643637 0.56213415
9 0.0002710857 0.4505406 0.48039449999999995 0.52354133 0.54772097
2 0.0002704958 0.44097018 0.44737414 0.48130247 0.5606755
8 0.00026973005 0.68622947 0.5264517 0.7404828 0.5720771
12 0.00026729374 0.44010425 0.46871263 0.5217746 0.540976
11 0.00026514102 0.9664203000000001 0.49846613 0.99653625 0.62243587
11 0.00026452560000000003 0.4668295 0.44934288 0.5132414000000001 0.55980736
7 0.0002634922 0.43838748 0.4203963 0.4773749 0.5593943
10 0.0002624931 0.43756482 0.45300564 0.5098852 0.5570174
2 0.00025504833 0.9490349 0.5266271 1.0 0.58007324
10 0.00025298283 0.42417738 0.46465826 0.49428523 0.5609807
2 0.000251834 0.96718854 0.5020032999999999 1.0 0.6125529000000001
13 0.00024636822999999996 0.41865969999999997 0.434288 0.5072095 0.4812995
1 0.00024624163 0.4390058 0.48182526 0.5057297000000001 0.555962
1 0.0002460731 0.42952308 0.47982022 0.47371146 0.56808305
4 0.00024131092999999998 0.41568056 0.4376348 0.48495862 0.53866017
3 0.00024110707000000003 0.7118111 0.53706354 0.75668263 0.57480145
1 0.00022445112999999996 0.6877008000000001 0.5229527 0.74449533 0.5533394
2 0.00019988352 0.95510906 0.5108184 1.0 0.59834
7 0.00019749327 0.43194935 0.45826316 0.5116031 0.5596446999999999
2 0.00019362738999999997 0.6935077 0.5396508000000001 0.76964074 0.5764298000000001
8 0.000193088 0.14477092 0.43863850000000004 0.44775003 0.95559967
4 0.0001878674 0.44153073 0.42416677 0.48489282 0.54980123
10 0.00018043676 0.44973156 0.43862559999999995 0.48537228 0.58052784
6 0.00017914161000000001 0.42910275 0.44084639999999997 0.49046369999999995 0.5379855
13 0.00017532367 0.9444648999999999 0.516047 0.99084127 0.5721881999999999
9 0.00017434723999999998 0.42569745 0.44491288 0.46223313 0.5395798
3 0.00016862256999999997 0.6511412 0.49131736 0.6974044 0.5282834
2 0.00015956146999999998 0.44283527 0.42296362 0.47941038 0.5362645
6 0.00015578828 0.68824077 0.52176154 0.7512505 0.5547388000000001
10 0.00014353986000000002 0.43448922 0.42893267 0.50474226 0.52414507
7 0.00013977732 0.9430796 0.5220634 1.0 0.62029994
7 0.00013726126 0.93795896 0.53534484 1.0 0.59817696
12 0.00013266537 0.43721023 0.46221629999999997 0.48199117 0.5543774
11 0.00013006249 0.9755662 0.4792438 0.9965191999999999 0.6469119000000001
1 0.00012844636999999998 0.94556236 0.5459387 0.9923068000000002 0.58751696
7 0.00012736385 0.42951635 0.44146878 0.48312380000000005 0.5918007
2 0.00011877562 0.95359564 0.50066984 1.0 0.55023676
5 0.000116107716 0.40812212 0.47954106 0.45821393 0.5760581
2 0.000114886854 0.69839114 0.51435494 0.7579216999999999 0.55011797
7 0.00011398104 0.95753306 0.51042587 1.0 0.6421574000000001
4 0.00011102591999999998 0.4378689 0.4461741 0.48094448 0.57975876
7 0.00011086767 0.9478203000000002 0.49980336 1.0 0.5924925999999999
7 0.000105687264 0.41713807 0.42895174 0.46336034 0.5589890000000001
6 9.933264000000001e-05 0.9532815 0.54046863 1.0 0.5907125
12 9.925728000000001e-05 0.69210273 0.5152558 0.75875205 0.55085474
11 9.572261500000001e-05 0.7082548000000001 0.51620996 0.74194866 0.5607244
1 9.369773e-05 0.96079314 0.53765595 0.9940880999999999 0.61669403
1 9.352806000000001e-05 0.9439091999999999 0.5176714 0.9911138 0.5555287
13 9.233003000000001e-05 0.7090373000000001 0.5209242000000001 0.7554812 0.56180644
1 8.700728000000001e-05 0.40909776 0.47326696 0.45424518 0.55320746
12 8.618158600000001e-05 0.41587135 0.46017820000000004 0.49206890000000003 0.5385331999999999
11 8.545763000000001e-05 0.70956373 0.53275913 0.75150096 0.5868111999999999
10 8.533855e-05 0.97760427 0.48095837 1.0 0.64214367
9 8.337068999999999e-05 0.7048434 0.525834 0.7605746999999999 0.55852747
2 8.2539795e-05 0.42758048 0.42446990000000007 0.4696397 0.51714456
2 8.1168626e-05 0.95719993 0.48511064 1.0 0.56762326
5 7.9862e-05 0.9586495 0.5441064999999999 0.9935642 0.64545673
7 7.632669399999999e-05 0.6856880999999999 0.5195025 0.7509946 0.5649481
5 7.422967e-05 0.68238324 0.5292673000000001 0.74758035 0.5614034999999999
7 7.3773306e-05 0.94418293 0.5097149999999999 1.0 0.56871456
12 7.241996e-05 0.43660387 0.4249713 0.51342434 0.47725058
6 6.87962e-05 0.6913611 0.54725075 0.75694996 0.5805023
5 6.475187e-05 0.93089855 0.54152775 0.9915574 0.5921294
8 6.421568e-05 0.03661609 0.7741486999999999 0.39493665 0.9639914
13 6.119945e-05 0.93287426 0.52102375 0.98899657 0.56223077
10 5.96385e-05 0.9647306000000001 0.5182316 1.0 0.5954023
6 5.9524238e-05 0.9602511 0.533892 1.0 0.6250624
6 5.8719106e-05 0.39172444 0.49311805 0.4924219 0.5302197
13 5.7405686999999996e-05 0.39400040000000003 0.46582046 0.47164175 0.5080020000000001
5 5.7216333999999996e-05 0.68192333 0.5498881 0.7403231 0.5907064999999999
8 5.710943e-05 0.03075059 0.58059686 0.42737559999999997 0.9649264999999999
8 5.623456e-05 0.020032238 0.70391387 0.5206029000000001 0.96423006
10 5.6131925e-05 0.9706562 0.49383873 1.0 0.62054384
8 5.5799656999999996e-05 0.062435575 0.40198302 0.37075382 0.9422575999999999
5 5.47883e-05 0.94089234 0.5389023000000001 0.9931351999999999 0.619193
9 5.40657e-05 0.45112512 0.44538194 0.515532 0.48163396
7 5.4048316000000006e-05 0.67332387 0.54257405 0.7522255999999999 0.59064746
10 5.3563363e-05 0.70779496 0.512491 0.75763696 0.5577042
4 5.2722007e-05 0.46525407 0.4629156 0.5264854999999999 0.5456803000000001
11 5.18871e-05 0.9612835999999999 0.5103793 0.98852813 0.5703951999999999
1 5.0599534e-05 0.4191305 0.43915233 0.4920994000000001 0.47017977
1 5.0553037e-05 0.684679 0.54657745 0.74086833 0.57985264
11 5.029634e-05 0.41387746 0.47476965 0.47088500000000005 0.54493356
10 4.842142e-05 0.9666981 0.47291657 1.0 0.5895682
8 4.8269016e-05 0.24465004 0.42491722 0.5482038 0.91050935
4 4.714607e-05 0.4242176 0.43372005 0.46901748 0.54955596
10 4.6005191999999996e-05 0.43071923 0.4631634 0.47233513 0.5790095000000001
6 4.545484000000001e-05 0.9459576999999999 0.5142911 1.0 0.56278706
13 4.4719753e-05 0.7074710999999999 0.54609305 0.75511605 0.5813965999999999
8 4.4663488e-05 0.9586720999999999 0.5416938 0.99303144 0.598014
9 4.234641e-05 0.9655498 0.54405063 1.0 0.5839108000000001
1 4.1937754000000004e-05 0.9322059000000001 0.5223284 0.9874177 0.5497168
12 4.1177227e-05 0.44742295 0.4788375 0.54101974 0.5272047
8 4.0895007e-05 0.42157283 0.47674352 0.47615224 0.54648465
8 4.0822535e-05 0.8849925 0.5167198000000001 0.9287186 0.5561344
2 3.996135e-05 0.42587182 0.45125824 0.46945038 0.5438963000000001
8 3.9139137e-05 0.6852951999999999 0.49441132 0.89167434 0.99707216
5 3.9065686e-05 0.9408088 0.52252036 1.0 0.59052604
2 3.895547e-05 0.71928436 0.51245695 0.7745324 0.55086565
12 3.763131e-05 0.44824108 0.45738506 0.53456885 0.5052585999999999
1 3.7237136e-05 0.38775796 0.48832232 0.46312603 0.527179
1 3.6104982e-05 0.4412317 0.46729177 0.51359624 0.51113087
9 3.5372534e-05 0.9664799000000001 0.5176193 1.0 0.5809233
3 3.4623838e-05 0.069472715 0.7526613 0.71935165 0.9909619000000001
8 3.4388824e-05 0.40666467 0.44216573 0.4703297000000001 0.5507241
1 3.3309454e-05 0.38584656 0.46514186 0.45675959999999993 0.5014770000000001
8 3.3298034e-05 0.038567647000000004 0.15795685 0.31256849999999997 0.9420965
9 3.2854514e-05 0.40738156 0.47791794 0.48192778 0.52939004
2 3.262705e-05 0.43734658 0.42518222 0.5118785 0.47490713
6 3.2573516e-05 0.40018547 0.46663907 0.48271695 0.50524503
7 3.2321826000000004e-05 0.43277007 0.48012576 0.5181786 0.54141235
10 3.1982573999999997e-05 0.45833686 0.44765836 0.5241759 0.5059617999999999
13 3.1242557999999996e-05 0.011113183 0.3135637 0.3805557 1.0
8 3.1162956e-05 0.15872855 0.31994408 0.7207718000000001 0.83540213
8 3.0483645e-05 0.3384708 0.46129152 0.6141053000000001 0.9264332000000001
8 2.8990609999999997e-05 0.41648779999999996 0.43916303 0.47165972 0.47524202
3 2.8942035e-05 0.06781679 0.6538264 0.59880024 0.99647605
10 2.8709263000000002e-05 0.9587711999999999 0.49608126 1.0 0.56714773
10 2.8675621999999997e-05 0.71742684 0.5343648 0.767018 0.5892984
3 2.8190156000000003e-05 0.07485987 0.8028727 0.5137207 0.97952235
6 2.7146455999999998e-05 0.4277681 0.44127423 0.5157907 0.47999585
3 2.6966127e-05 0.07872943 0.74702454 0.42721272 1.0
1 2.6393654000000002e-05 0.7093501999999999 0.52509487 0.7591916 0.5559578000000001
9 2.5923468e-05 0.70797896 0.5480377 0.7618396 0.5780927
12 2.5592552999999998e-05 0.953548 0.49253398 1.0 0.5615142
8 2.5527383e-05 0.7033239 0.32962546 0.9243598 1.0
1 2.5409692e-05 0.4450418 0.49077505 0.51761115 0.53689545
8 2.5362478e-05 0.029620977000000003 0.35545266 0.26476875 0.96187973
3 2.5352887e-05 0.16657571 0.4801464 0.5299963000000001 0.9710886999999999
2 2.5115754000000002e-05 0.39715052 0.47959504 0.48588400000000004 0.52998424
8 2.5008332e-05 0.89003503 0.48831218 0.96552396 0.6251055
9 2.4636936e-05 0.4556309 0.46495312 0.5400062 0.5090975000000001
11 2.4498591e-05 0.95125306 0.5338214 0.992152 0.5913776999999999
9 2.4386122999999996e-05 0.9746252000000001 0.54135627 1.0 0.61380786
8 2.4202527e-05 0.6246550999999999 0.33380964 0.8961695 0.8688386999999999
9 2.4188506000000004e-05 0.42586982 0.46727347 0.46170053 0.577505
13 2.399065e-05 0.64157706 0.48979324 0.6894281 0.5306954
12 2.3707662e-05 0.41465285 0.45731187 0.48192754 0.49966222
7 2.3614013e-05 0.38274768 0.48507659999999997 0.46349028 0.5447848000000001
1 2.348111e-05 0.93204963 0.5482997 0.9882695 0.57839614
5 2.2973483e-05 0.41277337 0.49337456 0.5338079000000001 0.53968805
7 2.2413828e-05 0.43482134 0.43292633 0.50004786 0.48322582
11 2.2384229e-05 0.4191684 0.45861409999999997 0.45560122 0.5096523000000001
13 2.2167199999999997e-05 0.63266015 0.43532684 0.9397327 1.0
4 2.1705214999999998e-05 0.6994164 0.5423968000000001 0.7607493000000001 0.5810531999999999
13 2.1640095000000003e-05 0.67693686 0.54988503 0.7271279 0.5790731
4 2.1423077e-05 0.46936885 0.44983393 0.52758014 0.5115874
7 2.1129596e-05 0.44382253 0.4554172 0.5253123000000001 0.5099745
12 2.0894013e-05 0.96294075 0.50562847 1.0 0.59978485
12 2.0707399e-05 0.956011 0.50391656 1.0 0.54751456
11 2.0321511000000002e-05 0.47464046 0.47684988 0.52849114 0.54169387
13 2.0282194e-05 0.0 0.5347674 0.46458465 1.0
10 1.9553385e-05 0.40576047 0.46005845 0.47482824 0.5015647
6 1.8910154e-05 0.70199835 0.52151966 0.7748933000000001 0.55481243
5 1.8850436e-05 0.93237793 0.52422297 0.99785864 0.56334144
8 1.8621773e-05 0.55697864 0.7101761999999999 0.87095153 1.0
13 1.8600987e-05 0.0 0.7388551 0.4106397 1.0
13 1.8464303e-05 0.12172878 0.29004556 0.49874386 1.0
12 1.8396696999999998e-05 0.42917609999999995 0.45314687 0.46765515 0.5649702
10 1.758995e-05 0.4563574000000001 0.42933372 0.50576663 0.4765447
3 1.6727814e-05 0.88626343 0.51519454 0.94715583 0.56492114
12 1.6636157e-05 0.9518912 0.53081846 1.0 0.5736272
8 1.593054e-05 0.01651754 0.018530589 0.04065088 0.055757664000000005
4 1.5744252e-05 0.45413584 0.43230078 0.50406426 0.47519759999999994
9 1.5595101999999998e-05 0.40795696 0.4613585 0.47618803 0.50619847
4 1.5149982e-05 0.7062494 0.51579374 0.7520787 0.55565876
3 1.5060326e-05 0.40638065 0.43076676 0.53179556 0.5349392
8 1.4945634e-05 0.024380641 0.5733598000000001 0.22367439 0.97476643
4 1.4936723e-05 0.96965444 0.5134384 1.0 0.630827
4 1.4862538e-05 0.40876317 0.46842609999999996 0.47148988 0.5388674
12 1.4784206e-05 0.7087703000000001 0.51723635 0.77765566 0.551373
4 1.4642695000000001e-05 0.9589018 0.5305135999999999 1.0 0.59040076
13 1.4599173e-05 0.0 0.0 0.31572536 0.9945440999999999
7 1.4467826e-05 0.40995228 0.45014396 0.46615730000000005 0.5917389000000001
13 1.4171385e-05 0.29595813 0.38024312 0.66549397 1.0
8 1.3932933e-05 0.60983884 0.12527515 0.8939486999999999 0.77100545
13 1.3771083000000001e-05 0.006090993 0.6635308000000001 0.5663626 1.0
8 1.3444379999999998e-05 0.19329172 0.23133935 0.59215087 0.90768373
5 1.3434612999999999e-05 0.41716728 0.4484369000000001 0.49752846 0.47779837
8 1.3398062e-05 0.33852297 0.21241899 0.64589095 0.94482666
11 1.3103073999999999e-05 0.9530575000000001 0.516324 0.98623806 0.56299686
13 1.2585002e-05 0.49877587 0.35671112 0.90378594 1.0
3 1.25197985e-05 0.083118334 0.27128524 0.45807636 0.99343204
3 1.2450407e-05 0.4208423 0.44075766 0.47908428 0.47989127
8 1.2378717999999998e-05 0.55553234 0.43491024 0.8503987 0.96829957
8 1.20076775e-05 0.7616175000000001 0.48674023 0.91245437 0.9929068000000001
8 1.1518598500000001e-05 0.010694283 0.01284131 0.041484848 0.049576998
7 1.1378272e-05 0.3939568 0.45838493 0.46922759999999997 0.5138020000000001
12 1.118979e-05 0.41404504 0.47595537 0.4874482 0.52091885
5 1.1172005999999999e-05 0.37089342 0.4746901 0.47342342 0.5084036
