3 0.98790586 0.3539752 0.51818514 0.4709138 0.7420826
8 0.80723304 0.46237427 0.56333697 0.5277683000000001 0.6973329
3 0.35878340000000003 0.46965748 0.54724836 0.5275395 0.6959329000000001
8 0.22640288 0.37085490000000004 0.50658286 0.4877537 0.7542449000000001
3 0.044919223 0.48122805 0.5497732 0.54004925 0.67948276
8 0.040966425 0.48294127 0.58219 0.5408273 0.68940276
8 0.03604777 0.45973580000000003 0.5504536999999999 0.52676666 0.6207336999999999
3 0.022348791 0.47146732 0.54576397 0.5269615 0.61103183
8 0.020176867 0.41391686 0.50326335 0.5516068000000001 0.7336554
3 0.01500801 0.49678308 0.5568579 0.5354691 0.6895633000000001
13 0.011423487 0.45358643 0.6015556 0.55114645 0.6799466
13 0.008279531 0.35653490000000004 0.5488211999999999 0.5367824000000001 0.75783473
2 0.0072122877 0.47968757 0.5623267 0.55960286 0.63451564
7 0.006197772 0.44882703 0.5910928000000001 0.5433815 0.7026824
8 0.004935118 0.95896685 0.6368189999999999 0.9902585999999999 0.7138483
13 0.0048862244 0.47782245 0.56663126 0.5453895999999999 0.6726043
1 0.004744877 0.27770403 0.56204283 0.4355552 0.7170625
13 0.0044921357 0.45665056 0.58794606 0.52251285 0.6991021
13 0.0038519937 0.33902577 0.6068259 0.5103219 0.77492106
8 0.0035577524 0.5078494 0.5877411 0.5540666 0.6859893
3 0.0034062646 0.43632358 0.5314585999999999 0.5442339 0.7129854
13 0.0033974296 0.30245686 0.5940436 0.47787952 0.73930097
13 0.0032724855 0.44225228 0.5628694000000001 0.5445452 0.660612
11 0.0031471446000000004 0.47863424 0.6063987 0.5379472 0.71585596
9 0.0030379095000000003 0.47035509999999997 0.54991895 0.5367257 0.65821147
9 0.0030328082 0.45866883 0.56973517 0.5601522 0.64935464
4 0.003030299 0.47150958 0.5794925 0.54211855 0.711037
11 0.002991778 0.46592367 0.5619561 0.512057 0.7441803000000001
13 0.0029342542 0.3734909 0.51540685 0.5125739 0.8207441999999999
7 0.0028952067 0.27113163 0.5058699999999999 0.46447432 0.7732725
13 0.0027228205 0.47606745 0.53754973 0.52052075 0.70649695
5 0.002721675 0.24331982 0.53624105 0.48158598 0.7157746
9 0.0027079158000000002 0.36852540000000006 0.55067503 0.56707174 0.7139773
11 0.0026881755 0.46966648 0.5429164000000001 0.50692296 0.6968148000000001
11 0.0026701887 0.3275066 0.51333153 0.4223209 0.7127986999999999
7 0.0026447012 0.46426067 0.55065036 0.5510253 0.6611689000000001
2 0.0026307881 0.45843315 0.5972089 0.55434227 0.6799360999999999
13 0.0024885503 0.47721523 0.59726954 0.54616493 0.70850766
9 0.0024684225 0.32303372 0.4996359 0.46579364 0.6748474
8 0.0024495514 0.45762005 0.5147728 0.57338834 0.7311026999999999
13 0.0022872887 0.46341687 0.5444876000000001 0.5337599000000001 0.67827815
2 0.0022303693 0.47748715 0.5355291 0.53836125 0.65701205
9 0.002212959 0.3866288 0.47329912 0.49701409999999996 0.7167084
10 0.002151204 0.45942828 0.5885431 0.54399395 0.6866451
7 0.0021471765 0.33347908 0.51268643 0.5520079000000001 0.79130495
11 0.0021422172 0.48308617 0.56575954 0.5311130999999999 0.7433515
5 0.0021337732 0.4264571 0.6181866 0.5617278 0.68874496
9 0.0020901759 0.33886904 0.548149 0.5084942 0.7216783
5 0.002089244 0.2724796 0.5586802 0.5105685999999999 0.7572581
9 0.0020872348 0.46049604 0.5879955 0.56164986 0.6796298000000001
12 0.0020429674 0.4729253 0.5960455 0.55750334 0.6786945
5 0.0019749654 0.43393729999999997 0.59260684 0.5245502 0.70649254
13 0.0019541313 0.47921848 0.6150945 0.55811083 0.6819954
13 0.0019251085999999998 0.46456775 0.5453214 0.50833654 0.7085825
1 0.0018987092999999998 0.31649157 0.55012035 0.47172633 0.74081564
13 0.0018972454999999998 0.40089652 0.5562812 0.5749164999999999 0.72643334
9 0.0018816292000000002 0.4587335 0.5447387 0.5168470000000001 0.6709575
6 0.0018695475 0.46263078 0.60201526 0.5587943 0.6875665
7 0.0018674313 0.46115518 0.5579276 0.53353745 0.7256446999999999
2 0.0018556967000000002 0.4911755 0.54962313 0.55112827 0.6704259
2 0.0018484512 0.47102147 0.57068247 0.5354479 0.6965071999999999
5 0.0018326154999999998 0.42936435 0.5723883000000001 0.5315061 0.6603659000000001
9 0.0017795009 0.48237374 0.5377765 0.52055895 0.68214387
4 0.0017544264999999999 0.41024166 0.5109246000000001 0.5756658 0.7869592
1 0.0016949965 0.44478735 0.5647568000000001 0.5106318 0.67859095
3 0.0016920029 0.96422076 0.6410095 0.9906577 0.7101360999999999
12 0.0016616952 0.47350374 0.5675899 0.55889463 0.6458866999999999
2 0.0016405196 0.37449664 0.500961 0.5471113000000001 0.7062941
1 0.0016198638 0.37560895 0.5926585999999999 0.5323759 0.76517856
4 0.00158214 0.48172873 0.5671177 0.5465941999999999 0.65809554
2 0.0015429538 0.31024009999999996 0.49160856 0.51103026 0.65109766
11 0.0014812529999999999 0.48659194 0.54974455 0.526772 0.6910888000000001
13 0.0014740983 0.36620992 0.59153134 0.47859013 0.84492743
10 0.0014654663 0.458647 0.5559125 0.5368531 0.63388383
6 0.0014621349 0.28443184 0.5184634 0.46592233 0.72302186
7 0.0014143216 0.35877020000000004 0.39201853 0.5103183 0.8050475
7 0.0013996229999999998 0.44888878 0.5238205 0.51680195 0.70618576
13 0.0013885223000000002 0.95422757 0.6567506999999999 0.9945767 0.7142918
13 0.0013723247 0.4548354 0.54617566 0.51922375 0.6141698
1 0.001364491 0.4567645 0.5832485 0.53204286 0.652799
11 0.0013554004 0.35847986 0.5198949 0.47900736 0.7636775
6 0.0013328203 0.46586698 0.5691669 0.5498784000000001 0.65759546
9 0.0013324997 0.35485029999999995 0.494867 0.5163036 0.681074
12 0.0012795562 0.35527706 0.42010418 0.49252218 0.6908669
11 0.0012777628 0.4927903 0.5184134 0.51809555 0.7014981
5 0.0012608299 0.45075646 0.6053101 0.54134774 0.7159871999999999
2 0.0012117821 0.4835109 0.55306524 0.5220688 0.7146920999999999
4 0.0011708493 0.48033509999999996 0.5422682 0.5367616 0.6871824000000001
9 0.0011529641999999999 0.49228123 0.5595219 0.55318713 0.65612614
12 0.001113693 0.48227704 0.5409379 0.5210935999999999 0.6898135999999999
5 0.0011083638999999999 0.32564828 0.5838161999999999 0.5729604 0.7803656999999999
12 0.0010960989 0.47176784 0.54982364 0.53907984 0.6703389
1 0.0010725283 0.35043459999999993 0.49826765 0.49016988 0.69761926
7 0.0010471478 0.43587205 0.5520024 0.53419673 0.67259705
11 0.0010392468 0.41595495 0.48770020000000003 0.53877765 0.76012677
12 0.0010330844 0.32353568 0.50799453 0.4914024 0.672521
11 0.0010214760000000001 0.47456044 0.5019248 0.50111276 0.71513134
1 0.0010081499000000002 0.43076637 0.5778568000000001 0.5124149 0.65162325
9 0.001006306 0.46985790000000005 0.5758367 0.5397434 0.69801474
7 0.0009776055 0.47857330000000003 0.50791043 0.5176453 0.7317441
11 0.0009728874400000001 0.46576345 0.6013255 0.51998097 0.7143278000000001
7 0.00095329963 0.32449029999999995 0.47946279999999997 0.5131032 0.74188364
2 0.0009504991000000001 0.32175693 0.5245829000000001 0.52148235 0.7022908
6 0.0009292896 0.30013213 0.55132586 0.5242504 0.76591474
5 0.0009209917599999999 0.44619033 0.5811974 0.5482382 0.6707069999999999
12 0.00091750256 0.35882315 0.5188651 0.5683483 0.72326356
13 0.0009151919000000001 0.3146105 0.53454155 0.49685583 0.74826187
6 0.0009151357000000001 0.45397902 0.59410846 0.5308691 0.71394765
1 0.0009089425 0.44773100000000005 0.6005699999999999 0.5139303 0.72227556
7 0.00090426125 0.28091859999999996 0.58335525 0.5111308 0.8302673
10 0.0008901352000000001 0.47667408 0.55037206 0.5323639 0.70533335
10 0.0008798252000000001 0.49010476 0.49049976 0.5178079000000001 0.68021166
12 0.0008696918400000001 0.47186999999999996 0.58342075 0.53974706 0.6986087
6 0.0008638761 0.44957906 0.54518723 0.52930474 0.67724997
4 0.00086354226 0.34265396 0.5211597 0.51924634 0.7646536
5 0.0008531888 0.42444912 0.5896784 0.56041366 0.64368373
1 0.00077944587 0.46447036 0.5694094 0.52903795 0.68234766
10 0.00076969276 0.47613326 0.5190395000000001 0.52853525 0.654288
1 0.0007644885000000001 0.46545905 0.61943066 0.54058594 0.69689465
2 0.00074363395 0.3621011 0.5262956 0.50026 0.775776
5 0.0007435255 0.46983436 0.5876313 0.5282352 0.7109854999999999
1 0.0007187797 0.4758269 0.5577085 0.5198254 0.6981066999999999
5 0.0007176233999999999 0.33639064 0.61194295 0.4770765 0.86966324
1 0.0007130753 0.4853037 0.5780089 0.54299396 0.67350584
4 0.00071288075 0.4860215 0.5213937 0.52218664 0.70192826
2 0.00070903404 0.48610264 0.5159635 0.52227825 0.6797873000000001
11 0.0006977913400000001 0.49067655 0.5390975 0.5210361 0.76459813
11 0.00068279513 0.35725734 0.41346753 0.44018605 0.7893441
1 0.00067606114 0.34423864 0.61215895 0.47133297 0.8637555
13 0.0006758021 0.35499576 0.5616455 0.45755193 0.67674613
9 0.00066955143 0.40921444 0.49776040000000005 0.5250314 0.71455884
9 0.0006671139 0.46028328 0.5710649999999999 0.5198003 0.70440215
13 0.00066179427 0.9553031999999999 0.63918245 0.99511695 0.7460273000000001
5 0.0006456555 0.45554390000000006 0.5733978 0.5098849 0.69068617
5 0.00064082816 0.46970340000000005 0.6099857 0.52292013 0.7612542
10 0.0006368815 0.4618244000000001 0.57085 0.5224128 0.7177015
11 0.0006323459 0.48239335 0.58054835 0.53100395 0.66943574
7 0.00063174596 0.30558026 0.53118175 0.5043697 0.91241556
11 0.0005987615 0.50395876 0.54470557 0.54449004 0.6765654999999999
13 0.00059827825 0.46896833 0.5391434 0.5346449000000001 0.6118551999999999
10 0.00059601275 0.48923138 0.5207577 0.52106255 0.740114
4 0.0005845565499999999 0.46337280000000003 0.54604775 0.5194944 0.6870181
13 0.00058340863 0.33884516 0.6314889 0.45183197 0.8382652
4 0.00057936925 0.5022435000000001 0.5392304 0.54785955 0.6796186
9 0.0005773465400000001 0.48013678 0.5809504 0.5214292 0.73047394
3 0.00057627005 0.3792689 0.5183116 0.48272726 0.6298793
2 0.000568326 0.34175327 0.5743512 0.5388838 0.7485663
11 0.00056034344 0.46308902 0.5748496 0.51036155 0.67328876
5 0.0005549643 0.30906740000000005 0.54212165 0.45968196 0.7868738000000001
3 0.00054978905 0.46819502 0.5271001000000001 0.56722754 0.7086031999999999
10 0.0005391762 0.45900749999999996 0.5343412 0.5156771 0.6621441
1 0.0005361816 0.37431240000000005 0.5320133 0.50645494 0.7453468000000001
11 0.00052989775 0.39139822 0.42765597 0.48474476 0.9020514999999999
10 0.0005265138 0.49903405 0.5235626 0.5465366999999999 0.6584791999999999
5 0.0005220101 0.35557002 0.58510166 0.51951396 0.86208516
2 0.0005016940400000001 0.48528627 0.5776335 0.5509486 0.7033545999999999
9 0.0005009797 0.38130194 0.59490895 0.47897303 0.8281556000000001
4 0.0004965075 0.33033988 0.4945567 0.47479436 0.7049397
9 0.00049179624 0.38930824 0.55510485 0.50397605 0.7677286
1 0.0004902106 0.32571575 0.5958083000000001 0.4967585 0.7691496
2 0.00047521052000000004 0.46540663 0.5271406 0.5397264 0.5980505
3 0.0004652446 0.47155747 0.5869238 0.52950996 0.72604656
8 0.00046407405 0.46488196 0.6024159 0.51677793 0.7068842
12 0.00045177366999999996 0.33338258 0.4464769 0.53313625 0.6398126999999999
12 0.00045153958 0.47035116 0.5121735 0.5078642 0.68289655
9 0.00044794963 0.35445794 0.5193416000000001 0.44156179999999995 0.7620084
7 0.00044697477 0.30232146 0.45966724 0.4545298 0.84708565
1 0.0004398973 0.46942493 0.5994982 0.5338849 0.7279036
13 0.00043221127 0.49211866 0.59129095 0.5306736999999999 0.73826677
13 0.00041884919999999996 0.34918892 0.59157443 0.4663179 0.6917398
4 0.00041334087 0.45745006 0.569372 0.51921326 0.7265576
11 0.00041259837 0.37835613 0.53510076 0.51723474 0.8221843000000001
2 0.000410616 0.42242494 0.47952345 0.58908606 0.6932294
8 0.00040187629999999995 0.37209457 0.54418445 0.45151937 0.69564635
9 0.00038048633999999997 0.46620992 0.5496015999999999 0.5253736999999999 0.61716294
11 0.00037257367999999995 0.42400354 0.39220095 0.5012133 0.715284
6 0.00036844303 0.33964974 0.5872393 0.51434547 0.8627501000000001
9 0.00036779921999999997 0.46572465 0.53273416 0.5015194000000001 0.70074373
9 0.0003544048 0.43067 0.51036066 0.5897059 0.68711805
4 0.00034959274 0.4138522 0.42701890000000003 0.5260047 0.7389673000000001
2 0.00034135617999999995 0.3685879 0.4434036 0.55241585 0.6198659000000001
11 0.00033986286 0.5018505999999999 0.56221986 0.5476649 0.7282625
1 0.0003313603 0.44025317 0.61782336 0.5182555 0.69331175
5 0.00032810637000000003 0.3049485 0.59835213 0.43178707 0.8553204
10 0.00032781926 0.5015862 0.5511215 0.552341 0.7004904000000001
1 0.00031115455000000003 0.44722587 0.54878694 0.5122477 0.6052626
4 0.00030412382000000003 0.37771207 0.53919566 0.49964672 0.8577044
11 0.00029177897 0.41227642 0.4396415 0.49872574 0.8268562
5 0.0002889445 0.29635406 0.5384916999999999 0.5144154000000001 0.6842852
12 0.00028747856 0.39020595 0.54544437 0.48489377 0.664383
8 0.00028397652 0.37041694 0.5683227 0.4313041 0.7208243000000001
9 0.00028260564 0.35967258 0.58466595 0.57339585 0.76826227
13 0.00028252889999999997 0.3696716 0.57640636 0.44505474 0.7141568
1 0.00027774984 0.30576313 0.60432273 0.4330423 0.8316054
1 0.00027563193 0.3805388 0.5670331000000001 0.46103755 0.66040045
4 0.00027479636000000003 0.38909575 0.47576377 0.5266930000000001 0.67170256
1 0.0002744864 0.38175488 0.5333326 0.5583437 0.7112590999999999
7 0.00026360332 0.46241415 0.50313145 0.50289106 0.73647326
13 0.00025562386000000005 0.43515182 0.5877020000000001 0.5921943000000001 0.74436074
10 0.0002527798 0.39920342 0.34961197 0.499771 0.75097156
4 0.00025001896000000003 0.50411433 0.59244186 0.5546314 0.7010964
10 0.00024897767999999994 0.47283354 0.5204108000000001 0.5047897 0.68263817
2 0.00024632047000000003 0.9466209000000001 0.63494885 1.0 0.7171771
3 0.00024604963 0.36411977 0.5499094 0.44456482 0.7283683000000001
6 0.00024554145 0.37820432 0.56125736 0.46822962 0.66476315
4 0.00024273093999999999 0.40835798 0.4987463 0.5269715 0.85083354
6 0.00024197306 0.29666355 0.48739833 0.521616 0.68576044
6 0.00024017801 0.47435638 0.58790374 0.5327609999999999 0.742807
11 0.00023140026 0.5019983 0.6029713000000001 0.5567831 0.70243394
12 0.00023112661 0.4596123 0.52790225 0.53114885 0.6024539000000001
1 0.00023042742 0.28888595 0.57242125 0.41724459999999997 0.76891553
7 0.00022517715 0.44916728 0.52923334 0.5304151999999999 0.62437785
5 0.00022500074000000002 0.45390365 0.59138715 0.50755703 0.74504393
12 0.00022333514 0.3353657 0.46272632 0.46616578 0.7176145
10 0.00022332644 0.3073028 0.4874327 0.47043440000000003 0.7077164
11 0.00022274028999999998 0.38786274 0.48850107 0.47722316 0.6884256999999999
12 0.0002165119 0.38272017 0.46157455 0.5139139 0.7367362
1 0.00021172942000000002 0.48525542 0.60564935 0.55067176 0.71380854
8 0.00020575375 0.47738826 0.5531403 0.5147729999999999 0.7244026
13 0.00020527763999999998 0.30790052 0.63567007 0.47953048 0.7622812
11 0.00018897405 0.44025445 0.4582093 0.5645646 0.73453903
10 0.00018892883 0.39909685 0.47915033 0.5487215 0.75230706
6 0.00018796083 0.32498459999999996 0.5907236 0.5763282 0.79074556
9 0.00018649253 0.4927201 0.59189945 0.55904895 0.6936694
12 0.00018440883999999998 0.4934715 0.6033494 0.5674186 0.6714952
11 0.0001821984 0.44294953 0.37355122 0.5216409000000001 0.76626045
4 0.00017847873 0.39306813 0.5423680000000001 0.47299314 0.6534091
10 0.00017517558 0.37529737 0.54419243 0.45403862 0.6519647
8 0.0001738651 0.9541175 0.67389596 0.9862879999999999 0.745071
11 0.00017379347 0.37748000000000004 0.43317243 0.4507915 0.7346675
4 0.00017337034 0.42674026 0.47264376 0.56634134 0.67216617
8 0.0001693914 0.45102623 0.53765756 0.5131095999999999 0.61784494
9 0.00016333438 0.42714626 0.5447382 0.6076017 0.7268583000000001
10 0.00016168148 0.4983317 0.5916161999999999 0.562591 0.68395525
13 0.00016105315 0.45298678 0.5414787 0.51170665 0.65208155
9 0.00015994483 0.36904114 0.5445473000000001 0.46167618 0.784772
2 0.00015707024 0.39506727 0.39671740000000005 0.5143982 0.74776596
6 0.00015511735 0.36074507 0.59234434 0.45688498 0.6993531999999999
1 0.00015325073 0.26594028 0.49764448 0.43457356 0.6502763
6 0.000153002 0.34840512 0.523559 0.5992937 0.69162136
10 0.00015278877000000001 0.36184844 0.5476270000000001 0.5197384 0.8092535
3 0.0001511963 0.5152194 0.5867631999999999 0.5565333 0.6915251
2 0.00014900633999999997 0.5006363 0.5727451 0.5405875 0.71230185
10 0.00014899691 0.33087316 0.5127577999999999 0.5049376 0.7501698
1 0.0001471825 0.4868598 0.62259835 0.552214 0.68731266
7 0.00014668082 0.93905574 0.63655514 0.9977326999999999 0.7247812
12 0.00014637652 0.3636041 0.52862966 0.5110705 0.7861048
11 0.00014329008 0.9621822 0.6376436 0.98995143 0.7276161999999999
13 0.00013809083999999998 0.42898923 0.58886176 0.54051113 0.82051045
2 0.00013765578 0.48534620000000006 0.53089094 0.5519844 0.6045308
11 0.00013730547 0.33377916 0.36848497 0.43053865 0.83012164
13 0.00013588334999999998 0.44891378 0.5537294 0.55651736 0.79659826
2 0.00013497518 0.47252157 0.50354505 0.51325905 0.64245784
2 0.00012897425 0.3381868 0.42005995 0.47693384 0.69283026
10 0.00012780278999999998 0.3428902 0.44863468 0.4986331 0.67810017
10 0.0001263805 0.4317068 0.34485778 0.52316153 0.76859695
5 0.00012505893 0.36209923 0.56701136 0.58533645 0.7246019
2 0.00012022041000000001 0.38415864 0.5568819 0.4767221 0.65218353
11 0.00012000610000000001 0.47768 0.5317619 0.51819116 0.6186089
9 0.000119607445 0.48640609999999995 0.5494983 0.54570305 0.6124550999999999
1 0.000116489435 0.45645732 0.5890829000000001 0.4999978 0.7286325
12 0.00011382750400000001 0.39311767 0.57317644 0.44831347 0.73267627
12 0.00011361948399999999 0.38362697 0.58834416 0.47224852 0.6982741
10 0.00011074728000000001 0.39581394 0.42463988 0.53464884 0.6636683000000001
6 0.0001096516 0.31048542 0.6028038 0.47839105 0.8355915999999999
7 0.00010943030000000001 0.35449317 0.60236424 0.4428316 0.7139888000000001
11 0.00010932093 0.5053447 0.5311151 0.5349632 0.773471
2 0.000108617474 0.4701291 0.54701805 0.5113429 0.6913236
12 0.00010769492 0.40453956 0.5862776 0.4590102 0.72493106
11 0.00010665768999999999 0.4270677 0.44665232 0.5375979999999999 0.66736734
10 0.00010549995000000001 0.38539103 0.48063900000000004 0.51470053 0.86158395
1 0.000104813465 0.94973767 0.6604196999999999 0.9874736 0.7142829
6 0.00010384925600000001 0.33494484 0.43098524 0.5456584 0.72448605
8 0.000103417835 0.45323074 0.57531327 0.5127101 0.7096229000000001
7 0.000102551545 0.37691122 0.5554028 0.4709946 0.6744003000000001
10 9.553017e-05 0.50890636 0.5412931 0.53906083 0.73640245
13 9.329642e-05 0.36785758 0.5445528000000001 0.43729335 0.6874146
10 9.308318000000002e-05 0.47405455 0.5582345000000001 0.50798124 0.7467553000000001
13 9.2915725e-05 0.40381622 0.5669314000000001 0.45874659999999995 0.7326946999999999
12 9.208183e-05 0.4009012 0.49777886 0.60237646 0.6732325
9 9.070232e-05 0.33782712 0.5296029999999999 0.42575577 0.79596543
13 9.0632646e-05 0.36693448 0.5369923000000001 0.452762 0.62235963
9 9.039187e-05 0.37692446 0.5645345 0.48865378 0.65819836
6 9.009876500000001e-05 0.9512289 0.6661744 0.99366766 0.72799295
6 9.000924000000002e-05 0.34121478 0.57332414 0.6255098000000001 0.7354712
6 8.970444499999999e-05 0.30975506 0.4741501 0.47964564 0.78659683
4 8.9511384e-05 0.47534892 0.5393161999999999 0.52634037 0.614345
5 8.767717399999999e-05 0.43166468 0.5561524 0.52538395 0.606187
2 8.668066e-05 0.95145935 0.60834414 1.0 0.7518649000000001
13 8.573331e-05 0.3775812 0.49662638 0.46388426 0.89318806
5 8.537787e-05 0.3433799 0.55119604 0.49837792 0.8079546999999999
8 8.494656e-05 0.66687423 0.24828762 0.93592936 0.92048293
5 8.169776999999999e-05 0.3630485 0.5686380999999999 0.43710184 0.7305769
1 8.160571e-05 0.4435378 0.5314108000000001 0.5052879 0.6195213
9 8.1519414e-05 0.34912443 0.5973474 0.43546212 0.8351904
6 8.075928000000001e-05 0.44132143 0.5420291 0.54339975 0.6156526
8 7.543064999999999e-05 0.35366243 0.44788888 0.45516652 0.78612036
4 7.5163094e-05 0.37830290000000005 0.56821936 0.45430020000000004 0.70153236
1 7.466270999999999e-05 0.37859008 0.58715904 0.43840423 0.72189397
8 7.4180956e-05 0.96041816 0.61595595 0.9899965000000001 0.6975333
