8 0.90795517 0.53199095 0.15462056 0.8860269000000001 0.8734323
3 0.7592619 0.525253 0.06994779 0.7268203000000001 0.22167636
3 0.52109104 0.4772567 0.11341717 0.8713124 0.8499610999999999
8 0.38476297 0.48629892 0.20937455 0.844908 0.606672
8 0.24971728 0.4618175 0.13439065 0.7939136 0.44656295
8 0.12002335 0.38695648 0.09394725 0.81393194 0.8093312
3 0.09981849999999999 0.5210997 0.15517507 0.8787918 0.6093563
3 0.08336057 0.5170731 0.0848388 0.8459994000000001 0.48844427
8 0.08303153 0.48045325 0.21853907 0.7953626 0.8645546000000001
8 0.05003734 0.7397388 0.111961246 0.80311835 0.16590522
8 0.032838772999999995 0.060256243 0.15877454 0.21703809999999998 0.70224607
3 0.028652284 0.4884569 0.07993895 0.8095840999999999 0.3658201
3 0.026106373999999998 0.09948741 0.16325185 0.17838569 0.22613083
3 0.018808978 0.06793057 0.102765545 0.20565179 0.61393845
3 0.018583419 0.7405123 0.10016705 0.8017687 0.17788199
8 0.016895887 0.5491852 0.42188954 0.84328836 0.81065834
8 0.016726946 0.5193896 0.09903482 0.7164829 0.22686124
13 0.012873643999999998 0.10226248 0.15293312 0.19345765 0.23290595
8 0.012872036000000002 0.10663387 0.16756746 0.17009923 0.22214879
8 0.00807985 0.5086265 0.29801852 0.84767956 0.7202633
3 0.008025019 0.47676260000000004 0.10307794 0.6225335 0.22926722
13 0.0074657740000000005 0.5113259 0.23520175 0.94981974 0.5212792
13 0.007059182 0.35405177 0.17646222 0.82462686 0.9221245000000001
5 0.0056128884 0.21284366 0.22287299 0.76329696 0.80672884
3 0.005294102199999999 0.51048315 0.114784576 0.5735843 0.21430439999999998
1 0.004647961 0.15578889999999998 0.114553615 0.7198356 0.7567354000000001
8 0.0045269146 0.023451157 0.19702979999999998 0.20349449 0.83958715
13 0.0044849706 0.4027509 0.2031069 0.85681635 0.51533645
12 0.004304377 0.5056828 0.15525901 0.93871224 0.44963786
8 0.0042966357 0.5023085 0.1307672 0.5656904 0.19331777
9 0.004131214 0.5096603 0.19276255 0.87723607 0.46330103
8 0.003703558 0.46087047 0.11067188 0.6225312 0.22876813
13 0.003174115 0.05315557 0.038565483 0.22357252 0.7097690999999999
13 0.0030461452 0.49322724 0.08506901 0.7115185 0.23968655
9 0.0030019956 0.5693158 0.22245084 0.96866465 0.48274645
9 0.0028550065999999995 0.33613175 0.095508225 0.84724396 0.6406238000000001
13 0.0027248801000000003 0.7340215 0.114439175 0.8068474 0.15977998
13 0.002700363 0.44113162 0.29945186 1.0 0.82351536
13 0.0026504541999999996 0.55981094 0.010445001 0.95323116 0.8114674
9 0.0025179957 0.5050515999999999 0.08036266 0.9239203000000001 0.6844329
9 0.0024246633999999998 0.5107527000000001 0.06758547 0.8037039 0.59504163
1 0.0023807313 0.0 0.099233605 0.75146455 0.59167355
9 0.0023263570000000003 0.5208273 0.11393763 0.83615375 0.36680046
9 0.0022585762 0.40522763 0.08532493599999999 0.767452 0.8501405000000001
8 0.0021378656 0.12001921 0.18975048 0.38561523 0.7534987
13 0.0021358144 0.38659066 0.06440414 0.7997032 0.44169584
2 0.0020420845 0.48352242 0.16941631 0.89412034 0.46153890000000003
9 0.0020378067000000003 0.62129736 0.06893857 0.94812334 0.5498964
5 0.001979579 0.35633397 0.22638941 0.8506355 0.41753784
1 0.0018516831 0.4087518 0.2508511 0.79816693 0.48227936
8 0.0018263753 0.38505465 0.11524141 0.7096986 0.34387829999999997
9 0.0018255225 0.50365317 0.24091554 1.0 0.85517794
7 0.0017696163 0.18614215 0.0 0.7551386 1.0
7 0.0017429942000000002 0.5004352 0.15721156 0.8388186 0.5291570999999999
13 0.0016995110000000001 0.013018906 0.094540425 0.20962639 0.99947894
5 0.0016792002 0.0 0.2186638 0.84280753 0.5787081000000001
1 0.0016092970000000002 0.36004835 0.15412547 0.7815885 0.3557667
6 0.0016011960999999999 0.23754123 0.15600759 0.82006884 0.81379455
4 0.0015678916 0.52218974 0.17665325 0.87967646 0.49418777
2 0.0015593815 0.10542955 0.16481832 0.19988066 0.22909956
8 0.0015571901999999998 0.35867244 0.14676103 0.6893013000000001 0.84822893
11 0.0015532457999999998 0.38425454 0.0019029548000000002 0.6589191999999999 0.9269453999999999
3 0.0015332847 0.41658378 0.09493122 0.735031 0.36080343
8 0.0015032756 0.06230387 0.14925519 0.19660255 0.30714324
13 0.0014997601999999998 0.41717204 0.3545938 0.9132931000000001 0.62747943
6 0.001478191 0.47605997 0.24306622 0.8840136999999999 0.51143676
7 0.0014722532 0.08071467 0.07187310599999999 0.83951116 0.78613484
10 0.0014566129999999998 0.45994365 0.17255199 0.8461905999999999 0.43017727
3 0.0014340663 0.03593585 0.113916844 0.19867036 0.8591523999999999
5 0.0013147505 0.3776493 0.176256 0.82470894 0.54713696
2 0.001301232 0.30332604 0.0 0.87690544 0.67338353
12 0.0012712308 0.33407205 0.0 0.90240496 0.70231986
5 0.0012431132 0.35717833 0.29441914 0.7779738 0.9806448
12 0.0012364684 0.6033035 0.23355630000000002 0.9876955 0.49618077
4 0.0012222168 0.5893755 0.19744642 0.9510235999999999 0.5254866
1 0.001213257 0.36190609999999995 0.19292805 0.78421503 0.59246695
13 0.0011956329 0.44737715 0.33409 0.8413925999999999 0.88703984
13 0.0011639164 0.4930319 0.13707888 0.5815053000000001 0.19595855
3 0.0011453776 0.08013463 0.16324057 0.22384256 0.3107259
2 0.0011256025 0.46526718 0.050948367 0.8807148000000001 0.31953475
7 0.0011116655000000001 0.07515429 0.15305437 0.16267498 0.23530845
2 0.0010883656 0.54716676 0.18903355 0.9264994000000001 0.5728226
12 0.0010689888 0.47449399999999997 0.032594346 0.9284657 0.32785067
7 0.0010623594 0.43140072 0.0 0.90332526 0.9704146
13 0.0010167217 0.45149004 0.07788544 0.8767415000000001 0.84259725
1 0.0009633799000000001 0.29701632 0.18359418 0.82437974 0.7170824
2 0.00094121735 0.1993508 0.0 1.0 0.55443066
9 0.0009347644000000001 0.5139162 0.33362728 0.8732931999999999 0.61629534
7 0.0009056313 0.35588673 0.28308102 1.0 1.0
9 0.0008726189 0.60817134 0.16983410000000002 0.9288558000000001 0.9026139000000001
7 0.0008569844 0.5816404000000001 0.21035539 0.9223921 0.56343144
3 0.0008409207000000001 0.51519424 0.099856995 0.58280736 0.19628069
8 0.00083039363 0.7805918000000001 0.14389870000000002 0.9353458 0.8784723
5 0.0008091657000000001 0.20831478 0.18205872 0.936316 0.61957073
6 0.0008020197 0.08199486 0.19682258 0.8396379999999999 0.6425885
5 0.0007862294 0.24533948 0.38352459999999994 1.0 0.8586376
5 0.00078243477 0.35030317 0.14418063 0.83275163 0.32108298
5 0.0007513269000000001 0.023011467999999997 0.24577686 0.22328526 0.62080145
6 0.00074569497 0.48110777 0.3990364 0.88904506 0.6339800999999999
12 0.0007319813 0.18165526 0.0 1.0 0.48056787
2 0.0007316660000000001 0.6134052 0.0 0.92286944 0.8862867
11 0.0006804097 0.47392184 0.0 0.6847909000000001 0.9244188
7 0.00067610166 0.44405824 0.04579341 0.7952642 0.4447121
3 0.0006599257 0.5032552 0.08645106 0.6851291 0.2553303
8 0.00065535394 0.047756627 0.13231488 0.3035323 0.89303917
2 0.0006522747 0.4530272 0.22379555 1.0 0.8482095
1 0.00065211696 0.31780553 0.26866907 0.7054038 0.93375504
1 0.0006516997 0.44349864 0.29523385 0.87343574 0.5132813
9 0.0006313590000000001 0.58510256 0.29396498 0.97852707 0.5555753000000001
8 0.0006137667 0.06276967 0.13522455 0.26002735 0.5208043
7 0.0006130419 0.4574736 0.34448436 0.8494153 0.69298285
5 0.0006125349299999999 0.3078856 0.39488286 0.8668911 0.59849
7 0.0006093776999999999 0.005958751 0.027604774 0.23636103 0.6548369
13 0.0005739848 0.19976348 0.08001344 0.8394353000000001 0.651733
2 0.0005729371 0.44456965 0.046729814 0.8052557 0.70616436
11 0.0005686758999999999 0.53842634 0.09861619999999999 0.7319495 0.7285523
12 0.0005648854 0.5290769000000001 0.29159552 0.95348686 0.6256541999999999
4 0.00056163484 0.53195107 0.30416363 1.0 0.99871325
10 0.0005436866 0.62980235 0.17378981 0.96305406 0.51177895
7 0.0005413040599999999 0.46912265 0.0 0.78970563 0.79894805
6 0.0005405033 0.4153201 0.16070615 0.8904502000000001 0.39178106
13 0.0005404594999999999 0.048487946 0.13668989 0.2028132 0.3358046
1 0.0005383191 0.5301431 0.32461298 0.9321613000000001 0.5417476999999999
1 0.00053102843 0.030665427000000002 0.07084307 0.19729298 0.56457573
8 0.0005293459 0.50809425 0.11422679 0.56531125 0.18163317
11 0.0005252706 0.5427326 0.24636170000000002 0.7408376 0.5262977
2 0.00051516475 0.06189066 0.0 0.258628 0.5526659
13 0.00051370176 0.48938602 0.11027896400000001 0.56470674 0.17472121
4 0.0005098956 0.33903947 0.088374004 0.9034511000000001 0.6606699
3 0.00050738634 0.5568479000000001 0.38930464 0.8992769 0.83379984
2 0.0005036627 0.7430621000000001 0.10545844 0.82233053 0.16834053
10 0.00049595605 0.48288143 0.35009393 0.86430097 0.6331949
6 0.0004918969999999999 0.44894059999999997 0.12852041 0.8720875 0.63701916
1 0.00048593135 0.5179298 0.22852533 0.92184496 0.47485223
1 0.00048362496 0.543813 0.21757284 0.9153326999999999 0.8086905
2 0.00048088351999999997 0.5208874 0.0 0.88597167 0.60867965
13 0.00047949805999999995 0.49465942 0.44157988 0.8819767 0.7439965999999999
10 0.00047878487 0.40550098 0.0 0.83272386 0.8624202
9 0.00047823699999999995 0.08293062400000001 0.057797205 0.23380545 0.6743148
3 0.00046461393 0.52836096 0.28839996 0.6139668 0.36047018
6 0.00046203227 0.54594433 0.29122072 1.0 0.56529796
5 0.00046154612 0.45135242 0.12014467 0.70409185 0.24174891
11 0.00045435817 0.30453768 0.13267107 0.66380644 0.7428501999999999
6 0.00044704405999999993 0.41090918 0.41510020000000003 0.85898817 0.9297484
12 0.00044012044000000004 0.026344039 0.0 0.25959444 0.5391256999999999
5 0.00043050587 0.40748793 0.43303242 0.8755761000000001 0.93156075
7 0.00043044426 0.35472882 0.0 0.69896877 1.0
1 0.0004223197 0.104372025 0.18133323 0.17187220000000003 0.2249585
12 0.00041733879999999996 0.58311003 0.03475108 0.97512895 0.7250649
4 0.00040972242 0.48268756 0.09235945 0.9589658999999999 0.8209764999999999
8 0.00040859843 0.08496487 0.11221154 0.3567243 0.653846
1 0.00038738252 0.08831132 0.17985876 0.1569089 0.21969229
3 0.0003812243 0.35586999999999996 0.12579027 0.73246336 0.89758396
10 0.00038004773999999997 0.54097116 0.18319897 0.9150450000000001 0.46061975
6 0.00037946994 0.022132374 0.13166521 0.23062107 0.6983816999999999
8 0.00037650182 0.18004249 0.20841439 0.4511187 0.8472098
13 0.00036965884 0.0 0.111850016 0.22732884 0.6266173
12 0.00035815733 0.39752266 0.17492165 1.0 0.74575746
8 0.00035797790000000003 0.35962683 0.12789068 0.65139216 0.43336959999999997
4 0.00035630612000000004 0.6872744000000001 0.01910997 1.0 0.925177
11 0.00034891127 0.50958854 0.0 0.70984083 1.0
3 0.0003462864 0.07144415 0.20728295 0.21623164 0.36507183
5 0.0003443452 0.42312548 0.30100882 0.9718609 0.530123
5 0.00033909623999999996 0.06742464 0.17660920000000002 0.15680887 0.23143503
7 0.00033654074999999996 0.43965185 0.0 0.7664472 1.0
4 0.00033182726 0.5228483 0.10045972 0.86316293 0.66933626
3 0.00033143087 0.600069 0.24243623 0.788425 0.383876
11 0.00033070036 0.08206807 0.047264244000000004 0.18123595 0.69824827
1 0.00032880114 0.46495563 0.11106243 0.6610318000000001 0.21712886
4 0.00032879144 0.523104 0.32803730000000003 0.8692233 0.6613502
5 0.00032347732000000004 0.49219263 0.22088684 1.0 0.852935
2 0.0003206257 0.07688259 0.12597065 0.26952264 0.28223833
9 0.00031915778999999997 0.7602843 0.11839849 0.82283044 0.16288374
2 0.0003184003 0.43803138 0.0 0.8329603999999999 0.47818512
4 0.00031459137 0.6391049 0.25430208 0.9541156999999999 0.6228795
6 0.0003109618 0.39506656 0.21140307 0.91032296 0.8195360999999999
13 0.00030071416 0.07465421400000001 0.21680199 0.23686594 0.42397390000000007
6 0.00030013078 0.084663704 0.18351422 0.20343088 0.23033626
6 0.0002987107 0.74567515 0.12556040000000002 0.81967086 0.16900304
11 0.0002983514 0.55856544 0.13951777 0.7174651999999999 0.43307787
5 0.00029756888 0.46418878 0.22268511 0.95190966 0.63549095
13 0.00028808557999999995 0.051672295 0.20078576 0.20272072 0.37330604
3 0.00028657482000000003 0.6095741 0.08501845599999999 0.93062615 0.7674017
7 0.00028385926 0.5930303000000001 0.0 0.8991117000000001 0.7711157
1 0.0002822644 0.48346530000000004 0.1869513 0.88516164 0.61691386
8 0.00028131495 0.08081277 0.18669018 0.18971018 0.3639611
11 0.00027076466 0.5492267 0.15278293 0.95173997 1.0
13 0.0002705309 0.45034176 0.10796647 0.62163657 0.26145324
5 0.00026832713 0.45830345 0.3499315 0.9591748999999999 1.0
13 0.00026632214 0.03281483 0.0 0.41086814 0.89847594
4 0.00026356426 0.5306941 0.09946973 0.8721981 0.39102733
2 0.00026039424 0.47593638 0.33627662 0.87454736 0.60439944
8 0.00025991182 0.2534143 0.18105024 0.5372429 0.89595455
12 0.00025943597 0.748989 0.11066469 0.8252461999999999 0.15630431
2 0.000253401 0.5322158 0.27576995 0.86618286 0.99804616
4 0.00025100493999999997 0.64513874 0.07199763 0.98166776 0.70077187
5 0.00024850108 0.09797558 0.18650999999999998 0.87044454 0.47506538
5 0.00024584279999999997 0.45588458 0.22999816 0.95585835 0.45241112
1 0.00024483862 0.33147544 0.06943265 0.77935106 0.27803520000000004
1 0.00024397683999999997 0.4373117 0.39339244 0.8217612 0.6372976
8 0.00024136464 0.4954105 0.114057675 0.6524486999999999 0.24246296
11 0.00023443556 0.49095029999999995 0.137343 0.7624113 0.94984233
11 0.00023218086 0.5510099 0.41030458 0.782338 0.7283341999999999
12 0.00023160097999999998 0.54412186 0.065422595 0.71733713 0.20218097
7 0.00022915132000000002 0.72880334 0.10733393 0.7982771 0.17575069
5 0.00022675352000000004 0.2999622 0.2478835 0.7754270999999999 0.45637974
8 0.00022537376 0.21088912 0.1172296 0.47892255 0.6607674
10 0.00022136968999999997 0.5544564000000001 0.094371915 0.7216911 0.23125494
10 0.00021867004000000002 0.47906340000000003 0.014623858 0.8232491 0.3402199
3 0.00021086686000000002 0.09901624 0.1917529 0.18281299 0.25271955
11 0.00021012289 0.7112406 0.0 0.9366818000000001 0.9752055000000001
4 0.00020920069999999998 0.08842053 0.06483795 0.22082376 0.60500526
11 0.00020899775 0.5971462 0.09577002 0.7748416 0.81651235
4 0.00020692205000000003 0.11666367 0.17295022 0.18794367 0.22744656
8 0.00020631033 0.00036545843 0.28511107 0.16096982 0.7911044
10 0.00020618843999999998 0.28297716 0.0 0.89960426 0.65996736
1 0.00020570657 0.46554300000000004 0.37358835 0.96023977 0.85850686
1 0.00020500811999999997 0.30823758 0.16993582 0.6983676999999999 0.3862791
10 0.00020425598000000002 0.08791852 0.0 0.24015754 0.7627752
10 0.00020251518 0.5208692 0.0 0.8169270000000001 0.5400281
9 0.00019810285 0.54159373 0.22561304 0.87238485 0.99943954
3 0.00019754436999999998 0.14146942 0.19524524 0.4569136 0.76878494
10 0.00019497688000000003 0.49488443 0.022980802 0.78850645 0.7157703000000001
5 0.00019460893 0.0 0.3875734 0.1802334 0.98711276
1 0.00019098645 0.5018745 0.29066420000000004 0.85573524 0.9747761999999999
11 0.00018817815 0.55484307 0.08227861 0.65479994 0.26582012
1 0.00018730543999999997 0.39304176 0.41076252 0.77631927 0.914508
12 0.0001865608 0.42778188 0.0 0.8905117 0.27533573
7 0.00018549721999999998 0.48393723 0.13114412 0.5624678000000001 0.20996165
6 0.00018479778000000003 0.40940678 0.21169989 0.84990466 0.44831046
10 0.00018146318 0.75246644 0.10195714 0.8135259 0.16573405
7 0.00017927468 0.47319192 0.27860840000000003 0.86285645 1.0
6 0.00017699538 0.53517324 0.16494568 0.99201614 0.7039432
3 0.00017687677 0.08449099 0.1313134 0.29221329999999995 0.51482254
10 0.00017618936999999997 0.71180785 0.0 0.9648572 0.80413055
9 0.00017589443999999998 0.47397238 0.19822189 0.77137035 1.0
10 0.00017408273 0.43393058 0.09476764 0.799895 0.3863346
1 0.00017386198 0.49254087 0.37636545 0.9146004999999999 0.59453875
4 0.00017303781000000003 0.7626311 0.11199155 0.8142597 0.17142320000000003
6 0.00016684717 0.4694625 0.11072439999999999 0.76681936 0.23090993
10 0.00016525551 0.5023843 0.29939327 0.8440608 1.0
2 0.00016398025000000002 0.50599265 0.10571995 0.5879234999999999 0.16682278
13 0.00016372421999999998 0.48558336 0.14802976 0.5625765 0.19864777
13 0.00015968963 0.08922808 0.27605113 0.18488373 0.3476125
7 0.00015651541000000002 0.49742165 0.084437616 0.6892991 0.26587415
2 0.00015581302 0.49404046 0.13140012 0.58676463 0.19455029999999998
13 0.00015507873 0.050334103 0.2531469 0.20783982 0.43035462
13 0.00015485317 0.0 0.013858628000000001 0.30723614 0.7744394
8 0.00015422483999999998 0.088230364 0.18790242 0.15047008 0.25160006
13 0.00015322749 0.091379404 0.30305564 0.18875599 0.3724009
11 0.0001531662 0.6872762 0.21892989 0.90955096 0.56802547
8 0.00015233370000000002 0.5019268 0.1433642 0.5595899999999999 0.21133994
2 0.00015105246000000002 0.5092755 0.08931317 0.7138445 0.20942451
10 0.0001492459 0.12729849 0.15903123 0.19828112 0.23925526
9 0.00014763135 0.6819801999999999 0.111282006 1.0 0.6211816
13 0.00014623514 0.3155617 0.07604393 0.69969755 0.41141665
12 0.00014508683000000002 0.44020456 0.0 0.8408440999999999 0.8334434000000001
6 0.00014453578999999999 0.49110365 0.1445757 0.59515536 0.19817871
11 0.0001435392 0.6264454 0.24469852 0.81828797 0.55336726
5 0.00013751183 0.32890690000000006 0.19345008 0.7942387 0.38044024
3 0.00013713876 0.04975258 0.19047892 0.33530706 1.0
9 0.00013712677 0.042962514 0.05862869 0.20645642 0.7868861
10 0.00013494721 0.5424668 0.15859546 1.0 0.95034
1 0.00013299573 0.4437787 0.10476173 0.62043136 0.20304106
11 0.00013284666000000001 0.7636919 0.11814849999999999 0.8011444999999999 0.17555124
12 0.00013240485 0.11214249 0.15422855 0.20471634 0.21460882
6 0.00013066693 0.07769224 0.12765133 0.90646493 0.49506083
6 0.00012863053 0.5422245 0.43802992 0.9485203999999999 0.9935778000000001
10 0.00012756663999999998 0.11576449999999999 0.16851564 0.18439627 0.23390208
5 0.00012714855 0.0 0.3311384 0.23713648 0.8285591
5 0.00012624412 0.0 0.2940316 0.19339809 0.659358
2 0.00012394157 0.45517993 0.26728037 0.816972 0.88108295
12 0.00012349038999999999 0.5233616 0.12608458 0.5892571999999999 0.18771949999999998
1 0.000121856196 0.30022550000000003 0.11372338 0.7167134000000001 0.30680442
1 0.00012111733999999998 0.7396231 0.1290843 0.79637545 0.16961056
1 0.00012074362 0.0 0.16427365 0.17622118 0.83688796
9 0.00011708248 0.5113880000000001 0.13338456 0.5845296 0.19609416
4 0.00011514882999999999 0.5729739 0.2113208 0.90868586 1.0
11 0.00011420948 0.6918022 0.0033492644 0.8774081 0.76545507
8 0.00011308511 0.5652501999999999 0.23753566 0.73823386 0.3784559
11 0.00011172996000000001 0.11239151 0.16978694 0.1600098 0.22761749
13 0.00011154476 0.0 0.12699698 0.2792136 0.47627026
13 0.00011151913999999998 0.09512242 0.33459040000000007 0.18772742 0.40525684
11 0.00011124110000000001 0.6586223000000001 0.0 0.85658354 1.0
10 0.00011064242399999999 0.6583206 0.0 0.93357295 0.5894951999999999
11 0.000108891545 0.5669438 0.0 0.77740914 1.0
13 0.000108656335 0.26526135 0.071179375 0.6961957 0.8773200000000001
13 0.00010863245600000001 0.10940856 0.3868797 0.19142053 0.44877425
2 0.00010851058999999999 0.058173947000000004 0.07143739999999998 0.30404297 0.47061499999999995
13 0.00010547630499999999 0.13357285 0.076687425 0.46763113 1.0
1 0.00010324725 0.44513914 0.20525481 0.8479186 0.44543424
3 0.00010319703000000001 0.24151284 0.22009978 0.5946971 0.9085376000000001
11 0.000102865066 0.516897 0.1917833 0.68997604 0.47023386
4 0.000102030834 0.43617535 0.04896825 0.9649296999999999 0.5252392
5 0.00010017909 0.71139 0.1277826 0.8142364000000001 0.16573377
9 9.936294e-05 0.62879074 0.48076660000000004 1.0 0.7356949
2 9.904971e-05 0.0066901072999999995 0.082299866 0.24427414 0.9453543
4 9.595254e-05 0.09745712599999999 0.17040786 0.16450687 0.21942647
13 9.224409e-05 0.50369865 0.12178471 0.7319328 0.2606294
2 9.111715e-05 0.52143943 0.055107895 0.7207922 0.17525353
