3 0.9879226999999999 0.53620267 0.5822025 0.6678323 0.7759741
3 0.34550726 0.5749133000000001 0.551458 0.6231218000000001 0.5842241
8 0.3248271 0.54221183 0.6026505999999999 0.67391515 0.7757189999999999
8 0.03426829 0.5690066999999999 0.55105424 0.6265328 0.589342
3 0.012993289 0.57275975 0.5487930999999999 0.6309916999999999 0.6038033
8 0.007691433 0.5249739 0.55927783 0.6535935 0.7415404000000001
13 0.0068496233 0.5089123 0.6495241 0.71597046 0.7654733
8 0.005998898000000001 0.5628314 0.5542059 0.63063025 0.612529
13 0.0056472723 0.5663664 0.55049497 0.6193715999999999 0.5932961999999999
13 0.0034106737 0.575385 0.5423085 0.6379809000000001 0.594004
5 0.0027308501 0.46382368 0.6169324 0.6452213000000001 0.7812187
7 0.0026443333 0.49909115 0.5617897 0.7296349 0.7617215
5 0.002521374 0.43463209999999997 0.63313204 0.73389024 0.77647597
9 0.0024895687 0.54023683 0.56995434 0.7377349 0.70723236
13 0.0021273685 0.5023727 0.6480142 0.64957744 0.7878486
13 0.0021173244 0.5718884 0.54835176 0.6826313 0.84281605
11 0.0020645923999999998 0.5131803 0.5195072000000001 0.6166417 0.79219794
13 0.0019779357 0.47939247 0.6047840999999999 0.704857 0.75220937
13 0.0019608038 0.55183625 0.6079766 0.7089605 0.7959648
9 0.0019388469 0.52633566 0.60875106 0.7183675 0.74539423
9 0.0019363741 0.51283914 0.5751219 0.6159813000000001 0.7512784
1 0.0019140582999999998 0.4582208 0.61625385 0.614486 0.7678483
7 0.0016932023 0.46582609999999997 0.61483 0.69247305 0.7934916999999999
1 0.001634429 0.55606645 0.55224603 0.61259305 0.58574766
12 0.0015448916 0.5232212 0.55564016 0.737372 0.6893865
5 0.0014823539000000001 0.5279494 0.6227879 0.6514949999999999 0.86086804
5 0.0013962420999999998 0.53811604 0.6595175999999999 0.6297454 0.9183728000000001
11 0.0013931223999999998 0.5326565 0.6157748000000001 0.67216784 0.7836809
1 0.0013755804 0.49733552 0.6068031999999999 0.66466385 0.7321607
1 0.0013425063000000001 0.50046647 0.6499054 0.67582977 0.77869755
2 0.0013112110999999999 0.5583908000000001 0.53767 0.6404274 0.5798613
2 0.0012389905 0.5583779999999999 0.5561202 0.7536611999999999 0.6720113
6 0.0011300973 0.47670394 0.6235341999999999 0.7244847 0.7813803
13 0.0011259639 0.5375723000000001 0.58817804 0.6370701 0.83904016
3 0.0011080543 0.56534904 0.5583824000000001 0.6995534999999999 0.7321239
7 0.0011050913 0.55149955 0.53949296 0.627629 0.5988345
4 0.0010987049000000001 0.5323031 0.6045906 0.7231099 0.77771086
9 0.001097645 0.54638517 0.5435929 0.65809613 0.70773554
9 0.0010607827 0.5580234000000001 0.5572066 0.63388985 0.7989525
5 0.0010348837 0.48989144 0.6670536 0.6702151999999999 0.8491823000000001
6 0.0010334032 0.4915758 0.57137215 0.72593266 0.73183805
1 0.0010172238 0.56964594 0.5875271 0.6704238 0.80587244
12 0.0009580382000000001 0.5136096 0.57161033 0.644938 0.7509946999999999
1 0.0009454888 0.5382117 0.63617545 0.6864576 0.75899994
5 0.0009309188499999999 0.4486443 0.6043158000000001 0.73662674 0.7169198
4 0.0008898597 0.5784385999999999 0.5676551 0.73490345 0.7207498
2 0.0008814189 0.51434904 0.6149403 0.73640126 0.730879
13 0.0008687147599999999 0.56652 0.54891676 0.6280374 0.63711125
12 0.0008629442999999999 0.56045693 0.5362458000000001 0.6345852 0.57852054
9 0.0008583814 0.58067805 0.55074203 0.660143 0.7779031999999999
3 0.0008428753999999999 0.5535932 0.5907083000000001 0.6728883000000001 0.71744865
1 0.000804045 0.50758463 0.5651318000000001 0.6087688 0.7460864
12 0.0007975797 0.5390996 0.57839096 0.7497638000000001 0.72471094
13 0.0007935811 0.54845864 0.6605309 0.6947260999999999 0.8386203000000001
2 0.0007793325 0.5932465 0.47963282 0.6778751999999999 0.78598607
12 0.0007758997000000001 0.57884943 0.52970785 0.68165785 0.77724105
2 0.0007633803 0.52046156 0.5792059 0.7258727 0.7019542
3 0.0007601587599999999 0.5633047 0.5572825 0.66055113 0.60752076
2 0.0007088505000000001 0.55943066 0.57383114 0.65787107 0.83165324
8 0.00070103246 0.5677479 0.5646211 0.65420645 0.60946953
11 0.0006908922 0.58060944 0.5408378 0.6169351 0.58915436
9 0.0006889591 0.56914383 0.54791 0.6250845 0.585063
7 0.00068239257 0.4622085999999999 0.5649658000000001 0.63817054 0.8410724
5 0.0006802285 0.51587254 0.6009923 0.63260174 0.8186351
11 0.00067456975 0.5664445 0.43829438 0.63422227 0.8890918
5 0.0006592906 0.56809986 0.6201982 0.6920304 0.9087884
8 0.0006587331299999999 0.5654543000000001 0.56062186 0.69996053 0.7563535
5 0.0006215877 0.47938240000000004 0.61721486 0.7720604 0.7555008000000001
2 0.00061023404 0.5042075 0.5492248000000001 0.6785300999999999 0.71531034
1 0.0006027145400000001 0.5297958 0.63234705 0.6250323 0.8438631
9 0.0005921252 0.55562663 0.6310941 0.6636721999999999 0.81123173
5 0.0005866078 0.5409268 0.61796916 0.74016905 0.81269044
9 0.0005746918 0.5591286 0.6214625 0.6298919 0.85888255
1 0.0005705393 0.55684304 0.65272874 0.7358394 0.7718165
13 0.00056644634 0.46128523 0.67146534 0.68435025 0.76712865
9 0.0005542909 0.5591719 0.6199578 0.7813434 0.7479996
1 0.0005326142400000001 0.5716621999999999 0.5499571 0.629538 0.5887893
1 0.0005211252 0.5467185 0.6113464 0.6494586999999999 0.8258161
5 0.0005167223 0.54367673 0.5552457 0.6266805 0.58985883
11 0.0005055936599999999 0.55357116 0.56368196 0.6614044 0.8698002
11 0.0004960179 0.5633736 0.5896408000000001 0.6613798000000001 0.7384809
8 0.00049357547 0.5698003 0.37935567 0.8853303 0.89611465
7 0.00048295099999999996 0.5373486999999999 0.53831637 0.7101723000000001 0.82050943
9 0.00046088564000000006 0.5006192 0.5625886999999999 0.66481346 0.69910926
8 0.00045469027999999996 0.56533647 0.273376 0.90954417 0.7478233
12 0.00045116102999999993 0.5367316 0.49301819999999996 0.6255914 0.7735546
9 0.00045113102999999995 0.58319074 0.54748094 0.64578766 0.5864406
2 0.00044520735 0.57001865 0.5379816999999999 0.7078201999999999 0.74397576
7 0.00044026598 0.5684887 0.5395489 0.64970815 0.60115105
4 0.00042912294000000003 0.6136623000000001 0.58473855 0.7774127 0.7906178
1 0.00042283657 0.41330895 0.62093073 0.60693574 0.73272246
3 0.00041825642 0.571945 0.57749397 0.65774083 0.6413863000000001
13 0.00040604168 0.56031024 0.5627758 0.6430366 0.6137083000000001
4 0.00039940196000000003 0.6084552 0.5166611 0.69150317 0.84616953
2 0.0003971582 0.5630459 0.50833774 0.6591234 0.7563184000000001
13 0.00039506887000000004 0.52557003 0.6641283 0.6682680999999999 0.8097289000000001
12 0.00038973967000000004 0.5185496 0.49865896 0.6837949999999999 0.7031708999999999
1 0.00038268693999999996 0.4318714 0.59397185 0.6239109 0.70887506
9 0.0003775789 0.5400026 0.53592545 0.61439085 0.7836022
7 0.00037198674 0.56304663 0.49035853 0.6801176999999999 0.8869151
11 0.00036944722999999996 0.5976117 0.53002846 0.69678414 0.79733914
12 0.000362095 0.5519672 0.57130677 0.6528592 0.8309675999999999
11 0.00036150980000000004 0.5520993000000001 0.41950032 0.6194994 0.83748525
4 0.00036009002 0.58924764 0.5568917 0.7292789000000001 0.8050326999999999
7 0.0003594249 0.47948447 0.6202970999999999 0.6842496 0.88717335
7 0.00035358462 0.44598859999999996 0.5744035 0.6659480999999999 0.7608590000000001
7 0.00034734322 0.51940507 0.5791973000000001 0.6563406999999999 0.95823663
11 0.00034588724000000003 0.55990887 0.5455519 0.63738817 0.7384078000000001
11 0.00034383452000000004 0.62117296 0.42741618 0.6826458000000001 0.8369148000000001
11 0.00033839967000000006 0.5916514 0.4493571 0.65299124 0.86872655
2 0.0003195627 0.56642115 0.59496963 0.71708786 0.78733957
2 0.0003165239 0.5326199 0.6265297 0.69014025 0.7792185
7 0.00031462335 0.51113623 0.5065852 0.664181 0.8116809
7 0.00030388334 0.47962365 0.65145665 0.7257922 0.8297424999999999
2 0.00030252797 0.5583264 0.5442229000000001 0.6492011 0.62363654
6 0.0002979703 0.5128908 0.6389645 0.68601084 0.85020864
10 0.0002971006 0.6222913 0.41689262 0.6892020000000001 0.81766653
10 0.00029679939999999996 0.515677 0.5557306 0.6506352 0.75484633
4 0.00029513007 0.5468126999999999 0.61203146 0.68239105 0.8312761999999999
11 0.00028409736 0.5801191 0.60381424 0.6979781999999999 0.7545374
1 0.00027387426 0.50629777 0.6669228 0.64874566 0.8357671999999998
2 0.0002564449 0.51309395 0.64546794 0.7420345 0.7636841
10 0.00025603657999999997 0.5576234 0.47920787 0.63848454 0.77681
12 0.00025581443 0.5774939 0.610801 0.77936155 0.75065434
10 0.0002538626 0.5160394 0.5525802 0.7102076999999999 0.7065133000000001
10 0.0002444775 0.5786398 0.46804229999999997 0.65836567 0.8041062
3 0.00023381657999999999 0.5903246999999999 0.57916147 0.6735126 0.7522106
10 0.00023111716000000001 0.58344626 0.5160791 0.6705725 0.8770566999999999
9 0.00022311717 0.53318983 0.6030603 0.64135844 0.7773384
6 0.00022170875 0.45677862 0.5827757 0.6660519 0.71638566
11 0.00022060928 0.5332268 0.5524564000000001 0.6361545 0.83207524
2 0.00022040641 0.53492826 0.5252597 0.7553227 0.6443171999999999
8 0.00021726676 0.4786688 0.36941707 0.8183489 0.8931399
10 0.00021621193 0.5505334 0.56998354 0.72257465 0.74621236
8 0.00021444363999999997 0.5445616 0.14046216 0.8624175999999999 0.69509065
10 0.00021157855 0.50804263 0.602719 0.7056001000000001 0.7673544
1 0.00020899504000000002 0.5496300000000001 0.6580425 0.69173276 0.8212613000000001
2 0.00020799424 0.499159 0.56185305 0.72776836 0.6611698
5 0.00020686121 0.5623945 0.55637467 0.64895487 0.59323126
9 0.00020180138 0.54858667 0.63974696 0.7520501 0.7759881999999999
9 0.00020112807 0.48619166 0.5844385999999999 0.64284974 0.71917826
13 0.00019845636 0.574429 0.55015343 0.6502842 0.63061625
6 0.00019682465 0.5418109999999999 0.5451068 0.63763994 0.5912985
5 0.00019671256999999998 0.53392667 0.6609429 0.7067733 0.8725523999999999
8 0.00019562569 0.14538783 0.4381460999999999 0.7821205 0.90009767
11 0.0001836051 0.6194886 0.6006275 0.75795966 0.7803388000000001
5 0.00018301292 0.3878341 0.64431447 0.66429496 0.7842948000000001
4 0.00017339261999999999 0.57250386 0.54593205 0.6278286999999999 0.5910789000000001
4 0.00017076852 0.594665 0.5439164000000001 0.65022683 0.59360534
13 0.00017068603 0.5547939000000001 0.5548192 0.61047024 0.5891525
11 0.00016738409 0.5136535 0.5800338 0.6075828000000001 0.7223873000000001
8 0.00016095919 0.42703727 0.49466702 0.729957 0.8266589
1 0.00015938106000000003 0.55552834 0.561262 0.6194516999999999 0.6304161
4 0.00015769432 0.55970764 0.5225162999999999 0.6891364999999999 0.71603596
13 0.00015684498 0.49080476 0.5607949999999999 0.69946295 0.72332656
10 0.00015532144 0.5758743000000001 0.5302583000000001 0.63080865 0.5971350000000001
10 0.00015271339 0.59568614 0.43314448 0.67279255 0.8168588999999999
6 0.00015021325 0.5260847 0.5770089 0.74220455 0.79052645
11 0.00014708185 0.6015278000000001 0.5397247 0.64104474 0.5882086999999999
9 0.00014493807 0.5784931999999999 0.6446808 0.70943415 0.80501306
12 0.00014317916000000002 0.50386655 0.52729595 0.7418408000000001 0.6569323
6 0.00014149575 0.41393894 0.6434274999999999 0.6616632 0.76642036
3 0.00014133981000000003 0.5610553 0.39249337 0.9492103000000001 0.8927174000000001
4 0.00013922667 0.51523733 0.57261086 0.64965135 0.7728311
1 0.00013453888999999999 0.47344038 0.56424713 0.64460284 0.68488425
6 0.00013333799 0.5545931 0.5712653 0.7118129 0.8495094000000001
10 0.00013311 0.5930072 0.5113017 0.7128901999999999 0.75570947
7 0.00012729016000000002 0.5459063 0.5421166999999999 0.6396563 0.6513796
7 0.00012473208999999998 0.4114889 0.60268486 0.6347265999999999 0.779604
3 0.00012188038999999999 0.538687 0.5519496 0.6909542 0.67899746
13 0.0001205294 0.5575996999999999 0.30569133 0.9185222 1.0
12 0.00011525651000000002 0.5423343 0.54203093 0.6900079000000001 0.73836696
4 0.00011485913 0.56397897 0.5356774000000001 0.65919095 0.84203494
8 0.00011104177 0.5333329000000001 0.5018917 0.7607498 0.8272081
3 0.00011086823999999999 0.55428666 0.6654189 0.66654354 0.7638194
9 0.000110765075 0.52454144 0.51845723 0.6422188 0.69251007
11 0.00011058579 0.48704937 0.5881985 0.6238872 0.7808716
12 0.00010919865 0.53704613 0.6113556 0.6942884 0.80008507
11 0.00010743173999999999 0.59221375 0.6214371999999999 0.7535476 0.82236534
11 0.00010663154500000001 0.5792795000000001 0.54209465 0.6649855 0.7600856
10 0.00010577543400000001 0.59723115 0.52664655 0.6485548000000001 0.5977262
10 0.00010509371999999999 0.52913326 0.62510014 0.701274 0.81988573
3 0.00010297646 0.52377623 0.55640185 0.6558585 0.7352159
2 0.00010247424000000001 0.51916087 0.5866081 0.67797637 0.75195825
11 0.00010028329 0.48784828 0.59367776 0.59212095 0.73950964
2 9.604204e-05 0.5495706 0.48984700000000003 0.70424134 0.65766126
8 9.503264000000001e-05 0.019784101999999998 0.36726737 0.30646384 0.95589614
2 9.39651e-05 0.5540487 0.5604316 0.6672298000000001 0.6155884
9 9.251264999999999e-05 0.56515414 0.60418516 0.6919417 0.77012396
10 9.210515e-05 0.5986321 0.57531023 0.7515533000000001 0.7774899000000001
1 8.913256e-05 0.54143983 0.5499353 0.5969369999999999 0.57788193
2 8.848076999999999e-05 0.5526849 0.46773420000000004 0.65118825 0.7061801999999999
3 8.459992399999999e-05 0.5983058000000001 0.34760383 0.96476626 0.75438684
13 8.357590000000001e-05 0.5504057 0.55964553 0.6144899 0.6337235
12 8.224138000000001e-05 0.48849612 0.5979718 0.6744064999999999 0.7068886999999999
3 8.1581704e-05 0.55695736 0.61215436 0.66084856 0.75205225
6 7.7384786e-05 0.50257593 0.50750804 0.68073136 0.7432234999999999
8 7.188212e-05 0.10368094 0.37089083 0.43582913 0.9205709999999999
3 7.13597e-05 0.5685448000000001 0.5454361 0.6108346 0.62589145
13 6.970579000000001e-05 0.67970526 0.14315364 0.95882165 1.0
8 6.918743e-05 0.53772867 0.68519104 0.6202033 0.76356727
8 6.63103e-05 0.6736826 0.2864741 0.91956294 0.9143121999999999
13 6.617934599999999e-05 0.5217568 0.6141154000000001 0.6424169 0.6939261
13 6.593428e-05 0.5338276999999999 0.64100885 0.6560437 0.7147769
10 6.535260000000001e-05 0.5214810999999999 0.48608124 0.6570372 0.71510214
8 6.4969274e-05 0.51184535 0.4289465 0.7110231 0.83657295
1 6.1229504e-05 0.5545521 0.56853575 0.6317054 0.6155961999999999
12 5.9961512000000005e-05 0.58585835 0.5938673000000001 0.7393316999999999 0.7905926999999999
13 5.7210138e-05 0.08542201 0.25560468 0.4566205 1.0
13 5.6000394e-05 0.5733484000000001 0.5432296999999999 0.6154929 0.6514915
11 5.5939443e-05 0.62312126 0.5233127000000001 0.7358295 0.8084463000000001
8 5.5937326e-05 0.04610912 0.25250915 0.3827297 0.946019
3 5.538055e-05 0.62677675 0.58058614 0.6786919 0.764234
1 5.525701999999999e-05 0.51400286 0.5664680999999999 0.686499 0.6826066999999999
5 5.4575259999999996e-05 0.49190325 0.6261669 0.6078288000000001 0.84765506
13 5.3504828e-05 0.0 0.21731365 0.31514716 1.0
5 5.3404627e-05 0.4376094 0.59711593 0.7069721999999999 0.68026936
13 5.2525803999999995e-05 0.49773747 0.68949556 0.6479984999999999 0.83013153
8 5.2443374e-05 0.56661505 0.5816364 0.6446396 0.6411853
4 5.224705e-05 0.5198764 0.5606765 0.6652545999999999 0.7034719
5 5.074313e-05 0.5479283 0.5740908 0.62551105 0.644233
10 5.0701543e-05 0.5709064 0.60885835 0.7329955 0.82655
1 4.755122e-05 0.44923633 0.6631260999999999 0.6322915 0.76254666
9 4.6663262999999996e-05 0.5082525999999999 0.6294392 0.6736926 0.7746413000000001
7 4.615944000000001e-05 0.40180793 0.6618927 0.6582828000000001 0.8371635000000001
1 4.5715909999999994e-05 0.4447922 0.5453539000000001 0.61183816 0.69295573
13 4.490057e-05 0.56609154 0.20508575 0.93269056 0.84914047
10 4.4497512e-05 0.4708951 0.55316514 0.6527970999999999 0.70478755
10 4.4213770000000005e-05 0.608787 0.5532555 0.7211736 0.8371154000000001
9 4.3390442000000005e-05 0.5760586999999999 0.56168145 0.6307941 0.6322103
8 4.1937295e-05 0.22407044 0.49633262 0.6599789 0.95315444
1 4.0250216e-05 0.47835314 0.5698266 0.58939815 0.7601418000000001
13 3.9196606e-05 0.47606859999999995 0.54243255 0.66433686 0.68578804
3 3.771391e-05 0.033723737999999996 0.41259727 0.34153485 0.96437097
3 3.744035e-05 0.6861449000000001 0.30585963 0.9801771999999999 0.91733074
11 3.7272934e-05 0.59076333 0.5276008000000001 0.63021916 0.6386891
3 3.6082434e-05 0.57385147 0.22383077 0.9418085999999999 0.6710143
8 3.6063397e-05 0.5258729999999999 0.53221846 0.68231475 0.6535673000000001
12 3.4991914000000005e-05 0.5667076999999999 0.53880125 0.6473819000000001 0.6179763
3 3.4029555999999997e-05 0.100100525 0.40411326 0.5084803 0.92976433
1 3.228724e-05 0.4548732 0.50840694 0.6265786 0.657538
12 3.2211214e-05 0.5053021 0.45844229999999997 0.65869087 0.66756815
4 3.2067543e-05 0.576604 0.5521973000000001 0.6383045 0.6437196999999999
13 3.1968597e-05 0.5588166 0.59411734 0.6558712 0.6458022
8 3.1743144000000005e-05 0.33170855 0.49390453 0.66283035 0.7943794
1 3.1127620000000005e-05 0.53940505 0.566963 0.61211133 0.61086404
10 3.072361e-05 0.49674162 0.52228576 0.68761194 0.67714083
8 2.9497340000000002e-05 0.55454856 0.6064526 0.6364396999999999 0.7040354
3 2.8917656999999998e-05 0.20894325 0.46401040000000005 0.9088957000000001 0.88815063
10 2.8900790999999998e-05 0.59248894 0.5274456999999999 0.64738125 0.6608746999999999
8 2.8344490000000002e-05 0.013265511 0.7166156 0.3230673 1.0
1 2.83152e-05 0.5436928000000001 0.5953248000000001 0.72547275 0.7191321999999999
8 2.8133769000000003e-05 0.44068850000000004 0.5259589 0.6760693 0.9180279
8 2.7870774e-05 0.38984057 0.44537079999999996 0.73489106 0.9425403
9 2.6907464e-05 0.5399562 0.54501384 0.70564723 0.65201336
13 2.6653627999999998e-05 0.6661925 0.5747180000000001 0.9549178 1.0
6 2.6489978999999998e-05 0.51600647 0.58612645 0.79116637 0.71515983
5 2.6177293e-05 0.5735274 0.51293695 0.9173254999999999 1.0
11 2.5480515999999998e-05 0.5654526 0.5379358 0.59876585 0.5835204
13 2.4869758000000002e-05 0.122641414 0.36694342 0.86778533 0.9834764000000001
1 2.4434103e-05 0.5356384 0.56005937 0.6015746 0.6240193
7 2.4407593e-05 0.52759176 0.55313194 0.62375927 0.6276733
11 2.4233153000000002e-05 0.5282306999999999 0.48068574 0.6132959 0.72907037
6 2.3666777999999998e-05 0.53916615 0.56364155 0.66389436 0.645634
8 2.3615607e-05 0.66341144 0.6357611999999999 0.90147126 0.9594801
13 2.3231349e-05 0.5161297 0.6444913000000001 0.61493963 0.8809872999999999
13 2.2510286999999998e-05 0.49543983 0.5675981 0.6421247 0.76128936
8 2.2354629e-05 0.13959724 0.21403812 0.4903898 0.9595681
8 2.2280581000000003e-05 0.5531781 0.63275254 0.6306574 0.72186977
13 2.1910655e-05 0.3925087 0.5817232 0.7512724000000001 0.8338975000000001
8 2.1183998e-05 0.5643121 0.54737884 0.60447395 0.62246
8 2.1132864e-05 0.013852698 0.5950293000000001 0.23018904 1.0
7 1.9457320000000002e-05 0.47788754 0.28657892 1.0 1.0
3 1.9349007e-05 0.5916004 0.57216495 0.6704781999999999 0.6605361
5 1.916304e-05 0.49637792 0.65913695 0.5949892 0.90708053
7 1.901189e-05 0.54057163 0.5433184 0.6052887 0.59654135
10 1.87596e-05 0.553465 0.5039828 0.68442774 0.73430294
1 1.8679706e-05 0.57281643 0.55881596 0.6396633 0.62193084
9 1.8606478999999998e-05 0.52324516 0.5465260000000001 0.5961468000000001 0.81125784
13 1.855692e-05 0.0 0.28275907 0.20785125 1.0
12 1.8017679999999997e-05 0.5684792 0.5979574000000001 0.67246693 0.67107046
8 1.8014905e-05 0.7541982 0.1357185 0.9161584 0.6483598
9 1.762842e-05 0.61095285 0.27875718 0.9694379000000001 1.0
4 1.7475868e-05 0.6074523000000001 0.55457693 0.7526301999999999 0.69889224
8 1.7419274e-05 0.54831046 0.6685943 0.6044833000000001 0.77227706
3 1.7418808e-05 0.56346816 0.55887705 0.64077735 0.641133
9 1.7256723e-05 0.5586482 0.5448757 0.6077210999999999 0.5847600000000001
5 1.7255548e-05 0.47605010000000003 0.58415246 0.6679891 0.70359206
11 1.7100012e-05 0.53411245 0.37320495 0.60421306 0.87631756
13 1.6260985e-05 0.0037969035999999997 0.70010954 0.35445106 1.0
10 1.6227279000000002e-05 0.55638707 0.5248401 0.720111 0.6831282
12 1.5933803e-05 0.57690537 0.56031674 0.7808815 0.69637144
13 1.5713038e-05 0.42570162 0.5910769 0.63226163 0.7178208
3 1.538454e-05 0.029280206 0.7491198 0.43657650000000003 1.0
13 1.499491e-05 0.6003642 0.618483 0.6544572 0.7355335
1 1.4290573999999999e-05 0.40643674 0.5579696999999999 0.60177493 0.6612376999999999
1 1.3674326000000002e-05 0.4858228 0.6095946 0.5896646 0.8148594
6 1.3000864999999999e-05 0.53626573 0.55001897 0.62102944 0.5844289
2 1.2950671e-05 0.6280574999999999 0.30644998 0.99282676 0.91109693
8 1.2871572e-05 0.03744115 0.13028759 0.26392826 0.7967247
