3 0.83058435 0.0 0.81902856 0.22323070000000003 0.9795707
8 0.7568708000000001 0.9068841000000001 0.33660936 0.9886011999999998 0.42809406
8 0.7541915 0.24311125 0.31822592 0.8179126999999999 0.91354704
3 0.57638115 0.03637202 0.38203895 0.30460355 0.4668255
3 0.42866123 0.2619898 0.43311775 0.8753709000000001 0.9828965000000001
3 0.38069636 0.05683781 0.38667917 0.44508556 0.48802042
8 0.35980195 0.088142626 0.58030665 0.8127614000000001 0.94159836
3 0.29032314 0.21838924 0.61374635 0.8326283999999999 1.0
3 0.28740296 0.23938629 0.20750117 0.8135960999999999 0.9160295
8 0.2347551 0.85384107 0.32730955 0.9901686 0.44220892
3 0.21270047 0.18258843 0.6802326 0.881497 0.92166466
8 0.1803461 0.36611679999999996 0.25770596 0.77994066 0.5084517
8 0.11956634 0.17625509 0.48417723 0.85927796 0.86688596
8 0.11155009 0.11058879 0.2667403 0.6738837 0.85004735
3 0.08609611 0.37400642 0.15790646 0.7930432 0.47677892
3 0.06702521 0.13476682 0.6684762 0.6289372 1.0
3 0.04091268 0.9122465 0.33875796 1.0 0.42545405
8 0.0381206 0.09589859 0.17274287 0.717959 0.6021771
3 0.032325294 0.6839353 0.5938001 0.9066735999999999 0.7362908
8 0.031848717 0.27283627 0.15400024 0.73739195 0.73316246
8 0.025258902000000003 0.055142518 0.38263327 0.43536687 0.48922506
8 0.024564175 0.8599694 0.34894064 0.97565603 0.4175215
3 0.022702666 0.03549896 0.7429415 0.4445993 1.0
3 0.018382227 0.45568538 0.25564137 0.77208644 0.38847983
8 0.015568765 0.32169765 0.21369275 0.7937913000000001 0.59641194
8 0.01313664 0.9022821 0.36522326 0.9865491 0.42273775
8 0.012894556000000001 0.20677236 0.7175361 0.8062560999999999 0.8958693999999999
8 0.0127413375 0.24553353 0.19098227 0.7171576999999999 0.47188118
8 0.009421096 0.1577328 0.747387 0.676824 0.9356113000000001
3 0.0088606095 0.12272357 0.29373774 0.6816667 0.9406259
8 0.00809277 0.5847270999999999 0.37082064 0.9248871 0.8791611999999999
13 0.007816619 0.3818551 0.17844010000000002 0.8584429 0.4774278
8 0.0068863182999999994 0.13797507 0.67895406 0.7150556 0.8804278
13 0.006872512 0.66314363 0.62195873 0.94811076 0.72293454
3 0.0068430137 0.028538099999999997 0.3797005 0.23544753 0.42476457
3 0.0064545968 0.48284444 0.2613468 0.83591086 0.4230821
13 0.0059726530000000005 0.17367908 0.061634064 0.8523700000000001 1.0
13 0.0048109377 0.0 0.823542 0.25390327 0.96766704
13 0.0046647894 0.05968356 0.38343742 0.36836258 0.48900884
13 0.0041203316999999995 0.9218351 0.34213790000000005 1.0 0.41484007
3 0.004013607 0.22566491 0.13173532 0.8196287 0.52142084
8 0.0037761314 0.06117971 0.47596702 0.56629986 0.95779926
8 0.0035885994 0.0052051037 0.37203395 0.29355142 0.47514376
13 0.0031518747999999997 0.01819219 0.3768323 0.25664714 0.4844884
8 0.0030147098 0.44137362 0.26441526 0.7196999 0.37941307
3 0.0029935846000000003 0.53713787 0.28807515 0.68468994 0.33912537
13 0.0028492135 0.32016134 0.26899725 0.9225458000000001 0.47030538
8 0.002742042 0.07219949 0.31824565 0.46335998 0.93336284
3 0.0027312472999999997 0.31321573 0.13319074 0.87122965 0.687126
3 0.0026395190000000003 0.4292352 0.27419344 0.59245634 0.32453856
8 0.0025600557999999997 0.68885803 0.62353265 0.89902985 0.71883184
3 0.002524729 0.45444244 0.70193976 0.88736343 0.8400179
3 0.0024534879999999998 0.49768445 0.27146529999999996 0.6270880999999999 0.32396868
10 0.0019298426000000002 0.9086069 0.34312785 1.0 0.41324908
10 0.0018873421 0.93887496 0.33565295 0.9990315999999999 0.40883595
3 0.0018311854 0.023119507 0.39304775 0.24013418 0.44514224
13 0.0017471645999999998 0.23816194 0.33367979999999997 0.89211744 0.9935485999999999
8 0.0017333933999999999 0.46646896 0.28215805 0.75465256 0.39967040000000004
7 0.001704177 0.0 0.41619647 0.8423586 1.0
5 0.0016984035999999998 0.13539635 0.38815367 0.7882076 1.0
13 0.0016873247 0.8783860000000001 0.35327604 1.0 0.40166640000000003
9 0.0016825822 0.9199436 0.35939422 1.0 0.41060224
8 0.001648305 0.0 0.8120090999999999 0.18910983 0.9538190999999999
8 0.0015830886999999999 0.33613253 0.5220237 0.86757845 0.731058
9 0.0015481072 0.26175556 0.30343200000000004 0.7860844 1.0
13 0.0015354442999999998 0.04044177 0.12877460000000002 0.677349 1.0
13 0.0015249406 0.023781688999999998 0.6594853 0.9158716 1.0
7 0.0014003039000000002 0.11365542599999999 0.01688221 0.7751756999999999 1.0
5 0.001378081 0.0075862124 0.65645105 0.86705834 1.0
2 0.0012909896 0.9027613000000001 0.33861172 0.995152 0.42021304
1 0.0012332932000000002 0.04101522 0.2695038 0.7093785 0.90229887
8 0.0012063412 0.039390184 0.41251759999999993 0.36318916 0.89524525
8 0.0011387046000000001 0.59190947 0.12915243 0.8788882 0.5081467000000001
4 0.0010831581 0.92204785 0.34072295 1.0 0.42476369999999997
11 0.001053605 0.9307408000000001 0.35278437 0.9869379 0.42583406
2 0.0010501154 0.8845851 0.3539013 0.9937119000000001 0.39982688
11 0.0010458836999999999 0.19714312 0.5635868 0.7585604 1.0
10 0.0010342471 0.8815424000000001 0.3600705 1.0 0.40675628
13 0.0010170413 0.0 0.5002375 0.78248537 1.0
12 0.0010129866 0.14544551 0.0 0.86797816 0.82998043
13 0.0010032711 0.8443603000000001 0.36623806 0.98605216 0.44043009999999994
3 0.0009976772 0.75946325 0.61720246 0.8793216999999999 0.73041755
13 0.0009678805 0.8849296999999998 0.33862606 0.9884421 0.38735333
4 0.0009639743400000001 0.94817394 0.33432835 1.0 0.41800028
13 0.0009496630499999999 0.0 0.105885595 0.9082710999999999 0.6089823000000001
7 0.0009485757 0.26670486 0.26112905 0.9603349 0.49561706
12 0.0009451784399999999 0.048623253 0.7963772 0.27804443 0.9172094999999999
6 0.0009350103 0.014272246 0.8414613000000001 0.27989203 0.9439046
13 0.000921673 0.8860776 0.37832550000000004 1.0 0.41237557
9 0.0009206551 0.18600132 0.565954 0.8446695 0.9989693000000001
13 0.0008883327 0.14902036 0.70264995 0.8741281999999999 0.9109686
7 0.0008835580999999999 0.91404307 0.3390386 1.0 0.41032562
13 0.0008717719 0.0 0.77403295 0.7334170999999999 0.9973315999999999
3 0.00083440583 0.21723185 0.7041291000000001 0.642622 0.8354136000000001
8 0.00082491065 0.52769744 0.5300151 0.92392266 0.7539305000000001
5 0.0007802662400000001 0.86946046 0.36044627 1.0 0.4089712
13 0.0007771532400000001 0.698387 0.60035896 0.9032053 0.73737586
2 0.0007744998 0.93163687 0.3333715 0.98842317 0.43095428
13 0.0007642714 0.15383622 0.17912559 0.8100607 0.43230554
3 0.0007315657000000001 0.40663546 0.17742655 0.9295621 0.8030217
3 0.0007112111 0.5104592 0.28458896 0.64730716 0.3422329
8 0.00069634337 0.09437469 0.16289091 0.5176333 0.7067333
8 0.0006939391 0.550184 0.20339285 0.86944234 0.76148194
2 0.0006916702000000001 0.37455624 0.14913175 0.80597085 0.5115457
13 0.0006767167 0.14665394 0.6293161999999999 0.7632183000000001 1.0
13 0.0006712029 0.41466424 0.2874836 0.8128545 0.3951732
5 0.0006397449 0.0 0.41297713 0.601961 0.95045424
12 0.00062872196 0.24921697 0.47813964 0.9351058000000001 0.94508404
8 0.0006278993 0.06531438 0.6073385 0.5165436 1.0
7 0.0006277051 0.3663699 0.1624149 0.8021729000000001 0.5315137
1 0.0006045344 0.5872456 0.6404224000000001 0.85211885 0.72935784
9 0.00059843983 0.71178776 0.6290531 1.0 0.7167951
12 0.00059643865 0.937069 0.35939902 1.0 0.41738883
13 0.0005920756 0.38152745 0.26344517 0.72069716 0.39204288
11 0.0005917205000000001 0.8831286 0.31135884 0.9833945 0.45452204
13 0.0005889744000000001 0.09024571599999999 0.07351044 0.7502754 0.5589546999999999
7 0.00058656797 0.0 0.8072037 0.24163724 0.96147907
2 0.00057642953 0.36208457 0.21931022 0.98771465 0.4878733
2 0.0005700942 0.63430697 0.6281943 0.9962040000000001 0.74206036
9 0.0005631504 0.40164217 0.28312966 0.95368034 0.9167885
13 0.00054560014 0.47728866 0.30745646 0.8619878000000001 0.41348192
8 0.0005407704 0.50903696 0.52749014 0.91975474 0.9104883
1 0.0005292779 0.9047629999999999 0.36137559999999996 0.99857813 0.41767392
1 0.000522885 0.6567126 0.64545655 0.91448325 0.74026304
12 0.00052271545 0.0 0.45609787 1.0 0.9336856
7 0.0005060096 0.8951585999999999 0.3557085 1.0 0.39851946
1 0.0005036532499999999 0.0065532876 0.8632499 0.19228388 0.95812947
6 0.00050247036 0.90195173 0.36556655 1.0 0.40416807
13 0.00050032587 0.041824162000000005 0.73207533 0.5633074 0.9850556999999999
12 0.0004920263 0.38334270000000004 0.17823114 0.9214251 0.46731720000000004
11 0.0004910425 0.35621223 0.024557991 0.68886524 1.0
11 0.00048711913 0.49072307 0.43102974 0.84086925 1.0
2 0.0004820475599999999 0.15321666 0.35730225 1.0 1.0
4 0.00047152639999999997 0.22620906 0.52009434 0.9407969 1.0
2 0.00047132835999999994 0.2465594 0.017948836 0.8099619 0.9320676
10 0.00046976222 0.4596762 0.37594659999999996 0.94056356 0.9954609000000001
11 0.00046927872000000005 0.9567154 0.34818628 0.9934421 0.41614473
9 0.00045523602999999996 0.40933362 0.6031618000000001 0.87726045 0.9565450000000001
2 0.00044901983 0.03963534 0.8145892 0.26090863 0.9068719000000001
11 0.0004469234 0.24307218 0.45466152 0.6064056999999999 1.0
3 0.00043778875 0.062077537 0.5427434 0.5748420999999999 1.0
3 0.00043374448 0.5321986 0.27246168 0.67462516 0.31928566
13 0.00043055502000000003 0.2854522 0.14709625 0.94012696 0.575033
4 0.0004303168 0.38709995 0.29807398 0.9198464 1.0
10 0.00042885532999999994 0.0062749228 0.8154666 0.27012908 0.93094116
7 0.00042672839999999994 0.25787842 0.11579044 0.90669894 1.0
12 0.00042392050000000006 0.9086546999999998 0.35248867 1.0 0.41416422
7 0.00042125975999999994 0.56191397 0.61218494 0.9164969999999999 0.74774224
5 0.00040528193 0.9119811999999999 0.36514136 1.0 0.41830322
9 0.0003992086 0.21421723 0.444903 0.69001263 1.0
3 0.00039437453999999997 0.33924484 0.52367806 0.9493031999999999 0.7612426999999999
1 0.00039071269999999995 0.0 0.607536 0.7957076999999999 0.9622163
11 0.0003897565 0.25740793 0.71415526 0.55527323 0.9222836
1 0.00038025406000000004 0.19669248 0.40899748 0.82681847 0.8744096
13 0.00037319638 0.0 0.7736254 0.4731478 1.0
13 0.00036996065 0.09826642 0.49377903 0.8915291 0.9064779000000001
13 0.00036914437000000005 0.011195398999999998 0.6710874 0.68759984 0.89567006
1 0.00036529343999999996 0.0 0.23373097 0.5585424 0.84027493
10 0.0003592338 0.36240453 0.0 0.88162214 0.99385864
11 0.00034540309999999997 0.41903815 0.13284148 0.77284276 1.0
10 0.00032793105 0.90753603 0.37759940000000003 1.0 0.43120909999999996
8 0.0003278863200000001 0.03129555 0.7731034999999999 0.3674091 0.9800587
11 0.0003249872 0.91585624 0.36846206 0.9803877000000001 0.41198266
6 0.00032240144 0.61237925 0.63473827 0.97306997 0.729649
2 0.00031856334 0.88985944 0.33438677 1.0 0.3801447
5 0.00031731175999999997 0.14008006 0.356128 0.9016011 0.83666015
5 0.00031640395 0.10671138 0.5741199 0.7963492 0.9597076999999999
11 0.00031557446 0.13398619 0.3816736 0.30965018 0.50830317
1 0.00031245314 0.0 0.41976923 0.32091847 0.4969691
7 0.0003108543 0.22054473 0.4853453 0.8826156999999999 1.0
7 0.00031017815 0.0 0.12964746 0.9993109 0.59672415
12 0.0003056029 0.0 0.3032789 0.9047434000000001 0.89980686
4 0.00030455744 0.05942772 0.8239816999999999 0.254807 0.94079703
2 0.0003001992 0.8329189 0.34427834 1.0 0.45409325
6 0.000297609 0.0 0.6894188 1.0 0.984095
1 0.00029222984000000003 0.0 0.5773531999999999 0.62592167 0.9349574
9 0.00029175926 0.46938149999999995 0.23287544 0.87101483 0.46159843
9 0.00028368647 0.9145109 0.38229623 1.0 0.41902843
12 0.00028288332 0.7427125 0.5977039000000001 1.0 0.71530914
9 0.00028242493999999996 0.35687286 0.5577323000000001 1.0 0.8813169
7 0.000282143 0.006337649 0.36400822 0.27605048 0.48712185
7 0.00027996534 0.0 0.042303465 0.59040546 1.0
1 0.00027914380000000004 0.088330515 0.16979070000000002 0.79312074 0.7385688
4 0.00027910015 0.7393126 0.6312762 1.0 0.7385483
11 0.00027733098 0.16413797 0.7602959 0.49623257 0.97318566
5 0.00027584823 0.0 0.40862736 0.33833176 0.48910984
9 0.0002733079 0.12736753 0.2765689 0.6048217 1.0
5 0.00027285932 0.0 0.77400345 0.75944495 0.93774486
5 0.00027281532 0.83482456 0.366666 1.0 0.39667422
1 0.0002641618 0.0 0.7193389 0.5957643 0.8909501
1 0.0002625991 0.0 0.40272248 0.22992554 0.47515792
6 0.00025746974 0.31829609999999997 0.45505255 1.0 1.0
3 0.00025177238 0.62747985 0.28172064 0.7563344 0.34128302
7 0.00024654865000000003 0.8916210999999999 0.38302937 0.9847502 0.4229871
5 0.00024583616 0.0 0.7294331999999999 0.76374036 0.8858338
13 0.00024514942 0.79261255 0.63117385 0.8588513000000001 0.714368
5 0.00024514453 0.21312419 0.6928319000000001 0.9825153 1.0
13 0.00024502768 0.40609429999999996 0.702563 0.9564075000000001 0.90082806
3 0.00024438117000000003 0.92868626 0.8483064 1.0 0.89014554
8 0.00024380021000000002 0.09019603 0.64339143 0.63279337 0.8463120999999999
10 0.00024351267000000004 0.16533962 0.5231024000000001 0.9591306999999999 1.0
10 0.00023800897 0.1399754 0.4001962 0.41599396 0.4813223
12 0.00023653852000000001 0.059334617 0.41463774 0.7568471 0.93859863
1 0.00023516852999999998 0.34049559999999995 0.2858456 0.8141754 0.49624178
9 0.00023376229999999998 0.047475282 0.8295372999999999 0.29349586 0.9408286
1 0.00023238626 0.0 0.81885886 0.5369344 0.9767087
5 0.00023223822 0.0 0.3753574 0.7425918 0.7549016
3 0.00023146383999999998 0.5887252 0.28713048 0.7223722 0.34035048
9 0.00022571215 0.21085170000000003 0.22804685 1.0 0.6084459
9 0.0002255991 0.43539047 0.27499354 1.0 0.47405842
11 0.0002251596 0.14190178 0.65807515 0.3977373 0.9747947
4 0.00022157659 0.4985782 0.19758369 0.8544079 0.49794424
10 0.00021985767999999997 0.33758613 0.5918621000000001 0.8293002 0.83654594
11 0.00021959531000000004 0.3620821 0.47137246 0.7354522 1.0
12 0.00021865287 0.16278377 0.64697814 0.7911274 0.8555881999999999
13 0.00021859443 0.49174792 0.29897708 0.6492208 0.34578854
8 0.00021838666 0.6606806 0.28150576 0.90049744 0.4741594
2 0.00021834298 0.37518802 0.37529075 0.90687555 1.0
11 0.0002181373 0.2108172 0.042615928 0.5208126000000001 1.0
10 0.00021123799 0.50213027 0.13227485 0.8551129000000001 0.45423973
5 0.00021024716 0.29166505 0.26004577 0.8598043 0.45549497
8 0.00020865804 0.9226636999999999 0.84966147 0.9890049999999999 0.89444095
6 0.00020773830000000003 0.02887342 0.4072493 0.49632029999999994 0.48894790000000005
12 0.00020762895 0.34464464 0.25049382 1.0 0.44929197
2 0.00020598651 0.052693762000000005 0.39134237 0.8755440999999999 0.91210365
6 0.0002059319 0.17017767 0.2912614 0.9744275 0.96184266
9 0.00020550564 0.87890416 0.35529829999999996 1.0 0.42982420000000005
3 0.00020073979 0.6084003000000001 0.27035034 0.7266818 0.32364413
2 0.0001937768 0.08149399 0.024458865 0.9845862 0.5473308000000001
13 0.00019372124 0.433213 0.047796555 0.9936421999999999 0.83671886
11 0.00019276314 0.5443646 0.18878135 0.77043474 0.4966577999999999
13 0.00019138765 0.39650238 0.02656992 0.9830174999999999 0.5438393
6 0.00018921683999999998 0.9329056 0.35813147 1.0 0.41684166
8 0.00018852542000000002 0.33327332 0.56063056 0.87282455 0.9230764000000001
9 0.00018823404 0.37980658 0.15967229 0.8740034999999999 0.68245137
8 0.00018813043000000002 0.4864686 0.27444422 0.594568 0.3197002
1 0.00018657418000000002 0.0 0.7314341999999999 0.42652038 0.94525164
7 0.00018591782 0.23776482 0.6559276999999999 0.8841725 0.90574825
10 0.00018410843999999997 0.25931445 0.35121635 1.0 1.0
4 0.00018334316000000002 0.66027623 0.6307184 0.9321132 0.7325974000000001
2 0.00018286305 0.109383106 0.37409008 0.3730127 0.46030918
10 0.0001810999 0.89264673 0.33647087 1.0 0.38620879999999996
9 0.0001801238 0.15745689999999998 0.7171541 0.6828517 0.9088985
4 0.0001779111 0.5005515 0.15686789999999998 1.0 1.0
8 0.00017572941999999999 0.49345866 0.32410267 0.7311310000000001 0.42904568
10 0.00017538243 0.6980939 0.6106611999999999 0.94361657 0.7494025
12 0.00017497188 0.10634686 0.3856166 0.44441986 0.49748406
11 0.00017309988000000002 0.49018773 0.6957875 0.78222895 0.908092
11 0.00017248432 0.35293654 0.6914126 0.6696171 0.8880591999999998
10 0.0001680695 0.35573509999999997 0.44286945 0.83280796 1.0
7 0.00016798679 0.03761265 0.38535926 0.35840592 0.5079774
12 0.00016790042000000002 0.26207379999999997 0.0 1.0 0.5427778
8 0.00016641805 0.07249853 0.17270374 0.33349538 0.737305
9 0.00016598811999999998 0.14688307 0.631462 0.58704305 1.0
3 0.00016587415000000002 0.5610906 0.28899947 0.68394536 0.37105668
6 0.0001654603 0.37945077 0.24061748 0.9250058000000001 0.51480985
13 0.00016448167000000002 0.7747149999999999 0.6431286 0.8727574 0.71153677
6 0.00016013968 0.90540487 0.38684183 1.0 0.41984805
7 0.00016003736999999998 0.0 0.7414682 0.53752196 1.0
2 0.00015953381000000002 0.8463721 0.31755126 1.0 0.43237576
4 0.00015743046 0.3994074 0.67012215 0.94757986 0.8867739
1 0.00015651918 0.3836564 0.29118390000000005 0.68087447 0.37193933
12 0.00015361956 0.036743075 0.35602042 0.33243242 0.47118223
5 0.00015280921 0.13359772 0.74156195 1.0 0.89056814
9 0.00015101433 0.3096669 0.68356293 0.82188046 0.85548294
10 0.00014937246 0.14883754 0.65551317 0.6630246 0.8858221
1 0.00014750933 0.8221351999999998 0.34329867 0.9838261 0.41937098
11 0.00014677813999999998 0.08381934 0.36604309999999995 0.21758798 0.48105544
5 0.00014532576999999998 0.79076624 0.365129 1.0 0.43570578
10 0.00014417228999999998 0.24895225 0.45924392 0.7147395000000001 1.0
10 0.00014175617000000001 0.25454587 0.21903889 0.818472 0.9992757999999999
3 0.00014171218000000001 0.16222848 0.6319464 0.7294285 0.86660445
13 0.00014153491 0.8431929 0.35987028 0.98649204 0.4011505
1 0.00014129863000000002 0.8244089 0.36459854 0.97930557 0.44356292
2 0.0001406311 0.02647484 0.35941195 0.27046698 0.45023113
6 0.00014046617 0.0 0.77585506 0.6714889 0.95903486
10 0.00014008806999999998 0.51884764 0.0 0.99509096 0.95707977
11 0.00013979353 0.542829 0.0 0.8781950000000001 1.0
12 0.00013963462 0.123649105 0.6365548000000001 0.52104735 0.91042835
11 0.00013748033 0.44444847 0.6465545 0.7748505 0.8682610999999999
9 0.00013641754 0.88704014 0.37568521 1.0 0.44790559999999996
5 0.00013592653 0.79593474 0.37985262 0.99254334 0.4547968
9 0.00013410534 0.25984395 0.6510741 0.7099707 0.9913679
5 0.00013369095 0.0 0.83951735 0.25383794 0.92654324
9 0.0001333172 0.44559398 0.43965462 0.9811931999999999 1.0
12 0.00013304254 0.3218738 0.20414323 1.0 0.40676940000000006
7 0.00013214571000000003 0.3871285 0.259152 0.72571605 0.3889866
9 0.00012952297 0.34041178 0.7327949 0.8561780000000001 0.89280385
3 0.00012767906 0.7338621999999999 0.6316175 0.9032210999999999 0.7426281
9 0.00012765666000000002 0.25966787 0.11013971 0.71515524 0.5898789000000001
5 0.00012754051 0.010622966000000001 0.743975 0.5231929 0.965145
7 0.00012743658000000002 0.8190609000000001 0.33177587 1.0 0.44005057
6 0.00012607203 0.0 0.56908906 0.94985783 0.9643733
8 0.00012510266 0.6597058000000001 0.59955937 0.88458323 0.70616585
7 0.00012505795 0.05610957 0.66620994 0.7130430999999999 0.93483573
1 0.00012134799999999999 0.0 0.37575927 0.22287919 0.44699264
12 0.000120931654 0.34118867 0.26221323 1.0 0.867311
12 0.00012081646000000001 0.1729868 0.38130835 1.0 0.7755035
7 0.00012043323 0.7554701 0.6477911999999999 0.87544364 0.72864354
5 0.00011882694 0.13857254 0.30778414 1.0 0.46126452
