3 0.9797433000000001 0.08687546 0.61455417 0.14259464 0.6744876
3 0.82744366 0.8271748 0.61791986 0.9603796999999998 0.68690556
8 0.7292599 0.0120890215 0.811936 0.15084293 0.94175935
3 0.64569443 0.030702464 0.60580164 0.08684270000000001 0.66340923
3 0.5928011999999999 0.7629375 0.57891124 0.8392069999999999 0.67244714
8 0.54104215 0.22426698 0.6105701 0.2908059 0.67355263
3 0.51091176 0.270932 0.6075751 0.34052822 0.6698562
8 0.36327696 0.24152166 0.60306394 0.35011625 0.6748890000000001
8 0.10866482599999999 0.02282155 0.5985461999999999 0.10047835 0.6712833
8 0.10308842 0.8274944 0.610097 0.96136343 0.6837901
8 0.08117083 0.76241523 0.5808289000000001 0.83826417 0.67258424
3 0.07772902400000001 0.232033 0.612011 0.28456149 0.67595214
8 0.07618819 0.8375324000000001 0.52528095 0.98447263 0.65604854
8 0.06997739 0.82073313 0.56495214 0.9739973 0.6968038000000001
3 0.04080185 0.057410073 0.61280036 0.12458782 0.67192686
8 0.0391096 0.031831466 0.58847636 0.08931696 0.66330993
8 0.037749365 0.29162455 0.3589644 0.35277188 0.40941074
3 0.03265313 0.022345696 0.80447507 0.14579801 0.9195298000000001
8 0.032375775 0.6878501 0.55204797 0.85288644 0.6796854999999999
8 0.028130287 0.004525653 0.58772033 0.03543482 0.6476814999999999
3 0.028040336000000003 0.07799404 0.5942168999999999 0.13479757 0.64722514
3 0.027669637999999996 0.23595437 0.6082634 0.31263658 0.6753751
8 0.02531956 0.07706 0.60155284 0.15493669 0.68392766
3 0.02219847 0.71138984 0.5660142 0.8360973 0.67278916
8 0.017780058 0.07369304 0.5923895 0.13224812 0.6566244999999999
8 0.016336348 0.69346356 0.1506047 0.90351176 0.65377665
3 0.015660921 0.005715965999999999 0.5859765 0.03977451 0.6506877
3 0.015206075 0.9035619 0.5088554 0.9984929 0.660902
8 0.011723049 0.8763051 0.5077948 0.9985306 0.6534605
3 0.011436393999999999 0.08530986 0.6307888 0.14862506 0.6826535
8 0.010878903999999998 0.26165947 0.58623195 0.33715573 0.6681095
8 0.009130624 0.7155764 0.5595399 0.9061184000000001 0.69576406
8 0.009130326999999999 0.20614970000000002 0.5669598000000001 0.37282348 0.68148494
8 0.008743918 0.05317947 0.60170364 0.13332051 0.6827858
13 0.007310008000000001 0.006667010500000001 0.80436486 0.18047589 0.92609024
3 0.0059993244 0.056864563 0.59428465 0.11404714 0.6436948
8 0.0056895637 0.70647305 0.53707236 0.76240975 0.5789327
8 0.0055221956999999995 0.70398307 0.5912623 0.76931703 0.65002227
8 0.004844896 0.32499993 0.3586232 0.37122416 0.41283569999999997
8 0.004533301 0.00647904 0.60267526 0.23156124 0.9153698
13 0.004492742 0.03493888 0.6160588 0.10010374 0.6704019
3 0.0044095404 0.7164085 0.5857169 0.77755654 0.66426146
8 0.0042908313 0.05052404 0.58959687 0.11386298 0.6567970000000001
8 0.0042068614 0.7306278 0.5858653 0.8054106 0.6648579000000001
8 0.004121828 0.70595217 0.5162497 0.76012444 0.5660556999999999
13 0.004022838 0.02862898 0.62225574 0.08577772 0.666729
13 0.0039273696 0.27585116 0.61517864 0.34956446 0.67054844
3 0.0038961363000000002 0.29683740000000003 0.3630957 0.35785168 0.41542172
13 0.0036507852 0.08893293 0.6141331999999999 0.15795921 0.67838097
8 0.003546693 0.84196335 0.625728 0.9317605 0.6895089
3 0.0033703265 0.08948471 0.59794074 0.14976987 0.6546654000000001
2 0.0032405072999999998 0.22936925 0.61387646 0.30272195 0.66394776
13 0.0031795013 0.025968276000000002 0.5955876999999999 0.09420731 0.66050726
13 0.0031011414 0.22439943 0.61950815 0.28653535 0.6665346
8 0.0029561764 0.58424586 0.16216104 0.86205775 0.649492
13 0.0029482353 0.771943 0.5735062 0.8412812 0.67909545
8 0.0028262622999999996 0.75115454 0.5998464 0.82689023 0.66733843
2 0.0027761182000000002 0.024121486 0.6133774999999999 0.10040298 0.6594833000000001
3 0.0026928429 0.73369247 0.5784444999999999 0.8109145999999999 0.6790308
11 0.0025988573 0.83671725 0.60206324 0.9012679 0.68329346
13 0.0025676675 0.8600277 0.62076837 0.9657300999999999 0.6786094
9 0.0024825903 0.029385592999999998 0.5987418999999999 0.094732866 0.64649576
9 0.0024676760000000002 0.04254689 0.59910005 0.12110669 0.64801466
2 0.002467256 0.030984227000000003 0.5871425 0.0970802 0.6303502
2 0.0024609133 0.04434047 0.58303815 0.11238379 0.6335998
8 0.002427899 0.6545973 0.19543098 0.9042690000000001 0.8323457000000001
13 0.0023069512 0.70402527 0.5350175 0.7792344 0.57799274
8 0.0022905096 0.004743568599999999 0.56230116 0.14586061 0.7043135
11 0.002278501 0.03716895 0.60368264 0.09018955 0.6775746
13 0.0022299476 0.8234558000000001 0.6155031999999999 0.9108436 0.68604255
1 0.002149411 0.0170772 0.60253817 0.077230975 0.6426082
1 0.0021058966 0.037166648 0.6018974 0.09261023 0.6454989999999999
8 0.0020411552 0.0 0.46064687 0.15641826 0.9039803
13 0.0018772114 0.017978799 0.6026975999999999 0.08075152 0.6552265
8 0.0018196871 0.038284108 0.23302539 0.34569895 0.86611253
1 0.001796154 0.06752074 0.5986196 0.12797429999999999 0.64041704
8 0.0017548666 0.7690858 0.17573063 0.9315408000000002 0.6491791
12 0.0017495032 0.036204714 0.58199954 0.10728966 0.6414704000000001
7 0.0017358289000000001 0.02919108 0.58419126 0.111376196 0.65938824
2 0.0017275269 0.28565723 0.6078508 0.35949355 0.6656066999999999
13 0.001550168 0.7002761 0.5099951 0.7690225 0.56196064
2 0.0015216852 0.09901467 0.61066955 0.16590005 0.6674743000000001
8 0.0014568497 0.03450162 0.5597837 0.19396833 0.6983859
11 0.0014496609 0.28677607 0.60367376 0.33722818 0.6817586999999999
13 0.0014187504999999998 0.0028785057 0.58324504 0.038995635 0.6480419
11 0.0014005839999999999 0.26874402 0.5989601999999999 0.32602492 0.68639004
8 0.0013999541 0.696548 0.43889037 0.942335 0.72037816
13 0.0013997724 0.22081205 0.626369 0.26883793 0.66426545
6 0.0013899773 0.022000186 0.58947986 0.11827356 0.64541286
13 0.0013879528 0.3028455 0.37496758 0.3610625 0.41068357
5 0.0013571170000000001 0.0 0.62599725 0.09462707 0.67408186
2 0.001347289 0.08083749 0.5886304 0.14391135 0.63416195
8 0.0013417044000000001 0.6386145000000001 0.50919515 0.78798884 0.64872026
3 0.0012914187 0.72133315 0.5106379 0.7694055999999999 0.5767463
11 0.0012840066 0.8687497999999999 0.5994825 0.93322426 0.6806934
13 0.0012837207000000002 0.068636864 0.5965193 0.13008475 0.64941376
5 0.0012827677 0.8111733 0.6247528 0.9149412 0.6721421999999999
13 0.0012826541 0.24420366 0.6212276 0.32686767 0.670045
3 0.0012426961 0.83387536 0.5845246000000001 0.96414584 0.7141203
3 0.0011846684 0.24271372 0.58475053 0.36860165 0.6740642
7 0.0011737981 0.017346893000000002 0.6074379 0.11029194 0.6854894
2 0.0011683223 0.21979152 0.61839 0.28810775 0.65967727
13 0.0011545271 0.74376327 0.5863835999999999 0.83269817 0.6629191
3 0.0010751069 0.7162609000000001 0.5272031 0.7731031 0.58820915
11 0.0010454943 0.053980164000000004 0.60376346 0.105544515 0.67938465
10 0.001043546 0.24205722 0.61105126 0.3031612 0.6665356
9 0.0010334000999999999 0.27594593 0.62400025 0.35588273 0.6696601
9 0.0010292222999999999 0.8542309000000001 0.61920905 0.9367418 0.6786225
3 0.001012872 0.33031988 0.36621565 0.36867213 0.41374457
1 0.0009993665 0.8003677 0.632811 0.8933351 0.67654747
2 0.0009898042 0.25116479999999997 0.6130899999999999 0.33896726 0.6649126999999999
8 0.0009825517 0.72279686 0.6063900999999999 0.78039914 0.66154575
12 0.0009771826 0.8567345 0.60807985 0.9486716999999999 0.6770531999999999
11 0.0009762835 0.0358362 0.5914035 0.07391785 0.64676136
6 0.000959679 0.019943137 0.6194354999999999 0.10595459 0.6712311
5 0.0008996505599999999 0.0 0.60657287 0.09574969 0.6431276
13 0.000889357 0.07446509 0.6263029 0.1307578 0.6744518
10 0.0008622877999999999 0.27121753 0.6105999 0.33882729999999994 0.66602945
11 0.0008456029 0.24476416 0.61345875 0.28768802 0.67797935
2 0.0008107243 0.07510686 0.61609465 0.14464027 0.659173
8 0.0007984028 0.24578741 0.5950343000000001 0.32756612 0.6593422
8 0.0007947228 0.030428264 0.8381607 0.10550195 0.91734606
10 0.0007944717999999999 0.7990673 0.53842854 0.8482246999999999 0.667089
8 0.00078037777 0.27425826 0.33231148 0.58009857 0.83511573
13 0.0007774086599999999 0.051427152000000004 0.62277603 0.11796963 0.6742802
13 0.0007752168 0.7485566 0.6147508 0.84147286 0.671497
13 0.0007712089999999999 0.22735137 0.6133611 0.31031346 0.6685587
6 0.00074718444 0.06895116 0.5939456999999999 0.15022784 0.64440984
7 0.00074107834 0.08781645 0.6070003 0.17461011 0.68456125
9 0.0007388782000000001 0.08268665 0.59956384 0.1452859 0.6469365
10 0.00073747605 0.04635303 0.58500564 0.10853036 0.64299405
9 0.0007311027 0.23640129 0.6231017 0.30108204 0.6683413
13 0.0007285556599999999 0.8373282 0.6165984999999999 0.9450171 0.69020474
4 0.0007201912 0.05411169 0.5900291999999999 0.10858461 0.6475715999999999
12 0.0007196773700000001 0.22340213 0.61687946 0.31327963 0.66624963
8 0.00071175833 0.4329791 0.24603948 0.82813287 0.84064335
5 0.0007033783 0.82930166 0.6271879 0.96489125 0.6829979
8 0.00070217234 0.7775251999999999 0.46315159999999994 0.9810605 0.72078747
10 0.000702077 0.28120363 0.6061066999999999 0.3526488 0.6735263000000001
8 0.0006975714 0.9435561 0.5434638 0.99331415 0.63706523
5 0.0006948983999999999 0.23634571 0.6278769000000001 0.35891426 0.67417616
10 0.0006793513 0.23082748 0.61888766 0.28444776 0.6618053
9 0.00067507627 0.8985724 0.6168485 0.97325605 0.6676183000000001
1 0.0006657278999999999 0.02664896 0.6305399 0.08360930000000001 0.6722547
9 0.00066395605 0.033511158 0.6203031999999999 0.10052182 0.6668629
11 0.00065414887 0.085579775 0.6100034000000001 0.12708977 0.6747238
8 0.0006360819 0.008132318000000001 0.5982137 0.052568838 0.64370763
8 0.0006315688400000001 0.022404276 0.18448167 0.19441889999999998 0.8574775
12 0.0006260923000000001 0.8452635000000001 0.610132 0.92084265 0.6757371999999999
10 0.0006164749 0.76836646 0.5728361 0.8419129999999999 0.6429333
10 0.00061287696 0.7810232 0.5527743 0.8320777 0.66530645
4 0.0006109648 0.04671322 0.6065864000000001 0.11421673 0.6822286999999999
8 0.0006078153 0.7694262 0.5723695 0.8310690999999999 0.62465364
3 0.00060479285 0.02516209 0.5934953000000001 0.14008625 0.6855275
6 0.0005975368 0.25949160000000004 0.61700904 0.37284264 0.6714074999999999
1 0.00059751543 0.8779457 0.6243634 0.9568532 0.67641586
1 0.0005865408 0.10245122 0.63299465 0.1591952 0.67851824
12 0.0005830443 0.8914167 0.6213058000000001 0.96703416 0.6750847
4 0.0005818993 0.29735503 0.6040101999999999 0.36235407 0.6802180999999999
8 0.0005670612000000001 0.043871194 0.5856398 0.42252797 0.91145694
3 0.00055964687 0.013702365 0.59174913 0.062051184 0.6419781
13 0.0005596434 0.08753978 0.61105925 0.13490932 0.70191205
13 0.0005593365 0.32518977 0.37371215 0.37415862 0.41573915
1 0.00055888697 0.83758557 0.62716997 0.9313787 0.68165827
10 0.0005581468 0.3060487 0.6035560999999999 0.36455762 0.67517143
9 0.0005579286000000001 0.049588195999999994 0.83267343 0.22055918 0.9474991
4 0.00055490393 0.27109373 0.6027520000000001 0.34771168 0.68030137
4 0.0005538497 0.027257528 0.61240935 0.09234534 0.6777263000000001
1 0.00055309007 0.228113 0.62753195 0.28364933 0.6714253000000001
11 0.000547369 0.30959395 0.6053223000000001 0.35654703 0.6777390999999999
1 0.0005465447 0.24453662 0.6246315 0.33013433 0.6710425
13 0.0005439594 0.26538494 0.6138312 0.32467009999999996 0.69380474
10 0.00054152345 0.85819775 0.6029985999999999 0.94032115 0.6665291999999999
7 0.00053701265 0.22063382 0.61197263 0.29977298 0.6806249
4 0.0005349748000000001 0.0333481 0.5917414000000001 0.08824669 0.64763373
1 0.00052940927 0.7822155 0.60052377 0.8362677 0.67157966
13 0.0005214548 0.8402025 0.52864486 0.9976966 0.65545774
13 0.000519731 0.051684737 0.5993265 0.11395308400000001 0.6510283
5 0.0005179927999999999 0.20089334 0.63042074 0.30192626 0.6708335999999999
2 0.0005142972 0.08932777 0.6002988 0.1478204 0.6728725999999999
7 0.00051057915 0.06240162 0.5887212 0.13553874 0.6512178000000001
11 0.000508124 0.25882447 0.60471183 0.30960047 0.6834133000000001
3 0.0005051455 0.7078984 0.19061168 0.93773735 0.6507241
11 0.0004981202 0.05483919999999999 0.5897792 0.09413432 0.6461229000000001
3 0.00049022835 0.05369158 0.594851 0.19206652 0.6855640000000001
12 0.00048614599999999996 0.2808449 0.6130876000000001 0.36494067 0.6615514
10 0.00048008986 0.027336422000000003 0.5881996 0.09100996 0.6406713
5 0.0004787268 0.75474596 0.6009858 0.83911276 0.6728731
10 0.0004698946400000001 0.034201536 0.6123337 0.10170257 0.6728416
12 0.00046900357000000006 0.782752 0.58192503 0.8464045 0.6524803000000001
10 0.00046583352 0.9011639000000001 0.59684473 0.9628343 0.66655785
11 0.0004651042 0.7883308000000001 0.56126374 0.82195735 0.67087924
13 0.00046285664000000003 0.6795621000000001 0.581781 0.8283273000000001 0.69394654
1 0.00046157453 0.7629147 0.5977292 0.8251533999999999 0.6653518
4 0.00046061252999999994 0.90516686 0.59057796 0.9718207 0.66953075
8 0.00046007388 0.36486667 0.46816862 0.6716406 0.6799989000000001
6 0.00045725002 0.22424491 0.6222831 0.31109822 0.6696323000000001
2 0.00045546453000000004 0.78700614 0.54676217 0.8436700999999999 0.6683004
7 0.00045412725999999996 0.25290830000000003 0.6087213 0.34822070000000005 0.6874219
11 0.00044987265999999994 0.23426907 0.62093574 0.26805615 0.67356294
2 0.00044925062999999997 0.0062814914 0.5730954 0.04701154 0.6396451
6 0.00044700567 0.08621431 0.6165629 0.19341746 0.6727998000000001
9 0.00044274481 0.10872079 0.6244982 0.18470159 0.6698665
13 0.0004373191 0.69390243 0.5874045999999999 0.7672469 0.64711404
7 0.00043482473 0.7817350000000001 0.5562491999999999 0.8445768 0.6826983
4 0.00043336087 0.7957770000000001 0.5579643 0.84930056 0.67166644
1 0.0004322020400000001 0.28480515 0.62844324 0.34660783 0.6754388000000001
8 0.00042814920999999993 0.06461802 0.40111256 0.52314985 0.84288734
8 0.00042334347000000004 0.035974406 0.10348783 0.27282804 0.67001665
3 0.00042178550000000005 0.9461992 0.50894433 1.0 0.66726077
3 0.00042147754000000003 0.7741070999999999 0.5703885000000001 0.8416834999999999 0.6287083000000001
12 0.00041604094 0.072590195 0.58997256 0.13844216 0.6414283000000001
2 0.00041499017999999994 0.054001473 0.61485434 0.12761584 0.66531503
7 0.00040900922999999995 0.049657337 0.6083599000000001 0.14110792 0.6907956999999999
11 0.00040467796 0.07375942 0.78590125 0.16983707 0.9617526
13 0.00040268754999999996 0.0828134 0.64549696 0.14649289999999998 0.6903925999999999
2 0.00039809519999999996 0.7699446 0.5736918000000001 0.84827477 0.6399604
11 0.00039603526 0.098808445 0.58117354 0.13732934 0.6995803
11 0.00039599926 0.06886326 0.6003430999999999 0.118315995 0.6775053000000001
13 0.00039362062999999994 0.84385633 0.60212916 0.98101294 0.73476255
8 0.00039215377 0.6736331 0.50994235 0.73088837 0.561153
4 0.00038865682999999996 0.08523326 0.7800026999999999 0.20984918 0.9634459000000001
1 0.00038701665 0.039741844 0.6292898 0.09592438 0.67616403
10 0.0003840254 0.051566746 0.6085361 0.11723587 0.67212594
5 0.00038087348 0.044986818 0.62772846 0.15189905 0.6740185000000001
11 0.00038074062000000003 0.28573984 0.56390643 0.32680815 0.7123143
1 0.00037868466000000003 0.218518 0.6285774000000001 0.27197087 0.66640115
8 0.00037702163999999994 0.053016324000000004 0.8279572000000001 0.11907843 0.9155761999999998
7 0.00037319498 0.8431987 0.5977226 0.93506724 0.70179486
1 0.0003670954 0.054870524000000004 0.60118806 0.11345319999999999 0.6425247
4 0.00036365803999999994 0.24128689 0.61700875 0.30227983 0.6782779999999999
12 0.00035831952000000005 0.098641336 0.61686325 0.1718804 0.66812533
13 0.00035101657999999996 0.81953734 0.632386 0.9601365 0.7438905
10 0.00034919519999999997 0.114500776 0.6036313 0.17889313 0.67486113
9 0.00034587333 0.7981475 0.5864687 0.85688525 0.6567066
10 0.00034223095 0.8302476000000001 0.6218468 0.9157019000000001 0.66954005
1 0.00034204550000000003 0.063994914 0.63019866 0.13047296 0.6749154
4 0.00034045642999999996 0.7789089 0.5783468 0.84221524 0.64858055
13 0.00033313434999999997 0.7048236999999999 0.5876882 0.8722325999999999 0.7140215
9 0.0003263574 0.22840170000000004 0.62528795 0.27872896 0.666135
2 0.00032074482000000006 0.0017118379999999998 0.75805616 0.19439581 0.9415783999999999
7 0.00031221966 0.81105214 0.6072218 0.9110071 0.69553655
2 0.00030674322999999995 0.05870168 0.5871518 0.12508324 0.63556355
5 0.0003061216 0.05632709 0.6047563 0.13488111 0.64479494
12 0.00030465007999999996 0.25885716 0.61664957 0.34186205 0.66548455
9 0.00030215541 0.7733903 0.59444314 0.85715127 0.64289075
13 0.00030161455000000004 0.27781174 0.58442456 0.33940986 0.66803133
8 0.00029984512000000004 0.0 0.7265836999999999 0.16631848 0.96425277
11 0.00029685203 0.12238689999999999 0.61460334 0.16220841 0.6748563
4 0.00029405206000000003 0.7738931 0.5584484000000001 0.8332988000000001 0.66525453
7 0.00029320826000000003 0.06605258 0.5871751000000001 0.1467869 0.72398823
12 0.00029088464 0.026796844 0.6138720999999999 0.10920192 0.6646877
3 0.00028869818 0.7520859999999999 0.5755352 0.89393765 0.6830399
5 0.00028657512 0.06701392 0.62763923 0.14677522 0.7016916999999999
5 0.00028489422000000004 0.07671852400000001 0.6307668000000001 0.18580188 0.6785893
7 0.00028465447 0.76371 0.55648935 0.82702434 0.6854686
6 0.0002845556 0.75807184 0.5840638000000001 0.86108714 0.64850354
4 0.0002836525 0.85772693 0.6018813000000001 0.95337296 0.6816072
8 0.0002821561 0.83770007 0.59802127 0.91344434 0.6832524
6 0.00027915958 0.21643527 0.62824225 0.29151928 0.6646035
7 0.00027655017999999996 0.76794434 0.5779959 0.84399796 0.6569805000000001
3 0.0002764219 0.2708377 0.57989526 0.40884236 0.67045075
8 0.00027559625 0.91435426 0.55554265 0.9862095999999999 0.6253956
4 0.00027405942 0.11107886 0.6071264000000001 0.17845252 0.68200845
11 0.000273329 0.80890864 0.56064767 0.8401373 0.6692241
9 0.00027146470000000004 0.8225171 0.6205478 0.896684 0.6835118
8 0.0002693295 0.49137607 0.13506836 0.7889786 0.60416156
1 0.0002646095 0.049826253 0.6267293 0.11749102 0.6692123999999999
13 0.00026257415 0.69276166 0.010357442 0.96603155 0.66604865
6 0.00025806102000000005 0.06366375 0.61453176 0.1616182 0.66854936
8 0.00025373342 0.67463946 0.5342204 0.72875905 0.5815971
10 0.00025330784 0.08431086 0.5918209 0.14255188 0.6413051
8 0.00025153434 0.08585587 0.42420843 0.36765897 0.8864858
9 0.0002482667 0.7800969 0.5866201999999999 0.83724165 0.6572701999999999
1 0.00024692825 0.078050286 0.6235611999999999 0.13438621 0.69053596
7 0.00024572512000000003 0.21400476 0.61994934 0.27598044 0.67591697
5 0.00024463433999999997 0.25258535 0.6285421999999999 0.32953966 0.7025351
9 0.00024241687999999997 0.8424101 0.5865442 0.98815966 0.70079833
10 0.00023954954 0.33117157 0.3613888 0.38240618 0.41112719999999997
8 0.00023922067000000004 0.01645989 0.41762309999999997 0.2168777 0.88386685
8 0.0002391289 0.73439014 0.17919677 0.9194176 0.79837936
3 0.00023732348999999997 0.25359055 0.59185416 0.3294486 0.6681909
13 0.00023673335 0.82729673 0.5794835 0.97168005 0.70818746
9 0.0002335102 0.094466045 0.61988324 0.1447102 0.68867147
11 0.00023312456 0.8467896999999999 0.5125407 0.9837618 0.73394376
10 0.00023094576 0.77336895 0.5961693 0.84541774 0.6792666
10 0.00022830228 0.052814975 0.7408070999999999 0.19033685 0.9660373
11 0.00022608132000000001 0.7894734999999999 0.58805853 0.8258143 0.6523635999999999
8 0.00021984345000000002 0.22141688 0.603144 0.2782998 0.6526097
9 0.00021888782999999998 0.07990443 0.6236687 0.14549562 0.66894186
6 0.00021406882000000001 0.81789505 0.61852205 0.9407284 0.67368096
11 0.00021352174 0.090400904 0.5897897 0.13011596 0.6463173000000001
8 0.00021185863999999998 0.6594338000000001 0.5376542 0.7085819999999999 0.5825859
9 0.00021119499 0.833197 0.6005196 0.9687315000000001 0.7286354
3 0.00020963872999999998 0.13116136 0.6154826 0.19693387 0.6771473000000001
8 0.00020896696 0.22784490000000002 0.60013133 0.30412292 0.6544888000000001
9 0.00020814677 0.056944974 0.8627693000000001 0.21137851 0.96290106
3 0.0002078538 0.8794533000000001 0.60614055 0.9664408999999999 0.6915298000000001
11 0.00020648605 0.8587537000000001 0.5621523 0.91071177 0.70342827
1 0.00020576346999999997 0.31154440000000005 0.37453797 0.36151692 0.41262636
