8 0.6844644 0.012229927 0.36034040000000006 0.14805517 0.4703367
3 0.21197072 0.027433105 0.3410512 0.14686403 0.45939586
8 0.049475003 0.41363618 0.18037458 0.46956709999999996 0.22057949
3 0.04722687 0.41710379999999997 0.18473291 0.4725357 0.21858573
3 0.035532974 0.29876040000000004 0.17658909 0.39044607 0.22868153
8 0.014346428 0.30318266 0.18002887 0.38182837 0.22213149
13 0.011956415 0.00031806529999999996 0.34885326 0.15481195 0.4730031
8 0.0067176245999999995 0.013205573 0.19273156 0.15648192 0.63389236
8 0.004700963 0.76745903 0.49139570000000005 0.9468454 0.63029444
8 0.004163481 0.01974596 0.31194168 0.18604596 0.56324285
8 0.0034571446000000003 0.016327113 0.21615165 0.17356071 0.45380807
8 0.0031139040000000002 0.0677741 0.1932731 0.3862623 0.66614306
8 0.0018174296 0.020199671000000002 0.16139993 0.19418663 0.8117268
8 0.0016563244 0.0006797686 0.26469475 0.16925788 0.5234389
13 0.0016541835999999998 0.30914020000000003 0.16843334 0.39155948 0.23183091
2 0.0014544303 0.0 0.33112735 0.170769 0.49187616
3 0.0014307045 0.77820325 0.5063835 0.9821084999999999 0.6391071999999999
8 0.0011796886 0.01130905 0.17269701 0.09539459 0.6298062
8 0.0011437063 0.044409692 0.10278097 0.25089067 0.5659387
13 0.0010187600999999999 0.41108608 0.18109551 0.46481484 0.22386170000000002
9 0.0009129354 0.03647843 0.34166268 0.17100523 0.46124983
8 0.0009004989 0.03274411 0.3679833 0.10575777 0.44490245
13 0.0008700167 0.0 0.33858377 0.107597575 0.44680157
8 0.0008531434599999999 0.04312931 0.14853927 0.27552790000000005 0.7986994000000001
8 0.0008349731 0.012251683000000001 0.34254766 0.20283988 0.9189787
13 0.0006234669999999999 0.29476628 0.170945 0.3748223 0.22550517
11 0.0005994792400000001 0.053699777000000004 0.32380015 0.12748723 0.48871845
8 0.0005844157 0.037052244 0.3696846 0.35420692 0.89729786
3 0.0005515896 0.031074472000000002 0.20664683 0.20655102 0.94349116
7 0.00050878304 0.0 0.3126446 0.16358832 0.49778053
8 0.0005058295999999999 0.025494352 0.16569096 0.18507038 0.39074713
13 0.0004885585 0.005270347 0.0 0.35618943 1.0
3 0.00046102044999999996 0.04812379 0.24376778 0.3758344 0.97443056
13 0.00045516169999999996 0.18435585 0.0054291463 0.54000497 1.0
13 0.00044564474999999996 0.0 0.31592387 0.14215091 0.45000806
4 0.00042881435 0.04283119999999999 0.34593743 0.16694081 0.50671333
8 0.00041605797 0.014625013000000001 0.29489509999999997 0.10670823 0.51897234
8 0.0003935678 0.015741783999999998 0.38696834 0.10076693 0.45372470000000004
1 0.00037521287000000003 0.0 0.40011346 0.12883192 0.5009427
13 0.00036577557 0.0 0.0 0.19252037 0.9946079
5 0.00034425152000000004 0.39616063 0.19099323 0.4667854 0.22153889
8 0.00034176031000000004 0.7100868 0.32397142 0.96197665 0.66806614
13 0.00033034355000000006 0.028285585 0.34933174 0.1154288 0.43872443
1 0.00032063024 0.0 0.3748747 0.12590265 0.47254804
8 0.00031296577 0.021442749 0.2562988 0.25690207 0.5239465
2 0.0003051686 0.42118508 0.17436597 0.47890937 0.21385166
8 0.00030430386 0.6853684 0.13161004 0.95346856 0.70269555
5 0.00029330717999999996 0.0 0.39137155 0.14636609 0.48086005
10 0.00029136529999999997 0.034078836 0.27854022 0.15571234 0.48193753
8 0.00029071543 0.37674862 0.15531474 0.66623443 0.8009388000000001
1 0.00026846718 0.40745598 0.18566498 0.45992148 0.21539669
8 0.00025664028 0.56191003 0.3072063 0.87826645 0.9172581
11 0.00025482915000000003 0.42597324 0.17504743 0.45901400000000003 0.2213658
13 0.00024535102 0.30301148 0.14708039999999997 0.66571665 1.0
8 0.00024463117 0.021298337999999997 0.36964184 0.08416718 0.46569553
5 0.00023268532999999998 0.0 0.37651113 0.16050771 0.45753846
8 0.00021898399 0.19437174 0.19075449 0.5025126 0.8806769
10 0.00021635049999999998 0.43035308 0.17673509 0.47370705 0.2176014
3 0.00021402244 0.20791931 0.20194829 0.5695617 1.0
5 0.00020856240000000003 0.2944179 0.18877397 0.3695638 0.22600834
10 0.00019936071 0.047514035999999996 0.312576 0.17852695 0.505549
3 0.00019501858 0.38320237 0.17538679 0.7455773 0.90905774
13 0.00019350904999999998 0.0 0.38759744 0.10835710000000001 0.48012725
2 0.00019129108000000001 0.32407752 0.16300127 0.3933483 0.22267595
3 0.00019054650000000002 0.5699295 0.25571948 0.9504429 0.9701419
3 0.00018554098000000003 0.039677642 0.17939891 0.1999217 0.621536
2 0.00018344614 0.015375085 0.27061886 0.14925605 0.5045573
13 0.00017990121999999999 0.43425733 0.13958608 0.7970219 1.0
1 0.00017978845 0.0 0.38318777 0.07856375 0.4702738
3 0.00017167533 0.06912263 0.23139198 0.43959647 0.7009781
11 0.00016723531000000002 0.028793676 0.32487836 0.07721471 0.5132417
13 0.00016719595 0.026760936000000003 0.38147083 0.119056 0.45836604
8 0.00016331513 0.31778648 0.29206988 0.62528145 0.89602745
12 0.00016288606 0.0 0.31576923 0.16619739 0.43686205
13 0.00016001858 0.5527844 0.12800862 0.9010822 1.0
7 0.00015944146 0.29820678 0.16508903 0.3727382 0.23225121
10 0.00015583077 0.34049585 0.15868829 0.39599094 0.22501808
8 0.00015552467 0.5234548 0.17958152 0.83139336 0.8097327
12 0.00014984132 0.41238230000000003 0.17702582 0.4791839 0.21492277
3 0.00014626173999999999 0.44321874 0.28561363 0.84912944 0.98680365
8 0.00014547046 0.7782583000000001 0.13272385 0.9637015 0.65803736
8 0.00013358456 0.43088508 0.29108098 0.76269484 0.90756106
9 0.00013157097 0.043442942000000005 0.40025803 0.18426629999999997 0.50901955
11 0.00013100254 0.064597726 0.3453144 0.14296277 0.5529573
2 0.00013000930000000002 0.43492934 0.17235906 0.4919633 0.21927491
13 0.0001275069 0.0 0.042960867 0.39942476 0.7534473
10 0.00012431842 0.44693568 0.17561476 0.48571637 0.21841636
5 0.00012362597 0.0 0.39026946 0.080448866 0.47873196
6 0.00012296591 0.0 0.36756766 0.19615017 0.50861883
1 0.00012214466 0.4216005 0.18568783 0.4761031 0.21623172
10 0.00012120255 0.3277296 0.166269 0.37951174 0.22415757
6 0.00011671836000000001 0.40364963 0.18378074 0.48334432 0.21677722
8 0.00011646983 0.28340809999999994 0.16565962 0.5739618000000001 0.8288677
13 0.00011211261 0.005341350999999999 0.35902688 0.113335855 0.4205844
9 0.000108769935 0.032438308 0.36363959999999995 0.13095908 0.5266105999999999
12 0.00010867289500000001 0.0 0.34244794 0.18632028 0.46045306
5 0.00010624118999999999 0.030889094 0.36939195 0.28996545 1.0
11 0.00010490597 0.44128612 0.17618813 0.47595640000000006 0.2190572
11 0.00010340876 0.33413956 0.17201963 0.36431524 0.22529738
10 0.00010265257999999999 0.032763272999999996 0.3632026 0.10612269999999999 0.48376903
9 0.000102433994 0.043075018 0.33180347 0.15284047 0.5189847
7 0.00010165998 0.40714502 0.17777696 0.46502858 0.2263958
8 0.00010119412 0.5465621 0.12551965 0.86238766 0.64800495
3 9.97867e-05 0.056313954000000006 0.18381664 0.2945427 0.63648134
9 9.812023999999999e-05 0.06086514 0.361085 0.23187889999999997 0.4708749
9 9.7715565e-05 0.41943050000000004 0.18486014 0.46627754 0.22332369
10 9.510662e-05 0.02525413 0.32326209999999994 0.09488569 0.4569036
13 9.468353000000001e-05 0.7703631999999999 0.49345416 0.95833015 0.61723953
3 9.3036506e-05 0.014888226999999999 0.35476014 0.10870797 0.47087303
13 9.285118000000001e-05 0.0 0.0 0.18072570000000002 0.64562625
9 8.960948000000001e-05 0.43635029999999997 0.1845061 0.48488212 0.22195464
5 8.673061e-05 0.0 0.42099482 0.13071847 0.50547045
1 8.607701e-05 0.0 0.34923536 0.08081318 0.44102517
5 8.598156999999999e-05 0.008211307 0.3696638 0.1503919 0.9360075000000001
13 8.520964e-05 0.0056614840000000005 0.3778798 0.09010148 0.44443116
8 8.078730999999999e-05 0.011399012 0.30977073 0.07253799 0.49788746
8 8.055711999999999e-05 0.31228447 0.10511753 0.58242846 0.55161154
6 7.852985e-05 0.0 0.33573946 0.18904951 0.47397465
13 7.826732e-05 0.0 0.24137016 0.2687027 0.96108353
11 7.550824400000001e-05 0.04433019999999999 0.278541 0.11032073 0.5903054
8 7.46361e-05 0.014589008 0.3716615 0.13814595 0.5333121999999999
1 7.444944000000001e-05 0.300037 0.18676819 0.36275949999999996 0.22086722
8 7.424261e-05 0.13398983 0.15391114 0.42509538 0.8326888000000001
12 7.271351e-05 0.31522676 0.17280895 0.4020219 0.21859394
1 7.146566e-05 0.3115493 0.18755317 0.38076663 0.22403905
1 7.1206436e-05 0.0 0.3725617 0.09767832 0.50430876
11 6.9172514e-05 0.3207185 0.17796668 0.34914216 0.22404483
5 6.641427e-05 0.0 0.4022447 0.20143458 0.49186102
8 6.440516e-05 0.43379176 0.10721291599999999 0.73849523 0.59227943
4 6.408579000000001e-05 0.08702733 0.35222962 0.21131479999999997 0.49562860000000003
11 6.321148e-05 0.34978417 0.16803829999999997 0.38146058 0.22714953
10 6.300329e-05 0.069922045 0.23574963 0.15485108 0.5345879
2 6.2983614e-05 0.0 0.3481701 0.10509233 0.47676176
3 6.274717e-05 0.28988248 0.19863692 0.6489939 0.91763526
8 6.274212499999999e-05 0.012717562 0.2048466 0.03487082 0.24323368
1 6.239722e-05 0.0 0.38614756 0.17386991 0.48605266
7 6.2123945e-05 0.0 0.27941573 0.13747275 0.5571243
3 6.180276999999999e-05 0.77955616 0.55604804 0.8556075999999999 0.6227955
13 6.174704e-05 0.005400218 0.39048558 0.11762779 0.43992302
10 6.0306353e-05 0.099028945 0.3114438 0.22298270000000003 0.49356112
3 5.8282527e-05 0.024569716000000002 0.35395107 0.11560318 0.43627957
7 5.8054982e-05 0.42277732 0.17916043 0.47799185 0.22551309
9 5.7454516e-05 0.31834045 0.17555523 0.36812540000000005 0.23087563
9 5.6748508e-05 0.016828112 0.35621929999999996 0.093394905 0.48760572
10 5.6229797e-05 0.0648847 0.35031638 0.18989479999999997 0.52910155
13 5.6226116000000004e-05 0.07851586 0.0 0.44237748 1.0
1 5.489592e-05 0.0 0.42638096 0.12446182 0.52377367
8 5.4273787e-05 0.14623185 0.11199593 0.5262177 0.44927946
11 5.301718000000001e-05 0.09640037 0.333631 0.19242907 0.5067351
5 5.2935214999999995e-05 0.0 0.39920136 0.09794307 0.53399384
13 5.2776469999999996e-05 0.62786627 0.0 0.9683101000000001 0.8743283000000002
6 5.0921157000000005e-05 0.29567775 0.18528934 0.40585503 0.22559337
13 5.0379952999999993e-05 0.7507283 0.0 0.98146135 0.78522635
8 5.02486e-05 0.0145378485 0.3108351 0.09979748 0.45448834
1 5.003112e-05 0.28759757 0.18668506 0.34677140000000006 0.21822102
9 4.993206e-05 0.33317533 0.17711918 0.392323 0.22860135
8 4.8645135e-05 0.7503086999999999 0.42414040000000003 0.95721537 0.73160803
13 4.8038248e-05 0.0 0.37638456 0.19687703 0.49750662
13 4.7240446e-05 0.017434143 0.37253004 0.07716093 0.46368495
5 4.6258312e-05 0.101815134 0.45205072 0.38063559999999996 1.0
4 4.5814948000000005e-05 0.43912625 0.18062606 0.48412429999999995 0.21835695
5 4.424885e-05 0.017262101000000002 0.39818838 0.19858105 1.0
4 4.4181990000000004e-05 0.33119562 0.17104462 0.39209345 0.22060171
5 4.3939292999999995e-05 0.24424747 0.32133874 0.49466762 1.0
10 4.157305e-05 0.3164391 0.17832443 0.36528885 0.21969913
8 4.1484756e-05 0.2495964 0.13163002 0.5330897 0.6307763000000001
5 3.9852842999999997e-05 0.41309409999999996 0.32507995 0.6809731 0.9594238000000002
8 3.9081653e-05 0.008795023 0.7017639 0.28664222 0.99913925
13 3.7710774999999996e-05 0.0 0.1515565 0.1862377 0.46405402
13 3.723563e-05 0.30201940000000005 0.014992786000000001 0.66352713 0.7859461
3 3.677312e-05 0.03892181 0.32269105 0.21323588 0.58488595
4 3.6163117e-05 0.05636453599999999 0.29265586 0.14936325 0.50249404
3 3.5949106e-05 0.12901331 0.21277 0.4880041 0.9351438
5 3.581624e-05 0.06293586 0.35339972 0.34626009999999996 0.86629957
2 3.556949e-05 0.30805942 0.17304029 0.36811003 0.21056972
12 3.5434838e-05 0.30527812 0.1754425 0.37179464 0.21901217
8 3.3949684e-05 0.772464 0.5606876000000001 0.83623165 0.6125802
3 3.36194e-05 0.59985507 0.1852944 0.960369 0.7209624
3 3.3073888e-05 0.02273618 0.3176949 0.12461585 0.5282952
10 3.2995929999999996e-05 0.06632389 0.3280626 0.110776365 0.4305872
8 3.2175412e-05 0.042153526 0.38070446 0.10962151 0.4591638
4 3.1361275999999995e-05 0.4210307 0.18252611 0.46908778 0.21761747
5 3.0947892999999996e-05 0.37452470000000004 0.4122339 0.6487601 1.0
7 3.0939245e-05 0.0 0.061115097 0.4098016 1.0
12 3.0674169999999996e-05 0.0035423636 0.28260666 0.17480627 0.40857416
13 3.0389809e-05 0.007920551999999999 0.3126558 0.10768692 0.55225205
3 3.0313946e-05 0.44159849999999995 0.18731673 0.8122319 0.65597665
4 2.9461095999999997e-05 0.31221357 0.17268763 0.37296256 0.21711713
10 2.9147832e-05 0.040175226 0.38229287 0.11368775 0.4515292
7 2.8883615e-05 0.0 0.33105186 0.08844891 0.49892882
3 2.8839708e-05 0.026840456000000002 0.36855137 0.20192093 0.49522036
13 2.8503411000000002e-05 0.08293371 0.32091242 0.41244250000000005 1.0
13 2.821803e-05 0.044206377000000005 0.3726276 0.10191560000000001 0.47269306
3 2.8098011e-05 0.041317888 0.18281876 0.21243703 0.4341857
4 2.7691777999999998e-05 0.07115828 0.29648378 0.17444271 0.43424840000000003
3 2.7021819e-05 0.7788254 0.20616251 0.9838935 0.8426507
5 2.6968119999999998e-05 0.015864685 0.34837535 0.23943336 0.881619
7 2.659752e-05 0.0 0.053447463 0.21360414 0.9907292999999999
10 2.5801044000000003e-05 0.8255645 0.47837284 0.98179376 0.621286
5 2.5633828e-05 0.50088537 0.44958943 0.78367853 1.0
5 2.5614783e-05 0.29687488 0.39648515 0.5756489 1.0
3 2.5564099000000002e-05 0.31740640000000003 0.17160569 0.6510358 0.6458133
1 2.5441568000000003e-05 0.0 0.18375462 0.17812411 0.8104784
3 2.5415882000000003e-05 0.031191349 0.27978987 0.19133042 0.5085984
13 2.4634976999999997e-05 0.043256268 0.0 0.5412345000000001 0.5070108
1 2.4184099000000002e-05 0.26608032 0.06854826 0.69485056 0.7390334
1 2.3648417e-05 0.0 0.15768327 0.32848325 0.85961664
8 2.3284161e-05 0.7197433000000001 0.34900728 0.94389504 0.9292746
4 2.1829528e-05 0.030499645 0.3244984 0.13547304 0.53327024
13 2.1595010000000003e-05 0.44910723 0.0 0.84056836 0.78981996
9 2.1489162e-05 0.04153329 0.064361736 0.20965429999999996 1.0
3 2.1262522e-05 0.36839694 0.37896845 0.7749329 1.0
13 2.0991023e-05 0.0 0.24727723 0.17259254 0.5321304
10 2.0871354000000002e-05 0.04882452599999999 0.36858976 0.09927315 0.46074057
6 2.0705142e-05 0.0 0.37890497 0.12731276 0.48224490000000003
3 2.0398587e-05 0.16233301 0.13979547 0.5875049 0.49508855
11 2.0137988e-05 0.037175037 0.3389741 0.083809614 0.5452291
3 1.9097320000000002e-05 0.31794888 0.15826745 0.39268953 0.20267798
1 1.90444e-05 0.095371544 0.095146805 0.52069956 0.8299759
3 1.884126e-05 0.030783925 0.2980133 0.15053086 0.5838648
13 1.8718321e-05 0.030428851 0.35453165 0.08639692 0.44820982
7 1.8618148000000002e-05 0.1291597 0.02659844 0.6072900999999999 1.0
9 1.8604318e-05 0.07146549 0.05269970400000001 0.37841868 1.0
1 1.8308438e-05 0.0 0.32025027 0.12722057 0.4205573
13 1.827937e-05 0.0 0.6790973000000001 0.30756602 1.0
2 1.8214394e-05 0.039733015 0.039146600000000004 0.21994734 0.75878835
11 1.8123064e-05 0.8465098 0.51034784 0.94037163 0.66707057
13 1.7960865e-05 0.01948354 0.35085243 0.070033 0.4427592000000001
12 1.7856002000000002e-05 0.016190621999999998 0.30555516 0.10635799 0.44035816
12 1.7770004e-05 0.022077127999999998 0.3376167 0.110967174 0.47155303
3 1.723058e-05 0.07620529 0.32720846 0.31474188 0.61872536
5 1.7160224e-05 0.0 0.32095906 0.3373977 0.70127475
3 1.6963053e-05 0.7785840999999999 0.42599744 1.0 0.70527804
7 1.6910133e-05 0.33398548 0.07223788 0.80884063 0.99615896
11 1.685312e-05 0.040646113 0.3726093 0.07866827 0.47967959999999993
3 1.679575e-05 0.047647625 0.72861147 0.37095386 1.0
7 1.6585249e-05 0.014682658000000001 0.28189266 0.16242737 0.44144052
10 1.6366668e-05 0.5503775 0.015477233 0.78970957 0.9089809999999999
13 1.6291457e-05 0.0 0.33808514 0.07087124 0.48987457
2 1.6040276e-05 0.008881673 0.3151722 0.103242375 0.4320121
9 1.6008255e-05 0.44459236 0.0332918 0.7775395 1.0
9 1.5984467999999998e-05 0.055061772 0.35405952 0.117997915 0.4407764
3 1.5757852e-05 0.027087907999999997 0.33955464 0.10449116 0.40064440000000007
10 1.5568838e-05 0.03492133 0.384246 0.08628989999999999 0.45786062
10 1.5439204e-05 0.065824635 0.35690275 0.114700265 0.46462965
12 1.5305844e-05 0.057456932999999995 0.3534879 0.11681645 0.43819259999999993
13 1.525928e-05 0.060129754 0.3707787 0.112394564 0.47491348
8 1.5053793499999999e-05 0.047551394000000004 0.37202528 0.094026804 0.46833277
12 1.4831922e-05 0.23623721 0.0 0.6462455 0.6747158000000001
5 1.4825879e-05 0.6108395000000001 0.47744066 0.8782406999999999 1.0
10 1.471365e-05 0.35405207 0.0 0.618991 1.0
5 1.4693712e-05 0.49582732 0.35560617 0.76222193 0.9225898000000001
8 1.4625998e-05 0.08725354 0.075102486 0.6039828 0.315335
8 1.4503435e-05 0.06117368 0.3659126 0.106376976 0.46393377
2 1.4472074e-05 0.4559077 0.0920411 0.76890504 0.7575022
10 1.4318329e-05 0.14079270000000002 0.0 0.43091527 1.0
9 1.4264117000000001e-05 0.3068447 0.1755611 0.35115534 0.23317121
12 1.417465e-05 0.0016638488 0.36138958 0.20062803 0.49358568
10 1.4167734e-05 0.049352862000000004 0.33975014 0.09366619999999999 0.43364474
5 1.4059860000000001e-05 0.19003905 0.43290865 0.4576925 1.0
2 1.4013134e-05 0.06045817 0.058035355 0.4008801 0.7841425999999999
5 1.39357335e-05 0.0013132691 0.2659937 0.14071824 0.63679826
2 1.3849254e-05 0.10043734 0.304676 0.42344259999999995 0.8693164000000001
13 1.3519329e-05 0.47084662 0.26888672 0.8869703999999999 0.92221105
4 1.3514115999999999e-05 0.017414618 0.34072042 0.095727116 0.47587723
8 1.34858365e-05 0.31677842 0.15916157 0.37440008 0.19797982
10 1.320674e-05 0.060585283 0.37493718 0.12557214 0.45329463
10 1.3161411e-05 0.0445351 0.35801414 0.11088601 0.42184418
12 1.3108551e-05 0.4130451 0.0 0.8324985 0.57484293
8 1.3107256e-05 0.04923965 0.07126678 0.31142770000000003 0.30017933
9 1.2944259e-05 0.26951729999999996 0.0062940773 0.5840651 1.0
10 1.2935345e-05 0.35849053 0.15578468 0.40964288 0.22377310000000003
6 1.2850339e-05 0.35915887 0.24100012 0.8020642 0.8299619
9 1.2845021999999998e-05 0.035730242999999995 0.08804854 0.18098187 0.75881964
7 1.28332495e-05 0.5110023 0.14612888 0.9911784 1.0
13 1.2817203999999999e-05 0.0 0.26585165 0.25980679999999995 0.56294304
12 1.2727931e-05 0.0003799796 0.0 0.4696048 0.70765144
2 1.2714308000000001e-05 0.40126032 0.25813183 0.71612483 0.9127089
12 1.2623688999999999e-05 0.007428661 0.31157187 0.14659141 0.48433763
1 1.2598893e-05 0.21973279 0.20465234 0.65576327 0.85157603
12 1.2552340999999999e-05 0.0065061897 1.0066006999999999e-05 0.25231183 0.6959273
3 1.237579e-05 0.011217548999999999 0.33252898 0.09452377 0.502953
1 1.2303294000000002e-05 0.34795892 0.22875239 0.7818394000000001 0.8596982
6 1.2279899e-05 0.17801024 0.22910476 0.6320762 0.89096415
2 1.2169825e-05 0.32819477 0.2538203 0.6352637 0.9129851000000001
10 1.2140710000000001e-05 0.61302096 0.107398175 0.8628332000000001 1.0
10 1.2090530000000001e-05 0.18440704 0.20567839 0.45069462 1.0
6 1.1681106e-05 0.0 0.34643075 0.12036 0.4490022
13 1.1681102000000001e-05 0.15002127 0.0038352022 0.52237195 0.67209524
10 1.1618e-05 0.07941733 0.0 0.2307777 0.97961724
10 1.1522439e-05 0.49842146 0.10200908 0.7483989000000001 0.9957806
10 1.1354528000000001e-05 0.03874406 0.39351177 0.11170368 0.51271206
5 1.1335326e-05 0.5709677 0.35838562 0.8261075999999999 0.9572678
1 1.12978405e-05 0.03576244 0.36750656 0.10478507 0.44252712
8 1.1214791e-05 0.6193166999999999 0.066284604 0.9058138000000001 0.32233337
10 1.09753855e-05 0.098666534 0.25612763 0.18254276 0.5392931
3 1.09028215e-05 0.046007745 0.34859765 0.11537758 0.46271008
2 1.0700066e-05 0.651305 0.21224421 0.9543831 0.8989669
10 1.0533076e-05 0.8349754 0.49813774 0.9920384 0.66441965
10 1.0507706e-05 0.42216873 0.09590325 0.6744219 0.9756413
