3 0.9871612 0.19549662 0.5276109 0.26738490000000004 0.60744977
8 0.6343028 0.07414242 0.6827861999999999 0.22122779999999997 0.7935496999999999
3 0.16763440000000002 0.082255125 0.67752707 0.21262842 0.79225045
8 0.049111235999999996 0.19565266 0.536367 0.26171279999999997 0.6055656999999999
8 0.037191353999999996 0.057619616 0.69607174 0.20242591 0.8226266999999999
3 0.036074537999999996 0.76389813 0.44591826 0.8653945 0.5111198
8 0.024584032999999998 0.7735432 0.44776458 0.86229175 0.5048805000000001
8 0.021371135 0.20135003 0.52281326 0.27357215 0.598641
8 0.020711524 0.48469394 0.24672674 0.5333579 0.29262093
13 0.015590053000000001 0.06975018 0.687528 0.24550533 0.80476356
8 0.012347189 0.47584709999999997 0.23778768 0.6386109000000001 0.3368455
13 0.006028999 0.20004119 0.5352624 0.2913392 0.59887564
8 0.0057321456 0.5231908 0.28660432 0.587959 0.33467105
8 0.0053753178 0.01647482 0.46267387 0.20616138 0.9121191999999999
3 0.004689367 0.5257508000000001 0.28288484 0.5933195 0.35006252
13 0.0036037231 0.210944 0.52942383 0.27891448 0.6185039999999999
3 0.0035393976 0.49158199999999996 0.25002766 0.5295085 0.29574996
13 0.0033674242 0.1772973 0.54145247 0.25277624 0.5944328000000001
13 0.0033021332 0.5204970999999999 0.28209978 0.5934149999999999 0.33373850000000005
13 0.0025159055 0.18757045 0.5601242 0.27264859999999996 0.6037906
13 0.002515231 0.7859634 0.45007762 0.8686024999999999 0.50587547
8 0.0024052768 0.082670465 0.47729558 0.47890973 0.9261393
8 0.002290655 0.045631662 0.54727405 0.31592518 0.9364216999999999
3 0.0018212474 0.6393903000000001 0.4794465 0.7223632 0.53305966
8 0.0016861973999999999 0.026082307000000002 0.6282321999999999 0.20511906 0.8919676
3 0.0015508247 0.79947937 0.44783813 0.87756574 0.50891745
13 0.0014501387 0.05100657 0.72239286 0.23856570000000002 0.82214695
8 0.0013032681 0.050838075999999996 0.50457376 0.22959363 0.86134726
3 0.0012309559 0.20085193 0.5217068 0.2689385 0.57186466
6 0.0011930325999999999 0.18361625 0.53710705 0.2606076 0.58657736
2 0.0011643118 0.18869629999999998 0.53195053 0.2584844 0.5770536
1 0.0010761799000000001 0.17936644 0.5479251 0.23705423 0.5906201999999999
11 0.0010360978 0.19762956 0.5395793000000001 0.23265497 0.59184325
13 0.0010003878 0.48065957 0.2615998 0.5305677 0.29810458
2 0.0009683140699999999 0.045940608 0.6666685 0.26568055 0.8324635
5 0.0009608087 0.16108234 0.54658717 0.2581964 0.5849751
8 0.0009492232000000001 0.9083545 0.33097129999999997 0.9847113999999999 0.48314732
13 0.0009010372999999999 0.019287206 0.7089732 0.2160761 0.80557233
12 0.0009001498 0.20000012 0.53368706 0.26166818 0.5837616
8 0.0008798078 0.6463321 0.48300266 0.7117637 0.524162
3 0.00086125004 0.52125496 0.24519213 0.64362234 0.34716985
7 0.000828442 0.17784408 0.55209565 0.25664770000000003 0.62969625
7 0.00076451723 0.17677782 0.52924556 0.24518527 0.59906685
8 0.00072857155 0.64027077 0.22181667 0.9225934000000001 0.9690419
8 0.0006610763400000001 0.013836533 0.58915585 0.26985943 0.8778200999999999
13 0.0006434246 0.07870788 0.6690246999999999 0.21266317 0.8304816999999999
8 0.0006398902999999999 0.03242202 0.21241839999999998 0.20389673 0.9409268
10 0.0006367654 0.18124603 0.53540206 0.25207293 0.5812648
8 0.0006098662 0.72927725 0.26547435 0.9466233000000001 0.8972476
4 0.0005888707 0.13116670000000002 0.67651016 0.26344335 0.8426374
9 0.00058614224 0.09973063 0.6808945 0.2538993 0.80677456
8 0.0005836381 0.03660384 0.6915424 0.17192128 0.8489655999999999
1 0.0005669925 0.22068231 0.5431632 0.2750349 0.60910237
10 0.00054894504 0.20250937 0.5537798 0.27339450000000004 0.6208372
13 0.0005489354 0.4864487 0.24134596 0.653452 0.35130483
8 0.0005478784400000001 0.07941303 0.23512915 0.44500515 0.91174304
11 0.0005358444 0.08766869 0.65866494 0.18804178 0.85869795
13 0.00049582456 0.061761446 0.6946137 0.19820634 0.8544246999999999
9 0.00048644567000000004 0.11359564 0.7087644000000001 0.2815058 0.8186680000000001
10 0.00048002362 0.122573845 0.63337743 0.26420614 0.8383449000000001
11 0.00047454949999999995 0.12723431 0.66647315 0.22974813 0.8482076999999999
7 0.0004707048 0.21375386 0.52004737 0.29323468 0.60099584
5 0.00044528345000000003 0.17077933 0.56777436 0.26563996 0.6174423000000001
8 0.00044440565000000004 0.0854262 0.13937804 0.35188663 0.7450348000000001
8 0.00043762765999999997 0.05056254599999999 0.20518622 0.32858396 0.88420707
2 0.00042178133 0.48364046 0.2586542 0.5580042 0.30112857
2 0.0004153236 0.21779688 0.5183153 0.29442108 0.5907081
6 0.0003977051 0.18714544 0.56562024 0.2786148 0.6130014
10 0.00037124442 0.23592064 0.5137207 0.29690429999999995 0.5879543
13 0.00037048748 0.6347988 0.4787898 0.70089346 0.5257676
9 0.0003507408 0.22987057 0.5344977 0.30873659999999997 0.58253837
4 0.00035004318 0.16018775 0.6455149 0.28163895 0.8068733
9 0.0003442953 0.18799870000000002 0.53373176 0.24843563 0.5833975
4 0.00034309012999999996 0.23783642 0.5166624 0.30416697 0.5991045
4 0.00034025337999999994 0.19761044 0.5460130999999999 0.26860413 0.62427807
9 0.00033671242999999993 0.23395437 0.52727497 0.28985912 0.59551096
8 0.00033259307 0.9547242 0.33831602 0.9934870000000001 0.40618637
12 0.00032710347999999995 0.22454554 0.5343836 0.3034792 0.58477247
11 0.0003191409 0.21618715 0.55181986 0.26199412 0.62977177
6 0.00031144593999999997 0.20441844 0.5347212 0.31481785 0.59385455
9 0.00030375294999999996 0.20436117 0.5591276 0.27600375 0.60835594
7 0.0003029455 0.049477324 0.6585309 0.2571988 0.8171292
7 0.00029716002999999997 0.21609664 0.4974763 0.28114766 0.62767625
12 0.00029500676 0.052819705999999994 0.6509305999999999 0.26417542 0.7639895000000001
3 0.0002938549 0.9545944 0.346968 1.0 0.4680303
2 0.00029110105 0.22231060000000002 0.49567252 0.2798972 0.60822105
12 0.00029049648 0.21964229999999998 0.5214217000000001 0.28649104 0.59655076
1 0.0002892945 0.064411655 0.7266026 0.21311711 0.8322763000000001
9 0.00028677902 0.20485336 0.5312824 0.29534674 0.5830930999999999
13 0.0002811637 0.7641175 0.44722724 0.851568 0.5042031
2 0.0002802125 0.19248477 0.55779064 0.27277285 0.61060154
10 0.00027630755 0.08828586 0.6119876 0.2362482 0.810339
10 0.00026897655 0.24003811 0.48660934 0.28543720000000006 0.6078203000000001
10 0.00025860083 0.22339001 0.54745066 0.28863403 0.6181145
8 0.00025844068 0.6378767 0.4556978 0.6999460999999999 0.5087971
10 0.00025814707999999997 0.79849875 0.439154 0.8615360000000001 0.50490594
3 0.00025680318 0.9170465 0.33999640000000003 1.0 0.509353
8 0.0002486529 0.19453458 0.5207413 0.25408864 0.5751904
8 0.00024712307 0.9508236999999999 0.3544122 0.9915031999999999 0.44881845
5 0.00023058709 0.21187419 0.5398871000000001 0.29394972 0.6291585
13 0.00022986004 0.19315727 0.5390505999999999 0.2550048 0.6226547
4 0.00022765435000000002 0.23441824 0.5016520000000001 0.28995225 0.61614054
4 0.00022627442000000002 0.19225998 0.53078437 0.2537059 0.59035283
5 0.00022353165000000002 0.17301145 0.5393744 0.30035156 0.5946253
13 0.00022289830000000001 0.03363455 0.68380517 0.21079677 0.7870156
12 0.00021741327999999998 0.20124736 0.52617776 0.29456005 0.5839349
1 0.00021331255 0.028417446000000002 0.7225901 0.17978573 0.8236815000000001
5 0.00021020691000000002 0.18215594 0.54044145 0.26019505 0.61462235
2 0.00020898574000000002 0.086657666 0.61882836 0.27519655 0.815426
10 0.00020649849 0.8166199000000001 0.43335200000000007 0.8755369000000001 0.50529057
11 0.00020108544999999998 0.14546439 0.6432581999999999 0.24981615 0.80840856
1 0.00019761009 0.06219218 0.69199485 0.22378793 0.7880438
11 0.00019079189 0.24482507 0.49722776 0.27977973 0.6092373999999999
8 0.00018252555 0.5346451999999999 0.28185725 0.6049310999999999 0.33213723
8 0.00017721333 0.62156874 0.12910745 0.8968118 0.68792415
4 0.00017681640999999998 0.2193944 0.54205084 0.28150198 0.6248673
3 0.00017401496 0.6374361999999999 0.45931873 0.71561044 0.51893294
11 0.00017001305 0.21981885 0.5311928000000001 0.26868132 0.5971613
11 0.00016195978 0.24743675 0.52730006 0.28985554 0.5919919
11 0.0001470142 0.20518517 0.5013242 0.24175477 0.62025017
8 0.00014136906 0.7220304 0.41724682 0.8831198 0.5386916
4 0.00014069602 0.08383029 0.67999953 0.22420928 0.8328921999999999
5 0.00013711282 0.013884395 0.735532 0.264251 0.8272792
3 0.00013632416000000002 0.6492456 0.26246959999999997 0.9645739999999999 0.9445870999999999
1 0.00012895068 0.19529909 0.5696762 0.25583145 0.6149685
10 0.00012476342 0.19932425 0.51890236 0.28854254 0.5880124
12 0.00012475213 0.20543613 0.5489109000000001 0.28444707 0.6041099
11 0.00012411081 0.22453539 0.500556 0.26025718 0.6171813
9 0.00012271413 0.21710081 0.5267234000000001 0.26990056 0.59535575
1 0.00012240664 0.7918042 0.46478614 0.8688146000000001 0.504499
3 0.00012213393 0.95919234 0.33143345 1.0 0.41500193
9 0.00012093338599999999 0.8182509 0.45769444 0.88451374 0.5034145999999999
4 0.00012017516000000002 0.81398636 0.43684992 0.87118465 0.50275946
1 0.000117172836 0.1848797 0.54961246 0.24272414 0.6148176
7 0.00011567374 0.20199272 0.49197698 0.26707533 0.6390245
8 0.0001138086 0.5372066999999999 0.1746926 0.82817966 0.9290813
3 0.00011291841999999998 0.04892888 0.47167063 0.24337974 0.91161895
2 0.00011174937400000001 0.78107023 0.43697104 0.86283576 0.5041956
2 0.00011064521000000001 0.52234924 0.27436292 0.609009 0.33249387
1 0.000110109715 0.20268801 0.54601294 0.26207329999999995 0.6188001999999999
13 0.0001087469 0.0 0.39861247 0.21320769 0.93998975
9 0.00010830841000000001 0.7977788 0.45855644 0.86611503 0.5056951
11 0.00010502027 0.8124766 0.44327962 0.8485988999999999 0.51093376
4 0.00010351511999999998 0.7931081999999999 0.43970215 0.8578625 0.50372446
8 0.00010152600599999999 0.52594304 0.25718454 0.59955704 0.31417462
8 0.00010079516 0.647105 0.06520314 0.8911101999999999 0.3351768
8 0.00010037867 0.16810018 0.47458859999999997 0.30782098 0.6300508
13 9.9905075e-05 0.5278520999999999 0.27015100000000003 0.6357599 0.33005267
8 9.850399999999999e-05 0.04596606 0.119144514 0.28925982 0.6842169
6 9.6581374e-05 0.012998223 0.7046321999999999 0.30358422 0.8350063
7 9.618146000000001e-05 0.1835559 0.49601945 0.2511718 0.642807
3 9.438382e-05 0.49666214 0.24938548 0.54683673 0.30027202
5 9.288385e-05 0.7582730999999999 0.46780732 0.8590021000000001 0.51213056
12 9.139924000000001e-05 0.80336213 0.4544079000000001 0.8778961999999999 0.49498746
11 8.747098e-05 0.23401308 0.5516024 0.281066 0.6259465
8 8.5083586e-05 0.7260937 0.6147048 0.9351273000000001 0.881446
8 7.958149e-05 0.89459807 0.36462215 0.98153275 0.52163815
12 7.946190499999999e-05 0.20132020000000003 0.5180908 0.27201626 0.5968971
13 7.812409999999999e-05 0.06112405 0.6446616999999999 0.23142162 0.7793557
9 7.474295e-05 0.11768187599999999 0.73370796 0.26864040000000006 0.85238683
8 7.410303000000001e-05 0.7609355999999999 0.15052657 0.94090253 0.6346969
9 7.4091025e-05 0.09591593 0.6537614 0.20446943 0.857082
13 7.377098000000001e-05 0.0 0.0 0.33600240000000003 0.3375692
8 7.280063e-05 0.042928055 0.04200617 0.3001541 0.310359
7 7.066668000000001e-05 0.7808609000000001 0.44179317 0.85558677 0.5111829000000001
3 7.059255999999999e-05 0.5273251999999999 0.27759314 0.6321836 0.35006878
10 6.77385e-05 0.5412087 0.27334749999999997 0.6006922 0.33385053
8 6.754506e-05 0.6348914000000001 0.5834873 0.92800295 0.87204367
11 6.753288499999999e-05 0.057771116 0.6519689999999999 0.15747999 0.8459401
10 6.640913e-05 0.12349139 0.5844136 0.21574624 0.83057606
9 6.551398e-05 0.20183033 0.5301057 0.24815452 0.6015520000000001
13 6.398351e-05 0.0 0.06749322 0.2222138 0.9426606
6 6.392586500000001e-05 0.7702669 0.45799726 0.896806 0.50731856
5 6.389570999999999e-05 0.030920773999999998 0.7209890999999999 0.30840477 0.8092956
1 6.318470999999999e-05 0.20934388 0.57137996 0.2737926 0.61618775
13 6.260950600000001e-05 0.51818085 0.30608627 0.5978472 0.35258254
4 6.23746e-05 0.11425926 0.7043888 0.24657939999999998 0.86444014
12 6.109803e-05 0.5283623000000001 0.27130142 0.6133592 0.32397258
13 6.100106e-05 0.052178532 0.5216708999999999 0.22615898 0.9688696
7 5.8949499999999995e-05 0.47241640000000007 0.25088692 0.5432104999999999 0.3118405
8 5.7163234e-05 0.20919845 0.13366175 0.4924501 0.68764454
10 5.5566965e-05 0.559314 0.26358595 0.61370885 0.33516175
13 5.4659921999999995e-05 0.6287693 0.45514807 0.6938133000000001 0.5080173
4 5.4586762e-05 0.21409161 0.50791925 0.27699235 0.61885613
13 5.4583433999999996e-05 0.0 0.4916561 0.51266706 0.96882915
8 5.4401888e-05 0.9469846 0.37352690000000005 0.98684865 0.4709102
8 5.3782933e-05 0.41253716 0.17559236 0.7281664000000001 0.8685763000000001
1 5.3104777000000004e-05 0.0 0.7178718000000001 0.14912221 0.81069577
8 5.220609e-05 0.553127 0.25817629999999997 0.6200835 0.30713272
9 5.1364670000000004e-05 0.49488744 0.26181093 0.54688704 0.30329028
11 5.097391e-05 0.12395014 0.5916381 0.20508786 0.85401404
11 4.7896013999999995e-05 0.8315290999999999 0.4434142 0.86503035 0.5077640999999999
10 4.744639e-05 0.11111943 0.6836858 0.2730393 0.873129
8 4.7412654e-05 0.7851418000000001 0.29985785 0.9554224 0.57385486
13 4.7367288e-05 0.19583626 0.52047217 0.2663293 0.57851696
3 4.6314023999999996e-05 0.13462876 0.5136741 0.59860814 0.9449334
12 4.6077857000000004e-05 0.04537914 0.670672 0.24480608 0.79063076
2 4.5949262e-05 0.48794416 0.22650556 0.70049495 0.36518037
2 4.5255051999999995e-05 0.19607513 0.5029639 0.26210234 0.5911350999999999
8 4.2482465e-05 0.082089245 0.60293937 0.18892893 0.82460916
7 4.245246e-05 0.0030505284999999996 0.69872034 0.23652264 0.8532731
5 4.2386220000000006e-05 0.46280268 0.27239275 0.5361640999999999 0.31168118
8 4.1088635e-05 0.013512686000000001 0.73112386 0.14300205 0.8916948
11 4.0556606e-05 0.10035132 0.58794916 0.18294998 0.91214263
3 3.9919679999999995e-05 0.7647885 0.2874032 0.9881194999999999 0.8811853999999999
9 3.9873143e-05 0.05224079 0.6945964 0.19597171 0.82889676
9 3.9678158e-05 0.53209907 0.2868111 0.5926511999999999 0.34204070000000003
8 3.9536328e-05 0.27130783 0.1787675 0.6043578000000001 0.85166913
11 3.950781e-05 0.5013742999999999 0.24638252 0.53865904 0.31213385
1 3.822119e-05 0.50969666 0.29457936 0.58055466 0.32949814
10 3.8059723e-05 0.21516576 0.48926574 0.27210572 0.60883266
1 3.7073009999999996e-05 0.48036736 0.26497555 0.5280369 0.30175227
3 3.6985290000000006e-05 0.6372183000000001 0.10987562 0.9653328000000001 0.33187476
7 3.6880698e-05 0.5116898 0.27307862 0.5892986 0.34613258
3 3.6481983e-05 0.041956782000000005 0.65866363 0.23340425 0.9019681999999999
10 3.6473826e-05 0.7877867 0.45135093 0.8483921 0.5031147
8 3.6296904e-05 0.099536985 0.7012326999999999 0.17395422 0.77073956
13 3.3704209999999996e-05 0.0 0.6143098000000001 0.22099277 0.9088016999999999
13 3.2786116000000005e-05 0.0045625566999999995 0.6391382 0.18091369 0.86339915
6 3.1952743e-05 0.020973295 0.674746 0.31998107 0.7925185
13 3.1643096e-05 0.6930581 0.029232912000000003 0.9722735 0.94784254
3 3.147195e-05 0.55393267 0.2861172 0.893798 0.9932771999999999
1 3.1301347999999996e-05 0.03486237 0.6510083000000001 0.18129383 0.7838268
10 3.115044e-05 0.5117371000000001 0.24879272 0.5532111999999999 0.3073666
3 3.0698055e-05 0.5255079 0.30132854 0.5952984 0.36500016
8 3.0385405e-05 0.5293536999999999 0.30871207 0.5767545999999999 0.34684570000000003
9 3.0348454e-05 0.08425146 0.69154656 0.18984023 0.88093203
8 3.0127327e-05 0.01406231 0.01626713 0.07602834 0.07620757
8 3.0111082999999997e-05 0.072814725 0.62353474 0.17181766 0.8712559000000001
11 2.9548513e-05 0.5444190999999999 0.28389645 0.5815303 0.34637890000000005
5 2.8996869999999998e-05 0.0 0.765375 0.21934167 0.84931636
5 2.8924040000000006e-05 0.49773028 0.2989374 0.5912741 0.3371834
8 2.7998937999999998e-05 0.029094837999999998 0.020193628999999998 0.15841827 0.15817139
13 2.7669903e-05 0.0006568133999999999 0.34471098 0.3814059 0.96826833
13 2.7323133e-05 0.53419864 0.24723710000000002 0.627278 0.30315393
10 2.7037626e-05 0.05901026 0.66261744 0.2156623 0.83111805
6 2.6975370000000004e-05 0.52420855 0.29892853 0.61596084 0.33634552
6 2.6876603e-05 0.18180689 0.52228177 0.26920813 0.6166383000000001
6 2.6749762999999998e-05 0.47715664 0.26633206 0.5520855 0.30687547
13 2.645991e-05 0.9411796 0.33876422 0.9928207 0.44575757
10 2.6382637e-05 0.10446883 0.6231696999999999 0.20660481 0.8554859
13 2.63715e-05 0.5794126 0.04468141 0.94808567 1.0
3 2.5293763e-05 0.53086156 0.25553268 0.61445826 0.32634503
13 2.511301e-05 0.0 0.7272044 0.19232288 0.8269354
8 2.4481446e-05 0.13653661 0.11389389999999998 0.42551756 0.6777808000000001
8 2.3760887e-05 0.058632314000000005 0.6362896 0.69188637 0.93807596
13 2.3338462e-05 0.18129802 0.5665757 0.24816242 0.6067996
13 2.3228939999999997e-05 0.58616865 0.0 0.957507 0.36695012
8 2.2688753e-05 0.52220434 0.12151154 0.798659 0.6727228
3 2.239219e-05 0.042233154 0.089557126 0.35674809999999996 0.32302666
9 2.1739344e-05 0.071407475 0.7343698000000001 0.20998052 0.8492649
10 2.1412656000000002e-05 0.19838029 0.5112724000000001 0.2612842 0.60932225
8 2.1341046e-05 0.71510285 0.11222437 0.9113030000000001 0.47348950000000006
13 2.1192103e-05 0.09385091 0.7147467 0.18049228 0.7940782
13 2.1185893e-05 0.027591966000000002 0.65730983 0.18812478 0.7696745
13 2.0918979999999996e-05 0.0 0.0 0.1836412 0.15795083
11 2.062877e-05 0.79512703 0.44543514 0.8326732 0.51000535
12 2.04749e-05 0.07532282 0.6259 0.20494165 0.7967195
1 2.0362128e-05 0.7595630999999999 0.46397254 0.8361818999999999 0.49954262
13 2.0333466e-05 0.8825784 0.34384927 0.9809669 0.49904197
13 2.0300463999999998e-05 0.0 0.5900810000000001 0.3396927 0.9220708000000001
9 2.0250450000000002e-05 0.5463334 0.28777412 0.61354655 0.34046194
3 2.0223486e-05 0.7381718 0.62235135 1.0 0.9267960999999999
3 1.9898155999999998e-05 0.7544928000000001 0.43668386 0.89828867 0.5573623999999999
4 1.9846993e-05 0.19404908 0.51688874 0.26651514 0.61436784
13 1.9710784e-05 0.16477193 0.52960265 0.3046934 0.64126074
8 1.9217445e-05 0.50428355 0.25385705 0.56967926 0.30575946
3 1.8918849e-05 0.025620557000000002 0.7616303000000001 0.16861176 0.9170995999999999
13 1.8890610000000002e-05 0.93464595 0.35431302 0.9903514999999999 0.42483276
9 1.8237346e-05 0.121547885 0.69653785 0.22596884 0.8569704
5 1.8194893e-05 0.0 0.7344393 0.18374336 0.8274166999999999
10 1.8171648e-05 0.16300105 0.56322485 0.24017923 0.82333136
13 1.812014e-05 0.0 0.0 0.32859546 0.681728
10 1.8065165999999998e-05 0.8361393 0.42937344 0.89026463 0.5094652
3 1.7898266e-05 0.90807426 0.37657073 1.0 0.5411362
13 1.780348e-05 0.10317436 0.68626523 0.18536279 0.7711639
1 1.7484508e-05 0.04272009400000001 0.7512188 0.1840231 0.8564149999999999
13 1.7431234e-05 0.93646014 0.32618406 0.9895741 0.3969736
6 1.7200142e-05 0.013158351 0.7422854999999999 0.27675194 0.864259
3 1.7164497e-05 0.70663625 0.23656553 0.98751193 0.74182844
1 1.6958378e-05 0.19170119 0.516975 0.2508989 0.5555388000000001
13 1.6664757e-05 0.09558439 0.04420314 0.47733050000000005 1.0
9 1.591941e-05 0.024338149 0.42613540000000005 0.20637289 1.0
7 1.5769879999999998e-05 0.5266986 0.26950854 0.6086956 0.3431411
3 1.5691807e-05 0.07124856 0.3598316 0.37673643 0.95273215
12 1.5684458e-05 0.48307067 0.25232998 0.5615435000000001 0.29142538
13 1.5629828e-05 0.022868946 0.7001101 0.16744299 0.8542652000000001
11 1.5532013999999998e-05 0.14393955 0.60594654 0.21987915 0.8863254
12 1.5406375e-05 0.2001586 0.5040696 0.2701789 0.5550271999999999
13 1.5351925e-05 0.25917060000000003 0.0011123205 0.6579206999999999 1.0
4 1.4972096e-05 0.49821615 0.26050144 0.54333794 0.30419376
3 1.4751001000000001e-05 0.18848677 0.5132697 0.30944622 0.60856766
9 1.4634956e-05 0.13679439 0.6487659 0.24565852 0.84381074
11 1.4585153e-05 0.6570296999999999 0.47746009999999994 0.6928186 0.5383813000000001
8 1.4329276e-05 0.7678586 0.44636345 0.83479905 0.4996624
2 1.4238234e-05 0.6522574999999999 0.47255954 0.7234524 0.5227432
10 1.4174070000000002e-05 0.6691819 0.46865680000000004 0.7212574 0.5327189999999999
13 1.4168281999999999e-05 0.06346075 0.7251932 0.18668614 0.77949554
8 1.4113757000000001e-05 0.8258443999999999 0.44637203 0.8788266 0.49871499999999996
13 1.4012988e-05 0.51338196 0.25399318 0.58337796 0.30679363
