3 0.6240704 0.013508383 0.25997838 0.1337568 0.3426655
8 0.51580983 0.014590301000000002 0.26601535 0.13438648 0.3383143
8 0.07618845 0.00975053 0.44488272 0.13736542 0.5621782
8 0.061512507 0.8246341 0.6209604999999999 0.96769714 0.76785934
8 0.05339571 0.0 0.23696716 0.15808563 0.35627459999999994
3 0.029002757999999997 0.033172302 0.43470624 0.14297345 0.55672467
3 0.022373497000000003 0.23594797 0.22501934 0.29977322 0.27693229999999996
3 0.015771309 0.018737778 0.28473777 0.09667002400000001 0.33395240000000004
8 0.013195493 0.23301068 0.22463185 0.29385808 0.27257854
13 0.009509466 0.009908265999999999 0.43155175 0.18244171 0.5494873
3 0.0069908705 0.8337913 0.6219216999999999 0.9982825999999999 0.7748421
13 0.0022454422 0.012944367 0.27656665 0.11610648 0.33886907
8 0.0018238701 0.05298215 0.2624371 0.34491998 0.91507286
8 0.0017624685 0.016232986 0.22583728 0.10404263400000001 0.6705635
11 0.0015995904999999999 0.028843777 0.27077267 0.09067279 0.35146308
13 0.0014571731 0.04005167 0.27887280000000003 0.1432735 0.34158298
8 0.0013950159 0.012294486 0.31221694 0.22595356 0.8912955
8 0.00131749 0.09080292 0.23497944 0.4264604 0.72987956
8 0.0012955498 0.0 0.24459152 0.15329401 0.50144416
3 0.001199833 0.018186405 0.28318548 0.06649281 0.32936448
5 0.0011176242999999999 0.0 0.2912672 0.106293775 0.33274025
8 0.0010265136 0.019180547 0.2745094 0.08333649 0.33004197
8 0.00095051446 0.023329783 0.26533592 0.11256544 0.31843007
13 0.0008835566000000001 0.05040771 0.25827676 0.12641844 0.34508473
8 0.0007433294000000001 0.7840353 0.49883370000000005 0.9876745000000001 0.80931824
8 0.0007007874 0.020757161 0.16450961 0.19690442 0.6685549
10 0.0006889254 0.03088776 0.29097137 0.1043671 0.32970074
13 0.0006461751000000001 0.2324221 0.22992039 0.28985370000000005 0.27512285
5 0.0006369244999999999 0.0 0.29203263 0.12564476 0.38686684
4 0.00062398316 0.07851851 0.26029092 0.1476509 0.3504136
3 0.0006098913 0.064850956 0.25560229999999995 0.3695315 0.9629309000000001
8 0.0005980697499999999 0.026714098 0.42626959999999997 0.107562125 0.57246816
9 0.0005925527 0.0810686 0.25699297 0.13597998 0.32054532
9 0.0005554687000000001 0.07327843 0.28507265 0.1635824 0.33299622
11 0.00055436953 0.08627508 0.26165757 0.14299439 0.34468657
11 0.00054083025 0.060081348 0.26349917 0.12269686 0.35163194
13 0.0005251722 0.011981539 0.2641828 0.14811167 0.39903130000000003
8 0.0004995198000000001 0.015835542 0.31304345 0.13668509 0.69098485
1 0.0004915315 0.0016310588 0.29924682 0.08119043 0.33720803
8 0.0004897071 0.94807315 0.16591293 0.98972785 0.22160645
11 0.0004890092500000001 0.033659156 0.20016387 0.120262325 0.40510064
13 0.00046643864999999996 0.79951686 0.62635386 0.98958534 0.75065607
8 0.00045455144999999997 0.07209782 0.16571173 0.3555429 0.6714111999999999
2 0.0004486393 0.056320205 0.26100135 0.1408102 0.34012043
10 0.00041116803 0.08148174 0.26073706 0.14942224 0.3287988
5 0.00038426058 0.0 0.29501417 0.15940963 0.34645447
8 0.00036332296000000003 0.7930353 0.6210943 0.92173594 0.76678157
9 0.00035841154999999997 0.03681992 0.27531500000000003 0.12064721 0.36994848
1 0.00034860586 0.0 0.27792459999999997 0.0977324 0.36083335
1 0.00034362727 0.056850508 0.27004559999999994 0.12222697 0.32397693
1 0.00032388928 0.05473279599999999 0.29569090000000003 0.13165055 0.34351268
2 0.00032162984 0.01978685 0.22238173 0.21436429 0.35850573
12 0.00030080214 0.06533736 0.26028883 0.12624578 0.3251968
10 0.00028999872 0.08828017 0.21943398 0.12710682 0.32143829999999995
11 0.00026827700000000003 0.055231653 0.19115521 0.17782861 0.39930475
12 0.00026462367 0.0559349 0.28324163 0.15820420000000002 0.33143044
13 0.0002642137 0.0 0.013449411000000001 0.344426 1.0
9 0.00026339764 0.08017926 0.27618557 0.13497621 0.34461823
2 0.00026012256 0.021741621000000003 0.23620903 0.15168056 0.35456488
6 0.00025699378 0.004609324000000001 0.28800216 0.13060379 0.33549726
5 0.00025415033 0.04658283 0.29616457 0.13393971 0.37587142
7 0.00025392583 0.049603295 0.26206863 0.13565052 0.35319898
9 0.00025284893 0.045437302 0.27577162 0.16978328 0.37987933
13 0.0002461516 0.017617054 0.26724058 0.09295684 0.35676545
8 0.00024242206 0.7151377 0.13494498 0.9496068000000001 0.7725628000000001
3 0.00022663057999999998 0.01979471 0.2588024 0.12595814 0.31408688
7 0.00022617889 0.010654446000000001 0.2759287 0.094558 0.35282683
11 0.00022460353 0.046861783 0.43310073 0.10726349 0.5883925
10 0.00021283126000000001 0.05152327 0.26593906 0.1377888 0.33074507
7 0.00021178842999999996 0.0 0.21807912 0.13347504 0.418422
2 0.0002073745 0.06847951 0.24049151 0.12542099 0.35941356
3 0.00020211547999999998 0.047018225999999996 0.26755714 0.13675395 0.33669612
5 0.00020101671999999998 0.006188925400000001 0.29103982 0.08077437 0.35834143
4 0.00020090824 0.08172781 0.22939985 0.12931186 0.33349252
13 0.00019885604999999998 0.031127267 0.25729427 0.11966061 0.32528162
2 0.00019843613999999998 0.030890393999999998 0.27784804 0.10931885 0.32214716
2 0.00018805431 0.0 0.42853725 0.19054073 0.5842856
3 0.0001869137 0.051838152 0.34038229999999997 0.2551927 0.9604362
9 0.00017403817 0.021217275 0.2866578 0.093468755 0.34130320000000003
4 0.00017063561 0.07658881 0.2459663 0.12600414 0.35808167
9 0.00016977669 0.06495897 0.2684709 0.13792309 0.30852222
13 0.00015982329 0.034872804 0.27014604 0.11718881 0.36477170000000003
6 0.00015315488999999999 0.040809042999999996 0.2781659 0.17135060000000002 0.34618708
12 0.00014971907 0.06151299 0.27830315 0.13194422 0.34518185
5 0.00014537215 0.045364867999999996 0.2824368 0.14212795 0.34727934
13 0.00014048956 0.0 0.08943222 0.2303158 1.0
11 0.00013707271 0.08800685 0.23112619 0.12481893 0.36466834
11 0.00013077038 0.07401653 0.43652317 0.15400921 0.5896918000000001
2 0.00012418992 0.23668922 0.22343938 0.30650637 0.2706122
10 0.00012346523000000001 0.066736035 0.25133196 0.11998122 0.30205616
10 0.00012187701000000001 0.03929396 0.4209376 0.13666885 0.55807674
3 0.0001179552 0.9540499 0.1746262 0.9991396999999999 0.23871446
8 0.00011759818000000001 0.0 0.20522647 0.17282566 0.41304302
12 0.00011600476000000001 0.038402345 0.27437222 0.1193745 0.33634213
13 0.00011504873 0.7878877 0.65935874 0.95975506 0.76164293
9 0.00011321133999999998 0.026900582000000003 0.44655073 0.13127354 0.57129586
13 0.00011278299 0.04141652 0.46390888 0.13754731 0.5441911
13 0.00011205991000000002 0.011620581000000001 0.2861482 0.083584614 0.3356665
5 0.000110595036 0.014515146999999999 0.45300050000000003 0.30878925 1.0
8 0.00010442411400000001 0.053132646 0.022297272000000003 0.29704794 0.32975012
12 0.000103771745 0.0 0.22486512 0.21257254 0.35042334
10 0.000100825586 0.2534286 0.22733471 0.303593 0.27636543
1 9.861096600000001e-05 0.0 0.25204307 0.1262421 0.33246276
10 9.857653e-05 0.047157105 0.22233063 0.14205511 0.38269305
11 9.822620999999999e-05 0.048727646 0.221054 0.0916592 0.3654226
11 9.797642e-05 0.030940076 0.23098558 0.077401765 0.36638984
7 9.5703675e-05 0.22963999 0.22847256 0.29186386 0.28183174
13 9.3470546e-05 0.27188587 0.0 0.6378104 1.0
13 9.300338599999999e-05 0.22130933 0.23223436 0.27532178 0.26988320000000005
8 9.296347e-05 0.2978397 0.16486631 0.60429734 0.8709197
12 8.851059999999999e-05 0.0 0.23997669 0.1387349 0.35016298
11 8.804291999999999e-05 0.2545187 0.2292631 0.28934377 0.28404853
8 8.56437e-05 0.58470625 0.2063179 0.9166091000000001 0.7574564
9 8.519094000000001e-05 0.040373012 0.45944715 0.19780377 0.5834758000000001
8 8.485482e-05 0.9504722 0.12967034 0.9874925999999999 0.21744134
9 8.403725e-05 0.85361886 0.65297544 0.99631643 0.7764681
4 8.101198e-05 0.06386374 0.24755406 0.18538184 0.3939121
7 7.886647e-05 0.06124638 0.24436118 0.12195255 0.37184417
11 7.853412e-05 0.86182386 0.6570059 0.9625511999999998 0.8138651
4 7.767215000000001e-05 0.06779210000000001 0.25135648 0.1263268 0.31296194
5 7.672725999999999e-05 0.2132221 0.24172404 0.28750968 0.27862415
13 7.657566e-05 0.005136464 0.427947 0.11648826 0.53798854
8 7.6264914e-05 0.42982554 0.45992684 0.8928108 0.97845554
10 7.570466e-05 0.059587844 0.3894245 0.1880162 0.5865085
8 7.535964e-05 0.2080629 0.22768785 0.49725252 0.8510429
1 7.296706e-05 0.0 0.46411714 0.11647424 0.5521333
3 7.267066999999999e-05 0.03044857 0.45563919999999997 0.17171134 0.57381564
4 7.190709e-05 0.035103086 0.25024009999999997 0.13726059 0.38277990000000006
11 7.140967e-05 0.06968115 0.21938014 0.10741429 0.36863768
3 6.951761e-05 0.09988856 0.245786 0.47546452 0.78561085
8 6.8686044e-05 0.013982673999999999 0.27795225 0.05585537 0.32929087
1 6.808085999999999e-05 0.020407923 0.28991812 0.08387349 0.34988734
4 6.572876e-05 0.07622205 0.43224105 0.19884987 0.5682056
12 6.548789000000001e-05 0.0122976005 0.4261759 0.14980483 0.5471324000000001
12 6.440308e-05 0.0 0.42153355 0.20723033 0.5381465
4 6.346861999999999e-05 0.025082696 0.27872154 0.108030125 0.34309036
5 6.136192e-05 0.0 0.48085153 0.12601323 0.5686154999999999
11 5.9760576e-05 0.06334835 0.46076724 0.14026105 0.61764205
1 5.974606799999999e-05 0.0 0.47526532 0.14429033 0.5744001999999999
10 5.9421941999999996e-05 0.8370669 0.6032303000000001 1.0 0.7786893
5 5.8092974e-05 0.023347422000000003 0.27819794 0.14009222 0.31325877
1 5.6075438000000006e-05 0.038522717000000005 0.28696305 0.10232288 0.35260493
8 5.5771652e-05 0.048587944 0.46838859999999993 0.106499314 0.54773057
3 5.5340242e-05 0.29796469999999997 0.18073833 0.6751746 0.96653813
10 5.3916672e-05 0.07458599 0.24531853 0.11342506 0.34595373
6 5.292220500000001e-05 0.04110207 0.2583623 0.14608489 0.31294242
7 5.2795007e-05 0.0 0.40897188 0.18925221 0.5770518
13 5.258044e-05 0.017560981 0.2486692 0.13050324 0.45435354
10 5.1891320000000004e-05 0.04033744 0.27862465 0.08417471 0.34595072
6 5.0957813e-05 0.23308791 0.24084869 0.31318876 0.27639928
11 5.0713392000000006e-05 0.07796019 0.25736970000000003 0.11384015 0.30988163
12 4.9060738e-05 0.06888886 0.26141477 0.14246003 0.30864250000000004
1 4.8586277e-05 0.23044837 0.24286836 0.29071105 0.27582353
3 4.8207658e-05 0.020776633 0.26752174 0.08018243 0.307568
10 4.7013207000000005e-05 0.07013661 0.19463438 0.19191962 0.39094037
10 4.686183e-05 0.08676763 0.2483426 0.13573821 0.30288944
13 4.6808647e-05 0.17493345 0.110999465 0.52172506 1.0
8 4.6282064000000004e-05 0.025797643 0.1711733 0.24409825 0.40831736
3 4.5623199999999994e-05 0.8213792999999999 0.5324102 1.0 0.76692104
2 4.5556796999999996e-05 0.061712332 0.24602225 0.1311481 0.31220752
3 4.5314056e-05 0.21071793 0.23198709 0.5924193 0.9833976000000001
1 4.4638990000000003e-05 0.0 0.5027362 0.13295662 0.5927496999999999
4 4.3310249999999994e-05 0.041417282 0.42477626 0.14070626 0.5459903
4 4.068131e-05 0.09996497 0.25047213 0.13909000000000002 0.3555698
9 3.8359106999999996e-05 0.094345175 0.28275 0.15190312 0.34517473
11 3.8294278e-05 0.8209917 0.6433813 0.9268761000000001 0.81374747
5 3.8279064e-05 0.009424515 0.508378 0.20084405 0.9890631
10 3.7553702e-05 0.05834584 0.2610175 0.09749651 0.34446550000000004
3 3.704137e-05 0.03243123 0.30887663 0.11469932 0.7604274000000001
13 3.6735953e-05 0.0752023 0.13700731 0.41456318 1.0
13 3.642541e-05 0.0 0.07237068 0.42517832 0.8133573000000001
12 3.6392670000000006e-05 0.237558 0.22657698 0.31209248 0.2662365
4 3.6318732e-05 0.056311682 0.46528640000000004 0.17856 0.5931837
6 3.6289949999999996e-05 0.0 0.262531 0.15758535 0.37965572
9 3.531349e-05 0.058170557000000005 0.27968174 0.11284241 0.35770693
3 3.477173e-05 0.8107263000000001 0.6419688 0.9726851000000001 0.791573
5 3.4540559999999996e-05 0.0 0.31631309999999996 0.11770691 0.45658937
1 3.4362558e-05 0.07582034 0.28907683 0.13385698 0.3511094
4 3.211587e-05 0.089100175 0.25051236 0.14001137 0.30891618
10 3.192873e-05 0.033772513 0.29525936 0.07852310000000001 0.33196986
8 3.115769e-05 0.19232322 0.10285231 0.49601865 0.65592587
9 3.056054e-05 0.24907959 0.23912719999999998 0.2991808 0.27841115
4 2.9866095999999998e-05 0.8591313 0.6127225000000001 1.0 0.7873049
11 2.958553e-05 0.2397739 0.22955807 0.274022 0.28369978
2 2.952953e-05 0.04661731400000001 0.25239629999999996 0.10786106 0.3349831
13 2.947328e-05 0.0 0.27828166 0.17350589 0.5610834
7 2.9124933e-05 0.789044 0.641857 0.9995606 0.7622629
7 2.8645203000000003e-05 0.0 0.16040689 0.40423247 1.0
12 2.8587221e-05 0.047429383 0.26108757 0.12024647 0.31314763
2 2.8528782e-05 0.03616646 0.26008272 0.09478061 0.3285829
2 2.8136741000000003e-05 0.030758567 0.19908129 0.17973343 0.3927217
12 2.6528409000000003e-05 0.0 0.44871536 0.19476768 0.57092625
8 2.6205495e-05 0.02041712 0.45677295 0.089667186 0.6041379
7 2.6186479e-05 0.0598495 0.25297773 0.11883302 0.31913105
13 2.5902085000000003e-05 0.0 0.028397245 0.19886823 0.6958579
10 2.5790297999999997e-05 0.10598319 0.2357804 0.14961167 0.35248506
9 2.5319667e-05 0.036433734 0.4372165 0.17462176 0.5598008000000001
3 2.5279496e-05 0.48776442 0.44972855 0.9579243000000001 1.0
3 2.5216370000000003e-05 0.14352907 0.27297002 0.4962712 1.0
4 2.3775273999999998e-05 0.24410355 0.23436044 0.29678327 0.27613112
6 2.3642986000000002e-05 0.0 0.46954793 0.15917054 0.56861895
10 2.3343339999999997e-05 0.24080457 0.23512295 0.28850785 0.27100423
10 2.3048815e-05 0.055450137999999996 0.25973392 0.10287963 0.30078542
5 2.298636e-05 0.0 0.5018115 0.1511294 0.59280235
8 2.2904267e-05 0.011359999999999999 0.27063304 0.0421319 0.33195826
9 2.2201060000000004e-05 0.037278503 0.27724317 0.09096597 0.36219814
13 2.2084139999999997e-05 0.0006027855000000001 0.14309862 0.101432174 0.72299874
8 2.1932648e-05 0.62217915 0.46796975 0.9297271999999999 0.7741451
13 2.1604697000000002e-05 0.014991431000000001 0.28819424 0.06007897 0.33034209999999997
8 2.0313217e-05 0.37716585 0.18489619 0.6923806 0.8789134
11 2.011506e-05 0.061556555 0.25568026 0.099538244 0.30752435
12 1.9947036e-05 0.03315854 0.26763216 0.09457478 0.35362723
3 1.9068955e-05 0.048061865999999995 0.45805624 0.13147737 0.5640212
4 1.8956374e-05 0.05666922 0.2491902 0.113059774 0.35456020000000005
3 1.8712564e-05 0.82233536 0.6850224 0.9193431000000001 0.76865983
9 1.866665e-05 0.86043864 0.6838599 1.0 0.8022129
8 1.8202121e-05 0.058378078 0.26033214 0.111645125 0.3437799
8 1.8040244e-05 0.9444841999999999 0.14097315 0.9817243 0.20036082
10 1.7881619e-05 0.2741511 0.22602002 0.3177725 0.27500015
8 1.77854e-05 0.01581564 0.26822934 0.06388730599999999 0.31041268
1 1.7507024e-05 0.0 0.19230029 0.31647359999999997 0.8726273000000001
3 1.7466993e-05 0.057775482999999996 0.26043797 0.22761406 0.7005304
2 1.7042388000000002e-05 0.08104268 0.061471055999999996 0.4099736 0.7649713
12 1.6926937e-05 0.8209655999999999 0.6093918 1.0 0.7398977
8 1.6780203e-05 0.44483116 0.37388226 0.7753302 0.93038225
9 1.6145048e-05 0.049483745999999995 0.27703047 0.145197 0.43524313
9 1.6069005e-05 0.8244798000000001 0.65361124 0.96042883 0.78424054
12 1.6055206e-05 0.0 0.39199743 0.18288642 0.50890106
10 1.5736415999999998e-05 0.15385471 0.0 0.41941512 1.0
8 1.5608643e-05 0.012350053 0.0028800499 0.1459432 0.16516776
8 1.5606454e-05 0.5683079000000001 0.68561333 0.86374974 0.9687455
9 1.549874e-05 0.06960717 0.17752267 0.394177 1.0
13 1.5396063e-05 0.0 0.35442835 0.32787502 0.964766
3 1.5230466e-05 0.39926752 0.37921765 0.7938603 1.0
13 1.5229736000000001e-05 0.0 0.23529339999999999 0.19085735 0.8818033000000002
3 1.4988020000000001e-05 0.06409061 0.21723664 0.32988957 0.7495366
9 1.4708570000000001e-05 0.020021629 0.27798095 0.07164675 0.36404228
5 1.4517936e-05 0.009531338 0.29401654 0.07713652 0.33582094
2 1.4517255e-05 0.82849175 0.61098284 0.9916572 0.7557903
13 1.4054973999999999e-05 0.29907298 0.30958098 0.64551675 1.0
13 1.37819125e-05 0.57954675 0.0007221960700000001 0.94109696 0.98692685
6 1.3110014000000001e-05 0.028419014 0.27842849999999997 0.13943592 0.36144722
8 1.3105332e-05 0.49691009999999997 0.15966621 0.8137616 0.8433040999999999
1 1.2900196000000001e-05 0.030808263 0.26937386 0.09660492 0.30864945
1 1.2746098e-05 0.0 0.24033624 0.111613706 0.37139213
3 1.2557537e-05 0.22226809 0.1659329 0.5851413000000001 0.72888345
11 1.2340143e-05 0.10632093 0.2427688 0.14342608 0.35008308
6 1.2192711999999999e-05 0.7841231 0.65527576 1.0 0.75120276
13 1.1965349000000001e-05 0.9426360999999999 0.15966307 0.9871766 0.23072693
10 1.18707e-05 0.85037196 0.62710154 1.0 0.81730413
1 1.1824087e-05 0.7825353 0.6445675999999999 0.98108685 0.7678736999999999
8 1.1795986e-05 0.060274365999999996 0.2915871 0.12424074 0.35252127
1 1.1759484e-05 0.24820292 0.24238116 0.30451918 0.27608794
8 1.16816655e-05 0.82122606 0.6476053 0.8717490999999999 0.7541623000000001
8 1.16803585e-05 0.14021382 0.34526527 0.46268919999999997 0.9173358
7 1.1602383999999999e-05 0.028841097000000003 0.25271222 0.10045819 0.37562996
13 1.1379504999999999e-05 0.92862135 0.17186457 0.9805226999999999 0.22241895
8 1.1326288999999999e-05 0.034399122000000004 0.052793387000000004 0.22521287 0.44268528
11 1.1153879999999999e-05 0.09487804 0.25232518 0.13178283 0.30589077
8 1.1096083e-05 0.59939307 0.052129537000000004 0.88283044 0.30995163
8 1.0932204e-05 0.82518077 0.6887793000000001 0.8806089 0.7570935000000001
12 1.0917211999999999e-05 0.0 0.017436909 0.49057749999999994 0.7189850999999999
6 1.0856148e-05 0.0 0.46396450000000006 0.21537861 0.5874891
6 1.07087e-05 0.0 0.26456967 0.41789776 0.8623905000000001
13 1.067807e-05 0.009126717 0.28372762 0.04342497 0.33365235
8 1.0673324e-05 0.757781 0.42427003 0.95615196 0.7613824
8 1.0655428999999999e-05 0.8809994000000001 0.11707008 0.9717292 0.24040316
2 1.06253665e-05 0.22916892 0.22852379999999997 0.29078683 0.26821482
13 1.056224e-05 0.13406156 0.0 0.5120731 0.7800166000000001
11 1.0552485e-05 0.059890455999999995 0.14546986 0.14514342 0.45313242
13 1.0535427e-05 0.017168961 0.26108328 0.08883137 0.3113804
8 1.0174207e-05 0.6107794 0.38183737 0.94187677 0.9772536000000001
8 1.0134007e-05 0.77735066 0.10998883 0.9449934000000001 0.38046056
3 9.952332e-06 0.015030871999999999 0.30346283 0.11650744 0.3524248
8 9.889985e-06 0.04244424 0.2898252 0.10961154 0.3533048
13 9.8568125e-06 0.39671397 0.104316756 0.76859593 1.0
3 9.8047e-06 0.6125624 0.24856472 0.9664792 1.0
3 9.66044e-06 0.33171064 0.16646196 0.7222249 0.71243227
13 9.598465e-06 0.41637796 0.41486309999999993 0.8940863000000001 0.9993989999999999
6 9.572294e-06 0.0 0.49759972 0.20272479999999998 0.6164993000000001
5 9.484741e-06 0.34894288 0.3823426 0.60690707 1.0
9 9.311817999999999e-06 0.045548696 0.26914418 0.115268305 0.31372067
8 8.974236e-06 0.38113678 0.10903797 0.6761550999999999 0.65482485
5 8.915135e-06 0.0 0.31334650000000003 0.14908367 0.41197429999999996
1 8.831129e-06 0.21772625 0.24222004 0.27338183 0.27253103
13 8.748162999999999e-06 0.6830473000000001 0.0 0.96899664 0.72927547
11 8.620292e-06 0.27501455 0.23177075 0.3065658 0.27995738
13 8.585265e-06 0.0036337003000000002 0.2834304 0.09605872 0.39141187
1 8.564433e-06 0.0 0.29083338 0.12908898 0.38670590000000005
13 8.42656e-06 0.0 0.00014552438 0.17500678 0.16890755
4 8.386193e-06 0.07758705 0.40364167 0.17839669 0.528421
8 8.379706e-06 0.60835785 0.065962255 0.9005032 0.5176443000000001
10 8.170757e-06 0.20494097 0.11091561 0.46816945 0.97445726
8 8.134991999999999e-06 0.5605625 0.55091566 0.87661076 0.8670450999999999
8 8.11313e-06 0.031129107000000003 0.33832827 0.2329822 0.6435354
5 8.000352000000001e-06 0.10379283 0.33124074 0.38162953 0.8687173
6 7.905898999999999e-06 0.0037159696 0.29438767 0.10463472 0.32809946
3 7.846916e-06 0.039593995 0.3593995 0.15810812 0.7016296
12 7.836894e-06 0.0 0.21018362 0.16412473 0.37302270000000004
7 7.798877e-06 0.0 0.23324473 0.26758509999999996 1.0
