8 0.56934804 0.02384203 0.32210404 0.16435957 0.45235467
3 0.3864627 0.03327661 0.31322825 0.16244298 0.44766626
8 0.06253744 0.7940837 0.5470366999999999 0.9628209000000001 0.67199636
3 0.043605052000000005 0.8063464 0.5449776 0.987398 0.67367274
13 0.03338114 0.014884688 0.31617829999999997 0.21525684 0.45471239999999996
13 0.026885787 0.0 0.33319026 0.15723722 0.43210635
8 0.021016543999999998 0.41291392 0.13349229 0.5761812 0.23916446
8 0.012747288 0.44985065 0.16445592 0.5231992999999999 0.22393094
13 0.011259773999999998 0.027983136000000002 0.32988012 0.16773105 0.49253786
13 0.008330795 0.0 0.36459628 0.1536144 0.45158884
8 0.0062572104 0.017197035 0.34090847 0.13784984 0.47981852
3 0.0060796677 0.44813117 0.14612009 0.57406026 0.22959459
8 0.004552353 0.0 0.21995015 0.16001809 0.45449989999999996
8 0.0035631497999999997 0.007018007299999999 0.28141546 0.13750955 0.43909195
9 0.002989828 0.03539271 0.30963054 0.18841061 0.43954277
8 0.0023517373 0.010558907 0.22272626 0.13428223 0.53345007
2 0.0022297844 0.0 0.31178546 0.20475376 0.46385649999999995
9 0.0018261789000000002 0.02576217 0.30702046 0.12754038 0.43261835
8 0.0014848335 0.44296850000000004 0.16969338 0.5002805 0.21800162
5 0.0013976017999999999 0.0 0.36516792 0.12702768 0.45091155
11 0.0013265059 0.032474317 0.30474028 0.09916177 0.48233809999999994
1 0.0012573949 0.0 0.3624933 0.112061724 0.45551909999999995
10 0.0012487157 0.01860826 0.29107109999999997 0.12174232 0.42467278
9 0.0011237715 0.06753295 0.32558995 0.25447768 0.4419808
1 0.001090047 0.0 0.3225746 0.11099555 0.4139001
4 0.0010815928 0.05637981 0.30852813 0.2008407 0.47550115
3 0.000997887 0.46342474 0.16532254 0.54596025 0.22438364
8 0.0009597380999999999 0.07536474 0.17121170000000002 0.4098085 0.64431566
8 0.0008969583999999999 0.0122132115 0.17436847 0.12263589999999999 0.4237682
8 0.0008739966 0.008953318 0.21814191 0.2028415 0.84933317
8 0.0008599434 0.9643023999999999 0.16360131 0.9980415000000001 0.26028782
13 0.0008227124000000001 0.42058840000000003 0.14429076 0.574596 0.26530653
9 0.0007819039 0.045456185999999996 0.36553052 0.21720271 0.4873536
2 0.00077983114 0.0 0.27740908 0.18837243 0.43982533
10 0.00077622186 0.023570754 0.31618902 0.13759997 0.45598710000000003
8 0.0007460867 0.44603646 0.15432297 0.5215925 0.20223404
1 0.0007202552 0.0 0.36398438 0.15688543 0.47972056
4 0.0007195849000000001 0.09705411 0.31253648 0.22840421 0.47200190000000003
7 0.00069349783 0.0 0.2876371 0.19293992 0.46787906
9 0.0006538925 0.04087326 0.29404563 0.14832711 0.49520683
12 0.0006496341 0.0 0.2856289 0.17539209 0.40433270000000004
11 0.0006238538 0.05909901 0.31207472 0.15333325 0.48625532
2 0.00061785255 0.0 0.32089624 0.1401486 0.4528906
11 0.00060495245 0.04688296 0.31622356 0.12990643 0.46071205
5 0.0005840697 0.0 0.35339066 0.1308825 0.42443302
10 0.0005817518 0.016960181 0.26710942 0.16458577 0.4505545999999999
5 0.0005811265 0.0 0.36540538 0.1913858 0.45540290000000005
2 0.0005614904 0.004438758 0.311521 0.15976146 0.5454493
1 0.0005293918 0.0 0.33477038 0.14257397 0.43990776
8 0.0005225442 0.026153322000000003 0.33245640000000004 0.10915981 0.46591288
8 0.0004744199 0.03273215 0.13790102 0.2636863 0.57428247
8 0.00046953277 0.058170900000000005 0.18954079 0.34357077 0.84753567
4 0.0004658808 0.038066026 0.2861507 0.12856801 0.42612758
12 0.00045884057 0.027414374 0.31450564 0.23084477 0.44051215
13 0.0004464501 0.09059068599999999 0.0 0.41907528 1.0
5 0.00043783625 0.0 0.3668007 0.24142477 0.47104174
11 0.00041860519999999997 0.053983036 0.25854498 0.1258697 0.5051926
13 0.00040136947 0.80158657 0.5517767 0.95700866 0.6813078
10 0.0003881356 0.09370811 0.26351494 0.22391076 0.48014435
9 0.0003733263 0.029445782 0.3631244 0.13503684 0.48239502
7 0.00037018495 0.0 0.29512218 0.118410245 0.47290525
1 0.00036749477 0.0 0.39002058 0.11137024 0.48196045
1 0.00035277574 0.0 0.37496809999999997 0.11665683 0.5223091
5 0.00034962327000000003 0.0 0.39011836 0.10491287 0.47595552
10 0.00034185019999999995 0.04236251 0.28343692 0.1959368 0.4793509
5 0.00033945557999999997 0.0 0.3903678 0.16520102 0.48417464
6 0.00032351925999999997 0.0 0.34626022 0.17395806 0.45904282
5 0.00031893016 0.0 0.34879099999999996 0.19591488 0.42659995
9 0.0003170289 0.044894225999999995 0.3693837 0.14654493 0.5318776999999999
6 0.0003072877 0.0 0.31855488 0.15546408 0.43370420000000004
10 0.00030212752999999996 0.047272705 0.22890165 0.14995036 0.49209318
7 0.00027687225 0.0 0.22080317 0.14988762 0.5020395999999999
13 0.00027567107000000006 0.28183544 0.0 0.6732043000000001 1.0
6 0.00027144884 0.0 0.34039232 0.27149665 0.47842926
8 0.00026211093 0.017565496 0.14312907 0.19283998 0.6334564
8 0.00025864912 0.7708105 0.1279217 0.94600904 0.6817365
3 0.00025832196 0.12939279 0.22297347 0.46345323 0.971435
8 0.0002531726 0.38149428 0.16113779 0.6943047 0.7809183000000001
2 0.0002487863 0.011345408999999999 0.28419772 0.13934714 0.42511955
13 0.00024603883999999997 0.38116809999999995 0.12277573 0.74895513 1.0
13 0.00024575036 0.05234202 0.35484505 0.1487788 0.43234129999999993
13 0.00023587645 0.18837897 0.0 0.56251484 0.9540957
12 0.0002341563 0.022007875 0.31776315 0.14388013 0.43088737
11 0.00023354572 0.09833526599999999 0.310906 0.19276217 0.47620028
10 0.00023347129000000002 0.07445588 0.24130644 0.16747731 0.5141233000000001
8 0.00023306461 0.2173817 0.16716747 0.54184794 0.7661752
8 0.00021925040000000002 0.1567316 0.28277907 0.4725278 0.8870446
6 0.00020670827 0.0 0.374212 0.2439132 0.5115627
2 0.00020019151 0.0 0.35599852 0.13738678 0.49332854
8 0.00019729508 0.017169308 0.12579969 0.09565601 0.6212996999999999
3 0.00019342473000000002 0.96995354 0.17115425 1.0 0.26058236
5 0.00019333455000000003 0.0 0.39643103 0.11903645 0.53002024
11 0.00018798468 0.0730592 0.27017382 0.14444952 0.53412026
3 0.00018632354 0.24027893 0.20761633 0.60421026 0.85856634
10 0.00018155022 0.040521935 0.3495315 0.15496998 0.49515459999999994
12 0.00017638825 0.031904936 0.28874034 0.15970919 0.44689608
3 0.00016909231 0.45041844 0.17202069 0.5146027 0.2198391
8 0.00016579456999999998 0.31210804 0.29829323 0.61492616 0.8851008
4 0.00016268356 0.056983184000000006 0.2534903 0.15418823 0.46213168
5 0.0001611822 0.0 0.36902398 0.13887143 0.5002137
9 0.00015728347 0.022941135 0.32466194 0.12532672 0.51649433
13 0.0001558574 0.0 0.37119025 0.17290725 0.47963940000000005
3 0.00015583429 0.37882686 0.21757315 0.7589227 0.8737265
10 0.00015285806 0.065407164 0.3145303 0.21503228 0.51362574
11 0.00014682741000000002 0.83111495 0.54492074 0.93350464 0.69142455
13 0.00014093221000000003 0.1443919 0.14671846 0.5104373 1.0
13 0.0001278819 0.46893084 0.1715725 0.5430958 0.21708004
3 0.00012591192 0.017826356 0.3327373 0.17566174 0.49109304
4 0.00012099556 0.111390114 0.2917815 0.22141191 0.43792829999999994
2 0.00012088113999999999 0.41203946 0.117961824 0.63314193 0.24858516
3 0.00010612323 0.022843323999999998 0.23991407 0.16792911 0.43853820000000004
7 0.000106122454 0.0 0.33645672 0.12750424 0.49235362
4 0.0001061027 0.049132235 0.32526135 0.14740476 0.536767
11 0.000104633495 0.038839824 0.25202608 0.11352966 0.55082345
8 0.0001044418 0.05284204 0.35266006 0.12176794 0.44113009999999997
3 0.00010208949000000001 0.30953202 0.22585897 0.69004714 0.98911947
8 0.00010134365 0.19389518 0.11744925 0.48534024 0.6307576
8 0.00010047011 0.030013174 0.26111245 0.12091397 0.48962018
4 9.918318999999999e-05 0.027931027 0.34365505 0.13453782 0.488421
3 9.8202734e-05 0.07414332 0.2021727 0.48645900000000003 0.7082245
8 9.718836999999999e-05 0.7694634 0.46498132 0.96845603 0.7444273
8 9.704648000000001e-05 0.6826866 0.11405511 0.92809004 0.7450114000000001
6 9.3624694e-05 0.0 0.38987637 0.16804421 0.49273655
8 9.3415096e-05 0.0 0.33569735 0.23504248 0.955658
13 9.3127455e-05 0.0 0.01915998 0.26863414 1.0
13 8.9664456e-05 0.44012967 0.1684394 0.5217229 0.21448664
8 8.888859000000001e-05 0.23823850000000002 0.09309478 0.6193023 0.5585846
5 8.335383e-05 0.12868203 0.3437607 0.3833298 1.0
3 8.293228999999999e-05 0.45295483 0.15103571 0.54246026 0.20730627
2 8.226575000000001e-05 0.007487878000000001 0.3357483 0.22252573 0.49816750000000004
1 8.186063e-05 0.011877730500000001 0.32750290000000004 0.17844652 0.42737028
9 8.128463e-05 0.8144126 0.5517642 0.9498235999999999 0.6753758000000001
13 7.876018e-05 0.0 0.28945124 0.13233691 0.42064252
13 7.687713000000001e-05 0.0 0.22941779 0.16754243 0.481487
8 7.357795e-05 0.5077708 0.22184208 0.8236867 0.8962705
6 7.22028e-05 0.0 0.38833845 0.18618917 0.5451375
10 7.0974085e-05 0.79787755 0.49885476 0.9675844000000001 0.6624414000000001
3 7.068007e-05 0.04372713 0.24593057 0.30796009999999996 0.9476785
8 7.052921999999999e-05 0.025420353 0.22754905 0.23387288 0.5334952
13 6.829784e-05 0.024486262 0.35799578 0.123057246 0.429986
1 6.764340999999999e-05 0.38064873 0.15591052 0.5500123 0.24723558
11 6.452586999999999e-05 0.80372906 0.5391745 0.902617 0.71412235
3 6.110555e-05 0.03559394 0.29575968 0.22386186 0.90984744
13 6.030124e-05 0.0 0.07195209 0.41346170000000004 0.7798026
8 5.8578655e-05 0.62657595 0.21125016 0.9210514000000001 0.927132
8 5.60164e-05 0.56434125 0.15156649 0.87281996 0.8283024
8 5.380260999999999e-05 0.41493964 0.37876606 0.8499334000000001 0.9383466
6 5.3362209999999996e-05 0.0 0.30501154 0.18869211 0.48877245
8 5.1453877e-05 0.75184375 0.38274613 0.9611325999999999 0.7014005999999999
11 4.9567323e-05 0.019705076000000002 0.29825208 0.08089934 0.4814215
9 4.9218805000000004e-05 0.82810336 0.5841713000000001 0.96672314 0.69999695
8 4.9074697e-05 0.43851322 0.14288175 0.73622936 0.62029505
13 4.8834114e-05 0.0099936575 0.36643878 0.13801175 0.41297254
10 4.6420013e-05 0.8186831999999999 0.51742965 0.9944914 0.6928631
8 4.5815395e-05 0.039697982 0.36689332 0.11518987 0.43181592
8 4.5532463e-05 0.3553051 0.13259603 0.64471316 0.6195719
13 4.4671742e-05 0.048997164 0.280686 0.36450276 1.0
11 4.302876e-05 0.8779290999999999 0.54611653 0.9728247999999999 0.6911999
12 4.2732678e-05 0.78827095 0.5013866 0.97397304 0.6325295999999999
12 4.246483e-05 0.022239207999999996 0.34025500000000003 0.15196772 0.46525258
3 4.1218806e-05 0.52030236 0.20558612 0.8943183000000001 0.96447146
13 4.0899482e-05 0.49872684 0.01746154 0.8602483 1.0
5 4.0380666e-05 0.36104178 0.17643113 0.5535679 0.27143425
7 3.86576e-05 0.35114697 0.11314471 0.5987223 0.29632270000000005
13 3.8608327e-05 0.17109382 0.0 0.67483735 0.712738
1 3.837838e-05 0.0 0.3512639 0.08326857 0.43682182
13 3.7473354e-05 0.0542698 0.32853709999999997 0.14076616 0.41157803
2 3.7328355000000004e-05 0.80074215 0.5299098000000001 0.9699588 0.6584349
5 3.6695263e-05 0.25905478 0.31690526 0.51900375 0.8441337
5 3.6524307e-05 0.0011247993 0.34845552 0.24571756 0.44149712
8 3.5491747e-05 0.48313993 0.1777177 0.5396684 0.2196152
9 3.5423058e-05 0.4577028 0.15902324 0.59617794 0.28337538
8 3.4960536000000004e-05 0.0050195456 0.7002406999999999 0.28917566 1.0
2 3.4194563e-05 0.42358276 0.0929148 0.62438613 0.21651393
1 3.329277e-05 0.71243244 0.57240075 0.9119219000000001 0.6782175
13 3.2202737000000004e-05 0.0 0.24806254 0.13317746 0.5486907
3 3.2142943e-05 0.26077843 0.18261972 0.7082799 0.68331236
13 3.1624186e-05 0.022342656000000002 0.30023837 0.12544213 0.5221632
7 3.126498e-05 0.745953 0.55100876 0.968327 0.69808805
1 3.1014337e-05 0.38072480000000003 0.12806158 0.55043757 0.22096679999999996
9 3.088381e-05 0.075889304 0.356056 0.18678246 0.5102289000000001
8 3.0668933000000004e-05 0.028127804 0.061039045 0.22146954 0.43711004
8 3.0109393e-05 0.54745805 0.40908444 0.890224 0.9560371
5 3.0076686e-05 0.45368677 0.41572429999999994 0.7431701000000001 1.0
5 3.006741e-05 0.43396795 0.34256917 0.705246 0.92087436
10 3.0054585e-05 0.02665171 0.34075859999999997 0.10697767 0.45066049999999996
8 2.9357085000000003e-05 0.01830805 0.11521544 0.16216794 0.37539282
5 2.904414e-05 0.74740666 0.58659637 0.94450456 0.7068038000000001
5 2.8451961e-05 0.37064582 0.35860884 0.62101775 0.9895419
10 2.8414295000000003e-05 0.106977314 0.24837404 0.18903333 0.5385800000000001
3 2.8376136000000003e-05 0.8070505 0.58093554 0.9051748 0.65137196
12 2.8282633e-05 0.046772487 0.30871847 0.18354160000000003 0.48904005
12 2.7122168999999998e-05 0.7926833000000001 0.5304991 0.9876695 0.6600873
13 2.6504433e-05 0.9540003 0.19268149 0.9978904000000001 0.26196107
8 2.6246304e-05 0.03467154 0.34744507 0.10404001 0.44193843
9 2.5917397999999998e-05 0.85455483 0.55139035 0.99807197 0.66558486
13 2.5405065e-05 0.44701257 0.14519207 0.52965623 0.19990285
13 2.5330082e-05 0.0 0.27243740000000005 0.23140389 0.93714404
11 2.4471263e-05 0.47044808 0.0965815 0.5636941999999999 0.2835935
5 2.4172314e-05 0.2177953 0.447466 0.4979326 1.0
3 2.3545826000000002e-05 0.04012932 0.19739716 0.168791 0.5600049
1 2.3360304e-05 0.7420319000000001 0.53890616 0.946325 0.6560815
7 2.3096733e-05 0.008612633 0.03607018 0.52089643 1.0
9 2.2127722e-05 0.027238197999999998 0.39151078 0.21214270000000002 0.51764995
9 2.2120072e-05 0.86779207 0.5786183000000001 1.0 0.6905312
13 2.1904552e-05 0.38036929999999997 0.0 0.7661425000000001 0.77800405
7 2.0294294e-05 0.023389526 0.28634617 0.17478248 0.54737914
1 2.0005624e-05 0.0 0.10026119 0.4203183 0.8386577
13 1.9818082e-05 0.0 0.0 0.17146839 0.8869898
13 1.9735824e-05 0.43346769999999996 0.17560773 0.49732637 0.21400835
4 1.938681e-05 0.08670342 0.3006587 0.16858873 0.5146795999999999
9 1.9386436e-05 0.15471686 0.053835884 0.47524095 1.0
5 1.887727e-05 0.1843763 0.34960702 0.44405502 0.9325189
8 1.8642628e-05 0.3931775 0.084002204 0.7528384 0.42638597
13 1.8607393999999998e-05 0.34088528 0.394219 0.68738496 1.0
5 1.8422126000000002e-05 0.02633696 0.37255853 0.24611527 1.0
5 1.8343073e-05 0.0 0.39729747 0.21125990000000003 0.50058264
13 1.7935094e-05 0.0014581232999999999 0.6813642 0.30689847 1.0
8 1.7908145e-05 0.7139601 0.30216488 0.94708985 0.9301628000000001
2 1.7438037e-05 0.14685386 0.07936863 0.4776786 0.79957986
5 1.730247e-05 0.025167845 0.39266872 0.16280895 0.5535260999999999
4 1.7223039999999997e-05 0.82344764 0.54734176 0.9749003 0.6946688
8 1.7166161e-05 0.011277335 0.2620677 0.06867941 0.47977942
10 1.7104021000000002e-05 0.4880032 0.16946050000000001 0.5472755 0.21564926
10 1.7025477000000002e-05 0.47271472 0.17538245 0.531004 0.21663558
5 1.6903921e-05 0.29775193 0.4245603 0.57945716 1.0
13 1.6525319e-05 0.047177326 0.27932596 0.14364724 0.5257733
9 1.6417927e-05 0.7991295 0.57709444 0.929433 0.6979638000000001
1 1.6089834e-05 0.1094252 0.09538184 0.5481169 0.6938689
10 1.591226e-05 0.5706791999999999 0.08996247 0.82045305 0.9991825999999999
3 1.5874059e-05 0.047098592 0.73043406 0.3707499 1.0
6 1.5482953999999998e-05 0.7385108 0.5655451 1.0 0.67513394
11 1.5469767999999998e-05 0.4676527 0.16829477 0.5086024 0.23888081
5 1.5404194e-05 0.05878444 0.27866092 0.32889366 0.7135219
8 1.5363474000000002e-05 0.021942489 0.34475368 0.08431383 0.44426712
4 1.5294969e-05 0.82515866 0.50537163 0.9799753000000001 0.6644140000000001
13 1.523275e-05 0.48322833 0.35782883 0.8300735999999999 1.0
9 1.5220132000000001e-05 0.46206695 0.15532419 0.7982741999999999 1.0
8 1.4830939e-05 0.5110209 0.09932605 0.84786916 0.461413
3 1.4692688000000001e-05 0.44125485 0.20298314 0.8026408 0.7283111
12 1.4599987e-05 0.10905295599999999 0.0 0.5653384 0.6613432
8 1.459369e-05 0.24240229999999996 0.390579 0.56445235 0.95256335
8 1.4373032e-05 0.80391634 0.5874294 0.8767898999999999 0.6450893
10 1.4349496e-05 0.5021151 0.16490445 0.55969673 0.2163161
8 1.4117148e-05 0.06319471 0.046238154000000004 0.33414882 0.32342917
13 1.4097977e-05 0.0 0.119931884 0.17357932 0.41912463
3 1.3987254e-05 0.034905177 0.30004364 0.15011698 0.5202037
6 1.3971352e-05 0.35795152 0.15823624 0.6198172 0.26154792
12 1.3926971000000001e-05 0.0144200325 0.24122839 0.15803197 0.37317947
6 1.3832272e-05 0.060145393 0.22096011 0.5085434 0.85770464
1 1.3800592e-05 0.27876386 0.055826157 0.72112346 0.7050432
5 1.3745385000000001e-05 0.018522225 0.4686897 0.17238194 1.0
12 1.3473876000000001e-05 0.08612968 0.35911325 0.14100657 0.44154802
2 1.33225785e-05 0.0 0.36410138 0.19400096 0.5227196
12 1.3271817e-05 0.46108425 0.079006255 0.87270105 0.7134194
13 1.3167854e-05 0.0013584122 0.095015146 0.14167085 0.6567996
2 1.3163399999999998e-05 0.47715646 0.25305727 0.7870223000000001 0.9428283000000002
1 1.2846029000000001e-05 0.3095398 0.19202502 0.7330154000000001 0.86456484
10 1.2770782999999998e-05 0.11352714 0.2987982 0.24210703 0.5148232
4 1.2616612e-05 0.8569518 0.53376126 1.0 0.70226103
9 1.2503066e-05 0.02811753 0.23992653 0.18957153 0.51215655
13 1.2344833499999999e-05 0.042250764 0.35325897 0.10483506 0.44178690000000004
3 1.2174325e-05 0.07134737 0.20899644 0.31323922 0.5804276999999999
7 1.2108028e-05 0.0 0.33429107 0.21921968 0.49210447
7 1.1791664e-05 0.3621937 0.19207609 0.8029723000000001 1.0
13 1.158566e-05 0.0 0.0 0.34472686 0.60287255
9 1.1518981e-05 0.29230088 0.04323803 0.61995035 1.0
11 1.1475781999999999e-05 0.09899652 0.2706852 0.1673522 0.54072505
9 1.1162177e-05 0.38727736 0.017111946 0.71192956 1.0
8 1.0960587e-05 0.67234653 0.59283155 0.9257216 0.9626860999999999
12 1.0927519e-05 0.36272773 0.12413571 0.6524484 0.23693882
10 1.0857624000000002e-05 0.09540749 0.30853 0.14070204 0.44346670000000005
10 1.0697530999999999e-05 0.25069445 0.0 0.506497 1.0
10 1.0592223e-05 0.4942839 0.06908855 0.7520523 1.0
3 1.0428975e-05 0.43163657 0.42136794 0.8362997999999999 1.0
2 1.0311472000000001e-05 0.39429882 0.26868072 0.709062 0.94437355
1 1.0287121999999999e-05 0.7802036999999999 0.5738133000000001 0.9807074 0.68675023
11 1.0180039999999999e-05 0.48990113 0.16907188 0.5300793 0.23888449999999997
6 1.0105683e-05 0.7382616 0.53785247 1.0 0.6366849
7 1.005712e-05 0.15491846 0.060187988 0.6385863 0.89809036
3 9.650919999999999e-06 0.6501499 0.20809533 0.9869718000000001 0.99007714
13 9.362796e-06 0.00027556345000000004 0.34907204 0.09786491 0.41743228
12 9.35358e-06 0.37264103 0.095154494 0.63668925 0.2123433
13 9.1656175e-06 0.30419440000000003 0.0 0.80404216 0.5155707
10 8.965635e-06 0.34651187 0.07625922 0.6007279000000001 0.999516
13 8.884054e-06 0.95260066 0.17220911 0.9965331000000001 0.24753985
6 8.839325e-06 0.38770443 0.35231408 0.8263975 0.9485051
2 8.769148e-06 0.28949505 0.040606327000000005 0.60546595 0.6744614999999999
12 8.577028000000001e-06 0.22920364 0.08339003 0.6400895999999999 0.7256391
9 8.563104e-06 0.088088416 0.34648526 0.14373793 0.4383344
5 8.549102e-06 0.13956748 0.26281086 0.3924302 0.729765
3 8.331160000000001e-06 0.7846534000000001 0.20271197 0.99667454 0.6453726
9 8.326521e-06 0.01106884 0.31591743 0.087407574 0.47631672
3 8.320532e-06 0.48449677 0.17453209 0.5588985 0.22996806
12 8.229934e-06 0.48064864 0.16904838 0.56474197 0.21810275
8 8.213622e-06 0.64180183 0.058129303 0.9063896999999999 0.33188483
2 8.165834e-06 0.47321832 0.073333286 0.7794285 0.72726774
13 8.0812215e-06 0.61375034 0.029404886 0.94372046 0.9774458
12 8.080590999999999e-06 0.0321197 0.33652150000000003 0.25206983 0.47119886
2 8.076506000000001e-06 0.24731745 0.24808224 0.5546545999999999 0.91116977
