3 0.6612647 0.014168095 0.53664196 0.09214844 0.65977895
8 0.24177903 0.019433517 0.5564373 0.09228824 0.6580982
8 0.1554014 0.0016916879000000002 0.556289 0.11704117 0.6684815
13 0.03068137 0.0 0.51943165 0.13449239999999998 0.66107124
13 0.025175355 0.00015198067 0.53894746 0.095201984 0.6359334
13 0.02042255 0.0 0.57779163 0.11471075 0.6399399
8 0.014713904 0.8310164000000001 0.19835044 0.97072566 0.3691163
3 0.012806521999999999 0.7863139 0.54983014 0.95184326 0.7335438
8 0.011905097 0.7844922 0.16841434 0.9917832000000001 0.39221457
3 0.011539207 0.79858804 0.16595355 1.0 0.38355497
8 0.008769954 0.7693498000000001 0.55818427 0.9221108 0.7122906
13 0.0074621327000000005 0.0 0.5788055999999999 0.10247201 0.6871169
8 0.006122334399999999 0.010167427 0.5831303000000001 0.086123616 0.64686656
13 0.004893795 0.005982261 0.5251305000000001 0.11007163 0.72178197
9 0.004841103 0.019306075 0.5739901 0.11244981 0.6426616999999999
8 0.0041556708000000005 0.25323779999999996 0.28549758 0.31382278 0.34546843
10 0.0039042485999999997 0.0 0.5496388000000001 0.09701896 0.6246635
7 0.0038346802 0.0 0.57300234 0.073339984 0.65583515
10 0.003646429 0.009106994 0.56867105 0.09282836 0.6547574
9 0.0036028682 0.010518715 0.55749387 0.12195082 0.62146616
8 0.003512605 0.009758633000000001 0.36728972 0.042082176 0.42239293
5 0.0033203561 0.0 0.56978804 0.08547575 0.63703144
5 0.0031494868 0.0 0.5887206 0.10292077 0.6454174
4 0.002831418 0.03631694 0.54920995 0.099579565 0.62614554
13 0.0026751237 0.011597715 0.5729615 0.09998811 0.6545536
11 0.0026052510000000003 0.03556548 0.5918033 0.08670418 0.6624555
10 0.0025335427 0.02098753 0.52608097 0.07684018 0.6354901999999999
4 0.0023644345 0.03163645 0.5647795 0.10492235400000001 0.6532809
5 0.002173176 0.0 0.57281274 0.10421956 0.6120008000000001
11 0.0021138114000000003 0.023173587000000002 0.5217712999999999 0.06909680000000001 0.67374057
2 0.0020806722 0.0 0.52523 0.15355137 0.6917356
2 0.002030977 0.004146278 0.5546379 0.10464625 0.63039
8 0.0019039876 0.010371321999999999 0.38391387 0.041081592 0.4338706
5 0.0018314683999999999 0.0 0.5808076999999999 0.09016158 0.67914724
9 0.0017917773000000001 0.018785786000000002 0.5086924 0.0907546 0.6671012
11 0.0017539164 0.036041975 0.5461834 0.07174146 0.63796073
1 0.0016969586 0.0 0.57338494 0.0822164 0.6299736
9 0.0016856553 0.040198825 0.54461616 0.10646900000000001 0.6348683
9 0.0015976941 0.017443717 0.5431645 0.08783271 0.6383479000000001
3 0.0015962527999999999 0.0102213565 0.36955154 0.047958642 0.4297124
8 0.001537513 0.011068737 0.53011936 0.07096526 0.67593575
3 0.0013824916 0.008800387 0.38439682 0.04664833 0.44212252
10 0.0013715276000000002 0.040135168 0.5120903 0.09087493 0.6379819999999999
6 0.0013351446 0.0 0.5658016 0.099467665 0.6312920999999999
6 0.0011190516 0.0 0.5891066 0.110683575 0.65329504
10 0.0010936242 0.010607476999999999 0.48558366 0.09029804 0.6670396
11 0.001092899 0.024465011000000002 0.5781824000000001 0.07289617 0.6361826999999999
12 0.0010852346 0.015679419 0.54283 0.12880346 0.6128624
3 0.0010715357 0.26459262 0.28937417 0.32244512 0.34987125
4 0.0010418655999999999 0.034806643 0.52542764 0.083946005 0.63667345
4 0.0010403107 0.059079923 0.5182032 0.16147509 0.68004304
8 0.0010155541 0.0012671463000000001 0.5168255 0.086123094 0.7094286999999999
8 0.0009865256 0.0 0.41638696 0.08030641 0.7874382
11 0.00095903233 0.016584951 0.54827815 0.053152654 0.6404774999999999
7 0.00094709144 0.0 0.5018083999999999 0.08443847 0.7050573
1 0.0009457751300000001 0.0 0.5613239000000001 0.07379539 0.65614474
7 0.0009432991 0.0 0.5090871 0.15862064 0.6882729000000001
1 0.0009336169 0.0 0.5913359 0.07787640400000001 0.6884621999999999
11 0.0009054664 0.049887434 0.52700377 0.11380175 0.683036
8 0.0009035965 0.68182623 0.1360478 0.9409462 0.74051166
1 0.0008979808999999999 0.00794531 0.6041914 0.09166184 0.65648866
8 0.00088002515 0.0384351 0.14214844 0.29984040000000006 0.6753254
12 0.0008365881 0.016269572 0.5677148 0.11902649 0.6393468000000001
4 0.00083334686 0.054655597 0.52817655 0.09619588 0.6309800999999999
7 0.0008321166400000001 0.006228313 0.5423781999999999 0.095753096 0.6261451
10 0.0007986508 0.025648061 0.5591569000000001 0.08121663 0.66666293
2 0.0007981385000000001 0.0 0.5817429000000001 0.09425396 0.6548673
11 0.0007963339 0.030319681 0.5286804 0.08049521 0.7419188
1 0.0007665566 0.025401719 0.5690236 0.08916495 0.6432737
2 0.0007546476600000001 0.0 0.5456566999999999 0.097277515 0.7048863000000001
5 0.00074352557 0.0 0.6101114000000001 0.0733094 0.7126889
9 0.00072207703 0.027883342999999998 0.5329185000000001 0.16188633 0.6680384
5 0.0007092943 0.00029891357000000004 0.58804244 0.076064736 0.6690625
8 0.0006811415 0.7344915 0.42470109999999994 0.969601 0.75114095
5 0.00068053295 0.0 0.56651163 0.06633559 0.6293031
4 0.0006381352400000001 0.028513305 0.51220924 0.110069074 0.6520694
12 0.0006240129 0.03272119 0.54245627 0.10279739 0.63189787
10 0.00062120403 0.0063410215 0.5500999 0.06608759 0.6286252
4 0.0005864813999999999 0.020491533 0.5365057 0.10000638 0.684056
13 0.0005636344000000001 0.0 0.53494364 0.07194495 0.68807286
10 0.00051945675 0.034723096 0.5573123000000001 0.10153594 0.6592223
1 0.0005163667 0.0 0.57149476 0.10187213 0.67510474
2 0.0005135039 0.030609578 0.530284 0.09256491 0.6690512
8 0.0005067015 0.032631874 0.33224509999999996 0.28376597 0.9033318000000001
1 0.00049429975 0.0 0.5628704999999999 0.05607188 0.63117594
13 0.0004937754 0.74758244 0.5752903 0.9305576999999999 0.7079111
4 0.00046751767999999997 0.055786338 0.5472019 0.112812564 0.6251534000000001
11 0.00044503107 0.040885225 0.5650930000000001 0.07558829 0.6669986999999999
1 0.0004406039 0.0 0.59288543 0.11558016 0.7034554000000001
13 0.0004204188 0.77823925 0.12890024 0.9853499 0.45362079999999994
11 0.00041902693999999995 0.05386032 0.5477702 0.08854626 0.6336982
10 0.0004047815 0.038446024 0.44977456 0.14195287 0.7032139000000001
7 0.00040070145 0.013501096499999999 0.5238751 0.07027976 0.64732164
11 0.00039441383 0.020881612 0.5637802 0.058694605 0.6685409999999999
5 0.00037780413 0.0 0.59121245 0.16809458 0.6786926
13 0.0003766197 0.8258853999999999 0.17044382 0.9745678 0.3872238
2 0.00036497775000000004 0.0 0.50612354 0.09654818 0.6671916
6 0.00035768677000000003 0.023958284 0.5651709 0.107469425 0.6513899999999999
5 0.0003576842 0.0 0.5776379 0.15604118 0.66127205
13 0.00035249148 0.006175898000000001 0.53019434 0.061877348 0.6322168
12 0.00034144218 0.0 0.5100300999999999 0.10043795400000001 0.62899745
7 0.0003327137 0.029131716000000002 0.5230534 0.08662715 0.64671487
10 0.00032530495 0.02287956 0.5616968000000001 0.10446566 0.7198219
12 0.0003237849 0.0 0.49689206 0.15664689 0.62561595
2 0.00032308627999999995 0.0 0.5100252000000001 0.11698489999999999 0.75524807
8 0.00031885743 0.25978777 0.30395785 0.30937698 0.35509413
8 0.0003155546 0.56724614 0.114250146 0.87579614 0.75048745
8 0.00031280572999999994 0.79101837 0.09457075599999999 0.9711356 0.36500040000000006
9 0.00030116734 0.024551325 0.58500993 0.09886454 0.7034889
8 0.00028175092 0.74427557 0.15610739999999998 0.9767159 0.45361096
13 0.00027232107999999996 0.24899673 0.28647690000000003 0.31372905 0.33790413
8 0.00026685538 0.0 0.39414778 0.12396698 0.8264094999999999
7 0.00024765363 0.0 0.4662451 0.11182648 0.75009334
8 0.00024694408 0.019040622 0.38258842 0.19843364 0.9240261000000001
8 0.00024214467 0.027016796000000003 0.52125746 0.17441165 0.79378027
11 0.00023860928 0.03743124 0.49589983 0.09637013 0.77335256
1 0.00023208998 0.0 0.61591613 0.07492588 0.71701133
13 0.00022568824 0.013548577 0.5638280999999999 0.07394179 0.66421604
10 0.00022328693 0.015255205 0.5837026 0.07035916 0.6630164000000001
9 0.00022294046 0.023863416000000002 0.5664706 0.0846573 0.6615064
10 0.00021490662999999998 0.044313908 0.53479785 0.09295967 0.6720510999999999
13 0.00021438506000000002 0.0066880659999999995 0.36216304 0.041183114 0.42312014
6 0.00019727036 0.0 0.56724054 0.11478177 0.7025331
3 0.00018712941000000003 0.76658356 0.45103842 1.0 0.74128646
8 0.00018655784 0.6818628999999999 0.2541581 0.9579118000000001 0.9468523000000001
8 0.0001857165 0.015141152 0.36558536 0.16325319 0.6171270000000001
13 0.0001833878 0.0066489140000000006 0.38862379999999996 0.03732522 0.4433014
7 0.00018122648000000002 0.008796945 0.5581768 0.06499039 0.66616565
9 0.00018004389 0.022991788 0.56059504 0.11198981 0.7310755999999999
6 0.00017723051 0.0 0.54960936 0.19097854 0.7133864999999999
6 0.00017692095 0.0 0.5274413 0.112998374 0.6696528
12 0.00017612990000000003 0.0 0.5123789000000001 0.19605482 0.6572711999999999
4 0.00017329004000000002 0.031225456000000002 0.54872406 0.08289792 0.6614606
3 0.00017207557 0.7618028 0.18564099 1.0 0.46419203
5 0.00017055828 0.0 0.58375776 0.059630122 0.6612053000000001
8 0.00016946608 0.021161912 0.5544804 0.05586087 0.66303647
12 0.00015973476 0.0 0.5364113 0.10558264 0.66148657
11 0.00015884190000000001 0.050677873 0.56815434 0.09610655 0.6266309
11 0.00015472207 0.05588404 0.5903022 0.102136515 0.65430254
1 0.00014322385 0.0 0.5975056 0.059916787 0.65965295
8 0.00013617797 0.57970524 0.22884153 0.8858535 0.95173305
8 0.0001338202 0.10531905 0.2854163 0.40769264 0.9037129
9 0.00013272934 0.04298845 0.56634796 0.10238905 0.6549745
13 0.00013252725 0.77871484 0.15174156 0.9829902 0.3379032
1 0.00013161558 0.026572105 0.5997762 0.10682401 0.6539297
1 0.00013063343 0.0 0.5686124 0.082267724 0.71552694
8 0.00012572572 0.77185553 0.10793103 0.9529843000000001 0.63501245
1 0.00011939975 0.0 0.52679855 0.07099779 0.66738373
10 9.713428e-05 0.025392427999999998 0.44338414 0.10180041 0.7328248
4 9.486823500000001e-05 0.036099102 0.5178252 0.11887550000000001 0.7274191999999999
3 9.484494500000001e-05 0.25854713 0.3017337 0.32663906 0.36888215
3 9.234941e-05 0.76956296 0.58359873 0.9265089 0.7491388000000001
11 8.989296999999999e-05 0.017101366 0.472948 0.05430529 0.75947076
8 8.9645815e-05 0.030410454 0.17254233 0.22261481 0.87482405
13 8.614391e-05 0.0 0.49765190000000004 0.08391307 0.75692147
13 8.607877e-05 0.025726618 0.54153895 0.08293855 0.6531764
7 7.869594e-05 0.021174546000000002 0.55169255 0.08062741 0.6714146
9 7.60205e-05 0.006442690300000001 0.53670937 0.06557611 0.6423466
8 7.593072e-05 0.11133805 0.10789309 0.39584574 0.6626795
13 7.04783e-05 0.0 0.0 0.32602602 1.0
4 6.812061e-05 0.069876626 0.4940946 0.15723792 0.64047164
6 6.7879424e-05 0.0007128827 0.58226293 0.09427261 0.6712521
2 6.543826e-05 0.0103441775 0.57040936 0.08098154 0.67199636
11 6.332526999999999e-05 0.02532025 0.5179574 0.04999728 0.63808054
12 6.302447600000001e-05 0.016049571000000002 0.5280358 0.08723401 0.6253274999999999
8 6.274746600000001e-05 0.0 0.46362475 0.10821459 0.7461094
9 6.207421999999999e-05 0.78640664 0.5782793 0.9136703000000002 0.7215149000000001
3 6.196925e-05 0.70187604 0.18876797 0.9861661 0.77770627
3 6.115213000000001e-05 0.056086912999999995 0.24950562 0.3696139 0.95253754
12 5.9311566000000003e-05 0.036870927000000005 0.5652855999999999 0.10040714 0.6579013000000001
2 5.7965543e-05 0.010120189 0.54265374 0.06947234 0.62626135
12 5.7771485e-05 0.0 0.48435792 0.12840936 0.6756101
8 5.7562764e-05 0.39579022 0.15292832 0.67621183 0.7983471
8 5.623821e-05 0.013813881 0.5408108 0.07484788 0.61115485
2 5.5633842000000004e-05 0.25847882 0.2762575 0.33713990000000005 0.33269417
12 5.556048000000001e-05 0.0 0.46731153 0.10681613 0.59572864
11 5.5508925e-05 0.80061823 0.6041375 0.8969653000000001 0.7563023
8 5.4375483e-05 0.6649214 0.25697365 0.7182430999999999 0.30404288
7 5.383071e-05 0.0 0.46868370000000004 0.13864659 0.63916844
10 5.3526528e-05 0.020500345 0.53684163 0.05257626 0.6298132
3 5.289621999999999e-05 0.39091146 0.33703512 0.7993759 1.0
10 5.196898e-05 0.77567065 0.5664511 0.953426 0.7012474
2 5.192147e-05 0.0073568895 0.46742007 0.14085299 0.6468053
4 5.056606e-05 0.017615475 0.53087026 0.06686578 0.63105977
8 4.9987408e-05 0.3082705 0.15494470000000002 0.60652775 0.8423037
3 4.8557882e-05 0.12334806 0.2648346 0.44732141 0.99412763
3 4.7118392000000004e-05 0.42453313 0.23072162 0.7859343000000001 0.8658201999999999
3 4.6448190000000006e-05 0.006662011 0.5799460999999999 0.08030091 0.6526371999999999
4 4.5206073999999996e-05 0.03926616 0.47550455 0.10287649 0.6148021
11 4.4884866e-05 0.057190932 0.5629609 0.091831304 0.6586538000000001
6 4.462829000000001e-05 0.73173106 0.5926956 0.9510825999999999 0.7031618000000001
7 4.435438e-05 7.3984265e-05 0.5335489999999999 0.05506371 0.6359335
12 4.404328e-05 0.7854035 0.5490221 0.96393096 0.69655406
8 4.3389616999999995e-05 0.010499291000000001 0.11858441 0.17316744 0.79742986
8 4.289779000000001e-05 0.42563868 0.23164341 0.73034847 0.8861479
13 4.2443887999999996e-05 0.2543996 0.0868763 0.60305536 1.0
13 4.206316e-05 0.7056726 0.16109736 0.9653964 0.46544259999999993
9 4.1650746e-05 0.8531810999999999 0.18850566 1.0 0.44170448
8 4.1612330000000003e-05 0.44383812 0.113505155 0.74816203 0.6976165
5 3.875855e-05 0.0 0.5847799 0.05488780000000001 0.73337954
1 3.8362046e-05 0.0 0.5285724 0.098958775 0.6285873000000001
1 3.7490056e-05 0.0 0.5102702 0.07103567599999999 0.60562956
13 3.7218564e-05 0.13889296 0.02692508 0.47397882 1.0
8 3.6577773999999996e-05 0.030155845 0.56078804 0.22154462 0.9347714
13 3.642892e-05 0.25146723 0.3111684 0.32025152 0.3561282
5 3.578294e-05 0.0 0.55998933 0.15913308 0.6339812
7 3.5290188e-05 0.77206945 0.1037105 0.9931402 0.45619822
3 3.480995e-05 0.58041364 0.18125519 0.94461375 0.95759284
10 3.3867305e-05 0.88903546 0.14141141 1.0 0.3879135
2 3.3712146e-05 0.8140109999999999 0.09463259 1.0 0.40676638
7 3.2895918e-05 0.7329564000000001 0.58385974 0.9286771999999999 0.71812636
8 3.2808442e-05 0.7040693 0.52228385 0.93483216 0.9278504999999999
8 3.2564134e-05 0.49090004 0.32130840000000005 0.79001033 0.92783046
12 3.1494033e-05 0.26007834 0.28144136 0.33721414 0.32464647
3 3.1440547999999996e-05 0.46685234 0.20440568 0.8627937 0.7484721999999999
13 3.1009935e-05 0.35284448 0.23036052 0.72221124 1.0
5 3.1005377e-05 0.009582773000000001 0.5679050999999999 0.052429773 0.6573604999999999
1 3.0533338e-05 0.7568352 0.19505739 0.9722381999999999 0.4035514
10 3.0402349e-05 0.022931512 0.5666743000000001 0.056184266 0.65772015
10 2.9572431e-05 0.018837066 0.52087677 0.07278867 0.70830387
8 2.9466939e-05 0.6069941999999999 0.066889755 0.9020935999999999 0.35850975
12 2.9293726999999998e-05 0.0044126324 0.5618957 0.11189251 0.697239
11 2.9024625999999998e-05 0.89384955 0.1668458 0.96032816 0.42148083
9 2.8532188e-05 0.8697355 0.2141342 0.99222183 0.3964455
13 2.7823709999999997e-05 0.65812564 0.04294923 0.9585303 0.8027641
10 2.7811420000000004e-05 0.016882122 0.3595552 0.047724247000000004 0.42410749999999997
7 2.7680338e-05 0.0 0.45629448 0.08262786 0.64144915
5 2.7339307e-05 0.7708130999999999 0.23793246 0.97387624 0.49052890000000005
1 2.732288e-05 0.71612465 0.59316576 0.9179449000000001 0.72196496
8 2.7246515e-05 0.027475042 0.55738044 0.07257517 0.6505098000000001
7 2.6955264e-05 0.0 0.554193 0.13262394 0.70774156
2 2.6659836e-05 0.0051213223 0.38628453 0.046654597 0.44600248
1 2.649185e-05 0.0 0.5570904000000001 0.050836265 0.67738
4 2.594503e-05 0.054956052000000005 0.5681689 0.15325312 0.7280291999999999
9 2.5536244999999998e-05 0.85366917 0.20430551 1.0 0.32964829999999995
5 2.5074532e-05 0.7228233000000001 0.6044534 0.923842 0.71662414
13 2.4493535e-05 0.0 0.52517503 0.084088355 0.60063124
8 2.4180083e-05 0.19761196 0.27784327 0.5183929 0.9126291999999999
8 2.414354e-05 0.0060948655 0.4354865 0.14984423 0.7026532
3 2.3467665000000003e-05 0.025237862000000003 0.53416634 0.09273067 0.6193
8 2.3103752e-05 0.01519444 0.58766544 0.055951892999999996 0.652225
3 2.2909996999999998e-05 0.27843142 0.26733086 0.65624714 1.0
10 2.2872529999999997e-05 0.040396463 0.5353621000000001 0.06715771 0.6616531
13 2.2850661e-05 0.0 0.0 0.30821383 0.68559355
10 2.2658032e-05 0.27841988 0.27879715 0.32991859999999995 0.33724394
13 2.2104967000000002e-05 0.06516492 0.23084396 0.3974052 1.0
11 2.1663418000000003e-05 0.054848764 0.55001795 0.13144857 0.7426174
9 2.097257e-05 0.025570035 0.58948267 0.16478314 0.7035402
3 2.0747162e-05 0.6660326999999999 0.26016182 0.7366468 0.31313288
8 2.0710733000000002e-05 0.5178645000000001 0.48230982 0.84348017 0.80330276
2 2.0697455e-05 0.8468628 0.16169162 0.9846778 0.37229455
11 2.0696862999999997e-05 0.87680584 0.09404584 0.97688264 0.476904
4 2.0376578e-05 0.014709607 0.5541305000000001 0.06750119 0.6570223000000001
5 1.9755453e-05 0.008868864 0.5815315 0.04725501 0.6878001
1 1.9537678e-05 0.0005535204 0.54989076 0.048076242000000005 0.63233954
10 1.9251309e-05 0.037656587000000005 0.5070173 0.066260986 0.6340121999999999
13 1.8804518000000002e-05 0.037940204 0.0 0.3761503 0.7446564999999999
11 1.8487042e-05 0.021666687 0.3659985 0.039971214 0.43175107
5 1.812067e-05 0.8106325 0.24944834 0.9576325000000001 0.42571440000000005
13 1.80074e-05 0.20480789 0.29371974 0.5585165 1.0
13 1.7626020000000002e-05 0.0 0.21187095 0.21343414 0.9276254
10 1.7598837e-05 0.87652475 0.030833445 1.0 0.46535299999999996
10 1.7453045e-05 0.87058836 0.15609214 1.0 0.31366283
4 1.7419532e-05 0.7941263000000001 0.5658858 0.9460949000000001 0.7247385000000001
13 1.6682170000000002e-05 0.74670297 0.0 0.9669494000000001 0.36716333
3 1.6636654e-05 0.53279406 0.32869349999999997 0.8961732 1.0
1 1.6625181e-05 0.8172463000000001 0.22971365 0.96752405 0.38092703
5 1.6389438e-05 0.0 0.61636883 0.12713577 0.7061864000000001
3 1.6228838e-05 0.55737823 0.1517 1.0 0.64730424
5 1.6164237e-05 0.032969042999999996 0.39157075 0.31847662 1.0
8 1.5831994e-05 0.87324125 0.22123261 0.96667284 0.35614997
11 1.5821624e-05 0.043774437 0.5237348 0.06574634 0.65361816
8 1.5798105e-05 0.5991820999999999 0.4312452 0.9625126 0.7884594
2 1.5738634999999998e-05 0.00983469 0.35807088 0.04822603599999999 0.4145147
10 1.5605769e-05 0.020276218999999998 0.38171703 0.049369022 0.46064728
7 1.5370075e-05 0.8313195999999999 0.16786745 0.9648620000000001 0.40241447
5 1.5111951e-05 0.023052668 0.58388424 0.060093312999999995 0.70306665
13 1.4792577000000002e-05 0.5332975000000001 0.0 0.9153425 1.0
8 1.4270798e-05 0.20564376 0.12600502 0.50933915 0.6638959
1 1.4235207e-05 0.25135055 0.29701075 0.31225088 0.33101484
1 1.4010931e-05 0.0 0.5825439 0.050076894000000004 0.67123497
10 1.3824383e-05 0.050796725 0.5398408 0.15963352 0.7293835
9 1.37065645e-05 0.0067221876 0.5320501 0.056304157 0.74772245
9 1.3543594e-05 0.27028656 0.29618555 0.33066297 0.33804140000000005
3 1.3259525e-05 0.09080365 0.21653572 0.37696287 0.7240033
3 1.3149145e-05 0.13586555 0.17698409 0.46210593 0.77131873
8 1.3020284999999999e-05 0.5980774999999999 0.11046049 0.90917116 0.5354179
9 1.2892541000000001e-05 0.8185746 0.06169729 1.0 0.36853886
13 1.2729647e-05 0.71320015 0.60285795 0.89259905 0.7263347
2 1.2718746000000002e-05 0.75625503 0.55368984 0.9302895 0.6950367
6 1.2675811000000002e-05 0.0 0.5051652 0.1049243 0.6272583
11 1.2631054999999999e-05 0.022636943 0.38645619999999997 0.04188887 0.45719326
13 1.2323871999999999e-05 0.7337689000000001 0.54409146 0.94038886 0.6817333000000001
12 1.2181504999999999e-05 0.02023688 0.5522496 0.08218099 0.65324384
13 1.2111045e-05 0.45305055 0.08260912 0.84591836 1.0
3 1.2100591e-05 0.043173663 0.2696619 0.25766385 0.9537752
13 1.1723087499999999e-05 0.0 0.3064168 0.096030004 0.84896123
13 1.1631398999999999e-05 0.0025496855 0.5911788 0.059113637000000004 0.6398964
11 1.1540600999999999e-05 0.8415780999999999 0.59902924 0.93224204 0.75665665
2 1.1531831e-05 0.8336972 0.16060244 1.0 0.31219146
