8 0.9819562 0.64378154 0.32325253 0.9452229999999999 0.6614946999999999
3 0.9713964 0.40106452 0.32813752 0.6171736999999999 0.46949723
8 0.8884711999999999 0.5980166 0.28302968 0.8727037 0.6158013000000001
8 0.7875515999999999 0.6090905 0.21799179999999996 0.9532245999999999 0.7228941999999999
3 0.62765443 0.2871273 0.30628064 0.44495967 0.4130356
8 0.24399139999999997 0.26461074 0.29728472 0.46499386 0.42513779999999995
3 0.24292071 0.25658116 0.33296156 0.3178263 0.40856463
8 0.1369874 0.6568238000000001 0.35371440000000004 0.80900174 0.49598888
8 0.13238066 0.38089538 0.31351054 0.6270139 0.47738835
8 0.06559508 0.33824095 0.2297933 0.87835455 0.7341357
3 0.043788932 0.3062255 0.33640745 0.40938208 0.42737615
8 0.04057087 0.7267863 0.45963916 0.9923629 0.6995121
3 0.025724305 0.6692028 0.19639638 0.931633 0.63207996
8 0.0233409 0.55096406 0.27022609999999997 0.8706710999999999 0.82907665
3 0.022225745 0.31180876 0.306032 0.48303282 0.43538946
8 0.017700654 0.24945897 0.32959959999999994 0.32171994 0.40057465
8 0.017173326000000003 0.30863872 0.34880300000000003 0.40481009999999995 0.42090923
3 0.011115638 0.65635514 0.39494365 0.83590055 0.64266574
8 0.0105383955 0.6533982 0.41226098 0.8251688 0.63188624
3 0.0091282185 0.64987016 0.23971416 0.8631818000000001 0.6017100000000001
8 0.0070321583 0.76538956 0.20273453 0.9362117 0.72835
13 0.006571778 0.44416769999999994 0.32846308 0.6560701 0.47193545
3 0.0052634 0.69953984 0.3402602 0.9717302999999999 0.67192787
13 0.0048249834 0.6674975000000001 0.36360848 0.86039877 0.47753188
3 0.0039036071000000004 0.74913436 0.42899927 0.9852228999999999 0.6662977
3 0.0038117687 0.26543644 0.33833159999999995 0.3392345 0.41651052
13 0.0034989307 0.6248794 0.34404758 0.83115846 0.46124214
9 0.0028726375 0.46701202 0.31495264 0.6414294 0.43575042
3 0.0027676958 0.6223765 0.27491027 0.93447405 0.7890895
8 0.0027668865000000003 0.3598304 0.26842523 0.654619 0.5338446
3 0.0026155498000000003 0.676288 0.3022765 0.8396536 0.48116016
8 0.002409026 0.63156015 0.38870808 0.79825205 0.56168234
3 0.0023621721 0.35104948 0.33179536 0.42700565 0.43699074
13 0.0022684785 0.7642284 0.3897005 0.86567634 0.43643916
13 0.0022665777 0.40005840000000004 0.35078847 0.5879191999999999 0.4886478
13 0.0019017266 0.76363117 0.3647126 0.8507269000000001 0.41698936
8 0.0018097789 0.43630862 0.21601292 0.7624376 0.8176357
8 0.0016682551 0.38926816 0.32450834 0.7261926999999999 0.8783594000000001
13 0.0016172893 0.35775757 0.32641992 0.5622613000000001 0.46420154
9 0.001559316 0.50504875 0.32685414 0.67449415 0.44617334
8 0.0014938144000000001 0.10246906 0.18075444 0.61532676 0.69548404
12 0.0014898869 0.45816845 0.2977349 0.6409015 0.43273425
1 0.0014732345 0.47354564 0.3517195 0.63247967 0.45630124
3 0.0013890360999999998 0.29414943 0.32310084 0.38186279999999995 0.41511229999999993
3 0.0013595948 0.32279040000000003 0.32051045 0.42801782 0.42361042
11 0.0013261765 0.39597607 0.27932629999999997 0.5172984 0.48553553
12 0.001207785 0.49065965 0.3407946 0.6452814 0.45620668
11 0.0011838503 0.41540718 0.30169934 0.55863327 0.5142962999999999
5 0.0011815133 0.34347618 0.36283649999999995 0.5786478 0.48412403
9 0.0010615609 0.67542493 0.332891 0.8758503000000001 0.46239355
3 0.0010527761 0.83877707 0.45344627 1.0 0.6717674
8 0.0010446958 0.8399706 0.5028861 0.9806780999999999 0.6649989000000001
13 0.0009746935699999999 0.2859345999999999 0.32772374 0.43520185 0.46117440000000004
8 0.00089230586 0.32558024 0.3280165 0.41321748 0.4097585999999999
1 0.0008490735000000001 0.42650783 0.31877890000000003 0.6031065999999999 0.42747223
10 0.0008481202 0.47040385 0.29077756 0.596785 0.4150549
1 0.0008450606 0.37553546 0.38823593 0.54188716 0.49017269999999996
8 0.0008314444999999999 0.34877297 0.32839864 0.4214429 0.43464540000000007
9 0.0008289911999999999 0.5824722 0.28751552 0.8703226999999999 0.5374315
8 0.000813157 0.5318706999999999 0.37496004 0.6093718000000001 0.46554929999999994
3 0.00080573815 0.7868371999999999 0.35054925 0.85195756 0.46346990000000005
8 0.0007878176400000001 0.29224914 0.344572 0.38129240000000003 0.4152763
8 0.0007828245 0.78329957 0.36578396 0.83435595 0.4317741
5 0.0007806219 0.30729568 0.34961307 0.56001914 0.45947507
13 0.0007617819 0.58650905 0.17162392 0.91228396 0.7983412
13 0.00075464055 0.63081354 0.4017583 0.8307751 0.49797475
13 0.0007528961 0.24205029999999997 0.34125277 0.32010406 0.40114623
8 0.0007207557 0.26004717 0.34243476 0.33054659999999997 0.41147628
13 0.0007137417999999999 0.47362003 0.31841764 0.82804775 0.54938334
1 0.00070025254 0.37928778 0.32415542 0.5516954000000001 0.4348374
3 0.000693212 0.45313509999999996 0.26755482 0.97551477 0.6837885
1 0.0006864978299999999 0.47101396 0.37604672 0.64337975 0.48669529999999994
10 0.000685755 0.52477765 0.28628555 0.655563 0.45321816
9 0.0006728353 0.49940249999999997 0.35800704 0.67461246 0.4748817
9 0.0006481541 0.40616992 0.35409775 0.56129754 0.49395338
4 0.0006363528700000001 0.52029467 0.27472302 0.6730174 0.46743035
6 0.00063129375 0.3770905 0.37250614 0.6199914000000001 0.49544415
1 0.0006206889 0.3168552 0.36123002 0.5133677 0.46171132
9 0.0006193555 0.6488109999999999 0.28238997 0.97194076 0.49549340000000003
7 0.0006181776400000001 0.4689938 0.28431940000000006 0.64374435 0.50234735
9 0.0006105765 0.62969047 0.18107578 0.91906506 0.7338960999999999
5 0.00059930043 0.49423543 0.32533124 0.9222604999999999 0.68058014
11 0.00058713794 0.43490872 0.28632757 0.5559173000000001 0.43458822
8 0.0005694487 0.53879124 0.31317335 0.81758374 0.67838144
4 0.0005690231299999999 0.4814906 0.2837631 0.64876235 0.43145683
12 0.0005659056 0.49649970000000004 0.36472112 0.65788984 0.48068658
13 0.0005320044 0.6634182 0.12692048 0.9772017 0.90126556
9 0.0005213305 0.40473175 0.31638688 0.5687416999999999 0.45560417
10 0.0005181617 0.68392044 0.2907407 0.8424254000000001 0.44642153
4 0.0005120362599999999 0.71008706 0.30143946 0.8188850999999999 0.47006413
9 0.00050800573 0.45250303 0.35257792 0.62128645 0.48194522
6 0.0005061918 0.42683290000000007 0.29864645 0.6619774 0.44478149999999994
9 0.00048544129999999997 0.73362887 0.32739845 0.91992414 0.46273836
8 0.00048139694 0.7782643 0.38746729999999996 0.8332360999999999 0.44558048
8 0.00047764447 0.28447455 0.15134855 0.69264656 0.7656151999999999
8 0.00046931370000000003 0.06886321 0.2846991 0.3567355 0.8487691999999999
3 0.0004654147 0.5320050999999999 0.29608095 0.88447535 0.839672
11 0.00046313545 0.3176516 0.2503844 0.42090209999999995 0.46985897
11 0.00045492615999999993 0.49634796 0.28796974 0.6017994000000001 0.42964846
8 0.00043379472000000004 0.2902276 0.23096721 0.5899863000000001 0.5212549
8 0.0004038718 0.21052270000000003 0.36514196 0.5651149000000001 0.82522863
8 0.00039975825 0.6197969 0.34849763 0.7546326 0.5202071
2 0.0003871279 0.28947946 0.30746093 0.4732513 0.44114277
13 0.00038637294 0.51738685 0.37804228 0.8976110999999999 0.5849803000000001
13 0.000382975 0.25828645 0.34107729999999997 0.40982178 0.45111942
3 0.00037887256 0.53496474 0.36540297 0.6262812 0.46863285
6 0.00037506656 0.43939513 0.3391146 0.7211303000000001 0.4851242
8 0.0003598411 0.36653559999999996 0.146378 0.6952881 0.5955283
10 0.00035907949999999995 0.42276353 0.30151 0.557407 0.4144380999999999
8 0.00035855462 0.023596175 0.102045774 0.25743854 0.68645173
3 0.00034993139999999997 0.27561492 0.34477854 0.36511420000000006 0.41755983
13 0.00034326142999999994 0.4352781 0.42175213 0.8521743 0.62010884
13 0.00033942887 0.5850496999999999 0.33223188 0.84635 0.6398512
13 0.00032389344 0.5258702 0.2589593 0.8891386999999998 0.56113505
12 0.00031753103 0.68647766 0.32087126 0.8930969000000001 0.4337648
13 0.0003169842 0.6456066 0.45766526 0.79678124 0.64908034
2 0.00031271312 0.40770802 0.32855272 0.58018345 0.45260003
7 0.0003082616 0.36166346 0.3330185 0.5892421999999999 0.53571755
5 0.00030105456 0.3568019 0.3390916 0.608456 0.44073704
12 0.00029926817 0.3944018 0.2867308 0.5676705 0.43911415
13 0.00029819022000000003 0.30316144 0.35884790000000005 0.40241253 0.4219197
6 0.00029643756 0.44356638 0.38054296 0.7114883000000001 0.51633865
12 0.00028776383 0.42289266 0.3405439 0.6078854 0.48320702
13 0.0002860734 0.71217376 0.11966201 0.953908 0.7166897
8 0.00028323685 0.29979753 0.30668184 0.49885643 0.46721949999999995
5 0.00028177185 0.21979829999999997 0.36587265 0.45019767 0.47843394
8 0.00028056357000000006 0.6865775 0.31229562 0.9332513000000001 0.8815122
5 0.00027945446 0.53239226 0.38235813 1.0 0.7417866
13 0.0002754942 0.5204257999999999 0.4594772 0.9665507 0.68126744
11 0.00027151603999999997 0.32679808 0.26833516 0.451284 0.50077343
2 0.0002710847 0.47077698 0.29349473 0.6257526 0.48315698
1 0.00027080337000000006 0.6479143 0.36852267 0.83407795 0.48829243
11 0.00026866360000000003 0.5291434 0.2878338 0.6420611999999999 0.45224336
8 0.0002677083 0.2856593 0.24271075 0.5993183000000001 0.8749323
13 0.00026470597000000003 0.5873548000000001 0.27724879999999996 0.9119023999999999 1.0
4 0.000259985 0.7706772 0.29641813 0.8806598 0.46257570000000003
13 0.00024996468 0.29505676 0.29895845 0.47636270000000003 0.4534326
5 0.00024713982999999994 0.1918009 0.34548154 0.4476627 0.44585797
10 0.00024059627000000002 0.40629646 0.35393557 0.5923008000000001 0.47786059999999997
2 0.00024014287999999997 0.28674066 0.28057740000000003 0.46233642 0.4034109
13 0.00022601853 0.63221234 0.30466079999999995 0.8184994000000001 0.83991927
1 0.00022579582999999998 0.45666307 0.20393127 0.88590664 0.65188944
1 0.00022536582999999998 0.39502859999999995 0.30794662 0.76680934 0.5091787
11 0.00021932265 0.46667929999999996 0.3080945 0.59819156 0.5151124
10 0.00021804517000000004 0.26343745 0.3256705 0.3332482 0.39663064
6 0.00021342652000000002 0.33506936 0.33338475 0.59479576 0.45585614
9 0.00020379061000000003 0.5926130999999999 0.33457258 0.9232148000000001 0.595842
5 0.00020273121 0.37606880000000004 0.37379959999999995 0.6317816999999999 0.49965355
5 0.00019739573000000001 0.42608646 0.3490998 0.71069837 0.4883209
2 0.00019369439 0.59878635 0.19093731 1.0 0.5312014
8 0.0001936575 0.17754814 0.23726107 0.5484277 0.5071809
7 0.00019335267 0.39040425 0.27746508 0.59181947 0.47406554
1 0.00019081209999999998 0.63121796 0.34312266 0.82606196 0.4579732
10 0.00019067273999999996 0.33615538 0.34622186 0.41538146 0.42737323
5 0.00018938998 0.64550817 0.44025826 0.96401083 0.97970086
9 0.00018922618000000003 0.31499264 0.3512821 0.46697292 0.46785092
9 0.00018810715 0.6808313 0.37771547 0.85638106 0.526312
13 0.0001854459 0.72686726 0.46109983 0.96584576 0.7202321
1 0.00018480266 0.26128206 0.35286057 0.4188327 0.46332570000000006
10 0.00018476084 0.3901737 0.33276346 0.53927827 0.44618952
7 0.00018281631999999997 0.2281354 0.30674934 0.46750444 0.5053558
2 0.0001817801 0.65373313 0.3167895 0.8630607 0.47449955
2 0.00018172285 0.25343555 0.32974702 0.33682168 0.3840659
7 0.00017831953000000002 0.24519545 0.32911545 0.33353484 0.41264284
1 0.000177248 0.40929118 0.36812726 0.74915206 0.5659653
9 0.00017230542000000001 0.7530589 0.23495768 1.0 0.9174645
12 0.0001719118 0.6914585 0.34640545 0.8848056000000001 0.46265906
10 0.00017174339 0.3324238 0.27709532 0.48600129999999997 0.48924422
1 0.00017107112 0.42913446 0.3861389 0.60187906 0.49869215
9 0.00017064119 0.38023448 0.33559504 0.52166545 0.47296202
7 0.00016911463 0.52218425 0.0 0.91988695 0.8013864
13 0.00016849766 0.82920325 0.5223325 1.0 0.6322730999999999
4 0.00016830988 0.45264238 0.32756782 0.644718 0.49823743
12 0.00016775470000000002 0.8000221 0.34954423 0.87423885 0.41150459999999994
8 0.00016570997999999998 0.02516748 0.26557824 0.17066492 0.875598
3 0.00016501624 0.6444055999999999 0.34687126 0.83938944 0.5571774
5 0.0001637234 0.59626 0.47052193 0.80807465 0.8629846
4 0.00016080232 0.39958340000000003 0.33967477 0.5995134 0.50126904
10 0.0001546333 0.75238323 0.25693965 0.89635193 0.46681459999999997
5 0.00015322383999999997 0.5665135 0.38926238 0.85751766 0.49345055
9 0.0001490502 0.32931507 0.33044156 0.48025346 0.44458859999999994
3 0.00014831465 0.7837649999999999 0.261211 0.97064203 0.9104855
6 0.00014809646999999998 0.24400659 0.3463365 0.5133844 0.47425255
2 0.00014030044 0.49292088 0.27772220000000003 0.95793223 0.5693117
13 0.00013934319999999998 0.35118976 0.32790205 0.9431014999999999 0.83657855
9 0.00013677665 0.6427703 0.35060644 0.82370996 0.5003795
6 0.0001334374 0.24561936 0.33785826 0.35387003 0.39767670000000005
4 0.00013325932 0.33377278 0.29452172 0.47171015 0.46206832
10 0.00013207595 0.66910124 0.32585559999999997 0.8162949 0.4803928
2 0.00013143034 0.67854184 0.34253937 0.8953276 0.51126593
9 0.00013111033000000002 0.6287984000000001 0.33039227 0.84966046 0.6518265999999999
4 0.00012674405 0.42551574 0.29826379999999997 0.609259 0.43307740000000006
9 0.00012615249 0.78080714 0.35502290000000003 0.8616915 0.42357105
1 0.00012577033000000002 0.24438912 0.3266757 0.40237445 0.42981207
2 0.00012463749 0.73231316 0.0 1.0 0.95827496
9 0.0001226599 0.62618864 0.35924378 1.0 0.623075
9 0.00012238926 0.63748103 0.43700259999999996 1.0 0.70016474
12 0.00012116463 0.25752652 0.3277518 0.33362365 0.38723534
8 0.00012041883999999998 0.13910122 0.35928828 0.48434824 0.86316794
11 0.000120267 0.72477967 0.32529998 0.8223712 0.509582
7 0.00011582643 0.3347145 0.30203193 0.542384 0.50115746
4 0.000110882014 0.30617434 0.31853244 0.45922349999999995 0.48786430000000003
5 0.00011061905000000001 0.31851277 0.34934264 0.8310120999999999 0.5118835999999999
7 0.00010801319 0.63775253 0.07647668 0.9899056999999999 0.9825648000000001
9 0.000107042804 0.6633460999999999 0.22470915 0.93785995 0.9566856
4 0.00010684028 0.64145654 0.29131840000000003 0.9002139000000001 0.61868834
1 0.0001067868 0.21981394 0.3488665 0.38343775 0.45139807
5 0.00010613353999999999 0.48785222 0.43972608 0.8520448 0.6547135000000001
10 0.00010533947 0.7086223 0.34307826 0.86299163 0.5279129
1 0.00010357135 0.6143504 0.35797408 0.7876380000000001 0.47498843
13 0.00010306351000000001 0.3110922 0.32619163 0.41309553 0.39663532
3 0.000101938786 0.04693365 0.21546438 0.31056118 0.7925686
1 9.9954574e-05 0.59500223 0.17329636 0.93276876 0.7389464
4 9.986300999999999e-05 0.6674057 0.311763 0.9677690000000001 0.66509384
2 9.985357e-05 0.3945978 0.3029922 0.56374633 0.41802043
5 9.933463e-05 0.55504644 0.37584794 0.86192715 0.45758557
7 9.7564e-05 0.40687996 0.23485583 0.84280795 0.61166644
12 9.722630999999999e-05 0.53203374 0.0 0.9702708000000001 0.5521256
6 9.642296e-05 0.6336399 0.35907990000000006 0.8917301 0.46783325
1 9.533761999999999e-05 0.6922768 0.37597309999999995 0.87505597 0.49475178
4 9.532011999999998e-05 0.5921463 0.29103917 0.8347249 0.6448554
11 9.5208845e-05 0.67779535 0.0 0.859981 0.8485691999999999
5 9.3933304e-05 0.2995679 0.40549916 0.8616773000000001 0.56566244
3 9.387795e-05 0.060902193 0.31221923 0.40619922 0.9676246999999999
13 9.352753000000001e-05 0.64193106 0.48993054 0.8291959999999999 0.6199087
10 9.349679e-05 0.7849010999999999 0.34334147 0.8545360000000001 0.42559674
6 9.326165e-05 0.24034151 0.31110296 0.48242208 0.44508216
9 9.2968236e-05 0.2880278 0.34933013 0.42605785 0.46116182
5 9.26441e-05 0.47872108 0.50758785 0.96787566 0.6967369999999999
8 9.186859000000001e-05 0.26611462 0.326513 0.34203967 0.405557
1 8.9002475e-05 0.24838728 0.35152432 0.31001090000000003 0.40026307
4 8.826196e-05 0.7547055 0.28686890000000004 1.0 0.63237476
10 8.747654e-05 0.706241 0.44637790000000005 0.817449 0.620907
5 8.713585999999999e-05 0.36453548 0.42844018 0.9425169 0.59176064
12 8.641664000000001e-05 0.5811944 0.23346820000000001 1.0 0.46771836
5 8.5955384e-05 0.36538193 0.39103535 1.0 0.5416907
7 8.5686755e-05 0.6415835999999999 0.34108907 0.8219566999999999 0.49054572
9 8.482524600000001e-05 0.6729467 0.38555253 0.8237457 0.848266
8 8.300379e-05 0.17753752 0.13491246 0.4860487 0.7484281
11 8.028199e-05 0.67354596 0.33514133 0.92486596 0.87452906
2 8.008234000000001e-05 0.5808085 0.0 0.9777087999999999 0.72717637
9 7.86408e-05 0.26547384 0.3444632 0.33877808 0.3951171
2 7.86301e-05 0.4425803 0.26563412 0.60448027 0.3945679
13 7.795045e-05 0.5909245 0.45889598 0.8026551 0.6039416
5 7.644381500000001e-05 0.5036261 0.5271121999999999 0.8764689 0.99747777
11 7.632894e-05 0.3559521 0.35169733 0.40278813 0.4381130999999999
6 7.533764e-05 0.35656420000000005 0.30398622 0.6002597 0.4313791
9 7.389942e-05 0.78290224 0.37162438 0.8633468000000001 0.4546414000000001
11 7.340873000000001e-05 0.5774389 0.20516764 0.777453 0.69796973
13 7.2109084e-05 0.2507366 0.36280447 0.3384109 0.4177355
9 7.157651e-05 0.5055185000000001 0.32267413 1.0 0.80671954
7 7.12956e-05 0.58015573 0.24930259999999999 0.9719219000000001 0.5786644000000001
1 7.0651804e-05 0.68640685 0.34947795 0.8652743 0.4648957
5 7.057813e-05 0.39179176 0.47683248 0.9417823000000001 0.65041614
8 6.83705e-05 0.6166975 0.43845072 0.7728599 0.60984313
8 6.77534e-05 0.76519704 0.38325906 0.82263875 0.45096508
1 6.755135999999999e-05 0.49013549999999995 0.32524875 0.8600416999999999 0.5243436
10 6.70816e-05 0.44290432 0.3348877 0.6280026999999999 0.47226858
2 6.603974000000001e-05 0.6055961999999999 0.26350419999999997 0.86814547 0.64609516
5 6.5794695e-05 0.2270729 0.35178015 0.33484888 0.4032072
1 6.496239e-05 0.6712791 0.15030839 0.9555613000000002 0.57870024
11 6.452149000000001e-05 0.70235765 0.0 0.8117001 1.0
1 6.395448e-05 0.42720735 0.41481167 0.7946218 0.60323644
11 6.387406e-05 0.27362365 0.33446950000000003 0.31471652 0.40760409999999997
4 6.338274000000001e-05 0.26938840000000003 0.32476136 0.32875505 0.40149716
13 6.288081e-05 0.27736459999999996 0.36239153 0.37395959999999995 0.42513603
13 6.2667306e-05 0.0 0.16755229 0.3469454 1.0
6 6.241048e-05 0.43883368 0.30474520000000005 0.96333003 0.5516445
4 6.15472e-05 0.29214233 0.28798604 0.4317969 0.4552219
5 6.024316e-05 0.46315727 0.41701955 0.8530034 0.89362955
10 5.9685150000000006e-05 0.6601613000000001 0.3799953 1.0 0.70264494
10 5.940028500000001e-05 0.3093797 0.25616342 0.45615083 0.44919857
4 5.9029306e-05 0.64855266 0.06890392 0.9578264999999999 0.74538976
12 5.8747641999999995e-05 0.26122110000000004 0.2843908 0.47847247 0.40628109999999995
2 5.8472324e-05 0.6124914 0.40310252 1.0 0.68852067
8 5.7395835e-05 0.032416992 0.24032281 0.24371679999999996 0.91824335
2 5.736504e-05 0.668327 0.25842854 0.84305084 0.77958953
9 5.684891e-05 0.5921915 0.21757215 0.85882646 0.9248358
11 5.6669964e-05 0.33498427 0.35321748 0.38509342 0.43734556
10 5.64127e-05 0.7212109999999999 0.123422325 0.86690253 0.8317894
2 5.4856955e-05 0.6305765999999999 0.11338644 0.97329974 0.9598033000000001
7 5.4452095e-05 0.77788705 0.3788537 0.8431825000000001 0.4598804
13 5.436399e-05 0.51603127 0.32327977 0.8342029000000001 1.0
13 5.4155855000000005e-05 0.0 0.0 0.26031208 0.8010419
10 5.3986747e-05 0.68867433 0.0 1.0 0.7327437
12 5.3632797e-05 0.8041619000000001 0.37464899999999995 0.87327003 0.4332207
11 5.0982184e-05 0.63074166 0.2795674 0.87268585 0.8326296000000001
6 5.0598963e-05 0.66195315 0.37373272 0.9286162 0.50876236
13 5.0386476000000004e-05 0.7821144 0.091546185 0.96507823 0.66235685
1 5.006532999999999e-05 0.26228762 0.34995133 0.3269667 0.4015895
3 4.9366616000000006e-05 0.24270134 0.37044296 0.5878582 0.9809247999999999
11 4.9161303e-05 0.6515878 0.12925592 0.81006724 0.83829826
4 4.9141097e-05 0.373875 0.30896676 0.5576671999999999 0.47285950000000004
3 4.9109160000000005e-05 0.38196802 0.28494942 0.6473171999999999 0.47764686
5 4.9016453e-05 0.6849979 0.39343520000000004 0.99567115 0.789103
2 4.8517754999999995e-05 0.7715831 0.35956055 0.86195004 0.42164934
8 4.7467016e-05 0.12507106 0.22829087 0.45616925 0.48197168
4 4.7057532e-05 0.73080564 0.091723405 1.0 0.8135308000000001
12 4.6772362e-05 0.48610753 0.23897898 0.9338713 0.44363365
7 4.6074474e-05 0.66653293 0.31181252 0.83758384 0.46312496
