3 0.28987947 0.12672532 0.80974877 0.6235358 1.0
8 0.18714783 0.73526645 0.5710966 0.9723828000000001 0.68148786
8 0.04193921 0.78215283 0.0754588 0.9551088 0.2693533
3 0.03732446 0.07623471 0.73900133 0.17703767 0.81410843
8 0.03556133 0.6615261 0.081701785 0.9136350000000001 0.32613924
3 0.027135396000000003 0.7935558000000001 0.5791974 0.9355634 0.669883
3 0.026303612 0.699205 0.038498484 0.99039763 0.3281668
8 0.024940322999999997 0.079713255 0.74339503 0.16187677 0.81288165
8 0.02257079 0.81694186 0.5943016999999999 0.9172261 0.65940845
3 0.012135459 0.83363646 0.5906395000000001 0.90929455 0.65796506
8 0.009182499 0.63772357 0.020753924 0.8874148000000001 0.28898394
3 0.00830976 0.790257 0.06370569 0.9859976999999999 0.27567600000000003
8 0.007223317 0.033027582 0.6537569999999999 0.1813092 0.8270811
3 0.006882555 0.12619478 0.69146234 0.66583896 1.0
8 0.006600644 0.04473369 0.7062193 0.19666489999999998 0.8442864999999999
3 0.005082748 0.8191286999999999 0.60209584 0.90007716 0.6738518
8 0.0048254146 0.8489389999999999 0.59146845 0.93920416 0.6587513
8 0.0047402615000000006 0.7864445 0.09404596 0.93143684 0.22303091
13 0.0043269726 0.20520487 0.82397664 0.5881188 1.0
8 0.0041005667 0.55210686 0.025206001000000002 0.87185717 0.34146106
13 0.004081055 0.07048520400000001 0.7484025 0.18170366 0.8056982
8 0.00374594 0.13894024 0.82077557 0.49902377 0.9817060999999999
8 0.0032513163 0.011281900000000001 0.68813473 0.19213963 0.9432437
13 0.003070872 0.66932094 0.0 0.97032595 0.36315390000000003
13 0.0030433609999999996 0.79711515 0.0 1.0 0.31907195
8 0.002738788 0.7754264 0.15184227 0.9369265 0.59163785
8 0.0026104327 0.8052001999999999 0.60995394 0.88710535 0.66559565
8 0.002190217 0.071094036 0.6480241 0.14822625 0.69871646
8 0.0020973955 0.6232646 0.08085318 0.9046337 0.43775547
8 0.0016940816 0.09011480000000001 0.5884087 0.52207863 0.94356585
8 0.0015350151 0.012113124 0.65274286 0.5667552 0.9969869
8 0.0015261838 0.77746844 0.14537038 0.93733954 0.36699307
8 0.0015046679999999998 0.09037722 0.64590627 0.1567454 0.6940181
8 0.0014823104 0.033531457 0.5804158 0.38016564 0.9350995999999999
8 0.0014330259 0.0 0.5844117 0.22840618 0.9338521999999999
8 0.0013160907 0.6936346 0.13562723 0.9271640999999999 0.59876424
8 0.0012494946 0.88896394 0.5873663 0.949291 0.6602233000000001
8 0.0011459810000000001 0.5899257 0.2501349 0.88847226 0.89082056
3 0.0008872199699999999 0.81116945 0.5917094 0.88659865 0.65407515
3 0.00083316234 0.86062306 0.5873144 0.9398540999999999 0.65549785
13 0.00082398567 0.7660806 0.08046992 0.97017777 0.25082856
7 0.00073170505 0.14117374 0.8095531 0.5753718000000001 1.0
8 0.00068367366 0.042790167000000004 0.12127467 0.281242 0.8418022
9 0.0006481381 0.72435683 0.035841044 1.0 0.33846742
3 0.0006387586 0.63047886 0.63023627 0.7120123 0.6731906999999999
8 0.00058415264 0.609396 0.13181901 0.87788963 0.59800005
12 0.0005689524 0.29684883 0.7800285 0.63122356 0.98186105
3 0.0005612947 0.073768914 0.6460710999999999 0.16201276 0.6972059
13 0.0005509282 0.47374183 0.0 0.8797676999999999 0.3977465
3 0.0005379737 0.063440636 0.60492337 0.5332927 0.98041147
10 0.0005040055 0.09061317 0.7372785 0.17363285 0.81700295
1 0.00048676407 0.11890966 0.85418993 0.57235545 0.98073477
7 0.00048548769999999996 0.6167644 0.0 1.0 0.3312382
11 0.0004682425 0.11647704 0.74958235 0.16330029999999998 0.819522
8 0.00043689992 0.8009554 0.5957904 0.88001215 0.6526890000000001
3 0.0003949908 0.06678878 0.7001068 0.17965797 0.82645035
8 0.00038823372000000003 0.766202 0.24701767 0.9532132 0.8564586999999999
1 0.0003863264 0.61017734 0.068639696 0.9394140999999999 0.29474512
9 0.00038109656 0.31120473 0.81427735 0.6174835999999999 0.98662317
3 0.00037660982000000006 0.6739156 0.0944008 0.9772519000000001 0.46145764
3 0.00036786633000000004 0.8880033000000002 0.58298427 0.95356184 0.6622501999999999
9 0.00036728935 0.10065203 0.75313026 0.18419418 0.8098327
6 0.00036305741999999997 0.14660591 0.83981526 0.7773808000000001 1.0
4 0.00035452034 0.30066922 0.8055241 0.65080094 0.9716265
13 0.00034564252999999995 0.77430826 0.5753431999999999 0.9207434000000001 0.70252764
13 0.00034015410000000004 0.033217534 0.7173254 0.19183934 0.8402308
12 0.00034002962999999997 0.66972363 0.0 1.0 0.24777542
13 0.00032186278 0.073655024 0.7333276999999999 0.15639260000000002 0.8162936
8 0.00031265864 0.02387558 0.5664802 0.26993429999999996 0.8240854999999999
13 0.00029915426 0.8158871999999999 0.5899388000000001 0.90129256 0.65049326
10 0.00028994205 0.28094184 0.7661064000000001 0.6360677 1.0
8 0.0002870177 0.03824678 0.3947279 0.36853537 0.85310584
5 0.00028409495 0.5726018 0.07322246 1.0 0.26854333
13 0.00028401095 0.5808703000000001 0.0 0.9343344000000001 0.50844395
6 0.00028117961 0.6202704000000001 0.06176429 1.0 0.3220633
8 0.00027493312 0.0062286854000000004 0.3147718 0.18098785 0.86479765
8 0.00027044502 0.04793495 0.66767865 0.118422315 0.7201432
5 0.00025427064999999997 0.059419035999999995 0.7657311 0.17813143 0.81632733
2 0.0002534697 0.6636344 0.00033627921999999997 1.0 0.2982296
8 0.00025251799999999997 0.11344977 0.09773188 0.39788747 0.81578356
10 0.00024214477000000003 0.7023555 0.0 1.0 0.34345856
8 0.00024118580000000002 0.9092336999999999 0.5450314 0.9775771000000001 0.70664793
8 0.0002372579 0.89024717 0.25632063 0.97972256 0.762997
9 0.00023395857999999997 0.8443434000000001 0.6035517 0.91477156 0.64666134
3 0.00020959353 0.055771943 0.6522536 0.14236361 0.7049944
13 0.00020924273 0.058145285 0.56267905 0.5295592 1.0
4 0.00019576483 0.109966464 0.7382453 0.17934716 0.81561404
9 0.00019421650000000002 0.8448832000000001 0.026148932000000003 1.0 0.33724245
8 0.00019417043999999997 0.6873814 0.21175298 0.9319712 0.78015715
8 0.00019304086 0.62111324 0.6345498 0.694707 0.6743269000000001
8 0.00018715007 0.05013542 0.6497546 0.13025475 0.70004153
8 0.00018572305000000001 0.90713245 0.5888342 0.96263856 0.65634817
3 0.0001750032 0.054139882 0.6685522 0.1344453 0.72318137
9 0.00017369939 0.8278581 0.59236354 0.96915305 0.686449
10 0.00016451691000000002 0.8476885000000001 0.0 1.0 0.3218355
1 0.00016413514 0.49729812 0.044205457000000004 0.8782339 0.24541363
3 0.0001615706 0.04898145 0.71578497 0.20082363 0.95103616
4 0.00015631238 0.7644024 0.048054467999999996 1.0 0.33318272
11 0.00014290119 0.3219298 0.83218586 0.5194721999999999 1.0
9 0.00014138653999999997 0.8100074 0.08866644 0.9514263000000001 0.2578433
13 0.00014066361000000002 0.06684853 0.69057626 0.18755029 0.86522925
2 0.00013290443 0.1888747 0.79292226 0.5497838 0.9970616
8 0.00012900596 0.8083438000000001 0.38201573 0.95805734 0.707935
13 0.00012653823000000002 0.80369955 0.61317956 0.89041704 0.6643964
2 0.00012386758999999997 0.83222526 0.58518726 0.90992266 0.63281864
7 0.00012266745000000001 0.7708745 0.0 0.9948336999999999 0.33125576
1 0.000120344666 0.750046 0.12761587 0.92440283 0.24273458
5 0.00011810691 0.19875652 0.8381646 0.59377277 1.0
11 0.00011770598 0.7474854000000001 0.08693636 0.9264264000000001 0.37723368
8 0.000117347576 0.033427462000000005 0.047805388 0.24428688 0.5927452
8 0.000114232644 0.23266752 0.8125300999999999 0.5580630999999999 0.98800844
12 0.00011257758999999998 0.8258191999999999 0.06676394 0.98240787 0.21183735
1 0.000110332556 0.75993717 0.11343155 0.96684766 0.3010816
13 0.00011016886 0.0 0.46849978 0.46389097 0.9975337
7 0.00010949036 0.7755306 0.08722563 0.94184005 0.2533337
8 0.00010827841999999998 0.04863146 0.76264536 0.45803710000000003 0.999031
1 0.000106872874 0.07894602 0.76450646 0.17711500000000002 0.82409596
8 0.00010616808000000001 0.8583911 0.31475696 0.9622013 0.7425894000000001
8 0.00010521478499999999 0.5190027 0.15113325 0.8276465000000001 0.85066116
7 0.000103585924 0.08169162 0.7420491 0.16057344 0.8206665999999999
12 0.00010224618000000001 0.799618 0.0 1.0 0.27390188
1 0.0001010505 0.7356661 0.09141637 0.9331171 0.21293072
6 9.815898e-05 0.066928044 0.7629756 0.20049287 0.8171866
8 9.7253775e-05 0.7623153 0.09150259 0.92259014 0.40942204
3 9.652625e-05 0.8409479999999999 0.60108924 0.91815054 0.6771417
11 9.496543e-05 0.084245674 0.74732006 0.13191178 0.8211139999999999
10 9.295399999999999e-05 0.8443379999999999 0.58179927 0.90879077 0.63819873
11 9.170315999999998e-05 0.87499475 0.0752982 0.9778571 0.3580731
13 9.099919e-05 0.8475020000000001 0.5949116 0.92810667 0.6455694000000001
10 8.975511e-05 0.7939103 0.07808827 0.9824235999999998 0.23658758
10 8.968866e-05 0.21810493 0.7975628 0.54144037 1.0
13 8.941294e-05 0.7872147 0.11742719 0.99990135 0.2608834
6 8.938147e-05 0.81795853 0.59026444 0.93075246 0.6414153
1 8.821269e-05 0.8197324 0.6005052 0.8943299000000001 0.64158666
8 8.521784e-05 0.7836308000000001 0.13767639 0.915638 0.25990975
5 8.391593000000001e-05 0.7521349 0.09177026 1.0 0.30967662
12 8.360347400000001e-05 0.091299534 0.7411485 0.18658817 0.81449246
13 8.29574e-05 0.87468135 0.5889892 0.9446125 0.6457944999999999
8 8.098474000000001e-05 0.085359685 0.7270361 0.1433797 0.8299019
9 8.0569465e-05 0.82720125 0.60304666 0.8965875 0.64809895
12 7.878499e-05 0.8149093000000001 0.03180889 1.0 0.33723345
2 7.753795e-05 0.7974334 0.5328094 0.9607861999999999 0.6688406
3 7.656248000000001e-05 0.07325651 0.34155875 0.40750998 0.905766
5 7.407456000000001e-05 0.70464367 0.1243692 0.971425 0.21787240000000002
13 7.357977e-05 0.047391705 0.665783 0.11465982 0.72021365
12 7.32521e-05 0.8301761999999999 0.03981408 0.9915162000000001 0.1772037
5 7.0869784e-05 0.12195827 0.8483985 0.4970169 1.0
2 7.0776594e-05 0.80095965 0.0 0.99309796 0.35527676
1 7.034661399999999e-05 0.7401406999999999 0.5774906999999999 0.91927373 0.6595654000000001
12 6.815047e-05 0.83908725 0.58991176 0.9142554 0.64341104
5 6.701614e-05 0.58721393 0.13388364 1.0 0.30659223
10 6.679278000000001e-05 0.8300151 0.5886684 0.8934757 0.63785374
13 6.6312976e-05 0.07790528 0.6463656999999999 0.14703356 0.69563794
8 6.623844e-05 0.16166621 0.15237707 0.46985167 0.8627492
8 6.61906e-05 0.9514314 0.42193198 0.9801105 0.5249995
11 6.5680164e-05 0.8422533999999999 0.5934608 0.8771848 0.6515618000000001
11 6.412795e-05 0.85851514 0.5916649 0.8942145 0.65312177
4 6.411334e-05 0.87308687 0.04384179 1.0 0.31904945
8 6.237316999999999e-05 0.6647141 0.020305906999999998 0.88323843 0.19264379
5 6.1344814e-05 0.6347823 0.10261665 0.92335486 0.32333156
12 6.0718477e-05 0.7097781999999999 0.0 0.98262644 0.3108152
11 6.0262533000000005e-05 0.84448373 0.50454485 0.9442315999999998 0.7286404000000001
10 5.9372924e-05 0.833514 0.6128376999999999 0.9009391999999999 0.671696
9 5.8033238e-05 0.23554052 0.8120995 0.516487 0.99859697
3 5.773129e-05 0.16822636 0.2627102 0.5629743 0.97147936
6 5.7415993e-05 0.75269824 0.11824005 0.9878058000000001 0.23329043
1 5.6813464e-05 0.76402986 0.16928510000000002 0.9706149 0.3637627
4 5.6545297e-05 0.70459926 0.030187982999999998 0.9871694999999999 0.28025433
13 5.6008714e-05 0.04803693 0.7071892 0.16236660000000003 0.8769577
6 5.51961e-05 0.43313 0.06644987 0.99730194 0.3040418
4 5.500026e-05 0.87713414 0.12477226599999999 0.9996734 0.36957747
10 5.4828181999999995e-05 0.11551680000000002 0.73060644 0.18192588 0.8173915
11 5.4202425e-05 0.6652899999999999 0.08169810000000001 0.8688539000000001 0.3489111
11 5.3404052e-05 0.8244404000000001 0.14809389999999997 0.9206664000000001 0.27372906
7 5.3119300000000005e-05 0.76054245 0.55702776 0.9495385000000001 0.71395564
11 5.2649273000000004e-05 0.22977713 0.8273136999999999 0.4381452 1.0
11 5.1642885e-05 0.10025054 0.71189886 0.13915883 0.8324691999999999
8 5.1381838e-05 0.7922311 0.05741576 0.91803706 0.20171987
5 5.0781673e-05 0.3802744 0.09652616 0.9487877 0.2774585
8 5.062983e-05 0.019363143 0.012204926999999999 0.26094913 0.30238464
1 4.957326e-05 0.64804584 0.028537238 0.94542164 0.23934513
13 4.919974e-05 0.09537818 0.6493895000000001 0.15983191 0.6939324
1 4.9046225999999996e-05 0.62277853 0.12413527 0.9227885 0.34923747
13 4.8804992e-05 0.5395973000000001 0.0 0.9205843 0.9633153
13 4.8737093000000006e-05 0.105234236 0.7938101 0.5335413 1.0
13 4.837634e-05 0.0 0.0 0.27806443 0.6771189000000001
3 4.8163212000000006e-05 0.7946103 0.59629667 0.8647248 0.64826953
13 4.7435406e-05 0.016252637 0.6563541 0.1774765 0.792168
6 4.7339447e-05 0.64694345 0.15082033 1.0 0.38933763
5 4.6571018e-05 0.72601694 0.104540244 0.97063714 0.19636117
13 4.6423098e-05 0.76302934 0.0 1.0 0.5646793999999999
5 4.6336914e-05 0.72637707 0.6203185999999999 0.95887154 0.7141443000000001
9 4.5485234e-05 0.72780824 0.04774036 0.9119848 0.41153196
2 4.5344317e-05 0.07625294 0.73771507 0.17001259999999999 0.82675886
4 4.4680582999999994e-05 0.8292089 0.1105716 0.95574194 0.23120834
13 4.401503e-05 0.624038 0.6255215999999999 0.69643927 0.67802215
6 4.3079697e-05 0.7584473 0.08865623 0.98243415 0.20312567
10 4.1435550000000003e-05 0.8615773000000001 0.577386 0.92278326 0.6368644
5 4.0402403e-05 0.09053731 0.7420055 0.52173996 1.0
4 4.0016497e-05 0.21066949 0.8040307 0.57425225 0.9635531999999999
4 3.970813e-05 0.8447245000000001 0.5835307 0.90225774 0.6470781
6 3.9484934e-05 0.6667933000000001 0.04490737 1.0 0.25787842
9 3.9224353e-05 0.12172659 0.7549760999999999 0.19857575 0.8075492
9 3.8861729999999996e-05 0.19530477 0.5871108 0.5601875 1.0
13 3.8173188e-05 0.086895525 0.71850014 0.17158887 0.80050784
11 3.7391077e-05 0.8461200999999999 0.61322206 0.8857449000000001 0.68562573
13 3.673917e-05 0.0 0.4561298 0.25208724 0.9263620000000001
3 3.6679638e-05 0.6776724000000001 0.031668797 0.99362946 0.20581710000000003
12 3.6266418e-05 0.54907584 0.0 1.0 0.20878984
7 3.6147976e-05 0.8307281999999999 0.59013927 0.9019389000000001 0.651249
3 3.6016255999999996e-05 0.7812482 0.097973436 0.9944848 0.47194907
11 3.5789053e-05 0.703159 0.09904696 0.8875042 0.40995365
1 3.486547e-05 0.7550989 0.16211545 0.92812115 0.27420029999999995
6 3.4772885999999995e-05 0.7615795 0.06725976 1.0 0.34258390000000005
13 3.3997283e-05 0.9450695 0.40445644 0.99288577 0.5397324
5 3.364728e-05 0.8020113 0.60986054 0.9134186 0.64970666
13 3.3535904e-05 0.0 0.6880390000000001 0.19927612 0.9277459000000001
13 3.2854558e-05 0.76226974 0.06108815 0.9992919 0.4176465999999999
7 3.2470343e-05 0.0 0.47015244 0.55233157 1.0
5 3.2021547999999996e-05 0.036959365 0.7650916 0.14303663 0.80896354
9 3.126741e-05 0.8283554 0.6265931 0.9032046 0.6718843000000001
4 3.1168413e-05 0.13313194 0.7345276999999999 0.18857776 0.80745256
12 3.1109696e-05 0.7668183000000001 0.5472481 0.9619038000000001 0.65941554
9 3.0962707e-05 0.78919625 0.062322542 0.9774885 0.38262653
13 3.0713272e-05 0.045835137000000005 0.0 0.40038672 1.0
7 3.0474794999999998e-05 0.6634373 0.022906585 0.9738298000000001 0.42096952
10 3.0450774000000002e-05 0.1248792 0.7037781999999999 0.17147653 0.82373536
2 3.0429796e-05 0.85999763 0.58802295 0.936376 0.6367106
10 3.0084504e-05 0.07524761599999999 0.7599311 0.15207294 0.81431985
9 3.0012729e-05 0.8808261000000001 0.6009572 0.9460983000000001 0.6440743
13 2.939914e-05 0.05018109 0.6420516 0.11898178 0.6992428
4 2.8273982e-05 0.79337424 0.12323006 1.0 0.38736284
3 2.7519050000000002e-05 0.61387813 0.21918228 0.9245806000000001 0.93877226
12 2.6976659e-05 0.0770005 0.47138270000000004 0.6748719 0.874193
1 2.6943846e-05 0.034413356 0.76636183 0.13247381 0.8144254
7 2.6779902000000003e-05 0.8147342 0.59022135 0.88435423 0.6535681999999999
4 2.671249e-05 0.8332825 0.08354281 0.9520081 0.20078948
3 2.6394331e-05 0.051815099999999996 0.62968904 0.2540919 0.97319746
13 2.593973e-05 0.60068643 0.0 0.9144609 0.1997585
8 2.51161e-05 0.01633472 0.02211687 0.19039604 0.4584333
10 2.5003685999999997e-05 0.85554117 0.4930952 0.97293 0.69872
11 2.4772753e-05 0.8761235 0.586498 0.91219944 0.65128285
8 2.4492936e-05 0.9293259 0.58550924 0.9746153000000001 0.65296227
4 2.4407156e-05 0.86587185 0.10172689 0.9950445 0.2331209
2 2.3533920000000003e-05 0.7211555000000001 0.013962843999999999 1.0 0.40987325
13 2.3268773000000003e-05 0.79076946 0.59170365 0.8659836 0.6498837
8 2.3034976e-05 0.023928605 0.055872254 0.16143659 0.6245596999999999
8 2.2591688e-05 0.9465264999999999 0.41254047 0.9814795000000001 0.47860005
3 2.2426682e-05 0.04797986 0.5721794 0.21263373 0.90123886
12 2.2384346999999997e-05 0.8725710999999999 0.5917876 0.9390106 0.64065033
6 2.2305961000000003e-05 0.7414424 0.14440775 0.99921054 0.26463267
7 2.2279027999999998e-05 0.0 0.64097303 0.65768975 1.0
2 2.2006291999999998e-05 0.8136945 0.61359775 0.89550817 0.65993345
1 2.1891077e-05 0.0 0.60094374 0.5119787 0.8929616
13 2.1631961999999998e-05 0.057834037000000005 0.72297305 0.16222781 0.7903986
12 2.1559126e-05 0.11549000000000001 0.7470515999999999 0.17252193 0.8325875
5 2.1420114e-05 0.4597301 0.17964725 0.92379564 0.46204728
10 2.1221034e-05 0.094338745 0.7370741 0.14604302 0.8267815000000001
13 2.1204629e-05 0.0 0.0 0.31090862 0.36426377
11 2.1162838e-05 0.7792468000000001 0.06899972 0.9279287 0.30165604
10 2.1159056000000002e-05 0.8564745 0.608812 0.91747737 0.67109376
13 2.1060261e-05 0.14866853 0.0 0.523612 1.0
8 2.1047992e-05 0.7840103 0.596508 0.8546077 0.64428824
8 2.0982183e-05 0.18079054 0.09492841 0.47432035 0.61623746
10 2.0832338e-05 0.82110757 0.6183668999999999 0.88233095 0.6719531999999999
5 2.0798858e-05 0.0 0.6585601 0.44448602 1.0
8 2.0763728000000002e-05 0.35171887 0.09413595 0.66984475 0.8291714
3 2.0521355e-05 0.03233345 0.16458452 0.30347687 0.6768263000000001
5 2.040085e-05 0.5768041 0.13589065 0.98070747 0.40389937
5 2.031685e-05 0.7910216 0.63153976 0.8913791 0.6764201999999999
9 2.0100088e-05 0.13851517 0.7131076 0.6785091 1.0
8 1.9933605999999998e-05 0.78612876 0.19965157 0.9223952 0.45089759999999995
2 1.948523e-05 0.035821386000000004 0.69852155 0.24524412 0.84622437
5 1.9327097000000002e-05 0.70164084 0.14607982 0.9637619000000001 0.25435418
2 1.9180483e-05 0.15522370000000002 0.4955725 0.60686946 0.90907276
10 1.8766063999999998e-05 0.107650936 0.712938 0.15555495 0.8235587
3 1.8708557e-05 0.9488052 0.40569740000000004 1.0 0.5646306999999999
8 1.846085e-05 0.9111029 0.6060474 0.96106124 0.66825503
8 1.8395383e-05 0.96142375 0.38722005 0.9839636999999999 0.52256346
2 1.8340324e-05 0.78662795 0.07219851 0.9833226999999999 0.20775366
2 1.8235876e-05 0.8953926999999999 0.5835116 0.96772367 0.63865083
2 1.8190555999999998e-05 0.052349444 0.66915476 0.13224477 0.72172016
2 1.8083223e-05 0.77066404 0.09665656 0.974253 0.2413795
2 1.8032117e-05 0.051312922999999996 0.63810676 0.23658118 0.78968495
6 1.7815010999999998e-05 0.7849891 0.15131146 1.0 0.40394843
13 1.7467893e-05 0.0 0.0 0.20155014 0.86213744
8 1.745262e-05 0.95153344 0.45268422 0.9796163 0.55126333
11 1.7446047e-05 0.8057776999999999 0.06994676 0.93272287 0.40970147
8 1.7341574e-05 0.24879082 0.0846687 0.5338685999999999 0.7284489000000001
6 1.7218417e-05 0.8126218000000001 0.6240051999999999 0.91967803 0.6671204000000001
4 1.7073489999999998e-05 0.8304648000000001 0.58645505 0.8903535 0.64457124
9 1.6979e-05 0.12525572 0.74650294 0.174872 0.8237281999999999
2 1.6966163e-05 0.53508747 0.0 1.0 0.4917585
12 1.6893273e-05 0.3926845 0.78827566 0.74406374 0.98396844
4 1.6745778e-05 0.8301018 0.5470919 0.9502096999999999 0.69107985
9 1.6621576e-05 0.6999919 0.05542831 0.9830621999999999 0.5154957
5 1.6611102e-05 0.0764535 0.75962687 0.13950068 0.83930933
8 1.6584929e-05 0.9464712 0.60680234 0.9771526 0.67468137
7 1.6548756e-05 0.37912974 0.0 1.0 0.52263385
1 1.6532642e-05 0.8539104999999999 0.5962694000000001 0.9235721 0.6393513000000001
