3 0.86322683 0.6837293999999999 0.5738006 0.9262222999999999 0.7340066
3 0.6844133000000001 0.7036164 0.6544604 0.7828083 0.7275024
8 0.16365395 0.6465041 0.5669073 0.94572455 0.7318491
8 0.07611860000000001 0.69676644 0.6555469 0.7853380999999999 0.71979535
8 0.067508124 0.19556275 0.64822 0.29979026 0.69831353
8 0.062130652 0.59994054 0.5127549 0.9632136999999998 0.76296806
3 0.038011584 0.20546708 0.6441177 0.30133227 0.7036603
8 0.024326945 0.66025496 0.08318909 0.9182216000000001 0.33788556
8 0.016781183 0.46716124 0.5707314 0.63685054 0.67937005
8 0.015082335 0.033414595 0.6618672 0.17946482 0.8094935000000001
3 0.014106215 0.64922076 0.57967925 0.8270131 0.7046766999999999
3 0.012225771000000002 0.6816453 0.041343822999999995 0.9975951 0.3430179
3 0.007959438000000001 0.756105 0.56973433 0.843635 0.60862136
8 0.0078842705 0.08061983 0.74455535 0.15848409 0.81015974
8 0.007842845 0.62693304 0.5775445 0.8391414 0.7023154
3 0.0070581846 0.49811086 0.5765627 0.62748975 0.67386585
8 0.005091545 0.670589 0.58830196 0.8660597 0.73955625
3 0.00460464 0.069688335 0.7378117 0.17833643 0.8097715999999999
3 0.0043593063 0.76759315 0.074128225 0.9922564 0.29116476
8 0.0043062386 0.624451 0.61979383 0.6736229 0.67229587
3 0.00391843 0.63394046 0.6187103 0.67364836 0.68216205
8 0.0033078964 0.67658573 0.019986898 0.89863235 0.2667353
8 0.0031436956 0.7211385 0.20133945 0.9466331 0.7247948000000001
8 0.002953077 0.7729785 0.13655770000000003 0.92683977 0.5945393
8 0.0026680653000000004 0.58383626 0.27168024 0.9161306 0.88471824
8 0.002613675 0.78472185 0.1090335 0.9303693999999999 0.23598298
8 0.0025803723999999998 0.5000891 0.5896766 0.5912543 0.65036505
8 0.0025364111999999998 0.054762825 0.4876856 0.4606477 0.8856029000000001
8 0.0021050223 0.012756996000000001 0.41258770000000006 0.17770335 0.9151469000000001
13 0.0020064826 0.7043854 0.66789883 0.78813744 0.7285698
13 0.0018971144 0.73444456 0.57808304 0.9409688 0.7212864
8 0.0018536135 0.61266845 0.09264359 0.8972978000000001 0.4415704000000001
8 0.0015794614999999998 0.41176483 0.5874526999999999 0.48965344 0.6492729
8 0.0014658695999999998 0.040218182000000005 0.6985256 0.19458646 0.84428465
8 0.0014421558 0.59750783 0.15893677 0.8962482 0.7220505
1 0.0013383954000000002 0.7331747 0.605978 0.9136086999999999 0.7188247
13 0.0012728652 0.67386276 0.59312063 0.8546166999999999 0.75298196
13 0.0012514184 0.62639266 0.5758291 0.82433814 0.730035
13 0.0012387178 0.617848 0.0 0.9428523000000001 0.37743783
8 0.001213585 0.040880606 0.11948931 0.28957427 0.8875825
8 0.0012122974000000001 0.02790837 0.15007797 0.1973917 0.8686254999999999
3 0.0012078006 0.6929683000000001 0.6287151999999999 0.78979367 0.73213595
8 0.0011037745 0.01231496 0.6129649 0.26870012 0.9046456
13 0.0010603962 0.07344498 0.74992985 0.18040414 0.80050427
3 0.00088535337 0.6656808000000001 0.59101343 0.75368744 0.6904819999999999
11 0.0008729944 0.69891274 0.5587472 0.8239304000000001 0.7776705
10 0.0008454372300000002 0.73421305 0.6557826999999999 0.8018928000000001 0.72975475
12 0.0007939321 0.7879673 0.59036213 0.9639454 0.70961237
1 0.0007597478 0.6017279999999999 0.6053172 0.7849465 0.7078691
8 0.0007547725999999999 0.030182763999999997 0.39735672 0.3695953 0.9116815999999999
11 0.0007217623599999999 0.7184955 0.66243833 0.77244246 0.74550664
9 0.0006977311 0.76570433 0.5836446 0.9322495999999999 0.7171514
10 0.00069038634 0.71588445 0.6663104000000001 0.7914802 0.72831905
5 0.0006707209 0.6302131 0.6252204 0.8673584000000001 0.74123657
13 0.00066312595 0.6460651 0.5771785 0.9505267 0.8520686
11 0.0005919661 0.7953313 0.54066557 0.909409 0.70801884
12 0.0005854594999999999 0.717808 0.6585274999999999 0.805817 0.71935654
10 0.00058283296 0.82150215 0.5364498000000001 0.9578573 0.7087886999999999
1 0.0005824 0.6859069999999999 0.6127366999999999 0.85925484 0.726684
10 0.0005748834999999999 0.7766641 0.53982854 0.91475374 0.69480115
11 0.0005504166000000001 0.7327944000000001 0.5605611 0.8596815999999999 0.76978546
13 0.00053735025 0.4744701 0.58649004 0.6195065 0.7029833000000001
1 0.0005336087 0.73553264 0.63497156 0.9219892 0.7433251000000001
13 0.0005297254 0.6891735 0.6698281999999999 0.7699718000000001 0.7233208999999999
3 0.0005112526 0.23002368 0.80298686 0.70812154 1.0
13 0.00047738577000000005 0.76288575 0.110723205 0.9737988000000001 0.27073464
11 0.0004705181 0.67725545 0.54161453 0.7963484000000001 0.7330694999999999
13 0.00046583623 0.21195133 0.64692575 0.2957512 0.7016174
3 0.00046389442 0.6537458 0.09334131 0.974988 0.47222263
6 0.00045257792 0.7206069 0.57026225 1.0 0.7311472
13 0.0004512236 0.6198813 0.6286984999999999 0.6702392 0.67261136
2 0.00044910194 0.71258974 0.6589519 0.7981113000000001 0.7268465000000001
5 0.0004377014 0.6777137 0.6794135 0.79237896 0.7332042
7 0.00043506934999999996 0.6906340999999999 0.66091377 0.77938515 0.74374676
13 0.00042842733 0.74643546 0.045269087 0.97399884 0.24342199999999997
9 0.00042693608 0.8096633000000001 0.5857129 0.9732715000000001 0.708489
9 0.0004145663 0.7136225 0.67324156 0.78186685 0.72827095
11 0.000399911 0.7408958000000001 0.66217375 0.7903293 0.7378712
5 0.00039706889999999997 0.59684294 0.6083977 0.8435543 0.7126437
4 0.00039001964999999997 0.7265421999999999 0.6540769000000001 0.7965861 0.73908913
4 0.00038953269999999996 0.7666887 0.556656 0.91980076 0.7363297
12 0.0003734947 0.77554566 0.6141005999999999 0.93744785 0.7315812
1 0.00037229980000000004 0.6548028 0.6449513000000001 0.8246694999999999 0.750257
6 0.00036222964999999994 0.6555991999999999 0.6200954000000001 0.9215931 0.74468124
5 0.0003616575 0.64893305 0.60283905 0.929791 0.7105891
1 0.000351136 0.6179687 0.64163065 0.7902008 0.7378732
12 0.00034445035 0.7232791000000001 0.57179314 0.9186499 0.7079908
4 0.00033934216000000003 0.8198566999999999 0.5274388000000001 0.9601876 0.70310175
10 0.00033079917000000003 0.76997375 0.57487845 0.9227774 0.73245454
3 0.000322746 0.08908826 0.5779882 0.54000586 0.97292525
10 0.0003194234 0.7149991 0.6016038 0.8928889000000001 0.7249415
10 0.00031641716 0.6752630999999999 0.5795104999999999 0.8249771 0.6894361
9 0.00030925457 0.7276071 0.67121893 0.8031115 0.7276275
7 0.00030497275 0.5126225999999999 0.52684313 1.0 0.91149276
4 0.00030351934 0.70573443 0.6553171999999999 0.78047985 0.73877025
8 0.00030178728 0.70725936 0.630051 0.7742136 0.7185819
5 0.0003012902 0.5173268 0.64951015 0.8860169 0.87995386
1 0.00029524974999999996 0.6956321 0.6807356999999999 0.7706218 0.73596454
8 0.00029291402 0.6947848000000001 0.49385637 0.9323775 0.79941267
9 0.00029115244999999997 0.71527797 0.03739394 1.0 0.34117937
2 0.00028945017000000004 0.7397431 0.49365336 1.0 0.81138504
1 0.0002879296 0.66993403 0.6132839 0.9256934000000001 0.810329
7 0.0002837734 0.5928571 0.0 1.0 0.34340996
13 0.00028297837999999997 0.49761808 0.57821584 0.6022694000000001 0.6530446
10 0.00027895744999999997 0.7222294 0.56525755 0.8799066999999999 0.6929099
8 0.00027709553 0.74370503 0.46588379999999996 0.9605123 0.7535208000000001
12 0.00027523984 0.67803246 0.573485 0.8661733 0.70955855
11 0.00027456385 0.7179717 0.4171758 1.0 0.89052325
3 0.00027339047 0.86461705 0.6011105 0.9458615 0.73259896
9 0.00027177087000000006 0.71260345 0.60702235 0.88098896 0.7531344
13 0.0002629502 0.67060083 0.5697588 0.8088905 0.8014186
7 0.00026003818 0.7280380999999999 0.54995865 0.9222603000000001 0.7560382
3 0.0002515628 0.06997609 0.6963984000000001 0.18600169 0.8015906999999999
10 0.00024668220000000004 0.70313174 0.6776641 0.7780661 0.7258515
1 0.00024616794 0.5738021 0.5702376 0.8975208 0.7757132
13 0.00024392757 0.5706725 0.0 0.9258938 0.51283604
6 0.00024055683999999998 0.6103945 0.5846013000000001 0.9145913 0.7067876999999999
11 0.00023865199000000002 0.70042855 0.6606681999999999 0.7586215000000001 0.7421058
9 0.00023329572 0.7098127 0.60125965 0.9967832 0.8434056999999999
10 0.00022203986 0.24508579 0.6356843000000001 0.30484888 0.6879552
11 0.00022097141 0.66302884 0.37882897 0.9397857 0.94060546
8 0.00021715787999999997 0.7195736999999999 0.6476218 0.7828986 0.73544383
11 0.00021647508999999998 0.8308965 0.545671 0.9431839 0.70751286
2 0.0002158086 0.7559875 0.5470763000000001 0.9182365 0.7020470999999999
6 0.0002113919 0.6907536 0.67713404 0.8082509 0.7285416
13 0.00019976436 0.7127283 0.6623875 0.77613395 0.75188345
5 0.00019440004 0.65634394 0.6440265000000001 1.0 0.899331
13 0.0001901247 0.08179857 0.7400494000000001 0.16314925 0.8171805999999999
3 0.00018802955 0.425008 0.5911458 0.49841540000000006 0.6569943
2 0.00018633417000000002 0.6894854 0.58505636 0.8608243 0.6995100999999999
4 0.00018627058 0.712291 0.5768661999999999 0.9011445 0.7550642
13 0.00018500951 0.09124778 0.7187028 0.17274301 0.79956335
5 0.00018038628 0.57483506 0.08243552 0.9922731 0.2728222
8 0.00017900908 0.15596578 0.101344004 0.42486617 0.7601131
8 0.00017751060000000001 0.68232083 0.6575873999999999 0.74987054 0.7249143
7 0.00017688380000000002 0.6486273 0.5813063 0.8502934999999999 0.7768602
8 0.00017687955 0.7497172 0.28708583 0.93951434 0.84703857
1 0.00017502406000000003 0.57458484 0.06978847 0.9134699000000001 0.28416616
5 0.00017462872 0.6854296 0.62851834 0.968259 0.76055783
1 0.00015900536 0.6397775 0.5720395 0.81573206 0.67688364
8 0.00015819966 0.75306696 0.5695939999999999 0.82658154 0.6125094
10 0.00015521209999999998 0.6647637 0.6102908 0.8403517 0.7368412
3 0.00015076454 0.760501 0.5726121 0.8574898000000001 0.6256169
12 0.00014450485000000002 0.6894406 0.0 1.0 0.24199955
1 0.00014088224 0.6603066 0.55209863 0.9241630999999999 0.7555548000000001
1 0.00013931154 0.6495994 0.61741334 0.77824813 0.7641983
3 0.00013435834 0.7307085 0.6580318000000001 0.8369564 0.7278798000000001
12 0.00013406793 0.6996928000000001 0.53474426 0.89566034 0.68667096
7 0.00013326613000000002 0.66392505 0.48335162 1.0 0.8450953999999999
6 0.00013291583000000001 0.6119972 0.0649313 1.0 0.30929753
3 0.00013029129 0.033527106 0.5190297 0.19902411 0.9273094000000001
9 0.00012757535 0.66493297 0.52664924 0.94891095 0.81086004
13 0.00012581048999999998 0.7081808 0.0 0.97263324 0.43893382
9 0.00012529937 0.24331361 0.6529163 0.30319268 0.6973334
11 0.00012251594 0.25182787 0.64208317 0.28703764 0.70268905
8 0.00012182588 0.7781956 0.13591163 0.91397905 0.2590005
10 0.00012126455 0.7269033 0.54523605 0.8676994 0.654928
4 0.00012106243999999999 0.81043494 0.50045174 1.0 0.8062132
8 0.00011994643 0.77363026 0.15937520000000002 0.9307759 0.39131892
12 0.000119717304 0.708902 0.5891893 0.8862443000000001 0.74089074
8 0.00011908843000000001 0.09433319 0.13129520000000003 0.3829648 0.8412572
10 0.00011880704999999999 0.09751549 0.73226386 0.17700288 0.8167119
3 0.000117596115 0.67175955 0.58944476 0.75970036 0.639135
1 0.00011695181 0.6729286 0.6804449 0.7531306999999999 0.7266166999999999
2 0.00011600456000000001 0.64666504 0.0 1.0 0.30729225
5 0.00011594392 0.64203125 0.6208951 0.7936582 0.7967616999999999
9 0.000115904666 0.6469233 0.5819824 0.79958427 0.73426074
13 0.00011431716999999998 0.06338566 0.72495073 0.16869104 0.7864571
11 0.00011377882 0.10081171 0.7444086 0.15003249 0.8193693999999999
8 0.00011326493999999999 0.27687448 0.432292 0.8092291 0.92907345
10 0.00011315986000000001 0.69614327 0.0 1.0 0.32555193
4 0.00011215384400000001 0.7414075 0.5391804 1.0 0.8407009
11 0.00011069482599999999 0.7006087 0.48400128 0.79275614 0.8171596999999999
5 0.00010903476 0.20287349999999998 0.66419345 0.30361238 0.70364755
8 0.000106644475 0.06280042 0.07436569 0.32393520000000003 0.6423613
9 0.00010588799999999999 0.75850576 0.5607776999999999 1.0 0.79657805
12 0.00010527582 0.55192375 0.48670372 1.0 0.7487576
1 0.00010432988999999999 0.46565515 0.54502076 0.83388144 0.7490828
2 0.000104192615 0.22779176 0.6371055999999999 0.30020717 0.6936806
2 0.00010239786 0.7377344 0.5800890999999999 0.9084148999999999 0.72528726
10 0.00010203642 0.81985134 0.41667529999999997 1.0 0.8043246000000001
5 0.00010180691999999999 0.72985613 0.6046895999999999 1.0 0.72852117
10 0.00010167457 0.08833281 0.7499423000000001 0.16558453 0.8134406
3 9.9784884e-05 0.6892698 0.66456974 0.7624053000000001 0.72713304
9 9.6214535e-05 0.6362945 0.5983396 0.88627636 0.8433315999999998
12 9.566601999999999e-05 0.6263642 0.6159291 0.6953501 0.6556819
2 9.508790000000002e-05 0.62601095 0.61330193 0.6990531999999999 0.65945566
11 9.475764e-05 0.7209646 0.6241559 0.7659491 0.76445305
12 9.376610999999999e-05 0.66320187 0.52984893 1.0 0.7779515
12 9.134153500000001e-05 0.2306993 0.65224534 0.30700827 0.6941913000000001
10 9.078488000000001e-05 0.74123544 0.64015055 0.78533286 0.75028956
1 8.657960999999999e-05 0.2136192 0.65778965 0.28946546 0.6978408
8 8.655721999999999e-05 0.69571286 0.63679314 0.75728506 0.72750896
2 8.551075999999998e-05 0.6809566999999999 0.5581089 0.8490068999999999 0.6642069
13 8.508809999999999e-05 0.24233532 0.8021060999999999 0.70873404 1.0
13 8.435688e-05 0.0 0.4637179 0.4483875 0.9893038000000001
11 8.391484e-05 0.7134531 0.53479016 0.82223696 0.6893712
7 8.3776176e-05 0.7554656 0.11802978 0.94220126 0.27808815
11 8.363879999999999e-05 0.12213779 0.7465273 0.1646606 0.8175725
5 8.2913066e-05 0.60593724 0.13104832 1.0 0.31844607
11 8.277961999999999e-05 0.7418216999999999 0.6314638000000001 0.7807525 0.75577915
9 7.944739e-05 0.10562752 0.756135 0.18102492 0.8120267
13 7.930312e-05 0.012336165 0.6521975 0.17788145 0.785475
13 7.921031e-05 0.7510188 0.5705399 0.8190473 0.62385905
13 7.862603e-05 0.6534683000000001 0.6328053000000001 0.8313094000000001 0.76375574
8 7.8298355e-05 0.6530984000000001 0.01929135 0.87158984 0.19058025
9 7.815078e-05 0.69675446 0.67649466 0.7663826 0.73059034
2 7.7152334e-05 0.73413676 0.5477083 0.8899898999999999 0.67039406
5 7.629013000000001e-05 0.64811593 0.64865744 0.887351 0.77336633
10 7.616677e-05 0.72872275 0.6437231 0.9154921 0.76902497
4 7.571786e-05 0.24225713 0.63890296 0.29591268 0.6974882
2 7.488907e-05 0.69335926 0.6618105 0.7796116999999999 0.7186642
13 7.2510295e-05 0.035635717000000004 0.7038263000000001 0.18649128 0.8257353000000001
10 7.101185000000001e-05 0.7791015 0.0 0.9991783999999999 0.38945243
13 7.085414999999999e-05 0.7523384 0.0 1.0 0.5819145
3 7.052395e-05 0.058833376 0.23723438 0.32542217 0.8974827
9 6.9173584e-05 0.5075805999999999 0.57810265 0.64985245 0.6923231
6 6.8598965e-05 0.5293325 0.62121934 1.0 0.8549656999999999
12 6.842835999999999e-05 0.7243913000000001 0.64307475 0.78625005 0.73436093
2 6.8389265e-05 0.47839564 0.5322422 0.6753561 0.67033374
13 6.574755999999999e-05 0.66019905 0.5810358 0.88462675 0.93139553
9 6.542883e-05 0.820097 0.12379829 0.95355004 0.28025186
5 6.5158376e-05 0.5251093000000001 0.60187197 0.9696815999999999 0.80372596
11 6.4195665e-05 0.7362974 0.09604342 0.9171367 0.3971822
6 6.268254e-05 0.67967975 0.64917153 0.9358921999999998 0.76411945
12 6.230545e-05 0.6979835999999999 0.0434471 1.0 0.31429270000000004
10 6.17703e-05 0.5326149 0.58256936 0.6045864000000001 0.6359948000000001
8 6.150416e-05 0.45086843 0.34977734 0.8808065 0.940469
8 6.14449e-05 0.25064397 0.8061969 0.57992524 0.9818650999999999
8 6.052849e-05 0.8555011 0.4287371 0.9834209999999999 0.77906716
8 6.0524560000000004e-05 0.49649855 0.15105470000000001 0.8190769 0.8799657
3 6.0477225e-05 0.18827578 0.30354083 0.5651041 0.98674047
1 5.8765396e-05 0.5275574000000001 0.5091515999999999 0.8860418999999999 0.7127133000000001
7 5.8680943999999996e-05 0.22112203 0.64125675 0.28524566 0.7069234999999999
1 5.8291553e-05 0.6215294 0.63159394 0.6688648 0.6662703000000001
1 5.7902749999999994e-05 0.6718575 0.65787315 0.86118424 0.7639876999999999
8 5.7120567e-05 0.30395186 0.12240799999999999 0.5973082 0.7080318
5 5.6018285e-05 0.69055396 0.67487156 0.7698516 0.7606125
8 5.5241652999999995e-05 0.025699727000000002 0.062039255999999994 0.17051208 0.6941546
9 5.5175509999999994e-05 0.8135023 0.07016065 0.97368443 0.23223254
13 5.4446904000000006e-05 0.58732414 0.07507404 0.9471272 0.9794719999999999
6 5.4241154e-05 0.6592212 0.14507772 0.99793446 0.37846962
6 5.4188095000000004e-05 0.6796354 0.5509221 0.93651366 0.6855455
7 5.402626999999999e-05 0.43845466 0.5439596999999999 0.64229673 0.723809
9 5.359306e-05 0.71656036 0.5741609000000001 0.8902124 0.70596343
11 5.3583557e-05 0.7441397 0.5389052 0.8531991 0.6825821999999999
8 5.249028e-05 0.90472007 0.5623379 0.98008513 0.70660913
10 5.231187e-05 0.6447185999999999 0.56926167 0.8007248 0.70654434
8 5.1119077e-05 0.66019803 0.60062927 0.7375528 0.68590105
3 5.061751e-05 0.6076261 0.2327919 0.94562364 0.9054824
4 5.055246e-05 0.76456815 0.046628557 1.0 0.31286803
1 5.0325200000000004e-05 0.61795443 0.12057045 0.9116203000000002 0.3446557
5 5.0107676e-05 0.624369 0.6469679 0.85026586 0.9294402
8 4.9883091999999995e-05 0.6623919 0.5252899000000001 0.94190955 0.8982020000000001
10 4.94424e-05 0.23154983 0.64436936 0.29261544 0.68892014
1 4.9140299999999994e-05 0.7574834 0.15958449 0.92658526 0.27073497
6 4.862451e-05 0.21202753 0.6512613 0.3275566 0.6958955
1 4.8441953999999995e-05 0.6377813 0.02756963 0.93380386 0.23949163
13 4.8252449999999996e-05 0.0 0.0 0.20376670000000002 0.9035940999999998
10 4.7578164e-05 0.72516435 0.65699244 0.7734516 0.74196947
1 4.6811971999999995e-05 0.43191534 0.56976116 0.5994571999999999 0.6618563000000001
7 4.6708683e-05 0.6428826999999999 0.0 0.97281516 0.4579473
5 4.6158779999999994e-05 0.05438073 0.7647881999999999 0.14892413 0.8157542
1 4.6142217e-05 0.71509016 0.6655468000000001 0.77598464 0.74394745
11 4.6025954000000004e-05 0.23664214 0.64337915 0.27333656 0.7026114999999999
7 4.5927142999999994e-05 0.5659721 0.56931955 0.79220784 0.7514198000000001
10 4.5531106e-05 0.80022496 0.04083947 0.9887883 0.21372752
7 4.3310854e-05 0.7134829 0.6408389 0.7830234 0.7627198000000001
3 4.3223536e-05 0.08556974 0.42264536 0.4275934 0.9310748999999999
12 4.2638938e-05 0.63775843 0.5720071 0.82041067 0.70417345
10 4.228005999999999e-05 0.714087 0.582792 0.8209704 0.78064007
8 4.1425024e-05 0.7384513 0.66074353 0.81279963 0.72524107
8 4.138258e-05 0.24716629 0.07106175 0.5372581 0.5757135
3 4.1244253e-05 0.051001265999999996 0.24925344 0.22028561 0.9423885000000001
10 4.1101426000000004e-05 0.71387494 0.48131490000000005 1.0 0.9034506999999999
4 4.059489e-05 0.72883135 0.637162 0.7771766999999999 0.7435393
10 4.0128674e-05 0.7555121 0.64903444 0.81382644 0.73430246
2 4.0040683e-05 0.72271013 0.6447432 0.7835915 0.73777074
1 3.970097e-05 0.7492994000000001 0.09839011 0.9524965 0.21771602
2 3.9052982000000004e-05 0.6344919 0.56710184 0.82713914 0.6745104999999999
8 3.8562709999999997e-05 0.020863444 0.017464243 0.26753315 0.31326482
6 3.6891197e-05 0.6491094000000001 0.03638332 1.0 0.24961457
8 3.670836e-05 0.22433805 0.12861772 0.56817186 0.8880773000000001
4 3.594355e-05 0.64704 0.59381884 0.8239573 0.75287205
5 3.5278612e-05 0.63549215 0.5879173000000001 0.8651690000000001 0.68579334
11 3.524908e-05 0.6823647 0.07973484 0.8695035 0.39734790000000003
3 3.5247132000000004e-05 0.6615344 0.029066276000000002 0.9947441999999999 0.20387903
4 3.5224787999999996e-05 0.11032671 0.7362148000000001 0.18029979 0.8151093
13 3.514764e-05 0.5792319 0.0 0.91072327 0.19190362
6 3.4080633e-05 0.6440604 0.5269598000000001 1.0 0.78774136
10 3.3877375e-05 0.7948714 0.106180325 0.9807703999999999 0.27396240000000005
6 3.3756634e-05 0.63617045 0.62291634 0.8680745999999999 0.78565836
3 3.3590066e-05 0.6503956 0.600237 0.73905915 0.67494327
5 3.308092e-05 0.43241292 0.60918415 0.6312445 0.70079553
7 3.2727537e-05 0.6601944000000001 0.63446057 0.90786433 0.7911603
7 3.2337466e-05 0.61744714 0.61480045 0.6868656999999999 0.6789888000000001
12 3.231559e-05 0.5290563 0.590069 0.61229706 0.64200413
11 3.2270716e-05 0.5293439999999999 0.5177101 0.630017 0.7057883
8 3.1878720000000005e-05 0.38169938 0.113100514 0.67743844 0.75132924
5 3.1702082e-05 0.6031028 0.65585566 0.8286425999999999 0.7750977
