3 0.7729224 0.5057351999999999 0.501504 0.5808647 0.61158425
8 0.6338739000000001 0.024281811 0.6879 0.12709773 0.81513435
8 0.60482055 0.50491315 0.49755424 0.57759947 0.6080069
3 0.56961906 0.31453565 0.5293254 0.36186555 0.5924374
8 0.28698229999999997 0.31008990000000003 0.52959096 0.37005370000000004 0.59448576
3 0.1380597 0.025611787999999996 0.6765483 0.13953896 0.82096165
3 0.06483575 0.9579062 0.13876656 0.99169284 0.26662537
8 0.043624412 0.95408905 0.15142247 0.9879863000000001 0.24666554
13 0.041916907 0.9497655 0.15510805 0.9942625 0.23941158
13 0.036198035 0.0 0.6744784 0.16970849 0.8038049
13 0.02482592 0.9605309000000001 0.13798404 0.9947401 0.25582197
13 0.015676705 0.0 0.71720815 0.14602421 0.8139555
8 0.015541048 0.46550736 0.47180736 0.6152913000000001 0.62136173
13 0.014663576999999999 0.95206165 0.17600624 0.99967337 0.25651345
13 0.00844041 0.30316550000000003 0.53886634 0.36584705 0.5837716
8 0.008388578 0.51294404 0.4885875 0.5756449 0.5441691
13 0.007466523399999999 0.52085394 0.5210338999999999 0.59318393 0.60682935
8 0.006283464399999999 0.5101485 0.5320193 0.57181156 0.6073973000000001
8 0.0046363617 0.5190348 0.5040896 0.57719904 0.5853626000000001
13 0.0043870183 0.9451525 0.1902854 1.0 0.24583736
2 0.0038738062 0.31066543 0.5319169 0.38071078 0.5773735
13 0.0038332562 0.5113188 0.50461227 0.55718935 0.62353146
2 0.003510283 0.5130451 0.49843940000000003 0.5968785 0.5510531999999999
13 0.0034651172 0.49265563 0.5378550999999999 0.5894746999999999 0.5912427
12 0.0034584189000000003 0.9615090000000001 0.12705052 1.0 0.22689527
2 0.0034119813000000002 0.9491723 0.13041028 1.0 0.24383081
2 0.0031011892 0.3251981 0.52537006 0.39234942 0.5823935
9 0.0028778943 0.95877653 0.14494099 1.0 0.23570502
8 0.002868303 0.0052374974 0.712504 0.1179754 0.8262985999999999
9 0.0028518806 0.52444845 0.49578837 0.5845683 0.5680975
7 0.0027855826 0.95002806 0.12774915 1.0 0.25975275
9 0.0027453829999999997 0.52350473 0.5101408 0.6071141999999999 0.5572826
8 0.002644478 0.94792265 0.18864055 0.98324233 0.24277616
9 0.0025754625 0.5102212 0.50892407 0.58459216 0.55942
5 0.0025147554 0.45376557 0.53817517 0.60223764 0.58956856
1 0.0024184717 0.9501238000000001 0.16315942 0.99041355 0.23631442
7 0.0023281407 0.48539394 0.5166205 0.57626134 0.6080555000000001
9 0.002153074 0.5102386999999999 0.49523357 0.5635640000000001 0.57441217
9 0.0020563344 0.504209 0.5215744999999999 0.5928069 0.58247405
9 0.0020510757 0.5381166000000001 0.5201007000000001 0.6029624 0.5913638000000001
13 0.0019378567000000002 0.94308233 0.12813213 0.9899858 0.22882394
1 0.0019152772 0.5321461 0.5335539 0.59145486 0.6083718000000001
11 0.0017910729 0.5102227 0.5290385999999999 0.5667169 0.59954476
5 0.0017906924 0.5036333 0.53046185 0.55512434 0.6292033
12 0.0017704784 0.50895053 0.49368212 0.5779943000000001 0.5730616
11 0.0017681035999999998 0.5182284 0.45731166 0.5484371 0.6432502
13 0.0017050792999999999 0.49843243 0.50645 0.5662939 0.59858346
8 0.0016911706 0.9522304 0.14154522 0.9834370000000001 0.21482822
8 0.0016810424 0.9532671 0.36191326 0.98726153 0.46479827
12 0.0016482511 0.51533455 0.50512016 0.6100140000000001 0.5562621
8 0.0016174726 0.95699817 0.1669757 0.9837621 0.26055604
1 0.0015905275 0.49652466 0.54290736 0.57072526 0.5974164000000001
4 0.0015237487 0.54573613 0.49486345 0.5984215 0.6162783000000001
12 0.0015230323999999998 0.96903765 0.11363685 1.0 0.2396195
1 0.0015131598 0.49355 0.51478124 0.55648786 0.5848566
8 0.0014793029000000001 0.013790213 0.6497869000000001 0.16674241 0.8981566999999999
2 0.001465115 0.5300189000000001 0.50106555 0.5905678000000001 0.60963297
11 0.0014452897 0.5159634 0.49119923 0.5516992 0.58374494
6 0.0014395682 0.4966929 0.5296525 0.59551394 0.5934206999999999
9 0.0014369645000000002 0.53971463 0.49881908 0.6027668 0.5663231
9 0.0014254382 0.026648882999999998 0.68387276 0.13697228 0.8151284000000001
2 0.0014182139999999999 0.498071 0.5244821 0.5938708 0.58289313
3 0.0013848441000000001 0.31315053 0.5427904 0.3688113 0.604723
8 0.0013580893 0.49696824 0.5087341 0.5603933000000001 0.5754577
10 0.0013300973999999998 0.54931754 0.48884016 0.59521013 0.5922746
2 0.0013240057 0.0 0.7005553000000001 0.17635663 0.86018646
3 0.0013050218 0.9535589 0.33772403 1.0 0.52061576
1 0.001295717 0.5051955 0.52131695 0.5742297 0.5707281
12 0.0012542518 0.53640735 0.5286368 0.60103524 0.5997569
9 0.0012045042 0.52406716 0.5129871 0.5873487 0.5956418000000001
11 0.0011813389 0.55196273 0.4914227 0.5960413 0.6049104000000001
9 0.0011695600999999999 0.03932511 0.69708127 0.20459762 0.82881343
2 0.0011659443 0.94209456 0.15554549 1.0 0.22482324
7 0.0011618237 0.5180884 0.49560329999999997 0.60050625 0.57634735
8 0.0011213929 0.92125666 0.14210781 0.9954629 0.27654429999999997
5 0.0011128728999999999 0.4814267 0.5311296999999999 0.5783520000000001 0.6037515
8 0.0010967727 0.79470664 0.18652643 0.95527035 0.44799040000000007
11 0.001091191 0.037209168 0.67850995 0.10069205 0.84102577
5 0.0010882581 0.47717288 0.519588 0.57804567 0.57311743
7 0.0010860861999999998 0.29674095 0.5288135 0.3772192 0.59689957
1 0.001067012 0.50590783 0.5342238 0.54449624 0.6202859000000001
8 0.0010582300999999999 0.8454187 0.20396784 0.9680369000000001 0.53394973
4 0.0010493717 0.5322945 0.50253385 0.5974883000000001 0.5708106
12 0.0010408453 0.95914483 0.15263376 1.0 0.2124868
2 0.0010337973 0.5125072 0.4780798 0.57802105 0.5596416999999999
4 0.0010107337 0.06253366 0.6741446 0.19997026 0.83292633
4 0.0009852239 0.50514996 0.5194825 0.59155464 0.6027312
11 0.0009779589 0.5135755999999999 0.49694937 0.5593849 0.61923856
10 0.0009779271 0.48648143 0.5219308 0.58240056 0.58708197
7 0.0009702892 0.94208586 0.15661226 1.0 0.23529921
2 0.00096637156 0.9477324 0.1620208 1.0 0.27625024
11 0.0009298325 0.53344196 0.48284802 0.57293457 0.58048666
4 0.00090019254 0.53078985 0.49079620000000007 0.5898745 0.5970365
4 0.000886078 0.5154942 0.5065710999999999 0.5782254 0.56749636
12 0.000883523 0.30185854 0.5359986 0.38451093 0.57706493
2 0.0008720321 0.9600853000000001 0.10552679 1.0 0.27783182
13 0.00085801963 0.5196305999999999 0.51277417 0.57101434 0.6221736
7 0.0008343342 0.52514255 0.50359684 0.5923629 0.6215814000000001
12 0.0008295736999999999 0.5051849 0.5261349 0.596352 0.58317137
4 0.0008210705 0.9624546999999999 0.16057833 1.0 0.2418275
9 0.0008155685000000001 0.31397822 0.5423896 0.3832061 0.5859093000000001
6 0.0008139683 0.95787066 0.15971223 1.0 0.24656224
10 0.00081327587 0.9655869 0.13663945 1.0 0.24325314
6 0.00080918503 0.30681083 0.5389357 0.38582686 0.5849171999999999
1 0.0007958628 0.52665126 0.51492476 0.5860850999999999 0.58271194
11 0.0007912477 0.5286236999999999 0.49328876 0.57731235 0.6187210999999999
11 0.0007878183400000001 0.32811454 0.53372425 0.3615723 0.5915474000000001
6 0.00078773784 0.49703148 0.5119123 0.5834298000000001 0.5692166999999999
1 0.0007653999 0.0 0.7241647 0.12011076 0.8227804
1 0.0007631822400000001 0.3063593 0.5513416999999999 0.36325544 0.59070694
11 0.0007507886 0.05882433 0.685315 0.13858052 0.84966826
5 0.0007499868 0.27120170000000005 0.54918164 0.3807051 0.5872046
5 0.0007097886 0.5144335999999999 0.53891873 0.61185277 0.62389994
9 0.00070453656 0.96263134 0.17262636 1.0 0.26085368
9 0.0007001876 0.51175296 0.51275945 0.56983256 0.60167277
1 0.0006928464 0.940234 0.16946843 0.98472255 0.22186442
8 0.0006842033 0.7210751999999999 0.19529383 0.9307754999999999 0.51904
12 0.0006827520599999999 0.5342631 0.5058246 0.60268396 0.5775345000000001
9 0.0006730798 0.032671485 0.7205163 0.13829122 0.8433729
7 0.0006703425 0.52190363 0.47294107 0.58123827 0.60343564
1 0.0006642653 0.2902842 0.54923034 0.34751657 0.58506066
7 0.0006642211 0.0 0.6442654999999999 0.18626891 0.82863075
4 0.000662147 0.033823345 0.67134374 0.14431947 0.810068
12 0.00066175655 0.96136844 0.10135242 1.0 0.19330673
5 0.0006609733 0.49088815 0.51777345 0.59990823 0.5833107
5 0.00065165083 0.0 0.72506535 0.13011689999999998 0.8170824000000001
2 0.00064426014 0.5269284000000001 0.46869838 0.58819675 0.57720876
2 0.0006236528 0.52086884 0.4866084 0.5558850000000001 0.5905915
1 0.0006220824 0.0010164529 0.7331201 0.14962445 0.8477924000000001
7 0.0006197557 0.96201265 0.10345618 1.0 0.27079493
13 0.0006163879 0.93483514 0.1385004 0.9869384 0.21114699999999997
11 0.0006075966000000001 0.31494728 0.53306085 0.34506820000000005 0.5883149999999999
7 0.0005966691999999999 0.5023644 0.4798552 0.5640917 0.6053128000000001
10 0.00059536105 0.5223779000000001 0.5104306 0.5529539000000001 0.6119066999999999
1 0.0005941481 0.96197027 0.15257818 0.99468607 0.24517453
7 0.00059021905 0.94081753 0.18211344 0.99577624 0.26524386
10 0.0005900124 0.025115665 0.6679245 0.13255435 0.8140253000000001
10 0.0005730743 0.50755006 0.4935394 0.5831304 0.55050427
12 0.0005686477 0.96406466 0.14736462 1.0 0.25278458
4 0.0005642237 0.51185703 0.49871492 0.5718844 0.5905417
11 0.0005634702400000001 0.9653643 0.14884160000000002 0.99117273 0.26658833
10 0.0005390297 0.5193515999999999 0.47194886 0.574909 0.5591939
8 0.00053311535 0.0039109886 0.5987106 0.12828322 0.88826615
5 0.0005297151 0.93611646 0.16203415 0.9990413 0.24316342
10 0.00052556564 0.49096364 0.4971758 0.5668035 0.5477179
10 0.0005235585 0.34384159999999997 0.5222523 0.39689273 0.58642745
2 0.000515728 0.0 0.6861272 0.14125554 0.8265684000000001
4 0.0005060693 0.31475195 0.53050184 0.38074902 0.5926913
10 0.0005005375 0.54876137 0.46389487 0.5923457 0.560832
1 0.00050016533 0.32518 0.55148697 0.374659 0.5897435000000001
2 0.0004958565 0.5074202 0.5010879 0.57447755 0.5907871
9 0.0004895298 0.3287865 0.5456901 0.39983475 0.58585733
13 0.00048396550000000005 0.4747510999999999 0.5163282 0.60620487 0.6378783
2 0.00047571596 0.008108101999999999 0.63845086 0.16721553 0.80616856
10 0.00047123944 0.31673917 0.5277021 0.38445845 0.58543974
1 0.0004686251 0.9530664000000001 0.19648354 0.9928629000000001 0.26096877
10 0.000464534 0.504462 0.48602029999999996 0.56068456 0.5587724000000001
8 0.0004641307 0.03661728 0.58286875 0.35874793 0.9404216999999999
4 0.00046151134000000006 0.97254467 0.14536203 0.99930716 0.24484186
4 0.0004608675 0.3370785 0.5296071 0.39380068 0.5970062
5 0.00045986875 0.46000865 0.5229100999999999 0.5839367 0.5559145999999999
12 0.00045660522000000005 0.520628 0.506981 0.5561694 0.61707366
1 0.00045111007000000005 0.5177645000000001 0.5379353 0.57925636 0.62013596
8 0.00044309787000000004 0.021706674 0.65430176 0.10289048 0.8270162
6 0.00042302614999999995 0.29233056 0.54149777 0.36839825 0.58158296
10 0.00040954349999999996 0.97743917 0.10358016 1.0 0.2506257
12 0.00040833783 0.0 0.6414428000000001 0.18845499999999998 0.762562
4 0.00040378358 0.030647982 0.7036678000000001 0.13648768 0.8377021000000001
9 0.00039518668 0.30525756 0.54436773 0.36252612 0.5858595
3 0.00038950366 0.5205386 0.49454004 0.5934805000000001 0.5874431
4 0.00038874819999999997 0.54774725 0.51187897 0.61073613 0.60036576
5 0.00038174703000000003 0.0 0.7503141999999999 0.109287545 0.8444741
10 0.00037106437999999994 0.033741057000000005 0.6362066 0.17937355 0.84309876
2 0.00036450036 0.9541465 0.107920125 1.0 0.21413673
10 0.00034961404000000005 0.9543294 0.16182275 1.0 0.22923905
12 0.00034725639999999997 0.50957596 0.5144712 0.57851934 0.5965093000000001
10 0.00034723888 0.54424036 0.51570266 0.60336304 0.5863048000000001
4 0.00034558843 0.9643209 0.18648124 1.0 0.2698163
10 0.0003408029 0.54059464 0.4684662 0.566137 0.61402917
5 0.00033921337999999994 0.5181922000000001 0.5483610999999999 0.5693728 0.6576401999999999
6 0.00032707944 0.5212791 0.52654564 0.6106701 0.6130667
2 0.0003223723 0.0 0.7203326999999999 0.12606314 0.85742325
9 0.0003184168 0.5322021 0.51194364 0.56706285 0.6162903000000001
7 0.0003116039 0.0 0.6939794 0.12445748 0.8541528
11 0.00030642806 0.51674104 0.5138501 0.5518552 0.5701371000000001
8 0.00030576402999999997 0.6273941999999999 0.12130868 0.9033654000000001 0.5756996999999999
6 0.00030147063 0.9535584999999999 0.17198005 0.99709314 0.23322454
2 0.00030112627 0.5318359 0.48113358 0.56800413 0.62028307
12 0.00030086664 0.95776564 0.12495099 1.0 0.1826555
11 0.00029990525 0.55456305 0.47438288 0.59270704 0.571558
8 0.0002989113 0.94870484 0.37917915 0.9837645 0.44808277
12 0.0002980206 0.0 0.6717426999999999 0.2008839 0.7908626
10 0.00029552172000000003 0.034318193999999996 0.70480925 0.14409712 0.84806365
7 0.0002942896 0.50871646 0.48450357 0.55352247 0.6518001
13 0.00029255272 0.501613 0.5581669 0.59376574 0.60467625
11 0.00029249457 0.06083296 0.6416108 0.12824649999999999 0.91450506
1 0.00028958482999999995 0.0 0.7517829 0.11438686 0.8505796999999998
9 0.00028600479999999997 0.048112337000000005 0.6933372 0.15264119 0.8732046999999998
12 0.0002828353 0.5320053000000001 0.5174969 0.5689850999999999 0.61455476
9 0.00028204234 0.513868 0.5078145000000001 0.54642045 0.632374
10 0.00028074463 0.018732794 0.643073 0.11692264 0.7902449
10 0.00027546944 0.51800174 0.49637700000000007 0.5842996 0.59151024
1 0.00027067333999999997 0.5225565999999999 0.52692896 0.5630066 0.6267781
3 0.00026745885 0.93173856 0.13106863 0.9960008 0.27264273
1 0.00026737413 0.0 0.7602554 0.14204979 0.87145275
2 0.0002601634 0.47683892 0.46435663 0.6791560000000001 0.6216586
1 0.0002586027 0.0 0.69815034 0.13881308 0.8041113
5 0.00025473474 0.29223302 0.5519584 0.39592436 0.59204686
2 0.0002532691 0.9488859000000001 0.12832125 1.0 0.19332008
11 0.00025291246 0.35027859999999994 0.531083 0.38487086 0.5912638000000001
11 0.00025000365 0.5405350999999999 0.44752744 0.5648694000000001 0.6341899000000001
4 0.00024618226 0.04755297 0.64911926 0.13513643 0.7776751000000001
9 0.00024387566000000002 0.5316566 0.5295842 0.6190939999999999 0.58308893
1 0.00024113036 0.48620754 0.54341227 0.5485651 0.586688
6 0.00023751832000000003 0.9548299000000001 0.19161081 1.0 0.27757075
11 0.00023467952000000002 0.97562623 0.12163129 0.99627876 0.26843897
9 0.00023340907000000003 0.53285754 0.48675853 0.56732905 0.58691984
13 0.00023308444 0.92674327 0.20280631 1.0 0.2444776
12 0.00023246516 0.53382444 0.49339697 0.568076 0.5927182
6 0.00022570419 0.5114948 0.48639753 0.5904147 0.5868831
11 0.00022294290000000002 0.025351738999999998 0.67128646 0.07822013 0.8492009
13 0.00022150452 0.9184073 0.17953148 0.9925364 0.22660682
6 0.00022088134999999999 0.5039885000000001 0.51633704 0.5697988 0.6197673
10 0.00022085213 0.50565267 0.51369065 0.5720866 0.60068256
6 0.00021506465 0.0 0.7115289 0.17007734 0.8262493000000001
2 0.00021315302000000003 0.014309466000000002 0.6449855 0.14948358 0.87930936
1 0.00021244345 0.94665533 0.13218985 0.98805374 0.20520583
7 0.00021218818 0.5175585 0.5251392 0.6040434 0.5985931
6 0.00020609811999999997 0.0 0.7012176999999999 0.21646832 0.84493417
1 0.00020568041 0.0 0.6853491999999999 0.11337604400000001 0.7801184
12 0.0002044108 0.0098346025 0.6850202 0.14767142 0.80225927
11 0.00020010283 0.96749467 0.17585994 0.99309915 0.29153824
8 0.00019968858 0.026444778 0.45264876 0.25321108 0.9186675
8 0.00019752473999999997 0.03565386 0.21711202 0.32619628 0.90122914
13 0.00019748231 0.30465263 0.5632404999999999 0.36252403 0.60024154
10 0.00019553473999999997 0.96646607 0.1597419 1.0 0.26986742
3 0.00018580540000000002 0.5308928 0.48995665 0.5805511 0.5376545
4 0.0001857571 0.057649434000000006 0.6520499 0.15277612 0.8639154
8 0.00018396808999999998 0.94154066 0.14107873 0.9891754999999999 0.3394311
8 0.00018066558 0.9483016 0.35323593 0.9833252 0.42909008
13 0.00017657901000000002 0.8976254000000001 0.15376942 0.9887493 0.26630723
2 0.00017554418 0.5236413 0.5211532999999999 0.6080896 0.5887701999999999
12 0.00017172366000000003 0.96417123 0.17135847 1.0 0.23772502
7 0.00016673137999999999 0.47708425 0.52780193 0.55769265 0.6008247
13 0.00016357595 0.51457506 0.48858329999999994 0.57346445 0.5315857
10 0.0001635266 0.5417253000000001 0.43929917 0.5657083 0.57857615
5 0.00016050156999999999 0.9359738999999999 0.18866542 0.99697757 0.2709494
1 0.00015722195 0.5222066 0.5021399000000001 0.56510884 0.58942306
8 0.00015698068999999999 0.83379936 0.29254967 0.9652666999999999 0.4308936
5 0.0001548927 0.9568426999999999 0.1543531 0.99762005 0.27611023
5 0.00015148058999999998 0.92162806 0.17640495 0.99744016 0.2221246
8 0.00014330767 0.9024501 0.18583797 0.9747118 0.32036802
1 0.00013847621 0.9449975 0.20309925 0.9877771999999999 0.24779179999999998
6 0.00013657921 0.5141631 0.5364321 0.62308997 0.5933554
10 0.00013561602 0.05645287400000001 0.5962278 0.15310492 0.88319564
13 0.00012998242 0.9457045000000001 0.36276266 0.9947019 0.48331174
13 0.00012963092 0.50868875 0.5041848 0.59160274 0.5706979999999999
3 0.0001283697 0.94835633 0.14396542 0.9946577 0.21991092
3 0.00012661469 0.9494355999999999 0.34519774 1.0 0.4620584
9 0.00012658462 0.9550424999999999 0.14100029 1.0 0.19941473
1 0.00012184129 0.9382212999999999 0.1380372 0.98414963 0.19004163
5 0.00011956878999999999 0.49565518 0.5425313 0.62789106 0.598969
1 0.00011632563 0.0 0.71674365 0.08316978 0.8084214
13 0.00011274115 0.9192249 0.14881292 0.98147327 0.20263086
6 0.000112443624 0.49390227 0.56534845 0.59868354 0.6105765000000001
10 0.000111661735 0.9621360999999999 0.114624314 1.0 0.21661220000000003
6 0.00011127190399999999 0.0 0.74372166 0.16061378 0.8565063
8 0.00010909133599999999 0.039614953 0.6529424 0.27036095 0.93489563
8 0.00010879993999999998 0.9139117 0.29602417 0.98275304 0.4823902
7 0.00010806566000000001 0.499676 0.5577291 0.59082174 0.62163156
11 0.000107266766 0.55409145 0.5215272 0.60838723 0.5927562
8 0.00010338604600000001 0.011208743 0.35980064 0.19308306 0.9392619000000001
4 0.000103064995 0.30350309999999997 0.53232706 0.36186647 0.5864670999999999
4 0.00010291591000000001 0.95882016 0.19648482 0.9988628 0.25519323
11 0.00010279732 0.95574206 0.17467143 0.9820375 0.24338208
8 9.9708726e-05 0.60722125 0.24313222 0.9084462 0.9779747
1 9.917942e-05 0.45322508 0.51171905 0.5978965 0.6286874
13 9.7406264e-05 0.94292074 0.34127408 0.98955137 0.45762813
7 9.580104999999999e-05 0.52463305 0.4905331 0.5654167 0.64423805
6 9.483807e-05 0.9489564 0.20364864 1.0 0.2556195
6 9.3484254e-05 0.0 0.6728894 0.19547996 0.8035926
8 9.2131726e-05 0.009659335 0.5146915 0.15705027 0.9411748
10 9.2128714e-05 0.02443282 0.69862306 0.10497261599999999 0.81446946
5 9.179910599999999e-05 0.0 0.7174691 0.19190139 0.7887615
13 9.115728000000001e-05 0.9483063 0.1977079 1.0 0.28074157
4 9.076976000000001e-05 0.5300444000000001 0.48590055 0.56840307 0.63182753
6 9.001505999999999e-05 0.9581731 0.13693509 0.9949402 0.21894474
7 8.7694316e-05 0.94703203 0.13435 1.0 0.2058199
5 8.666958e-05 0.0 0.719669 0.08817004 0.8185142
3 8.5111875e-05 0.9504507 0.17318857 0.99326044 0.30804825
10 8.495828000000001e-05 0.52850735 0.5540045 0.5935431999999999 0.62516
9 8.451623999999999e-05 0.5226099 0.5569061 0.60661656 0.61317414
5 8.343658999999999e-05 0.0 0.74290407 0.12558496 0.8748952
8 8.303877e-05 0.4886255 0.45592678 0.58309114 0.65477294
8 8.208322e-05 0.95491785 0.31221306 0.9862904 0.42552435
9 8.1403035e-05 0.497963 0.5269431 0.5661562 0.5865229999999999
4 8.048585e-05 0.51239073 0.50373536 0.5569729999999999 0.62708527
9 8.024175999999999e-05 0.49579316 0.5052996 0.6375628000000001 0.6315053
8 7.6259115e-05 0.9649958000000001 0.2765276 0.98985845 0.41904154
8 7.4564996e-05 0.7084479 0.11616538 0.91134447 0.71745837
