3 0.9972711 0.68332267 0.5284426999999999 0.8299794 0.6587706999999999
3 0.99093163 0.8120345 0.54520637 0.96022546 0.6825014
3 0.9345349000000001 0.0946931 0.43123266 0.15645592 0.50636727
8 0.8056349 0.29578727 0.47039568 0.47325915 0.57209593
2 0.71635664 0.49519482 0.5187468 0.5459639000000001 0.6241241999999999
3 0.6041539 0.15442936 0.44475058 0.20819424 0.5085751000000001
3 0.3688297 0.0037000328 0.42215157 0.10063891 0.47434756
3 0.33036 0.30604792 0.46991402 0.46563745 0.57197416
3 0.31811458 0.041520126 0.41989338 0.11841119 0.47795767
3 0.3143257 0.14484501 0.5364441 0.8013606 0.9830655999999999
