3 0.9439312 0.0 0.3403366 0.20391542 0.70726687
3 0.9437446 0.23377478 0.41393256 0.28757155 0.51262695
3 0.8410776 0.16718748 0.31947222 1.0 0.9250466999999999
3 0.7161283 0.60126084 0.33094817 0.9213826999999999 0.59726745
3 0.6226364999999999 0.37557265 0.40199167 0.43076172 0.48070064
33 0.5424604000000001 0.123140424 0.45539817 0.19428173 0.6154878
3 0.5365674 0.18368167 0.38554502 0.257226 0.5363166
3 0.49770093 0.008657515 0.36800268 0.81107515 0.90034145
3 0.4772002 0.4873018 0.27273828 1.0 0.90439713
1 0.4137344 0.5734864000000001 0.17095205 0.62093633 0.32252997
