3 0.92081356 0.0 0.3471752 0.23182404 0.66991657
3 0.8051903 0.6715382 0.41178942 0.78970784 0.49588615
3 0.7441528000000001 0.022704184 0.42981595 1.0 1.0
3 0.6483827 0.097056486 0.36014047 0.26040256 0.48256558
3 0.58133596 0.47296834 0.37959552 0.55356574 0.46812916
8 0.55563664 0.33640729999999996 0.3739637 0.3773458 0.4425817
8 0.45829222 0.473163 0.38062233 0.5644361 0.46600604
3 0.40586245 0.0047986507000000005 0.4449363 0.67886686 0.96285516
8 0.38890055 0.0 0.348605 0.23677099 0.6812882
3 0.3695222 0.011556506000000001 0.34094098 0.47754088 0.85010374
