3 0.9939094999999999 0.002419129 0.4638441 0.2540713 0.82432324
3 0.99151915 0.71009326 0.42384735 1.0 0.73338145
1 0.9829268 0.5511556 0.36190334 0.6495419 0.68807447
4 0.97767603 0.5587809 0.5333374 0.6493579 0.77225024
3 0.94992155 0.31127745 0.47052956 0.3649177 0.5354249
10 0.94386387 0.2555875 0.09865569 0.27574554 0.17837317
3 0.90030044 0.43651086 0.48062813 0.45947653 0.51925355
3 0.8659879 0.4568642 0.43903124 0.5397356 0.5765357
10 0.70786524 0.4866951 0.22414443 0.5028577000000001 0.27472848
3 0.6662696 0.01627472 0.6058208 0.87038445 0.99813133
10 0.66267073 0.25224662 0.10017751 0.26800966 0.1771438
10 0.6147914000000001 0.49373797 0.2253933 0.5075718 0.27622727
3 0.5403099 0.35062927 0.48159733 0.37598455 0.5273156
10 0.5326264 0.76784986 0.25877413 0.811076 0.3243212
3 0.5035251000000001 0.35987312 0.48029435 0.3888926 0.5162776
3 0.39793387 0.011526749 0.48169082 0.36678797 0.9118148000000001
10 0.34461817 0.24616618 0.101854995 0.26183113 0.17857204
