3 0.99074745 0.596409 0.5199835 0.9440091 0.8205563
3 0.96512735 0.5129853 0.49795946 0.557133 0.55470455
3 0.9389765 0.04479775 0.42387635 0.33747104 0.74647087
3 0.83570296 0.47302777 0.49838182 0.504201 0.5343483
3 0.6663045999999999 0.34580895 0.49422005 0.44957885 0.62462264
3 0.5637274999999999 0.4313802 0.49257368 0.46459073 0.5604182
8 0.5604385000000001 0.34746674 0.47197804 0.4612156 0.5744117
3 0.555163 0.57566845 0.5219543 0.67279804 0.6890751
3 0.55440295 0.67113924 0.4938834 0.7641747 0.5453785
3 0.44761625 0.6750039000000001 0.49196190000000006 0.76626825 0.52670604
3 0.42249823 0.61605114 0.5045627 0.66681236 0.55377835
3 0.36542654 0.5639675000000001 0.52087355 0.6090886999999999 0.5510866
3 0.35735923 0.3520198 0.47065884 0.45017004 0.54559124
3 0.32754272 0.55725074 0.52936786 0.61289847 0.56952935
8 0.30169229999999997 0.33648336 0.47920594 0.45860165 0.626275
