3 0.9651712 0.0012317821 0.35942498 0.22231599999999999 0.67960733
3 0.9560117 0.67296815 0.4214726 0.7874559 0.5088514000000001
3 0.82140607 0.15516135 0.38429004 0.26455364 0.49449846
3 0.79153156 0.025393575 0.54815114 0.5322256 1.0
3 0.7779522 0.47555318 0.39027940000000005 0.49589804 0.44785467
3 0.7461810000000001 0.5837343 0.4202479 0.61084366 0.44734684
3 0.7272689999999999 0.48424629999999996 0.38658777 0.55557007 0.4787537
8 0.68735397 0.3427019 0.38719073 0.38391770000000003 0.4526991
3 0.63943636 0.04175356 0.66705346 0.651479 0.987452
3 0.5884321 0.5445005999999999 0.40356687 0.5749426 0.45416048
3 0.51436013 0.5796268 0.41585013 0.6065520999999999 0.44473450000000003
8 0.47263299999999997 0.48346764 0.38626242 0.5665216 0.47900078
3 0.46336102 0.47445109999999996 0.39715559999999994 0.489284 0.44656935
3 0.3805708 0.078876525 0.34769583 0.809327 0.9789193000000002
3 0.33221912 0.5862664000000001 0.41105726 0.6104059000000001 0.4397656
