3 0.85077196 0.016709583 0.8184151999999999 0.22297765 0.99223614
3 0.8154161 0.15922916 0.46583655 0.8626369 0.9750360999999999
3 0.68247586 0.17529587 0.6647209 0.9121253 0.9929041999999999
8 0.68116075 0.13808994 0.51947343 0.89922833 0.94132584
8 0.6352587 0.11493006 0.33413222 0.78965336 0.9510423000000001
8 0.62890667 0.89847434 0.3457587 0.99023706 0.4381457
3 0.32162765 0.17835131 0.21980426 0.8557537000000001 0.9029181999999999
3 0.31439079999999997 0.8967507 0.34511614 0.9992753000000001 0.42998967
8 0.07759163 0.83902264 0.33551368 1.0 0.45466232
8 0.06893145 0.1741171 0.70520055 0.8512565999999999 0.9710334
3 0.036258057 0.019491896 0.7868982 0.22109218 0.9341946
8 0.028363144 0.07825058 0.2659152 0.58575517 0.9097714
3 0.02384077 0.10034951 0.25564033 0.64115447 0.95397437
8 0.02279156 0.8776056000000001 0.36556754 0.98525107 0.43121994
3 0.021587554 0.021432483999999998 0.76060355 0.34292436 0.99378073
8 0.012178517 0.18044218 0.6418965 0.6764208 1.0
13 0.011182267 0.0 0.8795854999999999 0.30415149999999996 0.9824778000000001
8 0.009284556999999999 0.113899335 0.17175789 0.66435975 0.5503484000000001
13 0.0089967195 0.8729173000000001 0.37446266 1.0 0.41699179999999997
8 0.0077380209999999994 0.43466270000000007 0.27877468 0.8498237 0.95056516
8 0.00658761 0.11890051 0.10997194 0.59603864 0.69416124
9 0.004794724 0.9132382 0.35745206 1.0 0.4070842
9 0.00462058 0.9059658000000002 0.37945855 1.0 0.41853783
8 0.004455955 0.21799960000000002 0.15458183 0.71512747 0.82208335
13 0.0042931777 0.8889530999999999 0.34491318 0.99973106 0.41877326
3 0.004090232 0.0 0.87293434 0.2591853 1.0
13 0.0040155808 0.0 0.8455794 0.24879679999999998 0.9710806000000001
7 0.0036779411999999997 0.0 0.86259115 0.25374633 1.0
13 0.0033384326 0.003828888 0.72659415 0.9038027 1.0
8 0.0032180359999999996 0.068743184 0.42190364 0.44014516 0.9552679000000001
8 0.0031804653999999996 0.0033486810999999997 0.84819585 0.20041174 0.9852494
3 0.002844362 0.22012433 0.6169498999999999 0.84913707 0.8783136
9 0.0027043634999999997 0.89788055 0.36417538 1.0 0.3991612
7 0.0026435645000000003 0.8946844999999999 0.37235826 0.9896976999999999 0.4296786
13 0.0025248744 0.009136938 0.7137185 0.72146964 0.9475214
13 0.0024843605 0.050506007 0.07999622 0.73616153 1.0
3 0.0024586217 0.14851245 0.123057075 0.7197507 0.5375523
13 0.002432744 0.24391279 0.17502506 0.9291222 1.0
8 0.0023064176 0.03482966 0.77567685 0.23452444 1.0
13 0.0021591317 0.30617675 0.51167166 0.9732755999999999 0.9948261
10 0.002146892 0.8909773999999999 0.36689058 0.99602115 0.4282539000000001
10 0.0020772016 0.90730286 0.32822540000000006 0.9890665999999999 0.41010094
8 0.0020246133 0.20057747 0.737417 0.69896954 0.9467164
5 0.0019237676 0.026585668 0.39024004 0.6526613 0.9817174999999999
5 0.0016865403 0.0 0.74465567 0.77237093 0.9955094000000001
10 0.0016625420000000001 0.8749205 0.35027367 0.98170394 0.40224707
6 0.0016348509 0.0 0.8656703000000001 0.31208447 0.9802968000000001
12 0.001563215 0.059935354 0.8398294 0.31435877 0.9509303
6 0.0014881084 0.0033025234 0.8374204 0.26344585 0.9439654000000001
8 0.0014663236999999999 0.29048318 0.21288411 0.761342 0.6151335
3 0.0014662079 0.23711358 0.5145788 0.99898493 0.7857045
9 0.0014245770999999998 0.20866595 0.212335 0.74497104 0.89019406
13 0.0014220997 0.10766500000000001 0.3986901 0.7414566999999999 1.0
13 0.0014184279000000002 0.0 0.7807134 0.29583487 1.0
12 0.0013769373999999999 0.9158673 0.37437582 1.0 0.41582572
12 0.0013678867999999999 0.23086263 0.084253386 0.9052355 0.86735237
11 0.0013299363 0.9378707000000001 0.35112748 0.9894103999999999 0.41786972
8 0.0013255787 0.16495633 0.64352876 0.7620359999999999 0.8733148000000001
3 0.0012916839 0.0065984343999999995 0.82562953 0.20015499 0.893824
4 0.0012763768 0.9275225 0.33387157 1.0 0.42927486
2 0.0012749425 0.89810324 0.35431883 1.0 0.4030174
8 0.0012707777 0.60489774 0.23945315 0.8879815999999999 0.8811926
12 0.0012581785000000002 0.065021224 0.8165944 0.26854545 0.9337818999999999
7 0.0012578088 0.0 0.81589216 0.27330118 0.9592624
5 0.0012537917 0.0 0.59253776 0.7986658 0.9950515
11 0.0012529955 0.91010743 0.34981254 0.9748996999999999 0.42167166
12 0.0012403377 0.9101594000000001 0.3529494 1.0 0.4120183
7 0.0011822799000000001 0.0 0.5230792000000001 0.9281049000000001 1.0
5 0.0011517338000000001 0.829894 0.36501694 1.0 0.41037476
2 0.0011203606 0.9126893 0.33709273 1.0 0.42347953
6 0.0010621968 0.88538027 0.38313743 1.0 0.42344666
13 0.0010479684 0.0 0.539849 1.0 0.972103
1 0.0010424819 0.044886462 0.8971705 0.25976908 0.99655753
4 0.0010272362 0.9182648000000001 0.36250746 1.0 0.43211629999999995
7 0.001017298 0.92181724 0.3356175 1.0 0.42404854
4 0.0010170622999999999 0.06979312 0.83399624 0.33505943 0.9910507
1 0.0010090330000000001 0.902324 0.36638042 0.9961061999999999 0.42517185
7 0.0010036514 0.21534541 0.029690742000000003 0.85827637 1.0
7 0.0009937952 0.0 0.24407764 0.71747166 1.0
9 0.0009588175 0.15209363 0.2684788 0.65838766 1.0
11 0.00095429394 0.12496984 0.68024564 0.60060436 1.0
1 0.0009178718 0.0 0.23540519 0.5874968 0.89309776
3 0.0009177612 0.054555155 0.57884866 0.5983135 1.0
11 0.0009034560000000001 0.92797375 0.38655075 0.9927579 0.43267113
9 0.00089806435 0.23323241 0.5558976 0.95026255 0.9503511999999998
9 0.0008800847 0.35038343 0.26838833 0.86483216 0.94003004
1 0.0008772021 0.02968125 0.87996364 0.22704059 0.98031443
12 0.0008610313 0.3618363 0.4808492999999999 0.98289937 0.9398943999999999
5 0.00085097266 0.8303064 0.3827886 1.0 0.41902572
5 0.0008247383500000001 0.0 0.6372876999999999 0.9799479 0.9106174000000001
1 0.0008180152 0.28621653 0.5924351 0.9187949000000001 0.93428785
6 0.00081107824 0.88669556 0.36437365 1.0 0.40848094
1 0.0008080559 0.9132663000000001 0.39013255 0.99387807 0.42832905
13 0.0007965563 0.0 0.79650337 0.20886967 0.9386518
8 0.0007843817599999999 0.28708790000000006 0.5170222 0.8801687 0.7534635999999999
4 0.0007742722 0.5463965999999999 0.39039078 1.0 0.98652923
3 0.0007644335000000001 0.77026325 0.7577003000000001 0.8853476 0.82776546
8 0.0007627558999999999 0.006577771600000001 0.7823283000000001 0.16350095 0.9709501
1 0.00076054333 0.0 0.85918266 0.20305051 0.95597786
4 0.0007527160000000001 0.9193075999999999 0.3512883 1.0 0.40834257
13 0.00075134984 0.80088943 0.37105015 0.9850462 0.44431904
7 0.0007234244999999999 0.0 0.6240013000000001 0.67571306 1.0
2 0.00071525056 0.0 0.85606223 0.2759247 0.9501305
5 0.0007108065 0.16956937 0.41363758 0.92659825 1.0
11 0.0006918439999999999 0.23196083 0.55556554 0.8879259 1.0
8 0.0006903591 0.116068386 0.62764317 0.53340685 1.0
9 0.00068697927 0.4716791 0.5435757 0.9886881999999999 0.93044585
1 0.0006827052 0.8868769 0.3668219 0.98526025 0.41062390000000004
12 0.00067981234 0.07931092 0.20645076 0.79346496 0.86675096
7 0.0006498673500000001 0.3144869 0.41499472 0.9326651 1.0
12 0.00064653816 0.10338079 0.0 0.8048482 0.67684925
8 0.0006440693 0.063272476 0.29532847 0.3350703 0.9469301999999999
12 0.00064121286 0.22528806 0.40509787 1.0 0.8133604999999999
1 0.0006404472 0.0 0.163253 0.67683786 0.7276592
13 0.0006385032 0.16366529999999999 0.58368737 0.8473181000000001 1.0
2 0.0006252162999999999 0.88310456 0.377107 1.0 0.42429459999999997
13 0.00062054466 0.08693675 0.009107914 0.75566906 0.5782119000000001
1 0.0006076737999999999 0.17083316 0.29731890000000005 0.8035245 0.9506059000000001
1 0.000603563 0.0 0.7755327 0.6439174 0.99374443
12 0.0005903544999999999 0.15646373 0.48475242 0.82217664 0.94222355
10 0.0005836615 0.5691932 0.31523722 1.0 0.95918834
11 0.0005791654 0.22345307 0.24881953 0.59701467 1.0
2 0.0005459314599999999 0.78254277 0.34128759999999997 1.0 0.44468465
3 0.0005435582 0.0011338425 0.90507054 0.20297098 1.0
12 0.0005373969 0.06329924599999999 0.77626735 0.2692047 0.89453995
7 0.0005359876999999999 0.0 0.70484006 0.33468159999999997 1.0
10 0.00052236405 0.005363031999999999 0.83222294 0.31084278 1.0
3 0.0005176494 0.4231293 0.6794606 0.79588664 0.793508
5 0.0005112832 0.14227006 0.6712274 0.9833295 1.0
7 0.0005044159999999999 0.9085615 0.34880978 1.0 0.41123469999999995
7 0.00050204707 0.891797 0.33262914 0.9986759 0.43422735
9 0.0004987238 0.02919515 0.82799816 0.3080861 0.93595994
4 0.00049089437 0.26573542 0.59726536 1.0 1.0
1 0.00048272498 0.21706732 0.48355293 0.8608708 0.9139573000000001
2 0.00047345822999999995 0.02318788 0.8130718000000001 0.29877448 0.90950155
10 0.0004726378 0.48398329999999995 0.20991485 0.96366435 0.96634406
1 0.0004597879 0.0 0.7503531999999999 0.5836528 0.90688294
1 0.00045224922 0.0 0.8316992 0.17126577 0.9260466999999999
12 0.00045100623 0.22238882 0.6639917 0.7961096 0.8778104999999999
1 0.00044768665 0.0 0.45991424 0.60975534 0.922681
8 0.0004473546 0.63672626 0.28398305 0.92188805 0.5265435
3 0.000444542 0.62651885 0.7331818 0.7943659000000001 0.78314954
4 0.0004426418 0.4033 0.15431698 0.9708681999999998 0.9772011999999999
11 0.0004400351 0.11263154 0.5673961 0.49153596 1.0
12 0.00043593496 0.03394038 0.5044776 1.0 0.9281379999999999
9 0.00043255356 0.26981184 0.49856094 0.77151805 1.0
11 0.00042789453 0.32283184 0.0 0.67506796 1.0
11 0.0004273728400000001 0.50263137 0.21561366 0.88845044 1.0
10 0.00042401449999999996 0.3674421 0.34282282 0.86307836 0.9998413
13 0.00041729718 0.19970962 0.7068477 0.92938864 0.9190113999999999
5 0.00040801279999999997 0.019808935 0.34441423 0.7744923 0.811062
11 0.00040636797 0.34616897 0.30010948 0.7308568 1.0
6 0.00039480989999999996 0.0 0.727122 0.90389895 1.0
11 0.00039210974 0.4488585 0.0 0.7817344 1.0
1 0.00039004062999999995 0.0 0.60947424 0.544038 0.9334238000000001
2 0.00038272506 0.08100708599999999 0.42028940000000004 1.0 0.88288206
11 0.0003801779 0.579657 0.354779 0.9565975 1.0
13 0.00036556076 0.0 0.82022655 0.48647645 1.0
6 0.00036542886 0.9004223 0.3518608 1.0 0.41971022
5 0.0003518861 0.0 0.8535198 0.32641008 0.9685218000000001
10 0.0003497125 0.0 0.8185063 0.29030636 0.9388205
11 0.00034958735 0.28826055 0.4523677 0.6592581999999999 1.0
12 0.00033806269999999994 0.0 0.6808448 0.2944299 0.9339078000000002
11 0.00033455406 0.11672689 0.15539093 0.46481374 1.0
9 0.00032951884 0.10548358 0.6957619 0.67324895 0.9908437
2 0.00032436647 0.054251533 0.6585475000000001 0.8398583000000001 0.91097975
2 0.00032145376 0.04283722 0.79014295 0.28011322 0.8823915000000001
2 0.00032018419999999996 0.43488119999999997 0.3586891 0.9444476 1.0
1 0.00031580304 0.11457187 0.66566616 0.8197393 0.96754116
7 0.00031197764 0.14663346 0.44754308 0.74836016 1.0
4 0.00031167455000000004 0.36839673 0.4777567 0.9104309000000002 0.9987681999999999
13 0.00030910125 0.123909354 0.66235304 0.58855003 0.9513786
6 0.00030655143 0.3502418 0.5781941999999999 1.0 1.0
2 0.00030551343999999996 0.33650532 0.0 0.8674878 1.0
4 0.00030513695999999997 0.05852233 0.8126297 0.2754364 0.9414961
13 0.00029907378 0.78365207 0.7722531 0.9266963 0.8149368
10 0.00029770838 0.19327465 0.5044158 1.0 1.0
10 0.00029428574 0.22178620000000002 0.0 0.75915766 0.95714223
3 0.00029176424 0.90700495 0.5215447 0.99126536 0.56742996
11 0.00028865077 0.9160232 0.36710206 0.97796875 0.40989622
13 0.00027927724 0.788848 0.63565886 0.89010763 0.70815045
11 0.00027772665 0.4257566 0.44154632 0.75971323 1.0
2 0.00027163202000000003 0.16110964 0.0 0.75346345 0.8455154
1 0.00026735442000000003 0.0 0.66822094 0.7653504 0.9444725
10 0.00026478744 0.44310135 0.0 0.91227823 0.9419318999999999
11 0.00026136328 0.8505089 0.32984954 0.9819285 0.46798638
8 0.00026009237999999996 0.083700806 0.07913419599999999 0.43675736 0.5347864999999999
6 0.00025920614 0.0 0.57157874 1.0 1.0
8 0.00025625824 0.049455553 0.19721270000000002 0.2848212 0.8338368
7 0.00024958255 0.0 0.46106258 0.5697949999999999 1.0
11 0.00024641397999999995 0.070332386 0.88997465 0.21753822 0.99273497
3 0.00024341179 0.022347508 0.8401878 0.20744464 0.9348136999999999
3 0.00024289479 0.07354484 0.3722273 0.49459794 0.9143521000000001
8 0.00024156597999999997 0.5491775 0.5351416999999999 0.9038152 0.96730894
11 0.00023979432999999997 0.2280335 0.72559935 0.54498917 0.952843
7 0.00023921402000000002 0.10029747 0.04245208599999999 0.738104 0.9407996
5 0.00023765315 0.0 0.73898494 0.7464877 0.8970819
7 0.00023354005 0.84332895 0.37585613 0.9652894000000001 0.43050396
9 0.00023089849999999998 0.87212366 0.3767815 0.99506104 0.41899220000000004
9 0.00022896909 0.08817388 0.34366688 0.51979876 1.0
9 0.00022840034 0.062916696 0.5702314 0.5350874 1.0
6 0.00022159275000000001 0.068580404 0.47595406 0.84474367 0.9760873
9 0.00021889151000000002 0.021489564 0.87159604 0.32210338 0.96924466
1 0.0002185243 0.0 0.8013760999999999 0.23582296 1.0
10 0.000214905 0.42149293 0.35837966 0.995542 0.8474540999999999
6 0.00020815556 0.26213068 0.26131523 0.99618024 0.9971085
7 0.00020660978 0.07920733 0.66861475 0.7197238 0.96050805
11 0.00020626787000000002 0.88854456 0.3854323 0.97318035 0.43050959999999994
9 0.00020594831000000002 0.8505666999999999 0.3688092 0.9979399999999999 0.44032186
12 0.00020504955 0.25888053 0.61213946 0.85231704 0.8405253
3 0.00019311977999999998 0.7580613 0.6281536 0.88529646 0.7304208000000001
6 0.00019236906000000002 0.00017389933000000002 0.28008363 0.8508933000000001 0.88854516
8 0.00018904374 0.5672010000000001 0.13606177 0.87235814 0.5431378000000001
3 0.0001865755 0.46404126 0.69587123 0.86052424 0.82216644
5 0.00018566803 0.0 0.8332985999999999 0.27737543 0.9293089
7 0.00018035741 0.7406713 0.33398193 1.0 0.4747937
11 0.00016698093 0.45834127 0.41322190000000003 0.9115360999999998 0.9425226000000001
5 0.00016692136999999998 0.05232183 0.5595131999999999 1.0 0.86023575
8 0.00016486651999999999 0.031314343 0.53650403 0.28809503 0.9882669
4 0.00016447075000000001 0.16575341 0.39645442 0.75878197 0.9554277
10 0.00016418738000000002 0.16121570000000002 0.44716787 0.66817576 0.9696023000000001
3 0.00016414174999999998 0.7859611999999999 0.7512263000000001 0.90210754 0.8153505
8 0.00016302006999999999 0.07179843 0.10754234 0.40489587 0.7443987
6 0.00016238823999999998 0.011851731 0.7360376999999999 0.8153629 0.9219773000000001
10 0.00016188200000000002 0.09949898 0.6421511999999999 0.8090616 1.0
8 0.00015926728 0.79714155 0.76094383 0.88112277 0.8047225
11 0.00015793847 0.05409451 0.87586606 0.1798692 0.97199017
9 0.0001567976 0.8343744000000001 0.3479913 0.9882006999999999 0.42544588
13 0.0001567676 0.25892565 0.13797115 0.9699095999999999 0.5871733
7 0.00015523765 0.0 0.789352 0.23940389 0.9036982
8 0.00015346151000000002 0.5322286999999999 0.20910156 0.86529624 0.70149314
8 0.0001513463 0.0 0.9181912 0.17080553 0.9939458000000001
1 0.00014692305 0.8606248 0.38680708 0.96711206 0.42305273
13 0.00014642741000000001 0.19199741 0.0 0.8816757 0.8284599
13 0.00014608874 0.0 0.9267538000000001 0.27289984 0.9902605999999999
9 0.00014117628 0.19157669 0.6933232 0.7173166999999999 0.88546216
1 0.00014104492 0.77156526 0.36925727 0.95433664 0.44996452
3 0.00013594501000000001 0.3283163 0.67799324 0.66862524 0.79399663
7 0.00013552938 0.7721703000000001 0.7749569000000001 0.9087795 0.8284193999999999
10 0.0001348195 0.13588595 0.6807395 0.7112858 0.88477695
3 0.0001334546 0.008959687 0.34494838 0.05854151 0.41671786
3 0.00013307473 0.5859298000000001 0.52090544 1.0 0.64124376
4 0.00013185222999999999 0.08994082 0.6927439000000001 0.7715439000000001 0.9918233
8 0.0001305576 0.91095185 0.5173072 0.99627334 0.5678054
1 0.00013019182 0.06603635 0.7001440999999999 0.63877064 0.86346227
10 0.00012896732 0.24396592 0.6339511 0.7589267 0.8436138000000001
2 0.00012875063 0.0 0.8771403 0.24317510000000003 0.97703314
1 0.00012845466 0.0 0.08005367 0.5987583000000001 0.5669350999999999
13 0.00012833216 0.0 0.87938887 0.43330547 0.9951759
8 0.00012757428 0.79090375 0.77889603 0.8849456 0.81861997
11 0.00012498353 0.11728547 0.7621888000000001 0.26900268 1.0
6 0.00012487688 0.14455083 0.51670265 1.0 0.904437
7 0.00012484775 0.17329579999999997 0.6332839 0.7909359 0.89899254
2 0.00012480403999999998 0.25442800000000004 0.45740393 0.8505075999999999 0.9118826999999999
10 0.00012240194 0.09423828 0.19668178 0.6516107 0.9609926999999999
11 0.00012125264999999999 0.32309455 0.69237775 0.66674834 0.9189958
8 0.00012098162 0.00277455 0.34808198 0.042405147000000004 0.4051814
12 0.00012029527 0.41050547 0.16267875 0.99315166 0.85800177
12 0.00011823944 0.08993828 0.5466009000000001 0.62289906 0.92958105
1 0.00011736801999999999 0.15073837 0.15728939 0.85504764 0.71373475
13 0.00011569803999999998 0.79844993 0.6572336999999999 0.9126040000000001 0.7233664000000001
4 0.00011353382 0.28392753 0.11991577 0.83559686 0.8411931
3 0.00011250108 0.43763363 0.6922055 0.55742407 0.7446651999999999
5 0.00011213746999999999 0.03993917 0.7100099 0.8388614 0.85512435
13 0.00011132802 0.008775895 0.83983964 0.17467771 0.8907782
2 0.00010975662 0.7960621 0.31924576 1.0 0.41726714
13 0.00010924026000000002 0.46346620000000005 0.076637074 1.0 0.89120495
13 0.00010850031999999999 0.34440687 0.5007165 0.94043845 0.74183524
3 0.00010658856000000002 0.032011416 0.52994126 0.35741258 0.95221967
5 0.00010246790000000002 0.07031845 0.73530227 0.97717595 0.8824103999999999
8 0.00010160773000000002 0.78605735 0.6467638000000001 0.86038697 0.7231576
9 9.7420074e-05 0.24963334 0.08639991 0.776733 0.5674875
12 9.651219000000001e-05 0.25645062 0.6115235 0.6383565999999999 0.90367377
4 9.526489e-05 0.8839151 0.36558983 0.9957946 0.4287061
1 9.4873874e-05 0.0 0.81457955 0.18509701 0.90201867
8 9.133006e-05 0.78129864 0.75404036 0.8676441999999999 0.8072597
5 9.030508e-05 0.7087587 0.37733829999999996 0.99411696 0.44952327
4 8.8809684e-05 0.23010153 0.5312501000000001 0.8159374 0.9903447
2 8.789944e-05 0.24026431 0.6206694 0.8778585999999999 0.82804096
10 8.7593166e-05 0.10748888599999999 0.5857165 0.56389356 0.98142797
6 8.633261e-05 0.06605614 0.19179231 0.8966261000000001 0.7382389
3 8.628572e-05 0.25999725 0.18676533 0.8695155999999999 0.60368264
8 8.364685e-05 0.097412236 0.725105 0.5777463 0.93923295
12 8.3561805e-05 0.38451640000000004 0.6907911 1.0 0.87843144
1 8.337687e-05 0.0 0.20211938 0.49392283 0.7754774
11 8.099851e-05 0.42578834 0.6908031 0.76517934 0.9202825000000001
5 7.9700316e-05 0.0 0.374681 0.56675255 0.8667031
1 7.8663004e-05 0.02198639 0.6950873000000001 0.47931287 0.9071615
10 7.851177e-05 0.048601266 0.6497771 0.33367825 1.0
7 7.849864000000001e-05 0.0 0.9314848 0.22874022 1.0
6 7.714941999999999e-05 0.0 0.80530226 0.25878078 0.9031689
1 7.68549e-05 0.7641125 0.34587663 0.9609488000000002 0.42714855
3 7.650909e-05 0.07408653 0.13754116 0.6005967 0.66373014
3 7.496785e-05 0.28083915 0.70352066 0.64221895 0.8349620999999999
6 7.446024e-05 0.0 0.75718486 0.38577187 1.0
5 7.3707146e-05 0.0 0.8209828000000001 0.2432956 0.9070469999999999
6 7.318937e-05 0.0 0.9194659 0.3109898 0.9945822
3 7.271899e-05 0.3995114 0.17292812 0.9417933 0.8164802
3 7.2491384e-05 0.5965145000000001 0.7131694000000001 0.77754074 0.76536864
4 7.2454335e-05 0.19768682 0.6953183000000001 0.7375335999999999 0.9118936
