3 0.76810414 0.013987154 0.5280146 0.09681493 0.67631865
8 0.30684194 5.3323805e-05 0.55138665 0.09282172 0.67106646
3 0.23687840000000002 0.8920486999999999 0.2569677 1.0 0.3755752
8 0.22159296 0.8814517 0.2549113 1.0 0.39174378
8 0.19747014 0.017713442 0.5772166 0.090969935 0.6518391
8 0.048536975 0.2659422 0.30909744 0.32707020000000003 0.36895844
13 0.026602512000000002 0.0076095164 0.53673995 0.13630156 0.6730997
13 0.023969615 0.0 0.57779497 0.12360577 0.64011323
13 0.017516397 0.0 0.5513880999999999 0.09683487 0.6352466
8 0.012888311999999999 0.90463525 0.27540168 0.9767216000000001 0.37367302
13 0.011644591000000001 0.0026926212 0.5792096 0.1022827 0.6900723000000001
8 0.010819595 0.26365757 0.287973 0.32005823 0.33557048
3 0.009978925 0.26978309999999994 0.3116511 0.33006427 0.36977798
13 0.0095263 0.011919308 0.5309432 0.110418856 0.7212061
13 0.008547023 0.015489396 0.5322778 0.10023935 0.6405876
13 0.0074845613 0.019361608 0.5680742 0.10433168 0.6541679
3 0.0055808844 0.26957559999999997 0.29146013 0.32097697 0.32963654
3 0.005536023 0.013235347 0.39287913 0.04710076 0.43835866
9 0.0037497909999999997 0.024104117999999997 0.57259494 0.11067857 0.64306825
8 0.002545383 0.01270039 0.39547935 0.04435849 0.43334529999999993
12 0.0019268395999999998 0.020264803999999997 0.54705286 0.12823245 0.61038274
12 0.0018834934 0.019764207 0.57483107 0.11799189999999998 0.6408064
2 0.0018070026999999998 0.0 0.5144074000000001 0.15292147 0.68721914
11 0.0017740332 0.03755103 0.5922643 0.08692588 0.6646086999999999
9 0.0017596671 0.01808649 0.5610555 0.113965675 0.6204651
7 0.0017072510000000001 0.00032360107 0.57055557 0.080908276 0.6629251
4 0.0016666222 0.031248294 0.56262344 0.11022604 0.6525226
10 0.0015901609 0.009969104 0.5701366 0.10586366 0.64874935
5 0.0013838404999999999 0.0 0.5898813 0.099403255 0.64474326
2 0.0013091365 0.0080817975 0.5520448 0.11305229 0.6220585999999999
4 0.0012501993 0.03259831 0.5514872 0.10495681 0.6198666
13 0.001146417 0.0 0.5311348000000001 0.08471751 0.6246837
13 0.0010906699000000001 0.86263114 0.27603890000000003 0.9882540000000001 0.39647466
2 0.0010376968 0.0 0.567311 0.098376796 0.72095764
10 0.0009815422 0.0060317516 0.5496974 0.102388866 0.61818486
11 0.00094607606 0.027995277000000002 0.52746016 0.07971653 0.75555754
9 0.0009317495 0.018589959 0.5228568 0.08936295 0.652235
2 0.0009297117999999999 0.0 0.5815621999999999 0.10187028 0.6536422
6 0.0008703261 0.0 0.5871287 0.10422211 0.6504552
9 0.0007583167 0.025361553 0.5826791 0.097233 0.7064779999999999
5 0.0007326452 0.0 0.57654566 0.08715498 0.68208694
5 0.00071572606 0.0 0.607869 0.073428355 0.7120974
9 0.00068066217 0.036102197999999995 0.5405895000000001 0.17373740000000001 0.6654111
1 0.00067007466 0.0 0.57180816 0.08206946400000001 0.63042474
7 0.0006488803 0.0 0.49575959999999997 0.14784208 0.7033371999999999
4 0.00058958 0.06445544 0.5251674 0.17970672 0.68805736
8 0.000580861 0.69714683 0.28913540000000004 0.9571120000000001 0.9811685
8 0.0005697969 0.02910836 0.39078453 0.29670292 0.90552014
6 0.00055915385 0.007329050500000001 0.5680263000000001 0.10019933 0.6304448
8 0.0005364318499999999 0.7205275 0.33785477 0.784058 0.38521796
4 0.0005360443599999999 0.045008305 0.5469208999999999 0.16661915 0.7103979
13 0.00053579133 0.003670577 0.5308159 0.07164194 0.6939189
11 0.0005352401999999999 0.93298596 0.23824045 0.98938197 0.39933056
8 0.00051500264 0.007692635 0.41159589999999996 0.1971376 0.8947122999999999
11 0.0005144658 0.023486944 0.51287895 0.06968239 0.6817229
4 0.00051441585 0.015918978 0.5633493 0.10003389 0.7108342
8 0.0005127410400000001 0.0 0.5006665 0.11862065 0.73162013
13 0.0005103521 0.2599576 0.31728894 0.3172574 0.36332783
9 0.0005080596299999999 0.9238656999999999 0.27095267 1.0 0.37382737
8 0.00049705716 0.73361826 0.17767711 0.95837104 0.42649040000000005
7 0.0004962197 0.0 0.44877425 0.1162462 0.7710195
11 0.00049446017 0.055588566 0.5199139 0.12979126 0.6812573000000001
1 0.00048056638 0.0016591698 0.6013408 0.09039282 0.66129124
7 0.00046721545999999994 0.0 0.54289365 0.08722302 0.7340365
12 0.00046417885 0.0 0.5022511 0.17529923 0.62959605
1 0.0004603858 0.0 0.5965925999999999 0.07995828 0.69558847
11 0.00045953085999999997 0.036511607 0.48518490000000003 0.09657254 0.777004
9 0.0004569246 0.02729934 0.5559364 0.11429554 0.71993977
13 0.00044390405 0.2717369 0.31443378 0.3299493 0.36660844
10 0.00041518477 0.9219384 0.2060152 1.0 0.38617468
13 0.0004096057 0.2684429 0.2923356 0.31734850000000003 0.33517359999999996
5 0.00040920843999999997 0.0 0.5721844 0.10109136 0.6123616
1 0.00038560087 0.0 0.56554306 0.07841979 0.6625238
1 0.00037985927000000003 0.0 0.5725361 0.107662365 0.6813201999999999
10 0.00037347115 0.03994542 0.56111765 0.11219165 0.6493485999999999
13 0.00037079417999999996 0.8994245999999999 0.28430479999999997 0.97332424 0.3763454
5 0.00036755593999999997 0.0 0.585426 0.14799362 0.68307966
7 0.00034681076 0.010846585 0.53968495 0.103446834 0.6334137
1 0.00034677697 0.0014881454 0.6023363 0.10778831 0.7145304
8 0.00034051599999999996 0.0 0.43457475 0.08521983 0.7744156999999999
8 0.00034023794999999996 0.06602478 0.15838261 0.3362615 0.6738094
9 0.00032762537 0.043897644000000006 0.5657178 0.0993097 0.65937996
12 0.00031271117 0.036400313999999996 0.54224294 0.10468325 0.62881017
1 0.0003112281 0.0 0.5788355 0.087054834 0.73564357
5 0.00029705185 0.0 0.58648586 0.0966681 0.73042244
11 0.00029594543999999996 0.045213986 0.46475550000000004 0.12185781 0.7309356
7 0.00029056438 0.0 0.46705124 0.08553342 0.69443107
2 0.0002833157 0.26961640000000003 0.28289247 0.33539203 0.3257292
11 0.00027795695 0.028591681 0.57863647 0.07232784 0.63946617
5 0.00027739652 0.0011177175 0.58877766 0.07537255 0.66566175
3 0.00026994548 0.7308398 0.33968312 0.79425305 0.38935247
8 0.00026810498 0.018816702 0.52015895 0.17092648 0.7698459
9 0.00026414465 0.04194925 0.54973894 0.10388211 0.63458943
9 0.00025831922999999997 0.025350817 0.56366473 0.08279496 0.6654180000000001
12 0.00025643380000000003 0.040459495 0.5720651 0.10173288 0.6620545999999999
8 0.0002543706 0.013904847 0.5027039000000001 0.08141789 0.65938395
6 0.00025294296000000005 0.0 0.6001025 0.10981713 0.7176554
8 0.0002513437 0.58946407 0.24019513 0.91401064 0.84581983
12 0.00024763724999999996 0.0 0.5152424 0.10113151 0.63788474
11 0.0002440738 0.038480584 0.56145906 0.07389736 0.67176545
4 0.00023134047 0.029776372000000002 0.53147244 0.12711295 0.7420171999999999
5 0.00022308821 0.0 0.5672206 0.07858472 0.6353279000000001
10 0.00022135197999999996 0.02588069 0.5654649 0.11419998 0.70958245
2 0.00021791042 0.00074636564 0.49829373 0.10066603 0.6550739000000001
8 0.000217449 0.0 0.40771946 0.12615612 0.81421983
4 0.00021709525000000003 0.021674267999999997 0.5157774 0.109206386 0.6527658000000001
10 0.00021558015 0.032637387999999996 0.5571432 0.08809526 0.6534406999999999
10 0.00021134943 0.047859455999999995 0.53637403 0.09820002 0.65724015
13 0.00020441602 0.8874813 0.29620284 0.9889892 0.41519696
1 0.00019125623 0.0 0.5478515 0.09804799 0.6992480999999999
10 0.00018888314999999998 0.050768428 0.45688164 0.16563633 0.69159675
9 0.00018811788 0.03027343 0.59176195 0.15942582 0.70777303
13 0.00018795606 0.012198096 0.39247909999999997 0.041479683999999996 0.44581658
8 0.00018698788 0.08649273 0.20472927 0.38069952 0.8174648
3 0.00018690825 0.90560067 0.26151705 0.9766351000000001 0.39585966
4 0.0001827441 0.9277871999999999 0.20464705 1.0 0.396869
4 0.00017863128 0.05191583599999999 0.5457542 0.09723322 0.64250547
7 0.00017589183999999996 0.89751375 0.2261679 0.9997120999999999 0.40061420000000003
1 0.00017408768 0.885857 0.26975959999999993 0.9945723 0.36683396
9 0.00016621035 0.027558967 0.5171857 0.15209027 0.64183754
12 0.00016502378 0.0027100518 0.54850996 0.111877985 0.6672994000000001
13 0.0001626306 0.0042594075 0.49748638 0.08966704 0.7640213
8 0.0001603489 0.5306621 0.29525656 0.8229286 0.90330255
11 0.00015848018 0.05825509 0.5881297 0.103958115 0.6557476
10 0.00015555986999999999 0.016786061 0.49378678 0.098713465 0.65514666
12 0.00015400896 0.0 0.47247863 0.15043624 0.6036593000000001
8 0.00015271766000000001 0.029462539 0.14337797 0.2273584 0.8556201999999999
10 0.000152337 0.04533524 0.518357 0.09377260000000001 0.62515926
2 0.00014890889999999999 0.0324197 0.5329311 0.09814055 0.6591044
6 0.00014651728 0.0 0.5599638000000001 0.17475097 0.71088296
8 0.0001407972 0.73584294 0.16979408 0.9569404 0.8227109
4 0.00013584433000000002 0.054861765 0.5509814000000001 0.11917704 0.61887133
6 0.00013097865 0.0 0.56409395 0.118145816 0.69650936
4 0.00012984846 0.053417854 0.5285755999999999 0.10012852400000001 0.6185689
11 0.00012514417 0.05329385 0.543509 0.13471216 0.7415234
10 0.000121581725 0.023456167000000003 0.5281876 0.10569371 0.6789015
2 0.000119967684 0.87582314 0.24716432 1.0 0.40395367
1 0.00011837466000000001 0.8534919 0.29825219999999997 0.9862274 0.39688653
12 0.00011823926600000001 0.0 0.4940191 0.12857534 0.6796826
10 0.00011763233999999998 0.03096412 0.53444993 0.08254299 0.6238843000000001
6 0.00011146720499999999 0.0 0.52033204 0.17784026 0.67971647
2 0.00010697638999999999 0.27872407 0.3028033 0.35281426 0.35759678
1 0.00010606537399999999 0.020881318 0.5631984999999999 0.08912703400000001 0.6441996
8 0.00010591049999999999 0.026524276 0.12695068 0.18826167 0.6434129
9 0.000105242245 0.91054165 0.30439162 1.0 0.39734828
7 0.000104336366 0.01056782 0.55211425 0.06943297 0.67888457
7 0.00010357066999999999 0.024737274 0.54937583 0.08522177 0.6782114
8 0.00010295254000000001 0.064627185 0.34446833 0.12258452 0.3969253
10 0.00010160530000000001 0.9204370999999999 0.29260522 0.9831443999999999 0.39101735
2 0.00010042540999999999 0.02556426 0.5624953 0.09256478 0.6885036999999999
4 9.787408000000001e-05 0.030261867 0.547687 0.08522279599999999 0.6476010999999999
1 9.607228e-05 0.023410272000000003 0.59058243 0.09630145 0.67167395
5 9.572168e-05 0.0 0.61169106 0.12915295 0.7075749
2 9.557777e-05 0.9058871 0.21389455 1.0 0.38307607
11 9.4885014e-05 0.92833626 0.28591934 0.9653286 0.40650377
10 9.483032e-05 0.90982264 0.23831779 1.0 0.42301956
5 9.155597e-05 0.8718693999999999 0.29621482 1.0 0.40455484
11 9.1186645e-05 0.9043489 0.24237519999999999 0.98237246 0.39827502
11 9.084013000000001e-05 0.037582300000000006 0.5436379 0.07155622 0.6374672
10 8.7640736e-05 0.03828484 0.46063456 0.13149016 0.75322974
1 8.753608e-05 0.0 0.56394386 0.050793357000000004 0.63023275
6 8.704275400000001e-05 0.0 0.5202523 0.11348466 0.66523594
3 8.700692e-05 0.8521002000000001 0.27661255 1.0 0.3957184
12 8.398036e-05 0.8991572 0.23602362 1.0 0.3557666
13 8.357018e-05 0.04165809 0.0 0.35888505 1.0
8 8.3331266e-05 0.011540528000000001 0.37848416 0.04393976 0.42670146
7 8.325823e-05 0.85705525 0.25562164 0.9949179 0.41677836
13 8.1371785e-05 0.01638746 0.5594099 0.07689075 0.6644091
1 8.0777856e-05 0.26125349999999997 0.29591459999999997 0.31087527 0.33125666
4 7.6474484e-05 0.031247717999999997 0.5294976 0.08756898 0.61973953
12 7.455445e-05 0.008249816 0.46646935 0.10060172 0.5991896
3 7.2560135e-05 0.27748665 0.29273745 0.33849308 0.33989424
9 7.031523e-05 0.27793342 0.3268659 0.33430117 0.3605716
13 6.779346e-05 0.90130126 0.25718957 0.98571503 0.36239479999999996
6 6.757883000000001e-05 0.88105124 0.25594464 1.0 0.37207735
11 6.564834e-05 0.019699365 0.5430111999999999 0.05440697 0.6449446
12 6.4060005e-05 0.0 0.5523294 0.17852326 0.6828759
10 6.205412e-05 0.920816 0.26670954 0.9757367 0.35107523
4 6.147432e-05 0.0644604 0.50508165 0.15951435 0.63872445
9 6.0489892e-05 0.28090605 0.30065224 0.32750025 0.33565900000000004
7 6.0481667e-05 0.00027307868 0.47111717 0.14054134 0.64841056
3 5.9948903e-05 0.017805118 0.53442115 0.09537859 0.6164955
4 5.9517017e-05 0.8937271000000001 0.24413791 1.0 0.42653334
13 5.914045999999999e-05 0.0 0.21056828 0.2881909 0.9576056999999999
6 5.830545e-05 0.028872125 0.5657297 0.10889185 0.64965725
3 5.8088352999999996e-05 0.031912714 0.36589098 0.30280963 0.9680946
11 5.7535132999999994e-05 0.015261229 0.46681480000000003 0.056251798 0.7660866
3 5.6849287e-05 0.0050836466 0.584291 0.10735056 0.6739033
11 5.631018e-05 0.05740577400000001 0.5625243000000001 0.09285925 0.6586827
9 5.565285e-05 0.29167709999999997 0.32696798 0.35316274 0.3628297
6 5.5146207e-05 0.024919305 0.5904802 0.10932261 0.67478305
6 5.5094709999999993e-05 0.8453868 0.29151177 1.0 0.40336412
7 5.4873199999999995e-05 0.016650287 0.5197217000000001 0.07186713 0.65505534
8 5.433717e-05 0.428109 0.29131484 0.71741253 0.8864399
3 5.419547e-05 0.52126414 0.27854562 0.88647527 0.9492997
13 5.419357699999999e-05 0.0042473376 0.52915573 0.08697812 0.593691
10 5.38964e-05 0.016364846000000002 0.55525917 0.07155943 0.6244814000000001
2 5.36075e-05 0.015512004499999999 0.46535888 0.15294254 0.63169247
8 5.288948e-05 0.009939678 0.5662535 0.105422534 0.72209924
13 5.058716500000001e-05 0.0059224683999999994 0.5548648 0.060923442 0.65769255
1 5.0208393e-05 0.25588328 0.32621267 0.31393278 0.361143
10 4.9561862e-05 0.9339999 0.27661884 0.99601746 0.3903567
3 4.9054783e-05 0.08616555 0.20124976 0.41341707 0.9479923000000001
10 4.9040544e-05 0.27758268 0.30758077 0.32994083 0.36315647
10 4.782947e-05 0.03280084 0.4497755 0.13683084 0.65118754
11 4.6709220000000005e-05 0.022063257000000003 0.56609756 0.06059745 0.6750269
12 4.6450747e-05 0.019664103 0.5370062 0.0804882 0.63127464
13 4.5913985e-05 0.8813693000000001 0.26761988 0.9743039000000001 0.3426856
3 4.4755423e-05 0.0 0.54989463 0.10681985 0.7067604000000001
3 4.404975e-05 0.7379139 0.20850709 0.998511 0.4016333
1 4.3797143e-05 0.0 0.55788815 0.053296885999999995 0.6798066999999999
8 4.3553050000000005e-05 0.34087294 0.2851154 0.6168079000000001 0.8718529
11 4.338095e-05 0.92716813 0.27084485 0.9634062 0.36726943
5 4.337628e-05 0.0 0.57979834 0.05696729 0.74056137
10 4.3348344e-05 0.05026935 0.5412485 0.17001171 0.72334397
7 4.309313e-05 0.030065502999999997 0.52186286 0.09260668 0.65246016
1 4.2732695999999994e-05 0.8352494 0.2675066 0.986874 0.35889408
7 4.255464e-05 0.26127392 0.2881087 0.32674354 0.3375587
9 4.2498585000000006e-05 0.9223037000000001 0.30794640000000006 0.97847843 0.38593948
3 4.234107e-05 0.3354785 0.2539573 0.71346664 0.9406667999999999
8 4.180182799999999e-05 0.018174613 0.55201274 0.05651302 0.6621058000000001
5 4.044473e-05 0.8329991 0.31759655 0.99835837 0.42766732
13 3.974205e-05 0.33332688 0.12933137 0.66124177 1.0
6 3.9477665e-05 0.25993186 0.32341266 0.33779549999999997 0.36285633
1 3.9213413e-05 0.9003625 0.3097231 0.9746578000000001 0.38682458
1 3.863749e-05 0.0 0.52836233 0.10340160000000001 0.6330991
13 3.8477938e-05 0.88661355 0.29777995 0.9871289000000001 0.35866466
1 3.8183458e-05 0.27227902 0.3295437 0.32517225 0.36445835
3 3.747676e-05 0.68509376 0.33222234 0.98170984 0.9804958
10 3.674647e-05 0.92691225 0.27643695 1.0 0.45429996
5 3.6449677e-05 0.0 0.55502176 0.14961629999999998 0.63464963
11 3.5556033e-05 0.053829256 0.5676002 0.09653437 0.6287656
9 3.534539e-05 0.93987787 0.30277740000000003 0.9945966 0.3822119
10 3.4977543999999995e-05 0.9359058000000001 0.25583726 0.98884976 0.35264742
8 3.4745462000000004e-05 0.3347196 0.38614538 0.83915347 0.94357145
2 3.4721320000000004e-05 0.89449406 0.28619334 0.9987254000000001 0.43468517
5 3.4449506e-05 0.8937091999999999 0.3137522 0.9659581 0.395771
3 3.3373206e-05 0.013779333000000001 0.38195693 0.049362622 0.4283429
11 3.2878640000000003e-05 0.28120100000000003 0.3143077 0.31431752 0.37416568
5 3.2538283e-05 0.24945095 0.30110955 0.31411943 0.33411592
6 3.2115124e-05 0.9037774 0.31357294 0.9991873 0.38205609999999995
11 3.1752148e-05 0.9321608 0.26044556 0.99423987 0.47114049999999996
12 3.131766e-05 0.27828377 0.31432974 0.35318118 0.35035685
11 3.101003e-05 0.057358235 0.5483496 0.08991589 0.6318083999999999
8 3.0619078e-05 0.03163504 0.55079377 0.25193593 0.9081246
13 3.0101184e-05 0.49347556 0.11992263 0.85918856 1.0
9 2.9650717e-05 0.91769385 0.2839763 0.9758674999999999 0.36192662
8 2.9019986e-05 0.010823667 0.53764516 0.07747875 0.5981483
10 2.8996907000000003e-05 0.29628414 0.29856393 0.34816706 0.3681576
12 2.8682444999999998e-05 0.26518446 0.28499156 0.32771093 0.32523520000000006
11 2.8383559999999998e-05 0.28729868 0.27909103 0.31983113 0.33885467
13 2.8093177999999997e-05 0.9098408000000001 0.27687448 0.9589877 0.3913139
9 2.8019354e-05 0.9291391999999999 0.32810488 1.0 0.42694962
13 2.7373184e-05 0.71643794 0.3407926 0.77459955 0.38893944
8 2.7357992e-05 0.7822775 0.10958274 0.94745296 0.39125785
8 2.6770396e-05 0.028108167000000003 0.56538415 0.07264506 0.66275364
13 2.6538590000000003e-05 0.0 0.0 0.34075448 0.71249366
10 2.6498397e-05 0.023034345 0.5254929 0.0747789 0.7172251000000001
1 2.6450596e-05 0.0 0.5118245 0.075283565 0.6094147
10 2.6400605e-05 0.91213936 0.28194055 0.9859795 0.3333958
6 2.6378739000000002e-05 0.2577644 0.29579568 0.33637488 0.3339256
8 2.5868463e-05 0.69527185 0.123444565 0.9342120999999999 0.6895811
8 2.5841646e-05 0.043505199999999994 0.06582992 0.21874636 0.44447267
10 2.5840254e-05 0.90898013 0.30596206 0.992898 0.37032863
2 2.5639699999999998e-05 0.01026975 0.5418731 0.07904081 0.6179455
4 2.553299e-05 0.9191200999999999 0.27259874 0.9990244 0.44820204
2 2.5217962e-05 0.010722175 0.38585496 0.047871053 0.4417375
3 2.4944175e-05 0.021775112000000003 0.42702690000000004 0.19750701 0.96733844
9 2.4921655e-05 0.93517077 0.28231457 0.9927714 0.36020050000000003
4 2.4873676e-05 0.91624075 0.2759156 0.9747110999999999 0.38575706
8 2.4725823e-05 0.042801566 0.5218871 0.2472766 0.7815694999999999
13 2.4583554e-05 0.6684818 0.08403844 0.96654785 0.9887789
10 2.4525956e-05 0.29038220000000003 0.2815315 0.33348083 0.33629224
4 2.3455594e-05 0.93647623 0.27133320000000005 0.9856577 0.38466236
13 2.3287716999999997e-05 0.0 0.0 0.23039629999999997 0.9353771000000001
1 2.2972114999999997e-05 0.8955311 0.280456 0.9678641 0.35407645
3 2.2962911e-05 0.4199791 0.29984912 0.81606066 0.9780405999999999
4 2.2158212e-05 0.29872563 0.31354502 0.34127548 0.37015167
8 2.184075e-05 0.2680595 0.37572584 0.5571673 0.90361047
8 2.1438469e-05 0.006874814599999999 0.5986191999999999 0.07598353 0.6715411
1 2.1423604e-05 0.8903103000000001 0.31701642 0.9959874 0.42427373
1 2.1367507e-05 0.0 0.5966893 0.057679504000000006 0.660816
8 2.1332165e-05 0.6140175 0.07376099 0.8827783000000001 0.35554346
13 2.1296335e-05 0.25201586 0.09027228 0.5888287 1.0
7 2.1208418e-05 0.2570431 0.3095987 0.32678476 0.36928162
5 2.1151356000000002e-05 0.23576027 0.33044320000000005 0.32524133 0.3607848
8 2.1048389000000003e-05 0.5459361999999999 0.13348933 0.855477 0.7710826999999999
5 2.0555848000000002e-05 0.0 0.5853408 0.05781903 0.65783626
10 2.0550500000000003e-05 0.020816721 0.5829206 0.079197876 0.65620893
8 2.0486309999999998e-05 0.6267427 0.1266384 0.9045799000000001 0.54906416
13 2.0242005e-05 0.4026335 0.14226602 0.7697759 1.0
7 2.0142566e-05 0.9009478999999999 0.2905032 0.96786106 0.39284990000000003
4 1.9746074e-05 0.27910122 0.3131469 0.3222191 0.36572725
13 1.9645946e-05 0.90514314 0.23406303 0.9915402 0.43951482
9 1.8856652e-05 0.9180761999999999 0.29347840000000003 0.99598557 0.34246597
11 1.8662126e-05 0.9472866 0.29109567 0.9820452 0.39375708
9 1.8141833e-05 0.9237127 0.31260879999999996 0.99971324 0.3678396
3 1.8126451e-05 0.59228146 0.23528911 0.96328235 0.8630598
8 1.7952108e-05 0.91687447 0.20993188 0.98829323 0.41915762
9 1.7876002000000002e-05 0.9138533000000001 0.24924244 1.0 0.3546591
