3 0.94934595 0.19731385 0.5359429 0.26433447 0.6115191
8 0.41132219999999997 0.37515306 0.25523782 0.424192 0.29508263
8 0.22076784 0.7963204 0.46694613 0.87103873 0.5395854
8 0.21803774 0.63809973 0.47753024 0.6985664 0.5477579
8 0.16808312 0.19808647 0.53857505 0.26992354 0.61344755
3 0.13671836 0.38328376 0.25786996 0.4204894 0.29654309999999995
3 0.10277407599999999 0.6432788 0.47791190000000006 0.7032644 0.55227476
13 0.052126028 0.3802054 0.26349756 0.42914402 0.29475513
8 0.02205396 0.8186956 0.45862159999999996 0.87218386 0.5183314
8 0.019574803999999998 0.38652858 0.25745603 0.4362794 0.29808608
8 0.016837986 0.96159774 0.4145089 1.0 0.5000311
8 0.014078145 0.037677266 0.72321814 0.18189403 0.84618175
8 0.013723698000000001 0.020496748000000002 0.67659104 0.23944825 0.8944556
8 0.010796699 0.88596946 0.5014829000000001 0.937638 0.5526278
3 0.009350138000000001 0.9672269 0.4156465999999999 1.0 0.4953338
2 0.008498639 0.37764314 0.25758356 0.4477705 0.30498147
8 0.006472283499999999 0.6479772 0.49579614 0.7031383000000001 0.55219233
8 0.0061905603 0.7032609999999999 0.445403 0.86228275 0.57971925
13 0.006151213000000001 0.6230435000000001 0.47989824 0.694282 0.53660566
8 0.0061439555 0.034124494 0.58746606 0.20826733 0.9126453999999999
13 0.00421606 0.38423792 0.26032844 0.44218448 0.29889846
8 0.004079982 0.09543899 0.5171644 0.48988053 0.9144459999999999
8 0.0040169640000000005 0.72878987 0.25556433 0.9400514999999999 0.90972483
2 0.0036382587 0.6343701 0.47543377 0.71215916 0.52280647
8 0.0035145021999999997 0.05315111 0.7101046999999999 0.208024 0.8269638000000001
8 0.0035029270000000003 0.7798238000000001 0.46184369999999997 0.85208094 0.52133936
8 0.0033505112 0.05682742599999999 0.67761374 0.38975203 0.9460529000000001
8 0.0032888696999999996 0.06523964 0.55526227 0.3284583 0.9252349
8 0.0031977599 0.9593764000000001 0.3928997 0.99772626 0.47862550000000004
13 0.003039574 0.21088341 0.5298404000000001 0.27750359999999996 0.62158984
13 0.0029570253000000004 0.19331358 0.5595279000000001 0.2830982 0.6138577
9 0.0025777305 0.644834 0.48556185 0.70768124 0.5296809
3 0.0024557398 0.3904013 0.25981203 0.43612109999999993 0.30130553
1 0.0024483064 0.6251983 0.49308854 0.687754 0.53183246
7 0.0022339553 0.632756 0.47502910000000004 0.70517635 0.53781533
12 0.0021370114 0.64261955 0.48042125 0.711006 0.52455914
13 0.0017933487 0.17146258 0.54833007 0.25210574 0.5977791
8 0.0017161347 0.89642787 0.4223473 0.9723561 0.5570592
9 0.0016529849 0.39120317 0.26247209999999993 0.44002122 0.3025481
2 0.001606768 0.6551918999999999 0.47345950000000003 0.72613764 0.52877504
7 0.0015694267 0.364399 0.24792929999999996 0.43478987 0.30622652
13 0.0013894555 0.94569767 0.38523507 0.99953747 0.45498999999999995
3 0.0013459396 0.8800148000000001 0.49539474 0.946069 0.56212735
3 0.0013351187 0.962131 0.39646548 1.0 0.46652648
1 0.0013123017000000001 0.17534107 0.54923415 0.23514903 0.5940783000000001
11 0.0012918553999999999 0.19441920000000001 0.5352855 0.23045903 0.5954606
13 0.0012558174000000001 0.18566844 0.53868276 0.28188354 0.60346246
6 0.0012433591000000001 0.63339156 0.4864977 0.7130211999999999 0.5356078000000001
13 0.0012108737 0.031846188 0.7077611999999999 0.23322263 0.82731736
2 0.0012036405000000001 0.18922226 0.5317044 0.2632708 0.5752786999999999
11 0.0011962684 0.39432746 0.25780588 0.42567754 0.30838899999999997
5 0.001174752 0.16398877 0.569387 0.27191508 0.6214793000000001
1 0.0011742058999999999 0.64606065 0.4922577 0.704549 0.5341603
8 0.0011554935 0.9555347 0.39928707 0.9963565999999999 0.45567256
5 0.0011088487 0.15143333 0.5493597 0.2567047 0.58859485
9 0.0010941135 0.65980786 0.4874552 0.72912616 0.5312874
7 0.001075768 0.1870526 0.5468394 0.28343996 0.62875694
13 0.001074032 0.6327868000000001 0.50557613 0.6998833999999999 0.54482514
11 0.0010722061999999999 0.20968497 0.5415222 0.26053855 0.63097686
10 0.0010189085 0.63268167 0.47884184 0.70447046 0.53033537
7 0.0010137674 0.19419397 0.5155529999999999 0.28895533 0.6128701999999999
7 0.0009932747 0.17216536 0.5294753000000001 0.24485815 0.6002687
4 0.0009925921 0.64412993 0.48360246 0.7029956999999999 0.534841
13 0.0009887367 0.7952824000000001 0.4762865 0.8887457000000001 0.5219388
4 0.0009868649000000001 0.21741198 0.5443186 0.28815162 0.6280253
3 0.0009696188000000001 0.06872127 0.67169094 0.25554863 0.91847545
12 0.0009334939 0.37703884 0.25615597 0.44511459999999997 0.2924165
8 0.0009210607400000001 0.6615707 0.400787 0.91646475 0.93603134
1 0.0008970758599999999 0.3835053 0.27164479999999996 0.42220822 0.30435655
6 0.00089163275 0.17320272 0.53632176 0.25747594 0.593244
8 0.0008664585 0.60115606 0.2586031 0.90537065 0.92013186
3 0.0008357772599999999 0.8148380000000001 0.46185085 0.87598425 0.53162503
5 0.00080214144 0.36009407 0.27565557 0.42878842 0.30559066
8 0.00079998246 0.08451301 0.30803379999999997 0.4283055 0.9191591
11 0.0007948594999999999 0.22609778 0.5420699000000001 0.28194275 0.6303885
10 0.00076637353 0.65386283 0.47600552 0.71905875 0.5276434
5 0.00075675355 0.60831106 0.49507076 0.7048954000000001 0.52551174
6 0.0007482044000000001 0.37484178 0.26934394 0.44405124 0.30446804
3 0.0007039841000000001 0.07790821 0.69259024 0.21247199 0.83828926
8 0.00069028843 0.9586754999999999 0.4372672 0.99495924 0.5051918
13 0.00066637265 0.9552567 0.41819414 0.99937224 0.49604636
4 0.0006636943400000001 0.6628003 0.4812767 0.7221998000000001 0.53509545
1 0.00064835395 0.21836375 0.5451063 0.27524865 0.6082847
9 0.0006441083 0.23420029999999997 0.52882534 0.28711653 0.59476256
2 0.00063909125 0.21065748 0.5246397 0.29116678 0.5820691
8 0.00063382875 0.04099243 0.21342178 0.20953923 0.9585732
13 0.000624899 0.18212946 0.5662986999999999 0.25317302 0.60857767
12 0.0006189698000000001 0.1914719 0.5331383000000001 0.25973633 0.58467144
2 0.00061051117 0.20605212 0.5524081000000001 0.290929 0.6064334
3 0.0006044811 0.82505244 0.45609087 0.8777533000000002 0.51048535
9 0.0006036326 0.18614635 0.53317827 0.24967387 0.5843682
4 0.0005998601 0.39362782 0.26392183 0.43690562 0.30165917
10 0.0005991392 0.20925798 0.54500884 0.28497827 0.6130084
9 0.0005744144 0.20195544 0.5295071 0.29557377 0.58499676
11 0.0005680354 0.6462939999999999 0.48731923 0.68223643 0.5408173000000001
5 0.00055792363 0.16432070000000001 0.5462255 0.30639583 0.5968772
8 0.00055135175 0.057658836 0.23197761 0.3353383 0.86313576
13 0.0005437678 0.009463429 0.6306417 0.23522194 0.8851617
8 0.0005364994 0.8749834999999999 0.49619702 0.92052895 0.554819
8 0.00052356586 0.7759526999999999 0.47220117 0.8409568999999999 0.5360241
10 0.00050038786 0.39626744 0.25131252 0.44354220000000005 0.30125755
6 0.00048142305 0.18789989 0.5584626 0.29790193 0.6208968
9 0.0004685715 0.20333496 0.55502427 0.274415 0.6101528
9 0.00044457844000000003 0.21643926 0.52577883 0.26902294 0.5974786
10 0.0004420627 0.17560391 0.53040946 0.24652316 0.5797062
11 0.00041891597000000004 0.204448 0.4982491 0.24573575 0.62186044
13 0.00041445706 0.04863838 0.66262513 0.24477991 0.8032999
11 0.0004048174 0.2186103 0.53040636 0.26846007 0.6003744000000001
1 0.0003874357 0.20083266 0.55257195 0.26734218 0.60656816
12 0.00036913989999999997 0.1946114 0.52645344 0.29434913 0.5893862
13 0.0003660483 0.7995810999999999 0.4540343 0.87872785 0.5015222
11 0.00036044317000000003 0.22403406 0.49668175 0.26507187 0.6183427
10 0.00035319527 0.24234425 0.48487240000000004 0.28481767 0.6039719
5 0.00034512515 0.18000601 0.549427 0.26111022 0.6154313
4 0.0003421246 0.21812254 0.5244943 0.29538947 0.60320395
12 0.00033517057000000003 0.21706805 0.5287178000000001 0.28421274 0.60234654
7 0.00033004192 0.21798639 0.50424093 0.28011906 0.62750566
13 0.00031822527 0.04686886 0.49599177 0.22760648 0.97341895
13 0.00030774326 0.19563082 0.5443747 0.25609303 0.6296590999999999
8 0.00030422912 0.7516683000000001 0.18979356 0.9290859 0.7588762
9 0.0003008352 0.20179595 0.5316291999999999 0.24787004 0.60487324
12 0.00029084944999999997 0.20163742 0.55435336 0.29540700000000003 0.6071753000000001
2 0.0002869683 0.22497968 0.49998483 0.28266767 0.61046636
11 0.00028686764 0.24663986 0.49223682 0.28446966 0.6059201999999999
9 0.00028069646 0.8233502 0.4811879 0.9049113999999999 0.52575254
4 0.00027031865000000003 0.19319771 0.5302135 0.2503109 0.5906
7 0.00026935295 0.20176525 0.49559194 0.26893947 0.6378761
3 0.00026650762000000004 0.05881898 0.5743334 0.22309662 0.9085072
4 0.00026571026 0.2378964 0.50696933 0.2889594 0.61851704
6 0.0002628378 0.18225382 0.5254233 0.29584908 0.6017642
13 0.00024804172999999996 0.07452405 0.6455525 0.22705543 0.8410084999999999
1 0.00024575437000000003 0.19039498 0.57186127 0.25680566 0.62154764
1 0.00024310283 0.20767096 0.5717193 0.27289823 0.62127036
11 0.00023880652000000003 0.6676498000000001 0.4851648 0.70460516 0.5389210999999999
5 0.00023502971000000002 0.19404174 0.55004525 0.28171468 0.6256757
7 0.00021530905 0.17115329999999998 0.55657 0.24748325 0.6231017
13 0.00021205281000000002 0.0 0.67568785 0.19655555 0.8139513
10 0.00021093602000000003 0.19552207 0.5176569000000001 0.28195164 0.5842813
1 0.0002082611 0.18130589 0.5445088 0.24397570000000002 0.61210114
3 0.00020619611 0.11586504 0.5404385 0.57100946 0.9400941999999999
7 0.0001979671 0.18420987 0.502179 0.2507079 0.6397058000000001
9 0.00018738204 0.8291854 0.46069038 0.8965545 0.5010759
9 0.00017982388 0.40315688 0.26301968 0.45649588 0.303103
13 0.00017092758 0.005507796999999999 0.48065909999999995 0.4976608 1.0
3 0.00016364791000000002 0.040832743 0.50259477 0.25102407 0.94217706
11 0.00016141565000000002 0.9676795 0.4050475 0.9903375 0.5080643
8 0.00015607617 0.6367124 0.14041016 0.8854415000000001 0.6981582
13 0.00015389608 0.0 0.6339125 0.46805698 0.95588267
4 0.00015387879 0.21705884 0.5127303 0.27664474 0.6227997
2 0.00015022469999999998 0.6324444 0.50461215 0.70962226 0.5550335
1 0.0001487994 0.9516411 0.42640829999999996 0.99435186 0.48652664
13 0.00014835483 0.7705612 0.4800137 0.8649683000000001 0.5201882999999999
12 0.0001444259 0.18792604 0.5147858000000001 0.2599486 0.60176986
3 0.00014156723 0.10525891 0.6754589 0.48185232 0.95918274
8 0.00013899124 0.9042728999999999 0.37333325 0.9754261000000001 0.50964284
2 0.0001297381 0.80528164 0.46977290000000005 0.89551663 0.53387195
11 0.00012814607 0.19771378 0.55081534 0.2437355 0.6294554
3 0.00012618493999999998 0.7371495 0.31084353 0.9749918 0.9212764999999999
8 0.0001249081 0.020617068 0.6883816999999999 0.17086002 0.8274544
13 0.00011945155 0.0021918863 0.7256889 0.21771763 0.85483557
7 0.000116232215 0.6211293999999999 0.505606 0.69459414 0.5651081
13 0.00011303738600000001 0.78050655 0.45761776 0.8665927 0.5052224000000001
10 0.00010844151000000002 0.18487667 0.5594649 0.25311053 0.6148705
13 0.00010629558499999999 0.9452555 0.42702964 0.99509203 0.48359445
2 0.00010244911400000001 0.95714134 0.39391142 1.0 0.49449235
10 0.00010110475 0.6451983 0.49583378 0.71259826 0.56938475
6 0.00010016966599999999 0.63377774 0.5160324000000001 0.71893656 0.5566316
11 9.995381e-05 0.6550649000000001 0.5066885 0.69448894 0.57375
7 9.738134e-05 0.9523005999999999 0.39938787 0.9962470999999999 0.50825465
10 9.599588e-05 0.21518095 0.48752683 0.2698477 0.6022670999999999
13 9.335355e-05 0.62485474 0.5121931 0.68275577 0.5451989
6 9.327734e-05 0.17260745 0.5650582 0.2665163 0.61365825
9 9.202759e-05 0.6487985 0.50906557 0.71611446 0.55911016
2 9.177843e-05 0.95244604 0.3851449 1.0 0.44722638
3 8.8220404e-05 0.7875645 0.46194857 0.8674772 0.5339331
3 8.543252e-05 0.9030945 0.43928435 0.994819 0.55882174
13 8.505018e-05 0.0 0.64510906 0.30097955 0.91764474
2 8.499016e-05 0.9597741 0.36289543 1.0 0.45977673
8 8.452525e-05 0.6230751 0.07233505 0.87007916 0.33965755
5 8.383372999999999e-05 0.6041416999999999 0.51751536 0.6970335 0.5573604999999999
7 8.195771999999998e-05 0.21625769 0.52312124 0.29510087 0.59882474
1 8.122074000000001e-05 0.9425207 0.40521237 0.9928929 0.44286057
10 8.08412e-05 0.23529093 0.5136692 0.29445738 0.5832403
3 7.941798e-05 0.07481785 0.46109209999999995 0.41964495 0.9407909999999999
1 7.929621e-05 0.6368902 0.5202028000000001 0.69526315 0.5588810000000001
9 7.784052e-05 0.22988005 0.5367443000000001 0.3088717 0.58374405
8 7.685469e-05 0.060748167 0.6902543000000001 0.22024384 0.7973816999999999
13 7.679409e-05 0.015630782 0.54581267 0.34919506 0.96266174
6 7.60182e-05 0.19483927 0.5362321999999999 0.31854156 0.59456813
8 7.559810000000001e-05 0.54755867 0.15918899 0.8198985999999999 0.7110663
4 7.542893e-05 0.24093859 0.5193357 0.30299953 0.5990825
13 7.486103e-05 0.0 0.72312236 0.23627779 0.93621904
5 7.4775235e-05 0.9419552999999999 0.43853623 0.9971174999999999 0.50282043
12 7.289964e-05 0.9587043 0.36778545 1.0 0.44581506
10 7.223567e-05 0.8309396000000001 0.46310046 0.8909568000000001 0.533436
8 6.965017e-05 0.53673637 0.6689682 0.9570334 0.9659684000000001
1 6.8800684e-05 0.9481736 0.39597675 0.9921443000000001 0.4561505
1 6.8589696e-05 0.39195403 0.26926678 0.43917456 0.30408293
11 6.818945e-05 0.04992907 0.7225441999999999 0.15231252 0.8711505999999999
4 6.782698e-05 0.84256977 0.4714758 0.8917455 0.5398236
10 6.508941e-05 0.81310433 0.4643372 0.87301415 0.5296036
3 6.409935000000001e-05 0.038864292 0.68686444 0.22228736 0.8849696
5 6.30262e-05 0.37716672 0.27680594 0.4499114000000001 0.30869246
10 6.2665975e-05 0.96934205 0.38952732 1.0 0.50148064
11 6.250153e-05 0.08581904 0.6508628000000001 0.23749179 1.0
2 6.243495e-05 0.18469611 0.55889904 0.26075116 0.6063374
1 6.138479000000001e-05 0.9433765 0.42776707 0.9908901 0.46997613
2 6.1157334e-05 0.19892845 0.50429755 0.26423 0.5888013000000001
1 6.1027919999999994e-05 0.17941551 0.5723518 0.23665820000000004 0.6113588000000001
13 6.035944499999999e-05 0.0 0.038861632 0.21899575 0.926617
3 6.0084556000000004e-05 0.9610148000000001 0.44143134 1.0 0.5036938
12 5.9623630000000005e-05 0.2222341 0.53789777 0.30120876 0.5887931
3 5.9153495e-05 0.7305872 0.450517 0.88244814 0.57269216
4 5.9075977000000005e-05 0.1874897 0.54921466 0.25026673 0.6195041
8 5.8562124000000005e-05 0.04555311 0.121194996 0.25520813 0.7647378
12 5.8425998e-05 0.6405436999999999 0.50011444 0.7164844 0.54588157
1 5.7455344999999995e-05 0.6111671 0.48920766 0.67145276 0.5249699999999999
3 5.7334633e-05 0.6274099 0.35826713 0.95817834 0.9037712
4 5.6598084e-05 0.19886395 0.520295 0.26387617 0.6113125
4 5.623341e-05 0.82282996 0.46684125 0.87411094 0.534535
12 5.6164205e-05 0.95693 0.40028563 1.0 0.47178566
6 5.6038207e-05 0.9486394 0.43164882 1.0 0.5028037000000001
4 5.5790577000000005e-05 0.64424884 0.5027119999999999 0.703228 0.56530446
7 5.5407224999999995e-05 0.9468218 0.38473263 0.9992267 0.45720839999999996
9 5.5129545e-05 0.063862234 0.7205748000000001 0.23965245 0.86480147
2 5.510393e-05 0.8143017 0.44462797 0.89185786 0.5050109
13 5.4077405e-05 0.0 0.19011779999999998 0.4571228 0.9937594000000001
13 5.2794057000000006e-05 0.022399053 0.34249309999999994 0.36842270000000005 1.0
7 5.1842879999999997e-05 0.9538995000000001 0.36754122 1.0 0.47779396
13 5.0863756999999995e-05 0.71845824 0.06556734 0.96927696 0.9503176
8 5.0821458e-05 0.17076770000000002 0.49121717 0.31287077 0.63464135
9 5.079542499999999e-05 0.19016716 0.55867296 0.25364122 0.6102304000000001
8 5.0760893e-05 0.28133574 0.21609119 0.59498286 0.8433801
10 5.0326573e-05 0.042340487 0.7267114 0.19543327 0.8388200000000001
9 5.0193485e-05 0.96682876 0.42418940000000005 0.9999995999999999 0.5005561
13 4.9549093000000004e-05 0.8625678 0.50235736 0.94256127 0.5488113
10 4.728455700000001e-05 0.19743675 0.5059484000000001 0.25697374 0.6040897
4 4.7193e-05 0.40849316 0.2636992 0.45063865 0.30162287
10 4.6977457000000005e-05 0.08307502 0.7088751999999999 0.23282602 0.8481418
11 4.692074e-05 0.40908979999999995 0.25609902 0.4457724 0.30579868
10 4.63813e-05 0.41441923 0.2469886 0.45661473 0.30539945
8 4.5712534999999995e-05 0.49752325 0.22152303 0.785525 0.87084866
13 4.560232e-05 0.5578906 0.0 0.9432370000000001 0.88564193
7 4.5047454e-05 0.8153256 0.47700690000000007 0.8849870000000001 0.53482884
8 4.348722e-05 0.53691113 0.37344176 0.82115006 0.9001627000000001
12 4.3485154e-05 0.955528 0.38555303 1.0 0.4324714
13 4.3255837e-05 0.7121114000000001 0.44739324 0.88338464 0.5719898
3 4.2830900000000004e-05 0.05938027 0.30940276 0.23553490000000002 0.9723837
12 4.0385243e-05 0.81597257 0.47041595 0.9086822 0.52172565
11 3.9998617e-05 0.052313853 0.61552423 0.16742653 1.0
8 3.986298e-05 0.723633 0.61234105 0.9447486999999999 0.88602144
1 3.9671509999999995e-05 0.0 0.73437905 0.15488106 0.84825736
13 3.754472e-05 0.6319899 0.32152800000000004 0.9519791 0.93647873
6 3.6329377e-05 0.80604595 0.48993690000000006 0.9019709 0.5364951
10 3.6126938e-05 0.79991454 0.47430763 0.85901684 0.5272332
9 3.581041e-05 0.9685280000000001 0.39352086 1.0 0.4761661
1 3.5775479999999995e-05 0.0 0.53134185 0.43555498 0.9009518
11 3.47006e-05 0.24970810000000002 0.5211766999999999 0.29180017 0.5932603
9 3.3314096e-05 0.047591217000000005 0.7058663000000001 0.26282412 0.9837655999999999
10 3.2903128000000003e-05 0.9668814 0.36136112 1.0 0.47589254
8 3.2517193e-05 0.20712383 0.5236360999999999 0.25763673 0.5695644
1 3.1838243999999997e-05 0.79166275 0.48555982 0.8700966 0.52804285
6 3.147507e-05 0.6213094 0.49022029999999994 0.6950183000000001 0.52991956
5 3.0456595000000002e-05 0.0 0.6587363 0.47880965 1.0
7 3.0300785999999998e-05 0.61856335 0.48070502 0.6841739 0.5371998
11 2.9899537999999998e-05 0.10596995 0.6406738000000001 0.38028455 1.0
8 2.9732177e-05 0.13231188 0.20082968 0.4049409 0.8335324000000001
9 2.9306446e-05 0.7933694 0.48067167 0.86755896 0.52745837
8 2.8998990000000004e-05 0.9540386000000001 0.3709754 0.99002016 0.42524709999999993
10 2.8480029999999997e-05 0.080762394 0.66590226 0.23333451 0.8146459
13 2.8067073999999996e-05 0.5793891999999999 0.0 0.96645045 0.376436
8 2.7812808e-05 0.69938976 0.11359515 0.89699274 0.44533765
8 2.7714388e-05 0.38786950000000003 0.14197396 0.6595309 0.7056730999999999
6 2.7317703000000003e-05 0.17448032 0.51166177 0.26964504 0.619309
13 2.7182015000000003e-05 0.8811938 0.38106954 0.98361343 0.52557385
9 2.6922231000000003e-05 0.07647842 0.49352959999999996 0.5184699 1.0
11 2.6864816e-05 0.9628827 0.42515159999999996 0.9860924999999999 0.4833487
8 2.6678676999999996e-05 0.017362475 0.67149794 0.7438453 0.9475051999999999
10 2.6592716e-05 0.66577023 0.49256006 0.7233792 0.567846
11 2.6569132e-05 0.09278962 0.7087219 0.19488847 0.8645276
5 2.6501126e-05 0.0 0.7491488000000001 0.17094545 0.84605044
13 2.6185118000000004e-05 0.94741017 0.45448497 0.9959882 0.49968955
8 2.6165388e-05 0.83145833 0.46973068 0.87976944 0.5329762
4 2.5693646e-05 0.0977523 0.7027257 0.20944211 0.86056966
11 2.5445489999999998e-05 0.8251031999999999 0.46999004 0.8721054 0.5410973000000001
5 2.5231346e-05 0.7539624 0.49129856 0.88474274 0.52935123
8 2.5149666e-05 0.24603027 0.15481621 0.51208127 0.73807496
12 2.5071136e-05 0.19971293 0.5516236999999999 0.26217517 0.60563964
9 2.5017956e-05 0.019212566 0.70827377 0.17221618 0.8572151
2 2.475389e-05 0.9517124 0.4092809 1.0 0.46969366
10 2.462866e-05 0.046628483 0.60027045 0.19208816 0.90767884
8 2.4150599000000003e-05 0.5585220000000001 0.5023561 0.9088074 0.90901643
8 2.4027262000000002e-05 0.45892018 0.14215349 0.7419308000000001 0.70053273
6 2.3994788e-05 0.9521753000000001 0.40738207 1.0 0.47758582
9 2.3891354e-05 0.10320518 0.7014758000000001 0.292591 0.8282081
12 2.3539795e-05 0.8156555 0.44478828 0.8950744 0.49592659999999994
6 2.3273282e-05 0.9459976000000001 0.4114825 1.0 0.45625287
9 2.3197084e-05 0.63359183 0.48638085 0.69010574 0.52898306
7 2.2645763e-05 0.79748523 0.47524396 0.8634627 0.53540725
8 2.2633629000000002e-05 0.20239012 0.24324432 0.4968201 0.8503921999999998
