3 0.996201 0.47935307 0.68300134 0.5558585 0.73440635
3 0.9780171999999999 0.8374197 0.6389589 0.9418095999999999 0.70757174
3 0.7507052 0.1284211 0.85014045 0.57814896 1.0
3 0.7491013000000001 0.06577271 0.7094884 0.14041995 0.7502346999999999
8 0.3108882 0.05936177 0.7005946 0.17023005 0.755499
8 0.2936962 0.20030852 0.67676294 0.26336107 0.7210310999999999
3 0.28022668 0.20823213 0.67970926 0.25595522 0.7215001999999999
8 0.10516734 0.10652168 0.6951096999999999 0.1811534 0.7474706
8 0.06855374 0.7859066 0.1237587 0.9577921999999999 0.35060847
3 0.06277009 0.09004619999999999 0.7008679 0.16101852 0.7434185000000001
8 0.05741634 0.82810193 0.6319353 0.9554964 0.7089248
3 0.04973717 0.11600834 0.6984175 0.17091479999999998 0.7383578000000001
3 0.024377082 0.8620247999999999 0.6347970000000001 0.9563068000000001 0.7019101
3 0.022076957 0.76304865 0.65421224 0.8335016 0.69911176
8 0.019551488 0.66998386 0.10955262 0.9266747 0.33923832
8 0.014837486 0.023571602999999997 0.7001284000000001 0.16831231 0.9400082000000001
3 0.014694613999999998 0.78529054 0.06738227 0.9899978000000001 0.3988811
8 0.01382891 0.46816957 0.67390525 0.5564735 0.7371808000000001
8 0.009799478 0.9021245999999999 0.6124809 0.96479136 0.7035716
8 0.0095309345 0.7528683 0.65327656 0.83429027 0.702547
8 0.009513031 0.053399358 0.70314085 0.12967822 0.7524175000000001
8 0.008676219 0.09196997 0.67993546 0.5929258000000001 0.9915075000000001
3 0.007785324000000001 0.8561669 0.62701726 0.9441325999999999 0.6852019
8 0.0075709834 0.83177876 0.60568887 0.9642743 0.72616047
3 0.005187357 0.9072769 0.62315243 0.9627481 0.6963383000000001
8 0.004917551 0.6051887 0.07811779 0.8935064 0.35785708
13 0.0043049767 0.78727657 0.0017660917 0.98644084 0.35880503
13 0.0042856075 0.20386368 0.6805899999999999 0.25314665 0.7260145
3 0.0042822175 0.69212097 0.098759264 0.9677466999999998 0.39107990000000004
3 0.0039430433 0.3038804 0.8840341 0.59256166 1.0
13 0.0037827175 0.49335274 0.6823191999999999 0.5698747 0.74152243
3 0.0034726348 0.8422011 0.62563866 0.9121790000000001 0.66733
3 0.0032455622999999997 0.7926579 0.097298674 0.9878995 0.29931640000000004
3 0.0032424557000000002 0.13295731 0.71903867 0.69596815 0.98477656
13 0.0030496612 0.059997756 0.70181537 0.13065131 0.7603352
2 0.0030457578000000003 0.20487708 0.6729223000000001 0.26938486 0.7157411
8 0.0026616831 0.79232204 0.121012144 0.9505464 0.25920895
8 0.0025953897 0.77718157 0.16270353 0.9415551999999999 0.4009486
13 0.0024529526 0.07908806 0.6973464 0.15608007 0.75965583
13 0.0022152173 0.8493796999999998 0.63928324 0.9598040999999999 0.71239763
13 0.0021439516 0.7885220000000001 0.108869694 0.9796207 0.27834296
8 0.0021375674 0.84849316 0.62514657 0.94322485 0.6862154
13 0.0018694674 0.8231324000000001 0.64240927 0.92104924 0.7121251000000001
13 0.0018468633 0.25367102 0.8663328000000001 0.6053786 1.0
8 0.0015986502 0.49622005 0.12195915 0.85684735 0.5488949000000001
13 0.0015221532000000001 0.6759417 0.015956806 0.9940219000000001 0.3899032
8 0.0014917181 0.053152412 0.67223877 0.39109898 0.96298605
13 0.0014173806 0.04985977 0.7074359 0.11355250000000001 0.7559043000000001
3 0.0011944053999999999 0.8438511999999999 0.6204376 0.9633011999999999 0.7203776
13 0.001174596 0.11858029 0.70299995 0.17552403 0.75378186
8 0.0011011561 0.1835396 0.82547027 0.5400312 1.0
11 0.0011009224 0.84070545 0.63077694 0.8977398000000001 0.7113031999999999
8 0.001063083 0.82422173 0.63492954 0.9086040000000001 0.7045895999999999
5 0.001008463 0.185344 0.689945 0.2634316 0.7255005999999999
11 0.0009994172 0.21726078 0.67119014 0.2550996 0.7310061999999999
13 0.0009095064599999999 0.46760425 0.6871997 0.52972424 0.73845935
8 0.0008818641699999999 0.057247772999999995 0.4327598 0.34403694 0.8894625
1 0.0008379929 0.20084757 0.6893469 0.2514372 0.7244576
8 0.0008188916000000001 0.8282204 0.6299114 0.92031807 0.6814412
8 0.00079068594 0.029211216 0.67251706 0.25627142 0.9268692
13 0.00075877487 0.7660001999999999 0.6502748 0.8322144 0.70708466
7 0.0007282407 0.1939995 0.6728400999999999 0.26450783 0.73547804
13 0.0007189503999999999 0.76547176 0.07337446 0.9490754000000001 0.25688288
11 0.0007107303 0.8937108 0.6242314999999999 0.94540876 0.7084024
9 0.0007047743400000001 0.21260166 0.6850456 0.26533863 0.72234863
5 0.00068960537 0.038242143 0.7142898 0.1332085 0.75066614
8 0.0006873989999999999 0.66827077 0.22789258 0.8965209000000001 0.82051426
2 0.0006597921000000001 0.07623646 0.6953015 0.14653438 0.7434437
3 0.0006488959999999999 0.041325144 0.7239726 0.19804099 0.94465005
1 0.0006309489 0.86494344 0.6600968 0.9534804 0.7097083000000001
5 0.00062956737 0.79817927 0.64809626 0.9288485999999999 0.70191765
11 0.0006290916400000001 0.106732525 0.6933699000000001 0.15191653 0.76543283
11 0.00061003986 0.08481237 0.69415647 0.13361757 0.7650019
10 0.0005873768 0.87911373 0.6200795 0.9569884 0.69651526
1 0.0005729577400000001 0.04252152 0.71841866 0.11572765 0.75589186
13 0.0005686717 0.11235051 0.8649943999999999 0.48015636 1.0
1 0.0005561184400000001 0.81168854 0.6619035 0.9019289 0.7118344
13 0.00054964446 0.8326200999999999 0.6334566999999999 0.89707845 0.73833925
8 0.00054878875 0.92723763 0.6254957 0.9770465 0.71069777
7 0.0005464594 0.85612273 0.62539005 0.95321286 0.72114426
8 0.0005220595 0.11727149999999999 0.120705225 0.40816295 0.8653615
1 0.0005072608999999999 0.50862944 0.6901887 0.5672201 0.7306680999999999
11 0.000501434 0.07080233 0.69543695 0.11649212 0.76270616
5 0.0004924101 0.05833765 0.71833456 0.16686255 0.7576560999999999
8 0.0004906366 0.07273063 0.5634156 0.44978429999999997 0.9151555
9 0.00047626134000000006 0.85322183 0.10999025400000001 1.0 0.4103768
1 0.00047073330000000003 0.06154427 0.7172799 0.13062295 0.7588102
9 0.00046835860000000003 0.8793196 0.64501935 0.9669871999999999 0.6967032
7 0.0004666718599999999 0.808262 0.6268448 0.9108155000000001 0.7266729000000001
9 0.00046543907999999995 0.09170538 0.70901483 0.16141793 0.7525648
2 0.0004625686 0.11852651 0.6954108 0.19501969 0.74613494
3 0.00045365942000000003 0.8312563000000001 0.65665495 0.91610265 0.7091583
8 0.0004526333 0.08822675 0.8286526 0.44603459999999995 1.0
12 0.0004524299 0.20059559 0.6763581999999999 0.2701873 0.7158300999999999
8 0.0004512034 0.8681966 0.6202097 0.95373476 0.701967
11 0.0004431507 0.47785390000000005 0.66776806 0.51785153 0.72764665
8 0.00043765394 0.040294267 0.35183975 0.27335283 0.9350502
9 0.00043420692000000003 0.077089876 0.7090911999999999 0.14102920000000002 0.75570905
5 0.00043356334000000003 0.8321976999999999 0.64985394 0.91261023 0.7365045
6 0.00042155397000000005 0.19596802 0.68337697 0.2782928 0.7241305
13 0.00041641027000000004 0.47455326 0.0 0.955467 0.58281744
10 0.00041483002 0.104101546 0.6978022 0.16587645 0.7529051999999999
11 0.00040420276 0.85949236 0.5980629 0.9050767 0.73716193
8 0.00039448595000000003 0.03728068 0.5096608 0.23099384 0.9194528000000001
8 0.00039326652999999997 0.6860948 0.16354732 0.9139876 0.5608652
5 0.00039088653 0.44963276 0.687046 0.53875434 0.72824204
13 0.00039020404999999997 0.4862003 0.6817097 0.5486778 0.76892823
8 0.0003884687 0.02856557 0.7930842 0.15829374 0.9628959999999999
11 0.00038828413 0.50268704 0.63031733 0.54614145 0.75689346
8 0.0003872339 0.77105397 0.23698191 0.9279348 0.7018435000000001
7 0.00038068796999999997 0.06324132 0.69310844 0.1423034 0.7665514
8 0.00037630092000000005 0.046721965 0.77124584 0.1766634 0.89550966
10 0.00036924733999999995 0.2179292 0.66985524 0.27176106 0.72806567
5 0.00036538052000000004 0.48087093 0.6929394 0.5486068000000001 0.767625
7 0.0003648771 0.4945437 0.6621329 0.57641506 0.7422158
4 0.00036475959999999997 0.8779891 0.61525434 0.9634723 0.7093025
13 0.00036001028 0.83537096 0.63286954 0.9710894 0.7695588000000001
12 0.00035973795 0.8728541999999999 0.64443123 0.9642801999999999 0.7054206999999999
8 0.00035771486000000006 0.5921404 0.16570821 0.87600106 0.6386759
6 0.00035685860000000003 0.80749774 0.6440033000000001 0.9490378 0.70584375
9 0.00035569497 0.8340383 0.11634342 1.0 0.27989614
1 0.00035126417000000003 0.45538729999999994 0.69061834 0.5189242000000001 0.7265258000000001
4 0.00034604940000000005 0.21032518 0.68074393 0.26454556 0.72887
13 0.0003447911 0.8503129 0.6368436 0.92482525 0.7356712
6 0.00033390164 0.07050708 0.70518166 0.17974356 0.7527734
2 0.00033240352 0.8653844 0.6286255000000001 0.94709295 0.7067958000000001
1 0.0003206271 0.47777817 0.6799411 0.53922325 0.7400521
8 0.00031779592999999997 0.02776011 0.39725578 0.18199211 0.9408086999999999
9 0.0003150493 0.4988545999999999 0.6759601 0.5447598000000001 0.7491474
10 0.00030927625 0.08452080000000001 0.6992301999999999 0.15098813 0.75919145
13 0.00030670824 0.31646731 0.8666758 0.49300596 1.0
6 0.0003027055 0.84777117 0.64120746 0.9912521999999999 0.707032
10 0.00029629959999999996 0.5210359 0.65767366 0.5752182 0.72708446
12 0.00028576877 0.5024297999999999 0.6754256 0.57593435 0.7254887
3 0.0002797407 0.11747752 0.27787417 0.458476 0.98642015
11 0.00027920273999999996 0.12202793 0.6925385000000001 0.16426355 0.7602511
5 0.00027222122000000005 0.8434958 0.6530078 0.9755296 0.71665204
3 0.00027031446 0.5259228 0.123242564 0.96037066 0.5643406999999999
10 0.0002692762 0.8382224 0.031889446 1.0 0.40347790000000006
2 0.00026859363 0.8327253000000001 0.63532406 0.92258763 0.6867439999999999
8 0.00026753914 0.1350864 0.4325593 0.42781323 0.9118845999999999
3 0.0002665131 0.27590537 0.8323127 0.6928278 1.0
12 0.00026129335 0.3164554 0.7783511 0.62340677 0.98690397
1 0.0002561986 0.09507564 0.7112518 0.15766963 0.7542088
12 0.00025417432 0.24612173 0.7740491 0.5271895999999999 0.9910817
11 0.00025410287 0.84418434 0.6032878 0.88791376 0.7347163000000001
2 0.00024838842 0.7947529000000001 0.05070802 1.0 0.48668715
9 0.00024657464 0.113661684 0.7081944 0.17565173 0.74973524
9 0.0002464549 0.25264144 0.82466257 0.5655686 0.991821
4 0.00024632373 0.09514748 0.7004776 0.16102299 0.75981855
10 0.00024569167999999997 0.8257452 0.10266949 1.0 0.27800584
13 0.00024500053 0.85829484 0.626579 0.94393957 0.69320905
3 0.000244136 0.19748518 0.25521479999999996 0.5587057 1.0
3 0.00024217826 0.82372135 0.6406435 0.8919783000000001 0.70354706
8 0.00022763438999999998 0.041643597000000004 0.12398666 0.19474432 0.8873633
9 0.00022439526000000003 0.83042765 0.64193636 0.9138497 0.7045741
11 0.00022378794999999998 0.8724892 0.6282154000000001 0.9299344 0.7107886
9 0.00022374880000000002 0.5135178 0.6776097 0.5821338 0.7207496
1 0.00022346992000000002 0.03383581 0.7183175 0.097496495 0.7513496000000001
12 0.00022074922000000003 0.4789516 0.65870374 0.54735196 0.74221283
10 0.00021772737 0.07207929 0.70880616 0.13244314 0.7548943
1 0.00021753293999999997 0.7659098000000001 0.6588973000000001 0.82682025 0.6980893
9 0.00021425223999999997 0.34760690000000005 0.82403356 0.66625905 0.9854451
1 0.00021319933999999999 0.77039385 0.17629297 0.9500450999999999 0.37471350000000003
7 0.00021267832000000002 0.8005134 0.12096979 0.9688568000000001 0.28402752
10 0.00021050942000000003 0.12312403 0.6960798 0.18235168 0.75141674
3 0.00020963485 0.08011648 0.6118789000000001 0.5257257 0.95681226
12 0.00020516588 0.8370981 0.6349640000000001 0.9294988000000001 0.7028551
4 0.00020379166 0.518023 0.65946233 0.58504844 0.73083055
7 0.00020375129000000001 0.47497997 0.6480746999999999 0.5532119000000001 0.7754800000000001
4 0.00020085787 0.073877275 0.7058897 0.1471579 0.7627516
7 0.00019849993 0.7795887 0.0 0.9877845999999999 0.34863833
13 0.00019573186999999998 0.0 0.6843306 0.6566957 1.0
3 0.00019075278000000003 0.7727793000000001 0.12420218 0.97563106 0.5037453
11 0.00019028322 0.88048303 0.59676605 0.9205631999999999 0.73204404
1 0.00018883395 0.7873680999999999 0.14257683 0.959367 0.27335940000000003
7 0.00018799081 0.09474388 0.6975387 0.16432649 0.76317173
6 0.00018752376 0.112194985 0.82557285 0.6580075 0.98737776
7 0.00018265721000000002 0.45002709999999996 0.66735274 0.52708083 0.74303126
4 0.00018089851000000002 0.87127674 0.13282466 0.99919724 0.40514392
11 0.00018080806 0.52804214 0.6608519 0.5740581 0.7244893
13 0.00017843435 0.32422209999999996 0.0 0.7190838 0.68290126
1 0.00017720595000000002 0.7739491999999999 0.11040642 0.9604438 0.24147287
1 0.00016928044999999997 0.8521804000000001 0.6488569000000001 0.9175995000000001 0.71377814
13 0.00016810518 0.9053899 0.62009025 0.9635855 0.7066626
4 0.00016790508999999998 0.11655934 0.70198405 0.17193453 0.7559859999999999
9 0.00016751567 0.745206 0.05972346 1.0 0.34703249999999997
8 0.00016562351000000002 0.056980677 0.123037286 0.29078790000000004 0.8700924000000001
13 0.00016367555 0.09401587 0.7683667 0.17871007 0.8545494
1 0.00016330743 0.7625784000000001 0.11552149999999999 0.9603780999999999 0.32177863
12 0.00016306424999999999 0.84479475 0.104114495 1.0 0.24898301
10 0.00016223568000000001 0.82306975 0.64039755 0.91832024 0.70144653
9 0.00016192888000000002 0.8570201999999999 0.6437951999999999 0.9491851999999998 0.70095426
12 0.00016019233 0.47697067 0.67475456 0.5369643 0.7225988
12 0.00015763761999999998 0.8090553 0.00057613244 1.0 0.29911914
9 0.00015493493000000002 0.8497515999999999 0.6434291999999999 0.90544116 0.73130065
11 0.00015487428999999997 0.06080451 0.6985839 0.09876376 0.75697166
10 0.00015476572 0.2988573 0.7848443 0.6338334 1.0
13 0.00015470198 0.071361884 0.8096310999999999 0.18965353 0.8577498
1 0.00015265311 0.1834659 0.8464946 0.6004868 0.975935
10 0.0001517456 0.86143833 0.619067 0.9124802 0.7254475
10 0.00015125329 0.20709188 0.80550873 0.5514385 1.0
3 0.00015112704 0.8313834000000001 0.62862253 0.8896156 0.66304326
11 0.0001492771 0.13973726 0.6918314 0.18350272 0.7615338
8 0.00014887533 0.09510669 0.7926356999999999 0.16921234 0.8478664
7 0.00014747886999999998 0.8352274 0.61448765 0.91105103 0.74854994
12 0.00014585719999999998 0.8489235 0.6257265999999999 0.9151780999999999 0.72303665
13 0.000144482 0.7574473 0.104159534 1.0 0.42258367
7 0.0001436306 0.1318465 0.817489 0.5456541 1.0
6 0.00014153469 0.47649300000000006 0.67566586 0.6017754 0.7327635
2 0.00013937594 0.47133192 0.66801995 0.54198825 0.71092904
13 0.00013863227 0.004550718 0.73165315 0.21085712 0.95431834
5 0.000138241 0.49670035 0.68231744 0.589757 0.7399928000000001
10 0.0001375562 0.50403976 0.64103687 0.55484605 0.75332326
8 0.00013747184 0.22880134 0.08763939999999999 0.5062171 0.7891994999999999
8 0.0001369428 0.9528450999999999 0.62420714 0.9833646 0.71403897
1 0.00013617797 0.114761055 0.7104583000000001 0.17179933 0.75293386
8 0.00013573366000000002 0.34781766 0.07192242 0.6259977 0.5942441999999999
9 0.00013462506 0.061612985999999995 0.70972013 0.12218251 0.7554804
4 0.0001322811 0.8621257999999999 0.120749034 0.9959530000000001 0.26320708
9 0.00013202133 0.86195344 0.63159466 0.9985911 0.7411386999999999
3 0.00013149258 0.20795768 0.88370705 0.5336394 1.0
9 0.00012836182 0.8677109000000001 0.6428090999999999 0.9233522 0.7229723000000001
9 0.00012743326 0.78567326 0.6570121999999999 0.84882104 0.6984689000000001
2 0.00012676927 0.5031755 0.6579712 0.57140493 0.7264613
12 0.00012621224 0.85162777 0.07408534 1.0 0.20762515
12 0.00012524083 0.08189461 0.7020255 0.16187161 0.7537373
13 0.00012497258999999997 0.83110493 0.632926 0.9099029000000001 0.69193655
10 0.00012033101000000001 0.88315994 0.60632104 0.9268853000000001 0.7239627
1 0.00011807683 0.7481274 0.13658075 0.91746265 0.26219788
3 0.00011726201999999999 0.058146328 0.80064535 0.35680792 0.973758
11 0.00011678249 0.8677345999999999 0.12446384 0.9679205 0.39857572
5 0.000115991206 0.7532681999999999 0.16006985 1.0 0.35999048
6 0.00011580563 0.44822982 0.6751199999999999 0.55553097 0.72638696
4 0.00011524530399999999 0.13267682 0.706577 0.18553586 0.75803393
6 0.00011323173000000001 0.78690827 0.13941863 1.0 0.27217457
2 0.000112167036 0.8409318000000001 0.5729675999999999 1.0 0.7284519
5 0.00011142254999999999 0.7430654999999999 0.14289469 0.998418 0.2599791
3 0.00011055572 0.1936356 0.5232346999999999 0.560755 0.9301567
3 0.00010978575 0.06005459999999999 0.7601826999999999 0.24204409 0.9551806
7 0.00010779861999999999 0.76710486 0.643122 0.8370707000000001 0.7090696
13 0.00010641465 0.36578572 0.9088966999999999 0.57373464 1.0
3 0.00010596393999999999 0.9318568000000002 0.62314755 0.9879790999999999 0.7075808000000001
3 0.000105634936 0.5260375 0.67366576 0.59647757 0.72118986
4 0.00010551112 0.8794521999999999 0.064475894 1.0 0.3405998
2 0.00010423607 0.4949800999999999 0.64466625 0.55406535 0.7300673000000001
2 0.00010339175 0.85806346 0.6170144000000001 0.91685164 0.6968595999999999
10 0.00010251161 0.061979976 0.7120714 0.11294404 0.75211674
10 0.00010246519 0.80234385 0.12174860400000001 0.9647188 0.26418709999999995
9 0.00010234676 0.12786877 0.7099998000000001 0.19194055 0.7498583000000001
4 0.00010223449 0.49839520000000004 0.65393156 0.55057013 0.74866354
7 0.00010180737 0.79082465 0.6037017 1.0 0.7774926
2 0.000101458536 0.77254915 0.6443869000000001 0.83783376 0.6975286
8 0.00010074548500000001 0.036594233999999996 0.78809667 0.2594422 0.9772799999999999
13 9.953381e-05 0.08056885 0.7765339 0.19144574 0.83959824
13 9.930288e-05 0.078136295 0.0 0.42349693 1.0
11 9.898074500000001e-05 0.85513926 0.16593324 0.9583111999999999 0.29021195
4 9.7397446e-05 0.82392955 0.63597 0.93038034 0.7069232
13 9.686568000000001e-05 0.89637136 0.6493298000000001 0.9732957 0.7065934
10 9.686559999999999e-05 0.14232112 0.6941917 0.1971475 0.7569128
5 9.564004e-05 0.0 0.7898893 0.6857339 1.0
9 9.477614400000001e-05 0.47094452 0.6791819 0.52338207 0.7282630999999999
4 9.448790000000001e-05 0.3119775 0.80349636 0.7132304 0.98382676
8 9.354281e-05 0.082987726 0.8124361 0.16052663 0.86159366
1 9.2662194e-05 0.81626546 0.62533754 0.95995 0.7227720999999999
10 9.236363000000001e-05 0.7924533 0.6359281 0.8469690999999999 0.70593613
7 9.203306399999999e-05 0.6302788 0.026811862000000002 1.0 0.38548228
6 9.121896999999999e-05 0.7845629 0.15911579 1.0 0.42536467
10 9.013268e-05 0.47145290000000006 0.6770174 0.5353587 0.7238614999999999
13 8.706316999999999e-05 0.20644745 0.0 0.5781733 0.98698014
12 8.694351999999999e-05 0.06309909400000001 0.6988559 0.13813058 0.75021195
9 8.543026e-05 0.08630216 0.70412767 0.6951906 1.0
5 8.43381e-05 0.099487945 0.7192619 0.18113177 0.76028156
8 8.405013e-05 0.32362366 0.10433041 0.6261317 0.84697825
8 8.395123e-05 0.27869734 0.08346598 0.5568589 0.6612335
10 8.384249e-05 0.8994928 0.5979227 0.94073373 0.7193857
13 8.375067e-05 0.8043651999999999 0.6511224 0.94909817 0.7661774
5 8.2852464e-05 0.631199 0.13842855 1.0 0.31808582
8 8.282409e-05 0.95808774 0.60046273 0.98535615 0.7318526
11 8.2806124e-05 0.82809037 0.63696814 0.87932163 0.7101286
1 8.244521e-05 0.64364874 0.13199067 0.9178635 0.35042846
8 8.213004999999999e-05 0.52984035 0.6685856 0.5887824 0.72310984
6 8.197171e-05 0.10380025 0.7120835999999999 0.19989489 0.7532723000000001
13 8.195161e-05 0.14097783 0.16470817 0.51565826 1.0
11 8.1087244e-05 0.2537766 0.8288263000000001 0.46922250000000004 1.0
11 8.0086545e-05 0.49899099999999996 0.66599774 0.5512134 0.73207366
8 8.002484499999999e-05 0.013683185 0.03153837 0.28148829999999997 0.31146035
8 7.938946e-05 0.029031112999999997 0.052308965 0.25192022 0.5917316
13 7.926136e-05 0.8958225000000001 0.6288531999999999 0.9731288 0.68510705
1 7.84773e-05 0.8707971 0.6442805 0.9323638000000001 0.71100175
12 7.825988e-05 0.8768931999999999 0.6314112 0.93909615 0.7157738
12 7.815324e-05 0.7727835999999999 0.64692396 0.8385833 0.6958628000000001
2 7.700894e-05 0.6958398 0.034566935 1.0 0.41235587
11 7.6322256e-05 0.82016516 0.18277776 0.9218738999999999 0.30339298
5 7.408311e-05 0.6762852 0.14501098 0.97279876 0.36915323
10 7.400967e-05 0.7664727 0.0 0.98558724 0.41512305
6 7.333976e-05 0.023920566 0.71156263 0.14277118 0.74736834
8 7.302349e-05 0.5189672000000001 0.16892639999999998 0.80111593 0.82496893
12 7.213287e-05 0.7075734 0.061827455 1.0 0.31264699
1 7.1739516e-05 0.81834835 0.6289193000000001 0.8953360999999999 0.6683763
