3 0.7953901 0.5922390000000001 0.20415953 0.63038933 0.24689552
8 0.5038526 0.34678054 0.20408042 0.40872777 0.2501917
8 0.477253 0.16508904 0.21054928 0.25481856 0.27239040000000003
3 0.3413261 0.16885221 0.21436071 0.24553087 0.273415
3 0.20356107 0.35541186 0.20559831 0.3981302 0.24835455
3 0.16880168 0.793832 0.51152897 0.9792718 0.6348784000000001
8 0.14906171 0.0 0.35993020000000003 0.14865094 0.4766188
8 0.13492854 0.5856626 0.19775598 0.63732874 0.25038078
8 0.11966893 0.7931963000000001 0.5077952 0.9709395000000001 0.6498031999999999
3 0.09978412 0.27026206 0.20916162 0.32875127 0.25498554
3 0.08151569 0.027726103 0.34405908 0.15061042 0.47296745
8 0.05361781 0.16822273 0.21165763 0.23728052 0.25945300000000004
8 0.042821474000000005 0.16179213 0.22012506 0.22447708 0.27083507
8 0.039100785 0.83043826 0.18466692 0.8937248999999999 0.23160866
8 0.026405621 0.32305986 0.20253974 0.39015192 0.2553958
3 0.025476198999999998 0.18832174 0.20686723 0.26332796 0.2587181
3 0.023118053 0.28937462 0.20647655 0.35430732 0.24806599999999998
8 0.021845581 0.26808357 0.20706424 0.33533663 0.2570824
3 0.020220932 0.26056260000000003 0.2238618 0.32537764 0.26276714
13 0.017895998 0.0051112548 0.34156975 0.16550907 0.48752183
3 0.013494404 0.169965 0.22472961 0.22489136 0.27316362
8 0.012135813999999998 0.010118565 0.22711635 0.038497888 0.27288485
8 0.0117687145 0.2621894 0.21710864 0.32680446 0.26629466
3 0.010545773999999999 0.30987359999999997 0.20535648 0.36625686 0.24830161
8 0.008163368 0.28337708 0.20481344 0.35348198 0.2544327
8 0.0069350065 0.02301471 0.3534164 0.19021359 0.6121109
3 0.00607498 0.013304617 0.23055914 0.042070054 0.28050613
8 0.0058425437 0.30470959999999997 0.2028944 0.36844940000000004 0.25387686
3 0.005756509 0.32848698 0.20677504 0.38430673 0.24953505
8 0.0054241805 0.018287972 0.15885773 0.20360488 0.64162517
13 0.0049936621999999995 0.5899929 0.20674844 0.64530337 0.25161877
3 0.004654422 0.21723507 0.20723423 0.27374735 0.25530618
2 0.0044385437 0.34443724 0.20356451 0.41635114 0.24389307
13 0.0041122134 0.34849787 0.21365614 0.39994705 0.24842905
2 0.00395466 0.36291134 0.19999266 0.42898053 0.24375045
13 0.0035673112 0.58299834 0.21302929999999998 0.63263565 0.24758941
8 0.0032820576 0.008798443000000001 0.3066492 0.14917046 0.6039821999999999
13 0.003164976 0.35996792 0.2095284 0.41030893 0.24870835
8 0.0029287479999999997 0.25892052 0.21292493 0.308718 0.2570296
8 0.0028996659000000004 0.14565182 0.18436244 0.3100605 0.29913986
8 0.0028400092999999998 0.041088297999999995 0.27108216 0.3310638 0.69018245
13 0.002447614 0.27522367 0.20752153 0.33851729999999997 0.25846863
8 0.0024247357999999998 0.02984649 0.23026721 0.23302206 0.8771505999999999
13 0.002291164 0.7851164 0.503106 0.9577926999999999 0.6346909000000001
2 0.0019096662 0.28342077 0.20317237 0.3428531 0.24690242
2 0.0018964256 0.27695996 0.20636733 0.32799506 0.24273634
2 0.0017527625 0.1914799 0.19957232 0.25564644 0.2458199
9 0.0014588798999999998 0.18298122 0.20876554 0.25333049999999996 0.25492036
8 0.0013005761 0.8388738000000001 0.19542885 0.89315575 0.2389614
13 0.0012750519 0.16741593 0.20446588 0.24683772 0.26573009999999997
3 0.001265034 0.8390344999999999 0.18184964 0.9043285 0.22905983
13 0.0012474797 0.16429100000000002 0.23339139999999997 0.2335248 0.27861288
13 0.0012142474 0.29279499999999997 0.20853707 0.35781354 0.25617543
13 0.0011932187 0.18094406 0.23173313 0.25935408 0.28448972
11 0.0011647965 0.17264834 0.20793720000000002 0.22934598 0.29893035
8 0.0011538018 0.09796472 0.21506257 0.37085359999999995 0.86360425
13 0.0011521894 0.0117587 0.22175189999999997 0.043020517 0.27756379999999997
2 0.0011355863 0.59349394 0.19814219 0.66138315 0.24482125
5 0.0010649733 0.14196464 0.24180579 0.24005556 0.2845483
10 0.0010399983 0.20580891 0.21684566 0.2752078 0.27714312
2 0.0010257424 0.0 0.3274482 0.19819099 0.4974307
11 0.0010205294 0.18503769 0.20461853 0.2481101 0.2998868
7 0.0010182385 0.26121733 0.20383728 0.3250784 0.25860906
5 0.0009922562 0.32894927 0.21670085 0.40851474 0.24944425
6 0.0009905441000000001 0.2665189 0.2091933 0.33279234 0.25028998
1 0.0009753235499999999 0.2617165 0.21383168 0.31744722 0.25038582
10 0.0009634114699999999 0.18515208 0.20201537 0.24853316 0.24492314
3 0.0009483871400000001 0.19912603 0.22114360000000002 0.27231455 0.26589137
9 0.0009304007000000001 0.28525144 0.20802186 0.34433395 0.25389475
11 0.0009015591 0.35965028 0.19939493 0.39580277 0.25716424
1 0.0008986027 0.27728590000000003 0.21362208 0.33260444 0.25293285
8 0.0008871488000000001 0.015772566000000002 0.23215441 0.23370822 0.5132005999999999
2 0.0008842392 0.18296325 0.20597874 0.24411356 0.28360242
5 0.0008762655 0.15987569 0.24113272 0.23223296 0.31392205
8 0.00087040477 0.07708526 0.13107386 0.47615109999999994 0.5601170999999999
2 0.00086419424 0.18541266 0.21942565 0.2685755 0.27721834
12 0.000851564 0.18437609 0.20381565 0.25496832 0.25371462
9 0.0008500427000000001 0.2732864 0.21001795 0.325938 0.2521753
7 0.0008381189 0.3287165 0.20022559 0.39926705 0.26231295
8 0.00083070254 0.030083165 0.37830549999999996 0.35076999999999997 0.9051895000000001
9 0.00082700176 0.045841 0.34357432 0.18738234 0.47214732
11 0.00082558504 0.5931444 0.19853397 0.6280993 0.2543986
13 0.00080656447 0.057470485999999994 0.09392581 0.39094317 1.0
6 0.0007918816 0.17435256 0.20504645 0.26365426 0.25496328
2 0.0007651174000000001 0.18335697 0.20467809 0.24038455 0.24081208
5 0.0007620869999999999 0.5597199 0.21639083 0.6380888000000001 0.2527132
11 0.00076077785 0.20574911 0.20714217 0.26503044 0.29084787
3 0.0007528759299999999 0.059024453 0.30117604 0.39720914 0.9658996
9 0.00073185284 0.35624766 0.2118275 0.41183615 0.24708536
13 0.0007290678999999999 0.1743607 0.21700364 0.23341115 0.3082356
1 0.0007217514 0.17246349 0.21293752 0.23795663 0.25531286
11 0.00072169706 0.1870196 0.17330094 0.23466889999999999 0.32551026
3 0.0007003637 0.038315147 0.28823417 0.24999005 0.98687583
13 0.0006988357000000001 0.16416539 0.22605981 0.21917082 0.30185893
7 0.0006914503 0.5705709 0.19721347 0.6376633 0.26108897
13 0.0006830991000000001 0.18932033 0.20841287 0.25986806 0.2631187
2 0.000674338 0.010889068 0.30332658 0.18273221 0.46639377
7 0.0006552144 0.17543271 0.19891942 0.24833286 0.26193485
5 0.00062573253 0.16358748 0.24167638 0.27386788 0.28706620000000005
13 0.0006174014 0.31222463 0.20946099 0.37009996 0.25307766
10 0.0006023547599999999 0.28840888 0.20205809 0.34862393 0.25006079999999997
12 0.0006002962999999999 0.27880463 0.2024057 0.34461865 0.25035378
8 0.00059968035 0.00751584 0.385955 0.13593823 0.5400009
6 0.000589845 0.33813608 0.21107046 0.41134787 0.24591456
2 0.0005651772 0.29612774 0.20283054 0.36104292 0.24743365
1 0.00056483 0.33357787 0.21549933 0.39430857 0.25034332
2 0.0005532319 0.16206919 0.22602464 0.24962334 0.2687412
5 0.0005499253 0.15473995 0.22096395 0.26069131 0.25291812
5 0.0005473498 0.25496367 0.21812546 0.32983783 0.24838078
11 0.00054531207 0.19238901 0.20547837 0.23327756 0.25878146
9 0.0005360718 0.18383546 0.22569925 0.23422547 0.30214018
10 0.0005303839 0.17095962 0.22606136 0.24413976 0.27994063
4 0.0005294242 0.18916863 0.20493336 0.24828947 0.25948000000000004
11 0.0005261382299999999 0.29334083 0.20298404 0.3351095 0.25272039999999996
9 0.0005257175700000001 0.81087965 0.51993084 0.95616704 0.6355943000000001
11 0.0005208093 0.2798075 0.20888168 0.31406903 0.2530241
9 0.0005115413 0.18015036 0.22934291 0.2578324 0.28247213
8 0.000503735 0.21271795 0.20939226 0.26246536 0.25866839999999997
4 0.00049423735 0.19738005 0.21766146 0.26419652 0.28992579999999996
3 0.00049183425 0.042989634000000006 0.20470744 0.23736396 0.6758198000000001
1 0.00048306339999999997 0.15927726 0.21321806 0.22190657 0.25096297
1 0.00047874582 0.1859068 0.23717622 0.26118594 0.28137043
10 0.00047349717000000005 0.17898445 0.21720317 0.26326668 0.28441992
9 0.00047235665 0.3713777 0.21419145 0.42732143 0.24734382
8 0.00045579363 0.033307582 0.30942267 0.29293382 0.5938396
7 0.00045268578 0.14693987 0.21529284 0.25495845 0.30095997
13 0.00045258870000000005 0.32347912 0.21007748 0.38869298 0.25014472
4 0.00045081385 0.17955428 0.2229751 0.25320593 0.29400432
12 0.00044897297999999994 0.0 0.31483376 0.21351872 0.44027659999999996
11 0.00044484046999999997 0.8301094000000001 0.5185962000000001 0.9263931000000001 0.6524321999999999
10 0.00043889025 0.17770378 0.2076692 0.23298796 0.24359939
10 0.0004320752 0.27287507 0.20717975 0.33034033 0.24641536
5 0.0004309468 0.57488275 0.21909198 0.65517247 0.25726
1 0.00042590562999999994 0.15710986 0.23825307 0.22467002 0.2802538
9 0.0004256742 0.19650304 0.22870621 0.27730933 0.278278
8 0.00042562727999999995 0.16340946 0.31750885 0.45736265 0.9232492
5 0.00039912952000000006 0.14588499 0.23850492 0.2179111 0.3068889
13 0.00039770725 0.0 0.016700571 0.21659154 1.0
1 0.00039604935 0.16651542 0.23004651 0.22739188 0.2975778
4 0.00038697524 0.28955248 0.2041771 0.3408142 0.25359398
11 0.00037899944999999997 0.61119026 0.19851732 0.64807516 0.25519285
7 0.00037085160000000005 0.3501645 0.20336352 0.41694203 0.25894982
8 0.0003632536 0.0061220676 0.22557777 0.17238094 0.4626335999999999
6 0.00036283533 0.17567292 0.23188515 0.28536662 0.2830601
7 0.00035719748 0.15608987 0.2039011 0.24384663 0.32895088
11 0.00034721883000000004 0.17111999 0.17256966 0.21889219 0.32461554
7 0.00032873312000000006 0.27807078 0.1995669 0.35923812 0.26410764
1 0.00032836068 0.35630563 0.21800178 0.40633544 0.25010058
4 0.00032568112000000004 0.27664393 0.20777929 0.32389122 0.25105372
5 0.00032309716 0.0 0.38847485 0.107752874 0.48175642
2 0.00031987476000000005 0.26697576 0.20663306 0.3142596 0.23909684
13 0.00031228675 0.25255059999999996 0.21277201 0.30616426 0.25703046
10 0.00030793572999999997 0.80228955 0.46203795 0.9698809000000002 0.636605
11 0.00030041925 0.18214053 0.20841990000000002 0.21593624 0.25539452
7 0.0002949928 0.0 0.31461337 0.18624768 0.50221026
5 0.00029446656000000005 0.0 0.37742755 0.16071889 0.45338714
4 0.00028920814 0.06601236 0.32600665 0.18316332 0.47492924
1 0.00028818837 0.5818460999999999 0.21977657 0.62781227 0.25467622
1 0.00028710617 0.29122403 0.21325687 0.34969482 0.25219432
10 0.00028540855 0.19669491 0.19671327 0.25058228 0.30934465
10 0.0002826903 0.20857336 0.19928445 0.2663051 0.24522488
1 0.0002819268 0.14764203 0.23010279999999997 0.20894833 0.29145795
1 0.00028117024 0.24651805 0.21353582 0.29930195 0.24625343
12 0.00028077688 0.35834467 0.20691723 0.42699075 0.24304205
3 0.00028060845 0.056571864000000006 0.34056953 0.2848833 0.6243475
8 0.00027876130000000003 0.80998755 0.1841404 0.8692473 0.22434618
4 0.00027548312000000004 0.60986733 0.20479624 0.6585659 0.2621617
11 0.00027469834 0.38403383 0.20113531 0.41565487 0.25556836
9 0.00027160597000000004 0.8217108 0.54915965 0.96316767 0.6588906
3 0.000270953 0.16316932 0.27057958 0.550559 0.9592469000000001
9 0.0002700992 0.20489752 0.20861715 0.27154353 0.25276384
8 0.0002665588 0.20069915 0.21291856 0.2692768 0.26964828
1 0.00026518307 0.5956716999999999 0.22253239 0.63824624 0.2581519
9 0.0002597449 0.58976555 0.20952447 0.6386656999999999 0.24428245
3 0.0002596565 0.24181035 0.20971012 0.29201367 0.25124136
8 0.0002573346 0.024484888 0.33978325 0.113934845 0.477707
2 0.00025479049999999997 0.16790585 0.21003289999999997 0.23407696 0.27565345
4 0.00025288135 0.16848122 0.22821487 0.2350728 0.28923592
13 0.00025249002 0.8299101999999999 0.17781802 0.89539677 0.22667027
6 0.00025239627999999997 0.28408265 0.21001570000000003 0.37153965 0.252591
10 0.00024362178 0.04192195 0.27704322 0.17811766 0.47353142
13 0.00024360217999999998 0.15834768 0.23925889 0.21375518 0.27651578
8 0.00024183138 0.7660905 0.10572048 0.9633894000000001 0.6507023000000001
5 0.00023966927000000003 0.10095927 0.43154398 0.36332190000000003 1.0
12 0.00023605576000000001 0.19039477 0.22743045 0.27969134 0.27685657
3 0.00023595828999999999 0.028372847000000003 0.29943508 0.15505901 0.6152313
2 0.00023504917 0.32621086 0.20185816 0.39905440000000003 0.24645427
10 0.00023483932 0.3045111 0.20001376 0.36570504 0.2524084
9 0.00023459109 0.3025735 0.20599858 0.36293185 0.25510696
13 0.00023133129000000002 0.0 0.34240332 0.11695997 0.46316522
2 0.00022755997000000003 0.013230365 0.22028603 0.053826462 0.27435914
1 0.00022732076 0.19423229 0.2151417 0.25339789999999995 0.2539706
1 0.00022661424999999999 0.0 0.3710031 0.13464345 0.47859409999999997
13 0.00022268673999999999 0.15460756 0.20904706 0.49657579999999996 1.0
8 0.00022113476000000003 0.28004426 0.31414536 0.59387493 0.9225445999999999
1 0.00022084365 0.0 0.407179 0.13567626 0.51430243
3 0.00022026855999999998 0.17344648 0.21194498 0.3099706 0.29547623
13 0.00021941419999999998 0.0 0.23235379 0.19880754 0.5743014
4 0.00021890907000000003 0.35437915 0.20931719 0.40869954 0.2550986
6 0.00021703419999999997 0.25680983 0.21086664 0.31512290000000004 0.24794476
13 0.00021652805 0.42952794 0.0052808193000000005 0.7571319999999999 1.0
11 0.0002155015 0.3103728 0.2003235 0.35168 0.25196725
5 0.00021516749 0.17389117 0.43541542 0.44017547 1.0
11 0.00021353034 0.062473502 0.335204 0.15034272 0.5150389
13 0.0002083398 0.7531127 0.5451213 0.9246267 0.64858055
10 0.00020639067 0.36003616 0.19748624 0.41349474 0.254523
1 0.00020234238999999998 0.0 0.4030734 0.10283510400000001 0.48535475
9 0.00019822974999999997 0.60237664 0.21145815 0.65949386 0.24747969
4 0.00019772593999999998 0.3753006 0.21104189999999998 0.42626673 0.2566966
8 0.00019690416 0.7671691999999999 0.43607333 0.97418267 0.7295259
8 0.0001853691 0.24163379999999998 0.19464497 0.5179082 0.8217366
2 0.00018232650000000002 0.0 0.35360959999999997 0.14813536 0.48143199999999997
7 0.00018214411 0.2498636 0.20622896 0.30626968 0.25584754
13 0.00018180799 0.21345666 0.21022852 0.2693345 0.25977713
3 0.00017464833 0.08371855 0.2300687 0.42302465 0.769037
6 0.00017316102 0.16529979999999997 0.23151647 0.25661555 0.3070893
13 0.00017247787 0.34299833 0.20149437 0.69188696 1.0
10 0.00017174816000000003 0.057160474 0.3087759 0.20821115 0.5068545
12 0.00017159673999999999 0.5778368 0.20231996 0.6655758 0.24089772
10 0.00017087991999999998 0.38192909999999997 0.19629732 0.4283594 0.25261766
7 0.00016582621999999998 0.77514404 0.48577574 0.9510270000000001 0.6474998000000001
4 0.00016508026000000003 0.17908905 0.20798028 0.23307548 0.25484154
11 0.00016341299 0.16560757 0.21998893 0.21084046 0.29037705
9 0.00016331056 0.029823989 0.33292502 0.12839371 0.46795133
1 0.00016321032 0.74425244 0.52026415 0.94567347 0.6335208000000001
9 0.00016264298999999998 0.16995528 0.22475167 0.21879369 0.30406716
9 0.00016254431000000002 0.056910045 0.39849237 0.19465128 0.5225738
13 0.00016167956 0.0 0.10973874 0.32148066 0.81859744
6 0.0001560298 0.57255185 0.20941909 0.6494627 0.2511422
13 0.00015381181 0.26246040000000004 0.23308855 0.3153395 0.27795961
10 0.00015010446000000003 0.046951875 0.3332632 0.15525296 0.48330444
8 0.00014929114 0.14663856 0.14411466 0.42035335 0.6498785
3 0.00014709908000000001 0.36276805 0.29367802 0.7449439999999999 1.0
11 0.00014699702 0.20659588 0.17314404 0.25205427 0.31516725
4 0.00014593844 0.588907 0.20380512 0.6402669 0.25404829999999995
11 0.0001445833 0.045424994 0.34318712 0.104860514 0.51249146
12 0.00014326385 0.0 0.34763038 0.24122667 0.4683085999999999
10 0.00014192612 0.2169869 0.18898469 0.26531255 0.30042285
13 0.00013961428 0.15712887 0.22123449999999997 0.30587935 0.33546403
4 0.00013908687 0.20948645 0.20131293 0.2591828 0.25411442
5 0.00013553364 0.27608064 0.21827197 0.3645757 0.2546678
10 0.00013448563 0.16710895 0.23356327 0.22209874 0.27785477
8 0.00013257796 0.48084629999999995 0.2702113 0.8583183000000001 0.9370261999999999
12 0.00013037307 0.26277545 0.20556472 0.31520929999999997 0.24725352
12 0.00012969767 0.7762507 0.47296109999999997 0.9628109 0.60587
10 0.00012900865 0.60904104 0.18907729 0.65912646 0.25463426
4 0.00012779409 0.8271915000000001 0.468343 0.9748124 0.6369418
1 0.00012625684 0.30712864 0.21342725 0.36188552 0.25155655
9 0.00012621761 0.26063539999999996 0.21044095 0.30818257 0.25160098
5 0.00012550778 0.025271087999999997 0.4384088 0.20071822 1.0
8 0.00012449671 0.57815456 0.1763699 0.86981916 0.88087654
1 0.00012226923999999998 0.18453638 0.22660239 0.24640085 0.2908632
3 0.00012053947 0.044207237999999996 0.34967154 0.21403024 0.65563697
9 0.00011982283499999999 0.19882399 0.22387405 0.25539179999999995 0.29633284
12 0.000119563025 0.17184652 0.2117552 0.24686770000000002 0.28818566
8 0.00011732458999999999 0.41842288 0.18294607 0.70425755 0.86533827
5 0.000116797004 0.24457683 0.2189687 0.30829424 0.24599813
2 0.00011646188999999999 0.26478509999999994 0.22711928 0.34118915 0.26746020000000004
4 0.000114666116 0.30631077 0.2022533 0.35715842 0.25033057
8 0.000114389295 0.3434417 0.21473137 0.3990442 0.26462826
10 0.00011245181999999999 0.17932910000000002 0.20992167 0.23363989999999998 0.3069986
13 0.00011232305399999999 0.22675121 0.018723466 0.5810638000000001 1.0
2 0.00010296191999999999 0.7894509 0.5047198 0.9669228999999999 0.6442019
11 0.00010227708 0.21177572 0.20143917 0.25125173 0.25421357
10 0.00010224031600000001 0.5881894 0.19407381 0.64123553 0.251411
5 0.00010159278 0.7423126 0.55187076 0.94169086 0.6708805
6 0.000100598016 0.7410456999999999 0.53234684 1.0 0.65742385
11 0.00010028465 0.26878979999999997 0.21023649 0.29802427 0.2519918
3 0.00010012254999999999 0.12068783 0.18240552 0.57058424 0.5907023
5 9.903894000000001e-05 0.0 0.41380915 0.1354764 0.49977404
9 9.8355435e-05 0.051811895999999996 0.36768094 0.15086370000000002 0.5420647
1 9.661865e-05 0.14896157 0.24007379999999998 0.20485482 0.27201664
6 9.640305000000001e-05 0.0 0.33955019999999997 0.19850463 0.4793519
10 9.550353600000001e-05 0.03729068 0.3062047 0.13437739999999998 0.44439888
3 9.432460999999999e-05 0.22336543 0.22511509999999998 0.29158342 0.26718658
6 9.4006755e-05 0.72774005 0.5065434 1.0 0.6171625
6 9.322028e-05 0.0 0.369218 0.21940838 0.5206507
1 9.094228e-05 0.31861806 0.21190608 0.37875128 0.2492915
8 8.9053705e-05 0.23632888 0.21246438 0.28270683 0.25761047
9 8.629738999999999e-05 0.32055438 0.20653588 0.37891465 0.2533138
3 8.212309999999999e-05 0.24687353 0.22861035 0.6140161999999999 0.90513974
11 8.161509e-05 0.32750338 0.20131034 0.3678229 0.2529339
9 8.1230755e-05 0.017222077 0.23107335 0.04631614 0.28304735
5 7.986647e-05 0.043834418 0.42436999999999997 0.30054948 0.98485816
2 7.98486e-05 0.22714403 0.19984832 0.28208104 0.24272779
11 7.9599755e-05 0.34531692 0.19596034 0.38468894 0.25549257
10 7.862684000000001e-05 0.26120642 0.21001871 0.31339458 0.24530661
5 7.685261999999999e-05 0.038288712999999995 0.39512372 0.3027362 0.75808734
1 7.52055e-05 0.0 0.23542832 0.36204246 0.870949
13 7.420694e-05 0.0 0.21074244 0.13975894 0.6238893
9 7.352751e-05 0.3354317 0.20756865 0.39717716 0.24991111
2 7.3084215e-05 0.16325195 0.17419125 0.36472577 0.30687976
12 7.277049e-05 0.023221165 0.3467634 0.16744015 0.47205657
10 7.236093e-05 0.34245276 0.19896236 0.39673823 0.25311393
4 7.23472e-05 0.061023254000000006 0.38471618 0.18600266 0.53233236
12 7.174049e-05 0.025823057000000003 0.3166237 0.15509196 0.44282773
8 7.153816e-05 0.5068484999999999 0.17881896 0.7853791 0.8283408000000001
13 7.065332e-05 0.0 0.0 0.51858646 0.6269935999999999
9 6.7099034e-05 0.16360125 0.23485939 0.21799889 0.27795749999999997
13 6.594914000000001e-05 0.4773987 0.12653866 0.903804 1.0
