3 0.9268178 0.12282942 0.7990991 0.59159 1.0
3 0.8948341999999999 0.8206220999999999 0.6028763 0.91677976 0.6694941
3 0.8701999 0.6045891 0.63340366 0.7152598000000001 0.69028693
3 0.43050656 0.052915335 0.67426664 0.11584601 0.7155053000000001
8 0.41695297 0.043372877000000004 0.66569424 0.13516589999999998 0.7219473000000001
3 0.3136228 0.74257386 0.6128486 0.8230649 0.6679153
8 0.21759139 0.09607428 0.65609884 0.16651604 0.70153296
8 0.21678643 0.72588515 0.6127495 0.82516 0.6744011
3 0.120992415 0.10706262 0.6586946 0.1606649 0.69376594
3 0.086711 0.8468456 0.5934656999999999 0.9382591 0.6572938
3 0.070431806 0.885008 0.59111047 0.9498291999999999 0.652778
8 0.068373136 0.89135504 0.57633203 0.95558786 0.6718742
3 0.060308787999999995 0.107941836 0.71223843 0.67550313 1.0
3 0.055791705999999996 0.80637145 0.6063039000000001 0.89027584 0.6709109000000001
8 0.050521195 0.66949344 0.02673268 0.9192214 0.31124827
8 0.033596836 0.05885746 0.6592684 0.13993566 0.70638067
8 0.026891812999999997 0.8701406999999999 0.5803508000000001 0.94636345 0.6613332
8 0.022636902999999996 0.82264084 0.5936600999999999 0.9192439 0.66558146
3 0.017629603 0.24452747 0.79792744 0.7007165 1.0
3 0.016430065 0.6879662 0.043092698 0.98868537 0.35644653
3 0.014196376 0.7609956999999999 0.60251385 0.822642 0.6497715000000001
8 0.011119338999999999 0.06988371 0.65878314 0.1567139 0.7203235
3 0.007183642 0.069418356 0.6592993 0.13456742 0.6984515
8 0.0070951455 0.78584695 0.18494736 0.9304311 0.5915305000000001
8 0.006922101 0.7019681999999999 0.10059687 0.9109379000000001 0.42053047
8 0.006755250500000001 0.74925137 0.6011714 0.815887 0.6557655
8 0.006284945 0.60157967 0.63286227 0.7086096 0.6918612
8 0.0061973882999999995 0.80936015 0.59694415 0.89733124 0.659301
3 0.0058091003 0.9135336 0.56819195 0.9552521 0.65470845
3 0.0050935824 0.80992764 0.59556985 0.8805 0.6493359999999999
3 0.004707091 0.60263395 0.6226044 0.6963170999999999 0.6740957
8 0.004545938 0.043554395 0.67034245 0.5729128000000001 0.9945255
13 0.004071053 0.1558133 0.8461261999999998 0.52541137 1.0
8 0.0039670733 0.030257165 0.74387497 0.18552293 0.86534655
8 0.0039662383 0.7330754 0.5828767 0.9049504999999999 0.69434917
8 0.0038715967 0.11553366 0.6553757 0.17213589999999998 0.69604504
13 0.0038364988 0.63698405 0.0 0.9706802999999999 0.35668775
13 0.0035658858000000002 0.7421249 0.61521244 0.82038736 0.6768361999999999
8 0.0029233398 0.65045154 0.14388104 0.8868835999999999 0.5791866999999999
8 0.0026210563 0.7152446 0.6160451 0.78910905 0.6710628000000001
13 0.0025775693 0.04367996 0.6744485 0.11052539 0.7214881999999999
13 0.0022576426 0.8312799000000001 0.6143544 0.9225136999999999 0.67964685
8 0.0019683705 0.52800596 0.09439785 0.86952305 0.5131068
3 0.0019464677 0.12110006 0.65693337 0.17330834 0.6918146
3 0.0019368564000000002 0.10018764 0.6684625 0.15970968 0.70790005
13 0.0018881632 0.8641908000000001 0.5989108 0.95281744 0.6557191
8 0.0018592543 0.7961253 0.56695354 0.9492769 0.68484586
13 0.0018294110999999998 0.8266368000000001 0.5883676999999999 0.9233124 0.67128545
13 0.0017657814999999999 0.62707776 0.6290594 0.71355206 0.6911664000000001
3 0.0017614570000000001 0.7783594 0.060195312 0.9778744 0.25774956
13 0.0017140994 0.59882504 0.64743197 0.6776045999999999 0.70755094
3 0.0016358951 0.63805044 0.6242689 0.72455084 0.67590064
13 0.0016252743 0.71073604 0.0 0.9898528 0.44978404
13 0.0014469541000000001 0.10693075 0.6556609999999999 0.16351329 0.7029236999999999
3 0.0014455885 0.07790552 0.6689831999999999 0.14741203 0.7115531
13 0.0014174777 0.8924053 0.5945071999999999 0.9497535 0.6730891999999999
13 0.0013238216 0.6273338 0.6525586999999999 0.71303374 0.7073388
8 0.0013021259 0.7965658 0.067467734 0.9326761999999998 0.21179985
13 0.001242017 0.057266384000000004 0.67261684 0.1367668 0.7302481
8 0.0012264204 0.038351199999999995 0.64329535 0.2744534 0.8867116
8 0.0011980066 0.016408429 0.6538244000000001 0.18341945 0.8979948
3 0.0011941809 0.7267481 0.06687922 0.96266663 0.49670410000000004
13 0.0011905113 0.76016843 0.035995465 0.9585686 0.23037685
8 0.0011506097 0.77930444 0.14281234 0.92678255 0.39378408
8 0.0011016781 0.08075155 0.60499203 0.5071064000000001 0.9481783000000001
13 0.0010922173 0.8097761 0.6140926999999999 0.89763945 0.6802022
2 0.0010679854 0.7484698000000001 0.6074403 0.8311267 0.6663759
9 0.0010227519 0.8464556000000001 0.59624577 0.93086934 0.6507
8 0.0010204209 0.6115484999999999 0.24033631 0.8554786 0.9044460999999999
10 0.0009897831 0.7626763000000001 0.5998293 0.8350304000000001 0.6762038
11 0.0009837495 0.7755463 0.60601604 0.8251265 0.6780924
7 0.0009742898 0.8332421999999998 0.5788941 0.9259521999999999 0.6640361
7 0.000917128 0.8288678 0.6011078000000001 0.9249511 0.6867289000000001
13 0.0009148477999999999 0.8053993 0.5948023 0.8918381999999999 0.66898537
5 0.00089673523 0.01673901 0.6883863 0.11310646 0.7223613
1 0.0008946521 0.74792427 0.6317446 0.8188167 0.6769009
11 0.00087427476 0.75925595 0.6050746 0.80694205 0.6811362
2 0.00086889847 0.058326672999999996 0.66851556 0.13253452 0.72049236
9 0.0008676372000000001 0.72500294 0.029179025 1.0 0.34667122
11 0.0008610855 0.05763279599999999 0.6626903000000001 0.10017315 0.7370449
8 0.0008361739500000001 0.80394864 0.59265983 0.8695724 0.671554
7 0.00080549077 0.6153395 0.61296993 0.69793546 0.68923557
8 0.00080505246 0.13005129999999998 0.7572012 0.5222726 0.99927336
3 0.00080360053 0.77295905 0.6126129 0.8598779000000001 0.66813105
3 0.0008028784 0.58982193 0.64206535 0.67078805 0.68969333
9 0.0008014518 0.76199657 0.623429 0.83684987 0.6697847
9 0.0007943128999999999 0.62755287 0.6229732 0.70358217 0.6771256999999999
11 0.0007942876 0.6378208000000001 0.6160638 0.6890575 0.6719083
13 0.0007896294 0.0920637 0.66056204 0.14916316 0.7053088000000001
8 0.0007595874000000001 0.08002198 0.81266487 0.45855379999999996 0.9891346
11 0.00071605295 0.84240186 0.6035793 0.89899516 0.6832520000000001
11 0.0007055017 0.8269199 0.60548896 0.883548 0.6849699
2 0.00070096774 0.05145626 0.6730632 0.1176483 0.71440566
12 0.00067482545 0.6230898 0.6108785 0.70840466 0.67761
2 0.00067337806 0.84668374 0.5780295999999999 0.92715 0.638947
7 0.00066247553 0.74031425 0.60605496 0.8296174999999999 0.6843011
13 0.0006515022 0.47788906 0.0 0.95324874 0.5543924
1 0.0006489219 0.8294745000000001 0.60015684 0.9142423000000001 0.65415823
13 0.0006366521 0.8298781 0.58616275 0.8958856 0.69090426
4 0.000636621 0.7611993 0.6070107 0.8304226 0.68235683
11 0.0006194643 0.8593950999999999 0.58806115 0.90718883 0.6566311
6 0.000616374 0.82726425 0.6186744000000001 0.9501018 0.67528796
6 0.000612759 0.7349744 0.619677 0.8539573 0.67527854
10 0.0006012714599999999 0.74668336 0.6040972 0.81779087 0.6714144000000001
8 0.0005904627 0.7992458 0.27774438 0.9438191999999999 0.87829536
10 0.0005895388300000001 0.8441943999999999 0.6026125 0.9265239 0.6758564
11 0.00054980797 0.6104085 0.62935996 0.6671218000000001 0.70539975
1 0.0005470621 0.79732853 0.599023 0.88024753 0.6465516
12 0.0005399867700000001 0.8383796 0.576631 0.93453 0.65108156
13 0.0005356897 0.026296198 0.70806706 0.6498185000000001 1.0
11 0.0005313043 0.07232306 0.6591768 0.119417556 0.7398931
9 0.0005296212 0.068159625 0.6811654 0.13061209 0.7236971
7 0.00052399415 0.79632705 0.60059977 0.8950632 0.68978995
3 0.0005157855 0.8185420999999999 0.5742349 0.94276845 0.66643345
5 0.0005052855999999999 0.7236239999999999 0.62793016 0.8390533000000001 0.67822975
11 0.0005023558599999999 0.86370015 0.60544056 0.91495824 0.68066394
13 0.00050092733 0.21057710000000002 0.81488574 0.5790801 1.0
6 0.0004992708599999999 0.8202511 0.5864335999999999 0.9472480999999999 0.6545429
7 0.0004991998 0.60818887 0.6326153 0.70727706 0.71390575
11 0.0004922609 0.64022416 0.6272679 0.69812876 0.70596397
9 0.0004895209 0.7477269 0.6233586999999999 0.81532264 0.6691385
13 0.00048804050000000003 0.88975686 0.5886989 0.9678995000000001 0.65301216
7 0.00047924800000000004 0.6228071 0.0 1.0 0.32208574
1 0.0004767355 0.6110089 0.6269686 0.69807684 0.6735222
10 0.00047515458 0.8403044 0.5751312 0.92419815 0.6478595
12 0.00046991004 0.25841564 0.78970426 0.5406274 0.99537486
10 0.00046972994000000004 0.6302787 0.60910004 0.7058512 0.6732875
10 0.00046650314000000004 0.09145746 0.65982443 0.15455696 0.7248933000000001
8 0.00046321072 0.7076204 0.28813934 0.9037956 0.8751800999999999
2 0.0004484947 0.83700293 0.6079220000000001 0.92186576 0.6682373
7 0.00044627085999999995 0.79787517 0.5839214 0.889539 0.66106087
3 0.0004440077 0.90150934 0.5906326 0.9542596 0.66792965
8 0.00043903792 0.066012725 0.42110798 0.39234245 0.8626495999999999
13 0.00043740635999999996 0.29149395 0.82012135 0.69863486 1.0
11 0.00043530093000000003 0.8287921999999999 0.5850683000000001 0.8753396000000001 0.65259314
11 0.0004350802 0.09152819999999999 0.6553969000000001 0.13899317 0.73865175
4 0.00042159230000000003 0.8435273000000001 0.5933923000000001 0.92841065 0.6777396
5 0.00042096822 0.61135787 0.6321922 0.7059806 0.68304014
12 0.00041550066 0.6847099 0.0 1.0 0.25988162
5 0.00041135147000000003 0.5450911 0.090120114 0.9785280999999999 0.30323356
3 0.00041044623 0.7244435 0.61434233 0.79716283 0.67261654
13 0.0004103707 0.71722496 0.6158680999999999 0.7945765 0.67065436
3 0.00040485314 0.078220434 0.7288197 0.19759813 0.8554311
12 0.0004021928 0.75224286 0.6174913000000001 0.8394832 0.6713208
1 0.00039850873999999997 0.84255046 0.62907815 0.9208521000000001 0.67894274
11 0.00039607479 0.8459542999999999 0.55832887 0.88859904 0.6710583999999999
3 0.00038776205999999997 0.5647159 0.099957116 0.972675 0.53663534
11 0.00038334904999999997 0.123004735 0.64266837 0.16355386 0.6990229
5 0.00038023379999999995 0.090378284 0.6686479999999999 0.17910463 0.7018389
9 0.0003790063 0.05592806 0.6823275 0.10972022 0.7226744
5 0.00037839883999999996 0.80736315 0.6188741999999999 0.9143468000000001 0.68016475
7 0.00037783777 0.86673146 0.5779565999999999 0.9503604999999999 0.66142946
5 0.00037730692 0.5857117 0.6513426999999999 0.6787003 0.70191985
1 0.00037472535 0.08012251599999999 0.65893227 0.1430835 0.6920229
12 0.00037462074999999997 0.85067177 0.60919183 0.93352437 0.66981137
6 0.00037420104 0.85282004 0.5873189999999999 0.9717343 0.6502524000000001
8 0.00037276454 0.026135936000000002 0.4725944 0.1917025 0.90696293
1 0.0003716075 0.083140194 0.8602411 0.49427754 0.99753594
13 0.0003708188 0.7496946999999999 0.60295796 0.812886 0.65748876
9 0.00036888139999999997 0.6508908 0.62243253 0.72385037 0.6749480999999999
8 0.00036812203999999997 0.7695744999999999 0.10792449 0.92108345 0.23584326
5 0.00036701682 0.036782477 0.68967205 0.14702936 0.7318973000000001
13 0.00035851160000000004 0.81689566 0.58791494 0.87796956 0.6896247
8 0.0003583646 0.5994866 0.62802434 0.676003 0.6716289000000001
5 0.0003558096 0.6144028 0.65176463 0.71168303 0.7075872
10 0.00035541720000000003 0.69085574 0.0 1.0 0.3279669
1 0.00035516592 0.034248315 0.6895891 0.09583337 0.7229992
1 0.00035150786 0.8228466999999998 0.5906328000000001 0.8862832 0.65991706
9 0.00034923202 0.08154909 0.6803123000000001 0.15055978 0.7234483
7 0.00034873156 0.88397986 0.5645677 0.95394164 0.68681747
9 0.00034611445 0.8577582 0.5919705 0.9113634 0.6679326
1 0.00034306265 0.10104252400000001 0.6615251999999999 0.15847339 0.69353634
11 0.00033679532 0.86322945 0.5611656999999999 0.9043289000000001 0.67089325
11 0.00033679302000000003 0.89665467 0.5761383000000001 0.9402501 0.6586857
9 0.0003364258 0.8186180999999999 0.5959121999999999 0.8932256 0.6530915
1 0.00033063945 0.58665043 0.66133577 0.66347975 0.70071
2 0.00032821888 0.114085495 0.6460806 0.17661 0.69009304
10 0.00032671752999999997 0.07213888 0.6663177 0.13645738 0.72603536
4 0.00032590327 0.06410926 0.6710355 0.13038811 0.7382316
8 0.0003247967 0.7066829000000001 0.6166076 0.76584256 0.67330116
9 0.00031494377999999996 0.11623429 0.66012836 0.17390038 0.6952712
5 0.0003147478 0.80922705 0.60194486 0.9311709999999999 0.6535745
1 0.0003107771 0.6138151999999999 0.07027296 0.934175 0.28858963
2 0.00031039552 0.8733871999999999 0.5774284000000001 0.95924604 0.63792545
10 0.00030892243 0.061607324000000005 0.67629856 0.11807705 0.7227183
12 0.00030675638 0.32959133 0.7823496999999999 0.6141316 0.9889376
11 0.00030657943 0.10675959 0.64140713 0.14568757 0.6998634
4 0.00030636936 0.6438818000000001 0.62869763 0.7199023 0.69738096
3 0.0003049682 0.060369417 0.5957325 0.5498033 0.95808196
8 0.00030219692000000003 0.9121415999999999 0.24851222 0.9852540999999999 0.7848804
12 0.0003007248 0.81626236 0.5800193 0.90250444 0.6477864999999999
6 0.00030037144 0.6342585000000001 0.057951257 1.0 0.32143829999999995
4 0.00029850422000000004 0.084460095 0.6645399999999999 0.14328292 0.7372609999999999
2 0.000295986 0.6222149 0.63342714 0.70912635 0.6936265
10 0.00029497736 0.8226722 0.60846597 0.9118671999999999 0.67445415
6 0.00029469831000000004 0.08274254 0.8408529 0.6476579 0.98596174
4 0.00029242298 0.7448180999999999 0.6086893 0.81390023 0.67858744
9 0.00029164428 0.10239022 0.6595062 0.15753736 0.696567
4 0.00028749337000000003 0.84835523 0.5762453000000001 0.92697626 0.6519888
2 0.00028697556 0.6863233 0.0 1.0 0.31754455
8 0.00028620592999999996 0.57232845 0.59837496 0.73767984 0.7183052
7 0.0002844509 0.5827081999999999 0.63683784 0.67426294 0.7170272
7 0.00028407262000000003 0.10372273 0.64846927 0.16789849999999998 0.70564085
10 0.00028055830000000003 0.6506904 0.63230014 0.72332984 0.6996701
7 0.00027956706 0.046684578 0.6627745 0.12547442 0.73593175
11 0.00027942384 0.6595611 0.6139915 0.7034541999999999 0.67116845
2 0.00027510972 0.8213104999999999 0.58223206 0.9044037 0.6345625
6 0.00027397944 0.7916449000000001 0.5887504 0.91619116 0.65095794
10 0.0002737233 0.12359245 0.6417135 0.17630126 0.6942158
9 0.00027116807 0.8495725000000001 0.61632544 0.93549114 0.6697771
1 0.00026729932999999996 0.6330995 0.6300933000000001 0.711458 0.67525685
4 0.0002653987 0.62550354 0.6089621999999999 0.7115078 0.669884
11 0.0002648433 0.91143584 0.5503819999999999 0.94913316 0.68595356
11 0.00026462498 0.6621216 0.6289748000000001 0.7101696 0.70150757
7 0.00025349326 0.16326262 0.80920005 0.58294296 1.0
8 0.00025332349999999997 0.040831692999999995 0.27982566 0.28644335 0.9376375
3 0.00025202419999999996 0.59444773 0.6271741 0.65440345 0.66836435
6 0.00025128067 0.6055313 0.6126238 0.7282116999999999 0.67759264
11 0.00025000595000000003 0.8805991 0.5798116 0.9288141 0.6543093000000001
9 0.00024987917 0.9052628 0.5852813 0.9603436 0.6616171999999999
1 0.00024627072999999994 0.62341976 0.6594245 0.7044001999999999 0.7053745
10 0.00024605202 0.86182445 0.5696859999999999 0.9401118 0.647438
7 0.00024414327 0.8349610999999999 0.5620596999999999 0.90553147 0.6939025
10 0.00024132415 0.60708946 0.64818376 0.6839826999999999 0.6986433000000001
1 0.00023824787 0.8068281 0.6286254 0.88934296 0.67661214
6 0.00023436267000000004 0.58198583 0.64798015 0.70757306 0.6983228
8 0.00023368519 0.046370447 0.68989414 0.17512485 0.8434159999999999
10 0.0002329691 0.76135695 0.0 0.9771105 0.39067906
5 0.00023189419999999997 0.7906123 0.603781 0.89360803 0.6501385999999999
1 0.00023148191000000004 0.64427495 0.65890986 0.71984303 0.70316666
2 0.00023092458 0.629031 0.61132574 0.71144336 0.6681906
9 0.00022957627 0.8402921999999998 0.58913577 0.89452577 0.67377365
6 0.00022797319 0.03217201 0.6845868 0.13750724 0.7250051
3 0.00022543862000000002 0.7336943 0.594305 0.86983395 0.6795145
1 0.00022264586 0.86606026 0.6000267 0.9377667 0.64745325
9 0.00022206694 0.8832828000000001 0.59047186 0.96329844 0.64488375
4 0.00021450882 0.7763965 0.047235433 1.0 0.32404953
6 0.00021310213 0.6113869000000001 0.64495295 0.73042357 0.7039285
5 0.00021244635 0.8345874 0.6074477 0.9109549000000001 0.6851043000000001
1 0.0002095255 0.80448943 0.59269893 0.868756 0.65869904
12 0.0002078812 0.84755504 0.56261575 0.90923965 0.66578627
10 0.00020669903 0.7845603 0.59661114 0.8491796 0.6815994000000001
11 0.00020510289 0.7449465999999999 0.61238915 0.7895378000000001 0.67991024
13 0.00020472385 0.018796504 0.7162016 0.22596319 0.85108346
12 0.00020259144 0.6513559 0.64320564 0.72630924 0.6979033
8 0.00020010115000000002 0.92806685 0.57769424 0.9768683000000001 0.664067
10 0.00019939631999999998 0.8147965 0.586227 0.8954502000000001 0.64673465
13 0.00019915438000000002 0.76574975 0.09941078 0.97694486 0.25147529999999996
2 0.00019836256999999997 0.815693 0.6082529999999999 0.90072274 0.66304326
11 0.00019673233 0.7394045 0.091726296 0.9422632 0.38197315
8 0.00019656683 0.27142787 0.80004084 0.6064203 1.0
10 0.00019549626 0.8459431000000001 0.5667399999999999 0.8989904000000001 0.669619
10 0.00019533918999999997 0.86376977 0.555344 0.91301966 0.67451924
11 0.00019493714 0.8317574000000001 0.561131 0.87242126 0.67118895
6 0.00019200526999999998 0.058356557 0.68312377 0.15851238 0.72777414
12 0.00018780398999999998 0.10171026 0.64945024 0.17291212 0.69284666
2 0.00018773186999999997 0.60593593 0.63877404 0.68429196 0.68542373
1 0.00018648057000000002 0.06147714 0.6846517 0.12699206 0.7264837
13 0.00018273386000000003 0.053090002000000004 0.6573353 0.11699584 0.7068673000000001
1 0.00017977622 0.047585703 0.6890635 0.10982188 0.728899
7 0.00017700692 0.03970044 0.6685755999999999 0.105248325 0.72977704
13 0.00017571401 0.7965675 0.6033736 0.868136 0.66313094
10 0.00017356554 0.10957428 0.64337575 0.16266476 0.69317
4 0.0001734468 0.121909365 0.6533475999999999 0.17178608 0.70044273
2 0.0001703552 0.8961046 0.56242883 0.96091354 0.6530256999999999
3 0.00016946650000000001 0.7907460999999999 0.5991538000000001 0.85583794 0.6460954000000001
8 0.00016733657999999998 0.5653104999999999 0.16469105 0.80632603 0.8263968
13 0.00016534459999999998 0.79519975 0.58528537 0.94602025 0.7114303000000001
3 0.00016501939 0.6017425999999999 0.6192895 0.74740374 0.7020514
3 0.00016492959999999998 0.7636485 0.5982656999999999 0.9153415000000001 0.6822358000000001
10 0.00016343186000000002 0.73479813 0.61379445 0.80256337 0.66812503
11 0.00015985763000000001 0.8127309 0.6086735 0.86793065 0.68221515
9 0.00015760363 0.63002723 0.6469441 0.70755273 0.69727224
7 0.0001538659 0.08399161 0.6484503 0.15210739 0.70851016
1 0.00015369631000000002 0.74950397 0.6039197 0.8092414000000001 0.63976735
13 0.00015131632 0.8808849 0.6190624 0.95754945 0.6681589
1 0.00015021037 0.88564694 0.5880956999999999 0.94340706 0.6564107
1 0.00014777023 0.7138294 0.6282281 0.78671145 0.67121154
12 0.00014705639999999998 0.7301871999999999 0.06277701 1.0 0.35354906
11 0.00014616506999999999 0.22973536 0.82326555 0.44384903 1.0
13 0.00014368385 0.5970673000000001 0.6302649 0.6667395 0.68566406
8 0.00014140915 0.77302283 0.60098606 0.85139877 0.674417
12 0.0001412008 0.8741314 0.58124536 0.9578205 0.64095277
8 0.00014080571000000001 0.04894226 0.097773716 0.24207804 0.7453413000000001
3 0.0001377615 0.033393368 0.8134624 0.35491306 1.0
5 0.00013754194 0.80392575 0.6089 0.8811046999999999 0.67810756
6 0.00013729029 0.09114127 0.6522285 0.18471839 0.6930554
3 0.00013538607 0.1961618 0.6920034 0.9180741 1.0
13 0.00013521829 0.08687306 0.7370808000000001 0.18134394 0.8175393
13 0.00013486668 0.6208945 0.0 1.0 0.60359114
3 0.00013338473 0.03595473 0.6935658 0.20002098 0.9080862
2 0.0001319239 0.72305834 0.004382601 1.0 0.4334861
10 0.00013185597 0.20409295 0.7998376 0.5449976 0.9933768
9 0.00013092654 0.7683566999999999 0.6042985 0.8318690000000001 0.64666253
4 0.0001307887 0.049449034 0.6750946 0.11041611 0.72886616
13 0.0001297307 0.06682183 0.6550608 0.13306382 0.7080488
8 0.00012938403 0.9528247999999999 0.41007292 0.98615307 0.5051806999999999
8 0.00012924356 0.9071136999999999 0.5971508000000001 0.9579209000000001 0.6759286
6 0.00012732156999999998 0.77990484 0.6202724000000001 0.90758383 0.6712836
10 0.00012639078000000002 0.7953163000000001 0.05433895 0.9672700999999999 0.20326611
