3 0.99577266 0.0 0.5231956 0.10739812 0.61114824
3 0.9813735 0.18977879999999997 0.5200278 0.26199287 0.59987944
8 0.08438402 0.7730156 0.4661501 0.8608899 0.53869414
8 0.07364303 0.19131555 0.5097679 0.270596 0.60335296
8 0.05043362 0.0 0.50262463 0.12089585 0.619296
8 0.015336371000000001 0.011586118500000001 0.51578313 0.10685578 0.6074708000000001
8 0.010419289 0.70290154 0.44063944 0.8674074 0.5773484999999999
8 0.008839833 0.0023107417 0.52998793 0.08329205 0.60743195
8 0.007687535 0.09679776400000001 0.5267001 0.46198148 0.92903495
3 0.005098341 0.63767785 0.46899852 0.6935912 0.5489273
3 0.00509317 0.9677832000000001 0.41718890000000003 1.0 0.49801493
8 0.0048575206 0.042145655 0.5487974 0.23738606 0.86094916
8 0.004759966 0.9606386999999998 0.41610652 1.0 0.49750249999999996
13 0.004126428 0.17495131 0.53929365 0.25990325 0.590492
8 0.0037439 0.6385004 0.47464815 0.68792576 0.5288285
11 0.0033139000000000003 0.1905414 0.52559394 0.24176665 0.5954733
5 0.0032337888 0.15338634 0.54170585 0.26520509999999997 0.5894326999999999
8 0.0031800034999999996 0.6913794 0.27212515 0.94351995 0.8886127
8 0.0026773816999999997 0.7833140000000001 0.4609579000000001 0.86232424 0.5160328
13 0.0024813558 0.01584731 0.5365378000000001 0.12735108 0.60916066
8 0.0024558005 0.06491931 0.5509151 0.33176255 0.89444405
3 0.002117553 0.008056644 0.50685227 0.089299545 0.57922715
13 0.0020210387 0.18047388 0.53483486 0.24256434 0.6127389
8 0.0019935179 0.03434486 0.7092102 0.19177854 0.8151335999999999
13 0.0019907022 0.015086144 0.52498966 0.1358845 0.6674631999999999
13 0.001892029 0.18801571 0.5320071999999999 0.28491658 0.5957751
8 0.001808357 0.18804666 0.5134895 0.24736968 0.58141017
7 0.0017083144 0.16469167 0.5193920999999999 0.24911220000000003 0.60661465
8 0.0017036928 0.06815076 0.6700062 0.39826864 0.9570450999999999
9 0.0016418557999999998 0.19833598 0.5152166 0.26988328 0.56061804
8 0.0015448753 0.013670578999999999 0.6336448 0.20343424 0.87973005
13 0.001516655 0.0037368721999999997 0.5175117 0.0787105 0.62612075
1 0.0014925782000000001 0.17596667 0.54465795 0.24144195 0.5944617
11 0.0014847331 0.0383546 0.44449157 0.13942316 0.6421892
8 0.0014505706 0.041338764 0.30344638 0.22526878 0.97047275
8 0.0013717097 0.09236373 0.29862309 0.42306733 0.8734296
5 0.0013386957999999998 0.1629688 0.53809834 0.23704492 0.6141522
9 0.0012895593 0.024927616 0.5202789000000001 0.13329025 0.6377285
6 0.0012141694 0.17239749999999998 0.5318507 0.26401030000000003 0.59142447
13 0.0011657039 0.18840629 0.5122874 0.26915824 0.58396214
9 0.0011128141 0.18655264 0.5275794 0.25680417 0.5828713000000001
8 0.0011076649 0.0076703280000000006 0.48063046 0.14679329 0.6305982
11 0.0010685246000000002 0.18703872 0.48271725 0.23062816 0.61815727
2 0.0010312425 0.18058503 0.5295310000000001 0.26183847 0.5789455
8 0.0009742112 0.029496484 0.53236586 0.17779070000000002 0.8122446999999999
1 0.0009171928999999999 0.16736853 0.5401771 0.22688979 0.6033546
12 0.0008854069 0.18885237 0.50323915 0.27614087 0.56056136
8 0.0008751456599999999 0.89307934 0.38943940000000005 0.97825354 0.51928395
7 0.0008279427400000001 0.0 0.47129235 0.13903871 0.6803971
7 0.00081722386 0.19287303 0.5039170000000001 0.2643192 0.5772465
9 0.0008158472500000001 0.21619976 0.5016954 0.27070755 0.57378274
12 0.0007778653999999999 0.18772087 0.5283401 0.2605271 0.5834187
8 0.0007727244500000001 0.19546370000000002 0.52930593 0.2488591 0.6054041
8 0.0007501424 0.0444154 0.66076493 0.2929814 0.9136146999999999
4 0.0007436058 0.18500492 0.52415407 0.26094633 0.59454536
5 0.00073419436 0.0 0.5444339 0.13753805 0.6599129
13 0.0007260314299999999 0.63237566 0.47821260000000004 0.69160825 0.53360075
1 0.00069057045 0.0 0.526386 0.11576101 0.6371821999999999
11 0.00068388466 0.19883467 0.5209949 0.25697258 0.59940207
2 0.0006783661 0.20759052 0.50151104 0.2799968 0.5511819
13 0.0006752357000000001 0.017181464 0.52360916 0.105394974 0.62596536
3 0.00067425886 0.026656058 0.5343526 0.11357866 0.6159515999999999
10 0.00067046087 0.16909751 0.52905786 0.25431889999999996 0.58544904
1 0.0006415656 0.18589385 0.5210745 0.2486469 0.5654574
7 0.0006235385700000001 0.18650223 0.51205 0.28815544 0.6097696
8 0.00060161913 0.5894225000000001 0.22540814 0.8866424999999999 0.90232694
4 0.00057121104 0.20718844 0.5043085 0.26931256 0.56332684
3 0.0005682396 0.016982224 0.50871646 0.11107588 0.59620583
5 0.0005566024299999999 0.16654247 0.5273416 0.26843306 0.5636913
9 0.0005444827999999999 0.19872254 0.5078687 0.2494005 0.57910186
13 0.0005284892 0.03849662 0.6683357 0.24179158 0.81033176
4 0.0005172346 0.050858087999999996 0.50637037 0.1373454 0.5965556
11 0.0005081454 0.20917866 0.51452416 0.24600562 0.5664763
12 0.00048485505999999994 0.20109524 0.49645665 0.27072766 0.58310217
3 0.0004754154 0.0022757128 0.5257352 0.07202075 0.59173125
12 0.0004705677 0.0 0.45060414 0.1322405 0.5878645
1 0.00046897970000000003 0.03732257 0.5492786999999999 0.118965924 0.6010174
5 0.00046534897000000006 0.0 0.54297996 0.08181326 0.6765386999999999
8 0.00046471952000000003 0.5129001 0.2411637 0.81472135 0.89194673
7 0.00046394599999999997 0.02619673 0.51142335 0.123815686 0.61109346
12 0.0004638682599999999 0.0 0.47784072 0.1592319 0.62007713
2 0.00044270052 0.014744587 0.46033785 0.16007933 0.6090083000000001
4 0.0004403883 0.041821673999999996 0.49753500000000006 0.15660796 0.64583486
5 0.00043722315000000004 0.0 0.5255784 0.076637685 0.60892206
9 0.00043508052000000005 0.046285797000000004 0.5285741999999999 0.14307931 0.5875778
6 0.00043301525999999996 0.1838524 0.5078645 0.26957038 0.5682847
13 0.00043079918 0.003605917 0.53580695 0.07036332 0.59880084
3 0.00042735887 0.11065599 0.56532073 0.5468682 0.94179684
11 0.00042712069 0.21839169 0.52083087 0.2782393 0.5993088000000001
10 0.00042391816 0.18232821 0.5021956 0.25437750000000003 0.55522794
5 0.00042320913 0.17281795 0.54238915 0.30507168 0.6000705
2 0.00042283803 0.18574786 0.507354 0.24915919 0.5850571
13 0.00041888998 0.013995722 0.594387 0.20222859 0.8446763
9 0.00040951138 0.20233831 0.5285105999999999 0.29972503 0.5840367
2 0.00040213457999999997 0.2027951 0.5227765999999999 0.28746718 0.5823937
1 0.00040098542 0.0 0.54887897 0.05373538 0.6073899
8 0.00040080975 0.05542712 0.6909368 0.18849295 0.8550187
11 0.00038994517 0.009387491 0.48652914 0.058602937 0.6182228
6 0.00038595396 0.020675242 0.52682805 0.15111172 0.6037985
10 0.0003841918 0.04196465 0.5126210999999999 0.124344066 0.58654517
3 0.00037912308 0.052631399999999995 0.63542086 0.24006847 0.91101265
1 0.00037847616 0.20206065 0.5185605 0.26186985 0.58029735
11 0.00037199527 0.2254978 0.48639646 0.26322925 0.5745245
8 0.0003596371 0.7331828 0.4448228 0.93880546 0.9296219000000001
4 0.00035800747000000005 0.21356395 0.51921594 0.298144 0.6033504
12 0.00033989287000000005 0.047322232 0.52773124 0.13726173 0.5953984
7 0.00033894836 0.20387153 0.4775218 0.26750958 0.60841525
11 0.00032819722999999996 0.012395228999999999 0.52503574 0.07005188 0.60187423
11 0.0003266252 0.20627575 0.49497116 0.24408789 0.5808438
13 0.00032655202 0.0044248626 0.5381471999999999 0.08896583 0.66830355
13 0.0003243173 0.199599 0.52109635 0.26941964 0.6184312
5 0.00031603986000000003 0.0 0.5307115 0.10574297 0.5873487
11 0.00030309078 0.019572153999999998 0.44438999999999995 0.089709386 0.6926763000000001
13 0.00029970117999999997 0.008300927 0.5569619 0.10616878 0.6109422
10 0.00029834604 0.046412 0.48952672 0.09497022 0.59890217
1 0.00029723585 0.0 0.4997933 0.109082684 0.5844321
1 0.00028427097 0.18520598 0.54842734 0.26099777 0.6052725999999999
5 0.00028244612999999997 0.0018412247 0.5299222 0.09651947 0.6215006
1 0.00027415813999999997 0.0010789111 0.5536847 0.12937793 0.65920186
1 0.00026847073 0.025929097 0.53834563 0.09465271 0.61318153
11 0.00026371508 0.05957703 0.5194088 0.11242357 0.59737444
2 0.0002614554 0.0066134185 0.48636663 0.19140802 0.6310435999999999
3 0.00025715638 0.06467827 0.69041777 0.23082761 0.82193595
13 0.00025335333 0.0030047296999999996 0.4808554 0.50627404 1.0
9 0.00025003278 0.039126955 0.5136963999999999 0.09881001 0.6043455
9 0.00024770905 0.18564165 0.5201942 0.23152632 0.60701185
8 0.00024410464 0.6265440999999999 0.41931546 0.9186901 0.9564159
12 0.00023770511000000002 0.19342879999999998 0.52559084 0.29730135 0.58449495
4 0.00023489877999999996 0.21866272 0.48723438 0.27622488 0.5842854000000001
1 0.00023067422 0.0 0.5624887 0.07228707 0.6535776
8 0.00022257933999999998 0.010860655 0.5276645999999999 0.07223393 0.5901649
13 0.00022073649 0.7674638 0.47648516 0.8630799000000001 0.5219997000000001
12 0.00022009874 0.039561518 0.51426095 0.10081188 0.60874945
10 0.00021597377999999997 0.21480836 0.47088394 0.26186386 0.5698488
11 0.00021374816000000003 0.049734235 0.48585730000000005 0.09028375 0.61887646
8 0.00021339527999999998 0.05608453 0.2148344 0.30333924 0.8482599000000001
13 0.00021139665 0.0071573555 0.5419803000000001 0.27282268 0.92341006
6 0.00020644143 0.18345568 0.52648526 0.30053478 0.5986011999999999
5 0.00020222331000000003 0.17688479 0.5264848000000001 0.2643461 0.5873646
5 0.00020201993000000003 0.19193028 0.5274787 0.2838837 0.59631145
11 0.00020002939999999998 0.030254897000000003 0.48456243 0.074928224 0.6185155999999999
3 0.00019991638 0.7794448 0.46415028 0.8595754000000001 0.53295743
13 0.0001990726 0.0038820058000000003 0.68853694 0.20383817 0.8141026
13 0.00019691308 0.17052479999999998 0.5165882 0.24116233 0.5800526
10 0.00019148181 0.19621018 0.5162304 0.28606957 0.5862389
9 0.00019011363 0.029528849 0.54592615 0.15699014 0.6496919
8 0.00018786178 0.20345344 0.5241809000000001 0.26805085 0.5909426999999999
2 0.0001872397 0.034677632 0.5133035 0.12693101 0.5943723000000001
13 0.00018605927 0.95387536 0.4231044 0.99904376 0.49862933
8 0.00018489064 0.5699470999999999 0.14028339 0.8344754000000001 0.7000833000000001
10 0.0001837013 0.035935867999999996 0.45644929999999995 0.15010079999999998 0.6426735
3 0.00018100897 0.10573453 0.6750487 0.5051401 0.9664801
6 0.00018082076000000002 0.0 0.52558106 0.10970051 0.5948412
10 0.00017623075 0.21201597 0.49845272 0.27176777 0.55490947
7 0.00017515283 0.010469291 0.542491 0.11293723 0.6294724
11 0.00017445792000000002 0.04856672 0.4531239 0.17410573 0.66425484
1 0.00017050015 0.008081369 0.5466404 0.072945915 0.61390847
12 0.00017002938 0.1850538 0.51337934 0.24597645 0.60097724
5 0.00016639174 0.17782348 0.5417247 0.25957227 0.6190545999999999
8 0.00016541862 0.014409973999999999 0.6751639 0.16099909 0.81015396
10 0.00016467429 0.0644587 0.48011315 0.10748534 0.6059978
8 0.00016236556 0.35264838 0.24223125 0.6597251999999999 0.85226625
7 0.00016223632 0.026711967000000003 0.48986945 0.09584083 0.6388406
3 0.0001618985 0.7850609000000001 0.45682700000000004 0.85738945 0.5103246
7 0.00015778542999999998 0.18697019 0.48191783 0.24934117 0.609112
5 0.00015622456 0.0067910776 0.5354969 0.15249601 0.60341233
10 0.000147608 0.010505423 0.52893364 0.06503253 0.59723157
11 0.00014509833 0.20230913 0.48883387 0.24420679 0.62547123
13 0.00014437255 0.0 0.6415208 0.45118517 0.97052234
10 0.00014293956 0.027229086 0.5080189 0.07915068 0.5959420999999999
13 0.00014072536 0.06246978 0.6459180999999999 0.20909181 0.8406316999999999
1 0.000140715 0.0 0.5196188 0.07399075 0.60983807
1 0.00013963322 0.17407456 0.5175084 0.23347476 0.5587416000000001
10 0.00013841204 0.18505874 0.5168896 0.24351895 0.60757357
8 0.00013714918 0.09667323 0.124599785 0.3452064 0.7351818
12 0.00013628601999999998 0.01933504 0.5061064000000001 0.07988289999999999 0.614503
3 0.00013471802 0.9633434000000001 0.43931746 1.0 0.5065467
8 0.00013218701000000001 0.1580214 0.47343427 0.28726409999999997 0.62199086
13 0.0001306527 0.7652819000000001 0.45376179999999994 0.85337687 0.5031752
8 0.00012929511999999998 0.94696873 0.40057316 0.99144775 0.45347098
5 0.00012467682 0.19155931 0.54255515 0.2806426 0.6300687
1 0.000118729506 0.045280796 0.53644466 0.10656141 0.61029696
10 0.00011754983999999999 0.022520698999999998 0.5613461999999999 0.09516393 0.6174695
9 0.00011670741000000002 0.018504007 0.5383406999999999 0.078975566 0.66227317
10 0.00011662676999999999 0.039879184 0.54730624 0.10814512 0.61802727
5 0.00011606758999999999 0.1883476 0.5247890000000001 0.28665942 0.5689406
3 0.000114342976 0.06404717 0.5802946 0.39400226 0.94277096
13 0.00011344318000000002 0.9404043 0.37898082 0.9981581 0.45489657
4 0.00011291139999999999 0.037275657000000004 0.48906684 0.10740670599999999 0.6115234
2 0.00011264293 0.63731784 0.47168279999999996 0.70852107 0.5215746
4 0.00011077447 0.050954964000000005 0.47671175 0.16514716 0.6084533000000001
4 0.00010986408600000001 0.047253445 0.51783156 0.18411903 0.6765618
2 0.0001075792 0.19334282 0.5054022 0.26326975 0.54870284
6 0.000104535975 0.0 0.49243882 0.16708855 0.64523697
9 0.00010383790499999999 0.21784252 0.5217003 0.27278233 0.59222466
3 0.00010339799000000001 0.7001168000000001 0.33817407 0.9690389000000001 0.89380354
3 0.00010320674499999999 0.084667936 0.397702 0.49913168 0.9339280000000001
3 0.00010233306 0.9526771999999999 0.39935896 1.0 0.46802887
3 0.00010176187 0.72143734 0.45179304 0.8771343 0.5685091999999999
2 0.00010127614 0.21563677 0.47493473 0.27306032 0.5769496999999999
4 0.00010010065999999999 0.060521193 0.47357434 0.113207825 0.6054646
9 9.946711e-05 0.20343535 0.5249246999999999 0.24956413 0.60104686
5 9.648165e-05 0.0 0.66061085 0.45159996 1.0
10 9.634020500000001e-05 0.0019072406 0.53505343 0.08096668 0.58254653
13 9.6229014e-05 0.0007339902000000001 0.52409285 0.057785332 0.6159658
4 9.559224e-05 0.20140746 0.49238459999999995 0.26298812 0.5773319
8 9.4344105e-05 0.48656579999999994 0.13607146 0.77155197 0.68810725
7 9.279489e-05 0.0 0.49816468 0.066146046 0.62645674
11 9.14964e-05 0.22815311 0.5054469 0.26672307 0.5648938
7 9.118311999999999e-05 0.17560005 0.5081669 0.2445589 0.57117075
2 9.019623999999999e-05 0.21150404 0.4974492999999999 0.26767975 0.6015031999999999
3 8.923761999999999e-05 0.9054813 0.41170552 0.9951722 0.52889
11 8.9056746e-05 0.022339866 0.52461004 0.058314099999999994 0.5944804
6 8.806813000000001e-05 0.0 0.5406201999999999 0.2055034 0.6719833000000001
9 8.633234000000001e-05 0.059055845999999995 0.515972 0.11566296 0.5964555
8 8.441114e-05 0.76492876 0.20257656 0.9350681999999999 0.7304596999999999
11 8.430832e-05 0.1974306 0.5113763 0.22973205 0.56453
3 7.959058000000002e-05 0.54143167 0.3062978 0.87203956 0.94683915
11 7.919439e-05 0.04522185 0.5708156999999999 0.17140187 0.95602125
10 7.897156e-05 0.19164424 0.48574457 0.2482302 0.5722274
6 7.835841e-05 0.0 0.55664325 0.124574825 0.61304444
13 7.586693e-05 0.020328876 0.5522348000000001 0.09497702 0.6324456
11 7.526663000000001e-05 0.96901363 0.40497437 0.99105936 0.5098076
1 7.525709e-05 0.0 0.52479863 0.41605806 0.89104754
8 7.501517e-05 0.02658961 0.5386835999999999 0.094841935 0.60285574
4 7.489614999999999e-05 0.013632607 0.53164566 0.10162066 0.62389725
3 7.399324000000001e-05 0.039734885 0.5140424 0.12768331 0.6057779000000001
9 7.38708e-05 0.037338797 0.55384624 0.12408274400000001 0.6067908000000001
3 7.356021e-05 0.032078683 0.44239822 0.22842902 0.9122078000000001
8 7.211154e-05 0.32029918 0.21388339999999997 0.5699616999999999 0.81216556
11 7.148585e-05 0.033551168 0.52364564 0.09571293 0.6033206
2 7.139053e-05 0.013207421 0.5005506 0.10778914 0.619103
6 7.006088000000001e-05 0.19024912 0.4865134 0.27997333 0.58654714
11 6.978239e-05 0.036532953 0.5484708 0.09482156 0.6358159999999999
9 6.974822e-05 0.79222554 0.48477864 0.86889964 0.5300241
9 6.910306e-05 0.020938762 0.5571531999999999 0.10576459 0.61120164
13 6.9000314e-05 0.0047052503 0.20000710000000002 0.44605792 1.0
12 6.782272e-05 0.19883148 0.5217092000000001 0.27425244 0.5977119000000001
13 6.596948e-05 0.0 0.6701783 0.21372616 0.90171295
6 6.475441e-05 0.015209265 0.50694424 0.11987568 0.6171854
3 6.465291e-05 0.36489314 0.31380635 0.7415394000000001 0.9730242
3 6.246151999999999e-05 0.20141545 0.82821214 0.7780328000000001 1.0
13 6.231734e-05 0.5661435 0.0 0.9528533000000001 0.7794051
12 6.225885e-05 0.01162301 0.51443684 0.102188535 0.6451439
8 6.1017152e-05 0.026235177999999998 0.17216761 0.17484891 0.8375863000000001
7 6.0863913e-05 0.6286464 0.47746593 0.703581 0.53808475
4 6.0480266000000005e-05 0.21455522 0.50219077 0.27669215 0.6215528
5 6.0217215e-05 0.0 0.53278476 0.06834197 0.58897847
1 5.9969876000000004e-05 0.00015856511999999998 0.5540844 0.05451467 0.5956219
10 5.8071855e-05 0.022780652999999998 0.48459620000000003 0.0993036 0.62795573
10 5.6419386999999995e-05 0.013751261 0.53953505 0.061234555999999996 0.58284557
8 5.6391527e-05 0.68636984 0.15058161 0.8970129000000001 0.7056677
12 5.6198816e-05 0.002383761 0.48088739999999996 0.09169958 0.6250941
6 5.555814e-05 0.0 0.5443014 0.11548072 0.67005277
13 5.4932694e-05 0.66996396 0.080855444 0.96344936 0.96131885
9 5.3290204999999994e-05 0.06998472 0.49599799999999994 0.48570228 1.0
3 5.289654000000001e-05 0.5597438 0.22055057 0.8880314 0.7300124
2 5.1236859999999994e-05 0.20270705 0.48036954 0.26257524 0.56020796
8 5.1206393e-05 0.024824053 0.42756695 0.15964612 0.84047157
6 5.1004659999999994e-05 0.64610845 0.49237174 0.7137273000000001 0.53345937
10 5.0979709999999996e-05 0.02704632 0.5044456 0.11150049 0.66972005
13 4.894227e-05 0.43859719999999996 0.015114563000000001 0.80947447 0.7863262
13 4.8640874999999995e-05 0.34601206 0.052226547000000005 0.7395316 1.0
8 4.8450478e-05 0.00818287 0.5092809 0.060716346 0.60533905
12 4.827394e-05 0.028455004 0.524567 0.07615684 0.5954331
11 4.7353296e-05 0.052104622 0.5442104999999999 0.10395235 0.63076687
8 4.687199000000001e-05 0.18387395 0.21093333 0.43688279999999996 0.7678946999999999
13 4.6869340000000005e-05 0.013517618 0.27436042 0.28785783 1.0
2 4.6353954999999994e-05 0.039296232 0.49502116 0.097165875 0.6005446
8 4.6236655e-05 0.42337668 0.2284074 0.7405262 0.8436298000000001
9 4.5172696e-05 0.0010715127 0.5263609 0.08170635 0.59382725
9 4.460590999999999e-05 0.015587792 0.51726425 0.077636436 0.61850804
5 4.459861e-05 0.03690241 0.54299325 0.1262326 0.63377094
6 4.4578108e-05 0.0 0.5352422 0.08905861 0.5836363
3 4.452307300000001e-05 0.007314507 0.5082334 0.07217789 0.5522229999999999
1 4.3687756e-05 0.9515943000000001 0.42820109999999995 0.9921984 0.4839388
9 4.302792e-05 0.65474486 0.48725948 0.7139199 0.53283155
8 4.2714713e-05 0.009051155 0.5071364 0.086805895 0.5809369000000001
4 4.187831e-05 0.17977773 0.5148547 0.2460966 0.6075225999999999
12 4.1392133e-05 0.6464209 0.48038876 0.7161543 0.51544565
10 4.139028e-05 0.7986068000000001 0.46803713 0.8632868 0.5258741
8 4.1364997999999996e-05 0.40384454 0.1612087 0.6829166999999999 0.7113132
1 4.0967020000000004e-05 0.63632673 0.4952067 0.6932669 0.53337115
13 4.0827304e-05 0.18225479999999997 0.55845886 0.26678726 0.60323125
10 4.0734223e-05 0.042146005 0.57591 0.20798263 0.8490331
5 4.0432118e-05 0.0 0.560443 0.115663245 0.6183291
11 4.0111154000000004e-05 0.08616163 0.4455661 0.2510056 1.0
8 3.9574883e-05 0.52559495 0.67419374 0.9570066999999999 0.97877
13 3.9317233999999997e-05 0.71155536 0.44043109999999996 0.8833424000000001 0.5707055
3 3.9234445e-05 0.07903359 0.66118217 0.21925768 0.86714274
8 3.832184e-05 0.34957350000000004 0.17428192 0.62106496 0.6653698
10 3.7028873e-05 0.6431209 0.47108720000000004 0.7096523 0.53132343
4 3.7020738e-05 0.0034709796 0.5199286 0.10406030000000001 0.5946570999999999
9 3.6237729999999996e-05 0.041243754 0.5105895 0.19107020000000002 0.62900037
8 3.5910056e-05 0.040842168 0.12422375 0.21532851 0.64018905
10 3.4918146e-05 0.05387552 0.46588728 0.185975 0.68475306
10 3.392639e-05 0.21730205 0.48419562 0.27092335 0.603296
8 3.3753022e-05 0.015594095 0.42989793 0.20558096 0.69423854
8 3.3418124e-05 0.18440285 0.5233677999999999 0.23008472 0.5914871
9 3.2756823e-05 0.7972855 0.46287829999999996 0.8638106 0.5026177
