3 0.9871588 0.64600855 0.68374753 0.7327743 0.7236448
3 0.9824508 0.84276366 0.6377353 0.9445888000000001 0.7053805999999999
8 0.9799476999999999 0.45914707 0.641658 0.53201234 0.7170999
3 0.8249896000000001 0.07054642 0.7161624 0.12922229 0.7523685999999999
3 0.6525258 0.16193037 0.8513278000000001 0.56938493 1.0
8 0.49746016 0.20000176 0.6738659 0.2609089 0.7211261999999999
3 0.28907368 0.20650877 0.6759982 0.25391364 0.7211989000000001
3 0.2395896 0.07934958 0.7111096 0.14243041 0.75005
8 0.19921012 0.045183882 0.7977513 0.18241937 0.93719167
3 0.19169879999999997 0.7677321 0.65171504 0.844526 0.69863296
8 0.10317386 0.7860656 0.116703056 0.9554166999999999 0.35091358
8 0.07488475 0.06927383 0.70603603 0.15635206 0.7542451
3 0.07124793 0.85510904 0.62467515 0.9493110999999999 0.6886451
3 0.050583046 0.10787962400000001 0.7055062 0.1668699 0.74446565
8 0.04531911 0.035236076 0.72866696 0.17945921 0.9608005
8 0.044302188 0.1020656 0.699494 0.17828983 0.7522876000000001
8 0.04170351 0.69431114 0.09733945 0.9305068000000001 0.34005365
8 0.032513656 0.75586164 0.6503024000000001 0.8442291999999999 0.7031366
3 0.027808644 0.8852351999999999 0.6260173000000001 0.96089077 0.68170017
3 0.021448411 0.4708974 0.6545397 0.5196452 0.71508765
3 0.020084068 0.78472877 0.061865695 0.98847604 0.41842568
3 0.019731069 0.29700595 0.8911311 0.570198 1.0
8 0.01430298 0.84653646 0.6294702 0.9306969 0.70749944
3 0.013383726 0.7005628 0.09161744 0.9726575999999999 0.40487263
8 0.010970488 0.87327045 0.62051606 0.9522886999999999 0.68733996
8 0.009640848 0.08913413 0.68181366 0.60566795 0.9768563
3 0.009306987 0.832997 0.6343369000000001 0.9167488000000001 0.7005319000000001
13 0.0071618487 0.78525925 0.047454885999999995 0.9944124 0.41875038
8 0.006646226 0.05021839 0.6893313 0.29245679999999996 0.966199
3 0.006380846999999999 0.877343 0.63211584 0.95280915 0.70132405
8 0.0057234652000000006 0.63993967 0.6790751 0.72674346 0.7218157
13 0.005622136999999999 0.6898319 0.0 0.9867107 0.45518658
8 0.005562209499999999 0.025743097000000003 0.47457924 0.18388596 0.9286760000000001
3 0.0050367443 0.9075791 0.62333363 0.96326274 0.68989456
8 0.0049159057 0.89896697 0.61415696 0.9592523999999999 0.7028989999999999
13 0.004755883 0.6673348000000001 0.68013906 0.74183345 0.7387519
3 0.004729056 0.16506758 0.7123643 0.70553434 0.98736274
8 0.004635068 0.06826809 0.77624696 0.20699006 0.8955982
8 0.0035214120000000002 0.8341313 0.6027092 0.9585541999999999 0.72557485
13 0.0026871893 0.20463199999999998 0.6798854 0.25698772 0.7249614000000001
8 0.0026599613 0.7701998000000001 0.1259718 0.9266616 0.4588294
3 0.0022334235 0.7923256 0.09824852 0.9821124 0.3044053
8 0.0020647875 0.79195523 0.12004255 0.9442306999999999 0.26258615
8 0.0019762504000000003 0.08632609 0.81126016 0.17056137 0.8650964
3 0.001950229 0.83444417 0.62520146 0.91021216 0.6692929
8 0.001916428 0.7344815 0.61708385 0.9108332 0.7290601999999999
2 0.001884936 0.20410004 0.6705042 0.27030116 0.71562433
3 0.0018707623 0.06826001400000001 0.77731115 0.2080698 0.9340141
13 0.0018379485999999998 0.82105964 0.64589185 0.92200345 0.7142849
13 0.0018218857 0.639389 0.6810526 0.70434314 0.7342579
13 0.0017969228 0.08388895 0.6999314999999999 0.1494208 0.76305056
13 0.00179237 0.7846829000000001 0.10594579 0.97695893 0.28391105
8 0.001728511 0.07550967 0.43127522 0.35345054 0.89235586
8 0.0017284795000000002 0.522333 0.11292815 0.8655484 0.5552364000000001
13 0.0016329432999999999 0.0 0.80207056 0.22537899 0.9010828000000002
8 0.001632229 0.7939965999999999 0.1939764 0.9378966000000001 0.53044844
13 0.0015365632 0.6289366 0.07118932 0.9621158000000001 0.40897724
13 0.0015127760999999998 0.08338101 0.8094078 0.19826047 0.8592995999999999
8 0.0014488432 0.029967196 0.79398066 0.22770488 0.978066
13 0.0014321429999999999 0.06673957400000001 0.70805323 0.12033145 0.76108885
8 0.0014181484 0.95834106 0.58703315 0.98673564 0.7025986
3 0.0013701495000000001 0.84532607 0.61962795 0.9645777 0.7186501000000001
13 0.0013124734 0.2065627 0.8845183000000001 0.5603260999999999 1.0
8 0.001285592 0.70120794 0.16792692 0.9088138000000001 0.55662966
8 0.0011771569 0.83110386 0.6269216 0.9192309000000001 0.68234545
13 0.0011760892999999998 0.45279235 0.6776673000000001 0.53126466 0.7103
8 0.0011725475 0.15034835 0.8300649999999999 0.53219867 1.0
13 0.0011586978 0.8784976000000001 0.6256666999999999 0.9629340000000001 0.69183034
9 0.0011157434 0.84952325 0.090579465 1.0 0.4133428
11 0.0010693211 0.83863837 0.6317611999999999 0.89348537 0.71552444
13 0.001053879 0.8457540000000001 0.6338457 0.91219413 0.7374145999999999
8 0.0010538718 0.60810375 0.2446655 0.87110245 0.88367057
13 0.0010243063 0.76486635 0.6501003000000001 0.83402264 0.7080249
8 0.0010235844999999999 0.6803196 0.22785473 0.89373225 0.8128993
13 0.0009792267 0.866448 0.64381236 0.96457416 0.7079518
13 0.0009392088400000001 0.35550240000000005 0.91721076 0.52991885 1.0
8 0.0008582764 0.61171734 0.17849210000000001 0.8751571 0.65654135
11 0.0007926697 0.21692358 0.67034733 0.25599328 0.7315434000000001
13 0.00076567393 0.10731210000000001 0.70645446 0.16411741 0.7557805999999999
3 0.00076518685 0.76694643 0.09805746 0.95002985 0.57027376
11 0.00075978745 0.8579505999999999 0.60086685 0.90257794 0.7389355
10 0.0007400481 0.8303174000000001 0.04105598 1.0 0.41306853
5 0.0007398762 0.18336958 0.6888751000000001 0.26721653 0.7235805999999999
7 0.00073608034 0.76788825 0.06042627 0.98622996 0.416911
2 0.0007285367 0.110451326 0.700584 0.17665665 0.7426666000000001
7 0.0007205202000000001 0.19541007 0.670636 0.26361245 0.732933
13 0.0007186095 0.84153914 0.62229425 0.93263614 0.7018681
5 0.00070123444 0.8368108 0.6462191999999999 0.9108269 0.73281425
9 0.0006546464 0.73706186 0.03974968 1.0 0.35276613
3 0.000648044 0.26491907 0.84011126 0.6555510999999999 1.0
2 0.0006447042 0.092377394 0.6984800999999999 0.15428999 0.74680793
1 0.0006309502 0.7821773 0.17228682 0.9564513000000001 0.3807182
11 0.00062992837 0.6479121999999999 0.6693259 0.6908478 0.7304941999999999
9 0.0006072934 0.47403342 0.6524287 0.565381 0.6983708000000001
8 0.00059478654 0.029725045 0.6173614000000001 0.22391966 0.94587415
11 0.0005910919000000001 0.87637955 0.6030348000000001 0.9179309999999999 0.7360773
13 0.0005867958 0.014320343999999999 0.7719004 0.22500698 0.88148963
7 0.00057322485 0.8088776 0.62824833 0.9098021000000001 0.7256598000000001
8 0.0005721786 0.83524776 0.6228875 0.9071473 0.7054296
13 0.00056925544 0.47679484 0.0 0.9533894 0.58348554
2 0.0005637076 0.47824007 0.63381237 0.55503696 0.699765
5 0.0005631250700000001 0.678596 0.10964426 0.9582722 0.36514196
2 0.0005578951 0.7935723000000001 0.06393282 1.0 0.47677153
13 0.0005403273 0.46103027 0.6492048 0.54486775 0.69776076
13 0.0005347558 0.8395213 0.63053757 0.97575545 0.7688554
5 0.0005151206 0.85302126 0.64947236 0.9248630999999999 0.7391886
8 0.0004997155 0.9518235 0.60455996 0.9845841999999999 0.6895412
3 0.00049821095 0.08387028 0.7961098000000001 0.1980414 0.86436605
1 0.0004972714 0.052032992 0.7186768 0.1133181 0.7529336999999999
1 0.0004941759400000001 0.20301393 0.6916760999999999 0.25157925 0.72623456
5 0.0004938841 0.6293896999999999 0.68604714 0.7057683000000001 0.72747904
9 0.0004812726 0.21390656 0.6831100999999999 0.26966202 0.7208951
5 0.0004658883 0.80244124 0.6471333 0.92230594 0.70453286
7 0.00046406252999999995 0.64042 0.023302167999999998 0.9978394 0.38593027
1 0.00045873910000000003 0.8352084000000001 0.6485309 0.9009088 0.7179534000000001
4 0.00045801705000000003 0.87000644 0.13168702 1.0 0.39211845
13 0.0004444219 0.8402393 0.639202 0.9500561 0.7142257
13 0.00043798 0.08146544 0.7990421 0.1732962 0.8737562
8 0.0004308689 0.08287431 0.15675624 0.33948785 0.8366606
12 0.00042495705 0.8219563 0.06915724 1.0 0.3824103
5 0.00042430952000000003 0.7529263 0.1431095 1.0 0.35129297
7 0.00041976660000000006 0.8506159 0.6133234000000001 0.9258997 0.7463703
3 0.00041815347999999997 0.78140306 0.6503093000000001 0.87354434 0.7014961999999999
9 0.00041794855000000004 0.86118853 0.6265861 0.9417583 0.68541425
1 0.00041643257000000005 0.8126898 0.6596459 0.90344894 0.7100076999999999
1 0.00041256924 0.6799618000000001 0.6911556999999999 0.7399514 0.7298576
10 0.0004115448 0.7464668999999999 0.0 0.98118186 0.42615879999999995
10 0.00040879057 0.2155005 0.67032355 0.27121904 0.72514
2 0.00040631296 0.45886874 0.6399669 0.54401314 0.69559926
8 0.00040471120000000005 0.9533796 0.6241424 0.9855339 0.7119736
1 0.00039660372000000003 0.08218098 0.71577984 0.14360012 0.75348073
10 0.00039360175 0.7856959 0.63874394 0.84877276 0.6992421
13 0.00039313716 0.44709215 0.6613663000000001 0.51218927 0.6962298000000001
8 0.00038871748 0.041657686 0.15659837 0.19328655 0.9042495999999999
4 0.00038790717 0.21327955 0.6792544 0.26574364 0.73156726
2 0.00038564082999999996 0.45732385 0.66964674 0.5418168000000001 0.7164577
6 0.00038382347 0.19809622 0.68205523 0.27819740000000004 0.7246004
8 0.00038022097000000004 0.77978915 0.23855141 0.9224474 0.7058309
3 0.00036754453 0.77092385 0.6287465 0.9203273999999999 0.72054833
9 0.00036738730000000005 0.09973186 0.71062887 0.16011012 0.7502270000000001
5 0.00035960690000000003 0.6322665 0.11699475 1.0 0.31326103
12 0.0003569922 0.20105502 0.6762488 0.27405196 0.7157529
5 0.00035664637 0.050344564 0.71895075 0.12947187 0.75304556
9 0.00035150940000000004 0.46759793 0.6744318 0.5475930999999999 0.72091675
3 0.00033892368 0.54674673 0.12177715 0.948522 0.5686748
6 0.00033785996 0.76120096 0.651126 0.8640260000000001 0.69965696
10 0.00033517769999999995 0.10822216400000001 0.6971369000000001 0.16383569 0.75552565
9 0.00033480505 0.7655441999999999 0.038628943 0.97327864 0.49049142
2 0.00033382492 0.8689463 0.6155545 0.9251261000000001 0.70406455
8 0.00033126657999999994 0.7821425 0.31540197 0.9378303 0.8521426999999999
6 0.00033037050000000003 0.78287995 0.15178853 1.0 0.42929515
1 0.00032688075 0.6518295000000001 0.12918307 0.91663766 0.35432732
9 0.00032682632 0.7873177 0.6549159999999999 0.8469601000000001 0.6983766
11 0.00032642728 0.12416257 0.6962203 0.1641687 0.75877535
11 0.00032586046000000003 0.11149959 0.6991501999999999 0.15085568 0.7570792
3 0.00032389333 0.086642034 0.7681456 0.20188087 0.89315295
1 0.00032376425 0.76469994 0.65922517 0.8335732 0.6973758000000001
1 0.00032223562999999996 0.8559690999999999 0.6477403 0.9181298000000001 0.7213076999999999
11 0.00032054493 0.07576963 0.70255506 0.11171576400000001 0.75407463
1 0.00032030008 0.622041 0.69159716 0.6932689000000001 0.7271408
9 0.00031843854 0.031768546 0.79318315 0.17760812 0.9215732
11 0.0003138015 0.09149255 0.7015049 0.1307605 0.7563871
7 0.00031158509 0.8436445 0.6131765 0.9394324000000001 0.6891795999999999
13 0.0003093657 0.8634277 0.63314927 0.9385045 0.7344901
12 0.00030732786 0.26407495 0.7807960999999999 0.5514144 0.9772703000000001
9 0.00030475378 0.4562245 0.65373605 0.5217537999999999 0.6961158000000001
7 0.0003038979 0.7696194000000001 0.64388746 0.8406655000000001 0.70993686
1 0.00030145232000000004 0.83996326 0.62547684 0.92510134 0.67708105
10 0.00030016177000000003 0.8791365 0.61333007 0.92947346 0.7268745
1 0.00029956546 0.067616396 0.71736497 0.12994316 0.7558305000000001
9 0.00029906242999999997 0.86704123 0.6374171 0.92190754 0.72358257
5 0.00029612152000000003 0.070891365 0.7216738 0.16463023 0.7582399000000001
7 0.00029537256 0.8809639000000001 0.6107563 0.9658222 0.6897064
7 0.00028311694 0.66823626 0.6666462 0.74308944 0.737349
7 0.00027993313 0.082554355 0.7004223 0.15464562 0.76451135
13 0.00027741297 0.004017122 0.74547714 0.20662045 0.95447236
5 0.00027669917 0.42649484 0.6861309 0.53316784 0.7240091
11 0.00027592923 0.87217027 0.6138642 0.92313486 0.68294233
13 0.00027580306 0.90426785 0.61316025 0.9648276 0.7100987
11 0.00027416683999999995 0.7931946 0.6482064000000001 0.83115166 0.70018834
9 0.00027173227999999997 0.29073668 0.8329824 0.6006288000000001 0.9886248
11 0.00027132567000000003 0.8671368 0.62977004 0.925919 0.71313274
2 0.00026660382999999996 0.6906614000000001 0.039490346 1.0 0.41185096
6 0.0002654297 0.8067831999999999 0.64489514 0.9441630999999999 0.70469624
9 0.00025745952999999997 0.82141423 0.116244785 0.9990306999999999 0.28257940000000004
10 0.0002570677 0.82430667 0.10477384 0.99356395 0.27703044
11 0.0002547374 0.8524554 0.16692542 0.96102023 0.46156096
1 0.00025188964 0.76898026 0.10414232 0.9585146000000001 0.32426320000000003
3 0.00024609262 0.051518537 0.7910835999999999 0.29770842 0.9624911
8 0.0002446751 0.9318129999999999 0.60897994 0.9759551 0.69247645
2 0.00024455863999999996 0.77395785 0.6416435 0.84240556 0.69004166
2 0.00024413130000000002 0.8308936 0.6366583 0.9180322 0.688811
12 0.00024305076 0.85473174 0.60427904 0.95089346 0.67650986
12 0.00024267619999999998 0.46039876 0.645188 0.5584705 0.68972725
1 0.0002407343 0.09803437400000001 0.7110709 0.15943542 0.7493111
11 0.0002388663 0.4772717000000001 0.65733683 0.5226067 0.7507037
12 0.00023757915000000002 0.7162053 0.050671495 1.0 0.31798232
13 0.00023569169999999997 0.0 0.6879681 0.655975 1.0
6 0.00023402263 0.07297896599999999 0.7088767 0.1772362 0.7512689
2 0.00023383151 0.8632885 0.6060423 0.9494640999999999 0.66526294
12 0.000228331 0.86348367 0.6198100999999999 0.92954457 0.71691924
3 0.00022573731 0.8177800000000001 0.6371796999999999 0.8820934000000001 0.70214057
8 0.0002252574 0.060157597 0.6162464 0.34644526 0.9528351
4 0.00022338015 0.47261363 0.661806 0.52815574 0.7345006
13 0.00022115752999999998 0.8581089 0.61833555 0.9223610000000001 0.7201369000000001
10 0.00021861310000000002 0.6872988 0.011983595 1.0 0.33697150000000003
9 0.00021814150000000002 0.85170925 0.6374641 0.9046258 0.7311548000000001
13 0.00021778380000000001 0.76665163 0.07238652599999999 0.94475377 0.25852665
7 0.00021231081000000002 0.05549395 0.70083207 0.12050584 0.7644854999999999
8 0.00020992072999999998 0.21105514 0.12218554 0.49446726 0.85064006
4 0.00020760283 0.49656403 0.6427702 0.5503520000000001 0.7153046999999999
10 0.00020245578 0.69839704 0.6610739000000001 0.75299597 0.7284217
10 0.00020213256 0.8983144000000001 0.6217709 0.9722124 0.70146906
10 0.00019825516 0.86061794 0.62630486 0.91698724 0.7254415
1 0.0001973083 0.8814156999999999 0.6289060000000001 0.95034456 0.67764336
8 0.00019578637 0.08377333 0.5851451999999999 0.45177794 0.93545634
9 0.00019284895 0.11853883 0.7100774999999999 0.17217493 0.7489026999999999
13 0.00019059624 0.7870446999999999 0.0 1.0 0.5460118
12 0.00018910115000000003 0.70380443 0.0 1.0 0.23828757
7 0.00018826980999999998 0.79817814 0.116577946 0.96696275 0.28726277
9 0.00018702283 0.082515456 0.7134979 0.13856995 0.7527467
11 0.0001865286 0.06742102 0.80272716 0.16216916 0.97135323
12 0.0001863537 0.77865154 0.64600855 0.84720093 0.69693226
5 0.0001850374 0.40548506 0.664259 0.5514524000000001 0.69362515
12 0.00018472593999999996 0.67673945 0.6729953000000001 0.7493217 0.72216696
9 0.0001842862 0.77627355 0.12463553 1.0 0.4420737
13 0.0001842379 0.31933612 0.8744457 0.49110353 1.0
5 0.00018103824 0.75582415 0.6610858000000001 0.8477594 0.70274854
13 0.00018002398 0.7988515 0.64272505 0.9528011000000001 0.7655939
4 0.00017807003 0.88132435 0.06010514 1.0 0.3366936
1 0.00017732148999999997 0.62820315 0.060899 0.9363276 0.28757206
6 0.00017407084 0.6700136999999999 0.0956271 1.0 0.45524079999999995
6 0.0001729417 0.8314549000000001 0.61391586 0.9646049999999999 0.68131655
9 0.0001720289 0.6936079 0.6796428000000001 0.75353324 0.72421956
1 0.0001706082 0.8532204 0.65843767 0.9404636999999999 0.71456295
1 0.00016991915 0.79403234 0.13780643 0.95703566 0.27592003
10 0.00016583811999999997 0.8268221 0.6425765999999999 0.9216407 0.7023094
8 0.0001652713 0.20382084 0.44429877 0.48874449999999997 0.90121233
1 0.00016521644000000002 0.54825246 0.07605153 0.87716126 0.28093290000000004
4 0.00016448401999999998 0.10057753 0.70360726 0.15971053 0.7575045
7 0.00016428837 0.6227543000000001 0.6713093000000001 0.7009675999999999 0.7398965999999999
2 0.0001637735 0.676493 0.659832 0.7396651 0.72227377
9 0.000163144 0.8719946 0.6159732 0.9247564 0.70483345
10 0.00016256234 0.23348345 0.79835635 0.58716476 1.0
10 0.00016247423000000002 0.8609013000000001 0.6082586999999999 0.9420415999999999 0.6726536
10 0.00016173163 0.09052719 0.7001748999999999 0.1457944 0.7569804
3 0.00015828756000000002 0.8213663 0.626775 0.8878212 0.66385597
8 0.000157922 0.1290958 0.32303798 0.41598946 0.9130950000000001
4 0.00015778898 0.6883045999999999 0.6660369 0.751164 0.7256986999999999
9 0.00015717837 0.8604514000000001 0.6418505999999999 0.94768816 0.70331055
8 0.00015684239 0.5305273 0.1576168 0.80761796 0.8414041999999999
12 0.00015523056 0.8514475 0.10244375 1.0 0.25110397
2 0.0001545682 0.83691764 0.5727707 1.0 0.7277821999999999
10 0.00015378396000000001 0.8021286 0.6323525 0.8634264000000001 0.7063427
13 0.00015298622 0.0 0.8330544 0.23560089 0.9453745000000001
9 0.00015174403 0.89580685 0.6246901 0.972308 0.6797135
12 0.00015157674999999998 0.08665763 0.70207024 0.15635021 0.75272655
12 0.0001509839 0.42778809999999995 0.89917463 0.55051833 0.99551004
8 0.00014944386 0.095822155 0.80043775 0.16125491 0.8781722
7 0.00014870275 0.87337357 0.6282849 0.96427137 0.71878266
1 0.00014747876 0.435988 0.6556808000000001 0.500987 0.69344056
8 0.00014637697 0.9612025 0.6237345000000001 0.98785305 0.7398418999999999
7 0.00014634593 0.17124842 0.8148523 0.5525258000000001 1.0
2 0.00014607781 0.07149311 0.70301133 0.13096824 0.7378789000000001
6 0.00014555352 0.13696551 0.82791686 0.6789721 0.9876855999999999
4 0.00014495397 0.7842849000000001 0.64000666 0.84090155 0.6991014
6 0.00014403176 0.8284966 0.63519865 0.9367204 0.725852
13 0.00014357636 0.29839954 0.0 0.6807549 0.7077829999999999
10 0.0001425865 0.8969315000000001 0.6042128999999999 0.9433514999999999 0.7211354
12 0.00014239621 0.8918742000000001 0.64240205 0.97030294 0.69807893
2 0.0001423192 0.85229635 0.63219994 0.9405819 0.6964878000000001
5 0.00014226677 0.67481965 0.686153 0.74999326 0.73694426
11 0.00014194108 0.8804530999999999 0.58588415 0.9216136999999999 0.69356495
13 0.000141137 0.88287574 0.6371153 0.9498829 0.72979766
4 0.00014054423000000002 0.8031560000000001 0.10773344 1.0 0.37966020000000006
11 0.0001404804 0.65813875 0.6686576 0.7042093 0.7324469
6 0.00014018844999999998 0.61883944 0.04374728 1.0 0.31854233
4 0.00013731011 0.4745876 0.641899 0.5309418 0.7116811
7 0.00013719044 0.7889136 0.6082465 1.0 0.7718103000000001
11 0.00013689673999999998 0.46235649999999995 0.6387423000000001 0.49796540000000006 0.7081175999999999
11 0.00013658911 0.7506234 0.111694574 0.93397635 0.38142923
4 0.00013654598 0.86176527 0.6141414000000001 0.930738 0.71741277
8 0.00013352305 0.31179917 0.09752753 0.59513414 0.63904256
1 0.00013339726000000002 0.6574105 0.69379795 0.7273303000000001 0.7348946999999999
3 0.00013291680000000001 0.11393285 0.53111666 0.4528852 0.9472828000000001
1 0.00013262834 0.7806674 0.10831557 0.95873594 0.24580528
13 0.0001326042 0.072399005 0.8481896999999999 0.46331125 1.0
6 0.00013186243 0.6530076 0.6808615 0.77690065 0.7317852
12 0.00013142067 0.84526736 0.63141656 0.9284485 0.7013746999999999
2 0.00013113342 0.8898826999999999 0.6038024000000001 0.976002 0.66706514
1 0.00013036959999999999 0.12818539 0.84978795 0.5344386 0.96863425
3 0.00012943803 0.08956176 0.7085561 0.4736688 0.96691555
9 0.00012858416 0.06832155599999999 0.7134808000000001 0.11893597 0.7532839
10 0.00012542485 0.8481238999999999 0.62754476 0.94834995 0.70052963
9 0.00012395709999999999 0.8337728999999999 0.6410129 0.91261363 0.70780796
11 0.00012304314 0.46931073 0.63475007 0.51074106 0.7173803000000001
4 0.00012294782 0.864295 0.11914446 0.99465084 0.26380128
9 0.0001227014 0.8628186999999999 0.62827504 0.99836516 0.74448115
11 0.00012257718 0.912192 0.60564417 0.9600148000000001 0.6826665
3 0.00012243764999999998 0.48588230000000004 0.64550596 0.54184234 0.7082063
