3 0.9950190999999999 0.0 0.45961490000000005 0.25106275 0.82308173
1 0.9902839 0.55238 0.371883 0.6537387 0.69324
3 0.98708135 0.7097901 0.41954327 1.0 0.73396707
4 0.9752799000000001 0.56512 0.5355966 0.6526753000000001 0.7853168
10 0.9574809000000001 0.25350818 0.09642849 0.27771774 0.1808739
3 0.9447151 0.3118308 0.46895844 0.36640438 0.5352266999999999
3 0.9240686 0.43635267 0.47926375 0.4604652 0.5214589
10 0.76922894 0.49157387 0.22574408 0.5112507000000001 0.2722542
10 0.7269145 0.2499756 0.09849402 0.2703928 0.17950942
3 0.72504026 0.017449647 0.44539140000000005 0.34576392 0.87079674
3 0.7185012 0.07984486 0.5435255999999999 0.7426020000000001 0.99245775
10 0.6836492 0.48642640000000004 0.22480263 0.50655174 0.27167502
3 0.61095935 0.359489 0.47835138 0.38867065 0.51950306
3 0.5584696 0.4582695 0.44036759999999997 0.5382792 0.5735443
8 0.5011148 0.4597063 0.43643573 0.5373694999999999 0.5712614
10 0.38391820000000004 0.24687326 0.09984375 0.263223 0.18168296
3 0.38041282 0.39214516 0.4858817 0.42178613 0.5193227
3 0.32471350000000004 0.17332149 0.59166425 0.9978693999999999 0.9708938
