3 0.99281764 0.60075974 0.5143092 0.94196606 0.8309622999999999
3 0.97328126 0.04446955 0.42096140000000004 0.34758878 0.7298428000000001
3 0.9583434000000001 0.5143239000000001 0.49511403 0.560659 0.5563640000000001
3 0.7966907 0.6692949 0.4944964 0.7653795999999999 0.55745083
3 0.7334589 0.571816 0.5136542000000001 0.7058321999999999 0.68697906
3 0.7082733 0.43055764 0.48285726 0.46146843 0.5578653
3 0.6956554 0.47522890000000007 0.49530306 0.5054081 0.53413934
3 0.65576357 0.5580474 0.52544135 0.6107342 0.5612538
3 0.6188278 0.35423493 0.47059423 0.4405219 0.5434668
3 0.49568504 0.6158266 0.5078216 0.65963054 0.557812
8 0.45580268 0.34793776 0.47053185 0.4456147 0.5971693
3 0.45356908 0.34885755 0.47058016 0.4432405 0.58843184
3 0.44244924 0.62038887 0.50847495 0.6640358000000001 0.5802179000000001
3 0.38991877 0.5660215999999999 0.5200636 0.617192 0.55342096
3 0.36510932 0.6568953000000001 0.49277472 0.7068962 0.5617749
