3 0.9889465000000001 0.004465744000000001 0.34628654 0.19047683 0.6726736
3 0.9817815000000001 0.16284025 0.40055484 0.25619796 0.56548715
3 0.9769289000000001 0.23714760000000001 0.41980624 0.29967853 0.5342945
3 0.9648326999999999 0.6048597 0.33297008 0.9151957000000001 0.61641777
10 0.9534634 0.30182746 0.19308159 0.3250052 0.26243424
3 0.87952745 0.38504598 0.41479722 0.43769756 0.49412784
3 0.8703771999999999 0.8844356 0.41227105 0.9980665999999999 0.5152998
3 0.83273464 0.32273996 0.4148611 0.36064637 0.46768984
6 0.5868111 0.26613653 0.37560079 0.31216085 0.46442920000000004
3 0.30844590000000005 0.07244769 0.4381399 1.0 0.9444251
8 0.30606288 0.26270229999999994 0.37617758 0.30747992 0.46579903
3 0.3035224 0.11918517 0.3903098 0.20652437 0.63027084
