3 0.9885798000000001 0.37139007 0.42909235 0.46183357 0.55222076
3 0.9666159 0.1894818 0.41338262 0.29689932 0.53261286
3 0.85428315 0.30278698 0.44269788 0.34802815 0.51273745
3 0.8030919 0.48190016 0.42853270000000004 0.5397590999999999 0.48399782
3 0.5440035 0.4479916 0.43892875 0.47684187 0.48117274
3 0.46965948 0.33651729999999996 0.44770354 0.37446454 0.504811
3 0.41434255 0.113295585 0.44676980000000005 0.8713294 0.91313565
3 0.35292628 0.27452797 0.44109225 0.31315297 0.50840026
10 0.3339116 0.38063 0.82602537 0.39157602 0.8759796999999999
3 0.30577624 0.32005146 0.4455749 0.36300233 0.5087964
