3 0.9519368 0.3825668 0.4093752 0.41712415 0.45907807
3 0.9395708 0.14803958 0.36901087 0.2686635 0.5300632
3 0.939141 0.022991166 0.38262653 0.23031874 0.60284215
3 0.7801732 0.1479334 0.36629290000000003 0.26122972 0.46899945
28 0.7586606 0.877906 0.3342099 1.0 0.4114923
3 0.7460626 0.0 0.4440375 0.09579424 0.7146077
3 0.68385386 0.46556976 0.39959657 0.50132066 0.4540821
3 0.6738013 0.3224462 0.40689388 0.3538991 0.44439483
1 0.6069963 0.27121326 0.41146725 0.2941744 0.51084375
3 0.59148717 0.44155234 0.40483009999999997 0.46957546 0.44525334
3 0.55273855 0.429205 0.40809295 0.46028537 0.4440209
1 0.4524442 0.30327034 0.43046394 0.32227063 0.491591
3 0.3969344 0.012779936 0.37161493 0.19619437 0.50011116
3 0.38034209999999996 0.47182247 0.41060075 0.51523745 0.46738133
3 0.30573496 0.25202358 0.38871923 0.28463113 0.42383679999999996
