3 0.9857565999999999 0.010643803 0.53921854 0.16249132 0.7230903000000001
1 0.963269 0.8997985999999999 0.47955877 0.95013076 0.63534236
3 0.95323545 0.5477831 0.5210260999999999 0.68712026 0.6159584
3 0.9528795 0.0 0.5406401999999999 0.07373576 0.781559
3 0.8953369000000001 0.72358066 0.53590745 0.81228465 0.60086435
1 0.8830679 0.6985539000000001 0.5127305 0.7241788 0.60257125
3 0.87231696 0.0031322874 0.5371585 0.11483025599999999 0.76412934
1 0.8713324 0.7053691999999999 0.5160734 0.7288415 0.6042247
8 0.79014826 0.17690511 0.5068521 0.28662685 0.6951137
3 0.6584781999999999 0.29620847 0.50106597 0.5076162999999999 0.80155903
3 0.5895596 0.15837562 0.5631056999999999 0.18638006 0.624009
1 0.47617440000000005 0.5186214 0.53640974 0.5363526 0.6031101
8 0.45472625 0.28665105 0.4991692 0.5106786 0.7957489000000001
1 0.41819632 0.84191924 0.49580875 0.87573916 0.6375604
1 0.3764534 0.79674256 0.5099556 0.8321719000000001 0.6258946
3 0.35935566 0.1737185 0.5123022 0.2901161 0.68857867
