3 0.9867573000000001 0.014018418999999999 0.6003799 0.30542782 0.9036622
3 0.98514277 0.24878453 0.61439866 0.3869214 0.7766648
3 0.98030806 0.57676524 0.5724746999999999 0.87848765 0.9315705
3 0.96696603 0.00030054306 0.58812255 0.07663336 0.9838648000000001
3 0.9445336 0.9205829 0.6321355 0.9994635000000001 0.79357827
3 0.94362974 0.3724825 0.6005047 0.45849863 0.72216374
3 0.8414659 0.44861487 0.6174564 0.50107116 0.6986777
3 0.7998634 0.8695644 0.6448235999999999 0.9207035 0.7366265000000001
3 0.7123592 0.80973023 0.6312691999999999 0.8824226999999999 0.7149635999999999
3 0.5170534999999999 0.49918962 0.62847984 0.5365732 0.66974866
3 0.49758779999999997 0.5674041 0.5751419 0.6597746 0.7060491
8 0.4904135 0.46671855 0.525662 0.5473176 0.6553148
3 0.42705119999999996 0.0 0.5879821 0.05087681 0.7203748999999999
