3 0.91187096 0.86313546 0.29488915 0.94433516 0.3817709
8 0.26137257 0.6028815 0.33823875 0.6632916 0.44872493
3 0.05535492 0.9227337 0.29704875 0.9980408000000002 0.39038935
8 0.02608753 0.40039927 0.37356505 0.45919716 0.41840655
8 0.023447368 0.3882472 0.31656009999999996 0.6219906999999999 0.4325
3 0.02247206 0.8732883 0.2857577 0.987366 0.39093032
3 0.020275408 0.6062656 0.33600885 0.6745561999999999 0.46293032
8 0.017725911 0.8678406999999999 0.28169543 0.9999539000000001 0.4011717
8 0.017156923 0.8622325999999999 0.29879394 0.947678 0.37588313
8 0.01040614 0.9234718000000001 0.29659683 1.0 0.38661999999999996
3 0.006799527 0.40883666 0.37482554 0.46479344 0.42642644
3 0.0048991004 0.42522827 0.33567359999999996 0.6107861 0.43091565
8 0.0031390458000000003 0.5959661 0.20564616 0.92230964 0.48261216
8 0.0027667824 0.47844446 0.35346717 0.58879906 0.40877579999999997
3 0.0024026993 0.48507664 0.3497467 0.5931959 0.41550010000000004
8 0.0022152609 0.595461 0.33222490000000005 0.6575592 0.3824961
13 0.0009968046 0.8604200999999999 0.30493414 0.9567243000000001 0.40366608
13 0.0009929452000000001 0.5919753000000001 0.35615265 0.6746569 0.43439794
13 0.0009222895599999999 0.84376097 0.3210462 0.9609873 0.3767241
8 0.0008696625599999999 0.453405 0.35400403 0.5373856 0.4019842
8 0.0008531669 0.89092296 0.2994327 0.9866472 0.38184246
13 0.0006125849 0.8320030999999999 0.29825327 0.9444433000000001 0.36301880000000003
13 0.0005242962 0.39711797 0.38352007 0.46073696 0.42128649999999995
8 0.00045431739999999995 0.94144076 0.31319654 0.9880931999999999 0.37290043
3 0.0004485521 0.6015878 0.3345411 0.6710776999999999 0.38387036
8 0.0003944253 0.71636903 0.2109049 0.9568969999999999 0.45914048
8 0.0003707274 0.49194384 0.367807 0.5823354000000001 0.41483045
9 0.00035922413 0.8698768 0.2989857 0.9589042 0.34708387
8 0.00033591803999999994 0.46139687 0.37125826 0.5403491 0.41665682
7 0.0003104454 0.8642190000000001 0.29057849999999996 0.94867754 0.36016613
7 0.0002828097 0.84055257 0.31039387 0.9378056999999999 0.39394692
2 0.00024693857999999995 0.5974323 0.34619570000000005 0.6778232 0.44422358
10 0.0002390479 0.8952753000000001 0.25827447 0.95907915 0.37031868
3 0.00023616786 0.4565 0.32300562 0.64764106 0.44710878
13 0.00023238521 0.90493536 0.31329936 0.9916812 0.39776123
2 0.00021795212999999999 0.86763877 0.2916965 0.968065 0.33609006
10 0.00021599890999999998 0.617476 0.3526728 0.6898501 0.44322896
3 0.00021490581000000003 0.46015725 0.35657890000000003 0.54300684 0.40566754
9 0.00021228846000000002 0.61596495 0.38364074 0.6890941999999999 0.4468637
8 0.00020924862 0.53032696 0.27674925 0.8790425 0.8327667999999999
13 0.00020708315 0.8760785 0.29875067 0.93678254 0.41611755
8 0.00020510511000000002 0.5138431999999999 0.2883153 0.68385214 0.4610189
10 0.00019823054 0.860835 0.28592098 0.9527918 0.34940594
12 0.000197785 0.60030246 0.35598636 0.70919496 0.43129359999999994
8 0.00019380206000000003 0.5865845999999999 0.34032103 0.6579559 0.40990594
7 0.00019010653999999998 0.8708603000000001 0.29638347 0.95402676 0.40211895
6 0.00018422871999999998 0.8541139000000001 0.29489574 0.9598125 0.3504401
11 0.00017831053 0.8781844999999999 0.29768790000000006 0.924306 0.41069058
8 0.00017419377000000002 0.6201513000000001 0.2641567 0.9124950999999999 0.5838333
8 0.00017340785 0.6098214 0.38208926 0.6601637 0.45081553
5 0.00017046326 0.8480009 0.32261845 0.9419112 0.40698320000000004
7 0.00016917509999999999 0.87726104 0.27420855 0.9515631 0.379573
13 0.0001636262 0.8356251 0.3166073 0.92498195 0.39416763
13 0.00016202116000000002 0.8574312 0.29313920000000004 0.99394286 0.42465907
1 0.00016101127 0.85664874 0.30767298 0.92817664 0.35478452
12 0.00015699326 0.87521225 0.2849923 0.95123154 0.33906126
8 0.000148303 0.0037672791999999997 0.39789894 0.029767257999999998 0.48507637
3 0.00014063403 0.46483007 0.36104359999999996 0.59461296 0.43318483
6 0.00013804645 0.84627306 0.31916752 0.97775143 0.37846655
7 0.00013751768 0.59666127 0.36490038 0.6790968000000001 0.45571540000000005
8 0.00013060068999999998 0.90880376 0.25803068 0.9936919 0.42184168
9 0.00012770639 0.88927484 0.29089606 0.96207654 0.36170766
8 0.00012597679 0.8695105 0.1950057 0.9830879000000001 0.6373098
5 0.00012435758 0.8330976999999999 0.3085942 0.9626087999999999 0.34971252
3 0.00012307055 0.9421021 0.29170197 0.99975824 0.3688933
10 0.00012233322 0.89754933 0.28053236 0.96208704 0.40687080000000003
11 0.00011213236 0.8862454 0.30891708 0.92711985 0.3597639
5 0.00011071982 0.8698498 0.32674038 0.965784 0.41445613
3 0.00010858440500000001 0.9638978000000001 0.28218386 0.9984337 0.39796504
2 0.00010482793 0.8741890999999999 0.2971811 0.95793265 0.38713000000000003
13 0.000104368686 0.48813999999999996 0.3492929 0.5923487 0.40411246
5 0.00010267459999999999 0.8221976999999999 0.32702887 0.9639800999999999 0.38242978
11 0.00010147385 0.6060809 0.35896873 0.645027 0.47645482
13 0.00010043767 0.41484973 0.3439616 0.601967 0.46037979999999995
13 9.873261999999999e-05 0.58022535 0.32797635 0.65382695 0.37843582
3 9.806652e-05 0.45498937 0.37044033 0.56088203 0.4311342000000001
9 9.7513155e-05 0.8758454 0.31214163 0.96180946 0.37123690000000004
1 9.481602e-05 0.87197155 0.30217677 0.94116306 0.36938265
4 9.410136999999998e-05 0.88846546 0.29345703 0.9505853999999999 0.34990337
5 9.316300999999999e-05 0.8678236999999999 0.30739653 0.97719765 0.38430607
8 9.2836075e-05 0.94457054 0.29367813 0.9871963 0.36084983
13 9.240414500000001e-05 0.8027706 0.27983978 0.9998799999999999 0.39895052
10 9.122929e-05 0.6011512 0.3578064 0.67449254 0.45149709999999993
8 9.022290000000001e-05 0.37832627 0.18426287 0.83794147 0.7462424
11 8.846622999999999e-05 0.88412684 0.32473958 0.9309616 0.3898977
13 8.836341999999998e-05 0.56934977 0.34511617 0.65850776 0.40258372
13 8.588501e-05 0.5797783000000001 0.36853513 0.6829436 0.42082820000000004
11 8.483075999999998e-05 0.9368503 0.30427495 0.9849923 0.41499385
11 8.467864e-05 0.6283529999999999 0.36447003 0.6651265000000001 0.47498354
3 8.156872e-05 0.8674254000000001 0.30631042 0.95810676 0.4135402
3 8.136e-05 0.9029625 0.28913590000000006 0.9696243 0.39687806
4 8.1244376e-05 0.61648774 0.35240725 0.68533117 0.4602089
7 8.0694736e-05 0.90588015 0.29770032 0.9894379999999999 0.40413743
8 7.9843376e-05 0.5109991 0.09674004 0.91736746 0.50781506
3 7.9659374e-05 0.64624774 0.24375656 0.9662276 0.45400098
11 7.926967e-05 0.90463185 0.29938895 0.9496396999999999 0.40309596
4 7.814936499999999e-05 0.8938444 0.29171464 0.9592164000000001 0.39581767
1 7.793508000000001e-05 0.8732052 0.327542 0.94463897 0.40084899999999996
1 7.6568496e-05 0.85306865 0.32819933 0.9233536 0.40187165
13 7.6524295e-05 0.870777 0.3207692 0.99662197 0.38767534
10 7.645388e-05 0.9338181000000001 0.28893873 1.0 0.40814623
7 7.617666999999999e-05 0.5695762 0.37070525 0.6571806 0.4596274
2 7.4295574e-05 0.4029189 0.37645835 0.48628822 0.41885555
8 7.411663000000001e-05 0.5742776999999999 0.30839133 0.7224746 0.46401837
8 7.384674e-05 0.5887298000000001 0.35420840000000003 0.6537704000000001 0.4394146
8 7.1551236e-05 0.43649873 0.37080840000000004 0.50550115 0.41705886
1 7.1451555e-05 0.5958328 0.37823635 0.6680986 0.4489111
11 7.125645e-05 0.9084304 0.2865094 0.9496206 0.37141799999999997
4 7.0619244e-05 0.9008326999999999 0.27061003 0.9596788 0.3647765
8 6.962304e-05 0.75388616 0.27003112 0.96188277 0.5829986
5 6.946681999999999e-05 0.5504608 0.3811279 0.6605977 0.44701627
9 6.94602e-05 0.6003395 0.38016427 0.6694281 0.44789302
11 6.917635e-05 0.85647595 0.29525286 0.9046019000000001 0.40726542
6 6.752445e-05 0.61234343 0.38170007 0.6958144 0.44988215
9 6.689897399999999e-05 0.87396127 0.30921525 0.9371735999999999 0.384115
8 6.618640000000001e-05 0.9063799000000001 0.29578805 0.9821969000000002 0.3624038
2 5.9316380000000006e-05 0.8453079 0.31465504 0.96518594 0.36466917
11 5.7617963e-05 0.8664953000000001 0.3050325 0.9067267 0.3558358
4 5.732491999999999e-05 0.87573856 0.30849534 0.9573088 0.38216883
1 5.6864817000000005e-05 0.5740881999999999 0.37575349999999996 0.6483376999999999 0.44548760000000004
10 5.684946e-05 0.8727988999999999 0.29378119999999996 0.9449402 0.40391517
8 5.5522094e-05 0.16856974 0.13663687 0.7634384 0.77725494
8 5.5146036e-05 0.82093745 0.21972771 0.98835284 0.53317076
6 5.473478e-05 0.5926939 0.3820333 0.6782526 0.44505876
1 5.394924e-05 0.85999644 0.33813405 0.935893 0.38586354
3 5.3219027999999996e-05 0.5945155 0.3368569 0.6642087 0.41614288
7 5.2395688e-05 0.8008034 0.25513035 0.98247683 0.41627562
6 5.2369224999999995e-05 0.8562614 0.28783990000000004 0.9858344000000001 0.36413628
12 5.1480612e-05 0.8825111999999999 0.30114698 0.9545793 0.38275623
2 4.980816e-05 0.88099486 0.27262592 0.9590438 0.36201614
6 4.9797191999999996e-05 0.9131181 0.31548634 1.0 0.39287140000000004
10 4.9127619999999995e-05 0.85725796 0.30415949999999997 0.96383154 0.38758236
8 4.7162730000000004e-05 0.7968675999999999 0.1877993 0.980859 0.64295435
4 4.7022735e-05 0.8669503000000001 0.29780146 0.9406834000000001 0.3963453
1 4.590293e-05 0.8327459999999999 0.30482373 0.9085133 0.34898388
3 4.5505519999999995e-05 0.9105853000000002 0.2715393 0.9952476 0.42279038
8 4.3921706999999996e-05 0.7257760999999999 0.12872882 0.9453845 0.6319805000000001
7 4.314271e-05 0.84285426 0.29228944 0.9243024999999999 0.35955185
8 4.313522e-05 0.9651584999999999 0.27580065 0.9933834999999999 0.38079658
10 4.2058797e-05 0.8850766999999999 0.29961467 0.98219305 0.38916394
11 4.10877e-05 0.8667662 0.24537528 0.9742296 0.41106865
11 4.0979776000000005e-05 0.86790234 0.32408735 0.9144260000000001 0.3868813
1 4.056479e-05 0.9139353000000001 0.32836843 0.9873400999999999 0.39454746
10 3.8434726e-05 0.92571133 0.23586985 1.0 0.42392275
8 3.8140213e-05 0.87314117 0.30833846 0.94345456 0.39826426
5 3.7683723e-05 0.90486145 0.33076778 1.0 0.40625617
2 3.755169e-05 0.5831998 0.3424567 0.6841497 0.394117
7 3.7497444e-05 0.39191553 0.38030797 0.47559953 0.43288437
4 3.711998e-05 0.9010773000000001 0.30294165 0.97871596 0.38389644
13 3.558997e-05 0.44589996 0.31909445 0.65226966 0.44549759999999994
5 3.4053085999999996e-05 0.8244886999999999 0.32141820000000004 0.9193853000000001 0.4031864
7 3.3702814e-05 0.86552125 0.27367824 0.99188316 0.43321088
11 3.3345095e-05 0.42475740000000006 0.3767112 0.46975973 0.43748180000000003
2 3.2810407e-05 0.45579672 0.3059989 0.6716145 0.45024928
2 3.2568627e-05 0.9145515 0.29837856 1.0 0.3810336
11 3.2045406e-05 0.92214966 0.25605289999999997 0.99231774 0.45591940000000003
10 3.1708794e-05 0.52801096 0.3455052 0.59911555 0.39833093
10 3.117235e-05 0.9073916 0.26074657 0.9419745 0.41897565
13 3.1071948e-05 0.9283848 0.31491157 0.9954858 0.3794155
11 3.085915e-05 0.9077318000000001 0.32370248 0.9567375 0.3904466
9 3.0707752999999996e-05 0.85423124 0.2970156 0.9313145 0.34913284
8 3.0270907e-05 0.012111607 0.41859204 0.38693827 0.9502062
8 2.9879153e-05 0.44963679999999995 0.35891634 0.80807865 0.92270625
10 2.9701165e-05 0.42711170000000004 0.37047818 0.4811079000000001 0.42551854
4 2.8204537e-05 0.9346962999999999 0.29650440000000006 0.9998267 0.4011388
9 2.7992068e-05 0.93739223 0.31494 1.0 0.3883973
5 2.7289618e-05 0.7713757 0.3055428 1.0 0.4066223
12 2.4836020000000002e-05 0.3930598 0.37657820000000003 0.49535987 0.41469347
8 2.4723262e-05 0.90526384 0.28970084 0.9593248 0.38257244
1 2.3941955e-05 0.8271526 0.32488567 0.9032924000000001 0.3889877
1 2.3175266999999998e-05 0.78130615 0.27348426 0.9650201999999999 0.36950603
11 2.2999511000000002e-05 0.95499885 0.30816802 0.99242723 0.4103099
4 2.2457902e-05 0.5910932 0.35232872 0.66620284 0.45870602
5 2.2441433000000002e-05 0.8723953000000001 0.33205419999999997 1.0 0.44860318
10 2.2386037e-05 0.9065394 0.30557773 1.0 0.3822031
9 2.1840611e-05 0.9089332 0.30281959999999997 1.0 0.41079196
1 2.1720034000000002e-05 0.86418766 0.30483124 0.98119885 0.3982223
5 2.1004686e-05 0.88746744 0.324704 0.9409765 0.44388607
12 2.0808227000000002e-05 0.88791376 0.30622894 0.98002917 0.37065214
8 2.0605549999999998e-05 0.0 0.69422853 0.35629147 0.97618717
10 2.0333482e-05 0.8555155000000001 0.30973127 0.9262916999999999 0.39846724
7 2.017894e-05 0.827512 0.30653320000000006 0.9131931000000001 0.4104166
3 1.9496170000000003e-05 0.058270164000000006 0.42690950000000005 0.47129807 1.0
9 1.8986888e-05 0.8499603000000001 0.27855176 1.0 0.3880341
3 1.8351939e-05 0.6759438 0.29352894 1.0 0.54494333
1 1.8113025e-05 0.88502425 0.30965438 0.93308276 0.4008059
6 1.809417e-05 0.8821893 0.32306018 1.0 0.37245506
7 1.7997161e-05 0.8853117 0.28235134 0.93846714 0.42041358
12 1.7701803e-05 0.6057138000000001 0.36565876 0.7334470000000001 0.41885924
9 1.7614813e-05 0.8997120999999999 0.30790815 0.94207275 0.40210184
12 1.7589364e-05 0.8929855 0.29769045 0.9354813 0.39421794
1 1.7550976e-05 0.83847034 0.3357015 0.914841 0.37808535
8 1.7456356e-05 0.9030003000000001 0.32547459999999995 0.98216015 0.38559926
12 1.7447699e-05 0.6010755 0.34455323 0.7161946 0.39442456
2 1.713088e-05 0.8981128 0.26331168 1.0 0.40314296
8 1.6901562e-05 0.33564544 0.2971572 0.70290756 0.90765494
8 1.6829343e-05 0.7140264000000001 0.27524343 0.9371466999999999 0.9642683000000001
5 1.6707605e-05 0.3769802 0.39155066 0.46910173 0.42970879999999995
6 1.6687962e-05 0.8292764000000001 0.32039493 0.9390801 0.38605009999999995
10 1.6392654e-05 0.95326036 0.30239865 1.0 0.3841349
4 1.6328633e-05 0.9018874 0.26832125 0.9390168 0.39565100000000003
12 1.6188134e-05 0.5983444 0.32095364 0.6819536 0.36231238
2 1.6033577e-05 0.8917993000000001 0.28299505 0.9372915999999999 0.40584067
6 1.5818112e-05 0.399714 0.39064053 0.48466074 0.42510137
12 1.5734176e-05 0.9285631999999999 0.29539376 0.99879944 0.37463683
10 1.5692181e-05 0.86392266 0.21200646 1.0 0.41135207
11 1.5657588e-05 0.90891904 0.2756578 0.9384174000000001 0.41114655
2 1.5388871999999998e-05 0.8383315999999998 0.23966295 1.0 0.37420228
2 1.5300331e-05 0.5922618000000001 0.32190856 0.6846772 0.3684277
13 1.4924235000000001e-05 0.44549105 0.35502859999999997 0.5274835999999999 0.39742076
1 1.4846022e-05 0.78120714 0.3017543 0.9639815999999999 0.39799932
3 1.4841855000000001e-05 0.90179205 0.31896302 1.0 0.40698743
1 1.4715979e-05 0.49773186 0.36172333 0.58617353 0.4011345
13 1.4583816e-05 0.9393822000000001 0.30224988 0.9983493 0.3928217
6 1.44263595e-05 0.7710216999999999 0.26685359999999997 1.0 0.37599879999999997
1 1.4411070999999999e-05 0.5641102 0.35964188 0.6575868 0.40033066
8 1.4366424e-05 0.61782104 0.3429534 0.6810596999999999 0.41136524
11 1.4347493e-05 0.9232084 0.32280016 0.9768635 0.392085
9 1.4315272e-05 0.526432 0.35993245 0.6044622 0.40295526
5 1.4228064e-05 0.868836 0.3180925 1.0 0.41679049999999995
10 1.4128144e-05 0.5124282 0.35107887 0.5815406999999999 0.39650416
13 1.4109425000000001e-05 0.27538472 0.15828064 0.73467606 1.0
10 1.4037559e-05 0.9216373999999999 0.29278937 0.9848101999999999 0.39759517
1 1.3886129999999998e-05 0.5821831000000001 0.33372563 0.65598863 0.36623225
8 1.3766032000000001e-05 0.004285520399999999 0.3986633 0.035617504 0.45164853
8 1.3547323e-05 0.9552728000000001 0.6870214 0.9911441999999999 0.7448726
13 1.3458039e-05 0.8095173000000001 0.31911218 0.9856280000000001 0.43100384
7 1.3449858e-05 0.8830163000000001 0.31432566 0.9814431999999998 0.3868473
9 1.3113363999999999e-05 0.6098375 0.33710959999999995 0.6771520999999999 0.37159693
9 1.3016057000000001e-05 0.6094968000000001 0.38815153 0.70841575 0.43497097
6 1.28691245e-05 0.85847443 0.30028296 1.0 0.4080922
13 1.28411075e-05 0.45655173 0.34929776 0.55237925 0.4013573
8 1.2819595e-05 0.04315385 0.26964307 0.36247838 0.8523438
12 1.2633033000000001e-05 0.8686563 0.30934322 0.9406187 0.3675426
2 1.2525421e-05 0.59793186 0.36366190000000004 0.6916866 0.4250549
12 1.2441262e-05 0.5126967 0.35595873 0.60141265 0.39988706
8 1.2354123e-05 0.87857443 0.32695243 0.95370275 0.38735840000000005
3 1.2122808e-05 0.011551700500000001 0.7149051 0.45380715 0.98912853
5 1.2116473000000001e-05 0.7775022 0.32618168 0.9990701999999999 0.43729758
1 1.2045610000000001e-05 0.3910494 0.38714817 0.46109092 0.42483416
11 1.1869902e-05 0.51705587 0.2832217 0.6491616 0.5058622
7 1.1787992999999999e-05 0.57712865 0.3533344 0.6784235 0.40745932
8 1.1455724e-05 0.005481993 0.41586772 0.036024656 0.47515017
6 1.1259188e-05 0.764446 0.29659617 1.0 0.40560842
3 1.1241733e-05 0.5366278 0.33959836 0.9550383 0.88331705
8 1.1235279e-05 0.25643906 0.3381157 0.60755783 0.95728457
9 1.0975583999999998e-05 0.41310447 0.38861647 0.47838947 0.42493640000000005
6 1.0760677499999999e-05 0.8773389000000001 0.31620222 0.9583219000000001 0.41655552
2 1.0755534e-05 0.84269977 0.30201849999999997 0.93362397 0.37214845
4 1.0659298e-05 0.41915688 0.38062328 0.47882384 0.428587
1 1.0621849999999999e-05 0.86563176 0.27345312 0.9803738999999999 0.36244252
8 1.0608928000000001e-05 0.61242497 0.36742464 0.6736463 0.43562806
2 1.0420364e-05 0.5092873 0.3398831 0.5955519 0.40407303
9 1.0367153000000001e-05 0.6041310999999999 0.35837048 0.6836971 0.40376034
13 1.015737e-05 0.0 0.37484172 0.36770263 1.0
4 1.0155647e-05 0.52892214 0.3436917 0.5971286 0.39655077
4 1.0147658e-05 0.91798574 0.26526898 0.9989759 0.419343
4 1.0138836e-05 0.8652103000000001 0.29329967 0.92748374 0.34412329999999997
13 1.0128266e-05 0.82375795 0.29073540000000003 0.97572 0.46730912
6 9.936422e-06 0.49636499999999995 0.35760114 0.63212776 0.40150255
6 9.931683e-06 0.58982044 0.36339570000000004 0.68805575 0.4044144
13 9.777068e-06 0.48598483 0.37631905 0.5832467 0.41756925
1 9.768202999999999e-06 0.5856335 0.35792399999999996 0.67804563 0.40330967
7 9.760947e-06 0.5046802 0.34921777 0.5856109 0.4079744
8 9.580635e-06 0.0 0.5501501 0.26022968 0.98073024
8 9.509009e-06 0.16682018 0.29455498 0.5188467000000001 0.94103974
10 9.265162e-06 0.53700155 0.30118316 0.70671886 0.47725470000000003
7 9.250955e-06 0.37224695 0.34128588 0.6441155 0.4936851
13 9.099044e-06 0.0 0.40733683 0.03712371 0.48410502
10 8.979427e-06 0.5950194000000001 0.37036990000000003 0.6875946999999999 0.43520015
8 8.863072e-06 0.0 0.34223697 0.07469937 0.482612
12 8.851612e-06 0.8825491 0.27498340000000004 0.9996328000000001 0.39194086
10 8.776247e-06 0.595707 0.3470551 0.68694335 0.40666026
6 8.749153e-06 0.39206827 0.37098378 0.69005376 0.4675939
8 8.6684195e-06 0.08714985 0.06566472 0.5427411999999999 0.6119679
3 8.370199e-06 0.5471262 0.31640986 0.7002325 0.45647479999999996
12 8.296725e-06 0.8004905999999999 0.23902594 1.0 0.36008229999999997
10 8.1215885e-06 0.6114618 0.3211829 0.6793358 0.3742268
1 7.981074e-06 0.8872190000000001 0.33516154 0.9824055 0.38093603
4 7.976989e-06 0.8570128 0.30966777 0.9323331 0.3764906
13 7.878142e-06 0.10724249999999999 0.14927715 0.5580079000000001 1.0
8 7.841866e-06 0.83131 0.38980746 0.88353646 0.45835024
5 7.771868e-06 0.36407405 0.38322 0.6190969 0.48138094
3 7.767718999999999e-06 0.43177068 0.25144243 0.9609902 0.76409763
3 7.660457999999999e-06 0.61688685 0.3667765 0.6902288000000001 0.47546837
13 7.651723500000001e-06 0.58504874 0.21726522 0.93977857 0.48147509
11 7.631754e-06 0.92252314 0.29828390000000005 0.97034615 0.4103097
13 7.5858684e-06 0.43843147 0.1720503 0.87487394 0.8405533000000002
1 7.537243999999999e-06 0.3727312 0.35522416 0.5919063 0.45350575
13 7.510236999999999e-06 0.9291299999999999 0.2918881 0.9909483 0.35830444
13 7.370821e-06 0.0 0.66619456 0.36150295 1.0
9 7.337632e-06 0.8548551 0.30732152 0.91287494 0.3934331
8 7.2546119999999994e-06 0.024382472000000002 0.06718918 0.31808227 0.9424345
10 7.213721000000001e-06 0.8943408000000002 0.2785277 0.96986276 0.35137540000000006
13 7.2056677999999996e-06 0.9414030000000001 0.276694 0.99487644 0.37360144
8 7.171411000000001e-06 0.89026517 0.29535723 0.9889775 0.4445897
3 7.107432e-06 0.4374814 0.37405303 0.53008455 0.430217
7 7.070419999999999e-06 0.60050035 0.35265225 0.703441 0.40451893
8 7.021998e-06 0.06292239 0.14467408 0.4244871 0.9746163000000001
7 6.9709545e-06 0.5928778 0.38068992 0.69651294 0.43486303
