8 0.40167129999999995 0.89909184 0.24943146 0.98919046 0.3837212
3 0.22739227 0.43458602 0.30689004 0.58087933 0.4305905
3 0.19795439 0.7639775 0.31258696 0.8257834999999999 0.36760166
8 0.11546214 0.7580688 0.31405783 0.82206285 0.36484686
3 0.08538055 0.7348627 0.31300159999999994 0.7788043 0.36630824
8 0.03202998 0.42571455 0.3129785 0.5862625 0.4327525
8 0.03183795 0.73215574 0.31070477 0.78463477 0.36652178
8 0.02242103 0.9104991 0.30536813 0.9922718 0.36916170000000004
13 0.020585043 0.76661277 0.31023670000000003 0.8388418 0.36646178
8 0.009451004 0.9480350000000001 0.23209924 0.99453235 0.29489723
3 0.008778315 0.46818580000000004 0.32741365 0.5505302 0.41847575
8 0.0074030077 0.91417795 0.21109158 0.99344677 0.41412040000000006
8 0.0072281235 0.9565292999999999 0.23376034 0.9936765999999999 0.36527294
3 0.007106019599999999 0.9117533999999999 0.26705158 0.99074006 0.38578558
3 0.0068101953 0.47729570000000004 0.34053105 0.56934017 0.40556324
8 0.006055122 0.018454444 0.2615684 0.09067513 0.38515016
3 0.005481534000000001 0.6761524 0.32454586 0.7277060000000001 0.36604488
3 0.005253639 0.91955847 0.3024667 0.9973920000000001 0.37671350000000003
8 0.004039319699999999 0.7823998999999999 0.31505805 0.8385638000000001 0.35503858
13 0.0034029952000000003 0.42629140000000004 0.29558623 0.5861765999999999 0.4569733
3 0.0029442534 0.47502172 0.35901144 0.56613004 0.42097297
3 0.0025273242 0.6768404 0.33989406 0.7279502 0.37781292
3 0.0023421822 0.94066423 0.28775114 0.9983860999999999 0.3823999
2 0.002260223 0.77306277 0.30198148 0.84352654 0.36185005
8 0.002169042 0.94522786 0.25474462 0.99175525 0.32893953
13 0.002041295 0.7392159 0.31369427 0.81518346 0.3685418
8 0.0019616187 0.9182531999999999 0.2848078 0.9848937 0.35312182
13 0.0019606769 0.7265483 0.31803054 0.7858789 0.3690025
8 0.0019124195999999998 0.93703556 0.29074785 0.9936502 0.38441327
8 0.0018909074 0.6698539000000001 0.3249883 0.7256788000000001 0.36674556
8 0.0018099763000000001 0.9055938 0.30694765 0.96538705 0.36285314
8 0.0017970360000000001 0.6715208 0.33835882 0.7282411999999999 0.37586924
3 0.001746106 0.026020098 0.2635387 0.10186449 0.39884344
3 0.0017453554 0.78302634 0.3154066 0.85072017 0.3666167
3 0.0015804948999999999 0.9211151 0.22144197 1.0 0.37776482
8 0.0015313799 0.022532322 0.30906677 0.08590798 0.36648434
7 0.0013233791 0.74988085 0.30140188 0.8219597 0.3736583
8 0.0012782466 0.94041485 0.28044543 0.9908133 0.35589772
11 0.0010352392 0.77508056 0.31223765 0.81423783 0.3700738
5 0.0009848564 0.74036354 0.3234965 0.82556456 0.3647013
12 0.0009455817599999999 0.77342075 0.30592832 0.8509136999999999 0.3537625
1 0.00089486345 0.75264615 0.3241447 0.8185876 0.36368668
8 0.0008734955 0.015082285 0.20951156 0.08378895 0.3469778
7 0.0008140936 0.7674692 0.30012745 0.8378833000000001 0.36914077
2 0.0008020058 0.43102646 0.26951665 0.62026644 0.40647647
7 0.00071062724 0.39011009999999996 0.27967986 0.59602714 0.4606571
3 0.0006919837 0.95855814 0.21356986 0.9981553 0.35701123
8 0.00068618363 0.4724218 0.33851424 0.5443319999999999 0.413962
8 0.000662725 0.8108261 0.3166016 0.8599959999999999 0.35299194
4 0.0006563716499999999 0.7919475 0.31376877 0.84325004 0.36425346
1 0.0006242852 0.77229685 0.3247489 0.8308465 0.36295095
8 0.0006109894599999999 0.92972773 0.26423240000000003 0.9872392 0.31841752
2 0.00053326023 0.73094964 0.30689576 0.8016298000000001 0.35258517
8 0.00051902205 0.7534679 0.21241944 0.9236733 0.44112462
11 0.00051339547 0.7607198000000001 0.3079594 0.79948175 0.37403077
5 0.0005029486 0.7597965999999999 0.32157254 0.84393287 0.3630888
10 0.000496681 0.79339796 0.29435320000000004 0.84662443 0.365192
10 0.00048422545999999997 0.77428484 0.2993881 0.83108497 0.36558107
9 0.00048054547999999995 0.786184 0.31552923 0.8459763000000001 0.36117548
4 0.00047684237 0.7693733 0.3095153 0.823576 0.3628842
13 0.00046334913 0.9577123 0.20436557 0.9979305 0.3260628
3 0.00043380394 0.9503986999999999 0.26214740000000003 0.9986628000000001 0.3663998
8 0.00043167487999999995 0.023432676 0.28498334 0.08752774 0.34358978
8 0.00041928882000000006 0.7365461 0.32465625 0.78387445 0.3769865
1 0.00041757002999999996 0.39588282 0.33731684 0.5669526999999999 0.43648484
8 0.00040813244 0.9534023000000001 0.20216519 0.99380827 0.29072294
6 0.0004054786 0.751781 0.3178375 0.83755565 0.36550879999999997
9 0.00040247221 0.7731183 0.31459063 0.8286157 0.3639382
11 0.00040020432999999996 0.79565865 0.31496033 0.8346159 0.36872467
3 0.0003907743 0.9551677 0.22387333 1.0 0.29725718
13 0.00037534596 0.8964044 0.23499595 0.9907892 0.36141786
7 0.00037355634 0.7181099 0.30718216 0.79343885 0.3771026
7 0.00037262056000000003 0.70578235 0.31150755 0.7745419 0.37374070000000004
13 0.00034924262 0.9407828000000001 0.2144449 0.998984 0.2789348
1 0.00032199422 0.7120283000000001 0.3244241 0.7643388000000001 0.36314452
13 0.00032072226 0.9454351000000001 0.22433908 0.9949952 0.32066917
3 0.00032054509999999997 0.032380834 0.30649832 0.10006803 0.37712032
8 0.00030988222000000003 0.7559041 0.29359959999999996 0.8088641 0.34263453
11 0.00030115933999999995 0.7328389 0.3103494 0.76524967 0.36854458
8 0.0002847396 0.74825007 0.32665783 0.8002606 0.37623888
8 0.0002750031 0.7616826999999999 0.32506835 0.81261426 0.37175214
6 0.00027413768 0.39490303 0.31303337 0.6434701 0.44618306
1 0.00026306466 0.7258372 0.32512432 0.7775981 0.36796483
1 0.00026160176 0.7326541 0.32238036 0.8036369999999999 0.36359695
3 0.00025774367000000004 0.81468046 0.3153545 0.8695135 0.35786298
6 0.00025221617999999997 0.70965874 0.3192563 0.7835946999999999 0.36332494
13 0.00024654987000000003 0.9460322 0.19543715 0.99842364 0.29836136
10 0.00024589607999999996 0.75711733 0.30158140000000005 0.8156291999999999 0.3592565
5 0.00024151523999999997 0.6996642 0.3251095 0.77434057 0.36377709999999996
9 0.00023465374 0.46887898 0.31688663 0.61447954 0.43799967
12 0.00023235189999999998 0.7476108 0.30781215 0.8247677 0.36039138
13 0.00023141412999999996 0.91064095 0.20027336 0.9937216 0.4118062
3 0.00023042792999999998 0.7384967 0.32866907 0.7925183000000001 0.3810794
11 0.0002266235 0.74734175 0.31011817 0.78596425 0.36949638
5 0.00021655242 0.38036478 0.32888904 0.58878666 0.43321916
5 0.00021307993999999998 0.7121171 0.32543653 0.79304445 0.3692886
8 0.00021119678 0.024143157999999998 0.33939946 0.06345786 0.3810692
13 0.00021057054 0.76082116 0.19205202 0.8540897 0.25828522
13 0.00019028022000000002 0.89412546 0.27187467 0.9848442 0.3949767
8 0.00018929207999999998 0.7434432 0.2950235 0.7973003000000001 0.33995240000000004
8 0.00018926923999999998 0.89756066 0.30591717 0.9432835999999999 0.36038175
3 0.00018595235 0.44257182 0.33866027 0.5235157 0.39661226
9 0.00018051150000000001 0.7529216 0.31431603 0.81263316 0.36417127
13 0.00017546176 0.943233 0.29030675 0.9953574000000001 0.37971106
8 0.00017516002 0.7338631999999999 0.29603857 0.77945286 0.34113699999999997
13 0.00016058297 0.9095993 0.30331102 0.98545873 0.36191967
13 0.00016003536 0.4643255 0.31904292 0.54505426 0.42700659999999996
8 0.00015582121999999999 0.92421633 0.32042903 0.9849008 0.37946367
8 0.0001550036 0.7119989000000001 0.27465248 0.8439110999999999 0.37610963
13 0.00015132877 0.6682994000000001 0.31871706 0.7232904 0.3718866
8 0.00015099252 0.9298373 0.28780544 0.97456306 0.38756090000000004
13 0.00015095728 0.9343200999999999 0.30175787 0.9931948 0.36339548
3 0.00014590823999999998 0.031115517000000002 0.28372990000000003 0.101331756 0.35354897
13 0.00014355074 0.6712501999999999 0.34541678 0.72050714 0.38966492
11 0.0001412341 0.48094442 0.28404027 0.57352054 0.45592836
8 0.00013522523999999998 0.48611525 0.34933379999999997 0.5551568 0.39942724
12 0.0001321626 0.7231659 0.30649504 0.79951876 0.35358602
13 0.00013068288 0.9563806999999999 0.24598531 0.99549747 0.35959598
10 0.00012793402 0.7432964 0.29746398 0.8004104999999999 0.36877382
13 0.00012751899999999998 0.92726994 0.22463323 0.9953556 0.2718435
9 0.00011880163 0.7292845 0.31629840000000004 0.779266 0.36082974
12 0.00011707868 0.41231540000000005 0.278609 0.63654757 0.40433994
3 0.00011462145599999999 0.95335525 0.2477686 0.9991165999999999 0.33005443
8 0.00011167943000000002 0.45973486 0.34444726 0.5332553000000001 0.394275
13 0.00010912783999999999 0.9461190999999999 0.2638368 0.993102 0.34864008
4 0.00010829738000000001 0.7470095 0.31030240000000003 0.7931414999999999 0.37349808
13 0.00010694986 0.74389577 0.28458777 0.822191 0.3409703
8 0.00010321396 0.7683385 0.29046774 0.81897324 0.3374357
9 9.957118e-05 0.7369140000000001 0.3182692 0.7982294 0.36357182
8 9.895732400000001e-05 0.90175253 0.2910793 0.9503513000000001 0.3362518
3 9.8226286e-05 0.9307518 0.2823312 1.0 0.35335597
13 9.814392e-05 0.9358799000000001 0.24412628 0.9928693000000001 0.3089564
10 9.479426999999999e-05 0.72727025 0.30416697 0.7837399 0.36456516
4 9.349679e-05 0.7566607 0.30618759999999995 0.8090606 0.36486268
8 9.2216236e-05 0.7865365 0.12644945 0.9347747999999999 0.3901259
4 9.034474e-05 0.46214256 0.30411816 0.60590816 0.43707478
13 8.744690999999999e-05 0.025731776 0.28458413 0.09914312 0.33436059999999995
3 8.5743864e-05 0.7477494 0.32445422 0.81565136 0.38599896
3 8.536929e-05 0.9372171999999999 0.31871018 1.0 0.3926833
9 8.474035e-05 0.9186593000000001 0.24096212 1.0 0.34839687
8 7.902182600000001e-05 0.48375255 0.36512724 0.55793566 0.41195136
2 7.895295e-05 0.90682685 0.1835162 1.0 0.33197337
3 7.4242664e-05 0.92962474 0.29377156 0.9819228999999999 0.3923116
8 7.148458000000001e-05 0.6270901 0.29274777 0.89956605 0.9357122
3 7.037414000000001e-05 0.48924005 0.31743879999999997 0.56291115 0.36788806
13 6.9167945e-05 0.00755905 0.27010745 0.09172256 0.39155307
13 6.873015e-05 0.018661953999999998 0.30808276 0.08813865 0.35620445
10 6.8567104e-05 0.9398119 0.29982254 1.0 0.3653834
1 6.774706e-05 0.36188066 0.29622278 0.55392617 0.39781532
10 6.7122695e-05 0.4782865 0.24871933 0.62636054 0.45817298
11 6.621744000000001e-05 0.9366665999999999 0.23652926 0.99280643 0.43097827
2 6.60585e-05 0.9026481 0.21108115 1.0 0.37361282
8 6.549196e-05 0.68224853 0.17162828 0.8891391 0.71682596
9 6.517999e-05 0.45691118 0.28732535 0.606693 0.41744736
12 6.517584e-05 0.96579385 0.21988203 0.9992267 0.33616406
3 6.4800246e-05 0.43584985 0.3102301 0.52304274 0.36743766
13 6.4078326e-05 0.9057129 0.29009175 0.9689389000000002 0.37875208
8 6.383308e-05 0.8999437 0.28275690000000003 0.9754679 0.4188327
3 6.377224e-05 0.76279265 0.2941535 0.8262343000000001 0.35064933
8 6.166247e-05 0.4469143 0.3428665 0.5122957 0.38874257
13 6.114924e-05 0.65993476 0.3475018 0.70800114 0.3877091
2 6.0289585e-05 0.9619645 0.20708339 1.0 0.35523713
4 5.9927508e-05 0.7305202 0.31309065 0.77351946 0.36725146
13 5.9147223999999994e-05 0.75305945 0.3370308 0.82548004 0.3849198
10 5.891618e-05 0.9750827 0.20813444 1.0 0.33127470000000003
2 5.80281e-05 0.94614446 0.21107150000000002 1.0 0.28662709999999997
8 5.7017456e-05 0.7692024000000001 0.14362787 0.9200736999999999 0.7109325
12 5.598837e-05 0.8992792 0.23168339 1.0 0.3518833
8 5.5873203e-05 0.90988636 0.18911101 0.9840193000000002 0.347113
3 5.379398e-05 0.7085109 0.31521448 0.7686267 0.36422515
13 5.3080006e-05 0.47880012 0.33492738 0.56024903 0.40600154
3 5.1230105e-05 0.021001427000000003 0.3383592 0.08102852 0.3939478
2 5.0716444e-05 0.9543541999999999 0.18976387 1.0 0.30245447
8 4.7984085999999995e-05 0.70438516 0.31320995 0.7565242 0.36313155
12 4.793134e-05 0.9023318000000001 0.20042077 1.0 0.31887493
13 4.7861467000000006e-05 0.9351666999999999 0.27662244 0.9898541 0.33725116
5 4.703869000000001e-05 0.46010602 0.34588712 0.53394103 0.41266596
8 4.6596044e-05 0.03822486 0.29552382 0.22192709 0.9605553
8 4.6182166e-05 0.46602887 0.36514974 0.53791505 0.41234243
12 4.606772e-05 0.95698273 0.22865741 1.0 0.31459922
8 4.589879e-05 0.7931209 0.21972944 0.9207446 0.5098039000000001
10 4.516411e-05 0.9683306 0.2261681 1.0 0.31630159999999996
8 4.4248109999999995e-05 0.47425592 0.15798953 0.80731416 0.66280305
13 4.4028e-05 0.46450335 0.36320078 0.55163914 0.42317316
7 4.244821e-05 0.8886528 0.23356235 0.9996765999999999 0.38314262
3 4.1527764999999997e-05 0.44708294 0.29286885 0.5199956 0.33685654
3 4.145152e-05 0.741553 0.29501706 0.7867263000000001 0.34322727
12 4.0453820000000004e-05 0.9306033000000001 0.30579144 1.0 0.35982752
10 4.0431438e-05 0.97004014 0.27081874 1.0 0.38809296
11 3.919418e-05 0.9345855 0.31510356 0.97328836 0.38111046
10 3.7800597e-05 0.9580065000000001 0.1669558 1.0 0.41757885
13 3.7418224e-05 0.8077776999999999 0.3132255 0.86586064 0.36180732
13 3.7224512e-05 0.9081623999999999 0.28019890000000003 0.98239523 0.33780822
10 3.5568726e-05 0.9387626 0.20977022 1.0 0.36895135
13 3.517972e-05 0.7238864 0.2878612 0.7852100000000001 0.33776796
2 3.492488e-05 0.9248236999999999 0.17853275 1.0 0.44059798
10 3.4036057e-05 0.93428487 0.18165715 1.0 0.3366287
9 3.2628348e-05 0.93749404 0.26642865 1.0 0.4080722
1 3.2037035e-05 0.88802534 0.2649936 0.988864 0.36199990000000004
1 3.1775664e-05 0.8778396999999999 0.22973904 0.9868691999999999 0.33399078
5 3.1277148000000004e-05 0.8597309999999999 0.28666452 1.0 0.37838662
3 3.1208769999999996e-05 0.023748498 0.20105946 0.106191576 0.37512249999999997
8 3.1191918e-05 0.016725048 0.10071746 0.14864136 0.36706755
8 3.117995e-05 0.037722133 0.14116612 0.25395536 0.6958065999999999
9 3.062069e-05 0.93703616 0.32216695 1.0 0.36533284
11 3.05943e-05 0.9517382 0.31265859999999995 0.9915155999999999 0.38098326
1 3.045813e-05 0.9139851999999999 0.2410792 0.98918146 0.38293055
8 3.0367240000000002e-05 0.45205727 0.29749078 0.5023016 0.33235916
10 3.0122595e-05 0.94531053 0.2852187 0.99361974 0.38802525
13 2.9989089e-05 0.7239815 0.3438083 0.7882726 0.38624188
8 2.9205112e-05 0.44186607 0.31658646 0.5067383 0.36034036
2 2.9181563e-05 0.92418975 0.29846272 0.99569815 0.36480847
3 2.9043398e-05 0.9393166 0.25673939999999995 0.99696106 0.31794286
1 2.8728699999999998e-05 0.6616416 0.3248119 0.72059166 0.3577117
6 2.8721663e-05 0.37277406 0.28496698 0.6138316 0.41202703
7 2.8475084e-05 0.6648137 0.31396735 0.7242257 0.3699489
2 2.8161208000000003e-05 0.79339385 0.30475628 0.8565067 0.36007679
8 2.7642693e-05 0.09117954 0.9456882 0.14790583 0.98921126
3 2.6274112e-05 0.7298465000000001 0.29685256 0.86678827 0.38644168
9 2.5959549000000002e-05 0.97151774 0.24639148 1.0 0.34374174
2 2.5826727999999998e-05 0.67329055 0.33753997 0.7361613 0.38248688
13 2.5778894000000002e-05 0.003145218 0.2019741 0.09597383400000001 0.31966788
1 2.5261790000000002e-05 0.9614458 0.22624406 0.9966198000000001 0.33485368
10 2.5176947e-05 0.81150347 0.29842427 0.86197954 0.35912890000000003
1 2.496486e-05 0.9160404000000001 0.31884137 0.9927223 0.36388725
10 2.4916615000000002e-05 0.96817225 0.19509411 1.0 0.2917729
5 2.4907733e-05 0.35511570000000003 0.30977285 0.58867997 0.39953673
13 2.4795494e-05 0.4477249 0.333457 0.53388935 0.3986578
13 2.4116824999999998e-05 0.95533675 0.27676 0.9930009 0.39270186
8 2.3913197e-05 0.12635055 0.23554051 0.4184064 0.9234278
13 2.3832634e-05 0.4419799 0.28631634 0.51306456 0.3395492
3 2.3828614e-05 0.7694154000000001 0.32550759999999995 0.8432584000000001 0.3869627
6 2.3622600000000003e-05 0.96421933 0.25098968 1.0 0.34711632
8 2.3500048e-05 0.9096666999999999 0.3267281 0.9537941999999999 0.3754369
6 2.3147366e-05 0.92542404 0.32065659999999996 1.0 0.36587113
7 2.3041126e-05 0.46558747 0.31659025 0.52817655 0.4288193
10 2.3001095999999998e-05 0.9685618 0.25013128 1.0 0.3528401
8 2.2700555e-05 0.052128598 0.29218638 0.32431245 0.96757567
3 2.268831e-05 0.76244724 0.23203212 0.9684789 0.46209404
8 2.2663891e-05 0.49657512 0.32594642 0.55130196 0.3645877
2 2.2392394e-05 0.94921476 0.23935582 1.0 0.31076604
13 2.2390994e-05 0.89122266 0.30499196 0.9598976 0.36235717
7 2.2356344e-05 0.917308 0.31055309999999997 1.0 0.36668473
8 2.2169626e-05 0.5520451 0.31940782 0.8161366 0.87943685
7 2.2153741e-05 0.9627726000000001 0.2331612 0.99911034 0.35205373
7 2.211949e-05 0.910301 0.20766329999999997 0.99619585 0.43281952
8 2.2005212e-05 0.7488794 0.26729608 0.7946262 0.3033567
3 2.196078e-05 0.9574311 0.20712919999999999 1.0 0.26928475
10 2.1851529000000002e-05 0.97639185 0.22886786 1.0 0.37106118
8 2.1552374e-05 0.5999418000000001 0.22190712 0.8362511999999999 0.45651913
1 2.1497255e-05 0.9502864 0.30443109999999995 0.99875116 0.37804964
3 2.1433769000000003e-05 0.7841019 0.21314349999999999 0.85073096 0.26092523
9 2.1216254e-05 0.95751697 0.23334675 1.0 0.28600577
13 2.1100164e-05 0.91527873 0.25120562 0.9865084000000001 0.30420923
12 2.1041875e-05 0.95000446 0.2164001 1.0 0.27306548
13 2.094348e-05 0.9155825000000001 0.26388162 0.97884375 0.35287870000000005
12 2.0698406e-05 0.95648664 0.19922628 1.0 0.28567990000000004
8 2.0636568e-05 0.078554206 0.9458549999999999 0.13247178 0.98941875
8 2.0538078e-05 0.20519376 0.19062464 0.6625786 0.7294061
10 2.0482532e-05 0.48932165 0.31632483 0.5378744000000001 0.4085884
8 2.0380143e-05 0.7252347 0.27174142 0.929524 0.94693744
12 2.0230418e-05 0.7998049 0.30933067 0.8621708 0.35438028
4 2.0180118e-05 0.93561596 0.30319792 0.9968259 0.36614668
12 2.0157147e-05 0.6717819 0.31152424 0.73287904 0.35819670000000003
3 2.0149967999999998e-05 0.7300706 0.29746723 0.7761266 0.33976649999999997
4 2.0075275e-05 0.9727536 0.20737003 0.99838847 0.33762070000000005
8 2.0063952999999998e-05 0.7820031 0.21230765 0.82756823 0.2475676
9 1.9678513e-05 0.6847581 0.32241420000000004 0.7315033000000001 0.36502317
8 1.9617206000000002e-05 0.8565275 0.20220001 0.96295375 0.5290183
8 1.9439074e-05 0.019173741 0.312232 0.054360658 0.36607912
11 1.9421921e-05 0.9474880999999999 0.28662977 0.98063976 0.41007918
6 1.9303629999999998e-05 0.89914393 0.27342188 1.0 0.3732553
12 1.9145198e-05 0.9576956 0.29242873 0.99721694 0.37111002
5 1.901921e-05 0.89884263 0.29703355 1.0 0.44254074
1 1.8885941e-05 0.7865552 0.32134995 0.8519129999999999 0.35521406
12 1.8859078e-05 0.95889246 0.25249568 1.0 0.34332132
7 1.8685184999999998e-05 0.7851269000000001 0.30880293 0.8458878000000001 0.36524063
6 1.852502e-05 0.8961205 0.23944534 1.0 0.34639496
13 1.8104924000000002e-05 0.73076886 0.3393511 0.8128930999999999 0.38718617
8 1.8057264e-05 0.020466601 0.2283018 0.06585625 0.27595156
1 1.8014247e-05 0.9493084999999999 0.24204277 0.99484146 0.31736147
11 1.7982726e-05 0.9552877000000001 0.16637744 0.9986004999999999 0.46638456
13 1.7982578e-05 0.74168485 0.25090250000000003 0.83411235 0.30396554
5 1.7952616000000002e-05 0.8541648000000001 0.26393238 1.0 0.3384287
8 1.7305250000000002e-05 0.45712334 0.31851327 0.51928926 0.36275009999999996
13 1.7267175e-05 0.7524123 0.22065657 0.8629011999999999 0.28490993
3 1.7087257e-05 0.9027879999999999 0.30706578 0.95400006 0.37432644
4 1.6759133e-05 0.91949576 0.24115159 1.0 0.38554558
12 1.648415e-05 0.92173094 0.21445781 1.0 0.37346852
11 1.6436252e-05 0.9305198 0.29192704 0.9650278 0.41072685
6 1.6407575e-05 0.45705920000000005 0.33658385 0.561343 0.40642768
9 1.6130434e-05 0.8089973000000001 0.31836578 0.85757494 0.35915753
11 1.5701896999999998e-05 0.49496958 0.32267353 0.5243778 0.42008075
7 1.5654374e-05 0.9495101 0.29416475 0.99768686 0.39086940000000003
6 1.5648716999999998e-05 0.65532845 0.32229117 0.7457883000000001 0.36077315
13 1.55461e-05 0.87794566 0.17572092 0.9879351999999999 0.33893412
5 1.5435786e-05 0.66175294 0.33327737 0.730351 0.36788702
7 1.5334737e-05 0.94516486 0.22039591 1.0 0.28669995
11 1.5181632e-05 0.9789275 0.22012028 0.9980856 0.34448779999999996
8 1.5025981999999999e-05 0.78196955 0.19421478 0.9398519000000001 0.86875594
