3 0.9547289000000001 0.3471546 0.5533985 0.419037 0.65561664
3 0.736975 0.14243844 0.52860665 0.36401940000000005 0.74612653
8 0.5383521 0.018521816 0.48959315 0.4232643 0.7563591
3 0.51530963 0.059335526 0.48532936 0.34501883 0.7591913
8 0.22951487 0.11667637 0.5351164 0.34281638 0.7275517
8 0.09527597 0.34187624 0.5552285 0.42420015 0.65284616
8 0.02982873 0.0 0.28697422 0.39974383 0.78355634
3 0.027071476 0.22588064 0.5407376 0.33888313 0.587775
3 0.01267935 0.18896500000000002 0.53081197 0.39661705 0.6913829
3 0.011307578 0.21771559 0.545894 0.34981465 0.6028823
3 0.005718137 0.25184268 0.528566 0.4113978 0.64553547
8 0.0054382530000000005 0.19081222 0.5050106 0.39924037 0.65752757
13 0.0043780194 0.3167051 0.58682203 0.43914914 0.63941216
13 0.004278065 0.34664285 0.5739494 0.4362117999999999 0.6558702
13 0.0037974827000000003 0.014485847 0.50235194 0.48181614 0.7659736999999999
3 0.0027964727 0.061859015 0.3473403 0.38667536 0.7433364
13 0.0024200276999999997 0.12872855 0.5595036999999999 0.3338562 0.73563385
8 0.0023106344 0.09959003 0.5765831 0.31667906 0.7475252
13 0.0019381195 0.052235264000000003 0.5477255999999999 0.36645797 0.8518874
13 0.0018482273000000001 0.16336289999999998 0.5254403 0.36870402 0.72386616
13 0.0016899896 0.32057209999999997 0.581599 0.4064467 0.65357316
9 0.0016600054000000001 0.19301093 0.5884666000000001 0.35674015 0.77504075
11 0.001584323 0.3368897 0.5454644000000001 0.39043176 0.68743163
6 0.0013624637 0.31979840000000004 0.5862173 0.42703232 0.65014374
13 0.0012720231 0.0 0.5951628000000001 0.42355200000000004 0.80443233
9 0.0012495038 0.22070237 0.5491734 0.373298 0.71832573
8 0.0012356471000000001 0.0 0.47606915 0.29672453 0.9226105
12 0.0011606152000000001 0.20213237 0.54353225 0.37958142 0.70470834
8 0.0010847085000000002 0.058281817 0.5506681 0.30867645 0.70310307
9 0.0010383605 0.05396973 0.450738 0.42408812 0.6994882
6 0.0010353748 0.1677158 0.6031124 0.38506052 0.79553705
7 0.001030003 0.31627446 0.5752221 0.43563583 0.6604198
5 0.0009491533 0.13163993 0.60770375 0.35324824 0.7845451999999999
9 0.000946274 0.34558085 0.5612201 0.42425162 0.63476574
8 0.0009387142 0.047993254000000006 0.40928212 0.33017167 0.82489914
12 0.00093712826 0.20490599 0.57742906 0.3659031 0.7435149000000001
5 0.00091346446 0.0 0.62148714 0.29022859999999995 0.9069758
1 0.00090581516 0.123924695 0.5957823 0.31630972 0.76565576
9 0.00089875114 0.0922265 0.5823636999999999 0.37042642 0.871711
11 0.0008933036 0.36000425 0.5548017 0.41007143 0.64894485
9 0.0008747023 0.062703736 0.5080811 0.45144070000000003 0.76638615
4 0.0008694771 0.197206 0.54204 0.34821707 0.7812687
11 0.00082976505 0.33920807 0.5819164000000001 0.39383408 0.66463524
5 0.00082914607 0.2714773 0.59151137 0.42702448 0.64879936
4 0.00079563964 0.35253063 0.5632455 0.4365412 0.65754485
13 0.0007857154700000001 0.33347175 0.56450063 0.41692436 0.64884675
11 0.0007291353 0.056071304 0.37300366 0.28003859999999997 0.9456289000000001
1 0.0007147933 0.17361024 0.5663906 0.34397498 0.7343674
10 0.00071150647 0.1900259 0.52458155 0.3263395 0.7375873000000001
1 0.0007040901700000001 0.0 0.55311817 0.31786016 0.8259038000000001
2 0.0006880483 0.04397372 0.5251111999999999 0.5102654999999999 0.7991308000000001
9 0.00068426004 0.34047836 0.5786891 0.45863100000000007 0.6380611999999999
8 0.0006635901 0.022068962 0.08686445 0.33965945 0.8746765
5 0.0006550099400000001 0.29835558 0.5850350999999999 0.40394565 0.66908085
4 0.0006438295 0.22955279999999997 0.49451813 0.370027 0.73553497
9 0.0006363757 0.12484237 0.5392455 0.44189623 0.84142333
11 0.000633043 0.19768932 0.5223856 0.30238634 0.7684686
1 0.0006312772 0.31403017 0.5973384 0.39974436 0.64852774
2 0.0006302788 0.117927045 0.42943420000000004 0.42891976 0.7842129
5 0.0006223621299999999 0.0 0.6019287 0.47472674 0.83985406
4 0.0006139662 0.32919 0.56353146 0.4101822 0.6543165
9 0.0006133054 0.082010426 0.60603124 0.547339 0.8404325
12 0.0006042463 0.18697241 0.53884137 0.45674202 0.66792256
2 0.0006028506299999999 0.040078803999999996 0.50477093 0.348285 0.8316728999999999
6 0.0006004484 0.0 0.5972829000000001 0.6326444999999999 0.8628308000000001
9 0.0005894798999999999 0.18706714 0.56571597 0.42082970000000003 0.6844849000000001
11 0.00057824206 0.22611065 0.5421843000000001 0.3272382 0.80628437
7 0.0005666767 0.15407823 0.5575859000000001 0.33833912 0.80060154
11 0.000566639 0.13482460000000002 0.37533307 0.35842909999999994 0.98099154
2 0.0005604986 0.31132403 0.58003885 0.42799032 0.6351694999999999
8 0.0005543899 0.09563928 0.34139994 0.6626679 0.8683054
5 0.0005458476999999999 0.0 0.5733946999999999 0.35559250000000003 0.7890734
7 0.00053407525 0.1797592 0.49651673 0.35686564 0.7619557
11 0.00052867236 0.08206687 0.45225507 0.41364875 0.9092375
4 0.0005271600700000001 0.37898266 0.5467361 0.44361866 0.6730218000000001
4 0.0005260568 0.35885027 0.5323270999999999 0.4224379 0.64554286
2 0.00052448176 0.35897425 0.5592838000000001 0.43314865 0.6503774999999999
4 0.00051666994 0.20546198 0.45352942 0.58128786 0.81068987
7 0.0005108366599999999 0.0 0.44182658 0.39722955 0.9831651
8 0.0005103132599999999 0.12674169999999998 0.39764208 0.37411514 0.8087989999999999
12 0.0005087030999999999 0.33870548 0.53665435 0.42256156 0.6258169
7 0.00050586334 0.33986378 0.5343945999999999 0.42195228 0.66044766
11 0.0005016172000000001 0.36065036 0.58669686 0.41586456 0.6667609
1 0.0004983845 0.0 0.5911004 0.2712762 0.85636884
1 0.00046940357 0.0 0.53550047 0.2498679 0.7914279000000001
13 0.00046893719000000005 0.09673186 0.58726704 0.37715012 0.7026954000000001
4 0.00046835519999999996 0.083664924 0.50352865 0.47992754 0.8562658000000001
6 0.00045475762000000004 0.16102239999999998 0.5634492 0.43139449999999996 0.70175755
2 0.00043745057 0.097364776 0.39881742 0.5257366 0.72048473
10 0.00043488785999999994 0.33878526 0.5390087 0.41037822 0.6345414
6 0.0004162029 0.18553336 0.537782 0.40551066 0.7491845
12 0.00041295966 0.0 0.43698254 0.56200904 0.6848890000000001
11 0.00038221707999999997 0.24522206 0.5155518 0.33379862 0.7170181999999999
2 0.00037209491999999996 0.16368297 0.5532219 0.33349829999999997 0.7465177
9 0.00036756822 0.33614558 0.5693575 0.44810432 0.6206728
10 0.00036690212 0.21618141 0.47601375 0.35550290000000007 0.7104675
7 0.00034739845 0.33543637 0.5535671 0.44377857 0.63266134
11 0.00034421260000000003 0.1788729 0.36228156 0.41425329999999994 0.93929875
13 0.00034113327000000003 0.18010935 0.55632246 0.40328926 0.69173586
9 0.00034072483 0.37094116 0.57958263 0.45158088 0.65074325
9 0.00034010765 0.03551341 0.543852 0.27978307 0.8666746999999999
6 0.00033372917000000003 0.0024301328 0.5368583 0.44908494 0.79763776
6 0.00032901592000000006 0.33482140000000005 0.5415175 0.43237516 0.640729
1 0.00032835192 0.3597442 0.5924439 0.43015835 0.66573495
4 0.00032596316000000003 0.22451866 0.52918094 0.40013754 0.6977766
12 0.00032554337 0.04988825 0.4235399 0.43507352 0.74097794
5 0.0003241472 0.0 0.5752948 0.589982 0.78925854
5 0.00032392669999999996 0.31959483 0.57450235 0.4374194 0.64488876
12 0.00032062636000000004 0.3431515 0.5503091999999999 0.44835898 0.6107319
13 0.00031919117 0.22227538 0.53806746 0.32087059999999995 0.6008009
1 0.00031742395 0.33981687 0.601467 0.42208633 0.6535732
1 0.0003165686 0.006907923000000001 0.53642046 0.43362349999999994 0.75100714
10 0.00031358615 0.3762284 0.5475111999999999 0.4360786 0.66400737
12 0.00031356805 0.34814003 0.5726059 0.44992322 0.6347984999999999
1 0.00031322963 0.33566803 0.56583375 0.40912947 0.63637465
9 0.00030619625 0.3357467 0.57506496 0.40152174 0.66263944
11 0.00030429729999999997 0.38535398 0.557243 0.43698063 0.672125
7 0.00029815367000000004 0.35017365 0.55844665 0.44184646 0.6712766
7 0.00029690098 0.3047855 0.56338584 0.40449768 0.6894884
2 0.0002959338 0.32274792 0.56108636 0.40795457 0.6413352
7 0.00029429066 0.0 0.41259217 0.48384073 0.78013813
5 0.00029308002999999997 0.14392516 0.5690407 0.39185572 0.7413569999999999
9 0.0002928551 0.17937896 0.59888846 0.41410235 0.73803
3 0.00028940279999999997 0.07712535 0.5240241 0.37836420000000004 0.6923758000000001
13 0.00028653248 0.010703414 0.32061785 0.408762 0.8540128
12 0.00028622776 0.0 0.3553263 0.47472626 0.62210506
4 0.0002634688 0.04597989 0.48139018 0.38079917 0.8059651999999999
11 0.00026116872000000004 0.20299871 0.39290559999999997 0.49321282 0.84526
10 0.00026056013 0.31267658 0.5764136 0.42006270000000007 0.6538781
6 0.00025831490000000003 0.0 0.5054289000000001 0.6665455 0.7713348000000001
2 0.00025316418 0.17428076 0.5365791 0.39734402 0.66780436
2 0.00025273193 0.3552602 0.5529049 0.4457723 0.60502934
8 0.00024076544 0.21974872 0.54449856 0.32123 0.5925767
8 0.00024063588 0.02116578 0.31699112 0.5021954000000001 0.92518353
6 0.00023941055 0.32870692 0.5603392 0.43895020000000007 0.6217826
10 0.00023823652000000002 0.16420034 0.41384107 0.4198553 0.89887965
2 0.00023369046000000003 0.35350743 0.5353045999999999 0.42583459999999995 0.6203417
13 0.00023279445 0.10739857 0.51238066 0.45248607 0.8500587
6 0.0002301616 0.14844109 0.6196731 0.42876703 0.7345921
6 0.00023014472000000002 0.34542632 0.5828608000000001 0.46369803 0.66816765
3 0.00022978689 0.04318552 0.2627935 0.3338292 0.9039601
2 0.00022791562999999998 0.021885562999999997 0.48322740000000003 0.35678592 0.72052234
2 0.00022784276000000002 0.19926205 0.49036983 0.34338155 0.7197420999999999
1 0.00022516252999999997 0.0 0.43264675 0.35533202 0.6362937
13 0.00022114063999999998 0.0 0.43741800000000003 0.37421244 0.7280411
7 0.00022022257 0.16244465 0.54070896 0.42016006 0.7059084
3 0.00021761499 0.13065230000000003 0.47281530000000005 0.45944563 0.75690335
4 0.00021508557 0.17344588 0.409082 0.54515857 0.71786946
7 0.0002086909 0.0 0.47427157 0.34814706 0.8454125
8 0.00020389686999999998 0.15227045 0.53365576 0.2983106 0.77324075
4 0.00020276305 0.22391996 0.38939178 0.4707884 0.82659286
13 0.00020076713 0.2031746 0.56435233 0.3075394 0.6138965000000001
10 0.00019837542 0.33036673 0.5640556999999999 0.40359154 0.66897035
10 0.00019601171 0.32243654 0.55395967 0.42077753 0.6159364
4 0.00019590407 0.12854274 0.38024268 0.44290277 0.686495
4 0.00019570278999999998 0.07084313 0.5097689999999999 0.34108102 0.91923404
3 0.00019468637999999999 0.06725732 0.21024661 0.45986775 0.7849871
10 0.00019183389999999999 0.08596932 0.46279502 0.33673802 0.851856
10 0.00018894367 0.14769408 0.55288553 0.3649892 0.7122512
5 0.00018648744999999998 0.34051138 0.5906522 0.45384189999999996 0.6767193
7 0.00017777063000000003 0.0 0.5383788 0.53322434 0.9003162
4 0.00017391778000000002 0.3658067 0.548333 0.43103346 0.6214626
12 0.00017178978 0.0047716736 0.49310129999999996 0.6001631 0.7716857
13 0.00015626538 0.0 0.48702259999999997 0.25502470000000005 0.7565446
5 0.00015493836000000002 0.0 0.52046436 0.54199487 0.7178875
7 0.0001485455 0.063041076 0.36689892 0.4356906 0.86715376
3 0.00014787517 0.09140942 0.5760827 0.373528 0.76676416
10 0.0001426674 0.19679905 0.35694364 0.55017364 0.79267585
8 0.00013872472 0.032691386 0.53602827 0.24272728 0.68368214
13 0.00013809201000000002 0.04383073 0.5476555000000001 0.31818917 0.69455504
6 0.00013773487 0.0 0.43960953 0.6266465999999999 0.70814997
12 0.00013376535 0.00022529487999999997 0.473113 0.36750284 0.7206123000000001
8 0.0001314881 0.29726598 0.49173132 0.4538073 0.65376675
12 0.0001314601 0.33210388 0.55930984 0.40824243 0.64204943
9 0.00012552155000000002 0.12218203400000001 0.5756247 0.6236714 0.7966734999999999
5 0.00012532152 0.051759917 0.60495186 0.41386616 0.7119594
10 0.00012378795 0.02137557 0.32558158 0.41189954 0.68039167
1 0.00012350471 0.3101784 0.5585167 0.38914174 0.6261686
10 0.00012173812 0.18463969 0.5837314 0.38374943 0.749008
13 0.00011611743 0.29791442 0.5719799 0.40623382 0.6320749
11 0.00011471815399999999 0.36390042 0.5702356 0.41139359999999997 0.6316089
12 0.00011118367500000001 0.20151131 0.58226246 0.4386637 0.71093625
11 0.00010846247 0.10895546 0.41190649999999995 0.34620532 0.7255714
8 0.00010825546999999999 0.31410924 0.5493781 0.38982102 0.6702849
13 0.000107833264 0.22803369 0.5607084 0.33151597 0.6178518
12 0.00010723962 0.17351487 0.5268845 0.32538682 0.70533645
2 0.00010674493 0.14288649 0.5681736 0.36843088 0.6950929
10 0.00010638013 0.099356785 0.45208514 0.49179024 0.8388366
8 0.000105484745 0.21392381 0.5506361999999999 0.31757793 0.61025506
7 0.000105098516 0.14179514 0.5737285 0.39020234 0.7281141999999999
9 0.00010429401 0.32779473 0.55816513 0.39899194 0.6423731
6 0.00010202210999999999 0.106733195 0.5541956 0.37455446 0.6898526
10 0.00010066315999999999 0.162806 0.5394306999999999 0.29127952 0.7163901
11 9.8453536e-05 0.14757879999999998 0.40198866 0.42690963 0.75772125
13 9.8430224e-05 0.23305085 0.5508214 0.44592196 0.6714023
2 9.785768e-05 0.06275961 0.3540235 0.47326999999999997 0.62273884
3 9.449778e-05 0.32356215 0.55500126 0.40309948 0.6680825
1 9.326456e-05 0.06976347 0.5869186 0.27752787 0.74721014
6 9.284101500000001e-05 0.3142924 0.55017877 0.413945 0.6350579000000001
10 9.083844e-05 0.19331029 0.47870496 0.5783883000000001 0.8732174000000001
8 9.04643e-05 0.3299192 0.5775935999999999 0.3995613 0.6711342
1 8.730357e-05 0.33898720000000004 0.59391636 0.41148140000000005 0.6753328000000001
7 8.64621e-05 0.31217990000000007 0.5455806 0.40129665 0.6578611999999999
8 8.608254999999999e-05 0.41673878 0.40995523 0.89429224 0.9547803
3 8.315746499999999e-05 0.0068777474 0.5589425 0.36398488 0.96876866
9 8.302712400000001e-05 0.067670316 0.40326944 0.45026416 0.9184435
11 8.1781756e-05 0.21969017 0.5776085 0.33917418 0.7370846999999999
8 8.165831999999999e-05 0.050747525 0.56141627 0.25418565 0.7448482
11 8.127693e-05 0.17079207 0.50057834 0.27446425 0.76647806
1 7.823201e-05 0.09856895 0.55231935 0.28523684 0.71672356
12 7.697142399999999e-05 0.17410532 0.5106997999999999 0.45563525 0.6338020000000001
11 7.148138e-05 0.05042638 0.42797136 0.22082444 0.84785426
13 6.86503e-05 0.24168448 0.55235255 0.32215112 0.6351798000000001
10 6.822764e-05 0.12736548 0.5348458 0.32305977 0.67230403
5 6.762925999999999e-05 0.29560322 0.5785762 0.44687882 0.62209153
1 6.7247805e-05 0.12568247 0.5457484 0.35591194 0.6565787
9 6.7020876e-05 0.15332362 0.5933813 0.30375215 0.7970904000000001
8 6.324664e-05 0.028916866 0.39600566 0.2493032 0.72994477
10 5.825993e-05 0.1300905 0.5564869 0.5222074999999999 0.8850136000000001
5 5.7623972999999995e-05 0.08586382 0.5910046999999999 0.30387503 0.74433964
9 5.61184e-05 0.13302743 0.57727426 0.36345 0.69789517
1 5.5251759999999996e-05 0.19246893 0.5612246999999999 0.41910136 0.68555474
5 5.0963329999999996e-05 0.0 0.48891634 0.41372034 0.8789476999999999
8 5.0942148e-05 0.0019723028 0.50813043 0.21920924 0.80862
12 5.0149178000000004e-05 0.24063967 0.51974744 0.33545643 0.5905417
11 4.9159342e-05 0.19099411 0.51273966 0.2834742 0.71015036
13 4.8323956e-05 0.14458428 0.529746 0.3547401 0.6604214
1 4.814354e-05 0.20425111 0.54324746 0.29466003 0.5877089
1 4.7569752e-05 0.0 0.56363326 0.20810953 0.7437045999999999
10 4.7334972e-05 0.061168905 0.51720506 0.2709833 0.7591126
4 4.7164987e-05 0.38385212 0.56266326 0.45652914 0.65624046
13 4.7011006e-05 0.11239078 0.63979465 0.4004413 0.7387303000000001
6 4.6964534999999996e-05 0.12686516 0.53703415 0.46096566 0.66468555
1 4.6436337e-05 0.13455997 0.62715256 0.35800081 0.7396729000000001
2 4.347724e-05 0.3499596 0.58089805 0.45489946 0.6357698
11 4.203722e-05 0.34349307 0.565621 0.3916901 0.6301529
3 4.1475929999999996e-05 0.10505712 0.47783098 0.37062293 0.8471943000000001
11 4.085984e-05 0.13845888 0.123279475 0.40830258 0.9879785
13 4.032996e-05 0.02995748 0.5006897 0.44886237 0.9883375
1 4.0158397e-05 0.028466541 0.56494516 0.24511987 0.6858183000000001
9 3.883631e-05 0.13725998 0.6097099 0.36360574 0.7447454000000001
4 3.8822031999999996e-05 0.15029089999999998 0.51968825 0.33503127 0.69069386
2 3.8798305e-05 0.043632715999999995 0.13729823 0.47954318 0.79487497
2 3.8776667e-05 0.3319252 0.5370809 0.41334453 0.6125808
10 3.8498172e-05 0.18230844 0.502175 0.3865297 0.6536518
7 3.7920116e-05 0.34177518 0.5824258000000001 0.45202678 0.6526787
7 3.712741e-05 0.21022062 0.5321408000000001 0.30901300000000004 0.60490227
4 3.71253e-05 0.33913332 0.53439516 0.39787176 0.639934
13 3.6699614e-05 0.19310358 0.5442821 0.29112333 0.5954729999999999
1 3.565885e-05 0.19790718 0.56837696 0.30730486 0.6237604999999999
3 3.5243836e-05 0.405945 0.49183896 0.9203558000000001 0.98855937
7 3.473055e-05 0.0 0.21193996 0.44015062 0.96616864
11 3.4507564e-05 0.23990296 0.6051163 0.3604853 0.7791041999999999
11 3.4102213e-05 0.24612468 0.5296823 0.29888687 0.5916140999999999
4 3.39152e-05 0.15191269 0.5519313 0.31000116 0.7751355999999999
1 3.3141197e-05 0.0 0.32532972 0.37580004 0.7697579000000001
13 3.29361e-05 0.0 0.1209345 0.34554955 0.8075808000000001
5 3.280468e-05 0.0 0.5609619 0.23503834 0.76779133
3 3.2293257e-05 0.05262705 0.55240756 0.28185809999999994 0.75369173
5 3.2292108e-05 0.018752368000000002 0.5846406999999999 0.36264738 0.68526417
11 3.219764e-05 0.17916507 0.55756193 0.29002792 0.6916521999999999
2 3.1722473e-05 0.17797472 0.50713706 0.41109222 0.6369309
9 3.1630003e-05 0.16315374 0.55230844 0.29915112 0.741326
7 3.1054748e-05 0.19748153 0.5569771 0.31154537 0.63077044
3 3.0231397000000002e-05 0.2733064 0.53693545 0.38660570000000005 0.59186476
13 3.0041257999999998e-05 0.08064159 0.4934662 0.29973286 0.92721426
9 2.9757673e-05 0.25041518 0.54886276 0.45036808 0.66897714
8 2.915138e-05 0.28848368 0.53230363 0.38107356 0.58528155
10 2.8936644e-05 0.26360667 0.5176741 0.33635643 0.5988532
11 2.8710925e-05 0.18769138 0.57483256 0.30574274 0.7343918
9 2.8509932e-05 0.03461832 0.188073 0.37202668 0.89953756
10 2.7672175e-05 0.23897633 0.5304236 0.31816593 0.59495604
11 2.7542123e-05 0.24839501 0.42482770000000003 0.5766901 0.8817079
11 2.7466922e-05 0.23656952 0.52158993 0.35831705 0.6766829000000001
2 2.7211646999999997e-05 0.12692358 0.5365036999999999 0.31880513 0.6627265999999999
5 2.6248415e-05 0.090564005 0.56493443 0.41542060000000003 0.6711454000000001
9 2.6072208e-05 0.17028634 0.6316447 0.39506817 0.77298343
12 2.6036696000000003e-05 0.0 0.12560427 0.5276329000000001 0.6726810999999999
13 2.5717929e-05 0.21973243 0.5558684 0.30497503 0.6311338000000001
1 2.5244573e-05 0.23099455 0.5438313 0.31931132 0.5924510000000001
12 2.5023493e-05 0.37091044 0.57654285 0.47186404 0.636718
1 2.4554452000000002e-05 0.2219643 0.5662052 0.33223778 0.6286168000000001
5 2.4459881e-05 0.20205556 0.54601115 0.30804753 0.60138696
12 2.4366266999999997e-05 0.10976862 0.53584296 0.35159507 0.67319465
13 2.4250008e-05 0.0 0.27134833 0.24985671 0.98185796
6 2.368301e-05 0.0 0.5446324 0.34316146 0.7354961
3 2.2797321e-05 0.011717326 0.5029125 0.27492738 0.8128925
5 2.2285494e-05 0.1978626 0.55882436 0.29364120000000005 0.62982506
13 2.2039962999999998e-05 0.045219116 0.18517543 0.45107856 1.0
3 2.1150578e-05 0.34395978 0.5754478 0.4274974 0.67374074
11 2.0555684e-05 0.15332875 0.5457251999999999 0.2652839 0.7003286999999999
4 2.0410649e-05 0.14887582 0.27956715 0.46658862 0.85724956
9 1.9599270000000002e-05 0.17391983 0.49930802 0.69547457 0.7468180999999999
11 1.9098266e-05 0.2726858 0.53043157 0.32418886 0.58885515
6 1.890254e-05 0.18794161 0.54193115 0.35475346 0.5937939999999999
4 1.878775e-05 0.34223145 0.5474747 0.40644678 0.61775404
4 1.8762537e-05 0.26777136 0.5199760999999999 0.42892247 0.68913865
4 1.8140954e-05 0.27822018 0.46222606 0.49606490000000003 0.84914124
11 1.796178e-05 0.27766430000000003 0.48229890000000003 0.42375118 0.6857576
9 1.7860253e-05 0.13745244 0.57384443 0.27852747 0.76481193
