3 0.96401155 0.7391392 0.39045691 0.97985756 0.709238
3 0.21506175 0.9040450000000001 0.5923763000000001 0.9670619 0.7402436
8 0.09011104 0.71901304 0.39232722 1.0 0.70300823
8 0.011129948999999998 0.9152499 0.6265432 0.9611784999999999 0.7156583000000001
3 0.008863105 0.91026086 0.39462748 1.0 0.6185841999999999
8 0.008163309 0.8476113999999999 0.38523135 1.0 0.7394208000000001
8 0.00799963 0.66494566 0.30253002 0.99185497 0.823383
3 0.0060666143 0.8856306999999999 0.36809158 0.9951259 0.7174376
13 0.005524725 0.9054135 0.63406086 0.9731902 0.7227501000000001
8 0.005252896999999999 0.9049183000000001 0.42247164 0.99530303 0.57907397
3 0.004725125 0.91723293 0.4479874 1.0 0.56215084
1 0.0036002770000000003 0.89361 0.638845 0.95921755 0.7281813
9 0.0035117206 0.9101203999999999 0.61521566 0.96562 0.7067179
8 0.0032463206 0.7207709 0.21989593 0.965807 0.7618427
7 0.0028738546999999997 0.89645946 0.62273115 0.96546936 0.7388113000000001
13 0.0028484294 0.916544 0.62487984 0.960996 0.7395679000000001
13 0.0027107567999999998 0.7545163 0.4093874 1.0 0.7394976
8 0.0025052226000000003 0.8956321 0.37228888 0.98924917 0.54588825
12 0.0024391706 0.92473775 0.6115843000000001 0.9775571 0.7030384
13 0.0024203693 0.62326264 0.48482445 0.9878780999999999 0.7285635
6 0.0016345122 0.590184 0.4781768 1.0 0.7566818000000001
2 0.0016208810999999998 0.90027875 0.61613023 0.97681946 0.72009593
13 0.0014923604 0.692986 0.43661267 0.9421146 0.7840918
8 0.0014566485999999998 0.75046134 0.42994943 0.89360404 0.64285636
1 0.0014244351999999998 0.54982877 0.45509220000000006 0.89069116 0.6639775
1 0.0013429452 0.5556884 0.507953 0.90170336 0.71731114
5 0.0012754067 0.48388869999999995 0.4426099 1.0 0.6887916000000001
5 0.0011707885 0.50438535 0.48534176 0.9595753 0.757652
7 0.0011610362 0.6208431999999999 0.30672365 0.99430406 0.7472149
4 0.0011305072999999999 0.91622585 0.6304211999999999 0.96783775 0.73394346
5 0.0011273739 0.89200765 0.6178632 0.9755936 0.7266704
3 0.0010712113 0.7379356 0.39372694 0.936343 0.6060259
3 0.0010578026 0.9060351999999999 0.54664725 0.98076403 0.7522483
8 0.0010528523 0.91408217 0.60447687 0.94873035 0.7272672
6 0.0010247218 0.7491809 0.48488533 1.0 0.7974228
9 0.0008793312599999998 0.719009 0.38434678 0.99821025 0.6692531999999999
12 0.00087164546 0.9277837 0.6048428000000001 0.9590421 0.72153926
10 0.0008480038400000001 0.9151246 0.6135243 0.9699133 0.73378265
8 0.0008474861 0.92155665 0.44887380000000004 0.9825848 0.54999626
6 0.00083179167 0.9061965 0.6345891 0.9790101000000001 0.7257545999999999
7 0.00083072844 0.7654185 0.2833231 0.9966202 0.68206966
13 0.0008216925999999999 0.90752786 0.62300384 0.949356 0.7325813
13 0.0008198310400000001 0.8860376 0.43088377 0.9890125 0.5731715000000001
4 0.000786118 0.77955407 0.39011090000000004 1.0 0.79306453
7 0.0007717396000000001 0.50991374 0.41512573 0.98917454 0.8179656
8 0.00075721554 0.91890407 0.46696013 0.98937726 0.53359973
3 0.00074443786 0.9124613000000001 0.47498100000000004 0.9994339 0.5752046
11 0.00073099067 0.69570607 0.3619706 0.8775489 0.7553076999999999
1 0.000727789 0.8759646999999999 0.6339062 0.94345874 0.7185285
3 0.0007193752 0.73240656 0.2232596 0.97372335 0.68549925
8 0.00069559674 0.8009609000000001 0.32783854 0.99244106 0.80281174
13 0.0006954483 0.7250696999999999 0.40364763 0.8971153000000001 0.66911733
8 0.0006899079300000001 0.9084247 0.6456699 0.9541003 0.7258569
7 0.0006317013 0.91241384 0.6084399 0.9535732 0.7615017
12 0.000615228 0.7489558000000001 0.3020839 1.0 0.5992970000000001
5 0.0006145293599999999 0.69321984 0.50293535 1.0 0.7903215
1 0.0006089371 0.90904844 0.61931366 0.9552541999999999 0.73451525
13 0.00060620013 0.88387626 0.6387661 0.98262256 0.70750606
9 0.0006059432599999999 0.92040545 0.60637504 0.9539337999999999 0.7195498
2 0.00060435117 0.625903 0.3383308 1.0 0.59432006
3 0.00057676504 0.9233945 0.4188384 0.99695534 0.5484051999999999
7 0.00053244235 0.71201104 0.42073265 0.9933061 0.8124129
13 0.0005304183 0.90738785 0.66172 0.9804548000000001 0.73912704
9 0.0005257767 0.80622977 0.3504295 1.0 0.62188053
2 0.00051747944 0.62495774 0.40367913 1.0 0.67174244
6 0.0004885401999999999 0.6237473000000001 0.3539693 1.0 0.6882265999999999
10 0.00048302088 0.9258761000000001 0.5867401999999999 0.9587377 0.7366136
1 0.00047707660000000004 0.7796887 0.47782442 0.97148395 0.7039354999999999
8 0.0004421243 0.8993264000000001 0.6354951999999999 0.95548135 0.7051229
1 0.00043585879999999996 0.7295709 0.38405994 0.95511156 0.6175215000000001
12 0.00043367024000000006 0.6265483000000001 0.36534770000000005 1.0 0.6230217
5 0.00043091989999999997 0.91649157 0.60940504 0.9594565 0.7584398
1 0.00043080573 0.5109529 0.36805207 0.8989046 0.5861475
4 0.00042084503 0.8236434000000001 0.28032133 1.0 0.6221793000000001
4 0.0004175109 0.74382365 0.34042308 1.0 0.6714939
9 0.00040491889999999997 0.7997394 0.48603509999999994 1.0 0.7465440999999999
1 0.00039904038000000003 0.7351302 0.5400314 0.9823636 0.76576865
3 0.00038238614999999996 0.93109477 0.45817440000000004 1.0 0.5446344
10 0.00037858248 0.79597276 0.24079072 1.0 0.6270518
13 0.00037738712999999994 0.6037670999999999 0.40671816 0.9653546000000001 0.68783504
6 0.00037136202000000006 0.74654186 0.33191776 1.0 0.64151514
13 0.00037007988 0.9216146999999999 0.46327084 0.9836113000000001 0.55443907
12 0.0003544639 0.7937837 0.46246716 0.9843431 0.6988914
13 0.00035212567000000004 0.8975460999999999 0.6103884 0.95859665 0.7129116999999999
13 0.00033999296 0.9105165999999999 0.46844622 0.9939636000000001 0.53696805
5 0.00032871446000000003 0.73200834 0.40136105 1.0 0.6485976999999999
8 0.0003250549 0.87887716 0.5698055000000001 0.98002124 0.7419576999999999
13 0.00032203094 0.8554946 0.46865946 0.9979466 0.7928126
4 0.00032018473999999997 0.8441511999999999 0.32279959999999996 0.9989062 0.69175065
2 0.00031504617 0.75825685 0.42842603 0.9904869000000001 0.71132916
8 0.0003098845 0.025721617000000002 0.30896422 0.20254678 0.99351984
11 0.0003070049 0.8233633 0.43327418 0.96824396 0.84789765
2 0.00030230422 0.90577966 0.40866855 0.9962749 0.54943043
11 0.0002976792 0.9214353999999999 0.64329815 0.9558274 0.744322
8 0.00028988032000000003 0.5040505999999999 0.27955806 0.9141946 0.8683936
8 0.0002867543 0.02642531 0.15587668 0.20916781 0.72707146
10 0.00028109792 0.83967406 0.30544558 1.0 0.71669024
9 0.00027537013999999997 0.7407574 0.37536344 0.9294898000000001 0.73910964
11 0.00027313505 0.8429733 0.36701208 0.9491951 0.6584386
7 0.00027255635 0.8937705 0.46417275 1.0 0.6105128000000001
8 0.00026850202 0.9044207000000001 0.5825228 0.9743851999999998 0.72629195
4 0.00026201774 0.92210364 0.6074168000000001 0.9556428 0.7407325
4 0.0002573757 0.68686604 0.40162325 0.982574 0.76162046
8 0.00024002650000000002 0.62414277 0.1660117 0.9401028 0.7840701
13 0.00023828782000000003 0.72038263 0.45456263 0.9346613000000001 0.6292770000000001
2 0.00023616702999999998 0.68905956 0.29167116 0.9583959000000001 0.6349891
11 0.00023501406000000003 0.90295583 0.63312143 0.9408165999999999 0.7421988
13 0.00022973212000000002 0.8543957 0.6168126 0.9918582 0.74011797
2 0.000226889 0.9150934000000001 0.59089655 0.9602567 0.73684716
9 0.00022498332000000002 0.84095037 0.43530563 1.0 0.6941899
12 0.00022171342999999997 0.73812455 0.38592577 1.0 0.6594044
7 0.00021590166000000002 0.8918203000000001 0.6625413 0.96112454 0.7665357
8 0.00021065773999999997 0.06832571 0.14712119 0.36928648 0.7237113000000001
9 0.0002077663 0.91584766 0.64446616 0.9683914 0.7412751999999999
6 0.00020690766 0.8898632 0.6399521 0.96231955 0.7198613
7 0.00020690242 0.893387 0.42423162 1.0 0.57524467
11 0.0002035275 0.91861176 0.46217105 0.9757322 0.6082384
13 0.00020260754 0.8928974000000001 0.66792357 0.99559003 0.724847
8 0.00019858307 0.9193778 0.44140820000000003 0.9837179 0.5126670999999999
8 0.00019426842 0.92102796 0.47422079999999994 0.98050064 0.57274115
7 0.00019412098 0.882969 0.6393266 0.97952724 0.7168572
5 0.00019330032 0.71047413 0.44012890000000005 0.86279786 0.6323896
12 0.00019141179 0.6128696 0.29178634 1.0 0.55932873
9 0.00019140376 0.8987796999999998 0.61176157 0.94936925 0.71432865
6 0.0001902326 0.9150226999999999 0.6238892 0.9650516 0.73815525
12 0.00018811261999999998 0.9272144 0.6250576999999999 0.99859726 0.68993986
8 0.00018533881000000002 0.90208215 0.61240333 0.9537066999999999 0.6927416999999999
5 0.0001826652 0.74664086 0.45721522 1.0 0.75039774
12 0.00017755477 0.6874345000000001 0.3145182 0.9529254999999999 0.67159307
11 0.00017734756999999998 0.92922735 0.60860384 0.9517064000000001 0.7499624
11 0.00017253448 0.74208516 0.41292313 0.9084751 0.78450173
10 0.00017236933 0.7796841 0.39536253 1.0 0.8117217
10 0.00017212375 0.6589746999999999 0.31454027 1.0 0.71946377
13 0.00016754185000000002 0.8869679 0.5880484 0.9906216999999998 0.7310445
11 0.00016746468 0.938629 0.46397483 0.97949964 0.561625
5 0.00016727505 0.89769566 0.6119853 0.94749355 0.7383774999999999
3 0.00016694137999999999 0.6670556 0.32981578 0.9871397 0.7472276999999999
1 0.00016472927 0.7033348 0.47195828 0.8442955 0.62865984
9 0.00016400558999999997 0.9036514999999999 0.62941134 0.9847280999999999 0.7023196999999999
2 0.00016245393 0.76264304 0.32775518 0.9987164000000001 0.6338617
2 0.00016217843 0.9188933000000001 0.46071354 0.9951120999999999 0.52655715
3 0.00014885487 0.7196691999999999 0.4401938 0.90542614 0.69077295
8 0.00014549593 0.9161315000000001 0.49248454 0.98602307 0.55585915
3 0.00014349951999999999 0.9371154 0.43001157 1.0 0.5178407
8 0.00014250798 0.04998748 0.4096093 0.31170446 0.69193226
13 0.00014236472 0.8788103999999999 0.36735553 0.9882803 0.5170308
6 0.00014072495 0.90557015 0.4443904 1.0 0.58596647
10 0.00013988533 0.9072207 0.42028230000000005 1.0 0.6002132
12 0.00013867386 0.9238905999999999 0.57563394 0.98096335 0.66675574
1 0.00013162898999999998 0.8880541999999999 0.45947063 0.9786722 0.57408327
10 0.00013094745 0.9336898000000001 0.45868042 0.9910409 0.5650458
10 0.00012874957 0.900862 0.6284436999999999 0.95695305 0.7259779000000001
10 0.00012665056 0.91084754 0.62094283 0.9472414000000001 0.73336095
13 0.00012499372 0.84644544 0.41395113 0.99027133 0.5485800999999999
13 0.00012423907 0.7675255999999999 0.46813133 0.99179417 0.8746044
13 0.00012217277 0.6885825 0.43151847 0.9005063 0.6120055999999999
7 0.00012204021999999999 0.9086788 0.47610474 1.0 0.53873396
11 0.00012195183 0.76759416 0.42530635 0.83581513 0.67121696
11 0.00012102265 0.90904355 0.5948224 0.9365126 0.7585458
6 0.0001203187 0.7240599 0.4561852 0.91013557 0.6236043000000001
2 0.00011888666999999999 0.8826941999999999 0.635324 0.9783636999999998 0.6962828000000001
11 0.00011585018 0.8210525 0.40032777 0.9396786 0.7419361999999999
12 0.00011573556 0.9081544 0.4077034 1.0 0.5581437
12 0.000115440285 0.772088 0.37587297 0.96043736 0.53415996
8 0.00011287201000000001 0.7402794 0.42910457 0.94320565 0.7494553
12 0.000108848886 0.7290137 0.43132597 1.0 0.74038553
10 0.00010871326 0.7162243 0.28130770000000005 0.96652055 0.78537244
10 0.00010827786 0.9203256 0.46709799999999996 1.0 0.54930544
8 0.00010717193999999999 0.89594257 0.6614623000000001 0.95031774 0.7238843
4 0.00010712684 0.92516416 0.43088576 0.99695843 0.57444817
2 0.00010610293999999999 0.80327994 0.2724261 1.0 0.577574
1 0.00010435063 0.8951087999999999 0.48388988 0.9781603999999999 0.60352695
3 0.00010386313 0.8794489 0.5812010999999999 0.98226273 0.76334804
8 0.00010267505999999999 0.89957213 0.49858963 0.97524905 0.6500819999999999
8 0.00010244481 0.035252005 0.24394469 0.3432883 0.9594940000000001
3 0.00010219442600000001 0.90516084 0.44580168 1.0 0.7011988
13 0.00010209934000000001 0.9167398000000001 0.4295152 0.9834497 0.52253747
1 0.00010042851999999999 0.8904148000000001 0.6044444999999999 0.955283 0.69211847
12 9.972884400000001e-05 0.9266873999999999 0.46330753 1.0 0.53027725
12 9.929290499999999e-05 0.9212758 0.5857967 0.95088154 0.71849453
13 9.846246e-05 0.91982067 0.48787308 0.9868078000000001 0.57885146
13 9.697355999999999e-05 0.9062671999999998 0.44137380000000004 0.9898737 0.50687075
12 9.697058000000002e-05 0.9328689 0.4478771 0.99411196 0.5474866
13 9.4690906e-05 0.9119406999999999 0.49862740000000005 0.9954097 0.56241417
7 9.4500465e-05 0.9045158000000001 0.59460413 0.97744304 0.7060086
6 9.196276400000001e-05 0.9000466999999999 0.65780395 0.982901 0.74572545
2 8.863796e-05 0.6445813 0.28276303 1.0 0.5385284
4 8.767934000000001e-05 0.89779425 0.6315366 0.9493332 0.7277241999999999
6 8.597279000000001e-05 0.74829865 0.41796118 0.9275631999999999 0.55783683
13 8.5265485e-05 0.69037426 0.45259368 0.9736271999999999 0.9677756
12 8.467136e-05 0.92903686 0.6314907 0.98826206 0.7242287
1 8.454372999999999e-05 0.71083754 0.43204302 0.8796168 0.54977214
10 8.124975e-05 0.8749485 0.1917374 1.0 0.77208877
2 8.1074766e-05 0.9100833 0.60550946 0.9929323 0.6717965
1 8.06888e-05 0.9004735999999999 0.6717168 0.9612973 0.7512674
2 8.0069294e-05 0.91409624 0.58827615 0.97916675 0.6852516
12 8.006366e-05 0.7802739000000001 0.42216095 0.89374804 0.6384509
6 8.005119000000001e-05 0.92044675 0.46845 1.0 0.53712255
11 7.883165e-05 0.8675704 0.38752952 0.9624752000000001 0.71554846
13 7.429561e-05 0.090547696 0.0 0.45543359999999994 0.9766982
3 7.38475e-05 0.8255790000000001 0.34009555 0.98736745 0.7513055999999999
1 7.337004e-05 0.909818 0.48203528 0.98726994 0.54399383
7 7.191749e-05 0.8973966999999998 0.6069859999999999 0.94137704 0.7560246
6 7.149193000000001e-05 0.7587831 0.47545114 0.95112157 0.61214453
3 7.085564e-05 0.8798643 0.36886773 1.0 0.5525502
7 6.929825e-05 0.91633856 0.45753637 0.98700655 0.55263287
6 6.896414000000001e-05 0.8958296999999998 0.64496845 0.9870694999999999 0.7048649
8 6.883986e-05 0.13492702 0.16065356 0.46154135 0.82714015
13 6.750279e-05 0.0 0.009106008 0.32189992 0.99344206
13 6.5696244e-05 0.871301 0.61935043 0.955051 0.69074875
11 6.5569904e-05 0.9386478000000001 0.48722678 0.98400277 0.5498995
10 6.514661e-05 0.75196993 0.39507243 0.9341735999999999 0.54603964
10 6.4170934e-05 0.9094790999999999 0.58726865 0.9661860999999999 0.7020008000000001
3 6.348145e-05 0.13662572 0.16803436 0.46891212 0.71813494
12 6.1161954e-05 0.7960394000000001 0.40442175 0.96914 0.57434464
3 6.021505e-05 0.9024211 0.40320018 0.9983335999999999 0.48368752
4 5.965135999999999e-05 0.9298999 0.47068268 0.9987615 0.53351545
2 5.8637892e-05 0.9008957000000001 0.64420754 0.97144485 0.74883467
12 5.8607016e-05 0.92628497 0.5709227 0.9622305 0.6890271
1 5.847715e-05 0.9148393 0.46825656 0.9802997999999999 0.56209254
10 5.5215492000000005e-05 0.9580824 0.46169603 1.0 0.5447960999999999
8 5.4780532e-05 0.73698366 0.41882749999999996 0.8794788 0.57595104
2 5.4775530000000006e-05 0.9300715 0.44779253 0.98858285 0.5444311
11 5.4636326e-05 0.8935774 0.30525932 0.97744066 0.8822521999999999
10 5.3855845e-05 0.7586196999999999 0.43894449999999996 0.8817739 0.64123386
12 5.3440680000000003e-05 0.92267716 0.5937159000000001 1.0 0.65602034
1 5.2609476999999995e-05 0.8506648000000001 0.48007768 0.98808104 0.749559
9 5.1447427e-05 0.9138119 0.46414176 1.0 0.60702324
8 5.0348517e-05 0.90533274 0.4112606 0.9723684000000001 0.4735687
2 4.956486e-05 0.84422004 0.33850622 1.0 0.8211459000000001
7 4.9558109999999996e-05 0.88529885 0.6748635999999999 0.97492206 0.74537605
4 4.7949958e-05 0.92213786 0.6080691 0.9688976999999999 0.69759816
1 4.7551234999999995e-05 0.744644 0.47977298 0.9123761 0.618532
7 4.740778e-05 0.7571880999999999 0.3937591 0.92070186 0.5696604000000001
10 4.7258374000000004e-05 0.77094054 0.4340645 0.94485474 0.60422087
1 4.647268e-05 0.83136994 0.37431175 0.98175913 0.6423493
9 4.6346424e-05 0.77592033 0.4147425 0.9507007 0.5665589
9 4.6153782e-05 0.90404516 0.5949166 0.9379799999999999 0.7412691
13 4.5881869999999996e-05 0.0 0.16141911 0.19438696 0.9919669
9 4.5562989999999997e-05 0.9100601 0.6571999 0.9858969999999999 0.7334623
6 4.5494417e-05 0.8460664000000001 0.45934707 1.0 0.7784306
5 4.5224772999999994e-05 0.89210707 0.6415028 0.9756841999999999 0.762609
1 4.4796720000000006e-05 0.87827575 0.6146871 0.9580270000000001 0.6750234
7 4.4419110000000004e-05 0.7255973000000001 0.3916688 0.8472093 0.6893649000000001
2 4.3016804e-05 0.79141366 0.26717529999999995 0.979663 0.97118247
3 4.1005576e-05 0.045027368 0.4511335 0.21098763 1.0
10 4.0878727e-05 0.93421656 0.48381504 0.9898300999999999 0.59827363
7 4.052538e-05 0.8918343000000001 0.6075973000000001 0.9929747999999999 0.685496
7 4.0455077e-05 0.9063639000000001 0.50269425 0.9981979999999999 0.5697187
13 4.0316518e-05 0.8948332 0.29520833 0.99302447 0.8547046
5 3.9663544000000004e-05 0.8557461 0.63685155 0.97882515 0.70476705
3 3.955133e-05 0.111955 0.26122788 0.43510437 0.9366027
11 3.9222323e-05 0.93938625 0.48814327 0.9798985999999998 0.59580797
8 3.9191764e-05 0.8858568000000001 0.4662335999999999 0.981808 0.63398147
2 3.907954e-05 0.9072617000000001 0.58988255 0.94961333 0.70989245
1 3.8751426e-05 0.69114804 0.4576581 0.8607855 0.5788651
10 3.809778e-05 0.92380446 0.5629118000000001 0.9559724 0.698692
10 3.674126e-05 0.92168707 0.6346061 0.97023886 0.7808050999999999
5 3.6475176e-05 0.7426100999999999 0.6116057 0.9669466999999998 1.0
13 3.6243087e-05 0.9286383 0.45197344 0.9738948000000001 0.57186365
13 3.6146717e-05 0.68004036 0.12246071 0.99086237 0.7699646
6 3.594748e-05 0.79111516 0.37204546 1.0 0.7517778
4 3.47489e-05 0.7889581 0.39654747 0.92132866 0.53493947
9 3.4460074e-05 0.92506146 0.4737054 0.9963931999999999 0.54209304
3 3.4391705e-05 0.06015022 0.30051690000000003 0.35939497 1.0
5 3.3864784e-05 0.63492846 0.36120152 1.0 0.764251
8 3.3162795999999996e-05 0.84099984 0.2810114 0.9837198 0.7076435999999999
5 3.3045522e-05 0.86971176 0.4403674 0.9976516 0.57359153
6 3.297728e-05 0.90533614 0.6079629 0.96957207 0.6967116999999999
8 3.281511e-05 0.93171674 0.43443638 0.9690545 0.5627885
2 3.2305754e-05 0.7736816 0.38630342 0.95169204 0.5051588
10 3.198281e-05 0.9072425 0.36279872 1.0 0.5223707999999999
12 3.1912209999999996e-05 0.95118564 0.4704255 1.0 0.5334469000000001
9 3.152123e-05 0.7334586999999999 0.12285325 0.9858697 0.76464844
2 3.0763647e-05 0.9099265 0.5498405 1.0 0.7067349
13 2.9995290000000003e-05 0.87719667 0.5141749 0.99438643 0.6590464
8 2.9981691e-05 0.73434705 0.49386665 0.8790440999999999 0.6578993000000001
5 2.9941333e-05 0.6355795 0.61094755 0.9297025999999999 1.0
8 2.9664212000000003e-05 0.025409922 0.18461694 0.16312872 0.8966197
6 2.9488249999999997e-05 0.9142309000000001 0.4980464 1.0 0.5601212
7 2.9433309999999996e-05 0.88561094 0.56903833 0.999459 0.7257161
1 2.8791059999999997e-05 0.81853914 0.6088880999999999 0.97640646 0.73001957
5 2.8145349e-05 0.69678545 0.43211782 0.9167832 0.54621094
2 2.8100113999999997e-05 0.88238835 0.38285863 1.0 0.5158781
10 2.7845432e-05 0.9323773000000001 0.43418306 0.98848766 0.52923965
6 2.7489308e-05 0.89081156 0.6694384 1.0 0.72703034
7 2.7456188e-05 0.76971936 0.44743642 0.9292681 0.62889344
2 2.7289374e-05 0.9162709000000001 0.49176532 0.9900915000000001 0.55510616
5 2.7193045999999998e-05 0.8293934000000001 0.5086817 0.9932134 0.82663524
7 2.6741487000000003e-05 0.9155816999999999 0.48642826 0.9858201999999999 0.5862729999999999
4 2.6664261999999997e-05 0.7933775 0.43805963 0.9433154 0.5988171999999999
13 2.6040976e-05 0.9048293 0.40802234 0.9867435 0.46273214
7 2.6000820000000005e-05 0.8155214 0.36705735 0.99090606 0.8168401
5 2.5952868e-05 0.69501776 0.47643697 0.84357935 0.6695324
10 2.5289758999999997e-05 0.89752734 0.60287505 0.9750074000000001 0.68557894
3 2.5239267e-05 0.07468873 0.40434965 0.33275554 0.70368844
10 2.5043294999999998e-05 0.9241143 0.4416303 1.0 0.51388913
1 2.4574287e-05 0.58186835 0.448985 0.9164770000000001 0.8649478
8 2.41108e-05 0.11555104 0.42649075 0.44688582 0.9522203000000001
2 2.3885681e-05 0.6971510000000001 0.25016403 1.0 1.0
