3 0.95229805 0.35778052 0.49734620000000007 0.53838986 0.6285331000000001
3 0.48004007 0.13455519 0.49477965 0.40952823 0.7253130999999999
8 0.35531009999999996 0.09753433 0.45743614 0.4680222 0.71487176
3 0.10268459 0.32987773 0.5095664000000001 0.50005645 0.63848174
8 0.061645605 0.3259062 0.5005676 0.5536908 0.6298723
3 0.029942023999999998 0.10488953 0.5363019 0.25711763 0.71453226
8 0.023070725 0.14220223 0.5567633000000001 0.3513312 0.70393515
3 0.016374039 0.12212391 0.5457214 0.3366533 0.7262405
3 0.01177599 0.112403266 0.56950015 0.17928296 0.7055161999999999
8 0.011291143 0.75320536 0.38054064 0.82415086 0.4439304
3 0.006851299 0.17569628 0.5490616 0.3956783 0.697048
8 0.004893211 0.10472871 0.53454834 0.2546025 0.71632075
8 0.0030654476 0.0510668 0.45519817 0.35075270000000003 0.74844694
8 0.0021218886 0.7395283 0.36879885 0.8060782 0.42589527
8 0.0020607363 0.12464898 0.5128518 0.35724774 0.6827154000000001
3 0.0018116684 0.31156486 0.5639718 0.40000009999999997 0.6713331
13 0.0015074175 0.72626436 0.25132665 0.7917725 0.30198413
8 0.0011834712 0.71466374 0.33362114 0.85032797 0.46660098
13 0.0010727952 0.11352213 0.48078236 0.44584543 0.7758676999999999
3 0.0010069878999999999 0.7584383000000001 0.3788709 0.8323671 0.4558210999999999
13 0.00083126803 0.33263797 0.52485543 0.51738983 0.6599897
13 0.0007039532000000001 0.047852233 0.5238965999999999 0.39574838 0.762981
13 0.0006134861599999999 0.09340061 0.55048704 0.34407926 0.70751315
8 0.0005683594 0.06178549 0.33020875 0.3957737 0.83056235
9 0.0005573707 0.1652318 0.5037534 0.47597536 0.76990825
9 0.00055425783 0.10067138 0.46374399999999993 0.39514315 0.7485681
8 0.00054548343 0.18062352 0.42949516 0.5882089 0.7203093
3 0.0005282991999999999 0.7468354 0.3652368 0.8106598 0.43041718
3 0.00052420906 0.41050574 0.5602916 0.47569636 0.6130361999999999
2 0.0004946489 0.09800242 0.46826590000000007 0.4924227 0.7373607
5 0.00047329094000000006 0.0 0.55109555 0.37872216 0.7922246000000001
8 0.0004509479 0.008946091 0.5855985 0.034363914 0.6488419
7 0.00041988856 0.011497781 0.41492700000000005 0.48101342 0.8211379000000001
8 0.00041383097000000004 0.40837544 0.5549279 0.46997333 0.6086789
11 0.00040674992 0.07569504 0.3749909 0.35254547 0.8434749
3 0.00039940805 0.20846489 0.52522886 0.42402799999999996 0.6810225999999999
1 0.00039556116 0.0 0.55038303 0.36368102 0.76944494
11 0.00035723042999999996 0.13198015 0.4110329000000001 0.40950862 0.86943847
1 0.00033926809999999997 0.03529343 0.5100562 0.37706906 0.71658856
8 0.00033644133 0.045536444 0.13149287 0.35036302 0.70940363
1 0.00032373512 0.0 0.52418953 0.31010643 0.72492236
11 0.00025940326 0.36531246 0.48151556 0.49345803 0.69620997
2 0.00024836222 0.13803686 0.38164046 0.52062273 0.6885342
4 0.00024351176 0.19779256 0.44513834 0.52896965 0.77770483
12 0.00023729347 0.35225695 0.45593172 0.540945 0.5943928
13 0.00023437527000000002 0.11288114 0.58280504 0.16388886 0.7141163
3 0.00022964261 0.73790884 0.25368035 0.7894180000000001 0.31924772
8 0.00022896032999999999 0.12612334 0.15596682 0.44914177 0.7521368
5 0.00022590521000000001 0.27530745 0.54554117 0.511135 0.66134214
8 0.00022554895 0.7251001 0.37672126 0.78669316 0.43738505
8 0.00022333277 0.11744653 0.5931643 0.1633331 0.7000369000000001
8 0.00022131912 0.7354058000000001 0.25567216 0.7813866 0.303563
12 0.00021457039000000001 0.0028008819 0.39951947 0.494328 0.6556029000000001
8 0.00021044903999999998 0.52892923 0.17728814 0.86424196 0.9269482
7 0.00020910203 0.33522514 0.45140627 0.5230389 0.6382264
1 0.00020429664000000001 0.31108716 0.5012367 0.48648420000000003 0.5990247
5 0.0002014291 0.27399898 0.51666075 0.52891326 0.63169795
1 0.00020128534 0.0 0.4363829000000001 0.37068623 0.65188086
13 0.00019967959 0.14348254 0.5161394 0.38714883 0.66008127
7 0.00019806346999999997 0.28586558 0.5027560999999999 0.5154493 0.68881655
6 0.00019774925 0.31257690000000005 0.5345379 0.58158594 0.6675549
1 0.00019618638999999998 0.30737245 0.56076527 0.48417068 0.6612616
11 0.00019460733 0.38591316 0.46848866 0.4837053 0.62203276
13 0.00018991711999999999 0.08509617 0.53884363 0.23665488 0.7534717
9 0.00017839925 0.37687123 0.48928434 0.5179087 0.62133664
13 0.00017739389 0.18261689 0.55482954 0.41068095 0.6770329
1 0.00017462141 0.069828264 0.6188331 0.27955413 0.71481425
3 0.00017253971999999998 0.7393413000000001 0.35394257 0.8678146999999999 0.47947425
8 0.00016113293999999999 0.1886359 0.51220524 0.4106838 0.67124045
1 0.00016042101000000002 0.062746786 0.5848409999999999 0.25768843 0.6856167
4 0.00015881639 0.1403458 0.47337702 0.47826493 0.8372357
5 0.00015789274999999998 0.0 0.5248653 0.4719241 0.73371345
1 0.00015707822 0.2637708 0.5311821999999999 0.4423227 0.62539077
2 0.00014486253 0.3513342 0.5004744000000001 0.5287446 0.62051874
1 0.00014360399 0.30103675 0.5370534 0.47629209999999994 0.6353118000000001
5 0.0001433304 0.07717544 0.58988607 0.3096047 0.71107894
10 0.00014325229999999998 0.36748445 0.45678008 0.51821107 0.5848539
6 0.00013766978 0.0 0.52585804 0.4902287 0.77517784
11 0.00013474535 0.32911837 0.47086469999999997 0.45682782 0.68773603
11 0.00013374817 0.17338142 0.55160254 0.29658943 0.7430079
13 0.00013330457 0.10937091 0.5077246 0.31582657 0.6746848000000001
1 0.00013060897 0.0 0.48793432 0.27180052 0.6754176
8 0.00012730298 0.117437035 0.24804054 0.57289505 0.87675804
8 0.0001241836 0.6316404 0.25074875 0.92518514 0.98455185
8 0.000114894254 0.7197479999999999 0.09812267 0.91368735 0.46555308
10 0.00010884210499999999 0.15844393 0.57686883 0.3120097 0.70169395
8 0.00010815337999999999 0.07251615 0.53795725 0.21576655 0.7342274999999999
3 0.00010657067 0.011543062 0.5904899 0.042901978 0.6617263000000001
11 0.00010562531999999999 0.40747038 0.47137153 0.5131309000000001 0.64841866
11 0.00010377402 0.15092891 0.53972566 0.2644825 0.70593107
3 0.00010366344 0.41513702 0.5231592 0.5017739999999999 0.6005489
6 0.00010305308000000001 0.00083625317 0.47744858 0.6026342 0.75232196
8 0.00010293034 0.10116958599999999 0.57578784 0.15939113 0.6704415
10 9.551316999999999e-05 0.12403937400000001 0.55930746 0.28754386 0.67233026
4 9.192183000000001e-05 0.16544409 0.40582959999999996 0.4683352 0.7136986999999999
3 8.6860164e-05 0.9511999 0.2577356 1.0 0.32738972
8 8.6113396e-05 0.951216 0.2655849 0.9939110000000001 0.32148000000000004
13 8.493565999999999e-05 0.043112382000000005 0.5832984 0.24658047 0.7142805
8 8.419985e-05 0.010603524 0.61021584 0.03467069 0.66778874
10 8.366245e-05 0.36342072 0.5062675999999999 0.54270303 0.6642544
8 8.304649e-05 0.4447 0.22740318 0.84992826 0.7792526
8 8.1185244e-05 0.63636184 0.13371277 0.89528525 0.7342441
8 8.081899e-05 0.74205184 0.10332514 0.92896175 0.6751694
11 8.079127e-05 0.19652732 0.5381693000000001 0.29710359999999997 0.69918275
10 8.054728e-05 0.17006327 0.3363394 0.5249344 0.81708264
9 7.939661e-05 0.073256634 0.49698538 0.3185612 0.77338886
1 7.7100245e-05 0.344184 0.5461823 0.51616085 0.6407489000000001
8 7.517486999999999e-05 0.0897547 0.5608438 0.13900745 0.6157434
6 7.493036e-05 0.31818795 0.4722861 0.5685134 0.61285114
10 7.441456000000001e-05 0.118143156 0.4022923 0.4517151 0.80071735
6 7.440527e-05 0.2614808 0.50748914 0.5393394 0.63878477
8 7.3777715e-05 0.018670827 0.16232984 0.17124805 0.693101
10 7.3654635e-05 0.21687907 0.5433428000000001 0.36077154 0.67678463
2 7.249760000000001e-05 0.35486993 0.46818173 0.5249714 0.5894654
3 7.226604999999999e-05 0.10210034 0.55905926 0.16669628 0.6189520000000001
12 7.130851e-05 0.22150531 0.5188373 0.3974621 0.6457771
3 7.057138000000001e-05 0.11086908 0.55775326 0.20958254 0.69723076
13 6.9746005e-05 0.08170039999999999 0.5178287 0.311796 0.83559096
8 6.950525e-05 0.39021605 0.33060214 0.72500545 0.91412896
5 6.666419e-05 0.06320748 0.59492177 0.21399870000000001 0.78486466
12 6.653300000000001e-05 0.16801319 0.55355644 0.3398315 0.687597
6 6.59651e-05 0.09584625 0.59243333 0.40179116 0.69698536
3 6.576366e-05 0.25190896 0.50587755 0.32944268 0.55668426
13 6.5342625e-05 0.5909924 0.044787504000000006 0.94697267 0.95087385
13 6.3601554e-05 0.46715838 0.0 0.9436247999999999 0.8932594000000001
8 6.297519e-05 0.3835932 0.15634751 0.66887903 0.77026147
10 6.247197600000001e-05 0.23543149 0.5106274000000001 0.37425452 0.64690554
11 6.129964e-05 0.138275 0.55393696 0.2576474 0.7587869
6 5.841159000000001e-05 0.07531038 0.5514629 0.37528202 0.6765698
3 5.8394446e-05 0.31845173 0.60463494 0.39345333 0.6735151
11 5.8040885e-05 0.19233876 0.36332417 0.43610150000000003 0.7185898000000001
10 5.783336999999999e-05 0.3931755 0.46294522 0.5492975 0.6274727
1 5.7747104e-05 0.058758445 0.5817836999999999 0.19371802 0.7262227
4 5.7357644e-05 0.38776666 0.46522978 0.5324979000000001 0.5947222
8 5.7021407e-05 0.31998494 0.56930906 0.3802804 0.65200484
10 5.673665e-05 0.093733266 0.31778923 0.42573088 0.7250655
3 5.6477435e-05 0.7327318 0.37790528 0.7999995 0.44445363
1 5.5588469999999996e-05 0.1506578 0.57484543 0.3437657 0.6711069000000001
10 5.480647e-05 0.16154322 0.5230064 0.30661659999999996 0.6460603
12 5.4792257e-05 0.35182667 0.49700466 0.5614302 0.6146718000000001
3 5.419459e-05 0.30061036 0.5185905 0.46716422 0.6830958
1 5.342660700000001e-05 0.10683063 0.5489552 0.2882376 0.65521723
12 5.2986616e-05 0.20653772 0.5443551999999999 0.38036263 0.6722800999999999
11 5.052662e-05 0.21650678 0.55916095 0.31772435 0.7342788
12 5.0308429999999996e-05 0.18827306 0.583622 0.3585021 0.7068107
3 4.994712e-05 0.6244001 0.29510155 0.95947546 0.9714379000000001
1 4.9530532000000004e-05 0.039522536000000004 0.5538611 0.18345249 0.6973898000000001
9 4.844825e-05 0.3940239 0.51508576 0.54447806 0.63867694
13 4.789952e-05 0.7336668000000001 0.39772904 0.8258194 0.44576368
8 4.779237e-05 0.41238236 0.5272429 0.48178124 0.59229356
8 4.757604e-05 0.28697795 0.23561668 0.6033662 0.86601067
9 4.7337136e-05 0.3627708 0.5420712 0.51028246 0.6680016
2 4.697431400000001e-05 0.38653904 0.43965927 0.55107415 0.56157625
6 4.614242e-05 0.1733458 0.5776205 0.4328062 0.69049054
10 4.492009e-05 0.32540143 0.4868795999999999 0.48973459999999996 0.62234175
8 4.3974964e-05 0.9085619 0.11955672 0.9855120999999999 0.23868068
10 4.2956329999999996e-05 0.11397704 0.5814647 0.28045705 0.7094729999999999
10 4.2394597e-05 0.27013922 0.51845455 0.43296206 0.6874932
6 4.1942619999999995e-05 0.18525851 0.55112106 0.45923042 0.6682378999999999
3 4.162397e-05 0.24983446 0.48092508 0.5724163000000001 0.7110824
9 4.1251413000000005e-05 0.17843598 0.60308325 0.33532965 0.7261853
8 4.0289509999999995e-05 0.28462684 0.39294925 0.53653115 0.6985498
4 4.0027455e-05 0.35014320000000004 0.5208636999999999 0.5241826 0.6672328000000001
1 4.0020557e-05 0.15799725 0.5454521 0.35693824 0.65040195
4 3.9902377e-05 0.39134990000000003 0.48758632 0.5536 0.6407753
3 3.9279228e-05 0.10040723 0.5719426 0.18504806 0.66265047
5 3.8459446e-05 0.0 0.55164605 0.28765222 0.85340595
5 3.784469e-05 0.11393479999999999 0.59811157 0.15882547 0.7329554
7 3.7692676e-05 0.105430946 0.5739121 0.29822242 0.7174918
13 3.7647365e-05 0.8866129999999999 0.06414101 0.996878 0.25982326
13 3.7232995999999996e-05 0.40091807 0.564814 0.47420680000000004 0.61846507
9 3.6338864e-05 0.20726363 0.57848924 0.37359953 0.7059948
6 3.6011374e-05 0.123631984 0.5328972 0.40384433 0.6582020000000001
9 3.5886755e-05 0.14751826 0.57195085 0.31739157 0.7097394
8 3.5163994e-05 0.12509675 0.48184758 0.23355426 0.7274368
3 3.4842459999999994e-05 0.49340326 0.27099466 0.8422368 0.9611639999999999
1 3.4721477e-05 0.7193736999999999 0.26255828 0.7830745 0.29239035
3 3.466798e-05 0.12590043 0.23528971 0.41725057 0.826734
12 3.3740078e-05 0.13261586 0.5837389000000001 0.16754776 0.6959128000000001
6 3.3081404e-05 0.32890165 0.48836216 0.6190978 0.6482518
9 3.2574902000000004e-05 0.13120188 0.60046995 0.29698747 0.734043
7 3.256141e-05 0.0 0.44680929999999996 0.34456027 0.8223388
4 3.2391282999999996e-05 0.15988192 0.52755356 0.3354667 0.68339634
9 3.207696e-05 0.3388403 0.49933779999999994 0.46970403 0.6441496999999999
10 3.1893447000000004e-05 0.12865038 0.56444895 0.15673761 0.7159701
9 3.17879e-05 0.22678667 0.5494996 0.3943696 0.67317736
7 3.1279204e-05 0.13712205 0.54036516 0.31626266 0.6978897
11 3.1192638e-05 0.12109957 0.26177984 0.3039842 0.94817233
8 2.9628818000000003e-05 0.7710764 0.40808105 0.8167476 0.45650548
11 2.8981743999999998e-05 0.19003955 0.5196223 0.28426704 0.6614393
13 2.8943499999999998e-05 0.33021575 0.021287821000000002 0.7030844 0.86367977
3 2.8872204000000002e-05 0.90820044 0.121118955 1.0 0.25933108
11 2.8822697e-05 0.12707075 0.49392217 0.21521854 0.80115396
4 2.8441425e-05 0.17672620000000003 0.5554401 0.34670812 0.7134113000000001
8 2.7870212000000002e-05 0.14131323 0.3785338 0.49221614 0.9063898000000001
11 2.7804733999999998e-05 0.104819596 0.45448312 0.19348997 0.76789814
5 2.7522909999999998e-05 0.08272002 0.5732185000000001 0.24113101 0.7477305999999999
10 2.7353715000000003e-05 0.13159256 0.52086276 0.23862840000000002 0.7261951999999999
5 2.7092488e-05 0.073667884 0.5496310000000001 0.3196112 0.66167164
13 2.6817996e-05 0.4512735 0.0 0.8151513000000001 1.0
13 2.6724492e-05 0.7275090999999999 0.36965403 0.8033213 0.41884193
8 2.6709602e-05 0.5045406 0.124845125 0.7859246 0.70711315
6 2.6673806e-05 0.0 0.49310303 0.43887198 0.7155097
1 2.6619728e-05 0.082040146 0.5940573 0.23602332 0.7338254
7 2.63452e-05 0.11696631 0.57796663 0.15924892 0.71589404
8 2.6287844e-05 0.7759687 0.39074025 0.82834554 0.44650412
1 2.627848e-05 0.120661214 0.60404336 0.15677567 0.72157824
13 2.6010854e-05 0.33409894 0.08380768400000001 0.9504309999999999 0.7694079
8 2.5937803e-05 0.044431858 0.24292874 0.28782988 0.93311644
8 2.5660034e-05 0.2906381 0.50049716 0.44846344 0.6629851999999999
3 2.5483204999999997e-05 0.40343904 0.23620679999999997 0.73496366 0.7872332
8 2.4488629e-05 0.6097456 0.092777036 0.8728961999999999 0.5114319
13 2.4240964e-05 0.0041210894 0.58000046 0.038004786 0.6462703000000001
3 2.2843607000000002e-05 0.39220340000000004 0.35564104 0.7658047 0.95400083
11 2.2764085e-05 0.2485442 0.5362547 0.34426162 0.69909924
13 2.274649e-05 0.08611409 0.5706519 0.15730807 0.6755892
1 2.2660011e-05 0.0854251 0.61883056 0.2133382 0.7703601999999999
4 2.2331005e-05 0.21956205 0.5254897 0.3691172 0.67584014
10 2.2159384e-05 0.15810384 0.5413758000000001 0.2560048 0.73497117
10 2.1778209999999998e-05 0.13700634 0.6165016 0.29993948 0.73460615
3 2.1639795e-05 0.14529073 0.43997496 0.43543630000000005 0.86686516
7 2.1475904e-05 0.10230365400000001 0.5892898 0.16908142 0.70423543
5 2.1114382e-05 0.121287145 0.5809345 0.36263704 0.6998174
7 2.1067633e-05 0.7188425 0.24763922 0.7910607 0.31205705
2 2.0557289e-05 0.057930216 0.38808593 0.44508088 0.6513496
7 2.0377589e-05 0.17854702 0.54673404 0.36002064 0.69395655
6 2.0213089e-05 0.0 0.41823602 0.62589246 0.6724810999999999
10 1.9940492999999997e-05 0.10058109 0.50637466 0.22086373 0.7205236
8 1.9734065e-05 0.7666826 0.17516299 0.9351094999999999 0.9566233000000001
11 1.9450184e-05 0.13584549999999998 0.55424905 0.16105662 0.7022861
13 1.8999928e-05 0.2115654 0.5209483 0.44424763 0.6665804
8 1.8768107e-05 0.71040523 0.37949932 0.76750517 0.43984726
8 1.8450539000000002e-05 0.32773286 0.38985702 0.6320545 0.9236658999999999
2 1.8415498e-05 0.72537464 0.25197256 0.8064845 0.30038074
8 1.8155204e-05 0.8002100000000001 0.21650182 0.94459355 0.5084049
10 1.80066e-05 0.12035839 0.58507955 0.16996928 0.71016145
3 1.7989855999999998e-05 0.44576898 0.27324295 0.9188312 0.76101995
5 1.786769e-05 0.06492914 0.6212634 0.27457148 0.7538654
12 1.745961e-05 0.25373167 0.5566313 0.41527897 0.665273
4 1.741918e-05 0.23826152 0.48984426 0.38768494 0.6458458
10 1.7399527e-05 0.12350389 0.5346026 0.27857426 0.6363795999999999
1 1.7250772e-05 0.20850983 0.574983 0.3917522 0.6724484000000001
9 1.7100569e-05 0.113366574 0.53369564 0.3035802 0.8766433000000001
13 1.6918533e-05 0.49130005 0.0 0.88087624 0.6476984
12 1.6916162999999998e-05 0.3210313 0.51609933 0.50480855 0.63402045
7 1.6763348e-05 0.064382896 0.5244074000000001 0.22501190000000001 0.77558154
11 1.6539208e-05 0.14860094 0.47261435 0.23670068 0.76554143
12 1.6508322e-05 0.141034 0.5216102 0.26927492 0.69796634
3 1.6170019e-05 0.94870114 0.27762172 1.0 0.35246867
13 1.6110653e-05 0.27149612 0.11468746 0.6310173000000001 1.0
5 1.5868234e-05 0.0972715 0.59595007 0.16944227 0.71485996
2 1.5699976e-05 0.16594963 0.5502376 0.34236485 0.68587303
11 1.5695923e-05 0.16508017 0.49372340000000003 0.2598948 0.7787596
12 1.5638747000000002e-05 0.10390942 0.5038116 0.22806416 0.7010424
10 1.5633135e-05 0.7701836999999999 0.3856618 0.8339665999999999 0.45074266
6 1.5598373e-05 0.7391444 0.27385974 0.8086609 0.30707303
6 1.5499765e-05 0.1143575 0.6024173 0.17930329 0.7070206
9 1.5454882e-05 0.27303258 0.5640368 0.42343572 0.6857333000000001
3 1.5396428e-05 0.19000606 0.34627095 0.65791047 0.9186404
8 1.5059920999999999e-05 0.6924085 0.37041402 0.74873537 0.42245707
12 1.4852021e-05 0.14660272 0.5128442 0.31570622 0.6598843000000001
3 1.4791139e-05 0.25565368 0.5239210999999999 0.34462154 0.58551663
9 1.4724829e-05 0.10717119 0.5808474 0.21413271 0.7815095999999999
8 1.4385907999999999e-05 0.19446565 0.115863845 0.522891 0.77398515
2 1.4338141000000001e-05 0.124816656 0.38956228 0.38478398 0.7424453000000001
8 1.4264323999999999e-05 0.9057818999999999 0.09036111 0.9825792 0.21188828
9 1.4195179999999998e-05 0.742678 0.2583974 0.7965973000000001 0.30831409
8 1.41260925e-05 0.43670508 0.5299088000000001 0.49405309999999997 0.5842938
13 1.3636853000000001e-05 0.7000228000000001 0.0 0.9798167999999999 0.6375096
8 1.3591402e-05 0.09826276 0.5939865 0.15598893 0.69642216
13 1.3363085000000002e-05 0.030993998 0.13291775 0.36782750000000003 0.9711731
4 1.3170134000000001e-05 0.2934334 0.5001323000000001 0.41737559999999996 0.6833689000000001
8 1.2944213e-05 0.12233439 0.6537889 0.17860365 0.7231693
3 1.2861757e-05 0.011343895 0.614099 0.042277094 0.68919283
8 1.27595795e-05 0.94935447 0.28478134 0.9909243000000001 0.33966607
12 1.2711608e-05 0.7466172 0.24143907 0.8104943 0.28808340000000004
13 1.2634357500000001e-05 0.26179326 0.5061201 0.33763109999999996 0.55617017
5 1.2563022e-05 0.09702745 0.5702316 0.5729519000000001 0.7810772
5 1.245585e-05 0.52195066 0.35365295 0.95030576 0.8825460999999999
13 1.2205856e-05 0.10544284 0.5980968000000001 0.18547912 0.70581686
1 1.2081256e-05 0.110367455 0.6137389 0.16669238 0.6996091999999999
2 1.1876558e-05 0.12416416 0.5719018 0.1617479 0.6941582
3 1.1816177000000001e-05 0.38617462 0.50717765 0.4821182 0.61298364
9 1.1798254e-05 0.25755358 0.50108737 0.57726705 0.7544932
2 1.1669984999999999e-05 0.17016172 0.52177113 0.33039588 0.6534966
6 1.14039185e-05 0.05034507 0.5754921 0.29310647 0.7488651999999999
11 1.1366137e-05 0.26368767 0.5149428 0.35723656 0.6607714
5 1.1365855e-05 0.13446866 0.55869454 0.39090478 0.6683893
4 1.1145115e-05 0.11908869400000001 0.5563684 0.16196387 0.7143013
8 1.1053171e-05 0.022997438999999998 0.31021333 0.17251784 0.94042844
3 1.1007472000000001e-05 0.52465266 0.19836727 0.8531931999999999 0.7227368000000001
13 1.0890456e-05 0.12785563 0.2292685 0.57603216 1.0
2 1.08567465e-05 0.20212536 0.52188116 0.36470872 0.6801825
13 1.0720945999999998e-05 0.4175866 0.5665769 0.48736498 0.6121029
9 1.0509655e-05 0.08437972 0.5493712 0.18818612 0.75181615
8 1.0402573e-05 0.6913511999999999 0.38663942 0.7514498000000001 0.44098565
5 1.0383074999999999e-05 0.011134148 0.59960866 0.22594160000000002 0.74589443
4 1.034055e-05 0.09842543 0.45129266 0.37240028 0.72923124
8 1.0273202e-05 0.597831 0.040118314 0.8597952 0.33650067
8 1.0130868e-05 0.55206054 0.68993664 0.8984280000000001 0.96531785
