8 0.5981329000000001 0.48992735 0.48896164 0.68592894 0.6206208000000001
3 0.5356159 0.51498896 0.51320225 0.695297 0.624729
8 0.017236796999999998 0.34528247 0.53249604 0.426587 0.6057134
8 0.007513039 0.26976803 0.5410081999999999 0.43007997 0.71113044
3 0.0036177634999999997 0.82504004 0.45934490000000006 0.9142918 0.50295013
13 0.0035014125 0.5107786 0.5138472 0.75532675 0.636779
3 0.003433035 0.29908752 0.58473533 0.42889455 0.7230631999999999
3 0.0034213284999999997 0.44404924 0.53346044 0.5112662 0.5861955
3 0.0033654505 0.8694225 0.45848649999999996 0.9442656999999999 0.49953875
3 0.0030599247999999997 0.7465729999999999 0.45881876 0.82147557 0.5122918
8 0.0030208516 0.02046771 0.5948661999999999 0.06480490400000001 0.63632315
8 0.0029531498 0.43645456 0.5311178000000001 0.51093274 0.5825431
3 0.0029092168 0.016637858000000002 0.59058267 0.06620965 0.6398679
8 0.0025088652 0.7395547 0.4639054 0.8086985999999999 0.5049734
8 0.0021455442 0.86797446 0.45861608 0.9455302999999999 0.49934524
13 0.0019904379999999998 0.7307296999999999 0.45323336 0.81769526 0.506332
13 0.0019660339999999998 0.5312664 0.5325823000000001 0.6901281 0.695208
13 0.0019258168 0.0102893915 0.5866998999999999 0.06562803 0.63944596
8 0.0018306098999999998 0.29363537 0.6176005 0.37943867 0.70144635
9 0.0017580464000000002 0.5241243 0.49894044 0.74142575 0.6151049
8 0.0016359818 0.5198649000000001 0.54654133 0.64264303 0.618509
13 0.0014800213 0.47628745 0.49297383 0.72407067 0.6205139000000001
8 0.0014352812 0.82261586 0.46132743 0.90867835 0.5031880999999999
5 0.0012076622 0.39708835 0.55842847 0.66213626 0.6617463
8 0.0011524527 0.2926716 0.6448628000000001 0.3498509 0.7117432
8 0.0011097072 0.2570943 0.5066175 0.41145533 0.6715594
13 0.0010974084 0.46304536 0.54376423 0.6931581 0.64378005
9 0.0010821357000000001 0.5027636 0.5384618 0.6819636 0.6609969
12 0.00092773215 0.47732383 0.45850155 0.7479496 0.58022714
3 0.00090979424 0.35164544 0.5374459 0.42961648 0.59664327
8 0.00088913296 0.54441094 0.5216371 0.6551939 0.61310375
3 0.0008194062400000001 0.3079568 0.6137882 0.40885028 0.7160449999999999
11 0.0008193199000000001 0.48394153 0.47184354 0.6531561 0.7053334
4 0.0008171342 0.5871122 0.46238396 0.75738615 0.6082972
5 0.00079577323 0.39845693 0.54154295 0.7019528 0.6315819
11 0.0007634502 0.53208864 0.48643017 0.7008721 0.69009614
8 0.00071772 0.75336915 0.46045876 0.82269156 0.50273746
9 0.0006848352499999999 0.5445222 0.5126745 0.6698725 0.68318385
9 0.00058853184 0.5275283000000001 0.54817516 0.6528566 0.7079223000000001
9 0.0005748427 0.57166505 0.5145304 0.79289246 0.62574995
4 0.00057402154 0.5246065 0.51034766 0.7371419 0.67243385
2 0.0005603857 0.5026956 0.50499475 0.7376663 0.6373911
4 0.00054832187 0.6373286 0.4721537 0.7905624 0.6533594
9 0.0005379689 0.5682324000000001 0.5439206 0.7045956 0.6873418
2 0.0005365639 0.5507265 0.4715497 0.70690256 0.6948036999999999
4 0.0005315380400000001 0.5656605 0.48381147 0.7624579 0.65688944
5 0.0005065293 0.464908 0.55537236 0.64338225 0.7115336
10 0.00049767323 0.5382224 0.45443153 0.7057888000000001 0.60176116
11 0.00046004769999999996 0.5494193 0.41429254 0.6697291 0.72024256
8 0.0004567156 0.44400486 0.377438 0.8062429 0.6284379
13 0.0004512412 0.72782886 0.47854325 0.8234901 0.5291331
12 0.00043338264000000005 0.52891886 0.49350306 0.7895371 0.60853636
1 0.00043284059999999997 0.47015873 0.48146313 0.69806474 0.58203673
1 0.00043182225999999994 0.41714093 0.54543656 0.6351819000000001 0.6447369000000001
9 0.00041198330000000004 0.58065194 0.50495553 0.7236556 0.66586345
2 0.00040745443999999994 0.5557300999999999 0.49182609999999993 0.7750906 0.6497005
3 0.00040169476 0.5333895000000001 0.54506224 0.6876131999999999 0.6224506999999999
7 0.00040059915 0.5082085999999999 0.46529064 0.74900305 0.62483215
4 0.00038568725 0.5003577 0.49310094 0.7002972 0.6502975000000001
1 0.00038568702000000004 0.52207273 0.51841897 0.7318026999999999 0.6195165
11 0.0003567513 0.57837635 0.41313905 0.6939991 0.7435313
1 0.00034988870000000004 0.4219254 0.52329224 0.647462 0.62178344
8 0.00034887803 0.74668247 0.48092094 0.8229934000000001 0.5243736999999999
8 0.00034710546999999997 0.8917398999999999 0.43804047 0.9612972 0.47863913
7 0.00034412972000000003 0.43659988 0.50104624 0.73495257 0.68452954
1 0.00034170672999999995 0.5135502000000001 0.532924 0.666668 0.6712531
8 0.00033188269999999995 0.5381069 0.53304917 0.62797433 0.62855047
1 0.00033073714999999994 0.46660640000000003 0.5508613 0.68248844 0.65857476
8 0.0003281447 0.41458133 0.4030445 0.73829293 0.67492694
9 0.00032056216 0.56540984 0.5434472 0.80325043 0.6524042
4 0.00030445433 0.58696246 0.48197776 0.7094166000000001 0.7036014
8 0.00030360383 0.56163704 0.37474734 0.88364685 0.6412379
2 0.00029032398 0.5345831999999999 0.46767482 0.74273485 0.61782205
12 0.00029005810000000003 0.54997593 0.46825644 0.7199142 0.6277899
3 0.00028777779999999997 0.7406855 0.47623563 0.8275145 0.5379010000000001
11 0.00026877709999999997 0.56853586 0.47239970000000003 0.71355146 0.6150464
2 0.00026786822 0.5779288 0.4250108 0.71826184 0.6590687
4 0.00026667406000000003 0.61208093 0.44817165 0.72368383 0.67349553
10 0.00026540495999999997 0.6231840999999999 0.45552406 0.778008 0.6227617
5 0.00024394631000000002 0.5059374 0.5571302 0.7022543000000001 0.7210193
5 0.00023397514 0.4361695 0.5221778 0.7790653000000001 0.61227995
11 0.00022556787 0.60953254 0.40044922 0.72331905 0.6889116999999999
11 0.00022472061 0.6183996999999999 0.45485792 0.77639467 0.64300364
6 0.00022172212000000002 0.44995150000000006 0.54669493 0.7310513000000001 0.6603334
10 0.00022058857000000005 0.5949721 0.4461911 0.7272559000000001 0.7043026
1 0.00021862505 0.51862633 0.5435614000000001 0.734738 0.6477525
1 0.00021485284 0.52922124 0.48763567 0.6891225000000001 0.63670444
8 0.00021111238999999997 0.75300604 0.42439979999999994 0.93814903 0.6843795
12 0.00020547477 0.44494817 0.48745429999999995 0.69396794 0.5985861
8 0.00020184790000000002 0.87063575 0.44159612 0.9365253000000001 0.48303717
13 0.00019281033 0.8621704 0.45980653 0.94165224 0.5059782
5 0.00018372465 0.48807934 0.5385220000000001 0.82785106 0.6531826000000001
8 0.00018162346999999997 0.8031634 0.4805325 0.8758742 0.5276376
2 0.00016921423999999999 0.47513459999999996 0.47800702 0.70212823 0.6162892
7 0.00016910967 0.49972355 0.4748001 0.71348244 0.7356286
12 0.00016767085 0.50441206 0.4645924 0.6853925000000001 0.6176519
1 0.00016434453999999998 0.48269826 0.5050523 0.6464376000000001 0.65238446
8 0.00016352773000000002 0.32563895 0.551461 0.4128058 0.6173466
6 0.0001634199 0.47019744 0.48280895 0.7894095999999999 0.6000684000000001
13 0.00016166308999999998 0.3271659 0.5409096999999999 0.42554954 0.5871069
2 0.00015160598999999997 0.017070001 0.5827473000000001 0.08110589 0.6398727
3 0.00015151265 0.33665633 0.54819906 0.43387175 0.60853153
3 0.00015041553999999997 0.30708042 0.63000816 0.37559390000000004 0.7374345
10 0.00014770543 0.5479814000000001 0.47596964 0.7009089 0.71267205
12 0.00014675841 0.46920776 0.5062885 0.75638527 0.6259693000000001
2 0.00014005197 0.4966387 0.54281396 0.74987435 0.6602520000000001
10 0.00013628526 0.5330236999999999 0.50308764 0.7522374 0.666223
8 0.00013565754 0.56910425 0.51036906 0.64339983 0.62099653
13 0.00012904557 0.24436392 0.61617684 0.43749228 0.72800595
2 0.00012296489 0.7468714 0.44880158 0.8436882 0.5043224000000001
8 0.00011976420500000001 0.0032681304 0.5864566 0.03575645 0.6750856
10 0.00011412591 0.63137054 0.47739488 0.7963814 0.66638345
8 0.00011341007999999999 0.53008467 0.5345525999999999 0.6030439000000001 0.61958575
13 0.00011271927 0.81977564 0.45881933 0.89983934 0.5081537
3 0.000106401996 0.79373896 0.45804846 0.8793745999999999 0.51028764
10 0.00010212338400000001 0.49113834 0.48466128 0.69210505 0.63392913
6 0.00010081584000000001 0.48307183 0.51755494 0.83578354 0.62628746
9 9.8074226e-05 0.53393966 0.5713713 0.7483609999999999 0.68303084
8 9.5402414e-05 0.79099965 0.45758292 0.8665712 0.50222635
6 9.502493e-05 0.44606155 0.51111233 0.7330878000000001 0.63533354
13 9.2026654e-05 0.8402639000000001 0.46318924 0.924633 0.50835586
5 8.957412500000001e-05 0.42783332 0.5820162 0.680841 0.6899048000000001
12 8.954993e-05 0.75624037 0.44665664 0.8432724 0.49569526
6 8.911095999999999e-05 0.5012622999999999 0.5428231 0.75171703 0.7076418999999999
1 8.550897499999999e-05 0.73771775 0.46387726 0.81717074 0.49836263
3 8.5429776e-05 0.8043872 0.4813633 0.887868 0.54281795
4 7.788549e-05 0.53470206 0.49477586 0.67371505 0.69949704
8 7.465956999999999e-05 0.8840399 0.43219972 0.9736642 0.56081504
8 7.343329e-05 0.005497388000000001 0.5706973000000001 0.026056584 0.6904241
7 7.307382499999999e-05 0.7358507 0.4482982 0.8346789000000001 0.51018816
8 7.261232e-05 0.35589918 0.40160722 0.6521846 0.70236164
8 7.230890000000001e-05 0.95280766 0.5014932 0.98871225 0.55977553
13 6.934321600000001e-05 0.42558959999999996 0.5403642 0.5031939999999999 0.5854356
13 6.864581e-05 0.5696493 0.52905 0.6786305 0.60160094
9 6.437344600000001e-05 0.75540745 0.46136013 0.83104247 0.5105643
11 6.330498599999999e-05 0.7726135999999999 0.45838004 0.8226568000000001 0.5125263
8 6.2803956e-05 0.15136114 0.43595898 0.46563375 0.72116363
8 6.222991e-05 0.03880215 0.49647644 0.36519977 0.9138489
8 5.5404947000000004e-05 0.78702956 0.5059517 0.8537971999999999 0.54980874
7 5.4288743000000005e-05 0.011617843000000001 0.58558595 0.07655016 0.6417148
9 5.377755e-05 0.36213850000000003 0.54612833 0.44380325 0.5857730999999999
7 5.251729999999999e-05 0.0029071929999999998 0.58012694 0.055954515999999996 0.6425933000000001
1 5.1540523e-05 0.015066884 0.601038 0.06412954 0.6344829000000001
10 5.1496296e-05 0.7704983 0.44846959999999997 0.83417845 0.50725895
1 5.0522787e-05 0.0023949465 0.593599 0.04580906 0.63051337
8 5.027697e-05 0.005450084 0.6033485 0.044049226 0.6646488
6 4.9208833000000006e-05 0.45964503 0.5775613 0.7809672 0.68600184
3 4.9032387e-05 0.87481344 0.44034120000000004 0.95028025 0.48458213
3 4.7467570000000004e-05 0.8955725 0.43635854 0.9832958 0.48459759999999996
8 4.7134165999999994e-05 0.95943695 0.48654124 0.99009573 0.5724998
13 4.5121844e-05 0.8833595 0.43175778 0.9668875 0.47603664
8 4.3820622999999995e-05 0.77989066 0.48003337 0.8560114999999999 0.52964324
3 4.3204273e-05 0.6428059 0.46468177 0.73297787 0.5109543
8 4.1648236e-05 0.06741528 0.37268254 0.568982 0.90878326
3 3.9221843e-05 0.95268303 0.49955216 1.0 0.5714927
3 3.902002e-05 0.51132774 0.54466796 0.61264503 0.62928677
11 3.846409e-05 0.024915202 0.5832035 0.048935127 0.6506973
8 3.776759e-05 0.64544576 0.46714228 0.71276647 0.50314826
13 3.7646794e-05 0.63098645 0.45104453 0.73176837 0.5048754
10 3.6767757e-05 0.35991532 0.52911305 0.4333983 0.5834395
10 3.611478e-05 0.5664946999999999 0.53247833 0.76913476 0.7000168999999999
8 3.5498462e-05 0.50864047 0.5317333000000001 0.57770497 0.62051946
4 3.547903e-05 0.7647122 0.46499848 0.8272877000000001 0.5007871
8 3.395095e-05 0.8054588 0.5057193 0.8670366 0.5489279
13 3.3804971999999996e-05 0.79029745 0.48156303 0.8719299999999999 0.53281385
5 3.294584e-05 0.7199344 0.47035733 0.8267323000000001 0.50825435
8 3.1747706e-05 0.012158636 0.56452173 0.09355012 0.7027627
13 3.1365682e-05 0.7797843000000001 0.45760006 0.8630648000000001 0.5069773
8 3.12171e-05 0.04581275 0.102264866 0.35024697 0.7984899999999999
6 3.104289e-05 0.33418697 0.54662216 0.45077097 0.5889926
13 3.063432e-05 0.5033661 0.56342405 0.6620805000000001 0.61445594
8 2.9418628e-05 0.8231071 0.39232716 0.95955396 0.7110246
8 2.9021323000000002e-05 0.74178004 0.38294464 0.92104244 0.58685154
10 2.9017603e-05 0.0412774 0.5801849 0.07983852 0.6455913000000001
2 2.8680945999999998e-05 0.351772 0.5307786999999999 0.44358826 0.5881926
3 2.8501217e-05 0.2956871 0.62176114 0.3593949 0.7193485
8 2.8344679000000002e-05 0.28130242 0.62821954 0.3431203 0.7023199999999999
4 2.8083537e-05 0.37094429999999995 0.52736187 0.42540747 0.58995605
1 2.7590666e-05 0.7141309 0.46203409999999995 0.7965499 0.49291779999999996
12 2.6563373e-05 0.021756535 0.58494663 0.07810428 0.6287859
3 2.603984e-05 0.5363574000000001 0.52743155 0.69124436 0.59975517
11 2.5237247e-05 0.039580602 0.5871835 0.068376675 0.6464853
13 2.5066869e-05 0.0 0.60316426 0.04724914 0.663881
9 2.4300392e-05 0.028968995 0.59770054 0.08030795 0.6407723000000001
11 2.405429e-05 0.7518944000000001 0.45950487 0.79902935 0.5110935000000001
3 2.4009216e-05 0.0061529404 0.5950788 0.045282355999999996 0.6977979999999999
3 2.3917682e-05 0.7899153 0.50803816 0.86723953 0.5655222
1 2.3783145e-05 0.33364135 0.54493546 0.41695744 0.5830984
5 2.3605373e-05 0.0 0.5991948 0.05082693 0.65046656
2 2.3410668000000002e-05 0.72760546 0.45212042 0.82718706 0.49844956
10 2.3396826e-05 0.026967242000000002 0.5798279000000001 0.059948336 0.6462415
1 2.3317642e-05 0.758992 0.46190298 0.8383437 0.50058913
8 2.3139371e-05 0.5108568 0.55369306 0.58840483 0.6128931
5 2.2649699999999998e-05 0.0061572464 0.60041785 0.06801003 0.64533955
13 2.2625745000000002e-05 0.32218906 0.5638761999999999 0.42590442 0.6074919
8 2.2501583000000002e-05 0.5051203 0.17711319 0.8227655999999999 0.75038487
8 2.1625315999999998e-05 0.71788484 0.4819173 0.7912640000000001 0.5267012
7 2.1547356e-05 0.85722256 0.45360702 0.94638646 0.50994664
3 2.1007226999999998e-05 0.004488933 0.6066775 0.057013657 0.6809141
12 2.0955551e-05 0.35092142 0.535564 0.44146398 0.5806074000000001
10 2.0778209999999998e-05 0.6013454 0.5083656 0.6559214 0.59454775
2 2.0571868e-05 0.8699642 0.45484626 0.9623451999999999 0.49962979999999996
12 2.0570345e-05 0.61223227 0.5395579 0.6780429 0.6062922
12 2.0528469e-05 0.015394221999999999 0.57813036 0.060985002999999996 0.63024074
6 2.0508321999999998e-05 0.7470401999999999 0.46786568 0.8429536 0.50486404
13 2.0434387e-05 0.0 0.5888187 0.035850863999999996 0.68074745
9 2.0114583e-05 0.77396995 0.46356344 0.8541966999999999 0.51065785
8 1.9676365e-05 0.47902417 0.32812327 0.8265766999999999 0.88095504
13 1.9622126e-05 0.53334224 0.5296584 0.6390639 0.6038043000000001
10 1.9470064e-05 0.79140085 0.44413555 0.8554924999999999 0.5085161
13 1.9444862e-05 0.8592979 0.43173146 0.94034815 0.48033549999999997
4 1.9248235e-05 0.029199574 0.59458077 0.07509216 0.6366833000000001
10 1.9156856e-05 0.85003275 0.45259294 0.9201058000000001 0.5078782000000001
2 1.8926487e-05 0.73748416 0.47845703 0.84232175 0.5291846
8 1.8875204e-05 0.38872070000000003 0.5315685 0.45386046 0.5951001
10 1.863794e-05 0.5877485 0.55176556 0.6867003 0.6172573
6 1.8590620000000003e-05 0.007941871999999999 0.5968588 0.06636489 0.64191496
7 1.824878e-05 0.7941174 0.45564693 0.8886162000000001 0.5100183
9 1.820566e-05 0.016998801 0.59406203 0.05727721400000001 0.6441796999999999
8 1.7918412e-05 0.21359204 0.28861234 0.64832693 0.8689203000000001
3 1.7861383e-05 0.006049439300000001 0.58014345 0.033096198 0.7101696999999999
7 1.76698e-05 0.8173136 0.4557117 0.9097540000000001 0.5119496
13 1.7567556e-05 0.0 0.56850046 0.038723644 0.6591575
13 1.7180836999999998e-05 0.26706225 0.638165 0.38211256 0.6861473000000001
9 1.7106528e-05 0.59001875 0.5577989999999999 0.67725027 0.61878604
11 1.668496e-05 0.8578049999999999 0.45315730000000004 0.90562177 0.5119785
3 1.6573125e-05 0.5612096999999999 0.50457215 0.6687808000000001 0.6223932
1 1.6552850000000002e-05 0.79764307 0.46281368 0.88252205 0.5014757000000001
11 1.6306124999999998e-05 0.8347074000000001 0.45385432 0.883718 0.5129067
8 1.5905416e-05 0.03015148 0.52648884 0.2046094 0.83056265
10 1.5825888e-05 0.57380366 0.5600765999999999 0.6669143 0.6131821999999999
9 1.5632477e-05 0.611282 0.5266611999999999 0.67921567 0.6007929
1 1.5272743e-05 0.8203655000000001 0.46434978 0.9030017 0.5019796
13 1.5264879e-05 0.5468744000000001 0.553176 0.6688350000000001 0.6216421999999999
8 1.5195044e-05 0.28876743 0.6063232 0.36775488 0.6843843000000001
9 1.5161493e-05 0.7405347 0.45935094 0.8087297 0.5092263
10 1.516e-05 0.62141496 0.49706534 0.6751431 0.5960191
9 1.4844094e-05 0.59115845 0.52951294 0.66067535 0.6126493000000001
10 1.4722409e-05 0.8941877 0.44897120000000007 0.959226 0.5112989
13 1.4672579e-05 0.94236016 0.50286883 0.9946257 0.56032395
10 1.4651147000000001e-05 0.87411034 0.45200482 0.9378485000000001 0.5070803
1 1.4379008e-05 0.86629415 0.46629160000000003 0.9389311 0.501851
13 1.4129264e-05 0.77600485 0.5106056 0.8543335999999999 0.55549306
7 1.4062587000000001e-05 0.3529923 0.53857976 0.42905137 0.59043485
4 1.4012837e-05 0.78553754 0.46146408 0.84735054 0.50105536
5 1.3930654999999999e-05 0.30421686 0.554445 0.44583893 0.58421695
11 1.3563841e-05 0.3106271 0.5874313 0.45331743 0.7762880999999999
11 1.3364550999999998e-05 0.793813 0.45799598 0.8448898000000001 0.5109632000000001
2 1.3344403e-05 0.8307974 0.45398983 0.9235452 0.4986999
13 1.2898036999999999e-05 0.21676415 0.5276102 0.45389536 0.66026765
13 1.2809381000000001e-05 0.57297003 0.5280210999999999 0.64355505 0.6234064
1 1.269874e-05 0.8426598 0.4646674 0.9243440999999999 0.49996132
11 1.2674178999999999e-05 0.8773837 0.45033607 0.9232914000000001 0.5106936
8 1.264012e-05 0.068524316 0.20021053 0.40418717 0.95516604
13 1.2624448e-05 0.00016698433000000002 0.5788415 0.026040052999999997 0.69742256
4 1.2508139999999999e-05 0.6274995 0.4852775 0.6769913000000001 0.5886491999999999
1 1.2454311e-05 0.56004494 0.51937616 0.64752877 0.5996048
11 1.2257973999999999e-05 0.8981964 0.45391655 0.94520044 0.5123278
12 1.1998028999999999e-05 0.83111614 0.451137 0.9169818000000001 0.49847424
8 1.1966299e-05 0.47597092 0.2949354 0.6672376999999999 0.7839510999999999
8 1.1946715e-05 0.0042644423 0.60125 0.031078521 0.6959581
9 1.1916061e-05 0.7538463000000001 0.48073778 0.8304256 0.53610826
1 1.160177e-05 0.7339455 0.4884054 0.8196941999999999 0.52536345
13 1.1515839999999998e-05 0.510254 0.55310816 0.6347562 0.6266294
4 1.1410107e-05 0.5916534999999999 0.5391689000000001 0.6736255999999999 0.61222625
10 1.1249381e-05 0.45427093 0.5294394 0.52411884 0.59312433
8 1.1194728e-05 0.104142256 0.4588022 0.38354456 0.77612
6 1.0915588e-05 0.85616744 0.46989498 0.97605276 0.50678533
11 1.0899647e-05 0.3719217 0.5365991999999999 0.41932574 0.59348553
2 1.0722249999999999e-05 0.2726255 0.58740646 0.49480799999999997 0.71415854
13 1.0721786e-05 0.9510751000000001 0.48940197 0.9959198 0.5752873000000001
5 1.0526956e-05 0.808489 0.474466 0.9045339 0.5147818000000001
10 1.0513042e-05 0.7555970000000001 0.45415193 0.8169754 0.50558984
7 1.0496677999999999e-05 0.18359925 0.6029658 0.4515059 0.76803493
7 1.0193592e-05 0.7325901 0.47176892 0.82925475 0.53798085
1 1.0190666e-05 0.58825547 0.51820016 0.6675575 0.6018836
10 9.938546e-06 0.83269346 0.45515874 0.900118 0.5105770000000001
2 9.889253e-06 0.5732524999999999 0.43518087 0.7866827 0.603062
10 9.867181e-06 0.34739137 0.5354837 0.41333000000000003 0.5812126
3 9.730249e-06 0.28823012 0.5268031999999999 0.45568654 0.66522187
9 9.609730000000001e-06 0.38137340000000003 0.5468068 0.46623339999999996 0.5886694
8 9.545037e-06 0.03638406 0.37097670000000005 0.2587098 0.9544035
13 9.406599e-06 0.5427247 0.56237274 0.69777995 0.6089901999999999
13 9.396034e-06 0.80618006 0.4803558 0.89618516 0.53034234
13 9.357907e-06 0.35045072 0.4624063 0.81133735 0.7090013000000001
5 8.797501e-06 0.85346276 0.4749388 0.94187266 0.5143833999999999
6 8.73823e-06 0.8115279000000001 0.46705654 0.9429738999999999 0.5056144
4 8.72182e-06 0.017000012 0.5901908 0.05452124 0.6332563
7 8.637028e-06 0.42656583 0.5362003000000001 0.5149864000000001 0.59090954
9 8.567269e-06 0.5604079000000001 0.5627628 0.65439534 0.6269840999999999
10 8.5490365e-06 0.786619 0.4683488 0.8603849 0.53404856
9 8.377113e-06 0.88742214 0.46495688 0.9534453000000002 0.5063681
1 8.367125e-06 0.20413701 0.6125704000000001 0.41417032 0.71655214
13 8.345742e-06 0.46635908 0.38730893 0.9852648 0.63677835
5 8.283884e-06 0.17540088 0.6308391 0.45915076 0.75435877
13 8.125504e-06 0.26298340000000003 0.6720653 0.3827503 0.7091189
8 7.926287e-06 0.030286782999999998 0.44734782 0.14939848 0.86246455
9 7.905571e-06 0.7704433 0.48483613 0.8507065 0.53764224
12 7.7390105e-06 0.87157154 0.45124188 0.95434874 0.49501935
1 7.724613000000001e-06 0.3133208 0.54141897 0.39959237 0.5786212
