3 0.9205777 0.8091803000000001 0.5674191999999999 0.8711433000000001 0.65997845
3 0.73544884 0.6910564 0.5297319 0.767496 0.63084924
3 0.6655024 0.6933818 0.525574 0.8157017 0.64645094
8 0.31793216 0.73414356 0.15589665 0.8196433000000001 0.21568796
8 0.13073766 0.68536997 0.5225774999999999 0.8552495000000001 0.6550185000000001
3 0.08369576 0.7341837 0.15046363 0.82663196 0.21584883
8 0.059066165 0.9185790999999999 0.17568411 0.9710190000000001 0.23284760000000002
8 0.046477646 0.6900078000000001 0.53762066 0.7681749 0.62164485
8 0.029895962999999998 0.6071524 0.21016732 0.6736248 0.26216757
3 0.026047839 0.032396983 0.41127062 0.1009188 0.4689584
8 0.023195645 0.80872464 0.5659938 0.8733877 0.6564401
13 0.021321982000000003 0.605093 0.17870326 0.6810281 0.27398926
3 0.01969267 0.6133225999999999 0.18723293 0.6773323 0.27718878
8 0.017488161000000002 0.028223477 0.4103103 0.10082256 0.46614647
8 0.013403635 0.6812733 0.55141187 0.75891274 0.61200845
13 0.007460301700000001 0.7340358 0.16681829 0.8206998999999999 0.21425326
3 0.0066065216 0.31313354 0.48474202 0.36865097 0.54059374
8 0.0064248935999999994 0.6959018 0.12943310000000002 0.8601139000000001 0.2548477
3 0.005615554 0.9189162000000001 0.16531494 0.97700083 0.23575716
13 0.005522292 0.74028057 0.15784961 0.8059941999999999 0.23529574
8 0.005046379 0.30364573 0.48049518 0.3651458 0.53883946
8 0.0050380803 0.0029148161 0.36597729999999995 0.1317676 0.48441836
3 0.0049245159999999994 0.37529629999999997 0.41783944 0.4281581 0.48007464
8 0.003924772 0.37096697 0.41566864 0.43070376 0.47909918
3 0.0031880209999999997 0.50860816 0.9083483 0.7366515 1.0
13 0.003157567 0.676588 0.5492769000000001 0.7421017 0.64024603
13 0.003144055 0.5899616 0.19568629999999998 0.67416376 0.25480035
13 0.0028933503000000004 0.7948881999999999 0.5864077 0.8882485000000001 0.6486326
8 0.0027919586 0.82441795 0.5250024 0.9803716999999998 0.6727225
8 0.0027858587 0.9043584000000001 0.16513349 0.9935209999999999 0.27560124
13 0.0025709829999999998 0.80954427 0.570709 0.87533015 0.6662831
13 0.0019606429 0.6869823 0.51866454 0.8665129999999999 0.67022836
8 0.0017756248 0.37880725 0.3970887 0.53736025 0.5079946
3 0.0016659164999999999 0.82653016 0.531412 0.99588233 0.67841107
13 0.0015688686 0.73249197 0.14044808 0.8084216 0.19934955
13 0.001507464 0.6666986 0.56058306 0.75226295 0.61671406
13 0.0014139733 0.64986944 0.53600276 0.8112899 0.6657941999999999
13 0.0013628772 0.8974165999999999 0.1715619 0.9735199000000001 0.22255756
13 0.0013252998 0.027418632000000002 0.4209474 0.106108725 0.47250453
3 0.001144468 0.7268875 0.13832402 0.8613202 0.23300512
13 0.0011391472 0.6828019000000001 0.5231260999999999 0.7499134 0.6287899
8 0.001099517 0.74974656 0.5052437 0.9051639000000001 0.66669524
8 0.0010707674 0.01392138 0.395286 0.09104372 0.4585901
13 0.0008911071300000001 0.77305347 0.59693015 0.8677023000000001 0.64915794
8 0.00073526 0.007998221 0.3461458 0.14660910000000002 0.5664600999999999
8 0.0007080486 0.5234038 0.90495676 0.67323107 0.97907835
2 0.0007019448700000001 0.7294975 0.1606599 0.8312245 0.224271
8 0.0006986275 0.5721126 0.18582386 0.72316617 0.29581594
5 0.0006890194500000001 0.6803121999999999 0.56193244 0.7499835 0.6427301999999999
10 0.0006765877499999999 0.7522809 0.16463706 0.83115953 0.22602424
7 0.00067346136 0.6458877 0.4824027 0.8438073 0.66945916
5 0.00062710285 0.70052373 0.17558166 0.81355655 0.22457822
8 0.0006091894 0.95599586 0.49135628 0.98926526 0.5879405
11 0.0005884191 0.7522025 0.16140842 0.80634725 0.24065566
1 0.0005698301 0.6636395 0.5690576 0.7287521 0.6338957
6 0.0005642801 0.73144144 0.17707676 0.8238443999999999 0.22955573
3 0.00055812177 0.95463 0.485651 1.0 0.60812384
1 0.0005482446 0.68217826 0.54071647 0.74108815 0.61034715
12 0.0005297355 0.6956819000000001 0.50995487 0.75674 0.5987981
1 0.0005098975 0.60750204 0.5233595999999999 0.7819986 0.6205444
8 0.00050806504 0.912626 0.18877548 0.96701765 0.24077578
10 0.0005069676 0.7563094 0.14247128 0.8190198000000001 0.18929255
9 0.0005033886400000001 0.74376583 0.1722406 0.83046603 0.22554074
5 0.00048501847999999996 0.66379225 0.55996627 0.73393166 0.6383276
3 0.0004648974 0.67537904 0.52857155 0.7529515999999999 0.5961901
8 0.00045315190000000003 0.6714048 0.23852684 0.9092594 0.75470465
2 0.00045164470000000004 0.6822214 0.49883607 0.8593533999999999 0.6234725
3 0.00044755937000000003 0.74920744 0.5677013000000001 0.81999844 0.65187347
3 0.00044213742 0.91196024 0.16563156 0.98973656 0.27766603
3 0.00043952762 0.10468634 0.44892758 0.18027884 0.5068858
2 0.00042862332 0.74157155 0.13523038 0.82613397 0.19026206
13 0.00042482142 0.6636174 0.53531915 0.7354243 0.60559714
11 0.00041698504 0.75055575 0.13384384 0.7914679 0.2602162
13 0.00041471524 0.6927545999999999 0.5433751 0.7691922 0.64310014
8 0.00041084072999999995 0.80976903 0.43956049999999997 0.9822974 0.6974696
2 0.00040793186000000003 0.7390721 0.14372398 0.8127941 0.22917311
9 0.0004002011 0.7128194 0.5222019 0.8555384 0.6390886
1 0.00040000949999999995 0.68524975 0.5730589 0.74457175 0.64495337
6 0.00039819867 0.74068314 0.15382203 0.81512386 0.19533879999999998
5 0.00039307565999999996 0.72527236 0.16721576 0.79369456 0.24748978
8 0.00037629343999999996 0.76971084 0.24925469 0.9455459999999999 0.76836306
9 0.00037335769999999996 0.6185156999999999 0.18284918 0.6771478 0.27235585
10 0.00037109690000000005 0.7738613 0.15905020000000003 0.8435699000000001 0.22552802
3 0.00036459922999999996 0.76407725 0.5267367 0.89580864 0.6666380999999999
10 0.00036081282 0.76119727 0.15447949 0.8150678000000001 0.23735161
12 0.00036014934000000003 0.6995864 0.52062863 0.77312195 0.58166665
5 0.00035442738 0.59990394 0.20835598 0.66677856 0.27924340000000003
6 0.00035213662000000003 0.6854395999999999 0.52325773 0.77283764 0.6107668
3 0.00035104092000000006 0.019278768 0.37033790000000005 0.14123511 0.48217705
1 0.00034545216 0.7243092 0.16752602 0.7881845000000001 0.23851892
5 0.00034381606 0.62982273 0.54200244 0.85619867 0.63789654
5 0.0003400969 0.6783399 0.5421855999999999 0.752943 0.6084665
7 0.00033617052000000004 0.7820505 0.5730576000000001 0.86787844 0.66462415
6 0.00033442663999999996 0.6737991999999999 0.56486017 0.775472 0.61886907
7 0.00033123625 0.68057185 0.52975506 0.75108165 0.6534699
4 0.00033036625 0.750071 0.16524504 0.8231216999999998 0.22762172
11 0.0003283239 0.6879618000000001 0.49104616 0.78926814 0.68698853
7 0.00032541674 0.80874354 0.55546796 0.87824386 0.6770126000000001
9 0.00032309227000000004 0.6181005999999999 0.19630857 0.6951614 0.25519502
8 0.0003227449 0.034492478 0.39074853 0.18721014 0.96597296
6 0.0003202002 0.68774235 0.5552722 0.7801193000000001 0.6387745
11 0.0003200525 0.687293 0.5281728 0.7293634 0.6539083000000001
11 0.00031988553 0.8183493000000001 0.58851975 0.85643286 0.6648074
7 0.00031691126 0.6573060000000001 0.5536394 0.7391154000000001 0.6318617
11 0.00031363387999999996 0.8141937 0.5601047 0.8502101000000001 0.68612254
5 0.0003096466 0.6159253 0.56275594 0.8444690999999999 0.6726319000000001
7 0.00030841894 0.5987324 0.50379187 0.82021374 0.693879
11 0.00030730324 0.7042891 0.5309774 0.74338603 0.6541994000000001
12 0.0003018391 0.6434563 0.48057282 0.8552774999999999 0.6041718
10 0.00030012044999999996 0.7058729 0.5337746 0.76221585 0.6378174
8 0.0003000307 0.50790226 0.34428573 0.8553430000000001 0.988607
2 0.00029868257000000004 0.66761535 0.55184036 0.76216394 0.6040238
13 0.00029247123 0.79493773 0.5636504 0.85724974 0.65929633
1 0.00029068906000000004 0.60748816 0.55548924 0.7855594 0.65473217
2 0.00028779398 0.6081637 0.17342673 0.6803714 0.26645878
2 0.00028582464 0.6040085999999999 0.18545417 0.6990759 0.2540685
7 0.0002833533 0.68889505 0.50442755 0.7505999 0.62786144
7 0.00027840052000000003 0.6079912 0.16901869 0.67349553 0.28007020000000005
13 0.0002756475 0.49776223 0.8846622 0.71622944 1.0
2 0.00027179785 0.8153158 0.55018 0.8741502 0.65320563
1 0.0002706836 0.6615006999999999 0.5368556 0.72470975 0.60408676
1 0.00027005284 0.5972401999999999 0.19854626 0.66841614 0.26139262
2 0.0002691346 0.9034059999999999 0.16389294 1.0 0.22354548
9 0.00026362787999999996 0.69871217 0.5303529 0.7518278 0.6077536
6 0.00025890642000000005 0.78964424 0.59287846 0.89742446 0.6509057
1 0.0002576158 0.7297130999999999 0.17876601 0.7993206 0.22760446
10 0.00025535537999999997 0.7006215 0.51054704 0.7552178 0.6077343000000001
8 0.00024694012 0.41890648 0.44310966 0.5588861999999999 0.57524014
8 0.0002452755 0.03908005 0.39807270000000006 0.10660839 0.45471057
11 0.00024431967 0.7253637 0.4992545 0.82395774 0.6875398
2 0.00024047376 0.6937786 0.52882093 0.7592295 0.6138214
3 0.00023816423 0.6870321 0.5166821 0.7431743000000001 0.5622659999999999
9 0.00023497196 0.67640346 0.51731396 0.81685024 0.6387455
7 0.00023487052000000004 0.7175621 0.156356 0.81031644 0.2370801
9 0.00023263509999999998 0.74485826 0.15308192 0.8204378000000001 0.19471541
8 0.00022952966 0.95016086 0.501212 0.98745024 0.56825095
12 0.00022721828999999999 0.6112837 0.18202831 0.68427855 0.2587727
2 0.00022546596 0.78965443 0.56999314 0.88101333 0.6321098
13 0.00022216777000000002 0.36401182 0.42478332 0.42505866 0.473966
2 0.00022145540000000001 0.69615513 0.5207046 0.7788971 0.57542527
10 0.00022142315 0.68053776 0.5459163 0.7577928 0.6211552
6 0.0002199611 0.6360106 0.5328769 0.90704817 0.6690615
10 0.0002120516 0.631359 0.16208337 0.6797081 0.2696535
5 0.00020977412 0.78512913 0.5910262 0.85956043 0.6756706
12 0.00020938206999999997 0.6947234 0.55022454 0.76362973 0.6062647
12 0.00020746715 0.74057424 0.14249952 0.82618964 0.19153123
11 0.0002066024 0.83648986 0.5643322 0.8696869 0.6841265999999999
5 0.00020173058000000002 0.64218295 0.56835246 0.75387657 0.6209932
1 0.00020132306 0.6761322 0.55703014 0.84401274 0.65845543
9 0.00020062944 0.7302788 0.5458459 0.90056103 0.6558165
6 0.00019841366 0.6106060999999999 0.50413567 0.86993194 0.63208604
9 0.00019737892 0.8236021000000001 0.5873313 0.9064528000000001 0.64303756
2 0.00019243534 0.66049093 0.47269535 0.8430360999999998 0.59791774
1 0.00019222118000000003 0.7973713000000001 0.60286206 0.86391336 0.6583131999999999
3 0.00019150351000000003 0.01701767 0.37880358 0.10035125 0.4743621
13 0.00018944092 0.7017815 0.14703566 0.8517995 0.26149777
1 0.00018711037 0.7271882 0.15014239 0.79574025 0.19704892
11 0.00018593935000000002 0.68964535 0.56149936 0.7351827 0.63158256
5 0.0001855877 0.7140209 0.15614983 0.8083094 0.1917921
11 0.00018211281999999998 0.70812505 0.5212268 0.7385145000000001 0.61964124
10 0.00017890959999999998 0.82211447 0.5238917000000001 0.8744463 0.6422213999999999
7 0.00017749442 0.6872798000000001 0.52541 0.77024186 0.60542125
4 0.00017728531000000002 0.7432911 0.5007489 0.88874906 0.6827109
12 0.00017109011 0.82314765 0.57413024 0.90044594 0.6359456
7 0.00017056533 0.60441417 0.18776071 0.68683046 0.25736046
11 0.00016910501 0.6326642 0.17385966 0.6627135000000001 0.27915856
8 0.00016885948 0.512513 0.1855849 0.768339 0.69570047
13 0.00016850003000000002 0.30364862 0.48410642 0.36097065 0.5355061
9 0.00016557741999999998 0.8247450999999999 0.5842379 0.884965 0.66144407
8 0.00016489853 0.33701038 0.35719004 0.6125510000000001 0.62195766
8 0.00016462419999999997 0.39075026 0.41591695 0.44758794 0.46948376
9 0.00016449382 0.6992638000000001 0.556496 0.77585995 0.61487204
13 0.00016237078 0.021050155 0.39323106 0.10717264 0.45428059
11 0.00016032712 0.8175340999999999 0.55024606 0.8492178 0.65138674
3 0.0001601687 0.86946344 0.50134313 0.9224094 0.55939823
4 0.0001581716 0.71251667 0.48386140000000005 0.8531337 0.6439111
9 0.00015814349 0.8223246999999999 0.5607339 0.88154846 0.64310795
12 0.00015758704 0.8137559 0.5397978 0.87804407 0.6274552
10 0.00015637677 0.69544995 0.52511907 0.7699801 0.59096575
10 0.00015607968000000001 0.75191003 0.46233758 0.8967286 0.68281054
9 0.00015252887 0.68612653 0.55688685 0.75364894 0.6123846
4 0.00015214478 0.8212271000000001 0.5547005 0.87919545 0.6779639000000001
2 0.00015202272 0.70066917 0.49854705 0.75975204 0.585482
8 0.00015167700000000002 0.30447274 0.14556129999999998 0.77161866 0.60085076
5 0.00015127541000000002 0.8019295 0.5911153 0.8792380999999999 0.6783706
3 0.0001500524 0.5901838 0.17707801 0.7316703 0.29593733
11 0.00014807857 0.80298156 0.5883876 0.8389892 0.6635552
10 0.00014662271000000002 0.6279463000000001 0.17945127 0.69121987 0.25744924
7 0.0001457568 0.7964631 0.5356717 0.8602 0.6624649
9 0.0001454548 0.698032 0.5498386 0.7527267 0.6334522
10 0.00014466759 0.82210594 0.5427849 0.8805763000000001 0.67996097
13 0.00014406173 0.8893403 0.16092804 0.9861268 0.27674475
12 0.00014262371000000002 0.81392694 0.5663863 0.8823625 0.64664984
10 0.00014181677 0.8161436 0.5621698 0.89396423 0.66274303
13 0.00013916178 0.94397855 0.47168183 0.9930370000000001 0.5926205
12 0.00013879687 0.73916626 0.16175973 0.837448 0.21743482
5 0.00013832121 0.76250184 0.5928553000000001 0.8758404000000001 0.6526665
1 0.00013724663999999998 0.8157074000000001 0.6036691 0.8700517 0.681508
13 0.0001346976 0.6774128 0.5520096 0.77914804 0.62296695
9 0.00013451008999999998 0.70063937 0.5400581999999999 0.7721205 0.5907326
11 0.00013406588 0.7584608 0.15200822 0.799231 0.20429176
8 0.00013265572 0.6114984 0.18634288 0.6678898 0.22962907
9 0.0001321403 0.6061396 0.19597688 0.67232937 0.257236
12 0.00013126002000000002 0.60636735 0.1920753 0.7003417 0.24529
8 0.00013084739 0.11079000000000001 0.45057659999999994 0.17705871 0.498958
10 0.0001308242 0.7091943 0.45103937 0.86204684 0.65231705
4 0.00012700853 0.80091447 0.5719768 0.87354165 0.6572981
8 0.00012465953000000002 0.5963736 0.20301376 0.84402865 0.761522
6 0.00012393441 0.67276716 0.5364915 0.76717556 0.59170777
3 0.00012331817 0.73926693 0.55010617 0.82521504 0.63963354
4 0.00012308125 0.82402956 0.56909215 0.89299333 0.6605093000000001
12 0.00012277723999999998 0.6759745 0.5136241 0.8855646999999999 0.63170207
12 0.00012248459 0.6944415 0.53549826 0.74897057 0.62456286
11 0.00012197511999999999 0.7769661 0.16393113 0.8224751 0.23608446
13 0.00011960072 0.5571062 0.1548415 0.73137957 0.29606056
11 0.00011643355 0.76642406 0.48918540000000005 0.86312973 0.6818685
3 0.000115332405 0.86673075 0.5486308000000001 1.0 0.7247286000000001
11 0.0001131238 0.8378399 0.549791 0.8681696 0.6494555999999999
13 0.00011260895599999999 0.85980266 0.5036599 0.9250054 0.5583395999999999
9 0.00011195840500000001 0.7438035 0.16405277 0.80538917 0.24411257
1 0.000110517816 0.78046775 0.6023255999999999 0.84857845 0.6530009
8 0.0001096675 0.86485046 0.49993286 0.9183231 0.5536731
10 0.00010888203000000001 0.74707115 0.14918128 0.8016095 0.18968774
8 0.00010866563000000001 0.67384964 0.5344312 0.73739 0.59332156
4 0.00010861636 0.7597132 0.14765999999999999 0.8125571999999999 0.19908692
9 0.00010781528999999999 0.9243375 0.17759135 0.9921793 0.22366025
7 0.00010696643999999998 0.72549623 0.14031151 0.80119556 0.26102020000000004
10 0.00010662188999999999 0.67643416 0.4679991 0.82772374 0.64562464
3 0.00010515610500000001 0.7994823 0.55506676 0.8603284 0.6464789000000001
13 0.0001049247 0.85813147 0.54177046 0.95270234 0.62609947
8 0.000104070736 0.9030609 0.4938469 0.98153365 0.6320650999999999
4 0.00010257181000000001 0.6946979 0.5145877000000001 0.7568286 0.60936725
4 0.00010216549 0.688904 0.5368786999999999 0.75858814 0.6427161
6 9.976643e-05 0.8065 0.5841075 0.9003536 0.67485774
10 9.923565e-05 0.7241651 0.5263831999999999 0.7730849 0.6386128000000001
4 9.8447505e-05 0.62779045 0.19588198 0.6856159000000001 0.2528603
1 9.8431505e-05 0.57665116 0.20630325 0.6579576 0.25058225
4 9.823034600000001e-05 0.68014336 0.5531818000000001 0.75072885 0.6249416999999999
13 9.745989499999999e-05 0.35780984 0.36641428 0.545374 0.51621026
13 9.5917625e-05 0.7958735 0.54032576 0.9892788 0.6716473000000001
8 9.428296e-05 0.7385497 0.15439463 0.9491563000000001 0.38109788
2 9.417591999999998e-05 0.030156605 0.41345537 0.1070374 0.4738174
11 9.344545e-05 0.8401455 0.5913381 0.8777115 0.6651389
8 9.325957000000001e-05 0.3685983 0.4338478 0.42093703 0.4944866
8 9.1697475e-05 0.74135554 0.33459213 0.9383507999999999 0.9647513000000001
6 9.109066999999999e-05 0.7272929 0.15628137 0.80020654 0.19118729999999998
9 9.0528e-05 0.8079139 0.5602439 0.8596035 0.64701647
4 9.050962e-05 0.6187397 0.17777088 0.67323303 0.25575107
8 8.952687e-05 0.7473014 0.55022335 0.81767124 0.64154816
12 8.857736999999999e-05 0.8024829000000001 0.53320944 0.86125284 0.6258758000000001
12 8.648118e-05 0.7478588 0.14717442 0.8135405 0.23589139999999997
11 8.4127874e-05 0.70583546 0.5601574 0.7519288000000001 0.6350416
8 8.266655000000001e-05 0.73781365 0.44413966 0.95072883 0.72086996
3 8.252301e-05 0.89431435 0.48829275 1.0 0.6580116
8 8.212812e-05 0.68260187 0.51558083 0.7402597 0.55930567
8 8.183355e-05 0.06985594 0.14805113 0.32703298 0.70075357
8 8.1521925e-05 0.73517793 0.57747483 0.81026036 0.6410911
10 8.046136e-05 0.6130005000000001 0.19133997 0.6748997 0.25157884
7 8.029507e-05 0.66666967 0.5093844 0.7335134 0.6303071
8 8.017233599999999e-05 0.87714565 0.5534355 0.9701363000000002 0.6807404
3 7.980811e-05 0.40665450000000003 0.38372368 0.5702416 0.54450804
1 7.974090999999999e-05 0.81003934 0.56653976 0.8662798 0.6428526
7 7.965145e-05 0.9053539 0.16062935 0.98558486 0.22904913
1 7.943517e-05 0.74895525 0.17918295 0.8179132 0.23055123
9 7.9346035e-05 0.81150794 0.58277947 0.8618814 0.66427785
5 7.896046e-05 0.5803541999999999 0.21141149999999997 0.68357027 0.25168833
4 7.859707e-05 0.6740911999999999 0.48810077 0.82283187 0.6376646
11 7.796103e-05 0.692211 0.5135821 0.72345096 0.6159039000000001
6 7.772635e-05 0.6031785 0.20418145 0.69318163 0.27711436
13 7.759161e-05 0.5998 0.16387092 0.67411506 0.2344706
2 7.747291999999999e-05 0.67389923 0.107348405 0.9025633 0.2521656
3 7.692736e-05 0.8768072 0.48631850000000004 0.92081857 0.537222
8 7.491508e-05 0.79755616 0.20734046 0.9619894 0.45805496
8 7.482940400000001e-05 0.6816544 0.29621628 0.9063204 0.9935289
11 7.270731e-05 0.6316805999999999 0.19678457 0.67199886 0.2614353
9 7.255010000000001e-05 0.8011020000000001 0.5826464 0.86945623 0.64305794
3 7.205739e-05 0.8633185 0.55756205 0.9692914 0.6454873000000001
11 7.185926e-05 0.6154495 0.20011796 0.6516059000000001 0.25897518
10 7.138130000000001e-05 0.8033338000000001 0.5352361 0.8607808000000001 0.6432952
10 7.130907e-05 0.05245506 0.40834640000000005 0.11871249 0.48395267
5 7.124651e-05 0.78536546 0.5762877 0.8639014000000002 0.6491598000000001
8 7.120980999999999e-05 0.39675614 0.15980940000000002 0.6440214 0.6876189
6 7.120666999999999e-05 0.7163322 0.17948805 0.80837584 0.22227383
11 7.0249276e-05 0.73968446 0.1623954 0.78841233 0.23700010000000002
1 6.9968504e-05 0.71373 0.15249653 0.7812505999999999 0.19314879
8 6.849284499999999e-05 0.045282915 0.11451085 0.25407016 0.6515581
1 6.847875e-05 0.7911899 0.56232405 0.851138 0.6359566999999999
4 6.7974455e-05 0.82649916 0.5282479999999999 0.8795826999999999 0.6399564
10 6.720328e-05 0.6876036 0.51947033 0.73974633 0.60746473
13 6.66482e-05 0.10518994 0.4490585999999999 0.18097255 0.5045639000000001
3 6.43597e-05 0.61351633 0.17848252 0.6817653 0.24416345
3 6.4138316e-05 0.93157685 0.49760386 0.9997443000000001 0.577585
6 6.376791e-05 0.80687684 0.5520210999999999 0.8957868 0.641037
8 6.273581999999999e-05 0.9520339 0.4829082 0.98817277 0.5405883
13 6.2304476e-05 0.88524467 0.47833726 0.9947645 0.6464932
10 6.2175444e-05 0.7152158000000001 0.5431140999999999 0.78781176 0.620929
4 6.2167695e-05 0.70557064 0.5321895999999999 0.7671604999999999 0.59546274
1 6.187198e-05 0.90251064 0.18387307 0.96249664 0.22551034
11 6.1435276e-05 0.7096718000000001 0.54276377 0.7459598000000001 0.60291576
8 6.0914080000000005e-05 0.9325543 0.50345355 0.98078054 0.5614904000000001
