8 0.7642923 0.050742947000000004 0.5727111 0.12384874400000001 0.65776247
3 0.75793123 0.8421396999999999 0.61611825 0.9442221 0.7159968000000001
3 0.70796895 0.11315982 0.5843010000000001 0.1839958 0.65019417
3 0.36867476 0.79724985 0.5996427 0.9415578000000001 0.7115594
3 0.2919465 0.68769443 0.6012198000000001 0.758687 0.69603926
3 0.18281144 0.06293278 0.5724524999999999 0.11381545 0.66121507
8 0.14789596 0.06111017 0.5985053000000001 0.11997318 0.6591911
3 0.11575532 0.06602687 0.59374255 0.12197842 0.66772336
3 0.09840002 0.7098008000000001 0.600433 0.86356884 0.7431009
8 0.09801136 0.33624977 0.32211193 0.41226745 0.3784241
3 0.064707704 0.76039004 0.68398726 0.85388565 0.75302535
3 0.05942182 0.8836509 0.65151113 1.0 0.8855784999999999
8 0.05500797599999999 0.67804205 0.59102124 0.8657440000000001 0.75523734
8 0.038863800000000004 0.8055953 0.60189104 0.9584869 0.7298547
3 0.035221793 0.7775401 0.61909735 0.93596864 0.73447466
8 0.03008837 0.037670165 0.5242547000000001 0.20019852 0.66954476
3 0.028808022000000003 0.8193549999999999 0.6187776999999999 0.89475536 0.7095038
3 0.0238182 0.7047388000000001 0.5628265 0.84354407 0.68653786
8 0.022355147000000002 0.88197756 0.6553364 0.98716617 0.88886285
8 0.017686391 0.11002192 0.58494383 0.18657579999999999 0.64409715
3 0.017094351 0.75342596 0.58623993 0.8299059999999999 0.6545306
3 0.016896917 0.07729563 0.5798087 0.15839262 0.65739447
8 0.01590708 0.734122 0.60448843 0.9454183 0.7464173000000001
8 0.01451614 0.67044544 0.56909555 0.83920527 0.704811
8 0.014435399 0.06666078 0.58275825 0.16090205 0.6538638000000001
8 0.012941211000000001 0.68142533 0.6041761999999999 0.7527423000000001 0.6960818
3 0.011145843 0.82329273 0.609189 0.876042 0.7227621
3 0.010440492 0.7570687 0.6073463000000001 0.82891387 0.67316306
3 0.008447244 0.73521054 0.6210713000000001 0.90339136 0.75003517
3 0.008283499 0.11731671 0.5701710999999999 0.18907969 0.6277048000000001
3 0.005771972199999999 0.74651706 0.633115 0.82778895 0.70436317
8 0.005385113 0.6705379 0.56559813 0.9495929 0.82254463
3 0.005134078 0.53334814 0.58553505 0.6041816999999999 0.6486488
3 0.0047576823 0.7591429 0.6590429 0.8380989999999999 0.7451220000000001
8 0.004622096 0.818867 0.5684123999999999 0.9793709 0.8987607
3 0.0045612855 0.7057869000000001 0.5747109 0.77110964 0.6729281
13 0.0039409679999999996 0.8076973000000001 0.57633275 0.9726877 0.7466166999999999
3 0.0038871220000000002 0.72158337 0.5806404000000001 0.7959254 0.6484369000000001
3 0.0036928896 0.33784959999999997 0.3127533 0.4190084 0.3784053
8 0.0030686347999999996 0.5542643 0.5379333000000001 0.9025718 0.8027982
13 0.0025797866 0.78288823 0.61082023 0.9475355999999999 0.75980675
3 0.0025216069 0.06434764 0.55147225 0.17785878 0.6665943
13 0.0024855325 0.11630806 0.5831536999999999 0.19757918 0.64808524
3 0.0019444129999999999 0.81530994 0.6115567 0.9286085 0.6963564999999999
13 0.0017657292 0.31803924 0.33726478 0.42359984 0.37753323
13 0.0016263051999999998 0.68591225 0.59825355 0.7460079000000001 0.70685846
3 0.0016256117000000001 0.6808758 0.56522316 0.8079177 0.71079403
13 0.0015490897 0.86391276 0.71106195 0.99341315 0.9033411
8 0.00150907 0.8465574 0.6322506999999999 0.9378690999999999 0.7098539
8 0.001474864 0.88696516 0.569909 0.9838867 0.97760063
13 0.0014479682 0.68301207 0.6003212 0.8511295 0.75830203
13 0.0014266544 0.6658761999999999 0.6058606 0.7567621 0.68789303
8 0.0013903454999999998 0.7386135 0.59078455 0.8181263000000001 0.6549484999999999
13 0.0013862 0.053066097 0.6184470000000001 0.12321610000000001 0.65629435
8 0.0013741889000000002 0.7060031999999999 0.5775293 0.8753346 0.7117515999999999
3 0.0011614067 0.7424411999999999 0.61291015 0.8001081999999999 0.72223127
7 0.0010982545 0.80115557 0.5621712 0.98662364 0.7425746
13 0.0010695065 0.31859308 0.31128627 0.4130755 0.36871934
7 0.0010515384 0.7501945 0.5828569 0.95599335 0.77228945
13 0.0010287659 0.090642065 0.590378 0.17371395 0.6483468000000001
3 0.0010033627999999999 0.8336075999999999 0.6237550999999999 0.99920136 0.85474294
3 0.0009857569 0.6992643 0.5747445999999999 0.9528446 0.7844837
13 0.00097152026 0.843794 0.6403198 0.9396744 0.7139751999999999
13 0.0009693095300000001 0.7394406 0.6087529 0.81530005 0.6816918000000001
13 0.0009489936599999999 0.73123735 0.63381475 0.81537753 0.711137
8 0.0009265828 0.6952017 0.58419967 0.75918144 0.6741838000000001
3 0.00091715105 0.72882116 0.5701170999999999 0.89576626 0.6978787
2 0.00090354966 0.80689406 0.58001524 0.99019384 0.7229673000000001
13 0.00090271386 0.06191583 0.5719987 0.12510987 0.66126424
13 0.0009012457000000001 0.7580943 0.5913583 0.82234836 0.6978165
8 0.0008798523300000001 0.7090124 0.59166104 0.7844205 0.6532796
8 0.0008752233 0.54393965 0.59294915 0.93597025 1.0
3 0.0008516784 0.7586601 0.58783185 0.8123554000000001 0.6940706
3 0.0008158221 0.7393193 0.5770731 0.8114034999999999 0.6615658
13 0.0007905664 0.050005555 0.58455056 0.1357067 0.6435378
3 0.0007619767599999999 0.74304086 0.6499802 0.82767993 0.7358051999999999
8 0.0007612142 0.6433350999999999 0.5766349000000001 0.8039459 0.7457949
13 0.0007580141 0.73610276 0.5782345999999999 0.82124454 0.6548691999999999
13 0.0007280497000000001 0.7514849 0.6375329000000001 0.9329183000000001 0.7722291
8 0.0007274971 0.81390536 0.6192486999999999 0.8863028000000001 0.7162908
8 0.0006960258 0.73813075 0.6096706000000001 0.81541926 0.67388546
7 0.00068209216 0.6774722 0.6031509 0.76739734 0.69035107
9 0.0006328214 0.8369744 0.59487206 0.98334444 0.7225213
1 0.0006192077400000001 0.76156485 0.6022585 0.9293425999999999 0.71141887
11 0.00061782217 0.73247117 0.5815651999999999 0.8307503 0.7672836999999999
13 0.0006013526 0.66601795 0.5616168 0.82221955 0.71505404
11 0.0005991228400000001 0.8295566999999999 0.5715345000000001 0.9375074000000001 0.75179094
3 0.00057554693 0.7718425 0.6075425 0.8218138 0.72432834
3 0.0005541636 0.6586265 0.58371484 0.81922823 0.7431701999999999
6 0.0005483126 0.7377579000000001 0.615272 1.0 0.76025945
7 0.00054366514 0.8611536 0.6617988 1.0 0.91650116
13 0.0005358142 0.71397084 0.55133784 0.83622855 0.79201096
9 0.00053261634 0.81151557 0.59245896 0.9450109 0.72858214
6 0.0005302859 0.653095 0.6202002 0.9294826999999999 0.7540101
8 0.00052357407 0.76197284 0.68961453 0.83976465 0.75025237
13 0.0005180226 0.7442219 0.58492714 0.9249513 0.744332
13 0.00051724573 0.8519419 0.6275459 0.9266066999999999 0.7301623
1 0.0005121604 0.7612614000000001 0.62852615 0.9312620999999999 0.74229985
8 0.00048834324 0.10179162 0.5666982 0.18179321 0.62689596
5 0.00048154805 0.73696566 0.6181871 0.9604870999999999 0.72480583
11 0.0004756597 0.7994884 0.5625158 0.9071802999999999 0.7563373999999999
8 0.00046331278 0.8623575000000001 0.6329591999999999 0.97131443 0.8514733
7 0.00044899253 0.84368587 0.6241468000000001 0.9299648000000001 0.7238498000000001
6 0.00043203193 0.8770300999999999 0.71076626 1.0 0.8954538000000001
13 0.00043053032 0.70147896 0.57338446 0.7878485 0.6536258
7 0.00042688675 0.68737966 0.57821465 0.7513924 0.71818584
2 0.0004244339 0.78632253 0.5573691 0.96274215 0.6882822
8 0.00041926690000000004 0.7561614999999999 0.6009800999999999 0.8173606 0.6867265
3 0.00041845182 0.8452898000000001 0.64274156 0.94061553 0.73116195
8 0.00041761657 0.6717890999999999 0.617552 0.9724918 0.9662527
13 0.0003931647 0.7451146 0.56733507 0.81385654 0.6778088000000001
12 0.0003869825 0.6915839 0.59986335 0.77605367 0.67408085
2 0.00038634305 0.6835171 0.60557103 0.7678975 0.66218245
8 0.0003833546 0.7141691 0.58444947 0.77112013 0.66813755
5 0.00037595562999999995 0.69319415 0.6444868 0.92888093 0.7552757
11 0.00037076863 0.90114945 0.68440205 0.9785457000000001 0.92450505
12 0.00036212982 0.7801678000000001 0.55531466 0.9928466999999999 0.71158004
2 0.00035696873 0.69549245 0.58799523 0.8709498999999999 0.7025925999999999
12 0.0003558678 0.8957096 0.6499611 1.0 0.8502985000000001
7 0.00035165792 0.10651864 0.57766235 0.18832178 0.65800834
11 0.00034712127 0.11543974 0.58725214 0.15650201 0.6543717
6 0.0003408339 0.67371 0.61323684 0.78396285 0.68206316
10 0.0003390602 0.08315255 0.57505226 0.14804542 0.6401186
8 0.00033766870000000003 0.5347041 0.5878656999999999 0.5883162 0.6407809
3 0.0003373828 0.56015885 0.5892963000000001 0.9698266999999999 0.9649386000000001
6 0.00033492633 0.7582001 0.5789715999999999 1.0 0.7296228
11 0.00033304878 0.06660175 0.58306164 0.11560041 0.6641558000000001
7 0.00033008322 0.65955895 0.58940214 0.8563619 0.7752654
2 0.00032795305 0.8784677 0.6586255 1.0 0.8868223
4 0.00032642056 0.8473816999999999 0.5688218 0.99247503 0.72702926
3 0.00032556683 0.7967486999999999 0.6365105999999999 0.8729591999999998 0.7475989000000001
8 0.00032495963 0.73245084 0.63828164 0.8076205 0.7009095000000001
3 0.0003240707 0.59683627 0.54844886 0.9104993 0.7665943000000001
1 0.00032309882 0.8698458 0.7413031999999999 0.9861974 0.88813895
10 0.00032286084 0.6992379 0.57341707 0.75553674 0.69808614
11 0.0003213464 0.87221396 0.5555264 0.97390294 0.7225953
9 0.0003208109 0.3379104 0.31338277 0.40706825 0.36422473
10 0.0003154684 0.8536348 0.5206297000000001 0.99813217 0.7434048000000001
10 0.00031511651 0.07356407 0.61426723 0.13472311 0.6730984999999999
10 0.00031448682000000003 0.90035415 0.647764 1.0 0.90542173
10 0.00031011965 0.70118004 0.55805737 0.8735296 0.7518354
9 0.0003098801 0.9063950000000001 0.70397943 1.0 0.87529546
2 0.0003065913 0.1098737 0.57901686 0.18924679 0.6342316
12 0.00030549007 0.6931739 0.58749795 0.75655794 0.69352126
8 0.00030404946 0.8978068000000001 0.7098335 0.98420125 0.8735056999999999
11 0.00030342062 0.7103913000000001 0.5883517 0.74431384 0.7008411
3 0.00030043346 0.9581415999999999 0.67525977 1.0 0.79429525
13 0.00029506805 0.81772923 0.70479053 0.9820055 0.85266393
3 0.00029495232999999995 0.563315 0.5612776999999999 0.6531438 0.6285132
7 0.0002932103 0.68099695 0.6113847 0.7492376999999999 0.7390544
11 0.0002912655 0.07109484 0.6149011 0.116307765 0.6863795
1 0.00029104124 0.6675379 0.6335116999999999 0.84559226 0.7551613
11 0.00028851975 0.0833505 0.55598253 0.12367169999999998 0.6846291999999999
13 0.00028678142999999997 0.77186644 0.6977791 0.8559530999999999 0.7602234
6 0.00028438456000000003 0.8485788000000001 0.6408571999999999 0.9657078000000001 0.7073589
8 0.0002830284 0.9601982 0.6768181 0.99201375 0.7896089
3 0.00028080645 0.7230885 0.56313866 0.7962452 0.6278017
2 0.00027697577 0.74987084 0.5919876000000001 0.9300451999999999 0.70832795
8 0.00027559415 0.36935952 0.47703683 0.85738134 1.0
5 0.00027227766 0.7673015000000001 0.64149356 0.97776717 0.75754184
13 0.00026924873 0.8056483 0.58666825 0.9282497 0.8226353999999999
13 0.00026785498 0.675592 0.6374380000000001 0.7657425 0.7048378000000001
5 0.0002674551 0.07610753 0.6013818 0.18079409 0.6500676
5 0.00026603529999999996 0.030491567999999997 0.6279311 0.12406734400000001 0.6725357
13 0.00026463173 0.039950356 0.59482825 0.102705956 0.6344111
10 0.00026265043 0.8098189 0.5338440999999999 0.96403486 0.73574597
10 0.00026090356 0.08530954 0.548452 0.13515267 0.6589593
13 0.00025944554 0.5265635000000001 0.58063364 0.6043767 0.6506791999999999
6 0.00025797143 0.08783777 0.5947659000000001 0.20191745 0.64637226
10 0.00025642096 0.12443042 0.57551384 0.18985257 0.65219045
13 0.00025597900000000004 0.69463295 0.63483316 0.86028796 0.78698176
3 0.00025592913 0.72500527 0.57780635 0.77451694 0.68745595
2 0.00025274168 0.070277736 0.577248 0.14804593 0.64085054
1 0.00025020103 0.111666106 0.6031314 0.18156591 0.65349585
11 0.00024919971 0.6989192 0.57912004 0.80209863 0.76480997
10 0.0002489911 0.67987454 0.59314877 0.7715515000000001 0.68146884
2 0.0002469696 0.054080895999999996 0.614323 0.1310404 0.6601446
5 0.00024125117999999998 0.62281907 0.6412773 0.87333405 0.74914074
10 0.0002343807 0.06442956 0.58053714 0.13222101 0.6390281999999999
9 0.00023189287 0.06983303 0.62155807 0.13409027 0.6632728
2 0.00023026067000000001 0.6928555000000001 0.5859032 0.75387144 0.67752254
12 0.00022858312999999997 0.7580451 0.5873149000000001 0.9729723 0.7332711999999999
12 0.00022796112 0.8679619000000001 0.6288073000000001 0.9475554 0.7013026
4 0.00022665537999999998 0.8034085 0.56697273 0.95283616 0.71708983
11 0.00022457894 0.13357936 0.5908602 0.17186372 0.6533864
11 0.00022340604999999999 0.08525331 0.58530885 0.13709649999999998 0.6632255
5 0.000217042 0.6760972 0.6140758000000001 0.7563265 0.7029121
7 0.00021397881000000002 0.042773504000000004 0.6171880999999999 0.11541475 0.67238605
9 0.00021328678 0.77172196 0.6121 0.9155494000000001 0.7550479999999999
8 0.00020974748 0.0646463 0.12356980000000001 0.28932979999999997 0.6659841999999999
13 0.00020974578999999997 0.7105491 0.55701107 0.77490675 0.67502695
13 0.00020802401000000003 0.81076795 0.615749 0.88069576 0.72357494
10 0.00020573273999999997 0.34366503 0.30064705 0.40743193 0.35764092
9 0.00020470433999999997 0.6907388000000001 0.6079745 0.7714534000000001 0.68001527
9 0.0002040384 0.06059512 0.5949246 0.13618878 0.6421467
13 0.00020207287 0.06654605 0.58080786 0.16215938 0.6517199
11 0.00020043575 0.053116005 0.58061635 0.100327075 0.6609206
3 0.00019877557000000002 0.78059304 0.5966584 0.84509134 0.6900491
5 0.0001984504 0.014475111 0.6036425 0.13875120000000002 0.64634013
12 0.00019717387 0.681225 0.5847846 0.90752655 0.7469653
2 0.00019690701 0.07185942 0.55353993 0.12943555 0.66134006
10 0.00019562884999999998 0.14671928 0.5715759 0.20504358 0.64926285
1 0.00019425004 0.6844654 0.6186378 0.7419312 0.6994196999999999
2 0.00019415673 0.067337334 0.6084569000000001 0.14563529 0.6635557
13 0.00019374223 0.6931501999999999 0.58573264 0.7382960999999999 0.73099744
1 0.00019339543 0.85527146 0.6598938 0.936473 0.71764624
1 0.00019298498 0.08997025 0.60217583 0.16913861 0.65143454
9 0.00019202185 0.71183276 0.6102808000000001 0.86509395 0.75459063
5 0.00019043412 0.041678876000000004 0.6041595999999999 0.14368972 0.67478055
8 0.00018902337 0.8078369000000001 0.6075505 0.85384154 0.73215765
13 0.00018867682 0.69548005 0.56285423 0.7600610999999999 0.6850053
5 0.00018697056 0.8233198 0.64103895 0.9432620999999999 0.71112454
12 0.00018670542 0.11738418 0.5828154999999999 0.20081092 0.63677686
10 0.0001848066 0.7775632 0.56738025 0.93118227 0.7486295000000001
3 0.00018425653999999998 0.6936064000000001 0.6125991 0.77565825 0.7105355999999999
10 0.00018013876000000001 0.111686185 0.58415383 0.17685308 0.6463194
10 0.00017525515999999999 0.09019797 0.6052664000000001 0.14852874 0.6724879
9 0.00017429008000000002 0.6966403 0.6015842 0.75025076 0.6984723
11 0.00017103498 0.77596706 0.5761459 0.8747117 0.7614198
7 0.00016923543999999998 0.64796436 0.5314278 0.84402704 0.72473335
7 0.00016905297999999998 0.90600336 0.67125803 1.0 0.8355645
13 0.00016651662 0.6751512 0.5762493000000001 0.95292056 0.8754654000000001
7 0.00016651161 0.74101233 0.58065265 0.82506275 0.65322345
7 0.0001661744 0.65941113 0.6374274999999999 0.7373294 0.7152873000000001
4 0.00016476178 0.89079756 0.675629 1.0 0.91161364
12 0.00016273853999999998 0.7556431 0.6067616 0.8331466000000001 0.67637426
11 0.00016217495 0.7082714 0.61907506 0.7480633000000001 0.6890464
8 0.00016198468999999998 0.054521143 0.37158284 0.3228357 0.8945306000000001
7 0.00016112215 0.73407805 0.60690874 0.82377386 0.6836126
11 0.00015543698 0.6913807 0.5509309 0.7906731 0.7301028
2 0.00015471954 0.6481931 0.56082124 0.8348136999999999 0.6785015999999999
2 0.00015252049 0.68764955 0.6205261 0.7530369 0.7089611
10 0.00015238851000000001 0.9022826999999999 0.6647718 1.0 0.8169848000000001
4 0.00015205317 0.6990662 0.60099614 0.7606377 0.6836107
6 0.00015128333 0.7317537 0.6224182 0.8583521999999999 0.6788103
5 0.00014969493 0.8483957000000001 0.63949335 0.9251546999999999 0.7332474
2 0.0001475763 0.7593867 0.6158173000000001 0.945641 0.73979
11 0.00014717577 0.77211803 0.6128493 0.8157658 0.6895875
7 0.00014260941999999998 0.85146654 0.6771130999999999 1.0 0.8443798
6 0.00014218958999999998 0.90209377 0.68334943 1.0 0.8387525
13 0.00014176036 0.8592878 0.5850291 0.99270386 0.95873266
8 0.00014131443 0.034460500000000005 0.27592552 0.19687444 0.9101294
1 0.00014057768999999997 0.6135924 0.59848183 0.7834786 0.7106669
6 0.0001389594 0.59202176 0.5932571999999999 0.87517637 0.7210112
12 0.00013804957 0.7536083 0.57767487 0.82941943 0.64927036
12 0.00013721763 0.92002714 0.6595681 1.0 0.8073354
2 0.00013713143 0.9094485999999999 0.67499936 1.0 0.8092219
5 0.00013683823999999998 0.67705244 0.6416712 0.7462738 0.73270965
1 0.00013401108 0.69106865 0.64961964 0.7477099 0.7295566
1 0.00013341942 0.67583215 0.6038770999999999 0.8464041999999999 0.71881473
2 0.00013322111 0.047434687999999996 0.5837397 0.12300566 0.6318316999999999
3 0.00013310208 0.6739785 0.6034474 0.74271446 0.68951285
8 0.00013259328000000002 0.9325334999999999 0.668447 0.9805162000000001 0.74010295
9 0.00013141727 0.07713826 0.58739716 0.13694179 0.65688485
8 0.00012914723 0.03677512 0.4591115 0.23862031 0.7295355
4 0.00012871397 0.6945786 0.581974 0.7499371 0.6942045
4 0.00012855405 0.08263542 0.55853 0.13386887 0.690131
8 0.00012819476 0.7176087 0.57064843 0.78194904 0.62778765
3 0.00012806675 0.78406596 0.619224 0.8524889000000001 0.7178727
5 0.00012771 0.6522161999999999 0.62148476 0.76873815 0.6821494
4 0.0001274841 0.12275576 0.5832606 0.19146976 0.6477829
4 0.0001273559 0.85382885 0.6187238 0.9402632 0.7055649
10 0.00012618618000000001 0.09228216 0.5842333000000001 0.16347228 0.63857466
6 0.00012562828000000002 0.7301276999999999 0.6513561999999999 0.8560413 0.70700985
7 0.00012503048 0.6010340000000001 0.56615305 0.8160773 0.75019336
9 0.00012403003 0.35818318 0.31493124 0.42605838 0.3632551
10 0.0001239791 0.8542341 0.6256251 0.942749 0.71081907
10 0.00012396874 0.7320845 0.5146294 0.8887905 0.731766
6 0.00012272767 0.05969435 0.6277288000000001 0.14252745 0.6680444000000001
8 0.00012254292 0.953448 0.6883074 0.9892151 0.7708849
2 0.00012161025 0.7344121 0.60690415 0.82005084 0.66345394
8 0.00012114757600000001 0.95782536 0.66985625 0.9916806999999999 0.7447868000000001
1 0.00012106739499999999 0.656198 0.6221861999999999 0.7309611 0.68061996
3 0.000120502766 0.95670944 0.67136145 1.0 0.7488045999999999
12 0.00011958906999999999 0.7529758000000001 0.6340485 0.8345511 0.7076443
8 0.00011900415000000001 0.8188484 0.6320109 0.9124489 0.7083658
12 0.00011877588 0.65424395 0.52519196 0.8730271999999999 0.69398135
1 0.00011831573999999999 0.8853946 0.7070659 0.98238707 0.82655674
13 0.00011826981000000002 0.67118114 0.5805934 0.75436836 0.6600355
4 0.00011804191000000001 0.71140176 0.58255386 0.8587249 0.75186384
5 0.00011666823 0.7115762 0.6670086999999999 0.9360987 0.77945966
6 0.00011485896 0.68129045 0.64123863 0.7718398 0.7261666
4 0.000114807815 0.08978139 0.5763083000000001 0.14406903 0.6656717
12 0.00011455528 0.69794244 0.6154853 0.75690323 0.7120693
1 0.00011447848999999998 0.80031675 0.6500493 0.96733683 0.7664133000000001
11 0.00011389478 0.76395524 0.5066801 0.83474994 0.77922344
2 0.00011362732 0.74670595 0.57795465 0.82035357 0.6313189
9 0.000113429756 0.12616396 0.5923695 0.19710037 0.64395916
13 0.00011285063 0.6789420999999999 0.5720903 0.7430906 0.6899174
6 0.00011133493 0.7332181 0.5935283 0.8545693000000001 0.6508322
12 0.00011131991000000002 0.058616605 0.5857800999999999 0.15522294 0.64043474
7 0.00011124340399999999 0.056882598 0.5830974 0.13952824 0.6535115
13 0.00011109368000000001 0.66638124 0.5632726 0.7842245 0.77202654
7 0.00011084211000000001 0.70085347 0.5307995 0.8500074000000001 0.8051944000000001
7 0.00011047111999999999 0.05502255599999999 0.6140191999999999 0.13749266 0.6745485999999999
11 0.00010899712 0.7593324 0.55169636 0.85550714 0.73277956
11 0.00010894355 0.7250151 0.5282626 0.8197158000000001 0.70687175
2 0.000108719614 0.79886925 0.6087441 0.9991298000000001 0.7567465
13 0.000108623266 0.62021315 0.6032768000000001 0.79917586 0.75020605
1 0.00010836556999999998 0.055012748 0.6320829000000001 0.11386366 0.66993
