8 0.98292506 0.40020505 0.39419296 0.62150574 0.58234555
3 0.93305224 0.00326916 0.40021712 0.068118975 0.45967135
3 0.06450481 0.42288488 0.3983406 0.5973745 0.57358956
8 0.056448425999999996 0.36949912 0.28080404 0.6427285 0.6639309
3 0.025739895 0.007160549499999999 0.37777314 0.059375077000000005 0.43914196
3 0.02442077 0.51590645 0.62359923 0.6143869000000001 0.71163565
8 0.006475966 0.9083738000000001 0.42345688 0.9839405999999999 0.5941765999999999
8 0.0046065515 0.5127339 0.6299165 0.59379643 0.6940424
8 0.0031027892 0.14731944 0.37122363 0.21588857 0.41905972
8 0.002591397 0.012396328 0.3943207 0.073111124 0.45818883
8 0.00252366 0.54219747 0.23491718 0.90312064 0.9583936
3 0.0017257878 0.0058405953 0.40901527 0.07796563 0.47704962
8 0.0016852687 0.008373521 0.38548517 0.05052886 0.43714508
8 0.0013382259 0.6209008 0.38646579999999997 0.9095481 0.9132828000000002
13 0.0012966249 0.0048363763 0.40073138 0.08713632 0.46453646
13 0.0009448450300000001 0.41198850000000004 0.45094895 0.6869655 0.56026727
13 0.00093705516 0.43644458 0.42768198 0.6261785 0.5915313
3 0.00090681866 0.42076907 0.33320388 0.64092994 0.58195037
8 0.0008980329 0.0051428596 0.38716477 0.047905203 0.46043158
3 0.00085743674 0.15362915 0.36888200000000004 0.22163560000000002 0.4273487
13 0.0007980822 0.40121204 0.41667977 0.6759333000000001 0.5369388
8 0.0006682243499999999 0.4419088 0.42723736 0.55674386 0.4881062
8 0.0006444260400000001 0.21425776 0.30380577 0.5592024999999999 0.67737836
13 0.0005992779599999999 0.0012548432000000001 0.36921412 0.05323908 0.44627362
13 0.0005852419400000001 0.33993924 0.46409643 0.56727266 0.54832727
8 0.0005762271 0.05416889 0.22871862 0.59044826 0.8965068000000002
8 0.0005700754 0.35768718 0.39221784 0.8478829999999999 0.94051605
13 0.0004990301000000001 0.37925348 0.47802487 0.62060195 0.5649344000000001
9 0.00045077442000000003 0.43630844 0.42403948 0.66193885 0.5257894000000001
8 0.00044749418 0.63393223 0.23137142 0.8940259 0.46097404
8 0.00043119655999999994 0.8121178000000001 0.29548413 0.90091956 0.34358725
8 0.0004152776 0.49313843 0.43572268 0.55919975 0.5586253999999999
8 0.00038692474 0.0069419327 0.35329479999999996 0.093353726 0.48580945
3 0.00036069434 0.9231765 0.42470923 1.0 0.61332315
13 0.00035185556 0.0 0.38397154 0.04572025 0.48469046
9 0.00031027892999999996 0.48819858 0.44417283 0.64212316 0.6033514
8 0.00030957974 0.38581598 0.15441391 0.7554808000000001 0.94264853
8 0.0002617703 0.73968226 0.23989353 0.9374613000000002 0.99577975
13 0.00024648925 0.32786226 0.43677354 0.57245326 0.5344340999999999
11 0.00024312109 0.5048323 0.35223076 0.6028798000000001 0.67553115
8 0.00024086326 0.5186006 0.09579786 0.82300115 0.7959348
11 0.00023634834 0.37926164 0.41071537 0.5198239 0.62033176
8 0.0002338412 0.7600182 0.27916276 0.8377823 0.31460312
9 0.00022816187999999998 0.46433455 0.4301707 0.7198517 0.54212606
13 0.00022806031000000002 0.7527906 0.26481035 0.8604806 0.31452897
7 0.00022702129 0.004459011 0.38750598 0.05507511 0.47016343
8 0.00022488755 0.68277735 0.14509705 0.9033798000000001 0.9236953999999999
8 0.00022289412 0.7728147 0.27859235 0.8579747999999999 0.3189599
13 0.0002165584 0.36735085 0.3962765 0.6195679000000001 0.5304825
4 0.00021039132999999997 0.5223544 0.38625178 0.69567966 0.57731706
13 0.0002102496 0.50587845 0.63702935 0.61790645 0.69312835
3 0.0002077558 0.01154064 0.37362564 0.09493618 0.48293555
9 0.00020077157 0.44353783 0.48647436 0.6693563 0.5958671
8 0.00019805931 0.74856716 0.23160803 0.93610543 0.4751384
8 0.00019319695 0.4224887 0.46680173 0.5445083000000001 0.5470831
2 0.00019140713 0.46298279999999997 0.37294587 0.60770345 0.6233706999999999
3 0.0001822971 0.7738845 0.27452514 0.8431501 0.31652224
9 0.00018166318 0.46652266 0.41769594 0.62592113 0.57675546
4 0.00017844136000000002 0.4936828 0.36906937 0.62206775 0.6381468000000001
8 0.00016844668 0.43473727 0.08618909 0.76226974 0.6257216
3 0.00016586365 0.53596425 0.5721807 0.6861151999999999 0.7435491
8 0.00016499542 0.045792345 0.08833855 0.47988534 0.795529
13 0.00016230391 0.39977140000000005 0.4014218 0.5768619 0.56282985
11 0.00016176597 0.45181888 0.34289166 0.5594578 0.71115327
13 0.00016170305 0.1403838 0.37950683 0.21393062 0.42379049999999996
9 0.00016071502 0.39398518 0.46259350000000005 0.5899951999999999 0.56936115
9 0.00016031685 0.38294864 0.43827423 0.5792119000000001 0.54473656
9 0.00015706616000000001 0.45173103 0.45635158 0.7091268000000001 0.5683808000000001
8 0.00015658622 0.42755329999999997 0.44433254 0.5457954 0.51511747
5 0.00015387934 0.39741948 0.48791414 0.64123046 0.6421332
8 0.00014692188 0.7873252 0.2779322 0.87872016 0.32539567
7 0.00014574431000000001 0.008407453 0.37196118 0.051840816 0.4356934
3 0.0001429067 0.010340823 0.39978874 0.10213484 0.4645479
2 0.00014194858999999998 0.45643023 0.36509958 0.6641973000000001 0.5565049
3 0.00013741187 0.5529363 0.45417625 0.61556286 0.5954564999999999
3 0.00013476270000000002 0.7809560000000001 0.2719733 0.8703459000000001 0.32143053
12 0.0001324107 0.40240926 0.3826739 0.68581855 0.49652479999999993
7 0.00012984655 0.011176393 0.39335757 0.095314704 0.46721488
3 0.00012842673000000002 0.8054893 0.29404303 0.8959799999999999 0.3505357
12 0.00012730052 0.013885612 0.39065063 0.05926767 0.44697848
5 0.00012658183 0.2549843 0.4752053 0.5701921 0.57065535
9 0.00012613531999999998 0.4445302 0.45492148 0.5932978 0.61405754
5 0.00012517572 0.30685815 0.49876958 0.602751 0.59790516
4 0.00012481224 0.48240972 0.40884683 0.6803336 0.6095403
8 0.00012435700000000002 0.13076219 0.34519714 0.68950003 0.96269095
11 0.0001222203 0.45849700000000004 0.43415109999999996 0.5988264 0.66588414
13 0.00011930917999999999 0.33375459999999996 0.49257642 0.55183846 0.5737368
1 0.00011562948000000001 0.29547340000000005 0.47073588 0.5215595999999999 0.57058084
5 0.00011439018 0.0017620414000000001 0.40968555 0.058445204 0.46244955
8 0.00011436233999999998 0.54395854 0.45608519999999997 0.6034189 0.57542145
1 0.000113984 0.28556374 0.43675379999999997 0.5190951 0.5414065
8 0.00011334306 0.49949926 0.56837595 0.66843414 0.7175935
3 0.00011168971000000002 0.017564913 0.37933429999999996 0.08631398 0.44130647
4 0.00011021332 0.48936003 0.37395772 0.64513564 0.5407879
3 0.00010971238000000001 0.017403888 0.39121872 0.11269646 0.5241458
5 0.00010811028 0.35986304 0.48020956 0.58808786 0.6211323000000001
11 0.00010804349599999999 0.49080774 0.40739906 0.6265632 0.6302263000000001
12 0.00010785233999999998 0.43236405 0.42412028 0.7142170999999999 0.528985
1 0.00010609813999999998 0.0082496125 0.41819304 0.051592535999999994 0.4629759
2 0.000103699625 0.35591117 0.38868877 0.60723275 0.5272365
6 0.00010138196400000001 0.0055728335999999995 0.40693384 0.072700344 0.4605792
2 0.00010087290000000001 0.01612769 0.38870788 0.10067386 0.45005992
8 0.000100087644 0.24940775 0.048895724 0.5984316 0.62858987
3 9.855156499999999e-05 0.44500753 0.38196173 0.6255958 0.5457757
11 9.6020216e-05 0.43344295 0.32911540000000006 0.53515196 0.6785557
10 9.335870999999999e-05 0.50524944 0.38061999999999996 0.67962456 0.5325194999999999
10 8.970960999999999e-05 0.5115274000000001 0.36616614 0.6467975 0.59667325
11 8.961212999999999e-05 0.021724852000000003 0.39649206 0.047831215 0.46251208
8 8.9145746e-05 0.42401364 0.45461372 0.50613695 0.5526845
12 8.76726e-05 0.013439297 0.36462504 0.058982535999999995 0.42358953
1 8.7302506e-05 0.42718533 0.4525661 0.6013401999999999 0.60363483
8 8.697098e-05 0.43024325 0.48486248 0.5229742000000001 0.5640276999999999
8 8.665129999999999e-05 0.47424346 0.43473893 0.5380951 0.55538327
10 8.659626500000001e-05 0.013443832 0.39415115 0.058745082000000004 0.45810598
8 8.410166999999999e-05 0.02065168 0.38408190000000003 0.070962764 0.43334386
2 8.33598e-05 0.38778179999999995 0.44663859999999994 0.6455625 0.57670605
8 8.040831e-05 0.45969160000000003 0.43242434 0.55094826 0.5270521
9 7.968875e-05 0.018595891 0.38249898 0.05888243 0.43871328
5 7.900885999999999e-05 0.33777386 0.45002848 0.5797495 0.5835092
4 7.7555225e-05 0.43347520000000006 0.442456 0.63549733 0.6369701
8 7.5479664e-05 0.011904059 0.41039267 0.061566300000000004 0.46184644
10 7.484299e-05 0.38917258 0.42975699999999994 0.61502737 0.57143325
12 7.364604000000001e-05 0.46083984 0.43973798 0.6288931 0.5755358
4 7.3355004e-05 0.44111997 0.39634192 0.6379634 0.578375
11 7.231515e-05 0.4825845 0.33856085 0.5780350999999999 0.6567890000000001
5 7.214913e-05 0.0 0.40600374 0.037759326 0.48585042
5 7.18174e-05 0.32506117 0.48162740000000004 0.70039624 0.5812988
8 7.148489e-05 0.77671283 0.27011466 0.9335208 0.58908254
7 7.138862600000001e-05 0.018155437 0.3765794 0.07344160000000001 0.4314647
1 7.0098686e-05 0.0043026176 0.3834411 0.04910773400000001 0.4266583
1 6.980854e-05 0.020706821 0.4205952 0.08278857 0.4641737
10 6.903974e-05 0.5429716 0.63575137 0.6265519 0.69259083
10 6.7089844e-05 0.38204926 0.40478408 0.59556055 0.53493565
13 6.6373315e-05 0.37473690000000004 0.38233426 0.6581497 0.6930004
3 6.4559405e-05 0.79504985 0.27015918 0.89703506 0.328948
5 6.426764e-05 0.331117 0.4588731 0.7313632 0.5559576999999999
6 6.330552e-05 0.006296591999999999 0.37645355 0.068413086 0.43158138
10 6.246257e-05 0.43149072 0.36535123 0.6454871 0.50904846
8 6.142806499999999e-05 0.42348543 0.37542996 0.75308686 0.79674274
12 6.0086822e-05 0.021653522 0.37265998 0.07611125 0.42201325
11 6.006099e-05 0.5259214 0.39571059999999997 0.6517149 0.58427167
5 5.9367772e-05 0.25957873 0.45660213 0.65063405 0.53631616
8 5.907464e-05 0.045168843 0.24139997 0.39993355 0.50512046
1 5.812762e-05 0.42426369999999997 0.44065252 0.63937694 0.5551977
1 5.7506509999999996e-05 0.0 0.4112175 0.03495774 0.46815214
2 5.7391193e-05 0.014455826000000001 0.36643213 0.06025148 0.41603019999999996
3 5.6871590000000005e-05 0.571549 0.3506469 0.9481004999999999 0.9521506999999999
10 5.6638672999999996e-05 0.015977861 0.36691207 0.05725625 0.42935172
11 5.51904e-05 0.011690523000000001 0.3792241 0.034766644 0.49304593
13 5.406271e-05 0.8718992 0.4435103 0.9859745000000001 0.5740287
10 5.2271324e-05 0.038745895 0.38506907 0.10218939999999999 0.46213874
12 5.2219690000000004e-05 0.37171020000000005 0.41782257 0.60931146 0.51659435
12 5.221896e-05 0.018392472 0.39344618 0.10131885 0.44388327
8 5.2157964e-05 0.0141560305 0.3597212 0.04611357 0.40273228
2 5.1609570000000006e-05 0.024239395 0.36912397 0.07639968 0.42051497
13 5.0797996999999996e-05 0.007971756 0.37598866 0.08591822 0.43672338
6 4.9836155e-05 0.4496082 0.47027802 0.6700935 0.61718255
11 4.9011516e-05 0.44501454 0.41423202 0.5617418000000001 0.59332746
1 4.8971981999999995e-05 0.45010197 0.46294042 0.672618 0.5758095999999999
6 4.8845893999999996e-05 0.40982452 0.41677037 0.6855039 0.5209626
11 4.8375125e-05 0.024075492999999996 0.3780725 0.046631806 0.43241152
6 4.8260942999999995e-05 0.008770349 0.41031270000000003 0.12025538 0.46283764
8 4.7207669999999997e-05 0.77660745 0.29812935 0.867959 0.34450713
11 4.7180667000000004e-05 0.4842906 0.40262732 0.5939557 0.56265074
2 4.668726e-05 0.011744145 0.38812298 0.06147559 0.44473782
4 4.654076e-05 0.03604534 0.39586794 0.10494657 0.46312642
6 4.6418092e-05 0.33512673 0.44248918 0.6190775 0.5297864999999999
5 4.586795999999999e-05 0.00026149416 0.39305013 0.05604107 0.43540356
8 4.5606903e-05 0.45742932 0.43688202 0.52324384 0.5559508000000001
13 4.5497436e-05 0.78019965 0.26819754 0.90087223 0.316768
6 4.468848e-05 0.432097 0.44096926 0.73497903 0.5504713999999999
12 4.408128e-05 0.48071748 0.44497952 0.72123694 0.55151844
6 4.3995336e-05 0.52956796 0.6476062 0.64181435 0.6980274000000001
10 4.3971373e-05 0.4325731 0.44867525 0.68841326 0.61399823
10 4.377379e-05 0.5437354 0.40212688 0.72111994 0.57300866
1 4.320048e-05 0.015852553999999998 0.38786376 0.06528256 0.42634973
1 4.3036805e-05 0.36634564 0.40753259999999997 0.6009299 0.52225256
7 4.2928702999999996e-05 0.0 0.3743135 0.04135186 0.48732936
10 4.291133e-05 0.47286752 0.41415364 0.6901010999999999 0.5615949
6 4.2546108000000004e-05 0.34810758 0.46943029999999997 0.6278491 0.55732125
9 4.2345397e-05 0.030631252 0.38627088 0.08042024 0.43282452
7 4.2010735e-05 0.43258378 0.39560878 0.60864484 0.63599354
9 4.073116e-05 0.033407967999999996 0.4071218 0.103833124 0.45354372
1 4.0634688e-05 0.3544672 0.436571 0.5385054 0.5802143
8 4.0299892e-05 0.67719907 0.119208656 0.8974455 0.637116
12 4.016091e-05 0.5399695 0.62857157 0.6386562 0.68839633
12 3.9654000000000004e-05 0.36903605 0.4420379 0.60406786 0.5406434
8 3.911671e-05 0.47522175 0.42009482 0.5613775 0.50690025
13 3.9005678e-05 0.0014065723000000001 0.42440847 0.05709929 0.4792769
9 3.8979168e-05 0.016015531 0.39914927 0.057722405 0.45764965
9 3.8410308e-05 0.46321142 0.40347221 0.6884213 0.49808657
6 3.711179e-05 0.0 0.39857334 0.057136647 0.4699016
10 3.6297537000000004e-05 0.03229573 0.36727673 0.07640921 0.42771846
5 3.5534245e-05 0.28078523 0.44290784 0.66308606 0.5151822
6 3.5326329999999996e-05 0.4070313 0.4926415 0.69640595 0.5927816
4 3.4605666e-05 0.011516658999999999 0.39031659999999996 0.06334202 0.45522340000000006
8 3.41456e-05 0.15490375 0.07281476 0.5079971 0.6937095999999999
11 3.376575e-05 0.5526191999999999 0.4034866 0.686161 0.6033719
1 3.209341e-05 0.37970275 0.49430558 0.59302366 0.6000538000000001
5 3.1972482e-05 0.0016726973 0.41359246 0.09794253 0.4635867
3 3.171682e-05 0.49549326 0.41790116 0.57901967 0.5746253000000001
12 3.1660435e-05 0.01143284 0.37435862 0.043049797 0.46231756
7 3.165529000000001e-05 0.43698704 0.39975262 0.6716231 0.5550043
10 3.1087166e-05 0.44638914 0.37000635 0.59998107 0.5782444999999999
3 3.1027303e-05 0.46453306 0.41987285 0.5788032 0.48825502
7 3.0250703e-05 0.5144325 0.63601387 0.6170768 0.7066469
1 2.9870609999999996e-05 0.38704726 0.45752650000000006 0.56241035 0.6123666999999999
3 2.9830482000000003e-05 0.42606482 0.46292487 0.5849167 0.5528590999999999
12 2.9623221e-05 0.43628472 0.4114705 0.6091715 0.54345554
8 2.9410756000000003e-05 0.028909663 0.25130752 0.2223292 0.9113949
4 2.8817663e-05 0.3928046 0.42931905 0.5776332 0.6043196
8 2.7901748e-05 0.9068924 0.3900356 0.98233724 0.54955864
8 2.7888409e-05 0.94037825 0.5043092 0.98007894 0.569227
13 2.7837026e-05 0.0 0.36975256 0.09788379 0.50965744
13 2.6538846e-05 0.28714308 0.3904184 0.7098406 0.6081799
8 2.6333882e-05 0.024924196000000003 0.30996788 0.32638195 0.9722876
4 2.6325419000000002e-05 0.018467085 0.36860028 0.05729653 0.42627004
10 2.6189737e-05 0.4804516 0.3409788 0.62890655 0.57270324
8 2.5521012999999997e-05 0.45834407 0.40838754 0.55254656 0.46375138
7 2.5314093e-05 0.32884943 0.46180364 0.60853773 0.6191915
13 2.4758327e-05 0.41171965 0.47969508 0.5544631999999999 0.53515756
8 2.4666495e-05 0.48720136 0.5716708 0.8509620999999999 0.85214925
3 2.4650214999999998e-05 0.5793898000000001 0.5100536 0.64696044 0.599971
13 2.4026008999999998e-05 0.44461116 0.43082997 0.5392568 0.4741971
11 2.3298462e-05 0.048402842 0.39990947 0.087862395 0.45894918
4 2.32239e-05 0.5499765999999999 0.6358444000000001 0.62661624 0.6965505
10 2.1846356e-05 0.009685220999999999 0.39696929999999997 0.04244345 0.48056403
8 2.1738471e-05 0.94260603 0.52585506 0.98168117 0.58533394
4 2.1705151e-05 0.034218043 0.37421986 0.07664828 0.42467105
9 2.1435695000000002e-05 0.43984179999999995 0.42007113 0.7068476 0.6966819000000001
8 2.1132453e-05 0.17088145 0.5326093000000001 0.7583522 0.9613332
6 2.0853204e-05 0.42971852 0.47521648 0.7776761999999999 0.57840514
7 2.0505976999999997e-05 0.40215647 0.41879818 0.64849204 0.5896779999999999
3 2.0322097e-05 0.55568576 0.510582 0.6335661 0.5966569
8 2.0274376e-05 0.048920978 0.11722794 0.28888604 0.72970337
2 1.9895384e-05 0.43669079999999993 0.21372470000000002 0.7700541 0.6540982
8 1.9156407e-05 0.6592186 0.11248081 0.9083505999999999 0.44415894
8 1.9147063e-05 0.42476463 0.43151647 0.5153219 0.5308236999999999
8 1.909921e-05 0.9509969000000001 0.49101222 0.9870768 0.5790485
13 1.7920428999999998e-05 0.42743063 0.4727322 0.5415078000000001 0.5537634
4 1.7914908e-05 0.42717730000000004 0.35763365 0.58679956 0.6390949
13 1.7786373000000003e-05 0.7801244 0.29922014 0.8965278 0.3432916
1 1.7716555e-05 0.50827384 0.6499719 0.6002999 0.6983351
13 1.7683670000000003e-05 0.5048857 0.24625771 0.93509895 0.92595625
12 1.7441398e-05 0.43666068 0.35530248 0.7109255999999999 0.46992799999999996
3 1.7291271e-05 0.4342972 0.48328564 0.5788545 0.57171726
3 1.7155339999999998e-05 0.9135700999999999 0.44475952 1.0 0.66122437
9 1.7032144e-05 0.5453846 0.64745116 0.62725616 0.6944275
8 1.6944003e-05 0.5073979000000001 0.44436434 0.5852177 0.5606829000000001
5 1.6577305e-05 0.009130765 0.39249697 0.07479073 0.4308519
2 1.6240758e-05 0.4188175 0.34427172 0.57993436 0.55541515
13 1.6143982e-05 0.16949137 0.41392273 0.60183185 0.6056511
8 1.5659713e-05 0.5715873 0.50896966 0.6311066 0.58310115
3 1.5441983e-05 0.44614607 0.43725958 0.5770337 0.5122193
7 1.5263506e-05 0.2730039 0.43629822 0.5393137 0.59761524
3 1.5067954999999999e-05 0.5270781999999999 0.44754532 0.6089885 0.5890835999999999
13 1.4692513e-05 0.5602687 0.14047799 0.97054887 0.44961286
3 1.4559046000000002e-05 0.58222127 0.48338559999999997 0.64728624 0.5806384
3 1.4408795999999999e-05 0.013118378 0.3557788 0.054854292 0.40894768
2 1.4396877999999999e-05 0.0062608933 0.37249267 0.04502488 0.4499875
2 1.4238045999999999e-05 0.14619961 0.36831874 0.23822363 0.41973314
8 1.4184215e-05 0.038652256 0.27721417 0.20112038 0.526891
11 1.41349165e-05 0.49600825 0.13539971 0.7110161 0.81135786
5 1.3852695000000002e-05 0.31364024 0.4629759 0.7054434 0.70806396
11 1.3685221e-05 0.040279206 0.37869590000000003 0.06760698 0.42862716
8 1.3519387999999999e-05 0.44096008 0.4174585 0.501232 0.5389313
2 1.3455827e-05 0.5252485 0.6258825 0.62378675 0.69236267
11 1.3065287000000001e-05 0.55100316 0.64423466 0.59819484 0.7147658
2 1.298395e-05 0.88926446 0.42114273 1.0 0.5670581
8 1.2877865e-05 0.46933395 0.09735431 0.8309534 0.45427927
3 1.2775331000000001e-05 0.6706571 0.23506714 0.9482805000000001 0.4873773
9 1.2747969e-05 0.9181355999999999 0.46465594 1.0 0.573893
12 1.260183e-05 0.40896717 0.45001635 0.6806111 0.56569904
8 1.258122e-05 0.5498463 0.50579214 0.61442006 0.58261067
9 1.24886155e-05 0.39526746 0.48988232 0.58891743 0.59617645
13 1.2342221999999999e-05 0.42268038 0.46029675 0.54169095 0.5063217000000001
8 1.2280434e-05 0.23745385 0.18069454 0.63928443 1.0
13 1.2109576e-05 0.39544225 0.48431019999999997 0.51905304 0.53174174
7 1.2039260000000002e-05 0.0 0.42218494 0.05236319 0.49163148
8 1.1917621e-05 0.56920975 0.48551524 0.63125175 0.5640528
3 1.18378275e-05 0.47404596 0.42589796 0.5636694 0.56499624
11 1.162744e-05 0.17667079 0.37131032 0.22949433 0.44032523
3 1.1223277e-05 0.5972031 0.5150411 0.66274965 0.5956461999999999
8 1.1056030000000001e-05 0.48864168 0.4276109 0.5786529 0.48138980000000003
3 1.0712012e-05 0.43865466 0.29602557 0.62344617 0.6716321
8 1.066323e-05 0.5927020000000001 0.5140503 0.6458109999999999 0.58012515
5 1.0381053e-05 0.49714452 0.6496621 0.6173312 0.69612986
7 9.9586305e-06 0.14322692 0.37885523 0.23247394 0.42776164
13 9.58023e-06 0.0036292336999999997 0.34035882 0.051738452000000004 0.40269205
11 9.575746e-06 0.91904634 0.4523714 0.9754339 0.6060047
13 9.434494999999999e-06 0.44849885 0.42175183 0.5262849 0.48950459999999996
13 9.428019e-06 0.43473140000000005 0.4678667 0.50876355 0.56541264
7 9.410167e-06 0.8807283000000001 0.43719998 1.0 0.5811470000000001
13 9.156929999999999e-06 0.40550536 0.47653642 0.50776094 0.5467526
13 9.008398e-06 0.4686019 0.46031275 0.54526377 0.5680357
13 8.978292e-06 0.2511355 0.44034179999999995 0.6458602 0.63973165
13 8.968138e-06 0.45072594 0.4617285 0.5266354 0.5641135
8 8.874475e-06 0.05746993 0.38846479999999994 0.41382890000000006 0.9388736999999999
2 8.58054e-06 0.46427658 0.32607959999999997 0.6854452 0.49678224
6 8.573246e-06 0.43547413 0.43003988 0.6592631999999999 0.5819899000000001
