8 0.96141046 0.44735329999999995 0.51453876 0.7242571999999999 0.6455819
3 0.85722303 0.8894071 0.87259585 1.0 1.0
8 0.56156075 0.35101736 0.46799612 0.5826828000000001 0.62830424
8 0.31703654 0.40188965 0.48854014 0.66820985 0.63735396
8 0.27452016 0.84772325 0.5324760000000001 0.93344015 0.6043031
3 0.14856192 0.4973906 0.5105078 0.71276647 0.65834737
8 0.07455215 0.32382354 0.42293993 0.71060884 0.6699828
8 0.055491433 0.32476103 0.45452657 0.526591 0.6104824999999999
3 0.046250723 0.8645755999999999 0.5397374 0.9429252 0.61226314
3 0.016654331 0.46574143 0.5004023 0.6707705 0.63722223
8 0.012592653999999998 0.8904951999999999 0.85225374 1.0 0.9838556999999999
8 0.007160235 0.42564657 0.5215729 0.51762414 0.6187332
8 0.0062016477 0.9031281999999999 0.8759834999999999 0.98853934 0.99461263
13 0.0054604462 0.5357926 0.52699 0.78526294 0.65112495
13 0.0045573856 0.8689906 0.9021005999999999 1.0 0.9989543
8 0.0043287473 0.8640916999999999 0.89651775 0.98256516 0.99099815
13 0.0042151213 0.8415751 0.92762434 1.0 0.9943049999999999
8 0.0039767716 0.217452 0.4012518 0.63158596 0.6901892
3 0.003305642 0.39683783 0.49240917 0.63328075 0.62047446
3 0.0026098454999999997 0.37683347 0.47366540000000007 0.5678871999999999 0.61988515
13 0.00219284 0.88931763 0.8905019000000001 0.98260987 0.9898824
8 0.002120403 0.809768 0.49091409999999996 0.9751825999999999 0.6209357
3 0.0019629807000000003 0.4277487 0.53183275 0.5205844000000001 0.62525845
8 0.0018625503 0.88959825 0.90425396 0.9711584999999999 0.9806950000000001
3 0.0018158309 0.8192478000000001 0.8677617 1.0 1.0
9 0.0017859173 0.5723978 0.50387275 0.7911149000000001 0.6087201999999999
13 0.0017093768 0.5117752 0.5612974000000001 0.76833814 0.6702575
8 0.0016020023999999999 0.40366536 0.50810564 0.49796394 0.6014109999999999
7 0.0014944096 0.84449136 0.87723666 0.9826189000000001 1.0
8 0.0013987423 0.8618021 0.5072414000000001 0.97850955 0.6142493
7 0.0012860235 0.8647002 0.9202974 0.9701394 1.0
7 0.0012623337 0.80319196 0.9183866 0.9562431999999998 1.0
9 0.0011292857 0.5138146 0.49568367 0.7111908 0.5968048
11 0.0011120432000000001 0.88807213 0.90573436 0.9668911 1.0
2 0.0010091653 0.8460744 0.8750799000000001 1.0 0.989476
9 0.0009904974 0.5877616 0.5309041 0.8252858000000001 0.6308163
1 0.0009636246 0.8624129999999999 0.92384005 0.99298555 1.0
7 0.0009183189 0.8757189000000001 0.9062372999999999 0.9803145000000001 0.9823945
3 0.0008728688 0.8858848 0.8746081 0.9930455 0.9628296999999999
8 0.0008299106 0.86966616 0.8169310000000001 1.0 1.0
8 0.0008193328 0.36826533 0.5175214 0.49301466 0.58500385
13 0.00081419235 0.83966714 0.53461516 0.94133246 0.58852416
4 0.00080473785 0.6404522 0.49457064 0.8126526999999999 0.6739741
13 0.0008021585 0.3995803 0.5317821999999999 0.6454769 0.643349
9 0.00078254746 0.59467673 0.49048686 0.7235311 0.64912224
11 0.0007808905000000001 0.8570694 0.8885928 0.9463049000000001 1.0
12 0.00077722 0.5506946999999999 0.50358915 0.77968985 0.61702096
11 0.0007728301 0.8739256999999999 0.8773059000000001 0.95991784 0.9938360999999999
11 0.0007459788000000001 0.91335267 0.8954158000000001 0.96156865 0.97453135
9 0.0006988314599999999 0.8925504000000001 0.88922894 1.0 0.9784292
1 0.00069782144 0.5597276 0.5522037 0.76334625 0.6545344
9 0.0006551978 0.52648985 0.5211054 0.76325387 0.6270292
5 0.00065465795 0.8418459999999999 0.88683975 1.0 1.0
1 0.0006531094 0.53284 0.5261875 0.7458591999999999 0.6214408
12 0.00065279537 0.56165594 0.5344768 0.7971982 0.6364893
11 0.0005920621 0.44748336 0.4645863 0.6365489000000001 0.7009978
2 0.00059110665 0.53415287 0.529035 0.77238685 0.6833946
13 0.00057909836 0.41134366 0.5595021 0.6737893 0.6657526999999999
9 0.0005767133599999999 0.47010666 0.5237699 0.68582445 0.6420001000000001
11 0.0005509297 0.86194086 0.93212783 0.9652868 1.0
13 0.0005375889599999999 0.5140795 0.5199288 0.7004775 0.6905548
8 0.00053459697 0.30343917 0.16200852 0.65267396 0.6932683000000001
8 0.0005327280999999999 0.40386880000000003 0.45241788 0.77209264 0.7027207
3 0.0005211409 0.41387475 0.51252294 0.5008717 0.6007383000000001
12 0.0005081008 0.5504128 0.48215917 0.7027332 0.63081825
5 0.00050176977 0.38249835 0.5543316 0.72531044 0.6500505
3 0.00048606633000000004 0.38104442 0.5209268 0.49924034 0.5902804
7 0.00048201114999999996 0.80577725 0.8493878 0.9787492 1.0
9 0.00046030537000000003 0.55916953 0.5593418000000001 0.81041765 0.66402006
11 0.00045808416 0.9125035 0.88794804 0.9773764000000001 1.0
2 0.0004447192 0.86464125 0.5241766 0.9610279 0.58338183
12 0.00043478019999999997 0.89206934 0.8803652 1.0 0.9809314
10 0.00043422138 0.6196454 0.46976417 0.7638391 0.6072057
11 0.00043005167 0.47970298 0.46596099999999996 0.6716418000000001 0.6463729
5 0.00042846316 0.3740039 0.57711613 0.6654084 0.6762414000000001
13 0.0004123267 0.46106 0.4987682 0.695075 0.6374948
9 0.00040702985 0.55760723 0.5304986999999999 0.6946138000000001 0.6808354999999999
2 0.00039689775 0.56383634 0.46050909999999995 0.7659971999999999 0.6501731
5 0.00039320684 0.48732147 0.5584238 0.86035526 0.6775675999999999
9 0.00039208308 0.49460316 0.55529046 0.74763745 0.6644788
13 0.00037876949999999995 0.8486359 0.5606508000000001 0.94595724 0.6049137
2 0.00037384505 0.800733 0.90703756 1.0 0.9972174000000001
9 0.000371509 0.8696062 0.5429354000000001 0.9633632 0.58935076
12 0.00036310608 0.48843184 0.46738195 0.7554114000000001 0.5881491
11 0.00035539942 0.61386555 0.46793067 0.7627224 0.63540727
10 0.00035009815 0.64970255 0.47681713 0.79936224 0.6429075
6 0.00034926057999999996 0.79335284 0.9224863000000001 1.0 0.9979421999999999
9 0.00034580137999999996 0.9065965 0.9149971 1.0 0.9906162000000001
11 0.00034207472000000004 0.91222686 0.9259059999999999 0.96839833 0.975485
11 0.00033590884 0.58465046 0.41505757 0.7019734000000001 0.73214185
1 0.00032884086000000004 0.50511694 0.53239983 0.6706962 0.66821736
8 0.0003236744 0.61093247 0.5636906 0.702511 0.63564557
4 0.00032176936000000004 0.5999215999999999 0.52460295 0.7823804 0.70194167
2 0.00031723364 0.45152715 0.5483180999999999 0.69488615 0.6620964
10 0.00031551655 0.50640106 0.5487173000000001 0.70737624 0.65482134
1 0.00031429605 0.41577363 0.52348286 0.6744276 0.62240267
7 0.00031164422 0.5515579 0.47168760000000004 0.7647401999999999 0.66022134
3 0.00030910264 0.37439662 0.44243938 0.5534475999999999 0.57985026
5 0.00030711122000000004 0.7756948 0.9115837999999999 1.0 1.0
1 0.00030656456000000004 0.37323720000000005 0.5469387 0.6161901999999999 0.64358366
10 0.00030098767999999995 0.87498933 0.52727646 0.96652645 0.58245665
5 0.00029731067000000004 0.49159855 0.5654753 0.7181616999999999 0.72188437
5 0.0002941288 0.8882536 0.8920520000000001 0.9772056 0.9950396999999999
2 0.00029207894 0.55861783 0.46934298 0.70942205 0.68869436
3 0.0002901437 0.39238049999999997 0.44105908 0.7197946 0.6395518
1 0.00029004356 0.8882899 0.9145519 0.9834052 1.0
9 0.00028672666 0.90445256 0.90428936 1.0 0.96326786
7 0.00028598864 0.8892770000000001 0.88847345 0.9665578000000001 1.0
6 0.00028547487 0.8537328000000002 0.8983161 1.0 0.9963983000000001
10 0.00028233888 0.51921374 0.46462896 0.6768645999999999 0.5814166000000001
5 0.00027845343 0.46808338 0.5851592 0.80722433 0.6915001999999999
11 0.0002782361 0.6453644000000001 0.47510636 0.7991513000000001 0.6596323000000001
10 0.0002776605 0.8846243 0.89186007 0.9805921000000001 0.9788225
9 0.00027522046 0.44743425 0.55854625 0.6723756 0.6761394000000001
10 0.00027493274 0.6176433000000001 0.41182533 0.72251034 0.6474625
12 0.0002714896 0.91623366 0.8968798000000001 1.0 0.95733654
12 0.0002661471 0.8486855999999999 0.5305611 0.97074044 0.58419347
11 0.00026083802000000003 0.8678385000000001 0.5382256 0.9203754999999999 0.5984858000000001
4 0.0002585971 0.8895086 0.8922644000000001 1.0 0.9941714
11 0.00025831506 0.9154894 0.9334747999999999 0.9849475000000001 1.0
11 0.00025544932999999997 0.52768403 0.48590420000000006 0.7211181999999999 0.7179898
8 0.00025497915 0.8850416999999999 0.9009306 0.95962316 0.9598761
1 0.00024934397999999995 0.43068770000000006 0.5492649000000001 0.66537917 0.6505856
8 0.00024780227000000004 0.44375533 0.09965039999999999 0.7665654000000001 0.6596337
10 0.00024305115 0.87807155 0.8746364999999999 0.9950832000000001 1.0
8 0.00024126142999999996 0.790261 0.84200734 0.9832011 1.0
1 0.00023866376000000001 0.47974970000000006 0.49176678 0.6558278000000001 0.62378675
1 0.000238586 0.8171241 0.9018252 0.96943617 1.0
11 0.00023650637000000003 0.5391899 0.46838686 0.70961666 0.6489285
8 0.00022873336 0.43926182 0.51382786 0.5010104000000001 0.632042
4 0.00022504658 0.607055 0.45512488 0.7352989999999999 0.6734284
9 0.00022461062999999998 0.43129350000000005 0.5326161 0.6258491 0.65318096
10 0.00022058285 0.48326534 0.5223871 0.6618566 0.627206
11 0.00021451422000000003 0.6082382 0.48503500000000005 0.78163743 0.7033498
2 0.00021332553 0.440093 0.51458395 0.6814541999999999 0.63094527
9 0.00020895108 0.8809549000000001 0.8531236999999999 0.9960728000000001 0.974291
8 0.00020407833 0.5177254 0.38216192 0.8670366 0.9641795
11 0.0002019779 0.61519974 0.4053849 0.71459734 0.6857496999999999
7 0.00020127445 0.8585940000000001 0.53489375 0.96615326 0.5968666
4 0.00020096924 0.5589199 0.47006643 0.73813444 0.60757685
11 0.00019423573 0.8881872 0.5332425000000001 0.94422966 0.600582
10 0.00019256528000000003 0.8594572 0.53571105 0.9484386 0.582971
4 0.00018829387 0.9111116 0.89205027 1.0 0.9718131
8 0.00018637799999999998 0.38192582 0.50523645 0.47218844 0.6002998
10 0.00018367067 0.58071864 0.44135922 0.68948406 0.640129
12 0.00018083358 0.4794981 0.4974013 0.70501715 0.6137562
1 0.00017981228 0.45584735 0.48654574 0.68414164 0.57810163
7 0.00017871720000000002 0.9072478 0.88452405 0.98424923 0.99539524
12 0.00017661830000000002 0.9177278 0.8868349 0.97885305 0.9794146999999999
12 0.0001761976 0.8610868 0.8123845000000001 0.9927316999999999 0.9486133
6 0.00017094522 0.8606756 0.5446959 0.9562181999999999 0.5872125
8 0.00016983414 0.45456377 0.508059 0.5124771 0.6177406
12 0.00016767238 0.9127329 0.9046571 1.0 0.9814391
5 0.00016401135 0.85724217 0.90072674 1.0 0.97216046
1 0.00016135633999999997 0.893229 0.9476171 1.0 1.0
8 0.0001606622 0.74092424 0.48942837 0.93215454 1.0
13 0.00015995563 0.33004943 0.48691902 0.73594666 0.7163096
4 0.00015841988 0.5435671 0.5053755 0.76523584 0.68283075
2 0.00015784976 0.8686043999999999 0.894072 0.99200624 0.9637781999999999
10 0.00015418034 0.6353099 0.5155509 0.81056017 0.6681616
1 0.00015213586 0.9137833000000001 0.9104663000000001 1.0 0.99948835
11 0.0001488343 0.89395714 0.9207565999999999 0.9497926 0.9701582000000001
9 0.00014078754 0.9082176 0.8912145 0.97230697 0.98069775
1 0.00013986339 0.82673365 0.86712986 0.9748749 0.9855433000000001
6 0.00013886951 0.5189344 0.55131495 0.85414916 0.6695236
13 0.00013805837 0.37129602 0.5127864000000001 0.6118274 0.6272354
7 0.00013748261999999999 0.54633355 0.43519694 0.7126098000000001 0.72245127
4 0.00013548078000000002 0.5188653 0.5413418999999999 0.7273970999999999 0.69918853
13 0.00013394098 0.33022767 0.4983577 0.55276614 0.6204518
1 0.00013321688 0.549886 0.5289888 0.70724773 0.66144246
2 0.00013267781 0.51133335 0.5020952000000001 0.73810786 0.65981877
6 0.00013104272 0.5109457000000001 0.511563 0.8208091999999999 0.6330156
6 0.00013065243999999999 0.7915844 0.87858063 1.0 1.0
4 0.00012969505 0.5753857 0.49370286 0.70957863 0.6964859
4 0.00012871891000000002 0.47066367 0.5134631 0.6893666 0.6788149
7 0.00012787393999999998 0.8610758 0.90960634 0.9531386000000001 0.9790095999999999
9 0.00012675973 0.36441168 0.47477496 0.76145494 0.70950323
2 0.00012437016000000001 0.854684 0.8173826 1.0 0.9669325000000001
8 0.00012380576999999998 0.17003883 0.38879946 0.71713704 0.9087291
11 0.00012253856 0.5626479999999999 0.39674202 0.676928 0.69451356
8 0.000121209676 0.5598496000000001 0.5447163 0.66459465 0.6363794
3 0.000120606426 0.4386773 0.50527877 0.5052139 0.6120051999999999
7 0.00012035795 0.8426289 0.562347 0.9468584999999999 0.62205577
10 0.00011603125 0.5469771999999999 0.5324103 0.75865203 0.6552066999999999
1 0.000114980496 0.8509985000000001 0.5442983 0.93350196 0.5949293999999999
6 0.0001148743 0.8781404 0.90685445 1.0 0.9681523000000001
9 0.00011405548000000001 0.6011545 0.52445245 0.74920666 0.6772956
10 0.00011288256 0.87703925 0.55452883 0.9756848 0.62210166
7 0.00011199161 0.8419405999999999 0.53890777 0.9381859 0.5947986
8 0.00011124545599999999 0.30568084 0.36313808 0.57342094 0.69992834
8 0.00010775902 0.25079504 0.35720387 0.6506194000000001 0.8342115
6 0.00010713872 0.37358552 0.5408066999999999 0.71579707 0.64173687
8 0.00010674212499999999 0.52820987 0.53980875 0.6454257 0.6386274000000001
6 0.00010645084999999999 0.4066296 0.5732805000000001 0.7215895 0.6680931999999999
4 0.00010593027400000001 0.93941665 0.86908317 1.0 0.9667618
8 0.000104774874 0.42621726 0.50641 0.48385320000000004 0.62611395
4 0.00010162652 0.8865441999999999 0.53426814 0.9675069 0.59569263
8 0.000100926 0.37166402 0.50576544 0.48426850000000005 0.56828916
6 0.000100864774 0.5115860999999999 0.5814793 0.8309610000000001 0.6894566
7 0.00010043648 0.49593000000000004 0.5298454 0.77209795 0.7073794
5 9.997094e-05 0.80576456 0.55192 0.9406598 0.58643526
8 9.825238e-05 0.38219514 0.3697008 0.7605864 0.85663354
13 9.678689e-05 0.31454203 0.5225184 0.5080529 0.61802495
6 9.586833000000001e-05 0.45524126 0.48395386 0.75222725 0.6009966
12 9.320521e-05 0.5674609 0.52091587 0.73266697 0.66078115
1 9.297446e-05 0.4641883 0.56323063 0.7148305 0.67412806
5 9.247802999999999e-05 0.40543064 0.5434209 0.79428405 0.63181937
11 9.177987499999999e-05 0.8875834999999999 0.55599 0.9483654 0.63520896
8 9.157127e-05 0.0 0.31525683 0.63313335 0.8827071
2 9.1563066e-05 0.84743226 0.5522073000000001 0.9612492 0.6073835999999999
8 9.037615400000001e-05 0.5851629 0.55432975 0.68880224 0.6336555
2 9.027483599999999e-05 0.8902308000000001 0.87010264 0.9811244 0.98056024
11 8.9785666e-05 0.937823 0.8962367 0.9847311 0.97116303
3 8.696042e-05 0.8894443000000001 0.7397694 1.0 0.9778206
1 8.651136000000001e-05 0.8342011 0.5456774999999999 0.9171313 0.58969617
10 8.376514600000001e-05 0.9246224000000001 0.85775435 0.9877802999999999 0.9878904000000001
10 8.342907e-05 0.84207207 0.89725375 0.99813604 1.0
5 8.143824e-05 0.42586850000000004 0.53111655 0.7677702 0.60426027
9 8.055944e-05 0.8730808000000001 0.5664520000000001 0.9714396999999999 0.61515486
6 7.818226e-05 0.8858756999999999 0.8904616 1.0 0.982556
9 7.734032e-05 0.93137825 0.8906487 0.99654144 0.9723421
7 7.616846e-05 0.4906115 0.47104087 0.72646064 0.6309054000000001
12 7.44797e-05 0.4496715 0.5168848 0.6761419 0.63702285
10 7.4410586e-05 0.6570644 0.42157686 0.7518531999999999 0.67226577
2 7.3018724e-05 0.48314616 0.4755177 0.7127305 0.6166560999999999
10 7.28991e-05 0.46628174 0.48768649999999997 0.63636845 0.5969376000000001
8 7.261281999999999e-05 0.41492426 0.30783805 0.6321376 0.7604711
1 7.177537e-05 0.45838836 0.5201977 0.6309015 0.6492208
3 7.086072600000001e-05 0.8537537000000001 0.5314148 0.92615396 0.59841096
8 7.015816999999999e-05 0.010407965 0.44753770000000004 0.042120785 0.4997545
5 6.9689944e-05 0.9085905000000001 0.8919581 0.9988077 1.0
7 6.927996e-05 0.41170642 0.49792537 0.68884146 0.69125575
10 6.84078e-05 0.8565466999999999 0.8120669 0.98481256 1.0
8 6.798509e-05 0.89816743 0.8775596999999999 0.96365345 0.9564674000000001
8 6.710641999999999e-05 0.36332873 0.28709638 0.5574243000000001 0.7365957
3 6.564946999999999e-05 0.39260378 0.50363076 0.48222554 0.5995176
13 6.3798325e-05 0.337514 0.48160076 0.5016072 0.64769125
8 6.199115e-05 0.40037665 0.48744616 0.4569983 0.6096818
3 6.169302e-05 0.28948359999999995 0.43966523 0.6497778000000001 0.6497321999999999
5 6.0927075999999996e-05 0.33084637 0.5405108000000001 0.6581358 0.62448335
13 6.0737944e-05 0.4240167 0.5529344 0.51577526 0.63632566
6 6.0598086e-05 0.82069564 0.84669083 1.0 0.97638845
6 6.026114000000001e-05 0.5004634 0.5377959 0.74989736 0.70157987
2 5.9215150000000005e-05 0.38487297 0.38712695 0.91457003 0.68997824
10 5.9209009999999996e-05 0.5663459 0.47948405 0.676033 0.6754211999999999
5 5.9054444e-05 0.3014834 0.5576946 0.63611233 0.6519001
8 5.8395053e-05 0.63131976 0.2626679 0.88575 1.0
13 5.744107e-05 0.29064444 0.48940290000000003 0.50090516 0.60088116
10 5.7253706e-05 0.55779815 0.49082658 0.7442272 0.6306847
7 5.664139e-05 0.3674155 0.53956884 0.66942 0.7115758000000001
2 5.6206130000000006e-05 0.5295053000000001 0.44764817 0.7723126 0.5996663000000001
4 5.5734465e-05 0.8650802 0.85913616 1.0 1.0
1 5.5295575e-05 0.34326026 0.51398534 0.5885323 0.61076003
10 5.4958941999999995e-05 0.8604632 0.5628976 0.95130354 0.6223469
6 5.486629e-05 0.85681087 0.5704613000000001 0.97676563 0.61743987
1 5.4331755000000004e-05 0.86962104 0.9201847 0.9689687 0.9755338
5 5.424464e-05 0.22128199 0.5384441 0.79019535 0.7131206999999999
8 5.2706866e-05 0.6362861 0.55936635 0.7159441 0.6330106
13 5.2657175e-05 0.31064612 0.5539394 0.7241198 0.75778055
8 5.186721e-05 0.51014596 0.5332363 0.64739376 0.6027734
12 5.1779705e-05 0.4682371 0.54147786 0.7091681 0.66306573
11 5.142300999999999e-05 0.638059 0.4160464 0.7469 0.6917526999999999
4 5.1234783e-05 0.8639403 0.53763646 0.9452639000000002 0.59350616
11 5.0576415e-05 0.4632196 0.28179958 0.8350622 0.7622566
3 5.0200462e-05 0.8356915000000001 0.51029545 0.97692263 0.6189043000000001
13 4.9907313999999994e-05 0.8400039 0.85830814 0.9934555 1.0
11 4.9675185e-05 0.40227315 0.45283829999999997 0.5752802 0.67880744
8 4.9602466000000005e-05 0.3509021 0.4816862 0.42824686 0.5712958
8 4.8786296e-05 0.94636935 0.5317801999999999 0.99115765 0.59306973
11 4.8618999999999996e-05 0.8671684000000001 0.5597357 0.92561597 0.6319364000000001
13 4.769156699999999e-05 0.23741548 0.4864612 0.64422166 0.67929864
13 4.7531140000000006e-05 0.2501949 0.5320155 0.6556367 0.72251964
13 4.676406e-05 0.40238598 0.53146166 0.51511675 0.5947754
10 4.6539426e-05 0.87639254 0.90655273 0.96514785 0.9699065999999998
8 4.5991903000000004e-05 0.011387601499999999 0.46894187 0.041453662999999995 0.5172526
8 4.5151679999999995e-05 0.36632565 0.49691916 0.44951093 0.59172875
10 4.4824067999999996e-05 0.42124486 0.46533036 0.60624576 0.61868376
5 4.2402073e-05 0.82541794 0.57135284 0.9516084 0.62205
1 4.0559033e-05 0.2387842 0.44008687 0.6983600999999999 0.64322805
8 3.916672e-05 0.88381183 0.92473704 0.9574536 0.9828140999999999
3 3.8401024e-05 0.40922272 0.49103892 0.70640355 0.70292205
12 3.8238674999999995e-05 0.51581514 0.49804652 0.67234457 0.67081285
3 3.7801750000000004e-05 0.87884915 0.51816994 0.99100703 0.6283801999999999
8 3.6058053e-05 0.40890446 0.39772640000000004 0.53129476 0.6469343000000001
4 3.5865945e-05 0.8752405999999999 0.5528131 0.965929 0.62616974
8 3.4755467e-05 0.88282627 0.7320896 0.9816258 1.0
5 3.372450999999999e-05 0.53177446 0.55901396 0.7704707 0.7412125
13 3.3601827e-05 0.46055886 0.5120126 0.646331 0.68136257
7 3.3329840000000003e-05 0.21191056 0.44155747 0.77945983 0.7651776
3 3.3091750000000004e-05 0.5149710999999999 0.5190231 0.69365925 0.5985545999999999
1 3.2831595e-05 0.86145973 0.57368493 0.94375455 0.6194063
12 3.1130520000000004e-05 0.85441494 0.54766655 0.9832268 0.6085699999999999
3 3.1053944000000005e-05 0.40596458 0.5021527 0.51443464 0.5646908
8 3.0904609999999996e-05 0.04785714 0.39719787 0.40724920000000003 0.9261466999999999
3 3.0881813e-05 0.55447245 0.5209742 0.70351726 0.6354187
9 3.0814731999999996e-05 0.51102483 0.5298056999999999 0.6509456 0.698956
11 3.0496296e-05 0.9235962999999999 0.88254344 0.96478504 0.95141596
11 3.0342453e-05 0.3555243 0.45095292 0.53273684 0.67577815
9 3.0303549e-05 0.40368350000000003 0.5177329 0.59370416 0.6361895000000001
13 3.0060932e-05 0.8542586 0.88081586 0.9585191999999999 0.95129883
