3 0.97818905 0.022374377 0.41856775 0.2989874 0.71329534
3 0.6839154000000001 0.85586023 0.4258657 0.98573864 0.6340640000000001
8 0.500594 0.84477043 0.44638820000000007 1.0 0.61378413
3 0.41808194 0.45435175 0.44828272 0.54168457 0.52776605
8 0.26371026 0.78838176 0.36860925 0.99675745 0.6171946999999999
8 0.15105173 0.42604077 0.4255486 0.6056614 0.54024124
8 0.13934582 0.5520069000000001 0.31047317 0.9320571 0.5689204999999999
8 0.124564946 0.0 0.39402512 0.31291264 0.6804060000000001
8 0.09252582 0.61149585 0.3489007 0.952023 0.6181827
8 0.05691371 0.29605225 0.42887083 0.36701396 0.52086645
8 0.0408224 0.4446134 0.44996720000000007 0.5375371 0.5192176
8 0.030455799999999998 0.49913567 0.4947187 0.55091757 0.5463109
3 0.024998855 0.46026996 0.43935559999999996 0.5853497 0.5427699
3 0.016129218 0.2898047 0.42417005 0.3761633 0.52960736
8 0.010670513000000001 0.83998185 0.39970112 0.95649725 0.6177708000000001
3 0.009184485 0.85063493 0.44428632 0.92251956 0.61176085
8 0.008771975500000001 0.63177615 0.40318486 0.81949204 0.5457781
8 0.0072523765 0.26210612 0.40115038 0.4225486 0.53530097
8 0.0068548014 0.0 0.12859458 0.34246420000000005 0.66314405
3 0.0068507195 0.5830272 0.47579774 0.64983016 0.5357459
8 0.00630089 0.022196174 0.31351873 0.42970046 0.7814334
8 0.006224957299999999 0.5767055999999999 0.47569746 0.6443707 0.53048795
8 0.004353488 0.0 0.30636704 0.2723716 0.7530334
13 0.002846922 0.7900573000000001 0.47329813 0.982353 0.58903813
13 0.0027626791999999997 0.2949134 0.4303142 0.3704005 0.5152958
8 0.0027517064 0.5064484 0.47435790000000005 0.5818974 0.533837
8 0.0025033518 0.024421662 0.11518756 0.23320854 0.67479646
13 0.0022909736999999998 0.016067564 0.3986106 0.40975680000000003 0.7460866
3 0.0022520728 0.50899905 0.4896228 0.55008763 0.55928373
13 0.0020604335999999997 0.80196095 0.49881122 1.0 0.605375
8 0.0017242001 0.7482175999999999 0.34376255 0.97251475 0.8951758
8 0.0015651982000000001 0.5906726999999999 0.20553328 0.92353636 0.848067
3 0.0015097142000000002 0.29960972 0.4121861 0.42749090000000006 0.53282744
8 0.0014656554 0.0060924740000000005 0.23150456 0.3301912 0.8445935
13 0.0014595979999999999 0.44552815 0.44637170000000004 0.52581275 0.51536804
8 0.0014219267 0.5440887 0.43196622 0.91562104 0.9097076
13 0.0013473305999999999 0.8122105 0.45704168 0.9535360999999999 0.62715054
13 0.0011819034 0.06175346 0.45175517 0.30587742 0.809768
3 0.0010099735000000001 0.52644706 0.46195444 0.5900196999999999 0.5078123
3 0.0009702210000000001 0.5935683 0.38044053 0.94705844 0.5853749
3 0.0009424939 0.0314696 0.25194594 0.38216442 0.6738305
8 0.00092939305 0.28863716 0.42302912 0.36613035 0.48895829999999996
3 0.00090976636 0.5179785 0.47580272 0.58844095 0.5391376999999999
13 0.0008630100999999999 0.57806134 0.47598383 0.6497383000000001 0.5344911
8 0.00082806894 0.4497081 0.45463836 0.5139007999999999 0.5290345000000001
8 0.0008101568 0.5267482 0.114229545 0.8755598 0.55878353
12 0.0008055447 0.8192716999999998 0.41731545 1.0 0.54859775
3 0.00078467844 0.808412 0.9550414 0.9131623 0.9982313
3 0.0007832263400000001 0.039477899999999996 0.33568963 0.28988582 0.8293035
12 0.0007669040400000001 0.45987740000000005 0.44216222 0.5510054 0.50391054
13 0.0007103900999999999 0.8388779000000001 0.4339053 0.98520136 0.6274234000000001
8 0.00069900136 0.050418697 0.48503670000000004 0.21481648 0.660688
8 0.00066312414 0.8589478000000002 0.46543583 0.90422183 0.59330183
2 0.00065889355 0.82934237 0.4124917 1.0 0.5414190999999999
9 0.00065466436 0.8391078000000002 0.45009342 0.9952263000000001 0.5812350000000001
8 0.0006370224 0.47622475 0.46837825 0.5520581 0.5385316
8 0.0006115494 0.2931437 0.46597700000000003 0.35866082 0.5283969000000001
5 0.0006008514299999999 0.7292609 0.5149495 0.9785427 0.62796277
5 0.0005918173999999999 0.709175 0.49223370000000005 0.97269106 0.5979078
2 0.00057170616 0.80315065 0.43536526 0.9990994000000001 0.5806481
1 0.0005320955000000001 0.7795736 0.46436235 0.946866 0.5748736999999999
11 0.0005248905 0.8590075999999999 0.38393563 0.9346502 0.6528875
13 0.0005177507 0.8500939000000001 0.47181684 0.90462106 0.59139407
9 0.0004986946599999999 0.8595703000000001 0.47683364 1.0 0.59748596
2 0.0004910258 0.059200823 0.39373323 0.42546090000000003 0.72927403
1 0.0004882221 0.76598793 0.50680053 0.93516165 0.6118737
6 0.0004826203 0.8167365 0.45201674 1.0 0.58479816
10 0.00047899555999999995 0.45957592 0.44792312 0.5339656 0.50071824
11 0.00047863120000000005 0.8523681000000001 0.44982177 0.9342591999999998 0.60621685
8 0.0004687226 0.0 0.21244684 0.57432055 0.73914343
1 0.00046152642 0.019938736999999998 0.49258379999999996 0.3460301 0.6988848000000001
13 0.00045923029999999997 0.28029495 0.43945694 0.37609226 0.50003064
5 0.00045812488 0.7979717 0.47645640000000006 0.96463144 0.61238617
9 0.00044980439000000006 0.46287417 0.45975575 0.53533566 0.5115635000000001
5 0.00044559157999999997 0.7325102 0.4764532 0.99471796 0.5654496
9 0.0004426004 0.8527438 0.49893647 1.0 0.62340003
8 0.00044119894 0.72127235 0.3657627 0.9290166 0.48190558
6 0.00043944042000000004 0.45240638 0.45344670000000004 0.5560553 0.5134858
8 0.00043702762999999996 0.41797740000000005 0.4188825 0.77881557 0.8781450000000001
11 0.00043060292999999995 0.83416605 0.46084297 0.9222299999999999 0.6376295999999999
4 0.00041993117 0.15910451 0.3929061 0.48155904 0.74538606
11 0.00041888339999999997 0.85463333 0.48282820000000004 0.9536698 0.6751796
5 0.00041279053999999997 0.81000406 0.49993002 0.9745862 0.65201485
10 0.00039086468 0.48433903 0.44152576 0.5480307 0.5009871
1 0.000388549 0.028881267000000002 0.53574085 0.3395545 0.76284635
6 0.00038584712 0.0 0.5097192 0.48683637 0.81228423
7 0.00038532392 0.8001024 0.42309895 0.98806685 0.6094879
8 0.0003777174299999999 0.049637824000000004 0.16790947 0.47871026 0.8486942
12 0.00037077991999999996 0.8182041 0.45520136 1.0 0.56916404
2 0.00036716094 0.46660247 0.43486765 0.53594774 0.49516016
12 0.00036227456 0.0 0.38287458 0.48483223 0.660946
8 0.00036097 0.40823132 0.19808486 0.75603527 0.83981425
13 0.00035929473 0.27244225 0.41251042 0.43597528 0.5408769
4 0.00035840072 0.1176347 0.45421532 0.4597162 0.8061016
13 0.00035323633000000003 0.49053535 0.51777107 0.5477973 0.5517951999999999
1 0.00034838996 0.44449612 0.46324027 0.5169877 0.5103755
9 0.00034429504999999996 0.12382942400000001 0.45532334 0.47260648 0.7038819000000001
6 0.00034224286 0.8087276999999999 0.4857269 1.0 0.60909086
12 0.00032870125 0.8377855 0.3884657 0.96639204 0.5648787
3 0.00032794599999999997 0.29483676 0.41944388 0.39367086 0.50005484
13 0.00031817716 0.4477031 0.42365894 0.6043444 0.5564258000000001
13 0.00031598296000000004 0.43072608 0.45108625 0.5897804 0.5743841
11 0.00031265517000000003 0.47482535 0.45331973 0.5146245 0.515229
4 0.00031041202999999997 0.86107755 0.44819036 1.0 0.6369199000000001
7 0.00030796748 0.77055824 0.45374504 0.9598726000000001 0.6308085999999999
3 0.00029291654999999997 0.67266256 0.40552506 0.8498326999999999 0.55816144
1 0.0002924124 0.7970334 0.52237046 0.9613073000000001 0.63159484
4 0.00029034119999999996 0.8896879999999999 0.42668143 1.0 0.5915357
8 0.0002805909 0.7272863 0.14410359 0.9530639000000001 0.6015046
8 0.00027671084 0.5146508 0.46045566 0.58304286 0.51048374
11 0.0002763709 0.8766674999999999 0.40028769999999997 0.9498403 0.7049783000000001
10 0.0002762888 0.83772206 0.41758168 1.0 0.56401056
10 0.00027552908 0.32875624 0.40084514 0.38161996 0.52638596
7 0.00027201743999999997 0.8357938 0.4899122 0.9832571 0.65051776
8 0.0002694423 0.31941947 0.22276857 0.8268454 0.72674364
8 0.00026796435 0.74414164 0.38206124 0.93663794 0.522021
4 0.0002679562 0.8507369 0.42737687 0.98421425 0.59105617
6 0.00026130342 0.0 0.44410256 0.5452409 0.74773693
6 0.00025960404 0.8240528 0.51138306 1.0 0.632452
7 0.00025591797999999997 0.45751629999999993 0.43991205 0.5368655999999999 0.5199090000000001
5 0.00025336042999999996 0.0 0.4925452 0.47813479999999997 0.77014893
8 0.00025188843999999995 0.63841647 0.34765172 0.9490014999999999 0.9141280999999999
12 0.00024123889 0.8645454 0.47801948 1.0 0.60293233
11 0.00023817361 0.9041031999999999 0.49919146 0.98301965 0.6749845999999999
4 0.00023618882000000003 0.46816617 0.44596407 0.53257865 0.5093457
5 0.00023518254 0.42121450000000005 0.46218568 0.53669167 0.4998003
3 0.00022910275 0.8513787 0.4577893 0.9513458 0.5723557
10 0.00022737847999999998 0.8314798000000001 0.43886402 1.0 0.60527337
7 0.00022332758999999997 0.0 0.34226573 0.44780943 0.76857054
10 0.00022332484 0.85400116 0.39096817 0.9764093 0.6107961999999999
11 0.00022237298 0.8887712999999999 0.46259120000000004 0.9652709 0.6062944
10 0.00021956791000000002 0.313107 0.4172848 0.36859965 0.51941866
2 0.00021768476000000002 0.095362596 0.32704985 0.33090967 0.8194275
9 0.00021663516 0.32735586 0.43845883 0.3866315 0.5204644
8 0.00021393443 0.68132544 0.3770622 0.8917999 0.5199289
13 0.00021286137000000002 0.04132361 0.5092621 0.28628835 0.652775
9 0.00020550047 0.086961105 0.48149200000000003 0.33849429999999997 0.7578449
7 0.00020540308999999996 0.0 0.42473779999999994 0.35152665 0.8559178
4 0.00020361330000000002 0.83354473 0.44604957 0.9669802 0.63149077
9 0.00020174545 0.84755087 0.43522125 0.94930327 0.6328999
9 0.00019576223999999998 0.8690761999999999 0.4659973 0.97761685 0.64223725
11 0.00019519638 0.15038311 0.34404284 0.391935 0.7701170999999999
13 0.00018936126 0.7992387 0.47454277 0.98210967 0.6885389000000001
3 0.00018734897 0.69826984 0.36971903 0.9524765 0.6255569999999999
4 0.00018286613 0.3278224 0.41572207 0.37555063 0.5256436
4 0.00016583901000000002 0.044686288 0.44209617 0.35684684 0.8086994000000001
9 0.00016567291 0.48414470000000004 0.46223494 0.5581745 0.50913703
11 0.00016322613 0.3191614 0.4259977 0.3533602 0.5304781999999999
3 0.00016253935 0.09365724 0.3949192 0.57142746 0.8468724
3 0.00015967635 0.8794185 0.44532785 0.9852923000000001 0.5122346
7 0.0001555668 0.8129066999999999 0.38698196 0.9585565 0.6703175
2 0.00015550954 0.3090312 0.40556583 0.37472183 0.53364515
13 0.00015368007 0.28522125 0.41772917 0.3643014 0.48456270000000007
2 0.00015147532 0.85563034 0.47077626 0.99980146 0.6078022
8 0.00014847408 0.5833255 0.46107950000000003 0.6451545999999999 0.5057094
11 0.00014789155 0.053158305999999995 0.38985932 0.2708489 0.85495013
12 0.00014641363999999999 0.31738130000000003 0.43947756 0.38561085 0.51402324
1 0.00014373267 0.46465504 0.46085548 0.533411 0.51091135
10 0.00014141713 0.15989858 0.31965014 0.47561896 0.7352081
1 0.00013439464 0.30779055 0.44758869999999995 0.37582209999999994 0.5325001
2 0.0001335068 0.85886097 0.39561698 0.98393285 0.6067534000000001
13 0.00013318946 0.7940874 0.3671621 1.0 0.6071449000000001
3 0.00012974563 0.47048092 0.26973903 0.81041145 0.9641188
13 0.0001279314 0.62938553 0.28093168 0.9868075000000001 0.5565342
10 0.00012659540000000002 0.30053204 0.43676922 0.38002217 0.5061097
8 0.00012257649 0.67637646 0.41383868 0.83920705 0.5626908
4 0.00012250603999999998 0.48828763 0.44255856 0.5516246 0.5090418
10 0.00012118976000000001 0.32235625 0.4280367 0.39264193 0.50771034
11 0.000120936056 0.46209300000000003 0.44930142 0.50147206 0.5137527
13 0.000120475896 0.5355729 0.34970972 0.9605261999999999 0.61087435
9 0.000120176825 0.30725107 0.43926606 0.3689554 0.5252951
12 0.000119190074 0.844476 0.43197846 0.9924514000000001 0.60022044
13 0.00011902428 0.0 0.06936987 0.33836448 0.850052
8 0.00011658078000000001 0.8068195 0.95071405 0.88857096 0.99499106
7 0.000113457434 0.47364205 0.4440371 0.5556305 0.51550543
1 0.0001079395 0.29055765 0.44960680000000003 0.36082086 0.5247873000000001
5 0.00010385401400000001 0.28253877 0.45521832 0.36173743 0.5321667
1 0.00010203125599999999 0.8515067 0.5280991999999999 0.99314153 0.63613653
1 9.795157e-05 0.4284963 0.45858723 0.49976403 0.5043648000000001
1 9.7480646e-05 0.8468278 0.4897896 0.8905371 0.59363544
12 9.290603000000001e-05 0.054790467 0.38482009999999994 0.36783233 0.72978306
8 8.781349e-05 0.26130056 0.34457344 0.5858721 0.57979465
5 8.7769025e-05 0.8469181999999998 0.47912943 0.89538085 0.59844786
5 8.721368e-05 0.37607437 0.46789923 0.6257885999999999 0.5504011999999999
1 8.652853e-05 0.0 0.5022525999999999 0.25184070000000003 0.7159019
8 8.367843000000001e-05 0.6176925 0.12480984 0.9088888 0.65937984
11 8.312166e-05 0.86826235 0.44924316 0.89472264 0.6082354999999999
13 8.237695e-05 0.5057879 0.47890618 0.5817439999999999 0.5314451
3 8.1449536e-05 0.8510457 0.44466177 0.9479692 0.50880575
8 8.0507794e-05 0.71222854 0.16528039 0.9383123999999999 0.7964328
13 8.007068e-05 0.0 0.05576733 0.20896551 0.7579411
11 7.912413e-05 0.49694252 0.44849193 0.5364852 0.5116636
3 7.6405115e-05 0.06973104 0.35726494 0.44565058 0.9229663
2 7.624489999999999e-05 0.48609668 0.5034558 0.5734026999999999 0.55315673
10 7.598844e-05 0.47152242 0.47831744 0.5361675 0.5344986999999999
4 7.5937685e-05 0.31030303 0.4219067 0.36546284 0.523157
12 7.542644e-05 0.14197154 0.5092923 0.3121246 0.6416765999999999
9 7.5125274e-05 0.30772546 0.44895187 0.38882712 0.5085111
5 7.3697905e-05 0.29912943 0.45663863 0.37837887 0.5391429
5 7.318107e-05 0.7513671 0.5105670999999999 0.96646845 0.7192684
13 7.2539624e-05 0.010508925 0.3013975 0.29315606 0.97945875
2 7.204245e-05 0.82338154 0.37706855 1.0 0.6991115
4 7.20122e-05 0.33577484 0.43889170000000005 0.3929454 0.5101867999999999
11 7.1435694e-05 0.33956240000000004 0.42457658 0.37045833 0.5247177
3 6.985681999999999e-05 0.30026776 0.45456270000000004 0.37548405 0.53368574
6 6.973053000000001e-05 0.30250293 0.4548960999999999 0.40084696 0.52938646
8 6.9327994e-05 0.17809370000000002 0.39201240000000004 0.519683 0.8644803
6 6.789562e-05 0.8494425999999999 0.4684616 1.0 0.6569741
11 6.75179e-05 0.16409668 0.2862755 0.3275203 0.90819013
10 6.743721e-05 0.8637473 0.46894434 0.8980847 0.58922726
13 6.742188e-05 0.004041083 0.46716025 0.22635093 0.6385411
8 6.7382396e-05 0.7679477 0.20595571 0.9822284 0.6967051
3 6.652088e-05 0.57895756 0.20578855 0.930725 0.60944366
11 6.632051400000001e-05 0.460172 0.37203458 0.566596 0.5769711
13 6.595218000000001e-05 0.8439851 0.38818446 0.93801844 0.64560145
13 6.5575055e-05 0.61342496 0.4080503 0.82242733 0.52139133
11 6.545747e-05 0.49965414 0.37724897 0.60292757 0.57677823
11 6.4731976e-05 0.85364425 0.295526 0.9827471 0.8055047
13 6.437608e-05 0.4468968 0.47425959999999995 0.5306081 0.5210157999999999
2 6.372973000000001e-05 0.58348286 0.46796203 0.6607299 0.5251781999999999
7 6.3582105e-05 0.07148737 0.5167308 0.2718182 0.68031424
3 6.279279999999999e-05 0.5931914 0.45948577 0.6538129 0.51024306
6 6.166521e-05 0.085359484 0.5316046999999999 0.3148296 0.6662197
5 5.9888024999999995e-05 0.36234456 0.48090315 0.5836774 0.5776393
3 5.9856490000000005e-05 0.65405285 0.33481777 0.9615611 0.96609133
5 5.953396e-05 0.03076677 0.54386234 0.32586002 0.9007511999999999
4 5.9519162999999996e-05 0.31704899999999997 0.441492 0.3762652 0.50979555
9 5.9223923000000004e-05 0.051776007 0.16501537 0.35379452 0.8865552
9 5.9013760000000005e-05 0.045463845 0.12933768 0.27774679999999996 0.7684503
9 5.8634530000000005e-05 0.8301885 0.37963864 0.99967766 0.63372284
12 5.8108577e-05 0.86872065 0.46943396 0.9043051999999999 0.59232926
10 5.6606440000000003e-05 0.5997262 0.4662709 0.66230106 0.53921187
3 5.619547e-05 0.5480845999999999 0.44635704 0.87435067 0.97450256
7 5.5917745999999994e-05 0.31022638 0.41352096 0.3667032 0.5308229999999999
9 5.5281922000000004e-05 0.845922 0.482824 0.99972403 0.71910685
4 5.5270804e-05 0.13480870000000003 0.47393346 0.2752992 0.6544677
13 5.4655902e-05 0.51202613 0.45619503 0.5822008000000001 0.50835454
13 5.3454940000000005e-05 0.73509705 0.33868772 0.9493771999999999 0.46409237
3 5.323572600000001e-05 0.87159866 0.43894324 0.93885034 0.58891004
5 5.303303000000001e-05 0.0 0.3637948 0.34335178 0.81639814
10 5.2978092e-05 0.49095526 0.3676217 0.6304889 0.5591119999999999
1 5.1082390000000003e-05 0.7627911999999999 0.44998512 0.94933456 0.65445226
2 5.095403e-05 0.2823349 0.43473549999999994 0.3925675 0.5001920999999999
2 4.9612259999999997e-05 0.017409071 0.35591817 0.33114028 0.652601
3 4.9606457e-05 0.49386504 0.46690872 0.55428696 0.5462135
8 4.9485214e-05 0.84540224 0.4985991 0.89428043 0.60984844
10 4.880383e-05 0.17597523 0.32549897 0.380581 0.83852357
8 4.855997e-05 0.30909559999999997 0.43993774 0.37654796 0.5022145
1 4.769833e-05 0.006714195 0.52082527 0.18777174 0.6311681
9 4.7148595e-05 0.47737503 0.44319785 0.6182306 0.56236285
7 4.6319954e-05 0.43666235 0.44242429999999994 0.519053 0.51960033
10 4.6219170000000004e-05 0.10054228 0.5108456 0.25795949999999995 0.65904975
2 4.6177520000000004e-05 0.46667892 0.38381734 0.6416050999999999 0.5252433000000001
1 4.593964e-05 0.08055311400000001 0.54107857 0.24640656 0.6621857
7 4.5723013e-05 0.5756224 0.47059676 0.6537798 0.53992814
9 4.4271957e-05 0.12355386 0.52642995 0.27573800000000004 0.65973634
8 4.3713764e-05 0.16162242 0.14072812 0.5842248999999999 0.84123534
11 4.2911523999999996e-05 0.31658605 0.45551294 0.3594894 0.5178342
8 4.2086573e-05 0.29737937 0.27489817 0.6537859 0.85571325
13 4.2048494e-05 0.0 0.29118758 0.5151752 0.93447554
13 4.1189673e-05 0.8766181000000001 0.44491568 0.96706504 0.5059103
13 4.1171720000000006e-05 0.81934243 0.40745464 0.9666118 0.5696237
12 3.9695587e-05 0.31294435 0.44409847 0.40912694 0.49818817
8 3.966595999999999e-05 0.6643318 0.46900186 0.719054 0.52380973
2 3.9440114e-05 0.44851524 0.41556930000000003 0.6314288 0.55715907
9 3.8814567e-05 0.44387209999999994 0.4374165 0.58346987 0.5611308
11 3.8571667000000005e-05 0.48398727 0.4011187 0.5900850999999999 0.60784644
7 3.8429593e-05 0.41161390000000003 0.40322793 0.6157515 0.5971694000000001
8 3.782513e-05 0.40188867 0.11620654 0.73154765 0.6133276999999999
12 3.7654109999999996e-05 0.38679785 0.40003532 0.6474814999999999 0.52776766
11 3.753771e-05 0.5884706000000001 0.47912017 0.62741363 0.5391508
9 3.735607e-05 0.45143482 0.45816004 0.5141791 0.51202583
13 3.6427715e-05 0.06331347 0.037496917000000005 0.43953568 0.8243208000000001
12 3.6234742e-05 0.0 0.0 0.43548557 0.53832537
7 3.610261e-05 0.74533165 0.39754382 1.0 0.79027605
1 3.5963207e-05 0.40118992 0.45228398 0.5596691999999999 0.554035
1 3.5844616e-05 0.37607878 0.4208058 0.5434100000000001 0.52309394
1 3.575019e-05 0.41101915 0.43214345 0.57101625 0.53199655
8 3.5725723e-05 0.13464236 0.3258583 0.44080693 0.58198214
8 3.5721012e-05 0.88445276 0.45213252 0.96729416 0.5048476
10 3.5277393e-05 0.023389772000000003 0.41918900000000003 0.3879742 0.7966762
13 3.51441e-05 0.4449095 0.0 0.81489664 1.0
13 3.4938264e-05 0.8363468000000001 0.49263254 0.91251296 0.58239853
8 3.4273507e-05 0.7836903000000001 0.41257977 0.94363195 0.6146999
6 3.4152403e-05 0.03484392 0.50442296 0.26267618 0.6226353
5 3.2421540000000004e-05 0.73799676 0.46888506 1.0 0.63330036
13 3.2345153e-05 0.4863946 0.18889901 0.8804078000000002 0.93668985
3 3.222388e-05 0.6721993 0.47296467 0.73069125 0.5336827
9 3.2037344e-05 0.50907856 0.5113541 0.5654084 0.5540512
11 3.196215e-05 0.507595 0.49798180000000003 0.5489083 0.5752465999999999
13 3.1737766999999996e-05 0.2817344 0.4786318 0.37346792 0.5223907
13 3.150717e-05 0.24090728 0.43504554 0.40422508 0.5582437
6 3.1502157e-05 0.56204677 0.49184048 0.6593214 0.535044
13 3.1281445e-05 0.63379943 0.035517376 0.9757389999999999 0.9011136999999999
4 3.1208372e-05 0.49609745 0.4099639 0.6214739 0.56757134
11 3.0993312999999996e-05 0.6086158 0.48033747 0.64875716 0.53964853
8 3.0963379999999994e-05 0.12350398 0.12619 0.44627100000000003 0.6201705
3 3.0104782e-05 0.51710033 0.30677575 0.94591653 0.9132915
1 3.005147e-05 0.49478945 0.5175630999999999 0.5495982 0.55485326
6 2.9475077000000002e-05 0.8529005999999999 0.48750797 0.91143775 0.57421964
