3 0.98304003 0.15513238 0.14278638 0.3101709 0.36064595
3 0.88715833 0.32456776 0.17124856 0.35911098 0.22366327
3 0.8433027 0.37468734 0.15630797 0.4241626 0.2222391
3 0.7108227 0.11218755 0.1938664 0.15634538 0.25824878
3 0.6450773 0.28827790000000003 0.16179934 0.32310012 0.22453108
3 0.442475 0.006262064 0.58844733 0.99221206 0.9955287
3 0.43274546 0.12431341 0.19084185 0.15655167 0.22440758
3 0.39856762 0.002192229 0.07204418 0.12889633 0.44283485
3 0.3314373 0.30406034 0.18060936 0.34923923 0.25171447
3 0.31834275 0.29363173 0.17208439 0.3321386 0.26733682
