3 0.9645014999999999 0.45637742 0.44930870000000006 0.5450822 0.5547430999999999
10 0.9560441999999999 0.48686668 0.22384395 0.51061124 0.27879268
3 0.95060855 0.3165333 0.47116306 0.3724415 0.53261197
3 0.9221111999999999 0.71205366 0.42394185 1.0 0.7384434
10 0.8680669 0.24266757 0.10308373 0.27698871 0.18052647
3 0.84522414 0.0029793084 0.44868428 0.25944683 0.82040626
3 0.7451079 0.39009225 0.48103959999999996 0.42000288 0.51573443
4 0.6302506999999999 0.5588013000000001 0.51004267 0.6538323 0.7507417
1 0.58630806 0.5466814 0.38016679999999997 0.6440176999999999 0.68728995
3 0.47056237 0.22639138 0.47087532 0.27986622 0.5278206
