3 0.93441623 0.45146292 0.45514956 0.5167729 0.54802644
3 0.9327264999999999 0.57178897 0.47066313 0.62282544 0.5171558
3 0.8791439 0.39836553 0.4748088 0.42018786 0.5027408
3 0.6081593000000001 0.7068795 0.4610189 0.7847251999999999 0.5123615
3 0.49888869999999996 0.6837115 0.46075959999999994 0.7656288 0.5168444999999999
3 0.42674837 0.49346456 0.45303756 0.51733595 0.47590953
3 0.39248459999999996 0.19597965 0.47123462 0.2661511 0.55431443
10 0.35303235 0.5052084 0.34945002 0.51383436 0.37680247
3 0.3484854 0.43949845 0.45891812 0.49528345 0.5405264
3 0.32361498 0.40026122 0.46642318 0.4144045 0.49142120000000006
1 0.30321082 0.66258854 0.4602401 0.68319243 0.5153762
