3 0.8833021999999999 0.5862148 0.430443 0.6318600000000001 0.47631407
10 0.77395236 0.40504664 0.38912988 0.41613358 0.40926248
3 0.7417616 0.38336655 0.44496990000000003 0.41302510000000003 0.47385556
3 0.737877 0.22222415 0.45425743 0.27651796 0.5213439999999999
3 0.6637401999999999 0.33762407 0.450534 0.37331837 0.48213494
3 0.6453234999999999 0.49238586 0.42303640000000003 0.5303165 0.46194726
3 0.5187251 0.51921594 0.42237299999999994 0.5644971 0.46650058
10 0.50499994 0.40603829999999996 0.35380736 0.41935715 0.38404664
3 0.47211564 0.44778296 0.4301289000000001 0.46971133 0.45900455
10 0.46692570000000005 0.6144371 0.35884455 0.6236844 0.3790125
10 0.38465303 0.5174555999999999 0.40339407 0.52728164 0.41739056
10 0.37133786 0.30063513 0.3865835 0.31197295 0.4025355
10 0.3682247 0.61505234 0.3956328 0.6274301999999999 0.41571432
10 0.35992754 0.3630127 0.39950883 0.3723531 0.4147835999999999
10 0.34877820000000004 0.45773053 0.41328279999999995 0.46619755 0.42798869999999994
3 0.32793722 0.6491091999999999 0.42831647 0.68072027 0.46117109999999994
