3 0.9814088 0.60868853 0.32797550000000003 0.8966178 0.6219574999999999
3 0.8503283000000001 0.3704028 0.40922683 0.4388891 0.50179046
10 0.8413959000000001 0.35368213 0.31179148 0.36869815 0.35171568
3 0.8341546000000001 0.12080638 0.37486193 0.25348192 0.55972016
3 0.81025696 0.49535640000000003 0.42638990000000004 0.51729286 0.4719253
10 0.7120776999999999 0.45052609999999993 0.3241492 0.46201400000000004 0.35649133
3 0.6882792 0.008429207 0.38841537 0.20058098 0.64272404
3 0.64418787 0.45388207 0.42197174 0.47587046 0.46478230000000004
3 0.6356029000000001 0.27557766 0.39520684 0.32961565 0.50328755
3 0.5598207 0.33019322 0.42409208 0.36281157 0.47972932
3 0.5441593000000001 0.5474011 0.4249071 0.57174134 0.48613203
3 0.50490546 0.08448481599999999 0.36172813 0.15118468 0.4176526
10 0.41064233 0.34660977 0.2960864 0.3614112 0.33320627
3 0.40165484 0.8155063 0.24378899999999998 0.9982458000000001 0.7271459
