3 0.9100978000000001 0.039050728 0.34576356 0.23386443 0.59799254
3 0.83883256 0.64950687 0.33219156 0.9683055 0.6620792
3 0.71522075 0.27131975 0.40844962 0.31599498 0.48478284
3 0.699124 0.36009368 0.38781664 0.45597252 0.532566
3 0.6185888 0.33558112 0.3914911 0.3598866 0.42683497
3 0.5619548000000001 0.47694567 0.4063972 0.52429533 0.4724876
3 0.48055235 0.4643905 0.38850504 0.51480955 0.4429264
3 0.3825652 0.5369839 0.42474157 0.58410925 0.49568100000000004
10 0.3631494 0.40305522 0.33900234 0.41571823 0.36006787
3 0.3555147 0.2852885 0.3876492 0.31929553 0.42520109999999994
3 0.3164441 0.6552458999999999 0.36037213 0.91037095 0.53581804
