3 0.919999 0.6064090999999999 0.32407129999999995 0.90036285 0.6187477
3 0.8831789000000001 0.43932167 0.42135495 0.48027351 0.46732372
10 0.8602385 0.29842967 0.20563416 0.32354897 0.26469335
3 0.8575526 0.31196290000000004 0.41625077 0.3724928 0.47061086
3 0.8524799999999999 0.38389033 0.41556945 0.43263853 0.4762738
3 0.802847 0.20656808 0.40777433 0.279593 0.51882523
3 0.58395004 0.47012013 0.42499390000000004 0.51449066 0.47558644
3 0.54241455 0.52160364 0.41801366 0.5857226 0.49783447
3 0.44149965 0.0011499524 0.3445539 0.18939003 0.6793669
10 0.38663664 0.31166750000000004 0.20236692 0.34119338 0.27019015
10 0.36680934 0.45720637 0.24663176 0.47803384 0.31040144
