3 0.77506405 0.28764516 0.42107624 0.31459940000000003 0.4824435
3 0.7571756 0.01396735 0.37441599999999997 0.21901767 0.6162419
3 0.7041782 0.33792552 0.42543495 0.36436567 0.46191746
3 0.6780716999999999 0.7164972 0.3300534 1.0 0.75273746
3 0.5620018 0.49391362 0.4278058 0.5192315 0.466105
3 0.5602756999999999 0.39157984 0.42293593 0.41453537 0.45845392
3 0.51929384 0.45038325 0.41827420000000004 0.47098166 0.45153007
3 0.47977266 0.21995334 0.38899259999999997 0.26846585 0.5069852
10 0.36414358 0.5074711 0.25178412 0.5316702 0.32533870000000004
3 0.31654483 0.0072630644 0.38639274 0.15952539999999998 0.66022074
