3 0.9570504999999999 0.38789582 0.42318675 0.42111850000000006 0.46419266
3 0.9067975 0.44605222 0.42531547 0.47002910000000003 0.45871273
3 0.88748825 0.33636698 0.42154529999999996 0.3668637 0.47199467
3 0.88236123 0.48385740000000005 0.43018487 0.524964 0.47933373
3 0.86161757 0.20486880000000002 0.39351302 0.29409534 0.5189602
3 0.6329308000000001 0.28429540000000003 0.42268834 0.3203198 0.4927363
3 0.6154222 0.5197073 0.42228997 0.5679966 0.48218423
3 0.43018925 0.55579317 0.43539634 0.6373974 0.49431017
10 0.3195903 0.54561573 0.28470483 0.5576616999999999 0.31738058
3 0.3060361 0.55468976 0.4365633 0.65277445 0.5250362
