3 0.89527524 0.011405416000000002 0.5350446999999999 0.15378806 0.71991616
3 0.893544 0.5515366 0.5159003 0.67964417 0.60566825
10 0.8888826999999999 0.13033691 0.39388502 0.14285064 0.4387943
3 0.8817841000000001 0.29829702 0.50892174 0.49682876 0.79163027
1 0.80819184 0.8970635 0.47901344 0.94337416 0.6207149000000001
1 0.71615994 0.7990965999999999 0.49394170000000004 0.8402021000000001 0.61946166
3 0.70893395 0.6214436 0.5220520000000001 0.69263256 0.5996607
1 0.593861 0.843894 0.48971352 0.88142014 0.6149445
3 0.559092 0.18894753 0.50027776 0.30334312 0.70658505
3 0.41915748 0.74522096 0.5330716 0.7964372 0.59589916
3 0.32341298 0.001731474 0.5327115 0.084744126 0.7666861999999999
