10 0.9772973 0.6919337 0.21753375 0.72679144 0.3350093
10 0.9616902 0.0133991735 0.46574757 0.038189165 0.53700376
3 0.9379596 0.02374027 0.6599706 0.27058995 0.8120491999999999
10 0.90662986 0.19163147 0.5395124 0.20534754 0.58414114
3 0.86140543 0.7130491 0.66753125 0.80944246 0.786878
10 0.79363686 0.9530498 0.45221248 0.9847392 0.5275761999999999
3 0.7240719 0.24593046 0.62513584 0.45780858 0.80386776
3 0.6450524999999999 0.44541496 0.6512208 0.5358897 0.7791319
3 0.5974172 0.50100696 0.64755785 0.58880985 0.7609445
3 0.59462804 0.27337387 0.64248407 0.44609788 0.85717165
10 0.55156547 0.87053555 0.52943265 0.88134915 0.56793094
10 0.50270617 0.45159656 0.16072339 0.48735470000000003 0.32221997
3 0.42670947 0.5120992 0.6285903 0.59223074 0.6962689999999999
10 0.39553829999999995 0.83080953 0.54545736 0.84239537 0.57850015
10 0.39358044 0.31245577 0.5751797 0.32035196 0.5951991
3 0.37181994 0.5499797 0.6758665 0.75353384 0.80544496
10 0.36227378 0.446251 0.22502263 0.48778197 0.33691975
10 0.33937937 0.30711037 0.5849546 0.31671387 0.6070696
3 0.32494703 0.42072907 0.6339865 0.4962022 0.7759795
3 0.30258098 0.0061278044999999995 0.47211537 0.95164025 0.83600724
