3 0.7709416 0.7887630999999999 0.3645151 0.93823487 0.5846232
1 0.74671626 0.49434674 0.32562709999999995 0.58201694 0.5680357
3 0.5496863000000001 0.15172991 0.35912973 0.3753411 0.50051934
3 0.54398835 0.8737546999999999 0.3718338 0.99461 0.6351025
3 0.37346643 0.021726906 0.37903693 0.22472979 0.53028226
3 0.37132365 0.7405206 0.39004770000000005 0.81431544 0.5109126
3 0.32315302 0.053333044 0.37055683 0.31296462 0.5146242
3 0.30795616 0.09380771 0.38968933 0.18110122 0.51647097
3 0.30399758 0.12444975 0.38233715 0.2421669 0.5084248
3 0.30373272 0.02231849 0.37913463 0.1272817 0.5146496
