3 0.88619244 0.13814309 0.65642977 0.33513546 0.8706918
3 0.847318 0.41278213 0.68677884 0.45572382 0.7480429
3 0.8399349 0.50835294 0.66759694 0.5724395 0.78134644
3 0.7486520000000001 0.63085663 0.6147772 0.8581183000000001 0.8595799000000001
3 0.70194894 0.3186912 0.6679001 0.39277226 0.78423226
3 0.6879761999999999 0.38981366 0.6854696 0.4360571 0.7603694000000001
3 0.66268003 0.03868049 0.6511061 0.1528013 0.7749448
3 0.45206009999999996 0.0022133738 0.727481 0.11578217 0.9954610999999999
3 0.44959566 0.47493690000000005 0.6817854 0.51145405 0.7500698
10 0.42599857 0.8083454000000001 0.09530079 0.8416458 0.20100433
10 0.41418967 0.9440864 0.42869827 0.97272474 0.49750224
3 0.377326 0.07261402 0.641785 0.29219112 0.8121451
