3 0.8426534 0.07960685 0.5622815999999999 0.2515718 0.7399174
3 0.8094496 0.46329316 0.54425263 0.56421286 0.6475179
3 0.5998029 0.60565877 0.54841346 0.71842635 0.6860706
3 0.57108796 0.714014 0.48602109999999993 0.7921831 0.59785587
3 0.51298964 0.30614156 0.4876607 0.41026294 0.61524385
3 0.40321496 0.21811226 0.50532913 0.29258165 0.58350456
3 0.35243794 0.025196403 0.4897036 0.12846886 0.6057661
3 0.35089236 0.0 0.51415974 0.03843532 0.6055313
3 0.3153288 0.5243992 0.5477287 0.57698196 0.6329697
3 0.31122398 0.7332416 0.4701924 0.80360264 0.5672272
3 0.3004839 0.12339715 0.49508762 0.23261064 0.57403874
