8 0.407881 0.34356570000000003 0.46669227 0.55034727 0.6520013000000001
3 0.28907394 0.071057945 0.43831182 0.49435714 0.64234644
3 0.25172904 0.36872616 0.4731651 0.5139511 0.63049877
8 0.19905688 0.008445911 0.38699424 0.46168372 0.64080936
3 0.13010506 0.40645662 0.49677520000000003 0.5250812 0.62287885
3 0.07122218599999999 0.27472588 0.48924032 0.5025063 0.6416816
8 0.070447996 0.23513831 0.48964518 0.54673725 0.6508251
3 0.05127762599999999 0.40513137 0.50602746 0.49411315 0.64794534
3 0.05008749 0.13274615 0.5450798000000001 0.22535975 0.6478583000000001
8 0.015192828 0.14092857 0.554401 0.21009623 0.6251739000000001
3 0.013929506000000001 0.014479384 0.47883597 0.11088081400000001 0.624434
8 0.013157988999999998 0.41202617 0.5066837000000001 0.5165627 0.6124183000000001
13 0.011697047 0.12724265 0.5387654000000001 0.21189876 0.63088137
8 0.009558068000000001 0.60364765 0.46919718 0.6670803000000001 0.51123005
8 0.008533944 0.41223165 0.53119826 0.482012 0.6253395
3 0.007781431 0.11736104 0.45780295 0.3178928 0.6756946
13 0.006543969300000001 0.0 0.35362718 0.47352523 0.6809887
3 0.004917475399999999 0.61124307 0.4689642 0.6724859000000001 0.5079797
8 0.0045044740000000005 0.011018996000000001 0.46947765 0.094073996 0.59848326
13 0.004388414 0.16492152 0.39499384 0.61695635 0.7252313
8 0.003752082 0.056699466 0.31600884 0.48581899999999995 0.86747164
3 0.0037095790999999998 0.07073288 0.42798448 0.36979026 0.6165586
9 0.0032439915999999997 0.064425394 0.38415542 0.48550475 0.6680231
13 0.0025645252 0.035328253999999996 0.43391988 0.3833882 0.76155376
8 0.0022421044 0.13137020000000002 0.43102673 0.5023679 0.8365778
1 0.0021404088 0.0 0.37168854 0.4099428 0.5800565
5 0.0016615344 0.0 0.43321279999999995 0.526044 0.61427706
7 0.0016034722 0.0 0.31429586 0.50842947 0.65441996
12 0.0015389954000000002 0.0 0.2776147 0.5654321 0.5588496000000001
8 0.001357788 0.070535585 0.44426656 0.32146752 0.57388127
13 0.0011942148 0.38498107 0.4693237 0.5523785 0.6702726
8 0.0011135016 0.11120606 0.46085197 0.28299564 0.6268443
3 0.0010707167999999998 0.13145871 0.520818 0.25804368 0.66028374
13 0.0010618552999999999 0.059239432 0.41772112 0.32884642 0.59624684
13 0.0010142556 0.0010198259 0.44237322 0.11615302400000001 0.6072354999999999
3 0.0009632426 0.11686073 0.42764282 0.4100838 0.5721735
13 0.0009406521000000001 0.39439583 0.53936213 0.49285597 0.62224984
8 0.00092635094 0.060953445999999994 0.34955367 0.72241 0.81402874
2 0.0008928262 0.053692512000000005 0.4016384 0.47346905 0.6684544
8 0.0008909968300000001 0.13465051 0.57801414 0.20678006 0.63451886
3 0.0008579542 0.09846895 0.37460485 0.5141468 0.9741071
13 0.0007559309 0.41833532 0.49616548 0.4955415 0.62218356
13 0.0007433569 0.3192428 0.50103015 0.54957527 0.63033026
5 0.0007396076 0.0 0.45150143 0.41548353 0.6693644
11 0.0007360080999999999 0.110162206 0.34951353 0.39594474 0.65741426
8 0.00073104165 0.060745068 0.14181025 0.46084390000000003 0.6403684000000001
12 0.00072599965 0.15257065 0.5473097 0.25689536 0.6000441
1 0.0007133099000000001 0.14779766 0.42397648 0.55183864 0.63826334
4 0.0006922825 0.1071944 0.35669708 0.54977334 0.60932934
2 0.00069203094 0.128423 0.5543056 0.23124938 0.6143004
1 0.0006854653 0.0 0.50769335 0.32255566 0.70848304
8 0.0006804036 0.02614025 0.37459964 0.2705888 0.8347757
1 0.0006618622 0.094998606 0.5723557 0.19454946 0.61771077
2 0.00064044545 0.23143442 0.32362846 0.68085843 0.67148083
8 0.0006163069599999999 0.017862348 0.3914121 0.2784517 0.6200201
10 0.0006054832 0.08805557 0.32546708 0.47059408 0.63454527
2 0.00060075696 0.044800985999999994 0.29620892 0.53903 0.5568392
12 0.0005967921 0.12917286 0.3635685 0.697205 0.6091264000000001
6 0.0005865103400000001 0.0 0.35010213 0.5733441999999999 0.6098045
7 0.0005702157499999999 0.0 0.43583298 0.46874 0.7924073
8 0.0005601161 0.109603286 0.5157364999999999 0.27438447 0.6447335
13 0.0005592894000000001 0.42100299999999996 0.514519 0.54228216 0.60715044
3 0.0005452263 0.14792034 0.46768475 0.6342111 0.74330896
5 0.00054023357 0.0 0.50162554 0.35603583 0.7283897
9 0.00053746183 0.2842692 0.43538973 0.71113265 0.68169516
4 0.0005317224400000001 0.32354626 0.4084429 0.72382855 0.69491374
1 0.0005254266 0.0 0.44005066 0.34126225 0.62754905
13 0.0004948265 0.6051426 0.4649962 0.66186744 0.5110431
13 0.00047489974999999997 0.38366634 0.50275373 0.4898545999999999 0.6165553
13 0.00046229172999999994 0.40358517 0.4841312 0.47445697 0.6203194000000001
7 0.00042976794 0.08785135 0.3577147 0.69416237 0.7349475000000001
10 0.00042131272000000007 0.16390617 0.5276774999999999 0.22646403 0.63585484
9 0.00041309604 0.13849288 0.55652565 0.22692245 0.62597734
3 0.00040888556000000004 0.005859308000000001 0.48395790000000005 0.083599664 0.5498953000000001
12 0.00037031915 0.15775050000000002 0.5362498 0.23570056 0.6124755999999999
6 0.00036326115 0.0 0.5192892 0.5302515999999999 0.73126775
5 0.00036136425 0.09392527 0.47093043 0.70159954 0.7159149
8 0.00033714887 0.53032273 0.19572951 0.8566693999999999 0.90806216
10 0.0003307415 0.13379394 0.55657417 0.22927837 0.6174073
6 0.00032889735 0.12692828 0.57615936 0.25067165 0.61867636
8 0.00031589154999999997 0.115846746 0.43077746 0.5583137 0.69058466
9 0.0003001109 0.42281428 0.5375149 0.48953578 0.6302394
8 0.00029768693 0.9401401 0.46294300000000005 0.9839339 0.5100549
2 0.0002786075 0.1484849 0.5328674 0.22603843 0.64116013
12 0.00026713408 0.43500808 0.5167254 0.5159308 0.6061923
9 0.00025236254 0.087446935 0.42991304 0.42167014 0.72124827
2 0.00024503487000000003 0.13447458 0.5358058000000001 0.21424703 0.622119
13 0.00024401084999999998 0.10957536 0.3086985 0.53960603 1.0
3 0.00024155556 0.40013155 0.47685003 0.54883784 0.647461
13 0.0002378961 0.05668378599999999 0.15417735 0.47092786 1.0
13 0.00023604224 0.33000416 0.47515595 0.5060525 0.67621917
2 0.00023567451 0.40891259999999996 0.46504122 0.56291 0.6864349000000001
8 0.00023079687999999997 0.02117361 0.19885254 0.35111603 0.8801694
9 0.0002306143 0.15817545 0.54277724 0.2232399 0.6443719
12 0.00023032258999999998 0.14139509 0.42512655 0.37375832 0.57390493
11 0.00023026521 0.10977100000000001 0.38754618 0.34535927 0.80967957
5 0.00022688681 0.38925722 0.53820825 0.51860726 0.6039548
9 0.00022540722999999998 0.4388218 0.49091336 0.58948356 0.6303458000000001
10 0.00022454544999999998 0.42882539999999997 0.5062576 0.5081299 0.6003542
7 0.00022347522999999997 0.10668734 0.5461121 0.22474413 0.6313055000000001
8 0.00021819362999999997 0.035359535 0.28881875 0.41713008 0.7419183000000001
13 0.00021601775000000003 0.10085294 0.55275303 0.20522472 0.61566365
8 0.00021510804 0.33784118 0.84331506 0.9124626 0.97394556
9 0.00020960301 0.3601261 0.5245491999999999 0.5546088 0.6161751999999999
12 0.00020872217 0.42503676 0.5058617999999999 0.5000814 0.5960543
12 0.00020739098999999998 0.018940277 0.3455831 0.53002477 0.6071911
2 0.00020586046999999998 0.09161794 0.35555777 0.47782394 0.59440017
11 0.00020574211 0.14793131 0.55864847 0.1905743 0.6507275
11 0.00020479017 0.30931336 0.33538276 0.6524245 0.7097972
13 0.00020186891 0.36337733 0.55505943 0.51348287 0.6110876999999999
9 0.00019564203 0.15591212 0.55842906 0.25384432 0.62340784
1 0.0001942498 0.36753675 0.49336687 0.5311155 0.6238191
5 0.00019372560000000002 0.10284254 0.5620675 0.20478246 0.6268951
1 0.00019267793999999997 0.13108484 0.564049 0.20738715 0.6364274000000001
6 0.00018831012 0.06817463 0.41860908 0.7683876000000001 0.6846938
4 0.00018513459 0.16031483 0.54653174 0.22551338 0.6297902
13 0.00018270324 0.09919736 0.45122805 0.28545952 0.6699531999999999
12 0.00018072542000000002 0.44028069999999997 0.5189623 0.4900063 0.6259188
8 0.0001806207 0.1480514 0.5478177 0.19325948 0.63345855
6 0.00017850485 0.0 0.4382537 0.5361439 0.66652906
10 0.00017615533 0.14929608 0.5452340999999999 0.21412273 0.6305831999999999
9 0.00017610443999999998 0.13472767 0.5397685999999999 0.19802433 0.65562767
8 0.0001752545 0.40701723 0.18636282 0.7632076999999999 0.88683647
8 0.00017364087 0.12276480000000001 0.56686604 0.19279815 0.61766374
12 0.00017319531000000002 0.37463209999999997 0.43426087 0.5663606 0.60243326
10 0.00017302288 0.37433273 0.31266382 0.69938767 0.7170069
1 0.00017210294999999999 0.12147833400000001 0.5751214 0.21234718 0.6223909000000001
1 0.00016903307 0.6015066 0.47006598 0.66240746 0.501985
8 0.00016532502 0.43195578 0.5368069000000001 0.5181727 0.6130325
2 0.00016334336 0.61694485 0.46125185 0.6837706 0.49582663
7 0.00016287233 0.10997013 0.52009493 0.20290382 0.647889
10 0.00016239972 0.36370108 0.46785020000000005 0.5244429 0.61495304
4 0.00016168536 0.13518362 0.5643260999999999 0.21646611 0.6167911
12 0.00016156008999999998 0.43176073 0.5080288 0.47450578 0.6250064999999999
13 0.00016110759 0.1317144 0.5682434000000001 0.23148948 0.64847386
1 0.00015929685 0.03333247 0.46516764 0.2704574 0.56897247
4 0.00015810081 0.36594912 0.4418157999999999 0.5239233 0.63496053
13 0.00015760203 0.11526960000000001 0.5859224000000001 0.2471473 0.63013697
3 0.00015390832 0.104674086 0.35935894 0.49209663 0.751959
9 0.0001534003 0.43349920000000003 0.52385044 0.5137234 0.6151717
10 0.0001525873 0.44634143 0.486671 0.48607126 0.6149606
3 0.00014905364 0.12050968 0.25237513 0.5234723 0.6425721
11 0.00014894512 0.14597936 0.5784474000000001 0.19433339 0.6302346999999999
13 0.00014868101999999998 0.08537253 0.5385378000000001 0.26042584 0.6648048000000001
12 0.00014543501 0.34297976 0.4952289000000001 0.59963703 0.6143430000000001
10 0.00014375173 0.4078792 0.5261029 0.48598322 0.6043196999999999
5 0.00014363576 0.35475942 0.5672617 0.5708465 0.72641814
4 0.0001430128 0.42829284 0.43709627 0.58999497 0.64777315
1 0.00014243549 0.34790727 0.5095393 0.51734227 0.65403974
10 0.00013997419 0.45244816 0.49546984 0.5240037000000001 0.6038688
1 0.0001393486 0.27287059999999996 0.5186813 0.49490428 0.6261102
8 0.00013848913999999998 0.51067185 0.46411896 0.8615767 0.9240568000000001
1 0.00013287936000000002 0.3797085 0.54550475 0.5360345000000001 0.69296056
5 0.00013230374 0.34536988 0.5287474 0.6132484 0.6785618
7 0.00013210278 0.38026443 0.53528935 0.47711715 0.65089303
5 0.00013168866000000002 0.07292311 0.56896794 0.22039679 0.6081409000000001
8 0.00012944808 0.38780922 0.12795733 0.7254 0.6430836999999999
11 0.00012780822 0.44872399999999996 0.52257335 0.48720005 0.62037426
13 0.00012510165 0.14181681 0.54456186 0.23608320000000002 0.62810904
9 0.00012457847 0.62099445 0.4732907 0.6796949999999999 0.5039422
7 0.00012312089 0.3737139 0.40712982 0.5604895999999999 0.69687855
4 0.00012306578 0.16318466 0.56272596 0.23603794 0.6202331999999999
1 0.00012269775 0.3912478 0.56559557 0.4739612 0.63225543
1 0.00012245617 0.38583118 0.53252214 0.46701586 0.60956305
10 0.00012104722599999999 0.41563937 0.5441368000000001 0.48810962 0.6389239999999999
2 0.00012079754999999999 0.41324928 0.40034834 0.57245755 0.6363675
13 0.00012000166000000001 0.3513216 0.5197915 0.49612054 0.69346243
9 0.00011999578999999999 0.41375723 0.5264032 0.564616 0.65391606
5 0.00011864198 0.07870796 0.48399404 0.43583846 1.0
5 0.00011735803999999999 0.12214904 0.6015604 0.49816817 1.0
10 0.000115949355 0.12766494 0.38913637 0.48408684 0.69775057
13 0.00011457146999999999 0.0 0.21249881 0.37102866 1.0
12 0.00011452511 0.026183107999999997 0.40972656 0.54211545 0.6700186
4 0.00011260271000000001 0.45898432 0.47984365 0.520809 0.6064881999999999
12 0.00011229902 0.30936840000000004 0.5097582 0.53108805 0.60837233
5 0.00010772893 0.4204766 0.5369286 0.48948973 0.6316503000000001
7 0.00010645385 0.41531309999999994 0.5007560000000001 0.49880272 0.63022715
11 0.0001059157 0.45757526 0.3892244 0.5539006999999999 0.67332274
10 0.00010439084000000001 0.42646444 0.5155294 0.4676326 0.6187216
1 0.00010424363000000001 0.4231561 0.5197957999999999 0.48114347 0.62279564
12 0.00010389883 0.45379564 0.5209585 0.55676633 0.58888644
9 0.00010331580400000001 0.40920943 0.5209094 0.62542814 0.6164484
1 0.00010323334 0.40578315 0.53439784 0.49585348 0.6161920999999999
12 0.00010310871 0.6126598000000001 0.46263912 0.6824415 0.49855953
2 0.00010072944 0.40862867 0.46453804 0.6420017 0.6080085
11 9.971456e-05 0.42364448 0.53439146 0.46472237 0.62892663
5 9.9027675e-05 0.19850338 0.5449759 0.57153267 0.6335304
6 9.7688644e-05 0.07562584 0.4594892 0.40931988 0.5721592
9 9.692271e-05 0.45630714 0.5267698000000001 0.5371916999999999 0.6073109999999999
4 9.688001000000001e-05 0.43777996 0.47052938 0.5791748000000001 0.73127115
6 9.6701435e-05 0.40081602 0.5298477 0.5113205 0.6122892
10 9.618190999999999e-05 0.45812407 0.3763051 0.5757089 0.6551520000000001
4 9.58853e-05 0.43570349999999997 0.49088009999999993 0.50701666 0.61235225
10 9.536302e-05 0.40518683 0.52121156 0.51846063 0.59434634
13 9.516567e-05 0.005317135 0.19160408 0.5880432 0.8712609
3 9.413739499999999e-05 0.51868933 0.23862208 0.9221665000000001 0.98286563
7 9.395646000000001e-05 0.06913271 0.42527086 0.29035074 0.599534
8 9.100142e-05 0.033286143 0.10239822400000001 0.26805815 0.61418825
6 8.8791356e-05 0.40952823 0.5302935000000001 0.548945 0.59884834
1 8.754002000000001e-05 0.32711536 0.48211998 0.49780917 0.6213930000000001
9 8.701852e-05 0.43656242 0.53949374 0.5839844 0.68107677
13 8.5349726e-05 0.006652238299999999 0.47335503 0.07539722 0.5418111999999999
10 8.505495500000001e-05 0.43546382 0.5176602 0.5343765 0.59150743
3 8.488079e-05 0.44715992 0.48912120000000003 0.5408166999999999 0.6031506999999999
10 8.3967476e-05 0.43767715 0.5259626000000001 0.50956815 0.63643706
1 8.377455400000001e-05 0.40370345 0.51681244 0.45747533 0.6139876
6 8.292636000000001e-05 0.2661943 0.50285023 0.60446763 0.6336545
8 8.013456e-05 0.46469504 0.35869956 0.81165993 0.89194846
11 7.995404e-05 0.17107467 0.5580881999999999 0.21098988 0.64238805
5 7.945441e-05 0.34153694 0.5414855 0.5475826 0.59185445
7 7.8918005e-05 0.42230988 0.52053064 0.52871335 0.60413474
6 7.765861e-05 0.5979896 0.4696491 0.6825899999999999 0.5019366
13 7.746624e-05 0.26483998 0.5326071 0.5250313 0.64395505
2 7.707373000000001e-05 0.019947184 0.43905467 0.13543029999999998 0.586302
3 7.651658e-05 0.053632717999999996 0.45487204 0.29858518 0.98827875
13 7.257882e-05 0.261608 0.47713003 0.49961597 0.62244266
7 7.210667e-05 0.0 0.4482238 0.12586474 0.61759734
10 7.166696999999999e-05 0.13556468 0.4469331 0.32503253 0.5631656999999999
10 7.1410104e-05 0.43863332 0.40644288 0.54970145 0.67612743
4 7.098593000000001e-05 0.47729772 0.46392095 0.6452601 0.67088896
9 7.083063e-05 0.40854958 0.5017407 0.5359604 0.63500476
8 7.03268e-05 0.45697704 0.13527504 0.78605866 0.7243445
9 7.012236e-05 0.41449207 0.5498236 0.5142547000000001 0.6194944
12 7.011725000000001e-05 0.37256095 0.48242609999999997 0.65692234 0.6005151999999999
5 6.906303e-05 0.38108587 0.55052674 0.48217955 0.6293695
5 6.84498e-05 0.25188428 0.5346638000000001 0.6467774000000001 0.6501731
5 6.8447414e-05 0.04159146 0.4524462 0.30227482 0.58028454
6 6.844343000000001e-05 0.40097663 0.5612939 0.523015 0.62887806
8 6.7461195e-05 0.3244257 0.26664376 0.6841586 0.8756526
5 6.686202e-05 0.403138 0.52887803 0.46623400000000004 0.6191836
2 6.680688e-05 0.4008957 0.54018396 0.48844942 0.6330943
11 6.654109999999999e-05 0.42586878 0.557588 0.46971402 0.661664
8 6.626559e-05 0.41058615 0.44410676 0.7409916 0.90676385
1 6.43791e-05 0.37505403 0.53309137 0.5611476 0.6410125
9 6.269368e-05 0.14795639 0.30835414 0.5163194999999999 1.0
8 6.17674e-05 0.3936558 0.5031209 0.4962758 0.58482105
11 6.0914287999999994e-05 0.47309148 0.50659496 0.51331913 0.60761994
13 6.0586054999999996e-05 0.3882691 0.45648637 0.5054248 0.7588751
4 5.986416e-05 0.07616685 0.42238486 0.45493690000000003 0.6529182
3 5.9597673999999996e-05 0.1345676 0.43372187 0.85082734 0.85266984
7 5.9295948e-05 0.27325228 0.47311729999999996 0.49855328 0.6561771
12 5.923255e-05 0.13310534 0.40081763 0.3536895 0.5405002
12 5.8772486e-05 0.34776290000000004 0.46679719999999997 0.51383275 0.6135238000000001
2 5.8200083000000006e-05 0.10464439 0.42325655 0.33613697 0.5385116
11 5.689983e-05 0.43512103 0.40811667 0.53420746 0.6916789000000001
5 5.6643206e-05 0.01278368 0.54426944 0.32800055 1.0
2 5.6259403e-05 0.20732252 0.38035864 0.6054781 0.92802185
7 5.6101669999999996e-05 0.0 0.40421640000000003 0.5975043000000001 1.0
11 5.6025e-05 0.13625388 0.44793662 0.26203367 0.5877026
4 5.5654025e-05 0.051964168 0.4819866 0.4278159000000001 0.7290767
6 5.4668497e-05 0.34416149999999995 0.524451 0.63284326 0.7177975999999999
11 5.411962e-05 0.42865077 0.49455202 0.46119425 0.63236403
2 5.383888000000001e-05 0.36236465 0.45992228 0.5748485 0.6353843000000001
10 5.3556207000000007e-05 0.42226369999999996 0.44342652 0.5901590999999999 0.6267148
7 5.3040140000000003e-05 0.60469174 0.46482754 0.6767229 0.5090769
13 5.2755124e-05 0.38343373 0.49733093 0.5096595 0.58345157
1 5.2250783e-05 0.42805684 0.5372522 0.51783234 0.6159995
13 5.2102034e-05 0.35763829999999996 0.5219909 0.58808094 0.6443238
6 5.167175999999999e-05 0.13796182 0.5669666999999999 0.2623094 0.63773334
12 5.1293504000000004e-05 0.37971067 0.47956935 0.5897051 0.6583303
8 5.10097e-05 0.12184941 0.58369297 0.18884903 0.6374327
11 4.9878032e-05 0.38760215 0.4868706 0.4945536 0.63883805
7 4.9856170000000003e-05 0.39423522 0.56035745 0.50804466 0.6268165
13 4.823113e-05 0.35798264 0.5232401 0.5064234000000001 0.59592396
2 4.802488e-05 0.16212586 0.13884184 0.5577396 0.925623
3 4.7193113e-05 0.38999003 0.85784477 1.0 1.0
11 4.6600937000000004e-05 0.45396084 0.48650473 0.48010594 0.6222161999999999
9 4.6187735e-05 0.44473886 0.5281562 0.56446147 0.5945594
8 4.6119454e-05 0.4039737 0.71498936 0.8868249 0.9618386
10 4.5544674999999996e-05 0.41836074 0.38398063 0.5297918 0.65033406
10 4.500012e-05 0.62615466 0.4615477 0.6847488 0.50438195
6 4.472733e-05 0.33864278 0.5045276 0.6818930000000001 0.64318854
8 4.4311222e-05 0.3935039 0.54946166 0.46460125 0.6164512
3 4.41592e-05 0.49011216 0.6165648 0.9801103000000001 0.98557866
11 4.3770574999999996e-05 0.16853176 0.579864 0.21419208 0.6309233
1 4.2853590000000005e-05 0.0 0.50355196 0.09443191 0.60408807
7 4.2051796999999994e-05 0.35369265 0.47667873 0.6230528000000001 0.6578698000000001
2 4.1283354e-05 0.29937953 0.48438823 0.52883 0.6340273
13 4.1153693000000006e-05 0.4753590999999999 0.011901448500000002 0.9334606 0.77588534
11 3.908053e-05 0.4380115 0.45894256 0.5588451999999999 0.64057946
5 3.8800717e-05 0.40876555 0.54963017 0.46182632 0.6511501000000001
1 3.8475195e-05 0.0 0.24658246 0.45427412 0.8439421
10 3.8149790000000005e-05 0.42441916 0.5482323 0.5202329000000001 0.62347335
13 3.7923746e-05 0.10380571 0.17128846 0.69271797 1.0
1 3.7804024e-05 0.0 0.43048483 0.26065487 0.526209
8 3.7616785e-05 0.49155784 0.08316468 0.8005988 0.5477454
8 3.759074e-05 0.014638099 0.030795162999999997 0.34864247 0.31931266
12 3.7329616999999996e-05 0.009503079000000001 0.04978869 0.61200035 0.77754384
11 3.7149256999999996e-05 0.44657835 0.5439534 0.4961492 0.6123586999999999
4 3.662901e-05 0.40997085 0.5254707 0.4859813 0.6423435000000001
8 3.6534570000000006e-05 0.20728935 0.3995031 0.60876495 0.88979596
7 3.6425063000000003e-05 0.42869229999999997 0.48733833 0.47943047 0.64854985
13 3.626696e-05 0.0 0.39719978 0.26991087 0.69457453
5 3.624762e-05 0.59717786 0.47825426 0.672122 0.50496906
2 3.623762e-05 0.41993126 0.5090115 0.5091318 0.6041887
8 3.5699590000000006e-05 0.09260076 0.46787563 0.23388495 0.6538514
4 3.5652642999999996e-05 0.44116396 0.46555945 0.48939570000000004 0.6255724
11 3.529928e-05 0.6290054 0.46599764 0.66410124 0.5076144
3 3.5008008e-05 0.3778097 0.46084988 0.82628524 0.9206767
6 3.415001e-05 0.31464365 0.47658312 0.61514986 0.6866238
