3 0.9859210999999999 0.7922589 0.43970487 0.91375345 0.5048973
3 0.97312635 0.19843599 0.464459 0.251891 0.5288883000000001
3 0.24514727 0.7187018000000001 0.879674 0.7475253000000001 0.91464335
8 0.2105775 0.9191003000000001 0.42194802 0.9867220999999999 0.47665513
8 0.14102368 0.5449901 0.20494269 0.6992666000000001 0.31705272
3 0.06904802 0.7922964 0.42715806 0.9055542999999999 0.48779290000000003
8 0.0660752 0.71440506 0.87272894 0.75537694 0.9173749
8 0.058331817 0.19969645 0.4588284000000001 0.26705992 0.53143543
13 0.03134674 0.7128401 0.88123137 0.75007784 0.9181437
8 0.014433388 0.13013136 0.46137333 0.18387732 0.4987525
3 0.01231047 0.92121905 0.42055829999999994 0.9979004000000001 0.48165217
8 0.010883717 0.7963931 0.43171325 0.88960487 0.50152624
8 0.007092264 0.19399339 0.45661062 0.24693811 0.5212245
2 0.007078526 0.7087985 0.87542856 0.77477694 0.9117337
8 0.0053020557 0.28645942 0.73636395 0.35710654 0.7841479
13 0.0052295467 0.686479 0.31773934 0.74424577 0.35237962
8 0.0038508697999999997 0.6899689999999999 0.31452608 0.7374998 0.35613802
13 0.003648396 0.28978282 0.7235379 0.37839872 0.77494985
3 0.0032254963 0.2845583 0.71992517 0.38731109999999996 0.8011877
8 0.0031147683 0.7654935 0.40089074 0.9313806 0.5256124
8 0.003039498 0.90030104 0.40328822 0.98750454 0.5018087
13 0.002652537 0.6955979 0.3118951 0.75812256 0.35368663
3 0.0023011474 0.6996547 0.30380175 0.7299266999999999 0.3639788
1 0.0022866220000000003 0.7125603 0.88340247 0.7510555 0.9197673000000001
8 0.0022300556 0.7223858 0.8729752000000001 0.7686793000000001 0.9153091
13 0.0021308656 0.19844866 0.4741259 0.27648407 0.53435874
7 0.0019833804 0.6953121 0.87057996 0.76664394 0.9248732
8 0.001916744 0.3897153 0.16427761 0.6675106 0.8387813000000001
3 0.0017965095000000001 0.7275090999999999 0.88170564 0.7629710999999999 0.91502917
8 0.0017884325 0.93924254 0.4192839 0.99078995 0.48863068
13 0.0017198464 0.18412873 0.48484440000000006 0.25110593 0.52628404
13 0.0015428886999999999 0.2456567 0.6907424 0.41006329999999996 0.809463
13 0.0015327202999999999 0.7839228 0.44825727 0.8756268 0.5145029000000001
13 0.0013573408 0.81179804 0.45568149999999996 0.9218773000000001 0.51005274
13 0.0013256994 0.92413694 0.42275837 0.9898861999999999 0.47307009
3 0.0011890393 0.56100184 0.21941337 0.71382064 0.32389322
8 0.0011821347 0.93509763 0.41137132 0.98207945 0.44899449999999996
5 0.0011231997 0.16273695 0.48545468 0.24982432 0.53200394
11 0.0010941401 0.20015384 0.46924064 0.24306755 0.5384116999999999
9 0.0010702995 0.7167073 0.8794249 0.76535934 0.9165203000000002
3 0.001064541 0.13714555 0.46330345 0.1886648 0.50186235
8 0.0009947848 0.11963695 0.51441795 0.6402196 0.9375443999999999
13 0.0008750584 0.7191358 0.87389535 0.76327866 0.9190056999999999
11 0.00087327394 0.72178745 0.87467396 0.7515576999999999 0.9145274999999999
13 0.0008710863000000001 0.20574935 0.46931684 0.26186574 0.56124324
7 0.0008626581 0.19363165 0.44820333 0.26796547 0.5212179
9 0.00081784924 0.19977042 0.45905265 0.2699187 0.5056232
12 0.0006783374 0.18985742 0.44899532 0.27167220000000003 0.50124943
13 0.00067138893 0.3427093 0.0 0.69249034 1.0
13 0.0006639079700000001 0.1954184 0.4570129 0.26891696 0.5234835999999999
7 0.00066361437 0.17350698 0.47122347 0.24663976 0.54387224
9 0.0006539039 0.9432550999999999 0.43490290000000004 1.0 0.47345770000000004
8 0.00065214705 0.4829811 0.29841927 0.83883023 0.82836664
6 0.00063646125 0.18049592 0.48228005 0.26037326 0.5298651999999999
12 0.0006360383999999999 0.9364395000000001 0.42779365 1.0 0.46713257
1 0.00058087875 0.19053769 0.46591464 0.24801639 0.5090847
8 0.0005756561 0.252345 0.70624715 0.40529355 0.8231277
3 0.0005736366000000001 0.94070953 0.41187996 0.99360067 0.44632226
11 0.0005689928 0.7921056 0.42991155 0.8559194 0.5199218
5 0.0005549168 0.6982508000000001 0.8884073 0.75443804 0.9197921
11 0.0005499287999999999 0.21120743 0.46515095 0.26281524 0.5402534000000001
8 0.0005347856 0.7508379 0.50998104 0.9460468000000001 0.97028816
2 0.00053412747 0.9321171 0.41722313 1.0 0.47831762
6 0.0005209791999999999 0.6996026 0.87662494 0.7629658 0.9174969999999999
1 0.0004909778 0.92918664 0.43564898 0.98560447 0.47318262
13 0.0004894428400000001 0.5691052 0.22430328 0.73333675 0.3254066
3 0.00048404957999999997 0.37016022 0.21844584 0.6979126 0.94199896
5 0.00046776334000000005 0.17794923 0.4900589 0.24641882 0.5640891
8 0.00045319909000000007 0.044635475 0.43345195 0.25936577 0.93096316
5 0.00045009638 0.19581634 0.48937756 0.26562070000000004 0.5696833
12 0.00044180013 0.7060335 0.8696511 0.7716058000000001 0.90387356
7 0.0004344141 0.19313258 0.46514446 0.28465155 0.54382807
8 0.00043286968 0.17612882 0.21878569 0.44804227 0.9422093
13 0.00043215405 0.19704998 0.47783753 0.24736205 0.55917174
13 0.00043046294000000004 0.8083244 0.43114644 0.90029746 0.5001396
1 0.00040783160000000003 0.17828861 0.46320492 0.23547214 0.5018032
5 0.00040615883000000004 0.18504104 0.48771223 0.28815916 0.54226714
4 0.00040598426 0.21050262 0.44921693 0.26690817 0.50650084
10 0.00040140006000000003 0.94406575 0.42050835 1.0 0.46730503
2 0.0003879326 0.68706113 0.30210793 0.75698406 0.36123934
13 0.00036267552000000006 0.18027173 0.46666747 0.24011077 0.5196873
4 0.00035801212999999997 0.2245738 0.46299443 0.2861601 0.5461164000000001
8 0.00035754044 0.5670024 0.25878364 0.61699486 0.3024384
12 0.00035709332 0.84921384 0.45220885 0.9231404000000001 0.50478685
2 0.00035378324999999996 0.21022847 0.44850162 0.27503517 0.49198484
11 0.00035141417 0.22915241 0.46431702 0.28079054 0.5414515000000001
8 0.00035138199999999996 0.32742953 0.6932130999999999 0.9138440999999999 0.97830886
11 0.00034310214999999997 0.20488606 0.43132550000000003 0.24899198 0.56430185
3 0.00034100797999999993 0.13768706 0.50107455 0.6754216 0.9800296999999999
6 0.00033832216 0.18436004 0.45325267 0.27009229999999995 0.5116465
3 0.00033362416 0.7864747 0.43704557 0.8742205 0.5001069
5 0.0003331899 0.168803 0.46958409999999995 0.27147678 0.50737107
8 0.0003328401 0.08328411 0.30915704 0.51194966 0.7798555
2 0.00033232552000000005 0.21076539 0.46942896 0.28481546 0.5214997
10 0.00033196656000000004 0.18952394 0.44875740000000003 0.25533748 0.50011885
11 0.00032597742000000003 0.21050447 0.45910347 0.24624079999999998 0.508283
1 0.00032237312 0.18562455 0.49143597 0.24136497 0.53141135
9 0.00032194838 0.19705519 0.47726732 0.25235599999999997 0.5231315
13 0.00032106542 0.79175335 0.43157017 0.8729792 0.4965657
4 0.00031428612 0.94801784 0.42673486 1.0 0.47542942
1 0.0003121933 0.7579493 0.46762829999999994 0.8467700999999999 0.50888157
7 0.00029927024 0.18150753 0.45314428 0.24594206 0.5165233
4 0.0002969192 0.19211888 0.46963918 0.24971837 0.5347443000000001
11 0.00029191442000000005 0.2247641 0.43475708 0.26780529999999997 0.55491644
8 0.00028645057999999996 0.5407158000000001 0.16410208 0.78936076 0.8231483
5 0.00028504015 0.76740384 0.45207655 0.8741355 0.503979
8 0.00028438884 0.33320442 0.11598599999999999 0.8004576 0.5606715
3 0.00028119245 0.33593579999999995 0.6851959 0.96003044 0.9989507
9 0.00028069232999999996 0.20374103 0.4747148 0.27421373 0.52774316
1 0.00027884354 0.20181344 0.46146274 0.25619000000000003 0.5224257000000001
7 0.00027685947 0.9315153 0.42134097 1.0 0.47547927
4 0.00027486766 0.20429508 0.46412966 0.26999290000000004 0.54090345
8 0.00027197479999999997 0.6691583000000001 0.47382608 0.9119578000000002 0.9897035
2 0.00027008387 0.1861951 0.47563973 0.2561883 0.5180494999999999
2 0.00026490193 0.7269963 0.8741155 0.78510237 0.9154322
7 0.00025943897 0.19967993 0.42363703 0.27288786 0.55567193
10 0.0002526039 0.18209597 0.47454536 0.25307715 0.5316159
11 0.0002524209 0.19998866 0.45548353 0.23216498 0.50343853
1 0.00024973207999999997 0.20428948 0.48857254 0.25724918 0.55542487
8 0.00024074122000000003 0.027696252 0.35900915 0.18862966 0.9259959999999999
2 0.00023365932999999998 0.7036005 0.30631185 0.767766 0.35830617
6 0.00023067281000000003 0.18579268 0.47907928 0.30191740000000006 0.5372644
9 0.00022893139999999998 0.21646744 0.45391488 0.26878154 0.5261625
10 0.00022655122000000004 0.21782878 0.46252453 0.28075296 0.532415
2 0.00022645220000000002 0.21364208 0.4517651 0.27456188 0.5386082
8 0.00022502674 0.61526394 0.20026693 0.86324847 0.88140774
4 0.00022361251 0.85244256 0.41991080000000003 0.92363757 0.49912995
12 0.00021474605 0.80662924 0.42098686 0.88730496 0.48348302
13 0.00021369591000000002 0.94371086 0.42070618 0.99547297 0.47707730000000004
1 0.00021268801 0.21043146 0.49239814 0.270251 0.53847724
4 0.00021164825 0.7207929 0.8779355 0.76784885 0.91433597
10 0.0002087587 0.85563993 0.42928645 0.9212389000000001 0.5029939999999999
3 0.00020654191999999998 0.8021065 0.4306202 0.9495021 0.5172739000000001
13 0.0002049 0.0 0.38020307 0.62516177 1.0
12 0.00020344065 0.82757986 0.41565704 0.91454124 0.48423615
1 0.00020226296000000002 0.83961225 0.46098100000000003 0.9191823 0.5088859
8 0.00019924343 0.05745451 0.24990267 0.38772964 0.8888209999999999
9 0.00019909444 0.834426 0.4282653 0.91500133 0.48151982
7 0.00019767463 0.17319137 0.45577460000000003 0.26130820000000005 0.5812159
8 0.00019746080000000003 0.049898446 0.6797131999999999 0.43978056 0.96259975
8 0.00019717161 0.5540706 0.23182687 0.7048135 0.35983616
11 0.00019155127000000002 0.81329924 0.41491273 0.8672151 0.47713238
2 0.00018681813000000002 0.19736370000000003 0.45116827 0.26130694 0.48862967
9 0.00018259976000000003 0.85821605 0.44732489999999997 0.9339162 0.4944186
13 0.00017979825 0.9325459999999999 0.4045718 0.9883081 0.44685483
7 0.00017760547 0.8238377 0.42892393 0.91302973 0.5228375
3 0.00017509998 0.29486486 0.69065815 0.40402052 0.79747754
8 0.0001642306 0.6380875 0.2219492 0.7098503 0.29638958
12 0.00015968611 0.20094872 0.47366542 0.29128236 0.5238492
12 0.00015668552 0.19322779999999998 0.47605738 0.26042685 0.5214702
10 0.00015524533000000002 0.83689463 0.41313538 0.9032339 0.47530445
13 0.00015455045 0.7777706999999999 0.44509435 0.9231121999999999 0.5641798000000001
8 0.0001530045 0.040832787999999995 0.58691275 0.3471395 0.9589289000000001
10 0.00015274399999999999 0.7281475000000001 0.86572963 0.7655666999999999 0.9243226000000001
1 0.00014726457 0.18375434 0.49058902 0.23906557 0.556365
1 0.00014726273 0.20629707 0.46427570000000007 0.26622080000000004 0.50736755
11 0.00014472008999999998 0.70017827 0.3084134 0.73132765 0.36798579
12 0.00014418253999999998 0.31396627 0.7327764 0.39246833 0.77977973
11 0.00014396112 0.8443093 0.41871777 0.8922636 0.47781885
9 0.00014313770000000002 0.21896880000000002 0.4767661 0.26706398 0.54502803
1 0.00014267008999999998 0.7831834 0.43403918 0.86673313 0.47803402
2 0.00014102051999999998 0.19735856 0.45994854 0.26384574 0.5343868
6 0.00013632752 0.9310210999999999 0.43117595 1.0 0.47657895
7 0.0001357094 0.7641777 0.437906 0.87119377 0.52308786
9 0.00013562197 0.20597382 0.47671008 0.24747808 0.54633754
8 0.00013553228999999998 0.023828223 0.14835913 0.17219484 0.86151093
10 0.00013460056 0.21898249 0.41134185 0.26609713 0.53018
8 0.0001344459 0.6332180000000001 0.043860737000000004 0.89665025 0.3227763
10 0.00013404539 0.21962829 0.44293728 0.27386162 0.5017338
12 0.00013366263 0.19512179999999998 0.46632075 0.27674234 0.53811675
7 0.00013260734 0.6653943 0.29843006 0.743955 0.36820504
9 0.00013250465 0.20272997 0.45777038 0.24777102 0.52677697
9 0.00013150426000000002 0.2138663 0.46069396 0.2898239 0.5074094
8 0.00013001876 0.42121329999999996 0.13105070000000002 0.7625483000000001 0.73889375
8 0.00012920167 0.58175886 0.25327826 0.64014757 0.30708718
5 0.00012436921999999998 0.9042100000000001 0.43806530000000005 1.0 0.46891063
6 0.000120383316 0.76079005 0.45290349999999996 0.9030674000000001 0.5038769000000001
11 0.00012000735 0.950249 0.42602193 0.9903185999999999 0.47737563
9 0.00011989120000000001 0.92943436 0.4361759 0.98739284 0.47461668
5 0.00011674323 0.7920936 0.44312584 0.8603298 0.5328941999999999
13 0.00011670530000000001 0.11448465 0.06054922 0.46863990000000005 1.0
10 0.00011584851999999999 0.31793854 0.71819216 0.38686946 0.7757851
10 0.00011482061000000002 0.22400154 0.43761769999999994 0.27199924 0.5585965
1 0.00011413275 0.6784088 0.32106265 0.7243913000000001 0.35707703
3 0.00011130926999999999 0.16974641 0.28690985 0.482235 0.93778163
9 0.00010838267 0.83612955 0.4483857 0.91567576 0.5006651
13 0.00010586261 0.13081622 0.46032944 0.17336753 0.5032164000000001
8 0.00010583152 0.3615563 0.37098622 0.6640221 0.8999292
4 0.00010486091 0.22375250000000002 0.43579292 0.2752402 0.53258276
13 0.00010462360999999999 0.9467492000000001 0.40916094 0.9991319 0.4963054
2 0.00010325884 0.5800065999999999 0.18641542 0.7828454 0.36112803
1 0.0001032577 0.91571176 0.43350467 0.97362626 0.46851459999999995
12 0.00010221429 0.8114969 0.43836442 0.8844779 0.5039275
10 9.970263e-05 0.7856724 0.45710966 0.87286496 0.5028845000000001
7 9.8189004e-05 0.18395823 0.42545205 0.25327396 0.56073534
5 9.7595155e-05 0.18066582 0.47235972 0.2603164 0.53743446
1 9.748966e-05 0.78426814 0.4659821 0.86872005 0.5145851
10 9.744530000000001e-05 0.9345929000000001 0.42728692 0.9897950000000001 0.46595699999999995
10 9.669915999999999e-05 0.8054998999999999 0.42650044 0.8762735 0.47648764
4 9.65086e-05 0.19866112 0.45240685 0.24710974 0.5013006
1 9.582453000000002e-05 0.9505347 0.43284905 0.98976314 0.47603333
12 9.444341399999999e-05 0.955218 0.42037082 1.0 0.47039759999999997
13 9.295529e-05 0.8051878 0.43677029999999994 0.8820747 0.5324831999999999
5 9.263326e-05 0.8065032 0.44800296 0.8767885 0.5405161
8 9.119431e-05 0.7679425999999999 0.43666768 0.9439829 0.6905835
1 9.076589e-05 0.81412905 0.43077633 0.8991966999999998 0.48367804
8 8.980030000000001e-05 0.6211951 0.22565895 0.69870865 0.30787277
11 8.9258836e-05 0.81163234 0.38649959999999994 0.8604843000000001 0.5356685
9 8.879526e-05 0.7018549 0.30757670000000004 0.75061387 0.3642617
9 8.871798000000001e-05 0.31774014 0.7185255 0.38042283 0.7855286
11 8.777456e-05 0.8385868000000001 0.42897245 0.89648974 0.5161492999999999
5 8.753962999999999e-05 0.77565145 0.43605107 0.8836006999999999 0.48339614
11 8.737076e-05 0.8656929 0.43314397 0.91326016 0.50032747
1 8.581242599999999e-05 0.18319370000000001 0.4641124 0.24054773 0.52222395
7 8.303205e-05 0.82104737 0.41735020000000006 0.90270954 0.49342440000000004
6 8.226694e-05 0.8082395 0.41685164 0.9332493000000001 0.48625916
6 8.129911e-05 0.19162084 0.48138902 0.2844115 0.5615481
8 8.0555954e-05 0.53157353 0.5647078000000001 0.919317 0.9596261
8 7.997204e-05 0.76005733 0.24936786 0.93629575 0.9792898000000001
8 7.970404000000001e-05 0.26332676 0.14739235 0.5624376 0.7879941999999999
13 7.860511999999999e-05 0.012430161 0.2849649 0.36197448 1.0
6 7.618074599999999e-05 0.7817023 0.42198604 0.9079782 0.48161867
5 7.585594e-05 0.30608153 0.3403707 0.61233693 0.982915
1 7.507764e-05 0.81894594 0.46509594 0.9057122 0.5145259
8 7.438107e-05 0.67898625 0.3140855 0.72710186 0.35968116
4 7.3954565e-05 0.22933275 0.44791806 0.2820664 0.5080085
8 7.349244000000001e-05 0.5933594 0.42600515 0.8659998999999999 0.97237015
13 7.30928e-05 0.7951934 0.43029457 0.9751571 0.5590004
1 7.2893556e-05 0.72547364 0.8818674999999999 0.7676703 0.9165908000000001
8 7.281551e-05 0.7151086999999999 0.15824749 0.9090553 0.82895994
4 7.2107025e-05 0.83049107 0.40639549999999997 0.91419196 0.47586992
5 7.169843e-05 0.8051941999999999 0.45704445 0.9313349 0.51742846
5 7.123587e-05 0.6548107 0.32006028 0.7446632 0.35910863
7 6.9407455e-05 0.28045812 0.06826175 0.7687509 1.0
13 6.888223000000001e-05 0.45367637 0.0 0.8098196999999999 1.0
2 6.8880065e-05 0.41095454 0.06498178 0.75671476 0.8219578000000002
7 6.8320885e-05 0.78733724 0.41936514 0.8753 0.49126622
9 6.820122e-05 0.7304406999999999 0.8820389000000001 0.7815433 0.91744226
12 6.774663e-05 0.1815455 0.43886375 0.25546172 0.51510286
8 6.7151304e-05 0.32260364 0.09535281 0.6150244 0.66966605
11 6.682395e-05 0.81183636 0.34464229999999996 0.9469341 0.55303437
9 6.632233e-05 0.79689336 0.43744156 0.92531097 0.55131245
8 6.6003784e-05 0.78394717 0.42529348 0.85946304 0.48099309999999995
6 6.593713000000001e-05 0.81192166 0.45240927 0.95813125 0.5136208
7 6.589401e-05 0.68431854 0.30151540000000004 0.76235616 0.3670195
13 6.4975604e-05 0.23897924 0.19175215 0.6126524999999999 1.0
9 6.489936e-05 0.9633641 0.43072647 1.0 0.47656617
3 6.4259504e-05 0.055314586 0.52039766 0.29070377 0.9888571
8 6.420942e-05 0.18971771 0.46597105 0.23552349 0.53126514
9 6.413614000000001e-05 0.7979141 0.44980690000000007 0.8768918 0.5102954000000001
9 6.408391e-05 0.79819596 0.43035597 0.8710815999999999 0.48893809999999993
8 6.338189999999999e-05 0.72436976 0.08054127 0.9179126 0.45871398
5 6.108262499999999e-05 0.7280504 0.46165362 0.90393525 0.55877995
6 6.0086866e-05 0.6854848000000001 0.32392687 0.7416337 0.3631473
12 5.9751208e-05 0.6912279 0.30533590000000005 0.7653073 0.3416667
5 5.95888e-05 0.19239053 0.46869040000000006 0.28974107 0.51407564
3 5.9351827000000004e-05 0.78034866 0.41527420000000004 0.9204253000000001 0.5310862
8 5.9287067e-05 0.037434474 0.12056891 0.24070607 0.659125
8 5.8558475e-05 0.7041899 0.29406676 0.74493504 0.33676106
9 5.8437407e-05 0.3928222 0.103730045 0.7296414999999999 1.0
13 5.8034835000000005e-05 0.6120895000000001 0.014910727 0.9593835999999999 0.33423865
8 5.761126e-05 0.005822964 0.89899546 0.14595586 0.9971005999999999
7 5.7182115000000004e-05 0.2908038 0.7163463000000001 0.37137753 0.79073536
11 5.6924127e-05 0.8316346 0.38386554 0.8754440999999998 0.5312856
7 5.2798652e-05 0.7143823 0.8736598 0.77785015 0.92430025
3 5.251245e-05 0.09635797 0.34711367 0.5738243000000001 0.8292886999999999
13 5.1902093999999996e-05 0.0 0.15291035 0.51173574 0.8295505999999999
13 5.1899122e-05 0.6660344 0.31866258 0.7319222 0.35155994
2 5.097596e-05 0.95047814 0.41566658 0.99848455 0.4855023
11 5.090764e-05 0.23205894 0.44966197 0.2721647 0.5067653
2 5.0681660000000004e-05 0.30271715 0.72155625 0.37405425 0.78516614
10 5.035257000000001e-05 0.20400071 0.44757134 0.26153794 0.5634223
2 4.9943514999999995e-05 0.21670905 0.42335886 0.27354774 0.51417077
1 4.9435856999999994e-05 0.28295124 0.101762995 0.6631665 0.8353254999999999
13 4.9265659999999995e-05 0.38597697 0.0 0.7610429 0.727337
13 4.9068945000000004e-05 0.9459124 0.39867768 0.9945008 0.45309055
3 4.8481644999999997e-05 0.05032243 0.45299759999999994 0.36558402 0.93025005
13 4.8426034e-05 0.23072618 0.6255457 0.84723276 1.0
1 4.7992881999999997e-05 0.73586905 0.425066 0.9021399999999999 0.5231633
8 4.772770000000001e-05 0.5033112 0.8306171 0.89169174 0.98266166
10 4.7133683e-05 0.96417916 0.4105875 1.0 0.47308546
5 4.6922767e-05 0.8042465 0.43951353 0.917286 0.48807406
10 4.6570018e-05 0.8249624 0.43152496 0.9130018 0.4993008
8 4.6480724e-05 0.6868635000000001 0.28968975 0.7352485 0.3408945
2 4.6455036e-05 0.79418933 0.43584543 0.87667716 0.48660459999999994
6 4.5828325000000005e-05 0.9219733 0.43671608 0.99388105 0.47228903
13 4.5342644e-05 0.8977103000000001 0.42853 0.9869466 0.5470673
13 4.407444e-05 0.0 0.27995417 0.1908268 0.9891665999999999
7 4.3329300000000005e-05 0.94935775 0.4168339 0.9959117000000001 0.48289418
3 4.2770726999999994e-05 0.061781645 0.6506234000000001 0.3695677 1.0
13 4.2721083e-05 0.82237124 0.43989579999999995 0.9040241 0.51841694
9 4.2624295000000004e-05 0.7127724 0.3134765 0.7681729 0.36378998
11 4.2417264999999995e-05 0.9358216 0.43037929999999996 0.9769234 0.47860062
5 4.2198968000000006e-05 0.27920273 0.7423271 0.3730118 0.78207666
5 4.2082447000000004e-05 0.020202667 0.63635385 0.6005243 0.97719884
3 4.0274340000000004e-05 0.06581567 0.73133135 0.48395663 1.0
8 4.026355e-05 0.15472198 0.41075894 0.30727383 0.54923236
3 3.801712e-05 0.22745739 0.25230923 0.5492133000000001 1.0
8 3.7637743e-05 0.7929914 0.41838294 0.85322523 0.5070455
2 3.754614e-05 0.829382 0.43029442 0.90806705 0.51463276
