3 0.9731751000000001 0.885033 0.3950011 0.9941703000000002 0.4461785
3 0.8809148000000001 0.07789925 0.33502677 0.51915795 0.5317563
3 0.2015644 0.020356085 0.38938078 0.055651862 0.425113
8 0.20086776 0.08117197 0.32877737 0.5299444000000001 0.5383623000000001
8 0.09278092 0.014846446000000001 0.38949397 0.05488103 0.43027976
8 0.058635674000000006 0.88000363 0.38401288 0.993231 0.45338792
3 0.037653003 0.02007441 0.40192607 0.056680772000000004 0.43855155
8 0.01583716 0.106805444 0.37693605 0.39137109999999997 0.5273705
3 0.0077477223 0.039723813999999996 0.38469282 0.083205946 0.42886573
8 0.006878695 0.035563637 0.38850674 0.08132997 0.429516
3 0.006445978000000001 0.07783704 0.35210148 0.32045759999999995 0.5242207
13 0.0055982 0.016512709 0.37872398 0.05803367 0.43232122
13 0.005066514 0.14119644 0.29842198 0.60589117 0.61396617
8 0.004457471 0.87920934 0.38794523 0.97206426 0.43624955
3 0.0030658015 0.037299227000000004 0.4002676 0.08269556 0.44053346
13 0.0025436813 0.08123239 0.3637958 0.36910698 0.527965
13 0.0022023055 0.8670838 0.40956357 0.97315997 0.45533943
13 0.0018468610999999998 0.15429616 0.37544024 0.5517824 0.6437443
11 0.0016445000000000001 0.875826 0.38052192 0.956643 0.46825150000000004
8 0.0015082175 0.083224714 0.3760162 0.46123108 0.8537956
3 0.0014767633 0.36714938 0.42079863 0.47546884 0.5519099000000001
13 0.0014220114999999999 0.051344354 0.37293327 0.44230637 0.6317376
2 0.0013848157 0.11239393 0.30596593 0.6312954000000001 0.61469996
13 0.0013175503 0.034035 0.38188604 0.09243919 0.43114808
5 0.0013046131 0.0 0.39926746 0.39532688 0.61645776
8 0.0011884505000000001 0.027192248 0.2261201 0.5056423 0.6517387
13 0.0010398439 0.89074683 0.3854342 0.9946190999999999 0.4449409000000001
8 0.001008572 0.12200718 0.27616936 0.69911665 0.7188978
8 0.0010071803 0.030180473 0.39813325 0.08365700000000001 0.4430215
13 0.0009946958 0.8994177 0.40263712 1.0 0.45805969999999996
5 0.0009874427 0.8416778 0.41134876 0.9646200999999999 0.45863469999999995
8 0.0009598348 0.09116147 0.3603146 0.29731783 0.51663214
5 0.0009585422999999999 0.026694851000000002 0.40697009999999995 0.57098913 0.6289914000000001
9 0.0009077441599999999 0.14684099 0.33669323 0.48419654 0.57684594
2 0.0009035122300000001 0.01982121 0.37541237 0.060764708 0.41627532
5 0.0008536625 0.010041864000000001 0.39553829999999995 0.05760346400000001 0.43095317
3 0.0008477226 0.101706006 0.37919575 0.40549108 0.5408881
9 0.0008413901699999999 0.21946712 0.36795774 0.60746974 0.6015576
7 0.0008403187400000001 0.009295363000000001 0.37549440000000006 0.054658967999999995 0.43048980000000003
9 0.00083240325 0.9166421 0.38706598 1.0 0.42912853
1 0.0007953961999999999 0.10438423 0.3938172 0.55560195 0.60493606
1 0.0007910097 0.013575074 0.38915473 0.053090505 0.42688558
13 0.0007578349000000001 0.20649213 0.3884552 0.5023221 0.5173134
5 0.0007381223 0.0 0.44434628 0.34784499999999996 0.66344446
3 0.0006942856 0.9063643 0.38799956 0.9963439000000001 0.43277654
1 0.0006815670599999999 0.0 0.37404037 0.32088706 0.5553737
10 0.0006813538 0.91592616 0.37377226 0.99117446 0.425088
7 0.000666484 0.0 0.27529696 0.6203132 0.6542551
1 0.00065595953 0.08005129 0.34557393 0.5329013000000001 0.5528068
11 0.0006437008 0.9308101999999999 0.37945650000000003 0.98533183 0.42995429999999996
5 0.0006270657 0.07043343 0.39574072 0.3265592 0.5237505
1 0.0006198042 0.057971913 0.41477066 0.30143875 0.52798253
1 0.00060243264 0.04129831 0.43092328 0.47032905 0.64670104
7 0.0005820449 0.91008353 0.37506998 1.0 0.43852952
13 0.000568911 0.8830068000000001 0.39623579999999997 0.9636819 0.4796515
12 0.0005656637 0.9040421000000001 0.37668183 1.0 0.43156186
1 0.000548674 0.90021515 0.39202932 0.9871260000000001 0.43095195
9 0.00054308015 0.02160151 0.3850054 0.05846514 0.4323108
5 0.0005429381 0.056008145 0.45568004 0.5192312 0.68338585
9 0.0005362933 0.06601948 0.3003263 0.35975868 0.58683664
5 0.0005225917 0.867166 0.40699616 0.9611306999999999 0.48647177
12 0.00050013827 0.11014179 0.24642871 0.6506874 0.5056015
9 0.00049997895 0.252252 0.33212600000000003 0.67910844 0.5678045999999999
1 0.0004997587 0.0 0.43289843 0.31683746 0.63149077
2 0.0004948652 0.0 0.32665807 0.5207275 0.6037584
9 0.00048774987 0.10901736 0.3551494 0.39540359999999997 0.6243825
1 0.0004633848 0.0 0.3120132 0.32477227 0.48764136
11 0.00046203415999999996 0.07710104400000001 0.21356021 0.34816328 0.6620489
11 0.0004379637 0.1443347 0.36422340000000003 0.31258628 0.54665524
11 0.00041983626 0.8969505999999999 0.34874594 0.9568627000000001 0.50149864
1 0.00041314756000000003 0.8567184000000001 0.416412 0.94848907 0.45757157
6 0.00041179958 0.008650198000000001 0.38307959999999996 0.067242436 0.42775157
6 0.0004107135 0.8454273000000001 0.40466149999999995 1.0 0.45692104
4 0.00040750207999999997 0.22825623 0.325919 0.6613988000000001 0.6294593
6 0.00040259043 0.03114399 0.43284620000000007 0.72775984 0.67622226
13 0.00039967135 0.050737962000000005 0.35065943 0.267075 0.54053557
11 0.0003906203 0.9356167999999999 0.38272990000000007 0.9943688 0.4623657
2 0.00038850604 0.18578927 0.21661237 0.64569986 0.5470765000000001
13 0.0003829161 0.029752146 0.40655088 0.08640461 0.4529567
8 0.00037190595 0.03207008 0.19964962 0.38615003 0.90119934
11 0.00036725818 0.20229988 0.24836625 0.53734183 0.63655066
4 0.00036058997000000005 0.9222753 0.3736603 1.0 0.43058290000000005
11 0.00035978397000000005 0.028423822 0.38082832 0.05006281 0.43228334
7 0.00035116407999999995 0.0 0.34678483 0.48786303 0.7210613
3 0.0003499342 0.073168695 0.3612459 0.24800897 0.501801
7 0.00034580714 0.84111357 0.39301732 0.9680356 0.47367632
8 0.0003451737 0.48620352 0.25143763 0.8239504000000001 0.78214324
7 0.00034000326 0.0 0.28836355 0.41345940000000003 0.66316855
10 0.00033459517999999996 0.027564663 0.37196088 0.05826295 0.43290782
13 0.000330975 0.014559196000000002 0.40461376 0.05022713 0.45390424
9 0.0003285262 0.8954867 0.38916690000000004 0.9799261 0.43046382
13 0.0003271957 0.87556374 0.38878742 0.95448464 0.43998909999999997
9 0.00032498155 0.2364923 0.43926844 0.6216651 0.6514837
2 0.0003211962 0.8740473 0.3956962 0.9794361999999999 0.44336942
12 0.00031350582000000003 0.012914111 0.37629384 0.05883299 0.41965812
5 0.00031056415 0.8906296999999999 0.41242707 0.9823303 0.49208050000000003
9 0.00030178335 0.87982374 0.40268758 0.963289 0.4565251
1 0.00030150675 0.037156496000000004 0.38845998 0.26116645 0.49333102
12 0.0002935172 0.3004613 0.39879593 0.5079657999999999 0.5159163
11 0.00029341459999999997 0.90477264 0.38406327 0.9592171999999999 0.43285212
6 0.00029340325 0.07498901 0.39133903 0.4056767 0.5084131
3 0.00029112233 0.16359939 0.36919978 0.48307340000000004 0.55244195
1 0.00027233872 0.87823987 0.39409027 0.9671499 0.43174195
4 0.000264776 0.32185882 0.34469268 0.48412392 0.5081242
5 0.00026443062000000003 0.8837236999999999 0.39626414 1.0 0.43523458
8 0.00026309214 0.6440216 0.46354717 0.91679287 0.8973888000000001
11 0.0002629398 0.9219279 0.35061517 0.9751591000000001 0.49457663
4 0.00026279208 0.9238181999999999 0.38479295 1.0 0.45983577
12 0.00026146095000000003 0.16459008 0.3934993 0.3779612 0.5254786
2 0.00025866262 0.054001312999999995 0.28752056 0.49801433 0.5137782999999999
2 0.0002571066 0.01682544 0.39975637 0.06278518599999999 0.4447549
10 0.0002567822 0.133605 0.39179134 0.3366013 0.5087462
8 0.00025565453999999997 0.05401241 0.3530263 0.23046455 0.50567573
1 0.00025485025 0.22191538 0.41400787 0.47187477 0.5238729999999999
9 0.00025454545 0.13704163 0.44059464 0.42024034 0.667284
6 0.00024801985 0.23781198 0.4068294 0.5769139 0.5416649
5 0.000237648 0.8987941999999999 0.41397104 1.0 0.4661095
9 0.00022244912 0.30785300000000004 0.40179342 0.49520048 0.51146203
6 0.0002220882 0.8926357 0.37347537 1.0 0.43303958
10 0.00021931755 0.92924106 0.38929087 1.0 0.44813427
3 0.00021309964 0.07424639 0.38541365 0.14261228 0.50401783
2 0.00021207027000000003 0.9215053 0.3668308 0.99952406 0.4284628
1 0.00021120941000000003 0.8587598 0.39306545 0.9457496999999999 0.42502764
11 0.00020938119 0.89332414 0.38088274 0.9400441999999999 0.42845532
1 0.00020897074 0.9155667 0.420121 0.9959969999999999 0.46148859999999997
9 0.00020509564 0.9302332 0.40487272 1.0 0.4487928
4 0.00019782146 0.022793099999999997 0.38411292 0.057768485999999994 0.42650655
2 0.00019393914 0.9152581 0.38665279999999996 0.9883360999999999 0.4546665
4 0.00019360268 0.111668296 0.31671056 0.6027415 0.5910668
7 0.00018929154999999999 0.8869158000000001 0.37453562 0.97768456 0.4408898
10 0.00018679626 0.36002198 0.18211904 0.7119043 0.6335645999999999
7 0.00018214517 0.027223812000000003 0.3817078 0.09593121 0.42927313
10 0.0001745356 0.86793435 0.4034472 0.9750373 0.4567129
1 0.00017068516 0.030745767 0.39576009999999995 0.08458519 0.42697158
11 0.0001699647 0.29372093 0.24916728 0.62972474 0.6389861
7 0.00016966223 0.9072754000000001 0.38706043 0.9986995999999999 0.46709895
12 0.00016890296000000003 0.017164439 0.21450165 0.43701187 0.48925146
1 0.00016592792000000002 0.8900005999999999 0.41692626 0.9702072 0.47459698
7 0.000165368 0.22914356 0.36780232 0.45234620000000003 0.5427069
6 0.00016355883999999999 0.0 0.34284225 0.6962161 0.6243593000000001
12 0.00016164678999999998 0.03520359 0.32412034 0.7151582 0.5737168
9 0.00016113804 0.9198543 0.39895559999999997 0.98287123 0.46807669999999996
12 0.00015979379999999998 0.8909855 0.37990656 0.96797305 0.42926140000000007
2 0.00015915777 0.8948863000000001 0.37617522 0.9762724 0.45282340000000004
10 0.00015821708 0.8921744 0.37909190000000004 0.9753759 0.42591408
10 0.00015758546999999998 0.28224057 0.3665532 0.4903429 0.5122665
2 0.00015667716999999998 0.038299933 0.37707755 0.10081875 0.42127538
5 0.00014689783000000002 0.009346844 0.41557744 0.04752722 0.46124214
11 0.00014314127 0.95129573 0.3527238 0.9974076999999999 0.47657695
7 0.00014107552 0.866038 0.37129116 0.9713591 0.5000696
10 0.00013568909 0.95319784 0.364517 1.0 0.46308679999999997
8 0.00013535912 0.50264513 0.26760066 0.8880133 0.9603723
3 0.0001325264 0.045057964000000006 0.37898272 0.102501765 0.42615664
3 0.00012879301999999999 0.39627399999999996 0.40899906 0.49855182 0.5155626
4 0.00012723819 0.9373159 0.36648107 0.9964953999999999 0.46721885
6 0.00012565542 0.0 0.35607406 0.5206814999999999 0.6029651999999999
9 0.000114543225 0.25235012 0.40525693 0.45157749999999997 0.5174797000000001
5 0.00011416278 0.8606110999999999 0.39620465 0.96314514 0.42759356
9 0.000113852424 0.8967261000000001 0.40331274 0.9896789 0.45432836
6 0.00011248479999999999 0.9003635 0.40061167 1.0 0.46088928
2 0.00011057735500000001 0.92707914 0.36688048 0.9931131999999999 0.46862754
12 0.00010788081 0.9201838 0.40123665 1.0 0.45202425
4 0.00010759616000000002 0.8705366 0.3995718 0.976656 0.46087837
9 0.000107589716 0.8991431999999999 0.39925679999999997 0.9591761999999999 0.47617584
12 0.000106613814 0.1413218 0.35858124 0.37516192 0.4950877
3 0.000105640116 0.8733273000000001 0.4042616 0.9581516999999999 0.44759384
13 0.00010455534 0.87758327 0.38866216 0.98625135 0.5153193
1 0.00010241764000000001 0.09792761 0.37881058 0.31123108 0.49861386
4 0.000100648096 0.26290968 0.35419104 0.44143477 0.5079097
10 9.868072000000001e-05 0.88749504 0.38695684 0.9567655 0.42261338
12 9.761956599999999e-05 0.8982213 0.38932434 0.9836441999999999 0.4639824000000001
3 9.665058e-05 0.09555296 0.30259806 0.5138212000000001 0.85124654
2 9.6301075e-05 0.9072443000000001 0.37052754 0.98720753 0.41965157
8 9.475597e-05 0.8519556999999999 0.36339244 1.0 0.47531947
8 9.112376e-05 0.62840694 0.6672766 0.9383029 0.915866
12 8.99656e-05 0.019705467 0.27951854 0.47612512 0.5417348000000001
9 8.788286e-05 0.9430622 0.4000548 1.0 0.46255353
10 8.723299000000001e-05 0.08506588 0.24491593 0.43382937 0.54468495
8 8.586530000000001e-05 0.37694207 0.22229490000000002 0.74015844 0.8342930000000001
7 8.570871e-05 0.083427414 0.37816128 0.30070794 0.52625334
3 8.2993945e-05 0.11581537 0.20935689999999998 0.50092626 0.621085
10 8.269543e-05 0.9075465 0.3841421 0.97591645 0.48420194
5 8.092712e-05 0.065903045 0.37067354 0.24054527 0.5713026999999999
9 7.9390375e-05 0.11243428 0.40463147 0.32248223 0.53919315
8 7.886883000000001e-05 0.47029456 0.15595119 0.7897227 0.65659016
13 7.883557e-05 0.07263277 0.28617309999999996 0.52173734 0.9721045
9 7.870486999999999e-05 0.04206031 0.38820645 0.104575366 0.4292391
3 7.769316999999999e-05 0.039276276 0.39527926 0.10028851 0.44458762
11 7.7535915e-05 0.02773372 0.3909336 0.05216674 0.46265
7 7.722246e-05 0.8727003000000001 0.38096556 0.9549924000000001 0.43608558
3 7.682119e-05 0.10827522 0.46584412 0.51646745 0.93751824
7 7.652138000000001e-05 0.004429941 0.40016568 0.05683925 0.46028274
4 7.596937e-05 0.9086204 0.37759304 0.9874833000000001 0.47570893
8 7.5819145e-05 0.05414168 0.38614976 0.24827045 0.53735906
8 7.493248e-05 0.36869815 0.44641033 0.44705559999999994 0.52344036
10 7.3452145e-05 0.9285304 0.36956885 0.9898584 0.47927734
5 7.273165e-05 0.8490424000000001 0.41879168 0.9752921 0.5157608
5 7.200715999999999e-05 0.16045955 0.41051980000000005 0.43856913 0.5312147
10 7.182966e-05 0.12253482 0.36668107 0.304061 0.47817767
10 7.168109e-05 0.120999925 0.28919998 0.49218926 0.62071186
8 7.0917195e-05 0.3757432 0.696932 0.8867581 0.92598796
11 6.999666e-05 0.90919167 0.31388372 1.0 0.5175999
9 6.951151999999999e-05 0.88506305 0.3869876 0.95328146 0.43335247
4 6.844151999999999e-05 0.120288305 0.37407297 0.36081246 0.5240683
3 6.7289126e-05 0.13679732 0.307679 0.577256 0.6587548000000001
10 6.722085999999999e-05 0.047575217 0.37511957 0.10091664 0.43140826
6 6.693718000000001e-05 0.8682139000000001 0.38456908 0.9849601 0.42602304
13 6.63084e-05 0.046078738 0.40374732 0.3358667 0.5352602
12 6.500064e-05 0.035080900000000005 0.38141182 0.09675585 0.42120263
8 6.383283499999999e-05 0.41910803 0.4262879 0.8098422 0.90397197
10 6.356464e-05 0.28852716 0.27544186 0.7288265 0.71290594
8 6.314993499999999e-05 0.06141428 0.3015075 0.33242828 0.5665715
3 6.0890554000000004e-05 0.059888082999999995 0.34338436 0.2317263 0.44456133
8 5.9427523e-05 0.06346821 0.6838923000000001 0.47423820000000005 0.9387082
1 5.9312547999999996e-05 0.030792551 0.35509998 0.22397521 0.5074236
11 5.8383477000000005e-05 0.20005193 0.36290982 0.3541192 0.5301090999999999
2 5.8158323e-05 0.028315417000000002 0.40110394 0.10015757 0.44589666
3 5.7102759999999995e-05 0.050933957 0.36326513 0.18812469 0.47507545
1 5.6344345999999994e-05 0.8442586 0.38577336 0.9731414 0.47326809999999997
8 5.4856195e-05 0.020737799999999997 0.3568907 0.16348432 0.48736660000000004
9 5.3950749999999995e-05 0.89929175 0.39793506 0.98823494 0.49921927
6 5.389923000000001e-05 0.0 0.2816648 0.52013004 0.52885014
13 5.3198353e-05 0.052873325 0.10353165 0.48254302 0.8421850000000001
8 5.2932937000000004e-05 0.042333458 0.43136507 0.2540836 0.9390669
3 5.245923000000001e-05 0.44658872 0.29892525 0.9005931999999999 0.93807286
8 5.2311287e-05 0.068014756 0.40604863 0.13035925 0.50058484
5 5.1452815e-05 0.11176537 0.3902364 0.28885037 0.5703741
4 4.8723869999999994e-05 0.05277605 0.3886563 0.09704094 0.43119895
2 4.7927700000000005e-05 0.12938982 0.36480272 0.346648 0.47770151
1 4.755223e-05 0.10738495 0.38621047 0.2841364 0.55201733
6 4.7208767e-05 0.023488931 0.3901651 0.113649406 0.42616153
13 4.6940957e-05 0.39428157 0.13080630000000001 0.9152796999999999 0.74463594
4 4.6135195999999994e-05 0.07770925 0.39470142 0.45212209999999997 0.6688135999999999
1 4.5012016999999995e-05 0.012954385 0.41452440000000007 0.052564353 0.4496692
11 4.4118933e-05 0.31844535 0.37373662 0.45326117 0.50720423
10 4.3706965e-05 0.15004827 0.3254344 0.5812208999999999 0.6957297
8 4.3668761999999994e-05 0.19245122 0.39948785 0.43623954 0.5376109
6 4.3666976e-05 0.011052201000000001 0.41826868 0.069969654 0.452524
8 4.328005e-05 0.87084633 0.3884632 0.9380527 0.44966090000000003
5 4.290224e-05 0.019329052 0.39624003 0.09864273 0.42592117
13 4.2443902e-05 0.0 0.18531784 0.7316252 0.8370066999999999
13 4.0636131999999996e-05 0.004934463 0.39874783 0.2300219 0.52538013
1 4.0235802e-05 0.14252363 0.40875759999999994 0.3811395 0.5195532
3 3.9660545999999997e-05 0.16385229999999998 0.34712484 0.83406913 0.7467736999999999
2 3.938807e-05 0.8822121999999999 0.35168740000000004 1.0 0.4768501
13 3.862447e-05 0.36522059999999995 0.44265193 0.46830377 0.52841383
11 3.8004575e-05 0.28842157 0.37331247 0.42074847 0.5149411
9 3.7889324e-05 0.17015883 0.40647313 0.3720156 0.5378089
6 3.7528745e-05 0.8794045 0.39862722 1.0 0.48283663
7 3.7399364e-05 0.8313708000000001 0.35495916 1.0 0.53581226
2 3.6709127e-05 0.2525184 0.3620758 0.45426289999999997 0.52760315
10 3.645984e-05 0.03025674 0.40205294 0.06514392 0.46302328
8 3.5592493e-05 0.02350953 0.34587643 0.20202373 0.45794693
13 3.2616479999999994e-05 0.2953436 0.14259313 0.7620769000000001 1.0
2 3.252188e-05 0.035667323 0.23280269 0.49409246 0.44216675
3 3.203410999999999e-05 0.053576335 0.7196694 0.5774583000000001 0.97135
7 3.1705043999999996e-05 0.01591675 0.404339 0.092628956 0.45619842
13 3.1488707e-05 0.53973633 0.07977509 0.9539033000000001 0.9556779000000001
9 3.1207885e-05 0.067179136 0.37950617 0.31744279999999997 0.6645396
5 3.0884006e-05 0.037605207 0.39917338 0.19761392 0.6021959
13 3.0840045e-05 0.03979411 0.37262022 0.20643543 0.54819447
10 3.0622083e-05 0.13572593 0.31207657 0.24779144 0.5108109000000001
3 3.0614967e-05 0.27752003 0.28168407 0.79027426 0.94932336
8 3.0225347000000002e-05 0.07116997 0.11822579 0.38479709999999995 0.6553667
8 2.9530114e-05 0.17498977 0.1751336 0.5705328000000001 0.8275783999999999
11 2.9048209999999998e-05 0.15806104 0.14239570000000001 0.35887670000000005 0.7879663
3 2.8590686000000002e-05 0.08005801 0.35381886 0.16888335 0.43618587
8 2.8493652000000003e-05 0.07607876 0.3448349 0.34046105 0.48490542
12 2.8201138999999997e-05 0.847046 0.35852847 1.0 0.46699464
12 2.7938251e-05 0.23558538 0.39763909999999997 0.43996933 0.5225224
5 2.7923934e-05 0.052685067 0.608809 0.40818915 1.0
5 2.7585656e-05 0.0 0.43514684 0.43891090000000005 0.7973611999999999
2 2.7585007e-05 0.89548695 0.37605274 0.97306556 0.41301563
1 2.7211949e-05 0.06992446 0.38378578 0.24045439999999998 0.54201955
13 2.5752845e-05 0.059201248 0.33986592 0.29861566 0.48755550000000003
3 2.505163e-05 0.08695856 0.3486 0.1534915 0.49235272
8 2.4770641000000002e-05 0.35908186 0.14363036 0.7010270000000001 0.65808004
5 2.4296758e-05 0.0 0.43418565 0.72444123 0.7435457
5 2.4282917e-05 0.043360174 0.45378003 0.5095533 0.9476995999999999
6 2.3580949999999997e-05 0.13764961 0.40097356 0.49095863 0.5165192
8 2.292242e-05 0.32122427 0.381861 0.68502927 0.8471033000000001
12 2.2777136e-05 0.13004315 0.32420748 0.31238216 0.5039942
4 2.2493197e-05 0.100173965 0.29773992 0.46239898 0.5308311
13 2.2446678000000003e-05 0.3477893 0.48360159999999996 0.44228896 0.5297459
11 2.2442357000000003e-05 0.05522701 0.38631108 0.088340566 0.42820263
10 2.2185617000000003e-05 0.19545142 0.34911808 0.31813607 0.5390911
3 2.2118074e-05 0.37564558 0.4650647 0.45147026 0.54485047
3 2.1758618e-05 0.10477947 0.35358793 0.19094065 0.39201114
3 2.1681806000000003e-05 0.64665985 0.49814034 0.96273893 0.9837476
1 2.0772082e-05 0.027720336 0.41904327 0.089614965 0.45186198
1 2.0671302999999998e-05 0.023365403 0.3772531 0.18879210000000002 0.5342899
11 2.0527703e-05 0.18395588 0.3382153 0.3261091 0.49304765
4 2.0303389e-05 0.018232947 0.40447047 0.05401307 0.44952053
8 1.9809286e-05 0.06654865 0.44539297 0.13138944 0.5053416000000001
8 1.8879984e-05 0.12933078 0.21037394 0.3624757 0.63572407
8 1.8761744e-05 0.1367244 0.39290890000000006 0.34249172 0.559032
13 1.8727222e-05 0.064656615 0.42014304 0.14073354 0.49905407
4 1.8606584000000002e-05 0.88693076 0.38246378 0.9718928 0.42509374
9 1.857015e-05 0.15830001 0.30378604 0.8265205 0.9244045
8 1.8545643e-05 0.094236106 0.32209814 0.23315684 0.5541305000000001
