3 0.96629894 0.44544423 0.32276043 0.58386695 0.40236518
3 0.9570119 0.669475 0.32721722 0.77662796 0.3867667
3 0.7869006 0.19263935 0.34996456 0.26310354 0.41133383
8 0.36502597 0.25868317 0.33770424 0.33572558 0.399394
8 0.2107371 0.18728381 0.3437305 0.27000695 0.41665614
8 0.11311766 0.025191955 0.8395609 0.19611073 0.98909754
8 0.09440524 0.18343851 0.35090983 0.25572556 0.40407540000000003
8 0.08871982 0.45028379999999996 0.3045886 0.6017672 0.4111965
3 0.0627043 0.27072713 0.33941868 0.3329399 0.39911544
8 0.057683423 0.7207998999999999 0.18030079999999998 0.7693715999999999 0.22038318
8 0.041959617000000005 0.66149324 0.31500268 0.77905077 0.38039252
8 0.029475816000000002 0.5996343000000001 0.14075558 0.66591847 0.18678617
3 0.028042523 0.73206747 0.17991117 0.7647191 0.22270863
13 0.021582874 0.7194434000000001 0.18144046 0.7724177 0.21596047
8 0.016535154 0.012403741499999999 0.7685118000000001 0.1838206 0.98774385
8 0.012139822 0.034495622000000004 0.87536144 0.17364624 0.99557745
3 0.009670393000000001 0.21045487 0.34246588 0.26907888 0.40818283
8 0.009042894000000001 0.013635784 0.7966579 0.26537284 0.9769188
8 0.005868655 0.18500589 0.36028459999999995 0.24004154 0.41050085
8 0.005311748000000001 0.26350108 0.3540052 0.32975224 0.40667522
8 0.004379995 0.46087772 0.32394886 0.56072384 0.405557
13 0.003912059 0.19471247 0.34422868 0.271864 0.40936490000000003
3 0.0036481853999999997 0.18964408 0.36638075 0.24342276 0.41008583
3 0.0029255545 0.055519186 0.85697365 0.24027243 0.98461896
2 0.0029162822999999997 0.7207697 0.17095055 0.7849210999999999 0.22332521
9 0.0021851184 0.46914163 0.30239064 0.58841956 0.4258228
13 0.0021116456 0.19444945 0.36638996 0.27598774 0.4241549
3 0.002013861 0.5982958 0.14301345 0.6776949000000001 0.18964548
13 0.0016883001999999999 0.45027727 0.32802513 0.59580725 0.46160528
13 0.0016462745 0.44810107 0.33625665 0.5482823 0.4083206
13 0.00135134 0.6883403 0.32088488 0.7746049 0.38328236
11 0.0013135837 0.47173947 0.25064313 0.6003172 0.44823
9 0.0012815666 0.20831518 0.34570372 0.2881158 0.39446297
12 0.0012683286 0.19845553 0.33857757 0.28638774 0.39608866
13 0.0012415794 0.65958107 0.34202185 0.7430649 0.39581859999999996
13 0.0012225497 0.25659227 0.34133768 0.3202005 0.39376880000000003
13 0.0011753128999999998 0.015995561999999998 0.8531905999999999 0.22583304 0.96768045
13 0.0011732467 0.46562466 0.34378362 0.5868175999999999 0.40685076
7 0.0011513701 0.20337209 0.33097655 0.28345403 0.40575229999999995
5 0.0011396979 0.40596732 0.3457051 0.58793783 0.456275
8 0.0011056097 0.043148898 0.30864614 0.24513847 0.9010206000000001
1 0.0010898635000000001 0.20125301 0.3522708 0.26779798 0.39659720000000004
13 0.0010836234 0.1813145 0.37036696 0.24940956 0.4151648
9 0.0010394739 0.7130384 0.31484982 0.78423935 0.36492407
11 0.001036083 0.20678522 0.34515285 0.2665532 0.43458092
1 0.0009770185 0.41234404 0.29928535 0.5657456999999999 0.39135125
10 0.00096903037 0.21461669 0.32802358 0.27434644 0.38699156
11 0.0009565136 0.20622079 0.34094188 0.25232762 0.39647594
2 0.0009536966699999999 0.27267709999999995 0.33605100000000004 0.33757958 0.38037872
13 0.0009349355000000001 0.6683149 0.32061678 0.7505545 0.38596123
11 0.0009144808 0.19579771 0.35002285 0.24709126 0.43495855
7 0.00088338024 0.37815654 0.28552985 0.6137139 0.48292157
11 0.0008662512400000001 0.6829896 0.30416575 0.73837435 0.36782217
9 0.0008661723699999999 0.18957879 0.34883672 0.24551927 0.39360356
13 0.00085843314 0.6876198 0.340681 0.7832018 0.39823282
9 0.0008545627 0.68771833 0.3169688 0.7633272 0.36914504
11 0.00083962636 0.19725946 0.34112343 0.23520818 0.39411240000000003
13 0.0008095979 0.20220648 0.36158654 0.26023537 0.44743985
1 0.00079845596 0.17350546 0.35353029999999996 0.23629975 0.39012226
11 0.00075127394 0.22571589 0.3315714 0.27644873 0.39510337
5 0.00074520643 0.1753293 0.37902653 0.24673069 0.45210296
1 0.0007369992 0.6566909000000001 0.32638115 0.7402846 0.36957955
2 0.0007307527 0.21545045 0.33102295 0.28459558 0.38971326
13 0.0007252386400000001 0.18049699 0.34935609 0.24448961 0.40411505
12 0.00072186353 0.7163029000000001 0.16861881 0.7877692 0.20775254
9 0.00071844575 0.73325825 0.1799046 0.77995324 0.22357987
12 0.00071015966 0.6853213 0.3093652 0.7700847 0.37356514
3 0.0006998059700000001 0.26832762 0.35919306 0.33471563 0.40856078
8 0.0006909733 0.625491 0.31594846 0.6694001 0.36090106
4 0.0006710434 0.22180809 0.3311752 0.2823182 0.40006042
12 0.0006499028 0.39816695 0.26120612 0.6117665 0.39136595
4 0.00064082333 0.20521487 0.33675146 0.26892608 0.3984994
11 0.0006337354 0.22442232 0.343107 0.28720359999999995 0.43309438
12 0.0006331685 0.18777783 0.34180176 0.25535995 0.39303207
5 0.0006255173999999999 0.16156822 0.37699099999999997 0.274907 0.42930222
5 0.000623882 0.6532915 0.32617128 0.76226777 0.3694315
8 0.0006233173000000001 0.0079483 0.86910534 0.06267996 0.9976659999999999
5 0.00062296353 0.16290039 0.35963297 0.25468433 0.39149347
8 0.0006205119 0.20972848 0.29875612 0.3587517 0.4300429
8 0.0006134703 0.42214757 0.23236700000000002 0.6848765 0.8255135
10 0.00061341305 0.71262026 0.29656073 0.7743679 0.35911122
11 0.00061017805 0.45609355 0.32676423 0.52143234 0.39968094
8 0.0006080369 0.063741475 0.40201667 0.33405959999999996 0.9059594000000001
11 0.00060620694 0.7035485 0.3023991 0.75676996 0.36668540000000005
1 0.00060232973 0.40764016 0.3207016 0.57135874 0.42877084
8 0.00059598504 0.060701087 0.59628147 0.36232322 0.95622575
9 0.0005793137 0.21672885 0.34162158 0.2679688 0.4112761
2 0.00055819 0.4450552 0.27742845 0.6477223000000001 0.41279499999999997
1 0.0005543084700000001 0.18670523 0.35461718 0.2534632 0.398323
8 0.00054714974 0.28938872 0.34485656 0.35138969999999997 0.39563754
11 0.0005459345400000001 0.27328247 0.34119937 0.31570690000000007 0.39996594
1 0.0005343419999999999 0.6949209 0.32261547 0.7720568 0.36724895
7 0.0005253485 0.70811546 0.16619755 0.7760714 0.2308748
11 0.0005228885 0.724263 0.30104348 0.77064484 0.36429378
11 0.0005225764 0.67103916 0.30970937 0.73341566 0.4046788
2 0.00052241056 0.2046957 0.35499840000000005 0.28798609999999997 0.41296798
9 0.000509921 0.20006502 0.34881732 0.24607736 0.41605613
11 0.0005078211499999999 0.20527314 0.31007075 0.25149542 0.46562886
13 0.00050731574 0.45811397 0.30365494 0.6270204 0.44481838
7 0.0005070606 0.18873787 0.35520050000000003 0.28665912 0.43257317
8 0.0005061881 0.010064401 0.89328027 0.08365202 0.9991228999999999
10 0.0005004805 0.69216645 0.29991797 0.76058805 0.36155149999999997
6 0.0004978783 0.17862019 0.3360023 0.30218822 0.39672273
1 0.0004939524 0.7163909 0.18629864 0.76470643 0.21527506
10 0.00049203425 0.19202602 0.33389696 0.25716722 0.38662440000000003
8 0.0004916342 0.022676874 0.89632547 0.13530092 0.99775565
1 0.0004873675 0.25207072 0.35133990000000004 0.3159594 0.38892403
5 0.00047836217000000005 0.18130885 0.3554402 0.29724914 0.40269026
8 0.00046811309999999996 0.039870203 0.70936567 0.33252059999999994 0.9744368
10 0.00046733592000000005 0.27025509999999997 0.34268000000000004 0.33019096 0.3850083
13 0.00046458087 0.0 0.8242891999999999 0.27295208 0.9711255999999999
4 0.00045902497 0.19991118 0.35444307 0.27281684 0.43192154
9 0.0004577378 0.5044853 0.33414823 0.58805746 0.38765886
10 0.00044706117 0.21597550000000001 0.3497833 0.28727344 0.41827732
12 0.00044045644 0.19945018 0.327844 0.26788095 0.41145316
11 0.00043877354000000006 0.2240962 0.30156740000000004 0.26715285 0.41845295
1 0.00042843266 0.43189543 0.35400149999999997 0.524934 0.40096885
1 0.00042127379999999995 0.48611104 0.34783205 0.58307576 0.39954429999999996
9 0.00041248639999999997 0.26887324 0.34815946 0.32877162 0.39365846
7 0.00040526022000000005 0.47918734 0.31663707 0.5703479 0.41917503
10 0.0004047288 0.6758874 0.31085286 0.74650353 0.36001927
5 0.00040277762999999997 0.42731807 0.3337706 0.5549729999999999 0.39550897
9 0.00039929876 0.20036092 0.36621309999999996 0.2740292 0.41875795
11 0.00039491442 0.7361751 0.17421696 0.76713115 0.2281989
13 0.00039017596 0.21268846 0.3364748 0.2726372 0.43232542
5 0.00038862668 0.65110624 0.34633338 0.759943 0.39880112
12 0.00038167415000000003 0.5041349 0.33959213 0.5864805999999999 0.39898035
5 0.00038049294 0.69787276 0.18683094 0.77014995 0.21883889
9 0.0003739255 0.6697276 0.3167813 0.74516493 0.37157425
3 0.00037375839999999994 0.66341984 0.31466952 0.7514831999999999 0.3797078
13 0.00037219019999999996 0.19266751 0.34862044 0.24857739 0.43171459999999995
6 0.0003708735 0.7189696999999999 0.18818904 0.78110504 0.22401614
8 0.00036177953 0.02715499 0.15534589999999998 0.19190082 0.90768117
3 0.0003603376 0.040038912999999995 0.79229087 0.21241799 0.985675
2 0.00035698910000000003 0.19784752 0.33894640000000004 0.2586209 0.3785138
9 0.0003556889 0.20256941 0.36895463 0.24630888 0.43904722
8 0.00035381379999999997 0.13200949 0.2809134 0.41845894 0.8959063
7 0.00035235733999999997 0.16946967 0.36153573 0.25197834 0.42992046
6 0.0003519809 0.17344539 0.34285656 0.26857020000000004 0.39291662
5 0.00034363987 0.23354109 0.35432768 0.33390075 0.3871819
8 0.00034269742999999995 0.21175349 0.35612849999999996 0.50009066 0.8997755
4 0.0003415825 0.71218693 0.29572764 0.7843806999999999 0.36643362
8 0.00034125233999999995 0.061334415999999996 0.69048136 0.4666612 0.95754904
5 0.0003378492 0.44476038 0.34584662 0.64229804 0.46243019999999996
3 0.00033288146 0.48505765 0.30900994 0.5837956 0.37204722
13 0.0003264318 0.7014805000000001 0.1833681 0.7596363 0.2146342
12 0.00032206283999999997 0.26819244 0.3381417 0.33963993 0.38934633
7 0.0003215124 0.18264815 0.3369969 0.2440359 0.40385666
8 0.0003208633 0.6190157 0.14063482 0.68218076 0.18464084
2 0.00032047066 0.19909015 0.34347150000000004 0.26266209999999995 0.42089579
5 0.00031385064 0.17965233 0.36157143 0.25857043 0.42794764
8 0.00031020746 0.6820123 0.18356055 0.9034581 0.7371166
6 0.00030844742999999996 0.24980646 0.34457216 0.35117990000000004 0.39021668
4 0.0003082481 0.5013873 0.30622303 0.5893956 0.39303857
6 0.00030699294 0.17887923 0.3643183 0.28864086 0.42700136
8 0.00030415522999999997 0.37506878 0.17682764 0.7536427 0.7086455
8 0.00029981192000000004 0.62890816 0.24217515 0.9129298 0.85559934
1 0.00029913906 0.20253168 0.3779254 0.2732864 0.42525795
3 0.00029668049999999997 0.29570904 0.34579402 0.35747477 0.38883029999999996
10 0.00029570927 0.18810162 0.36529517 0.25597486 0.4185191
3 0.00029304205 0.026990822999999997 0.9115328000000001 0.17490014 0.9917198
7 0.00028958588 0.6775406999999999 0.30217335 0.76412696 0.38476434
10 0.0002864054 0.22339177 0.29982024 0.26749086 0.41015240000000003
12 0.000284798 0.47709495 0.33149153 0.55262536 0.3990155
4 0.00028373119999999997 0.48127759999999997 0.28303424 0.63458455 0.41189367
11 0.00028356147 0.51314306 0.32055342 0.5669575 0.39218286
4 0.00028029643 0.19534977 0.34341532 0.24927567 0.39376223
7 0.00028010868 0.20097166 0.31538177 0.26892275 0.44116765
10 0.00027926115 0.19192855 0.35475773 0.2760732 0.42035624
5 0.0002766127 0.19044851 0.37861735 0.26405784 0.45970142
8 0.00027592892999999996 0.6288358000000001 0.27881074 0.80022573 0.40994188
8 0.00027347917999999996 0.5488871999999999 0.39804003 0.8317645 0.8944549999999999
11 0.00026976116 0.7232025 0.31338626 0.77769345 0.40054107
4 0.00026444087000000006 0.70968306 0.31387398 0.7846209 0.39650100000000005
8 0.00025912854 0.028314807 0.6034536 0.23288694 0.9886948
7 0.0002583043 0.43806577 0.32390165 0.5258440999999999 0.4170824000000001
3 0.00025778080000000004 0.014037598 0.9296168 0.08827874 0.99156994
13 0.00025689605 0.6077831 0.14710885 0.6691358000000001 0.18637106
1 0.00024718740000000003 0.18179469 0.37445924 0.24062584 0.44003640000000005
3 0.00024672062000000004 0.01866242 0.9100882 0.10584423 0.98908454
10 0.00023721636000000003 0.49920678 0.31038499999999997 0.5766081999999999 0.39060366
7 0.00023153472 0.17252916 0.34290993 0.26198477 0.4662646
8 0.00023058693 0.011605481 0.9162994000000001 0.06690979 0.9947725000000001
3 0.00022977352999999998 0.6295858 0.3217978 0.6671745 0.35711616
11 0.00022956346000000002 0.49323818 0.3211861 0.5505800999999999 0.39799744
12 0.00022729821 0.19794975 0.36424854 0.30321273 0.41507024
2 0.00022593213 0.184151 0.36314726 0.26124918 0.40581468
9 0.0002179763 0.48819995 0.31824583 0.64345205 0.43068707
1 0.00021327332 0.17662682 0.37790346 0.23940118 0.41879335
11 0.00021250978 0.5155605999999999 0.24634418 0.64879644 0.44112036
8 0.0002108379 0.2551149 0.34636828 0.31085938 0.40884468
9 0.00020895734 0.48166463 0.33459628 0.5681437 0.39223779999999997
5 0.00020803376 0.46151808 0.34276468 0.6050273 0.40809354
4 0.00020759706000000002 0.22028112 0.31890333 0.2717985 0.42005795
8 0.00020236096000000002 0.05958627 0.1951954 0.31113172 0.7976397
7 0.00020196036 0.25843979999999994 0.3377117 0.32810643 0.3988534
1 0.00020126894 0.44331434 0.32379016 0.61063623 0.43261819999999995
9 0.0001978177 0.71417725 0.3388705 0.7885052 0.38681942
5 0.0001949424 0.6792406 0.34785026 0.7952796 0.40365803
1 0.00019369445 0.64657116 0.35100105 0.72077346 0.39223573
5 0.00019357254000000002 0.6820489000000001 0.328015 0.7959496 0.37748814
4 0.00019162881999999998 0.27152726 0.34354708 0.33017787 0.39735970000000004
6 0.00019124884 0.43343347 0.33779109999999996 0.56339854 0.39740149999999996
5 0.00018929547999999998 0.38512585 0.36601904 0.55416536 0.47938204
9 0.0001886175 0.19215874 0.37045079999999997 0.25305486 0.41744557
13 0.00018745758000000002 0.45185906 0.31975222 0.5292029 0.41933033
10 0.00018658316000000002 0.7357814 0.16379806 0.7854262 0.22398397
10 0.00018060726999999998 0.20317991 0.31338638 0.25260913 0.41014344
3 0.00017906936000000001 0.6961725999999999 0.31743273 0.7906568 0.36704662
8 0.00017887881999999997 0.6572298000000001 0.06486972 0.89256907 0.31581440000000005
1 0.00017856479 0.20128031 0.37431243 0.25843835 0.44138676
7 0.00017813435000000002 0.68521076 0.32105225 0.782134 0.40723464
6 0.00017808349 0.6579305999999999 0.30674666 0.77556884 0.36979312
4 0.00017771148 0.1884564 0.3631212 0.25069255 0.42256859999999996
6 0.00017769706000000002 0.6836488000000001 0.30471742 0.8003615 0.37361777
9 0.00017745304 0.6774619000000001 0.33864173 0.7492576 0.39456907
10 0.00017226228 0.46669972 0.23664364 0.6100044 0.44230506
3 0.00016462653000000002 0.046915144000000006 0.810095 0.31941512 0.96787465
7 0.00016114719999999998 0.6492749 0.32424593 0.7583454000000001 0.41410723
1 0.00015962835 0.69772387 0.35188553 0.772872 0.39709297
8 0.00015953861 0.7578811 0.056441624 0.91680557 0.44840837
10 0.00015837196000000002 0.29923806 0.3437053 0.34498796 0.3809262
8 0.00015275618 0.045587808 0.2017875 0.45525566 0.6984459
9 0.00015163908000000002 0.21814111 0.36468112 0.2674293 0.43414822
2 0.00014539 0.4182585 0.30895254 0.64574033 0.43904709999999997
4 0.00014511844 0.21475732 0.34323305 0.26745203 0.4455633
10 0.00014386383 0.7111306 0.32037315 0.78384936 0.3898998
4 0.00014282206 0.5191855 0.30288061 0.6614471 0.45425814
12 0.00013917563999999997 0.7061002 0.33782187 0.78842354 0.3896608
8 0.00013873023 0.67003906 0.30780864 0.74209654 0.38608962
10 0.00013704675 0.22865972 0.32189605 0.27601245 0.44643098
13 0.00013638492 0.24498677 0.3489354 0.306773 0.3951893
8 0.00013575735 0.51170576 0.16075267 0.80692077 0.78455377
6 0.00013545228 0.47356048 0.33347252 0.60540813 0.40558535
10 0.00013330151000000003 0.44244859999999997 0.33900353 0.5392438 0.39067426
9 0.0001326231 0.05833754 0.87456983 0.21623582 0.98562884
13 0.00013145628 0.67148817 0.3256362 0.738737 0.41355753
4 0.00013015258999999997 0.73273176 0.18489479 0.7775529 0.21815516
2 0.00013006111999999998 0.71049416 0.29158035 0.78001463 0.37128478
13 0.0001253331 0.0021734014000000003 0.7665038000000001 0.19264063 0.9737906999999999
5 0.00012492444 0.66113484 0.33788538 0.7290313 0.4205412
12 0.00012430083 0.42662466 0.28006977 0.67134035 0.41539127
12 0.00012370555 0.20217676 0.355286 0.27539504 0.42911175
8 0.00012191819 0.32509515 0.29280806 0.60318136 0.85801864
1 0.00012184368999999999 0.6587165 0.35453194 0.7368304 0.39976427
11 0.00012052116000000002 0.092164636 0.8452818999999999 0.19145614 1.0
2 0.00011931061000000001 0.6859741 0.29870840000000004 0.76479566 0.35264137
2 0.0001190908 0.69677085 0.32163382 0.77762467 0.3887015
3 0.00011783167400000001 0.65895283 0.31638134 0.80496323 0.39608756
3 0.00011736296999999999 0.5187746 0.4202759 0.88144267 0.93438154
8 0.00011641165499999999 0.4899674 0.35280663 0.77182096 0.86346817
6 0.00011350822 0.6518465999999999 0.3359393 0.7887364 0.40160823
8 0.00011299948999999999 0.6063797 0.18237078 0.83039325 0.7120781
4 0.00011162124 0.67587763 0.3058953 0.7623536999999999 0.3679691
2 0.00011084492000000001 0.28974593 0.33433622 0.3493982 0.3858282
2 0.00011042801600000001 0.21429589999999998 0.30974954 0.270783 0.4009509
6 0.00010961871000000002 0.38786066 0.31532598 0.63059664 0.44890207
1 0.00010603541000000001 0.6451906 0.32538602 0.72107196 0.36421528
9 0.000105405335 0.45248714 0.34802306 0.57395184 0.45763272
13 0.00010457956 0.4785388 0.33048454 0.5665713000000001 0.4164516
13 0.00010425745 0.17709962 0.37589747 0.22738686 0.41476628
3 0.00010422309000000001 0.44563204 0.31480846 0.5310326 0.3895388
13 0.000102753256 0.3900116 0.14932472 0.74236745 1.0
8 0.00010257622999999999 0.028220922000000002 0.12327392400000001 0.26784647 0.6726856999999999
3 0.00010181963 0.45946556 0.30174829999999997 0.5646784 0.3867443
10 0.00010085393 0.08985897 0.83813864 0.23252293 0.98679394
2 0.000100534424 0.67345476 0.32444048 0.765885 0.38050959999999995
10 9.904011000000001e-05 0.20820023 0.33300546 0.2631022 0.4516887
2 9.8464436e-05 0.48345727 0.32157275 0.5761232 0.40149915
8 9.531328000000002e-05 0.50126755 0.12007280000000001 0.7246094 0.66891795
10 9.459127000000001e-05 0.6657991999999999 0.33689640000000004 0.74553233 0.39130625
6 9.458908999999999e-05 0.19145101 0.36928338 0.28529920000000003 0.44991875
3 9.426339e-05 0.01346118 0.88989216 0.07859378 0.9979544
3 9.326034e-05 0.017951823999999998 0.9460953000000001 0.112095945 0.9893837999999999
11 9.0688074e-05 0.05751073 0.8144539000000001 0.15306535 1.0
8 8.737994e-05 0.010221864 0.9178350000000001 0.040001012 0.9786686
8 8.680993e-05 0.66008925 0.1438723 0.71467924 0.1840463
8 8.611963e-05 0.15322079 0.15310551 0.6274008000000001 0.6940093
12 8.515853000000001e-05 0.2853365 0.3451249 0.35197204 0.38887635
13 8.452998999999999e-05 0.5979463 0.0 0.9638466999999998 0.3167046
13 8.252385e-05 0.60949785 0.0 0.9523267 0.7265563
1 8.207521e-05 0.26668948 0.34976646 0.33269978 0.3874131
13 7.8297584e-05 0.6896665 0.0 0.95232713 0.4563213
8 7.689265e-05 0.28424165 0.42227817 0.56222093 0.8960563
9 7.534028e-05 0.44512048 0.32974064 0.5290243 0.3974827
5 7.473857e-05 0.0 0.9061469999999999 0.19369891 0.9947396000000001
9 7.399441e-05 0.033973016 0.82853156 0.22441763 1.0
11 7.382687e-05 0.29608947 0.34178203 0.33691984 0.39587727
8 7.238388000000001e-05 0.023950852 0.08858324 0.1749461 0.64064527
4 7.231367599999999e-05 0.67123604 0.32550490000000004 0.766016 0.39907148
3 7.217469e-05 0.013683677 0.91903055 0.051215447000000004 0.9774334000000001
12 7.206898e-05 0.6704918000000001 0.30926174 0.74099016 0.36703512
12 7.148982e-05 0.19472314 0.3633622 0.26717764 0.41171494
13 7.06954e-05 0.18378352 0.2753762 0.54367465 1.0
7 6.9448746e-05 0.44146776 0.26754412 0.63571095 0.44546959999999997
11 6.870612e-05 0.6868445 0.26658790000000004 0.7343684 0.4331429
9 6.820802e-05 0.2889753 0.3526719 0.34902936 0.39130586
8 6.806646e-05 0.64384466 0.14102261 0.6999095999999999 0.18634486
2 6.726135e-05 0.017007254 0.8423129999999999 0.22637737 0.9911366
10 6.675016e-05 0.52779317 0.24605538 0.6535108000000001 0.44692883
