3 0.9988939 0.62575 0.38528723 0.8939155999999999 0.5211408
3 0.9964018 0.021572419 0.34628555 0.38474342 0.5585107
8 0.14670345 0.0 0.33173850000000005 0.38841185 0.5667203000000001
8 0.012399573 0.04207358 0.3158935 0.31733084 0.5907019
8 0.009842423000000001 0.61702085 0.36671390000000004 0.8782588 0.52769053
13 0.004956478 0.68730307 0.43666974 0.9309348 0.554434
8 0.0046956920000000004 0.002349491 0.22066246 0.37399063 0.81029725
3 0.0041459687 0.26116356 0.42950878 0.40372595 0.5416641
13 0.0038535709999999996 0.6050095 0.43952832 0.8241790999999999 0.55945456
13 0.0027499432 0.07678575 0.3666547 0.5189684 0.6755079
13 0.0015422624 0.025743103 0.35273119999999997 0.2694959 0.6632712
13 0.0014163757000000001 0.6497358 0.4014815 0.8807494 0.53495544
9 0.0012604197999999999 0.082639046 0.34274054 0.474904 0.5828436
9 0.001153386 0.7053479 0.38052428 0.91253185 0.49532792
13 0.0011431255 0.08327798 0.39611506 0.35430908 0.53262216
8 0.001079052 0.056080855 0.32169770000000003 0.47006628 0.63009566
7 0.0007593283 0.0 0.24147706 0.4962972 0.66262186
8 0.0007089846000000001 0.0536408 0.38628320000000005 0.42912695 0.8064114
3 0.0006685619999999999 0.053706835999999994 0.3456478 0.3807041 0.8774205
12 0.0006614406599999999 0.69827884 0.34564722 0.9059809000000001 0.49527538
1 0.00064427557 0.5317834 0.42114946 0.7787728 0.5156395
2 0.00062708627 0.027856559 0.33985713 0.5483507 0.6422661
9 0.0005499221 0.13726802 0.37207967 0.37144327 0.6840881999999999
13 0.00053441385 0.015938881999999998 0.38362265 0.29173774 0.5406542
3 0.00051885535 0.2502219 0.43286562 0.36216477 0.5753341
5 0.00051829143 0.55512124 0.4006877 0.823953 0.5229317
8 0.00050754583 0.042381983 0.33798882 0.27336603 0.8820870999999999
1 0.0005008759 0.53384244 0.4509334 0.7765396999999999 0.54043293
8 0.0004957031299999999 0.026661538 0.38196182 0.28067848 0.5607850000000001
1 0.00047235147000000005 0.0 0.35374448 0.39546883 0.55000615
1 0.00041815997 0.6516981 0.38579243 0.8826332 0.48607892
1 0.00041507714 0.71246034 0.4376319 0.93166244 0.54374415
1 0.0004138562 0.055312555 0.4219883 0.49276054 0.6479974000000001
1 0.0004025249 0.73402554 0.41107816 0.9297299000000001 0.51286536
12 0.00039557024 0.0 0.25307858 0.46788883 0.5186873
5 0.0003927214 0.0 0.42611033 0.33595902 0.69773304
11 0.00036357043 0.6272675999999999 0.35774770000000006 0.7666133 0.53604573
5 0.0003619063 0.0 0.39380586 0.23088595 0.64432305
9 0.00034400870000000005 0.6533399000000001 0.38103503 0.85832494 0.5030183
10 0.00033769165999999995 0.70362777 0.36126018 0.8797174000000001 0.48323238
8 0.00033604910000000003 0.029365366 0.24835075 0.5155376 0.8655155000000001
1 0.00033581903 0.0 0.43531049999999993 0.17944622 0.6269891
3 0.00031645276 0.03092225 0.34518754 0.2788333 0.450533
9 0.00031370088 0.76148725 0.41897008 0.9714908999999999 0.52800363
7 0.0003067115 0.0 0.37367466 0.5600655999999999 0.7605881
7 0.00030533137000000003 0.6758595000000001 0.34921983 0.88865876 0.5319354000000001
9 0.00030316 0.18340845 0.42085698 0.6022968000000001 0.64092267
2 0.00030240240000000004 0.08823454 0.23551275 0.3881387 0.58903897
7 0.00029584923 0.6718908 0.38391107 0.9231083000000001 0.5829384
6 0.00029349152000000004 0.6517236 0.3619268 0.94559157 0.5010650999999999
3 0.00029135529999999997 0.26190928 0.40836490000000003 0.34565347 0.56150335
5 0.00027280798999999997 0.021165371000000002 0.45351833 0.54037434 0.69293797
1 0.0002718935 0.0 0.36523414 0.19901264 0.54597986
8 0.00026833286 0.37812468 0.45838007 0.76668525 0.8949623999999999
6 0.00026555892000000006 0.54169893 0.43710730000000003 0.8625229999999999 0.5384154999999999
6 0.0002638092 0.0 0.45779923 0.60314584 0.7011283
6 0.0002630881 0.6679231 0.42559657 0.99995804 0.56483537
8 0.00025963603 0.5504281 0.33125734 0.9224127000000001 0.6007359999999999
1 0.00025861713 0.0 0.44229350000000006 0.3984531 0.6747105
11 0.00025662826 0.7387406999999999 0.36733785 0.8573491 0.4952008
1 0.00025515017 0.042893104 0.3662818 0.36516909999999997 0.61098856
12 0.00025507167000000003 0.6362389 0.364656 0.85060364 0.5159056
3 0.00025337972 0.074775964 0.37625970000000003 0.47822848 0.582462
11 0.00025104755000000004 0.12652482 0.26857176 0.42849365 0.57892406
9 0.00024357067000000003 0.77747756 0.39330783 0.98295987 0.5045023
8 0.00024013799 0.47854728 0.47234845 0.893843 0.8932386999999998
11 0.00022702777999999998 0.057076793 0.24282438 0.21263655 0.7092118000000001
4 0.00022513162 0.74386555 0.37321609999999994 0.97286534 0.5443513000000001
12 0.0002250874 0.11138344 0.36903813 0.35750315 0.5442836999999999
6 0.00021934291 0.52769905 0.39616868 0.87842995 0.51656735
12 0.00021657035 0.74762845 0.3990093 0.9400125 0.52187824
4 0.00021100462000000003 0.13299274 0.28715435 0.62279546 0.5892596999999999
6 0.00020645849999999997 0.11463886 0.3914758 0.42845133 0.53995824
12 0.00020164954 0.16674528 0.3903761 0.3775534 0.5282479999999999
4 0.00019913398 0.7047473000000001 0.34939128 0.94874495 0.47761196
4 0.00019896608 0.22137379999999998 0.37359634 0.62267965 0.6909305
5 0.00019663178 0.0 0.39677940000000006 0.54302543 0.60565156
1 0.00019478060000000002 0.124900274 0.40538058 0.34962028 0.5320522
9 0.00019236644 0.15212552 0.46228337 0.5308970999999999 0.6885219
11 0.00019121633 0.13281155 0.19128291 0.32423508 0.6903245
8 0.00018539946 0.32790837 0.2215448 0.7789661999999999 0.92423445
12 0.00018007843999999997 0.019481678 0.2654426 0.37667412 0.568497
7 0.00017496769 0.0 0.35872912 0.3539241 0.75583315
4 0.00017429236000000002 0.80153143 0.34977779999999997 0.9825884 0.5140756
10 0.00017176475 0.8123471999999999 0.3525717 0.97011954 0.5158701
13 0.00016505964 0.009715309 0.12270864 0.3760529 1.0
6 0.00016066107 0.0 0.44762436 0.41022336 0.6731102
11 0.00015962698999999998 0.07072482 0.25346196 0.29018855 0.748305
8 0.00015888042999999999 0.62802947 0.48533687 0.93370175 0.9079995000000001
8 0.00015616472 0.09476805 0.37362033 0.35818794 0.5730350000000001
12 0.00015583877 0.0068644330000000005 0.33624467 0.6224594 0.60133183
11 0.0001525075 0.13493313 0.25994945 0.5088088 0.72467357
13 0.00014978451 0.39093894 0.30709323 0.8363947 1.0
7 0.00014772416000000002 0.5499308 0.37863863 0.7970881999999999 0.55158776
2 0.00014735878 0.054796007 0.28757608 0.5036792 0.5780847
5 0.000146279 0.6455269 0.40643245 0.91706294 0.51399124
11 0.00014294048000000002 0.68648434 0.37185559999999995 0.815793 0.49786764
8 0.00014213576999999998 0.25265340000000003 0.46613994 0.35478392 0.5449338
1 0.00013516922 0.0 0.46982759999999996 0.26217243 0.67923576
5 0.00013345809 0.6831191999999999 0.42120308 0.95897764 0.5789006999999999
2 0.000131671 0.7037770000000001 0.3746982 0.9136511999999999 0.5596445999999999
9 0.00012717012 0.060961053 0.34261099 0.32335824 0.5831028
9 0.00012514937 0.1925375 0.3903771 0.45324734 0.6832187
2 0.00012484014 0.03785658 0.3484365 0.35287909999999995 0.60914016
10 0.0001212431 0.16143447 0.36955428 0.34383595 0.50797874
10 0.000115249684 0.7711364 0.3786724 0.9595498 0.53898877
4 0.00011403151000000002 0.11160127 0.30185625 0.41382843 0.65145516
10 0.00011321340599999999 0.16091621 0.23556891 0.43294773 0.68781275
1 0.0001101827 0.050515775 0.40528378 0.27166668 0.53331935
4 0.0001096016 0.20533016 0.31338587 0.46904009999999996 0.6986125
12 0.00010617401000000002 0.18579191 0.42342374 0.37616813 0.55304724
8 0.0001011116 0.26831073 0.439014 0.3643357 0.52454156
13 0.00010028741 0.64523643 0.39435149999999997 0.82113457 0.57980907
11 9.937608e-05 0.7825196 0.3677098 0.9162113000000002 0.5473507
9 9.8447425e-05 0.061221215999999995 0.3451027 0.27881476 0.6997982
3 9.74459e-05 0.39323622 0.4800817 0.83317107 0.98421115
8 9.600706e-05 0.25924018 0.46320227 0.32761258 0.5610038
2 9.011626000000001e-05 0.61515224 0.39139095 0.8669209999999999 0.5077309
3 8.850540000000001e-05 0.18815765 0.37850067 0.4146486 0.5443668
10 8.804097e-05 0.071051694 0.34842852 0.25932217 0.5730046
4 8.679964e-05 0.16167808 0.34232277 0.37272295 0.50445944
10 8.521352e-05 0.2545173 0.20709547 0.48626792 0.70979464
8 8.480686e-05 0.036356047 0.12699871 0.27768406 0.6289039000000001
10 8.404853999999999e-05 0.07533557 0.39291054 0.28397290000000003 0.63067794
8 8.378319e-05 0.25166088 0.25551766 0.7279936 0.790782
10 8.358734000000001e-05 0.101877585 0.23947716 0.37116313 0.65644765
7 8.303275499999999e-05 0.0 0.2640539 0.2220474 0.6627383000000001
3 8.242549e-05 0.03782402 0.39310175 0.35125545 0.59000754
13 8.159036e-05 0.0 0.36941087 0.22290103 0.5146121
5 8.1211074e-05 0.01973937 0.51790243 0.3126952 1.0
9 7.9527985e-05 0.6158789000000001 0.39879858 0.79389876 0.5344691999999999
8 7.930505e-05 0.16968231 0.42191926 0.5308201 0.8426485999999999
10 7.784779e-05 0.09544839 0.38036337 0.28316784 0.49634787
13 7.600943e-05 0.5516719 0.38199612 0.9543028 0.64443743
3 7.4434014e-05 0.18748556 0.36784816 0.28100252 0.41718635
6 7.430263000000001e-05 0.0 0.33128121 0.45636594 0.65832543
7 7.422058e-05 0.111795835 0.36380768 0.34154654 0.55566317
9 7.023084e-05 0.15960981 0.39752525 0.39799467 0.51821107
13 6.950107e-05 0.24895509 0.44929123 0.37766254 0.52591753
11 6.65113e-05 0.07295745599999999 0.28020029999999996 0.3392901 0.62689966
13 6.5963046e-05 0.11006659 0.33331192 0.41574484 0.72033525
10 6.586911e-05 0.60653305 0.39861646 0.83384186 0.51966465
3 6.551056e-05 0.0038653371999999996 0.35953814 0.23330861 0.5858574000000001
3 6.536908000000001e-05 0.5825698 0.4037378 0.83650106 0.5249019
13 6.518273e-05 0.59521157 0.39622477 0.80091834 0.5330393
2 6.486698e-05 0.70961696 0.33638409999999996 0.9092556999999999 0.48909430000000004
6 6.474284e-05 0.039097603 0.41779205 0.3487552 0.5382143
11 6.4727225e-05 0.2533867 0.2640828 0.5754153000000001 0.66745234
3 6.283122e-05 0.07083502 0.45891333 0.47951170000000004 0.91743326
1 6.2380124e-05 0.11132724599999999 0.4368612 0.36261892 0.55298096
6 6.181831999999999e-05 0.0 0.28599438 0.57935977 0.5930858
8 6.074578e-05 0.023864575 0.14982994 0.25210828 0.83190054
13 5.796130999999999e-05 0.23928384 0.47411734 0.3910438 0.54330546
11 5.6729154e-05 0.21832371 0.20165650000000002 0.42189646 0.70690066
8 5.4401346e-05 0.62290865 0.35193458 0.8840965000000001 0.7368428000000001
13 5.4289583e-05 0.24698307 0.46173763 0.34217975 0.55218005
9 5.4134067e-05 0.08495445 0.44552440000000004 0.31536590000000003 0.6843493
13 5.3304259999999994e-05 0.12876582 0.38543507 0.3329969 0.57809275
13 5.2689625999999996e-05 0.48849884 0.31181190000000003 0.96012586 0.9333761
2 5.2457515000000005e-05 0.61423224 0.3600845 0.85249275 0.46641552
3 5.234815e-05 0.03329401 0.45407420000000004 0.31081688 0.93694305
11 5.1982332999999996e-05 0.8102924 0.3567416 0.9446095999999999 0.50983626
5 5.1586132e-05 0.62162995 0.39723247 0.793378 0.5791213000000001
8 5.0819537e-05 0.014099091999999999 0.39855419999999997 0.18559535 0.55011255
12 5.0303469999999995e-05 0.11419635 0.41413587 0.32745695 0.5600107
11 4.9826245e-05 0.1420118 0.36816582 0.25777042 0.51103395
3 4.79017e-05 0.28549215 0.42346278 0.3848702 0.48630702
6 4.610223e-05 0.64526784 0.38360643 0.9848198 0.54029995
3 4.5909971999999996e-05 0.61937016 0.39821115 0.94077533 0.58800274
4 4.5806002e-05 0.03625467 0.39864418 0.37347916 0.69856393
8 4.5167890000000004e-05 0.58706987 0.21843690000000002 0.89902157 0.92151135
5 4.3886263e-05 0.07561227 0.4045962 0.38568026 0.5392007
12 4.3138567000000004e-05 0.0506441 0.33026445 0.30265734 0.6464460999999999
13 4.28722e-05 0.26289096 0.4179899 0.32178256 0.55114025
8 4.2120588e-05 0.62570393 0.27392876 0.84403265 0.6584770000000001
4 4.1708720000000004e-05 0.091514096 0.36350328 0.33509856 0.51704985
9 4.1526528e-05 0.07634975 0.29044159999999997 0.35909897 1.0
10 4.0689944999999995e-05 0.1771311 0.31570375 0.63757056 0.743247
8 4.001525e-05 0.10058539999999999 0.43500438 0.30232215 0.57777965
6 3.971486e-05 0.0 0.33895823 0.36411652 0.564491
10 3.9507373e-05 0.08993712 0.41079408 0.29361117 0.53628147
10 3.895466e-05 0.058305588 0.38231292 0.40982017 0.6835131999999999
8 3.873849e-05 0.27021298 0.43805677 0.32231015 0.55423504
4 3.8368766e-05 0.068622164 0.35318175 0.52211344 0.6890669
10 3.788192e-05 0.72763526 0.36607394 0.9225739 0.5070328
11 3.7646394e-05 0.20647390000000002 0.36368364 0.32865706 0.5013879
12 3.7228914e-05 0.16165824 0.36016724 0.3857541 0.4927885
3 3.715609e-05 0.48442182 0.5226823 0.9275029 1.0
2 3.7138964999999996e-05 0.0677654 0.32062837 0.27588835 0.5371405
1 3.556925e-05 0.0 0.1830197 0.3335431 0.8056126
1 3.4410605e-05 0.58449894 0.38757113 0.78879356 0.5157605
1 3.4243683e-05 0.02924653 0.4444094 0.25274974 0.55583876
7 3.423406e-05 0.6048061 0.39349365 0.8653969000000001 0.5927306999999999
8 3.40129e-05 0.035760995 0.42313325 0.23532417 0.5814638000000001
1 3.3708533e-05 0.120198555 0.37631607 0.33778593 0.4999542
13 3.3189477e-05 0.04893438 0.36213008 0.4881446 0.96289086
12 3.2788583e-05 0.6970519000000001 0.34607083 0.84428823 0.5583648
1 3.2502467e-05 0.6132626 0.43313345 0.8356299 0.5312274
9 3.2330994e-05 0.6710119000000001 0.42197195 0.85936767 0.5335420999999999
5 3.192949e-05 0.0 0.41996214 0.28951386 0.55316645
8 3.0974323e-05 0.07876662 0.2669928 0.34955490000000006 0.65562683
8 3.0881463e-05 0.13301359 0.13175067 0.46863747 0.73760235
1 3.058811e-05 0.5328669 0.3840699 0.7843359999999999 0.47578254
11 3.0456727e-05 0.12960184 0.39810282 0.2599509 0.5558283
5 2.8854665e-05 0.66222817 0.41884267 0.8392902 0.5986196999999999
8 2.8766935e-05 0.022422512999999998 0.29930565 0.20892337 0.628558
13 2.8741350999999998e-05 0.31531075 0.004717865 0.90907794 0.91319704
9 2.8384641999999997e-05 0.08161130000000001 0.40476307 0.33393437 0.53125405
9 2.8062213000000003e-05 0.023179158999999998 0.34253836 0.21512848 0.6407843000000001
13 2.7509879999999998e-05 0.27047762 0.4339615 0.36355445 0.5383131999999999
8 2.7416660999999998e-05 0.43968436 0.33110490000000004 0.8155268 0.60984004
8 2.6499154e-05 0.19415979 0.40179499999999996 0.39399123 0.5549379
10 2.6341138e-05 0.7508991999999999 0.34997162 0.8601518 0.5488241
5 2.5376401e-05 0.61290103 0.42120165 0.8799836 0.55861396
13 2.5286066000000002e-05 0.1957273 0.16410899 0.9055238999999999 0.7813024000000001
8 2.4318829999999997e-05 0.029195288 0.14848353 0.40902659999999996 0.6596073
2 2.429313e-05 0.12734461 0.36552477 0.34471312 0.5363441999999999
11 2.4254377e-05 0.6756345 0.29406163 0.80382544 0.5782071
4 2.423824e-05 0.06335321 0.3889723 0.2995817 0.5542184
10 2.4000929999999998e-05 0.7978639 0.32877165 0.8943719000000001 0.5372743000000001
13 2.3739254000000002e-05 0.19820969 0.33895686 0.6748837 1.0
2 2.2986978e-05 0.086667374 0.35786137 0.30614465 0.50682557
8 2.2561279999999996e-05 0.5836753 0.37538509999999997 0.7735476 0.53468347
13 2.216926e-05 0.6683784 0.18528405 0.9227075000000001 0.7507619000000001
2 2.1919179999999997e-05 0.07655975 0.00069407147 0.39177206 0.9267736999999999
3 2.1746925999999998e-05 0.6179431 0.40447405 0.7281635999999999 0.5044725999999999
12 2.1508323999999998e-05 0.7312991 0.37069159999999995 0.8757124 0.54041153
3 2.143875e-05 0.042895366 0.2481751 0.30649790000000005 0.6497844
10 2.1248921e-05 0.69516104 0.38239062 0.8198780000000001 0.55598134
3 2.123376e-05 0.12986791 0.38232540000000004 0.6483462 0.89869237
8 2.0468542e-05 0.016119985 0.36290094 0.23093285 0.5061133
13 2.0120844e-05 0.24243835 0.43196416 0.33623722 0.5391793
7 2.0044468e-05 0.0 0.09320354 0.42377440000000005 1.0
3 1.9977897e-05 0.33583462 0.42996034 0.41088313 0.47615215
13 1.9828617999999998e-05 0.20063293 0.40451074 0.4048349 0.540183
1 1.9409375e-05 0.6202913000000001 0.45443586 0.84101075 0.55561364
5 1.9227704e-05 0.0064222524 0.47491905 0.20311193 0.99501836
3 1.8771756000000002e-05 0.40294006 0.2933 0.89977235 0.9612195
13 1.8746603e-05 0.6363769 0.27335978 0.99207795 0.90297264
5 1.8725714e-05 0.48122390000000004 0.64337796 0.83268064 1.0
1 1.8524917e-05 0.0 0.38114026 0.17931594 0.49509758
9 1.8523007e-05 0.7662999 0.3805079 0.8909959000000001 0.5556634
1 1.8223447e-05 0.056324843 0.37259448 0.5369378 0.59743214
6 1.767412e-05 0.27206206 0.44913962 0.4003488 0.51647025
10 1.7640093999999998e-05 0.1283795 0.27447695 0.5388066 0.6600801
8 1.7616114e-05 0.16517168 0.17266454 0.5581093 0.84309524
3 1.7258812e-05 0.6695561999999999 0.39283147 0.8104485 0.46029893
3 1.7217835e-05 0.21732587 0.47518465 0.7135708000000001 0.98556083
3 1.6830385e-05 0.025771521000000002 0.23042847 0.40917507 0.5752675
10 1.6786506e-05 0.12099348 0.3487333 0.46054444 0.96911937
9 1.6612782999999998e-05 0.7102913000000001 0.38750488 0.8398631999999999 0.5690141
13 1.6442718e-05 0.16687343 0.43509832 0.38789088 0.560663
2 1.6348087e-05 0.087079115 0.35677946 0.37913942 0.92196137
9 1.6325086e-05 0.6497029000000001 0.3995092 0.98399806 0.6630472
13 1.6180120000000003e-05 0.0 0.2813633 0.2997183 0.9222041999999999
11 1.6000784e-05 0.21246737 0.39233023 0.34851170000000004 0.54092306
7 1.5770287e-05 0.049957800000000004 0.40663332 0.26158089999999995 0.5553927
13 1.5639287e-05 0.0 0.24597868 0.68218637 0.8676647
12 1.5522952e-05 0.2978422 0.4345129 0.39781353 0.5094549
4 1.5035009e-05 0.059935264 0.28897217 0.45990038 0.5651871999999999
3 1.4369234e-05 0.63938844 0.41059214 0.78608304 0.5193532999999999
4 1.4331858e-05 0.5997825 0.38318893 0.8727415000000001 0.5107988
6 1.4130948e-05 0.27269602 0.47845984 0.40373883 0.53981084
7 1.3988539e-05 0.25888035 0.47824642 0.36464409999999997 0.5449906999999999
11 1.3835698e-05 0.7359665 0.3005751 0.8418548 0.56592983
13 1.3810994e-05 0.25312898 0.45614609999999994 0.30737686 0.5639003
11 1.3611498999999999e-05 0.14382692 0.0 0.3559684 1.0
12 1.3587052000000001e-05 0.07668372 0.33449802 0.3075834 0.49470776
11 1.3382337e-05 0.6807278 0.37948558 0.81949115 0.5624517
8 1.3190771e-05 0.65311486 0.69964117 0.94158727 0.9320248
3 1.2118344e-05 0.07769027 0.3086266 0.5520957 0.6347856
12 1.1986919e-05 0.0 0.0 0.48065412 0.7552949000000001
12 1.1916964000000001e-05 0.30450392 0.46800858 0.3973393 0.5380443
1 1.16892525e-05 0.0 0.41376215 0.17083685 0.52701384
13 1.16657575e-05 0.2941085 0.1887428 0.74829006 0.98246473
11 1.1660064e-05 0.130101 0.34311023 0.33504942 1.0
2 1.1429357e-05 0.4631606 0.37131092 0.8416709000000001 0.97711104
7 1.1259396e-05 0.30781149999999996 0.36616656 0.9170348 1.0
8 1.0946714999999999e-05 0.40081152 0.13378751 0.77800435 0.6791783
1 1.0905586000000001e-05 0.0 0.44114777 0.33099670000000003 0.8530194
8 1.0895045e-05 0.25996774 0.44226095 0.30177942 0.57141143
9 1.0862126e-05 0.44436377 0.19374129999999998 0.9708646000000001 1.0
5 1.0644394999999999e-05 0.41856140000000003 0.6003868 0.7618553000000001 1.0
1 1.05494155e-05 0.06311169 0.37310407 0.28348544 0.4968804
5 1.0545817999999999e-05 0.104454495 0.64273137 0.47632194 1.0
10 1.0505578e-05 0.26385006 0.45118502 0.37483454 0.515045
2 1.036208e-05 0.14355636 0.27997497 0.62695646 0.62577426
1 1.034345e-05 0.29051614 0.39588702 0.79762304 0.8648431999999999
13 1.0040107e-05 0.329502 0.43605486 0.39918315 0.48586768
1 9.990693e-06 0.0 0.44659093 0.18533748 0.5522041
13 9.981042e-06 0.14697976 0.100314535 0.5701345 0.99545616
10 9.918266e-06 0.13455935 0.0 0.48881522 1.0
5 9.890321e-06 0.5615706 0.45599982 0.8955006 0.6470306
8 9.809523000000001e-06 0.027604694 0.43703770000000003 0.16658193 0.5992399
8 9.780938e-06 0.28651020000000005 0.42811063 0.34345266 0.5484458999999999
5 9.751081e-06 0.0 0.40912837 0.18580028 0.54241717
12 9.741219999999999e-06 0.09661727 0.36517227 0.2738957 0.5329988
10 9.585952999999999e-06 0.2798935 0.43193240000000005 0.3267125 0.5409778000000001
8 9.512829e-06 0.28214055 0.46415619999999996 0.36620554 0.5371640999999999
2 9.488561e-06 0.6075977 0.29201335 1.0 0.6349353
