3 0.97647494 0.42294729999999997 0.3838612 0.5480102 0.4638198
8 0.83285457 0.80509245 0.33725822 1.0 0.46129322
3 0.7111774000000001 0.641948 0.3862677 0.73169994 0.4465286
3 0.66070336 0.0030214712 0.36333564 0.17184642 0.6100045999999999
3 0.57803696 0.21484068 0.41669378 0.26809293 0.47865522
3 0.5778129 0.52257746 0.38552696 0.55910164 0.44896412
3 0.56453586 0.5658922 0.3937443 0.60204625 0.44977498
8 0.5099130999999999 0.005808368299999999 0.3577424 0.17334552 0.6037081
8 0.40843102 0.21504721 0.41515613 0.2672159 0.47833230000000004
8 0.40789905 0.6424247 0.38014606 0.74114406 0.44592255
3 0.37322259999999996 0.8062085999999999 0.33717075 0.99657714 0.46139443
8 0.354551 0.5657779000000001 0.39220077 0.60285485 0.44981888
