10 0.9727792 0.3657312 0.3801768 0.38221827 0.43136397
10 0.9671646 0.54412043 0.38695159999999995 0.5587915 0.4467213
10 0.96325606 0.47317997 0.38094905 0.48805454 0.44564906
3 0.9438716 0.0052443147 0.5986859999999999 0.29185447 0.7846488
10 0.8460414 0.30785835 0.37373918 0.32343388 0.43231773
3 0.7508279999999999 0.27094388 0.58734745 0.38715547 0.7087631999999999
10 0.7005956999999999 0.88861084 0.18507406 0.91482556 0.28229153
3 0.696461 0.6529938 0.6129138000000001 0.81686664 0.7117328
3 0.45746854 0.82978415 0.6084828 1.0 0.73352486
10 0.44547662 0.67372364 0.50901115 0.69320613 0.6006553000000001
3 0.44355726 0.51969874 0.6312793999999999 0.5544878000000001 0.6885901999999999
10 0.36363629999999997 0.3742703 0.38064998 0.3918076 0.441563
1 0.3413403 0.51114976 0.62695134 0.5364331 0.6895071
10 0.33090484 0.009075105 0.31662285 0.97440815 0.66777
