10 0.9407911 0.45992047 0.37321126 0.47318286 0.4393705
10 0.9314866 0.34721038 0.37019444 0.36612573 0.42312694
3 0.87557834 0.10471747 0.62920654 0.15500712 0.68390596
10 0.86673355 0.28614587 0.36766395 0.30351466 0.42447284
10 0.73771155 0.53153014 0.38596296 0.54488766 0.44307667
10 0.72386235 0.87566394 0.18074127 0.89928895 0.2815678
3 0.62801015 0.26353008 0.6184423000000001 0.32103790000000004 0.6830975
3 0.6250727 0.8260354999999999 0.6116636 0.9683833000000001 0.6957618
3 0.5695661 0.3123683 0.62382835 0.36178299999999997 0.67495006
3 0.54305595 0.22196039999999997 0.62110573 0.25834215 0.6820689999999999
3 0.5236029999999999 0.076701924 0.62288696 0.113708824 0.66850585
10 0.43295345 0.91595817 0.12760977 0.945781 0.24064572
10 0.32276234 0.6606258 0.504043 0.68233883 0.62183404
