3 0.9896035 0.007371828 0.4614657999999999 0.28509098 0.8760120000000001
3 0.9853881 0.19129843 0.5104975 0.41618365 0.74553764
3 0.97541785 0.8538366 0.5098984000000001 0.9947888 0.674467
3 0.96314204 0.47438109999999994 0.5268547 0.5204977 0.6171669
3 0.9205346999999999 0.3745381 0.4863871 0.49582484 0.65647244
3 0.9074066999999999 0.80523545 0.5184031 0.91235965 0.63821197
3 0.8853926 0.0929607 0.49874428 0.42701590000000006 0.7685701
3 0.84496933 0.76251256 0.53085315 0.8210620999999999 0.6297894
3 0.8271690999999999 0.5071677 0.5221888 0.5705979999999999 0.60391074
3 0.559765 0.0019277632000000002 0.4470978 0.48514880000000005 0.8886838
3 0.52553034 0.50813204 0.5199929 0.5281097 0.6031494000000001
3 0.48836792 0.49386352 0.520432 0.5492056 0.6046687
3 0.48693696 0.7966425 0.51587373 0.9708418 0.65186715
3 0.46857348 0.748103 0.5354415 0.777153 0.58959764
3 0.45442453 0.7037165 0.55045134 0.7503109 0.58630997
3 0.41075155 0.7939964 0.5352071 0.81967956 0.6403278
3 0.37806654 0.7526417 0.53502584 0.789148 0.60172683
10 0.31082943 0.5773214 0.46957225 0.5876925000000001 0.5073339
10 0.30166402 0.57998466 0.4688853 0.5899732 0.504106
