3 0.99103534 0.58535826 0.5078973 0.9675627 0.8367681999999999
3 0.9883470999999999 0.035606176 0.41099632 0.36036003 0.7470405
3 0.8506438000000001 0.51477706 0.49359944 0.56012464 0.55702347
3 0.76101834 0.6557708999999999 0.4942253 0.7683346 0.56460935
3 0.7169508000000001 0.6124917 0.5133507 0.6629815 0.5901574
51 0.6672863 0.48318869999999997 0.800082 0.6316851 0.9677046
3 0.6479045 0.47386202 0.50041527 0.50382227 0.5384945
3 0.60205925 0.6323582 0.49336436 0.76855505 0.59344995
8 0.5401636 0.35746740000000005 0.47274269999999996 0.44237709999999997 0.55485636
3 0.53028923 0.5593196 0.51773757 0.6118865 0.5664809000000001
3 0.51196516 0.57076806 0.5648276999999999 0.6244255999999999 0.6298175
3 0.48860565 0.96280545 0.5213412000000001 0.9998836999999999 0.683796
3 0.47653034 0.3553455 0.47497532 0.44321448 0.5569116
3 0.45107383 0.65991116 0.49064848 0.76423585 0.53930146
3 0.4469169 0.43108982 0.48430085 0.45999897 0.55978715
3 0.35858290000000004 0.55808794 0.5244245 0.6082747 0.58532506
8 0.34809850000000003 0.4314923 0.48179120000000003 0.455704 0.5624574000000001
