3 0.99041766 0.2774837 0.46645084 0.49277902 0.6977432
3 0.9799483 0.55055135 0.516957 0.6112357 0.57892096
1 0.94581485 0.70351046 0.5005939 0.73037225 0.6180425
3 0.78532165 0.7435255000000001 0.5027842 0.8752905000000001 0.6661029
3 0.7586303000000001 0.6401923 0.5151946 0.6738479 0.5512948000000001
3 0.5784858 0.68846047 0.5190598 0.7545228 0.5859591
51 0.5710516999999999 0.49708290000000005 0.80604863 0.6202236 0.96082264
3 0.47707015 0.7591515 0.51013607 0.79248327 0.5560569000000001
3 0.46776262 0.67719716 0.515185 0.7126748 0.5639914
3 0.43769285 0.68663126 0.5114385 0.7304508000000001 0.57214403
3 0.36064709999999994 0.7216166 0.5209180999999999 0.7499001999999999 0.58913904
3 0.33169693 0.6042863 0.5097032 0.62900984 0.550974
8 0.3211751 0.74303913 0.50446504 0.8712771999999999 0.6716749
