3 0.9954385 0.25548384 0.6045256999999999 0.38718805 0.77645695
3 0.99286413 0.052286353 0.61024445 0.30614585 0.8879300999999999
3 0.9910453000000001 0.92158276 0.6341204 0.9990181999999999 0.788312
3 0.99046105 0.58209157 0.58586663 0.8730713999999999 0.9306101999999999
3 0.9855334000000001 0.0 0.6691397 0.07884989999999999 0.99775577
3 0.9729690999999999 0.3706144 0.6037343000000001 0.4550101 0.71820796
6 0.9487194 0.45810896 0.5303039 0.54912686 0.6642388000000001
3 0.8548438 0.45112765 0.61812735 0.50318116 0.7071983000000001
3 0.8438799000000001 0.041907415 0.59900814 0.13290782 0.69911116
3 0.83908373 0.8098342 0.62519073 0.87688094 0.71097374
3 0.71104586 0.82741076 0.6173619 0.9103517 0.72176397
3 0.6956671999999999 0.2276821 0.59780824 0.30433977 0.64026695
3 0.676072 0.861916 0.62211376 0.91541237 0.7340032
3 0.63755244 0.5632585999999999 0.5586960999999999 0.67926747 0.69815505
3 0.49864376 0.001029822 0.59254867 0.044128722999999995 0.7032635
10 0.4535134 0.4346201 0.42737508 0.45106187 0.46871227
3 0.42819682 0.12705743 0.5475137 0.21132566 0.6184529000000001
