3 0.92918473 0.48524153 0.42763028 0.65946615 0.56703144
3 0.8240917 0.56931674 0.44793072 0.85892993 0.56780684
3 0.7334664000000001 0.56813926 0.45497528 0.98156375 0.67032826
3 0.55692875 0.61264884 0.44598734 0.8566634 0.5228056
64 0.3918179 0.15137498 0.39534461 0.23486757 0.48601356
3 0.37976727 0.55354047 0.48231086 0.68330055 0.5756861999999999
3 0.37972727 0.6459498 0.48604602 0.9600091999999999 0.64121354
72 0.3772733 0.0 0.01645429 0.94791746 0.48679495
3 0.32460195 0.035540655 0.016532923999999997 0.9216046 0.6183304000000001
81 0.30281820000000004 0.7978041 0.6887458000000001 1.0 0.9812306999999999
