3 0.9287514000000001 0.24694192 0.52603453 0.44830749999999997 0.7018848000000001
3 0.83930725 0.71626645 0.4231322 0.7657046999999999 0.47581837
3 0.80762565 0.9042446 0.34527805 0.9944288 0.46224636
3 0.6090817 0.42335135 0.5501727 0.4534095 0.61945367
3 0.50421566 0.41197634 0.5491060999999999 0.44847184 0.62682337
84 0.41705737 0.25433072 0.53033334 0.2802395 0.6499357
3 0.37061527 0.25351495 0.46025249999999995 0.9953898999999999 1.0
84 0.36729336 0.24062546 0.5346064 0.26322004 0.6657914
84 0.30571356 0.26525256 0.52326083 0.29608390000000007 0.63730615
84 0.3013991 0.21911937 0.53520995 0.24983928 0.6762315999999999
