3 0.97426176 0.47193658 0.526896 0.5254876 0.6204055
3 0.95980936 0.017898984 0.42998114 0.34851313 0.8719794
3 0.9410626 0.7920010999999999 0.5100684 0.90380144 0.6290543000000001
3 0.93914235 0.36632302 0.47675705 0.48747936 0.64723045
3 0.91155434 0.50580156 0.5239315999999999 0.57093793 0.6023444
3 0.9027651 0.20257394 0.5081384 0.4236039000000001 0.7420726
3 0.88763434 0.85885346 0.51289606 0.98500764 0.6397684
3 0.86650634 0.75940347 0.529904 0.81593513 0.62015796
1 0.71190727 0.81834465 0.57404906 0.8541924000000001 0.64504147
3 0.5512209 0.74307615 0.53569067 0.77710634 0.5837153
3 0.5226665 0.70182794 0.5489748999999999 0.73978233 0.580658
3 0.43464040000000004 0.6860101 0.5374651999999999 0.7110574000000001 0.57439053
3 0.34332222 0.4874995 0.58024246 0.962764 0.96424764
3 0.31460926 0.7898755000000001 0.5338283 0.8210654000000001 0.6264881999999999
