3 0.9848697 0.049111906 0.4200126 0.34956372 0.72616327
3 0.97889733 0.6182566999999999 0.50222963 0.95443445 0.8527703999999999
3 0.8574864 0.46213835 0.48370087 0.5083032000000001 0.54026175
3 0.7972119000000001 0.35753843 0.46575096 0.4273071 0.51905453
3 0.78708965 0.60925645 0.5051092 0.6611958 0.5853208000000001
3 0.7399607 0.5664577 0.51446205 0.6144999 0.5544876
3 0.7103451999999999 0.5128955 0.49382222 0.55870426 0.5471494
51 0.50388 0.48391402 0.79847854 0.61916506 0.9516626
3 0.49300915 0.64662695 0.49138042 0.7771545 0.58888614
3 0.37154883 0.3501895 0.47049046 0.4292213 0.5829982
1 0.35613486 0.08425088 0.36315778 0.11040038 0.47454318
3 0.33508465 0.42924154 0.49491727 0.47374049999999995 0.5532483
3 0.32014623 0.63515604 0.50001496 0.69100726 0.5900257
8 0.31754540000000003 0.51268506 0.49099362 0.5570343000000001 0.5519248000000001
3 0.30703643 0.42732749999999997 0.47818783 0.46045652 0.5186322
