3 0.9653825999999999 0.16020222 0.36255190000000004 0.26885903 0.53657895
3 0.95286727 0.0064214575 0.37250042 0.22470942 0.6047085
3 0.92363566 0.3843439 0.4050551 0.4152156 0.44711047
3 0.9198145000000001 0.46061954 0.39082345 0.54867613 0.46847028
3 0.78462005 0.32050917 0.40222836 0.36042404 0.4593352
3 0.7676092 0.43424904 0.39963412 0.46967268 0.43950227
3 0.73814934 0.0 0.46513078 0.10115015 0.69621885
3 0.6424004 0.6512107 0.35299772 0.9961194999999999 0.7143443
3 0.50438476 0.07806549 0.41660202 0.22306712 0.606102
3 0.35002595 0.2662957 0.3992761 0.32577342 0.48090923
1 0.3343894 0.27171963 0.40494373 0.29726347 0.49722373
