3 0.97516465 0.0 0.33119678 0.20639046 0.6799585
3 0.9604729999999999 0.23079501 0.40760168 0.29967535 0.5254251
3 0.92870647 0.39100668 0.40602407 0.43777707 0.48634824
3 0.9054120000000001 0.31991556 0.41125646 0.36051756 0.46872061
3 0.89857006 0.5868319000000001 0.3257854 0.90354496 0.6093784999999999
10 0.8460816999999999 0.30356735 0.19142881 0.3277919 0.26192498
3 0.38198462 0.16838132 0.39003405 0.26226476 0.5568350999999999
3 0.37506056 0.89125055 0.39842895 0.99868584 0.5057745
3 0.3309297 0.46399245 0.41616315 0.49575174 0.44035608
3 0.31497985 0.43336406 0.41588679999999995 0.4657557 0.45844978
3 0.3145533 0.45772922 0.4170265 0.49623635 0.45129353
