1 0.9697049000000001 0.9007877000000001 0.48512065 0.94450927 0.630552
3 0.9476401 0.0013480776999999998 0.5291107 0.1683456 0.7163661
3 0.9191993 0.0024664573999999997 0.5576611 0.079873174 0.76895136
3 0.8729950000000001 0.5537399000000001 0.5184866 0.70056653 0.6127351
1 0.8361738000000001 0.543979 0.5404555 0.5702596999999999 0.6025484999999999
3 0.80993927 0.29678762 0.51458716 0.4962576 0.7867088000000001
3 0.7808676999999999 0.72728735 0.5337951999999999 0.8063414000000001 0.59825176
8 0.7548176999999999 0.18277465 0.50220424 0.29267684 0.68522054
1 0.6174219 0.8360783000000002 0.5091202 0.86694926 0.6270104999999999
3 0.60441756 0.18024111 0.5030155 0.2943772 0.6825479
1 0.5156813 0.79729015 0.5214037 0.8302086999999999 0.6177074
1 0.4320812 0.7030656 0.5077593 0.7243774000000001 0.59925693
8 0.32083514 0.29172304 0.50691134 0.5044092 0.79098433
3 0.3038787 0.15037903 0.5466781999999999 0.18902878 0.58831584
