1 0.99871814 0.6485266 0.41869316 0.77991295 0.8672472
3 0.92610705 0.2228632 0.5206046 0.29453114 0.6029375
10 0.8905595 0.3124905 0.09120652 0.34878427 0.20445599
10 0.8087808000000001 0.5692136 0.08728235 0.60534334 0.19577289
10 0.75459635 0.8675976999999999 0.080138 0.8979975 0.16847175
10 0.75459117 0.20226538 0.41732085 0.22416595 0.45388657
10 0.7330034000000001 0.8572433 0.38094044 0.8767210999999999 0.42601374
3 0.70267653 0.4658155 0.48983786 0.61005193 0.65514916
8 0.59789425 0.47015494 0.4844976 0.60574055 0.6532326
10 0.40636444 0.19957402 0.4108594 0.23100169 0.45256862
