3 0.9900899999999999 0.24417534 0.60997486 0.38747486 0.7790301
3 0.97631186 0.5788839 0.5788984 0.8859485 0.91826373
3 0.97133046 0.039841462 0.5988933000000001 0.29846933 0.9115457
3 0.9551446 0.0009501743499999999 0.65350705 0.07874287 1.0
3 0.95245713 0.9260264000000001 0.6301378000000001 0.9989909 0.79127014
3 0.8295048 0.8320905000000001 0.61238784 0.91775435 0.728645
3 0.8106725 0.00021452586 0.59060717 0.051451735 0.69805264
3 0.5717097 0.36930034 0.5995638000000001 0.466188 0.7182651
3 0.47645625 0.82225245 0.62652045 0.88071233 0.70623386
3 0.47356000000000004 0.36711273 0.59121597 0.46694759999999996 0.6688776
8 0.3828991 0.4610459 0.52992857 0.5487061 0.6717695
8 0.32259315 0.5658083 0.5281083000000001 0.6608178000000001 0.65533715
3 0.3149726 0.4537853 0.61602193 0.5019104999999999 0.69909555
