3 0.9027071 0.92228377 0.6181649 0.9993412 0.787098
3 0.8257095999999999 0.038305063 0.627655 0.2178103 0.77718234
1 0.7324921 0.5257096 0.58779275 0.6228026 0.9035443000000001
8 0.5092829000000001 0.020575969 0.6197763000000001 0.3734603 0.92955434
3 0.48024052 0.018223615 0.6194006 0.27442923 0.9329705
3 0.4038482 0.056260817000000005 0.5919220000000001 0.6322939000000001 0.9575809000000001
3 0.400453 0.060678203 0.5651275 0.9134906999999999 0.97851837
8 0.3473679 0.023960428 0.621051 0.2273563 0.8392063
3 0.31745738 0.59745204 0.5759675999999999 0.8964839 0.95037425
6 0.314709 0.7633890999999999 0.0304348 1.0 0.7465184
44 0.30905566 0.6581366 0.308658 0.7380346999999999 0.59924895
8 0.30255679999999996 0.053809043 0.71267396 0.23142457 0.9059640999999999
