3 0.9558126 0.455442 0.44889235 0.54292023 0.5560138000000001
3 0.95017934 0.31645587 0.46951413 0.3702053 0.5308614
10 0.88427436 0.4880029000000001 0.22356749 0.51145303 0.27848464
3 0.88059074 0.7114187 0.4268768 0.99925154 0.7373976999999999
4 0.8581914 0.55147946 0.50288063 0.65421355 0.7560285
10 0.84747726 0.24255729999999998 0.10419373 0.2793286 0.18030347
1 0.83788013 0.54591036 0.37786755 0.6466335 0.69058394
3 0.7408798000000001 0.0018168688 0.44697422 0.2552654 0.81687087
3 0.72975814 0.39172006 0.47852219999999995 0.4198978 0.5149657999999999
3 0.56797755 0.22210879999999997 0.46382448 0.28284222 0.5250161
3 0.39966375 0.27502567 0.47643146 0.31178449999999996 0.5283024000000001
3 0.3307365 0.43059382 0.4684485 0.45648995 0.5150524999999999
