3 0.8762126 0.6913384 0.53979266 0.73619235 0.5892136
3 0.8687574 0.5339957 0.52836764 0.57800144 0.5915185000000001
3 0.86782676 0.47505552 0.51857376 0.54071325 0.61393857
3 0.8199521000000001 0.59259343 0.5381322 0.62195086 0.57650745
3 0.8019231 0.64739466 0.5399205 0.6790906 0.57805914
3 0.7705586999999999 0.0 0.45171112 0.2842685 0.87557036
3 0.7239481 0.73849744 0.5322422 0.7849595 0.6054934000000001
3 0.63782966 0.40436396 0.49534938 0.49169847 0.6307170999999999
3 0.6275061 0.21248305 0.5052507 0.4481755 0.73859537
3 0.4575327 0.8469049999999999 0.506587 0.99347985 0.74245584
3 0.33400348 0.78101814 0.52881664 0.86822855 0.6474169
3 0.3169014 0.7400076999999999 0.53321195 0.7970210999999999 0.62988544
10 0.3048767 0.7436356 0.45163342 0.7528463000000001 0.47582700000000006
3 0.30447820000000003 0.4178344 0.5210863 0.4813066 0.65272206
