3 0.9359698000000001 0.604769 0.32737404 0.90075445 0.62249357
10 0.90111524 0.29551297 0.20407434 0.32138258 0.26828265
3 0.8476229 0.38369134 0.4128832 0.4367585 0.4847367
3 0.82739556 0.31370166 0.4182303 0.3729047 0.47275680000000003
3 0.7962539000000001 0.43892476 0.42359084 0.47630194 0.473059
3 0.7500772 0.20666361 0.40417612 0.28232569 0.5181555999999999
3 0.5018911 0.5101055 0.41488546 0.5833272 0.50791675
3 0.49232087 0.47759977 0.42579973 0.5130827 0.47764283
3 0.48149833 0.0026165843 0.3407045 0.18985057 0.6763180999999999
3 0.39421344 0.52459514 0.42567 0.59756875 0.5476346
10 0.3582929 0.47136605 0.23191096 0.4849887 0.27912083
10 0.34445775 0.31274766 0.19850531 0.3411892 0.26898766
3 0.31394428 0.8830695 0.3991343 0.9934609000000001 0.5109964
3 0.30963516 0.58978534 0.39689705 0.6471995 0.49496403
