3 0.9286128 0.5499204000000001 0.5137764 0.67956823 0.6076305000000001
10 0.92357993 0.13284971 0.39289582 0.14435099 0.43815327
3 0.850814 0.29858416 0.5153706 0.5011804 0.80287206
3 0.8477664 0.010246448 0.52922773 0.15316337 0.72123146
1 0.76268464 0.89556694 0.47116193 0.94290876 0.6250319999999999
3 0.6160138000000001 0.6275179 0.52138096 0.6923298000000001 0.59822935
3 0.6159736 0.18528107 0.5007854 0.30009753 0.7092224
1 0.5491142 0.7993773000000001 0.49400184 0.83988357 0.61866295
1 0.44920173 0.84313494 0.48423773 0.8812334000000001 0.6179618
3 0.35232717 0.74091005 0.52954656 0.79889107 0.5991257
10 0.33085293 0.14008686 0.4036763 0.15359375 0.45595643
3 0.32048598 0.09523179 0.5422989 0.16251819 0.6943146
