3 0.99568367 0.46711123 0.51325667 0.61113846 0.5978344
3 0.89129704 0.35306633 0.50601566 0.39172244 0.5598531999999999
8 0.8838101999999999 0.011809841000000001 0.39472708 0.20309918 0.62334263
8 0.8004727 0.048895605 0.4009333 0.23533028 0.5873665
3 0.66997975 0.0003536418 0.40876642 0.14779851 0.65309334
10 0.63822377 0.45239156 0.38515455 0.47027093 0.41148084
8 0.62462133 0.0020444691 0.41161040000000004 0.14909358 0.6498512
10 0.61396337 0.5099376 0.39004692 0.5265052 0.41571158
3 0.57173675 0.92592585 0.5369101 0.98428833 0.5772185000000001
3 0.5646033 0.7077504 0.5201358 0.76193637 0.5607118000000001
5 0.5230412 0.9086868 0.22878857 0.985658 0.30484766
8 0.48239928 0.24336942 0.5073423 0.28257176 0.5578331
10 0.47538042 0.5070458 0.389653 0.5211862 0.41508746
3 0.43047965 0.658487 0.52207714 0.6916041 0.5539254
3 0.4250165 0.0290173 0.6933800999999999 0.59476876 1.0
3 0.42363816 0.6834245 0.51857316 0.74219227 0.55878013
3 0.42198378 0.24377596 0.5088076 0.28168577 0.55749166
3 0.34730542 0.68714774 0.5225302 0.7172413000000001 0.5595542
3 0.31093293 0.6739504 0.5196614 0.7035123999999999 0.55391884
