3 0.99619967 0.37091094 0.34055793 0.64481646 0.48094764
3 0.9380693999999999 0.3272647 0.3365308 0.43247464 0.43522424
3 0.8849280999999999 0.055530723 0.33237082 0.11672561 0.37854847
3 0.82757884 0.30480522 0.33709988 0.37997216 0.4275862
3 0.8050816 0.004726365 0.3289007 0.0740787 0.38526259999999996
3 0.7495267 0.11258719 0.33919743 0.1408241 0.37218884
3 0.66005546 0.6463687 0.21324416 0.9987888 0.6679307
3 0.6522517 0.34990573 0.33534816 0.40776885 0.43850863
8 0.5009609 0.26000842 0.34876415 0.31610859999999996 0.42081058
8 0.49179256 0.62684804 0.23712215 1.0 0.6646701
3 0.45212179999999996 0.25850168 0.34940523 0.31703117 0.42002696
3 0.43971688 0.070584565 0.33461437 0.10755353 0.37588567
3 0.31727993 0.31676692 0.33996958 0.35304797 0.42785946
