3 0.9958508 0.8315054000000001 0.6211624 0.96051335 0.6984219
10 0.9856937 0.91895884 0.12610710000000003 0.9478858 0.22902012
3 0.97754914 0.09229173 0.62260705 0.15929188 0.6917166
10 0.97138155 0.87443894 0.18785167 0.89642316 0.28165877
10 0.9597588 0.53183293 0.38884029999999997 0.5465789000000001 0.44354972
8 0.94869757 0.22472103 0.59655774 0.28019446 0.6893451999999999
10 0.93719757 0.28288794 0.37124205 0.29800487 0.42496590000000006
10 0.91825837 0.4564108 0.3850662 0.4716353 0.4348193
10 0.9076595 0.35255256 0.37356275 0.36723320000000004 0.42735136
3 0.69014984 0.35036469 0.6398439 0.37838906 0.67395264
10 0.68657184 0.5283174 0.38752016 0.5424625 0.4431915
3 0.6809013 0.30111268 0.623912 0.34796557 0.68598676
3 0.6401389000000001 0.28097892 0.61805433 0.30698186 0.6798424
10 0.39727417 0.6672737 0.49621212 0.6805318 0.56735736
3 0.38401017 0.05121754 0.62514275 0.08585380000000001 0.663732
3 0.3532068 0.16366185 0.6353555999999999 0.18548416 0.6664069
