3 0.98536056 0.8274060999999999 0.6215816 0.9597904 0.70174754
10 0.9584089 0.88254 0.18563539 0.904109 0.27661347
10 0.9430358 0.92377913 0.13220131 0.94685805 0.22259265
10 0.9187723 0.5263536999999999 0.38694897 0.5406728 0.44397172
10 0.91751486 0.8761249 0.18784115 0.8989106 0.2766712
10 0.8984631 0.457373 0.3863455 0.47176316 0.43714145
10 0.8973876000000001 0.35013044 0.37943032 0.3659401 0.42597875
3 0.8549515 0.22850017 0.63841593 0.28278020000000004 0.6854213
10 0.8170569000000001 0.28328988 0.3672312 0.30033740000000003 0.42118296
3 0.7635218 0.052545108 0.6212948 0.08497434 0.6644845
3 0.6707451999999999 0.44581866 0.52371895 0.6060945 0.65228873
3 0.5001807 0.34624496 0.64029914 0.37911305 0.67043126
3 0.47570556 0.29804093 0.6369984000000001 0.34295887 0.68575615
3 0.47036892 0.24103236 0.6349994999999999 0.29791100000000004 0.6805349
8 0.38071728 0.09292236 0.6312182 0.1457911 0.6908916
8 0.37103274 0.29576959999999997 0.63333046 0.34389183 0.68110317
3 0.35052854 0.2667443 0.633564 0.30137888 0.6804018000000001
3 0.33014899999999997 0.09080324 0.63439125 0.13991392 0.68821824
