3 0.98058426 0.37233996 0.33510578 0.63253295 0.48159108
8 0.87189597 0.623781 0.22411118 1.0 0.6761931999999999
3 0.8214985 0.048719313 0.32616505 0.12206918 0.37526134
3 0.8111161 0.31005672 0.33866775 0.3709447 0.43447363
3 0.7370118 0.8546363000000001 0.4430678 1.0 0.6931662
3 0.6151498000000001 0.30803359999999996 0.33350143 0.42934263 0.43696198
3 0.56115025 0.26196745 0.34642372 0.3192868 0.41669297
3 0.52053654 0.01162985 0.3262737 0.07732439999999999 0.38597488
3 0.47258362 0.032176197000000004 0.5500375 1.0 0.96750915
3 0.32637309999999997 0.00582543 0.5842263000000001 0.57114935 0.9801605
