3 0.7928132 0.84896445 0.6176008000000001 0.96140754 0.6972678000000001
62 0.7269317 0.13284747 0.8408099 0.58907634 0.99711823
3 0.7249137 0.04252428 0.70263016 1.0 0.98893785
3 0.5990651 0.3718055 0.5939551 0.99351686 0.97563046
62 0.5087821 0.6740756999999999 0.03514219 0.9901277 0.5402563
1 0.40325212 0.6936275 0.038278337999999995 1.0 0.4493555
3 0.37066904 0.076645225 0.7029107 0.12749797 0.7466539000000001
8 0.35500425 0.8452881999999999 0.6205183000000001 0.96132106 0.6992884
3 0.33815616 0.8381226999999999 0.6268464 0.90777004 0.7010839
3 0.33663338 0.13675962 0.6935701 0.18437625 0.73585266
