3 0.013333333333333334 0.25 0.14 0.34523809523809523
3 0.24 0.2619047619047619 0.28 0.2916666666666667
3 0.32 0.26785714285714285 0.3366666666666667 0.2916666666666667
3 0.34 0.27380952380952384 0.3533333333333333 0.2916666666666667
3 0.3566666666666667 0.26785714285714285 0.37333333333333335 0.2916666666666667
3 0.38 0.27380952380952384 0.39666666666666667 0.2916666666666667
3 0.5166666666666667 0.2857142857142857 0.55 0.3154761904761905
10 0.4566666666666666 0.21428571428571427 0.4666666666666667 0.2261904761904762
10 0.48 0.2202380952380953 0.49 0.2261904761904762
10 0.4266666666666667 0.21428571428571427 0.44 0.2202380952380953
