10 0.3 0.3630952380952381 0.31666666666666665 0.42857142857142855
10 0.68 0.4940476190476191 0.6933333333333334 0.5535714285714286
10 0.5433333333333333 0.3869047619047619 0.5566666666666666 0.4404761904761905
10 0.47 0.3809523809523809 0.4833333333333333 0.4345238095238095
10 0.3666666666666665 0.3690476190476191 0.38 0.42857142857142855
10 0.89 0.19047619047619047 0.9066666666666666 0.27380952380952384
10 0.9366666666666666 0.13690476190476192 0.9566666666666668 0.2261904761904762
3 0.0 0.5892857142857143 0.2833333333333333 0.7857142857142857
3 0.26666666666666666 0.5892857142857143 0.38666666666666666 0.7083333333333334
3 0.4 0.625 0.4266666666666667 0.6726190476190477
3 0.43 0.6488095238095238 0.4633333333333333 0.6726190476190477
3 0.5033333333333333 0.6130952380952381 0.5566666666666666 0.6845238095238095
3 0.65 0.6190476190476191 0.8066666666666666 0.7023809523809523
3 0.7633333333333333 0.6130952380952381 0.8333333333333334 0.7083333333333334
3 0.8333333333333334 0.5952380952380952 1.0 0.7321428571428571
