3 0.9855218000000001 0.45906165 0.49550489999999997 0.5989245 0.5864756999999999
10 0.9194678 0.42860323 0.31634423 0.44032073 0.3860011
10 0.9031396999999999 0.5163385 0.33048183 0.52973837 0.3744925
8 0.8477401 0.0 0.30929783 0.4006495 0.8095835
3 0.7716613 0.40342245 0.5038421 0.44358197 0.5677701
3 0.72425395 0.2852895 0.6915713000000001 0.978175 0.98152107
10 0.6483474 0.5849369000000001 0.3269094 0.598051 0.3724128
10 0.58146375 0.5139172000000001 0.32963362 0.5262760999999999 0.37121406
3 0.5806996 0.0 0.29834768 0.39415859999999997 0.79315853
10 0.35997123 0.6954442 0.46834072 0.70377916 0.5020204
