3 0.9921834 0.38126550000000003 0.33144640000000003 0.62991923 0.47848132
3 0.9515962 0.30804396 0.33238840000000003 0.37664953 0.42244342
8 0.9388291999999999 0.63190204 0.17260474 1.0 0.690721
3 0.8905542 0.2579944 0.34543902 0.32202765 0.4177554
3 0.8726109000000001 0.33624299999999996 0.33379759999999997 0.43361359999999993 0.43512407
3 0.8313299000000001 0.345391 0.34392384 0.40771154 0.43387318
3 0.7722298000000001 0.0512618 0.32891458 0.122650795 0.3716845
3 0.6975296999999999 0.011229312 0.32308936 0.060399882 0.37403697
3 0.63577354 0.24406770000000003 0.3389769 0.27819413 0.38699612
3 0.55569637 0.033296023 0.33007273 0.10647464 0.37478690000000003
3 0.492068 0.113984734 0.33665368 0.14220251 0.36476287
3 0.46817157 0.24068691 0.34095773 0.26777512 0.38360897
3 0.38459322 0.101959385 0.6373331 1.0 0.9865209999999999
3 0.33232009999999995 0.6358286 0.22141875 1.0 0.6655976
