3 0.99759585 0.0 0.6020661 0.27761057 0.792778
3 0.9969222 0.8301033000000001 0.611113 0.9954385 0.7377639
3 0.9959014000000002 0.65050995 0.6206037 0.81628394 0.70808285
10 0.97312343 0.9418745999999999 0.12707359 0.9677074000000001 0.23206192
10 0.943999 0.8948045 0.18304253 0.91576374 0.27510029999999996
10 0.94102234 0.30095673 0.36842406 0.3159593 0.42549178
10 0.9127073 0.36803964 0.38029513 0.3819553 0.4288228
10 0.89180255 0.47281143 0.38452587 0.48561862 0.43714198
3 0.88607764 0.26740646 0.59928405 0.38625290000000007 0.7124005
3 0.8801419 0.78336966 0.6252047 0.8390095999999999 0.6940071999999999
10 0.68827677 0.5480082 0.38993782 0.5626601999999999 0.44314846
8 0.6817558000000001 0.51221377 0.61693525 0.5589706 0.68324697
8 0.58166796 0.40092626 0.63066095 0.4281339 0.6710041
10 0.49298063 0.685229 0.49721447 0.69840115 0.55705404
3 0.32523233 0.40121213 0.6336418 0.42796590000000007 0.6710496
3 0.31803802 0.5118791 0.6182115 0.5588053000000001 0.6824418999999999
8 0.31085652 0.2673243 0.5991156 0.38617498 0.7147174
