3 0.99303377 0.46715716 0.5043095000000001 0.61409956 0.58943427
3 0.95409787 0.9271059000000001 0.53313506 0.9967674999999999 0.5753495
3 0.9413351999999999 0.24274895 0.50404197 0.28259167 0.54877096
3 0.76621145 0.6899605999999999 0.5144309 0.76358074 0.55648756
8 0.7597702 0.0 0.40818402 0.15384674 0.63710004
3 0.7292029000000001 0.35381705 0.50026834 0.38932422 0.5524448000000001
8 0.72683185 0.043958705 0.37545788 0.24144498 0.570778
3 0.533061 0.29047686 0.5047791 0.31014538 0.5256898
14 0.51423824 0.82282555 0.38368553 0.87637603 0.5488621
3 0.513716 0.23354056 0.49454308 0.25206167 0.5417641
3 0.51106226 0.65546936 0.5231925000000001 0.684268 0.54920936
3 0.50722927 0.0 0.3985043 0.14679901 0.63917124
10 0.35213497 0.50822526 0.39542523 0.52830863 0.41366640000000005
10 0.31233194 0.45616573 0.38772047 0.47106895 0.40528482
