3 0.9935168 0.8277945 0.61512804 0.9653611999999999 0.6932944999999999
3 0.9859838 0.09308192 0.6198134 0.16421355 0.6877295
10 0.9641270000000001 0.9236027 0.12443284 0.94760466 0.23103850000000004
3 0.9461035 0.35067844 0.63694865 0.38032737 0.6733614
10 0.9298448 0.8777531999999999 0.18195395 0.8977494 0.27646923
3 0.88648546 0.2975604 0.6203678 0.34499708 0.6803753
10 0.8787826999999999 0.45672429999999997 0.37837583 0.46921579999999996 0.42823297
10 0.875757 0.28477836 0.3635759 0.29878340000000003 0.41964382
10 0.8690934000000001 0.35323846 0.37001497 0.36729959999999995 0.4233374
10 0.8677870999999999 0.53158903 0.3863704 0.54522234 0.43907875
3 0.72496897 0.37897038 0.6318064 0.40087480000000003 0.6661018
8 0.7174074 0.22892326 0.60328454 0.29105178 0.68209493
10 0.6801642 0.66620326 0.48627650000000006 0.68101805 0.5547807
3 0.54571617 0.43969965 0.643031 0.46835086 0.6651085
3 0.52615726 0.47880280000000003 0.6508443 0.5079075 0.6669252
3 0.49613735 0.28181100000000003 0.61386293 0.30831787 0.6593413
3 0.46316805 0.03622 0.61489725 0.09316379 0.65797687
3 0.44017696 0.22597407 0.6071105 0.28975594 0.6854636
10 0.3836005 0.4591019 0.36984763 0.47228003 0.42943576
3 0.35989597 0.4291897 0.6445901999999999 0.4623473 0.66550964
10 0.34849733 0.90504575 0.18477784 0.92746216 0.24288112
3 0.32835123 0.16194598 0.6215537 0.19018996 0.6621087
