3 0.9807366 0.4844208 0.68615085 0.5604983 0.7316843000000001
3 0.9645024999999999 0.06372436 0.70109403 0.13569452 0.75617146
3 0.6522788 0.1354366 0.69061375 0.18589118 0.7396255
3 0.54134053 0.26851076 0.7945055999999999 0.9774255 0.9857421999999999
3 0.53625345 0.82429737 0.6283449999999999 0.95353633 0.7167869
3 0.50253457 0.13012373 0.70710653 0.16014403 0.7434291999999999
8 0.4809527 0.82967734 0.6262340999999999 0.95462793 0.7131172
10 0.45320427 0.44071140000000003 0.53780437 0.46233743 0.5552564999999999
8 0.39798018 0.13536058 0.6899857 0.18587276 0.74378866
10 0.36434183 0.32969123 0.5287059000000001 0.34505537 0.55405396
3 0.36220303 0.47214785 0.6821318000000001 0.49998122 0.7146113000000001
3 0.35848185 0.46830407 0.67644525 0.5174418 0.71182287
10 0.30598179 0.3805827 0.5348724 0.40089267 0.55632275
