3 0.9892896999999999 0.5796909 0.5169088 0.96716446 0.82758117
3 0.98294616 0.037403926000000004 0.4175566 0.35774595 0.75104254
3 0.9532485 0.51498395 0.49283844 0.55893666 0.55819005
3 0.9158864 0.6355968000000001 0.49613905 0.7644984 0.5951784000000001
3 0.81928366 0.46526720000000005 0.49997008 0.5088156 0.5452644
3 0.6848859 0.3455067 0.47621959999999997 0.46663895 0.56393
3 0.67260426 0.57285076 0.57369334 0.624667 0.636977
3 0.6566665 0.89180744 0.56575847 0.97836685 0.65071005
3 0.6249703000000001 0.6125976 0.51136845 0.66332257 0.5859876
8 0.5599574 0.35207438 0.47476026 0.45869386 0.5622775
3 0.54455906 0.56483454 0.5167816 0.6128773000000001 0.5596403
3 0.40839309 0.61722547 0.5167032 0.65034634 0.58881444
