3 0.9938876 0.019543007 0.533135 0.16187246 0.7415803000000001
1 0.98075104 0.90076935 0.47916928 0.9485673000000001 0.62787867
3 0.9772931 0.009138949 0.54033786 0.10181659 0.7818953000000001
3 0.9670235999999999 0.28583333 0.50846624 0.49720470000000005 0.788095
1 0.8804999 0.5491847 0.54361624 0.56956506 0.6122173000000001
3 0.87676793 0.7256888000000001 0.5354393 0.8139055000000001 0.60389644
3 0.7237941999999999 0.55626124 0.5219968 0.69364184 0.6109477
3 0.5708174 0.18437688 0.50645053 0.29511958 0.69749177
8 0.43027267 0.18761082 0.51456845 0.29757 0.6948934
1 0.3968152 0.7001558000000001 0.51792145 0.72352356 0.6066855
1 0.375945 0.51459754 0.5418270000000001 0.53608453 0.6036060000000001
8 0.34282675 0.5431617 0.52310747 0.6881189 0.61600214
3 0.30201212 0.16850922 0.57473063 0.18915522 0.6415132
