3 0.99470514 0.9241908999999999 0.6303382 0.99805415 0.7917013
3 0.99395 0.25640008 0.60619557 0.38505235 0.77826345
3 0.98829657 0.044852797 0.6135678000000001 0.3080869 0.8944854999999999
3 0.9880393 0.0 0.68512094 0.07965327 0.9976343000000001
3 0.98506194 0.5842488 0.5786345 0.87234074 0.93470055
6 0.94138825 0.45507250000000005 0.53014946 0.5463769 0.66853803
3 0.91297936 0.3704048 0.60068464 0.46667079999999994 0.71017367
3 0.90806824 0.043409403 0.60271984 0.13113931 0.69608074
3 0.8997624 0.0 0.59729934 0.04592023 0.7025874
3 0.78042734 0.44983688 0.6211084 0.4991788 0.69855696
8 0.65755796 0.5636991 0.5165657 0.6674191999999999 0.690317
3 0.65335834 0.8085857 0.6252683000000001 0.8750699000000001 0.7130941
3 0.5007465 0.85768074 0.61931735 0.9213334999999999 0.7302276
3 0.48520267 0.12665229 0.5656002 0.20397457 0.6217523
3 0.4457601 0.831528 0.61777365 0.9116806999999999 0.7245505
8 0.3673068 0.82851946 0.6128109 0.9115340000000001 0.72147596
4 0.33082408 0.56977105 0.6214079 0.60402876 0.7261903000000001
8 0.31498063 0.8583049999999999 0.6123128999999999 0.91682875 0.7287589
