3 0.13239706 0.6666035 0.810066 0.70780396 0.8400125
8 0.031688605 0.65967673 0.37999818 0.9701653 0.48733103
8 0.02523539 0.76184034 0.39703790000000005 0.92224854 0.4575169
8 0.024981262 0.6596949000000001 0.8049710999999999 0.7182206 0.8453576999999999
3 0.017437546 0.78185767 0.4016176 0.92215276 0.45776546
13 0.010079942 0.6557090999999999 0.82131284 0.7063783 0.8494626000000001
8 0.009600355 0.40975818 0.22964153 0.47294453 0.2588799
13 0.0064748795999999996 0.6653296 0.8132372 0.7199526999999999 0.8523071
3 0.0055772103000000005 0.70115644 0.3944627 0.9468200000000001 0.48457775
8 0.005159616 0.43195546 0.22982036 0.49001482 0.25864768
3 0.0027329351 0.40742984 0.22856550000000003 0.47376993 0.25940198
8 0.0020594643 0.3888862 0.22849402 0.45615762 0.25794837
3 0.0020487832000000003 0.76675093 0.39283255 0.90446717 0.4699875
2 0.0020031729 0.65188056 0.81000775 0.73668903 0.8419369000000001
13 0.0014212613000000002 0.41561916 0.22772425 0.4686455 0.26463822
8 0.0012602166 0.58982366 0.43586177 0.64449745 0.47479022
8 0.0010641289 0.774176 0.38302866 0.8837393 0.471308
8 0.0008197203999999999 0.5952045 0.3852554 0.8284434000000002 0.48089972
7 0.0007224522400000001 0.62576276 0.8029418 0.72521925 0.85630333
1 0.0007126445 0.6474847 0.8133864000000001 0.697673 0.8471301999999999
8 0.0006835758999999999 0.1613214 0.26421642 0.75047517 0.736603
8 0.0006452147 0.1369842 0.11328888 0.46908256 0.80068827
8 0.00064247753 0.5999827 0.43324602 0.6603859000000001 0.47615546
8 0.0006024149 0.005704689000000001 0.24749535 0.372285 0.90771353
3 0.0005415815 0.6225782 0.4062068 0.84882444 0.49821708
8 0.0005313037 0.09344970400000001 0.20769183 0.6949369000000001 0.64242625
3 0.0005244193599999999 0.42766909999999997 0.2299272 0.4954022 0.25905302
8 0.00051079126 0.46015716 0.44696352 0.8182944000000001 0.8971674000000001
8 0.00050286204 0.5235108 0.21752928 0.8801962999999999 0.89985955
8 0.00049948745 0.16548653 0.31775570000000003 0.5227255999999999 0.86919904
11 0.00048214324999999996 0.66368854 0.80394495 0.700936 0.84768355
3 0.00045802162000000004 0.42718303 0.44634196 0.8850494000000001 0.95590067
13 0.00045720144 0.7902989 0.40339872 0.8975598 0.45590425
6 0.00044843878 0.65014416 0.81379455 0.7100981 0.84866834
13 0.00043408482000000003 0.14433438 0.12354149 0.8790994000000001 0.8317558
13 0.00042343465999999995 0.43410479999999996 0.22591543 0.48817936 0.26449814
3 0.00038188904999999997 0.6003514 0.4393809 0.652946 0.48151958
13 0.00037801397000000004 0.39541742 0.22630356 0.45314670000000007 0.26313874
8 0.00035464854 0.6082996 0.42975104 0.6866083000000001 0.47386807
3 0.00032953352999999996 0.20460731 0.2662219 0.89233756 0.772663
13 0.0003013497 0.13719253 0.15720938 0.56105363 1.0
3 0.00030070522999999996 0.12725839 0.21048588 0.56819546 0.9278616
8 0.00029517972 0.069088325 0.1002962 0.39401045 0.5453703000000001
8 0.0002850467 0.6195763000000001 0.42705557 0.7201239 0.47181347
1 0.00027830215 0.668465 0.81447864 0.7153210999999999 0.85084766
3 0.00027720737999999996 0.047998942 0.18406568 0.3924719 0.6961544
3 0.0002724882 0.04117216 0.30473834 0.44439300000000004 1.0
5 0.00027046225 0.63893056 0.82054096 0.699088 0.8505668
8 0.00026411990000000003 0.42498207 0.7196694 0.91086155 0.9525518
8 0.00025477189999999997 0.4473666 0.16266124 0.79118633 0.84545505
13 0.00025262372000000005 0.0 0.009837596 0.42727762 1.0
13 0.00024477453999999997 0.53075695 0.022849883999999997 0.9522209 0.97456586
8 0.00023581432 0.65793675 0.43008485 0.74223745 0.47068635
3 0.00022461034 0.33924679999999996 0.20222127 0.8087475000000001 0.98459965
8 0.00021791375 0.5336854999999999 0.14386564 0.8613224 0.7030947
3 0.0002161838 0.52956086 0.25193086 0.9234271000000001 0.99963534
13 0.00020045733 0.43241668 0.32222667 0.8787668 1.0
13 0.00019929199000000001 0.5930694000000001 0.40267166 0.81442434 0.51917315
11 0.00019705991000000002 0.6850282 0.80401397 0.72614807 0.8474065000000001
8 0.00018364831000000002 0.35440309999999997 0.19585775 0.6949826 0.8458252
2 0.00017519615000000002 0.41699135 0.22593936 0.4900486 0.2598598
3 0.00017118355 0.40026823 0.14815338 0.8336995 0.7144263000000001
13 0.00016960916000000002 0.02613451 0.0 0.46659118 0.66196567
8 0.000163943 0.3691455 0.13198385 0.7383729 0.62435037
6 0.0001564493 0.6595204000000001 0.81135255 0.7351274 0.8512783000000002
13 0.00015319008 0.35857403 0.08615387 0.78617173 1.0
3 0.00015257018 0.62980497 0.42604604 0.75865066 0.49155426
8 0.0001470192 0.25151652 0.15143019 0.60481584 0.8336363000000001
5 0.00014596179 0.014031715 0.36935840000000003 0.3610381 1.0
3 0.00014514226 0.61044025 0.43617693 0.6707658000000001 0.48426703
3 0.00013981876 0.22373806 0.73656106 0.9798446 0.9872689
10 0.00013581383 0.8298546999999998 0.39724636 0.90880096 0.44716015
8 0.0001355796 0.49014464 0.06750382 0.8289744000000001 0.51806986
8 0.00013126526000000003 0.6227246999999999 0.111227624 0.9076294 0.6469716
4 0.00012973492 0.6820940999999999 0.8123431999999999 0.74321103 0.8484482
13 0.00012946091999999998 0.72710234 0.40477234 0.9268339 0.51590306
13 0.0001292285 0.7789729000000001 0.39452082 0.8661989999999999 0.47790575
8 0.00012761752000000002 0.2850018 0.31763273 0.6488313 0.8725864999999999
9 0.00012630431 0.66932946 0.81318736 0.7219274 0.8493957000000001
9 0.00012251444 0.6810694 0.8137810000000001 0.7442597 0.85376376
8 0.00012051254499999999 0.037365645 0.6116818 0.5396588000000001 0.94468415
13 0.00011954789 0.37849662 0.028050817999999998 0.8500148000000001 0.7886619
8 0.0001179427 0.10274271 0.42797959999999996 0.44520438 0.91006637
8 0.00011409191999999999 0.66743755 0.46075684 0.92304134 0.9094781999999999
13 0.0001137167 0.6256267 0.0 0.95864457 0.71399766
8 0.000108313034 0.031095447000000002 0.7229969 0.3839617 0.9616017
13 0.00010795399999999999 0.5868343 0.44142842 0.64609253 0.47738567
8 0.00010641353000000001 0.28049609999999997 0.0632875 0.72781414 0.39395290000000005
5 0.000106274536 0.118545756 0.21801263 0.5101720000000001 0.8931549000000001
8 0.00010596771999999999 0.4610692 0.040536575 0.8178086999999999 0.28831106
8 0.00010554721000000001 0.23403983 0.44893056 0.60071784 0.8843021000000001
8 0.00010544342500000001 0.028413962999999997 0.08220548 0.26400074 0.8078829000000001
5 0.00010352113000000001 0.6569746999999999 0.82118845 0.7235575 0.8535309999999999
11 9.986386999999998e-05 0.8346484000000001 0.3883263 0.8957716999999998 0.4617835
8 9.579149e-05 0.018559808 0.39201978 0.3042708 0.9537790999999999
1 9.4202616e-05 0.7901708000000001 0.4133279 0.88942695 0.45591632
8 9.304408000000002e-05 0.537229 0.38504735 0.74687773 0.48715648
8 9.184802e-05 0.57931036 0.43682390000000004 0.6274354999999999 0.47284594
8 9.1198606e-05 0.014997308999999999 0.41190129999999997 0.04431531 0.4485871
8 9.065799000000001e-05 0.04319235 0.05276114 0.41102913 0.42483792
8 9.042538e-05 0.63919365 0.18882823 0.9132072 0.9548613000000001
8 8.745400600000001e-05 0.6768689999999999 0.42976227 0.9079264000000001 0.68380904
8 8.6908556e-05 0.7759615 0.40259394 0.87313145 0.45569840000000006
3 8.411578999999999e-05 0.22885272 0.47231239999999997 0.75111175 0.9989316999999999
6 8.0153215e-05 0.40217865 0.23280157 0.48408270000000003 0.2605287
3 7.9507605e-05 0.61379206 0.43277170000000004 0.706734 0.48642793
7 7.932063e-05 0.39960915 0.22463664 0.47154936 0.2654942
5 7.908285600000001e-05 0.17453788 0.43504497 0.53151155 1.0
13 7.8304736e-05 0.45159087 0.0 0.9454880999999999 0.31027278
12 7.823394e-05 0.8147013000000001 0.40658852 0.922867 0.45683270000000004
8 7.7655146e-05 0.80775833 0.38862870000000005 0.90236145 0.4288741
12 7.5674434e-05 0.6531501000000001 0.80563515 0.73316336 0.8353961999999999
9 7.549128e-05 0.81636566 0.4091489 0.9037955 0.45703125
2 7.513002e-05 0.8061569000000001 0.39339444 0.91099423 0.44998533
6 7.479680000000001e-05 0.7864941999999999 0.40607342 0.9459095 0.46010906
5 7.363512e-05 0.40582457 0.23380488 0.46676984 0.26463252
8 7.280679e-05 0.66123646 0.35364258 0.9457 0.5876519
8 7.212841e-05 0.266942 0.7534107 0.80246186 0.9441803
5 7.078265e-05 0.030905532000000003 0.30683845 0.7481164 0.74776083
12 6.921255e-05 0.66008765 0.8005513000000001 0.7532042 0.83738285
13 6.88398e-05 0.27410835 0.0 0.9245211 0.47125626
10 6.88286e-05 0.6790944 0.80499786 0.73048306 0.8576034
3 6.8600915e-05 0.04448343 0.6518031 0.6566053000000001 0.9925744000000001
1 6.767404999999999e-05 0.40080234 0.2253639 0.46094453 0.25689533
4 6.713655e-05 0.65776414 0.81317055 0.7207454000000001 0.8440873
10 6.681825e-05 0.43448833 0.22661662 0.48289257 0.2644098
8 6.608755999999999e-05 0.24698776 0.6326508000000001 0.8120488 0.95414454
8 6.507634e-05 0.70498115 0.25615874 0.91092825 0.74827886
5 6.492023e-05 0.7760570999999999 0.41524440000000007 0.90658295 0.45821428
3 6.403511e-05 0.82378936 0.38828564 0.91654295 0.42322922
3 6.118337e-05 0.6407829 0.18627451 0.9495435999999999 0.7197418000000001
12 6.0568233e-05 0.417792 0.22566234 0.48156579999999993 0.25658098
11 6.0344053e-05 0.8178189 0.39363116 0.87266064 0.45951656
3 5.9807513e-05 0.08051222 0.47061485 0.55342335 0.9974754000000001
3 5.9206166e-05 0.45721823 0.6370302 0.95078987 0.9931007
9 5.790692699999999e-05 0.28223187 0.19861497 1.0 0.90582013
8 5.723558000000001e-05 0.636275 0.41329288 0.7235394 0.48078233
9 5.7170382e-05 0.42183974 0.2331819 0.4776027 0.26003426
13 5.6642795e-05 0.49127105 0.0 0.96258515 0.5651354999999999
13 5.6402176e-05 0.5932063 0.43708268 0.66640043 0.47625422
5 5.491887e-05 0.0 0.23263492 0.34823707 0.72591656
8 5.4786105e-05 0.419914 0.061378199999999994 0.79136646 0.4070264
10 5.3629297e-05 0.8569068000000001 0.39644083 0.9268059000000001 0.44811612
5 5.353166999999999e-05 0.20606819 0.38108256 0.92877674 0.7731925999999999
13 5.1717667000000004e-05 0.21968305 0.33387545 0.7035795 1.0
13 5.1464026999999994e-05 0.0 0.004587555 0.26789270000000004 0.71676594
8 5.027960999999999e-05 0.28555337 0.121369325 0.65380466 0.5956236
13 4.948576e-05 0.23042488 0.6722384 0.8786275 1.0
8 4.8465276999999995e-05 0.027079142999999996 0.02283689 0.3714682 0.3133687
4 4.7436297000000004e-05 0.42344588 0.23082311 0.4802768 0.25916907
7 4.7290396e-05 0.060434647 0.14141636 1.0 0.7728326
8 4.578263e-05 0.021038837999999997 0.4339616 0.049019035 0.47162405
8 4.354103e-05 0.5698106 0.32386512 0.9192814 0.5598816
10 4.3457745000000006e-05 0.69886434 0.79840755 0.74520147 0.8603225
8 4.2523522999999997e-05 0.5891703 0.4203362 0.64181805 0.45163329999999996
10 4.1965457e-05 0.8142090999999999 0.40583965 0.88806593 0.44996887
5 4.1941432000000006e-05 0.049232233 0.18276276 0.42937040000000004 0.6264761999999999
8 4.1339074e-05 0.5104616 0.24877043 0.568321 0.27944857
11 4.115437299999999e-05 0.42705950000000004 0.22579852 0.46659908 0.26348794
8 4.0106795e-05 0.64344025 0.41645348 0.7202923000000001 0.45258784
1 3.9281033e-05 0.0 0.21872962 0.386959 0.87621766
1 3.829347e-05 0.0 0.0744646 0.5067868 0.74572176
1 3.8050820000000006e-05 0.0 0.15315944 0.713041 0.59547436
2 3.8014503e-05 0.44147336 0.22655752 0.50963026 0.2589451
3 3.786365e-05 0.02402914 0.7509245 0.49490553 0.98266137
9 3.727373e-05 0.04864513 0.13966095 0.44244578 1.0
9 3.7094887e-05 0.15538096 0.033999432 0.56190723 1.0
5 3.6456866e-05 0.09536444 0.39687893 0.44100782 1.0
7 3.6032547e-05 0.37562767 0.34866017 0.96546924 1.0
8 3.5574506999999995e-05 0.6677983000000001 0.41732806 0.73719585 0.45402014
8 3.551881e-05 0.010298595 0.18035810000000002 0.23036501 0.9721806999999999
3 3.5390734e-05 0.04237256 0.1977846 0.32622507 0.8976629
3 3.5212623e-05 0.19308506 0.14207022 0.6726059 0.72046685
2 3.4834087e-05 0.31708598 0.18595810000000002 1.0 0.73575103
9 3.4729753999999995e-05 0.6182002 0.1295491 1.0 1.0
5 3.452099e-05 0.22257770000000002 0.28969026 0.57546526 1.0
3 3.4266985e-05 0.07870466 0.12504922 0.5159659000000001 0.47461957
7 3.4213037e-05 0.795295 0.39886114 0.9032798000000001 0.46742153
4 3.4073476999999995e-05 0.8105944 0.39636323 0.90753376 0.45514944
3 3.380433e-05 0.47767550000000003 0.050688095 0.93059874 0.33274812
13 3.3112836000000004e-05 0.6672362 0.2531965 0.96848637 0.9457356
13 3.2888204999999995e-05 0.75414664 0.38127568 0.9607209999999999 0.50225127
11 3.1402406999999995e-05 0.80802184 0.36093995 0.85870296 0.48619652
13 3.1342656999999996e-05 0.15094522 0.039625957999999996 0.6635618000000001 0.7205328000000001
8 3.0992556e-05 0.14078613 0.06880117 0.6081446 0.41292298
13 3.09117e-05 0.6536154000000001 0.43510696 0.7550137 0.47779638
12 3.0536383e-05 0.22961383 0.13103943 1.0 0.56049705
2 3.0457087999999997e-05 0.39974463 0.22635798 0.47215125 0.25765774
8 3.0447174e-05 0.69520843 0.4170284000000001 0.75553083 0.45467132
3 2.9946481e-05 0.5247079000000001 0.111880906 0.9228700000000001 0.59220284
3 2.9690002e-05 0.7370587 0.36955044 0.9381239 0.5057493
8 2.9599241e-05 0.04441539 0.022233684 0.28249615 0.46648988
1 2.9551407e-05 0.058809392 0.18699627 0.8373898000000001 0.6549238000000001
3 2.9378564999999998e-05 0.32945168 0.08455022400000001 0.8879706 0.470426
13 2.8940787e-05 0.46351677 0.6813587 0.8976058000000001 1.0
9 2.8711089e-05 0.8417752000000001 0.40865440000000003 0.92817473 0.45300537
12 2.8617513e-05 0.44303298 0.22483307 0.5027623999999999 0.25773520000000005
1 2.8571063e-05 0.025021305 0.24347886 0.5270688 0.85788393
8 2.8540186e-05 0.38436428 0.83351636 0.8713034 0.9667502
6 2.8524759999999996e-05 0.42463768 0.23303595 0.5012893 0.2593629
9 2.8056145e-05 0.79317075 0.3983095 0.9828491 0.49194790000000005
8 2.762877e-05 0.7085295 0.3496686 0.9357924999999999 0.5021840999999999
13 2.6847014e-05 0.021196326 0.0 0.6271991 0.48194209999999993
1 2.6559503e-05 0.6775033 0.38670433 0.9032134 0.47252575
5 2.6418247000000003e-05 0.48191214 0.5957596 0.8546651 1.0
9 2.633098e-05 0.11503719 0.12825415 0.8494046000000001 0.93779767
3 2.6164949999999998e-05 0.662191 0.47294200000000003 0.95107055 1.0
2 2.6133285999999998e-05 0.5423134000000001 0.4047388 0.911674 0.9137854
7 2.6011334000000003e-05 0.44551045 0.04770167 1.0 0.99625796
8 2.5483265e-05 0.023501214 0.60198647 0.28130993 0.99280864
5 2.5439402e-05 0.30387306 0.31846908 0.6719508000000001 1.0
2 2.5243357999999998e-05 0.060094204000000005 0.22711436 0.48594007 0.904739
5 2.5066457999999996e-05 0.42960262 0.23538070000000003 0.48734546 0.26375264
5 2.4950839999999998e-05 0.40987277 0.25455722 0.82730514 0.7563386
5 2.4886376e-05 0.39139193 0.35366770000000003 0.7598292 1.0
1 2.4499754e-05 0.7662428000000001 0.40377858 0.84880626 0.46242434
8 2.4493145e-05 0.15942821 0.12984462 0.54464626 0.6210043000000001
13 2.4397108e-05 0.5270922 0.40695712 0.7718548000000001 0.51427054
5 2.414012e-05 0.70799506 0.4182612 0.9604679 0.510975
10 2.3934396999999998e-05 0.41404617 0.22827922 0.4623648 0.26062277
2 2.3772172e-05 0.77779037 0.36904517 1.0 0.5077721
2 2.3654418e-05 0.20075822 0.13117063 0.6154044 0.8332616
12 2.3488183e-05 0.15154812 0.0 0.6728853 0.6304422
13 2.3289396e-05 0.00035083769999999997 0.6526503 0.43914917 1.0
12 2.3214721e-05 0.40369087 0.22485203 0.46247536 0.2594342
5 2.3140617000000003e-05 0.77112806 0.40757972 0.86034256 0.4810223
2 2.3043927e-05 0.6166027 0.07712433 0.97698385 1.0
13 2.280785e-05 0.037286624 0.54321295 0.5732123 1.0
8 2.2787637e-05 0.6858993 0.43333852 0.7571553000000001 0.47119132
1 2.2782186999999998e-05 0.0 0.08778338 0.37028304 0.53669596
10 2.2774784e-05 0.45714859999999996 0.22973758 0.50236285 0.26169652
3 2.2736835e-05 0.80547196 0.39527425 0.93616956 0.47026357
5 2.273232e-05 0.38491425 0.2328024 0.4482299 0.26472935
12 2.2369737e-05 0.7117098000000001 0.37078598 0.9992158000000001 0.4701594
13 2.2006689e-05 0.0 0.0 0.41104493 0.32965684
3 2.1667815e-05 0.5853135 0.4423638 0.6365153 0.47689903
5 2.131837e-05 0.58958566 0.38950896 0.93691367 1.0
11 2.1275988e-05 0.83240825 0.32493275 0.96622694 0.51798517
11 2.1224103e-05 0.8567982 0.38946655 0.9164263000000001 0.46350685
3 2.1207613999999998e-05 0.5788247 0.41374170000000005 0.802589 0.50701755
8 2.1095691e-05 0.8153869 0.40085563 0.93260473 0.45646587
9 2.1069372e-05 0.4207331 0.11315542 0.851605 1.0
13 2.0701664e-05 0.6475649 0.3679976 0.9564199000000001 0.6981041
1 2.0618989e-05 0.37861857 0.22487510000000002 0.44306538 0.25636129999999996
5 2.043047e-05 0.3723783 0.5930274999999999 0.72663724 1.0
12 2.0285368e-05 0.8132876 0.40099070000000003 0.8905588 0.46935192
7 2.0260268000000002e-05 0.027340315 0.06289342 0.5969166 0.9980288
7 2.0084059e-05 0.37815756 0.22398804 0.44514686 0.26539993
1 2.0044470000000002e-05 0.5070835 0.40843229999999997 0.7711994000000001 0.49746419999999997
7 2.0018923999999998e-05 0.42467567 0.22636109999999998 0.49311966 0.26376745
3 1.997897e-05 0.68139726 0.43267253 0.9717380999999999 0.7443135999999999
1 1.9281904e-05 0.69668317 0.41413298 0.92361003 0.50290126
6 1.9170728e-05 0.18572353 0.23000458 0.9978759 0.678201
9 1.8979526e-05 0.030455207 0.030559922000000003 0.395862 0.86351943
8 1.8915644e-05 0.62448144 0.41499126 0.7005833 0.4514897
9 1.8489834e-05 0.8007310999999999 0.41138023 0.8813021000000001 0.4589326
2 1.8102386e-05 0.7918614 0.39992556 0.89581877 0.44373327
1 1.8022557999999998e-05 0.42305148 0.22693609 0.48049 0.25624833
10 1.7944472e-05 0.8375883 0.3826155 0.8887434000000001 0.4700577
13 1.7942190000000002e-05 0.7641937 0.40476346 0.8575292999999999 0.45411435
9 1.782646e-05 0.44254878 0.033373006000000004 0.8880140999999999 0.9274693000000002
6 1.7814129999999998e-05 0.053793713 0.194438 0.6270128 0.763471
10 1.7799299e-05 0.8481707 0.32848649999999996 0.99365973 0.49468425
6 1.7204735e-05 0.10309261 0.3829517 0.65902174 0.8848686
12 1.7169095e-05 0.033219337 0.027409414 0.96013886 0.5103268
1 1.7059445e-05 0.78858984 0.40327087 0.86998326 0.46285945
5 1.7047945e-05 0.47296786 0.34469809999999995 0.8829077 0.9445037000000001
6 1.7035562e-05 0.0 0.26349828 0.5011635999999999 0.85372967
12 1.6918435e-05 0.186724 0.13076986 0.71895874 0.7335038
8 1.683655e-05 0.013784478999999999 0.9200366 0.09925729999999999 0.98731226
6 1.6820064e-05 0.37695506 0.23384161 0.46814564 0.25782675
10 1.6734246e-05 0.478117 0.12117938 1.0 0.8404999
3 1.6606553e-05 0.71720624 0.27604290000000004 0.9434883 0.82004994
1 1.6559043e-05 0.44830829999999994 0.097594045 0.9481665000000001 0.8560673000000001
7 1.6501072e-05 0.27842608 0.06275126 0.8956561 1.0
2 1.6271842e-05 0.590946 0.42957866 0.66943884 0.47148490000000004
13 1.6157435e-05 0.60260046 0.43481314 0.69954234 0.47593305
7 1.5844302e-05 0.6927019 0.36049032 0.96462876 0.5261962
4 1.546232e-05 0.8393978000000001 0.39239603 0.91780967 0.45109579999999994
12 1.5424246e-05 0.021669501 0.045544792 0.5582125 0.74415064
12 1.5259764e-05 0.31157818 0.0 0.7902434 0.6979528
7 1.5252284e-05 0.0 0.12412018 0.49028036 1.0
11 1.5105198e-05 0.8319859000000001 0.3508325 0.8807733 0.4871629
10 1.4999539e-05 0.8127554 0.395635 0.86901474 0.47087613
4 1.4959709e-05 0.41736066 0.22144458 1.0 0.6839019000000001
1 1.4901068e-05 0.13452314 0.10047313 0.66327435 0.82085717
9 1.4793904500000001e-05 0.5279674 0.40162492 0.95138824 1.0
8 1.4654260000000002e-05 0.02519392 0.0069622104 0.4194464 0.16012292
1 1.4651722e-05 0.28004056 0.08965189999999999 0.81679755 0.57779133
5 1.4636231e-05 0.7902335 0.41168863 0.88098836 0.48749563
3 1.4507049e-05 0.058256052 0.07155339 0.48148054 0.33796346
5 1.4281524e-05 0.02635973 0.14402111 0.44712493 0.43877617
3 1.4033199e-05 0.029673852 0.4373502 0.26136550000000003 1.0
8 1.3834297999999999e-05 0.40431914 0.33516103 0.8123635 0.5680239
8 1.3671866e-05 0.60968995 0.41612643 0.676838 0.45337567
2 1.3643855e-05 0.43308997 0.16352685 0.82554907 0.9771315
1 1.3564896000000002e-05 0.371595 0.40850604 0.84756947 0.91149265
1 1.3352049e-05 0.5683062 0.44149750000000004 0.63936806 0.4730719
9 1.3217551000000001e-05 0.32146242 0.064337365 0.73142546 1.0
10 1.3213933999999999e-05 0.156996 0.062230226 0.5131851 1.0
