3 0.9981989 0.6267946 0.38784337 0.8981511999999999 0.5202769
3 0.9964588 0.015502203999999999 0.3580737 0.40984842 0.5617966
8 0.13237046 0.0 0.32640052 0.4072741 0.58886987
8 0.010121311 0.044794034 0.31660409999999994 0.30237270000000005 0.59777933
8 0.0065201065 0.62587863 0.38301715 0.8889183 0.52750754
13 0.0063616578 0.050129928 0.3453934 0.5105215999999999 0.6572733000000001
8 0.0052335504 0.0027444458 0.21870163 0.38058257 0.8030670999999999
13 0.0051262476 0.6951643 0.40739718 0.9538583 0.5353418000000001
3 0.0043164208 0.02072567 0.35477334 0.32208648 0.51885664
13 0.004190251 0.6174485 0.42658937 0.82737595 0.5534779000000001
13 0.0024922772 0.029677600000000002 0.34899998 0.27382416 0.6516257
13 0.0023359845000000003 0.68737066 0.43769908 0.9344033000000002 0.55595565
8 0.0012792007 0.05304552 0.392797 0.3065695 0.5617273
9 0.0010494369 0.16814691 0.35448152 0.56743157 0.5734938
13 0.0010397477 0.11086755 0.40208915 0.37466009999999994 0.5362855
13 0.0009963628 0.060991246 0.4276232 0.42553747 0.67972445
1 0.00095191674 0.026838722000000002 0.37548998 0.45018896 0.58438694
13 0.0009175999400000001 0.10137379 0.39382592 0.3195412 0.58273375
9 0.0008994114500000001 0.038689815 0.32181013 0.3426889 0.59830356
9 0.0008623074 0.0993058 0.34028092 0.44022048 0.5767829000000001
4 0.0008424143 0.22394258 0.3046123 0.6341719 0.6432429000000001
8 0.0008315528 0.026064796 0.39643959999999995 0.42745459999999996 0.8419369000000001
12 0.0007572663 0.0050979805999999996 0.2722593 0.5821033 0.55424726
7 0.0007540550400000001 0.010933971 0.24647121 0.53267646 0.6701835999999999
5 0.0006724092999999999 0.0 0.40966636 0.30474429999999997 0.6962133
3 0.00065423775 0.05376278 0.35295709999999997 0.36890623 0.9256831
1 0.0006326532499999999 0.53308225 0.41923574 0.77508116 0.5124202
9 0.00061729876 0.1021559 0.35373175 0.33268765 0.7007818
3 0.00059877336 0.06650839 0.35342503 0.42260826 0.68855256
5 0.00055714283 0.035618246 0.40272197 0.5932334 0.64555657
5 0.0005463672 0.5612114 0.40024292 0.81645966 0.5222045999999999
1 0.00050471193 0.0 0.3820719 0.18871011 0.5785581
8 0.00049506983 0.039488096 0.26959398 0.29316756 0.7878438
7 0.00048520837999999994 0.0 0.3543028 0.50007576 0.77963686
1 0.00044163080000000004 0.0 0.328909 0.28967 0.5937676
7 0.00044073502 0.0 0.22631228 0.37078872 0.7599883000000001
1 0.00042346370000000003 0.73499745 0.412392 0.9258895 0.5127090999999999
5 0.00040803506000000004 0.0 0.36682975 0.23137529999999998 0.63720226
2 0.0003893683 0.019351864 0.3443713 0.51102346 0.6377871999999999
9 0.00038132956 0.6630255 0.37984002 0.85420424 0.49987516
2 0.00037457774 0.09941885 0.21123059 0.5414054 0.5865381
11 0.00035488767999999996 0.6295725999999999 0.36168316 0.7614308000000001 0.53688926
12 0.0003419105 0.18349922 0.41774496 0.37063116 0.5578613
11 0.0003407882 0.21157558 0.2303741 0.53734505 0.605168
1 0.00034053193 0.011945151999999999 0.43834755 0.43464719999999996 0.6659158000000001
12 0.00033921913999999996 0.6619234 0.34662062 0.87004614 0.4869594
9 0.00031924017999999997 0.7832576 0.39199594 0.9773094000000001 0.50364256
5 0.0003126842 0.0 0.43960318 0.5162995 0.6981828
2 0.00029960932 0.09464247 0.29374770000000006 0.41475126 0.6686446999999999
6 0.0002983024 0.0 0.45756635 0.5407656999999999 0.697246
9 0.00029121132999999997 0.1598602 0.41548955 0.5402537 0.6382638
1 0.00029084805 0.0 0.41309306 0.31410152 0.65350884
11 0.00028116748 0.09818564 0.18965472 0.30471218 0.6872575
1 0.00028090866000000003 0.0 0.31356046 0.3154901 0.5110157
12 0.00026517943 0.0 0.19228588 0.39194188 0.49247026
12 0.00025297716 0.7476204000000001 0.40171137 0.9382386999999999 0.52133065
2 0.00024466967 0.07852559 0.24537776 0.38363093 0.56292844
7 0.00024361686000000003 0.62369084 0.35133144 0.8553183000000001 0.5317605
5 0.00022993935 0.016552009 0.44797435 0.36531195 0.76125044
6 0.00022983755 0.0 0.33765513 0.6321193 0.5981248
11 0.00022680701 0.08649799 0.28879318 0.30398000000000003 0.56229013
1 0.00022661111 0.15284654 0.40425798 0.3703818 0.52730495
6 0.00022473045 0.52459997 0.39501402 0.86498207 0.5148020000000001
12 0.00022121186000000003 0.011621399 0.24749659999999998 0.36632136 0.57275987
10 0.00021930529999999998 0.23866847 0.21410398 0.59371305 0.6280277
1 0.00021657447 0.6052247 0.39284600000000003 0.8412822 0.48849887
4 0.00021646312000000003 0.80229896 0.3526539 0.9817035 0.5108042
12 0.00021591247000000004 0.17725898 0.40920085 0.31528962 0.5899999
3 0.00020836011 0.60359204 0.4068104 0.6575923 0.44876963
12 0.00020769133999999997 0.0 0.26357213 0.44529579999999996 0.5210722
11 0.00019827035 0.039760876 0.24198495 0.20971914 0.66878134
8 0.00019794608 0.39849052 0.4169965 0.7580382 0.88494104
10 0.00019120736 0.8165206 0.3533206 0.9675449 0.52151865
8 0.00019009337 0.00807024 0.12555888 0.42476759999999997 0.5809605999999999
12 0.00018802 0.15930587 0.3765515 0.36577177 0.53332573
13 0.00018787304 0.013097201000000001 0.39455032 0.28762814 0.54465795
6 0.00018754766 0.13768826 0.39873179999999997 0.42764398 0.5449184
4 0.00018574261000000003 0.16525708 0.36685374 0.36786193 0.53701377
13 0.00018537379 0.40175375 0.29086409999999996 0.8416169 1.0
1 0.00018115011000000003 0.12144713 0.4280599 0.35598332 0.54779285
7 0.00017981685 0.54794663 0.37883207 0.7879421999999999 0.5477819
5 0.00017746737 0.0 0.38396615 0.44764608 0.58057076
11 0.00017382177 0.6900496 0.37412757 0.8170245 0.49895290000000003
8 0.00017365256999999997 0.026261806000000002 0.27248803 0.57355255 0.7267079000000001
1 0.00016499238 0.6877049 0.4214887 0.8941009 0.51719856
1 0.00015625222 0.12340566 0.41134062 0.2889038 0.5685085
11 0.00015584024 0.11471064 0.26783982 0.4428501 0.7155443
7 0.00015231883 0.71163785 0.36109835 0.9302950999999999 0.5480756999999999
9 0.00014657235000000002 0.16394547 0.41837257 0.40045372 0.6901406999999999
4 0.000145836 0.1507516 0.36753598 0.62797344 0.70409226
10 0.00014241596999999998 0.15057513 0.39330935 0.34396988 0.54192424
13 0.00014231449 0.017253265 0.26739850000000004 0.4055581 0.85535496
5 0.00014039433000000002 0.62831694 0.40041370000000004 0.88549453 0.5029534000000001
6 0.00014020593000000001 0.6231956999999999 0.36184567 0.9009502 0.49967596
1 0.00013839121999999999 0.72857744 0.43644124 0.9461765999999999 0.5408826999999999
13 0.00013579275 0.0 0.13214569 0.35576454 1.0
8 0.0001344098 0.48405406 0.46907213 0.88681716 0.8966911
3 0.00013124704 0.4000405 0.46801509999999996 0.82468057 0.98225
10 0.00013101002 0.12593748 0.255198 0.41311523 0.6750946999999999
8 0.00012809834 0.12981452 0.4414487 0.5012149 0.85009176
4 0.000120203666 0.11883369 0.28412729999999997 0.60191715 0.58203655
7 0.00011693576999999999 0.10524486 0.39001322 0.32220740000000003 0.57557976
13 0.00011619316999999999 0.07964803 0.3755953 0.33372864 0.51153505
7 0.00011532571000000002 0.0 0.29252055 0.22640292 0.6986068
10 0.00011410408000000001 0.6600323 0.37373435 0.8614083 0.485195
4 0.000113909075 0.19647357 0.34345929999999997 0.398554 0.5009404000000001
10 0.00011367559 0.18380176 0.36131814 0.30830085 0.5521376
6 0.0001103924 0.6772517 0.4033075 1.0 0.5406248
3 0.00010643658000000001 0.2932141 0.4259643 0.40221304 0.5508365
12 0.00010212549000000001 0.060129385 0.2880656 0.29470596 0.62168133
10 9.9254576e-05 0.17746252 0.36865458 0.36838165 0.5085273
3 9.746610999999999e-05 0.026431312999999998 0.34437442 0.27100387 0.45120165
1 9.583381999999999e-05 0.0 0.46474627 0.19070464 0.6474289000000001
10 9.3572286e-05 0.06999743 0.370587 0.2549074 0.5989734999999999
11 9.3010196e-05 0.16100837 0.17583907 0.35617137 0.75759673
8 9.2920534e-05 0.5143375 0.32446906 0.8855543 0.6101786
8 9.043332e-05 0.41986465 0.26283390000000006 0.8156167 0.92924094
4 9.0038295e-05 0.08437107 0.27348548 0.48618275 0.5253267
6 8.93651e-05 0.0 0.32586563 0.42885402 0.64831793
5 8.673355e-05 0.59888434 0.41811123 0.86154133 0.5500434000000001
9 8.627938e-05 0.16858520000000002 0.41725367 0.37504527 0.5354625
9 8.572795e-05 0.19668609 0.39228943 0.40358675 0.50990665
10 8.446764000000001e-05 0.021392877999999997 0.25938386 0.3603882 0.5563564000000001
7 8.326356e-05 0.5856522 0.39722648 0.84532654 0.5913755
13 8.280006e-05 0.6686281999999999 0.40743909999999994 0.85253036 0.5740590999999999
4 8.098125e-05 0.08935851 0.30018386 0.4016197 0.64174527
9 7.859746e-05 0.6168373 0.3976192 0.79268754 0.5336549
9 7.834356e-05 0.05227512 0.34154838 0.25010836 0.7132807
9 7.568762499999999e-05 0.19459935 0.36537114 0.44751316 0.6753952
6 7.4469186e-05 0.0 0.38160077 0.34094536 0.60057294
7 7.3141986e-05 0.13594975 0.3698171 0.3575177 0.5510416
10 7.154969e-05 0.09301235 0.30407563 0.32322472 0.66473585
12 7.081055999999999e-05 0.06955080000000001 0.28600890000000007 0.45066709999999993 0.58154696
2 6.8788584e-05 0.72824585 0.35350886 0.9352911 0.54195845
5 6.752446e-05 0.02509491 0.5371338000000001 0.31787163 1.0
4 6.748929e-05 0.7232975 0.36158293 0.96193564 0.51650655
5 6.7416986e-05 0.074080564 0.42151317 0.36896506 0.5643038
13 6.7073226e-05 0.60099316 0.40656605 0.66535646 0.45984483
8 6.539346e-05 0.04234987 0.13105673 0.27684754 0.6309146
8 6.384299e-05 0.21268566 0.2702349 0.6956171999999999 0.7659005
1 6.375875e-05 0.50705975 0.44022137 0.76383317 0.53360045
1 6.3535736e-05 0.59006774 0.45445284 0.8147856 0.5511008000000001
6 6.304616e-05 0.60480976 0.42754304 0.8987267 0.5527469
10 6.30075e-05 0.60717255 0.39808723 0.8339978000000001 0.52194047
5 6.180746e-05 0.7261132 0.416134 0.9943870000000001 0.5512319999999999
6 6.0052636e-05 0.116220556 0.41638580000000003 0.35657182 0.6003556
10 5.9767534999999996e-05 0.20151159999999999 0.23451015 0.46569654 0.7400928000000001
3 5.9009304e-05 0.042554233 0.38950359999999995 0.34750998 0.5899858
5 5.811848000000001e-05 0.11780613 0.4137281 0.30108845 0.61379695
13 5.7636830000000006e-05 0.0 0.37484065 0.21425621 0.5163641999999999
1 5.6448137999999996e-05 0.05912243 0.3968164 0.27188784 0.5330128000000001
6 5.5960616e-05 0.0 0.24500284 0.44673088 0.5517445
3 5.576081999999999e-05 0.034923114 0.23916590000000001 0.39406517 0.5953214
11 5.5416804e-05 0.8090019 0.36238968 0.9455522 0.5107339
1 5.5047603e-05 0.6152920000000001 0.43199745 0.8331961999999999 0.52972126
3 5.4621559999999996e-05 0.07468511 0.46732718 0.4974362 0.9650334999999999
13 5.444098000000001e-05 0.48548812 0.29435453 0.9528123 0.9192775
4 5.2696904999999994e-05 0.65365833 0.35363975 0.9362246999999999 0.47615063
4 5.209505e-05 0.21526810000000002 0.29786277 0.4649295 0.6757118000000001
9 5.150406e-05 0.65270805 0.41606499999999996 0.83878666 0.53630424
9 5.1367173000000005e-05 0.7227709 0.41797137 0.91248083 0.5264911
10 4.8703190000000004e-05 0.7285258000000001 0.3659711 0.9228099 0.51135916
10 4.7507416e-05 0.044448774 0.24579829 0.47345075 0.6166074
6 4.5737546e-05 0.054521665 0.41701743 0.35197777 0.5410191
8 4.4732766e-05 0.026895389 0.39682496 0.19136028 0.557057
8 4.4671836999999996e-05 0.6260551 0.4873488 0.92877394 0.9060693000000001
9 4.378528e-05 0.06694797 0.2793148 0.354221 1.0
2 4.3757842e-05 0.6098051999999999 0.35879970000000005 0.8518995999999999 0.46785614
3 4.324122e-05 0.6891586 0.39369288 0.8252627 0.45212179999999996
11 4.2520453e-05 0.7452810999999999 0.36653945 0.86921513 0.53880286
3 4.2440755e-05 0.14765073 0.37330762 0.4217769 0.53537416
8 4.1850602e-05 0.3044923 0.20481212 0.64553696 0.89306116
4 4.1441122e-05 0.1398699 0.3285652 0.42843848 0.7422493
5 4.123055e-05 0.11067508 0.39791614 0.40047634 0.5420768
8 4.0337603e-05 0.14166245 0.13125902 0.46068275 0.7292962
11 3.9751892e-05 0.21830726 0.19208743 0.41825077 0.6903606
6 3.9709495e-05 0.0 0.46754268 0.32169345 0.64354295
13 3.9133927e-05 0.5918119000000001 0.39935225 0.79761815 0.5349384
5 3.8752674e-05 0.0 0.46972707 0.3183783 0.86469984
11 3.8404872999999995e-05 0.20213744 0.39109045 0.34443012 0.5338475
8 3.7131640000000005e-05 0.06929637 0.26230434 0.35155190000000003 0.64652073
9 3.6994390000000005e-05 0.16512741 0.41217268 0.30767690000000003 0.5852838
13 3.694256e-05 0.59156895 0.32476863 0.9075261999999998 0.6750486
5 3.6617304e-05 0.5324561999999999 0.41622373 0.75468 0.56022304
11 3.6380952000000005e-05 0.66160065 0.37961873 0.80811036 0.56129223
3 3.354028e-05 0.26580262 0.45479372 0.40475259999999996 0.563902
8 3.3115244e-05 0.63471746 0.26522249999999997 0.84369236 0.65308565
9 3.307534e-05 0.07361625 0.40565759999999995 0.2938975 0.6490077
10 3.2596559999999996e-05 0.123109795 0.3256461 0.6182659 0.7333685000000001
2 3.211782e-05 0.07692222 0.16102783 0.4971423 0.7772760999999999
11 3.2047443e-05 0.19476254 0.32921633 0.28993797 0.554609
2 3.190067e-05 0.117669724 0.39534855 0.34117207 0.5663488
5 3.179476e-05 0.108085476 0.6135779 0.45253226 1.0
8 3.1508083000000004e-05 0.29757547 0.4357776 0.369827 0.5436365
13 3.0412742e-05 0.53955424 0.3345243 0.9707855 0.5879625
5 3.0353105e-05 0.0055499934 0.41443690000000005 0.29839146 0.55679905
8 2.9587392e-05 0.595446 0.40442890000000004 0.6485149 0.44904099999999997
1 2.9391113e-05 0.0 0.1649642 0.33576515 0.7835366
6 2.8202474000000002e-05 0.50933695 0.43997875 0.83067393 0.5323104000000001
13 2.7736969e-05 0.4454541 0.05526169 0.89856917 0.9533108
6 2.7713509999999995e-05 0.59594953 0.37982634 0.9293724 0.5378008000000001
4 2.7618951e-05 0.09414051 0.37255043 0.317233 0.5364654000000001
1 2.7221540000000003e-05 0.6592784 0.45138 0.8831110999999999 0.5531134
2 2.674718e-05 0.068458505 0.29581305 0.27601534 0.50172937
13 2.6705662000000004e-05 0.51174766 0.40104887 0.9479006 0.64253736
10 2.6571678999999998e-05 0.10049694 0.4019989 0.29937923 0.5361053000000001
13 2.6452968e-05 0.069036424 0.20629375 0.55170965 0.9999110999999999
3 2.6213655e-05 0.18660729999999998 0.4363072 0.69605607 0.98093385
3 2.5911902e-05 0.46009725 0.28087455 0.87839407 1.0
2 2.5404771999999998e-05 0.15187794 0.37025549999999996 0.35685557 0.5388158000000001
5 2.4684065999999997e-05 0.48794296 0.6227041 0.81754684 1.0
11 2.4355344e-05 0.2199846 0.3673881 0.35034087 0.49971142
12 2.4318209999999998e-05 0.6960666999999999 0.34605917 0.84502876 0.551485
13 2.4213285e-05 0.17491145 0.17044564 0.8962511999999999 0.7676758
9 2.4094346e-05 0.09244272 0.37547287 0.43311545 0.8997119
2 2.3939168e-05 0.09901178 0.015458273 0.39936104 0.8888200999999999
3 2.3838389999999998e-05 0.49285358 0.5342138000000001 0.9250943000000001 1.0
5 2.2822782000000002e-05 0.6685253000000001 0.418709 0.8300341 0.5948139
5 2.274807e-05 0.6553496 0.4316352 0.9214257 0.5608312
2 2.272206e-05 0.06262333 0.21203664 0.4252223 0.47301885
3 2.2706066e-05 0.32013556 0.26747826 0.7843015 0.98895156
7 2.2557791e-05 0.0 0.3719067 0.24165623 0.7680332
13 2.2139435e-05 0.0 0.25155237 0.69075245 0.85178137
8 2.1760508e-05 0.18557385 0.15793033 0.5489174 0.84669334
12 2.1382873e-05 0.6570973000000001 0.3910146 0.88554597 0.5405350999999999
13 2.1331947e-05 0.27019709999999997 0.25585085 0.732554 0.9907011999999998
11 2.1043139000000002e-05 0.18625835 0.36362457 0.30401996 0.49874595
13 2.0822674000000002e-05 0.6356944 0.21347929999999996 0.85861814 0.76633483
10 2.0620397e-05 0.7504044 0.35052136 0.8600578999999999 0.5543406999999999
10 2.0304204999999998e-05 0.10020668 0.38059253 0.27888352 0.50207233
8 2.0185479999999997e-05 0.10843343 0.43315690000000007 0.31501588 0.5716044
1 1.9808604e-05 0.0 0.37826216 0.35659343 0.8660544
3 1.873416e-05 0.65880704 0.40765777 0.8167766 0.5199048
1 1.8240231e-05 0.11917507 0.37400436 0.33874187 0.49524593
3 1.8108003e-05 0.0 0.37481895 0.23385283 0.6039321
7 1.7946493e-05 0.0 0.14352417 0.43670288 1.0
10 1.7940129e-05 0.10348909 0.36455125 0.44517934 0.92425984
1 1.7653161e-05 0.0014899253 0.43924373 0.18247762 0.54721445
11 1.7503968e-05 0.11566199999999999 0.31421545 0.31169263 1.0
5 1.7466149e-05 0.011412621000000001 0.49109733 0.21134876 0.99649274
3 1.7362912e-05 0.5880045 0.40561596 0.9481158000000002 0.5971029999999999
12 1.689892e-05 0.16876091 0.35334417 0.3819639 0.48972332
1 1.6778247e-05 0.53458357 0.3802211 0.782922 0.47326797
5 1.6639533e-05 0.0 0.39948344 0.19196783 0.5395116
2 1.6565977e-05 0.67786765 0.33555064 0.8927752 0.46539480000000005
2 1.6522774e-05 0.64219826 0.38892266 0.86981696 0.51826733
8 1.6105254e-05 0.26799986 0.47071785 0.35023788 0.5543831
7 1.5883927000000003e-05 0.32162645 0.37933293 0.92259824 1.0
10 1.5837039e-05 0.06867267 0.43194714 0.30797577 0.6782028
8 1.51039185e-05 0.6563036999999999 0.2767644 0.9286601000000001 0.97690684
13 1.4946276e-05 0.6356723000000001 0.25438833 0.98657805 0.8827282
11 1.4920011e-05 0.13987632 0.0072778324 0.35844862 1.0
11 1.4896525999999998e-05 0.14522535 0.36620894 0.25776175 0.5054839
4 1.4684603e-05 0.6004039000000001 0.3841574 0.86899537 0.5099476
7 1.4560635e-05 0.06049036 0.40447298 0.2744902 0.564621
12 1.3595284e-05 0.0 0.0 0.49092650000000004 0.7466735999999999
2 1.3372865e-05 0.049077604000000004 0.3470183 0.28403506 0.5877241
11 1.3321344999999999e-05 0.14995307 0.38908985 0.27263709999999997 0.5423038
8 1.3230489999999999e-05 0.018425236 0.3638564 0.2219654 0.50266075
5 1.3152367999999999e-05 0.083248764 0.45251995 0.66133994 0.7903472
3 1.2782497e-05 0.32744938 0.44144878 0.41274822 0.5236587
3 1.277732e-05 0.0 0.36771420000000005 0.24913047 0.49924799999999997
2 1.2558841e-05 0.08291844 0.36438957 0.35854736 0.91121596
2 1.2467122e-05 0.15876275 0.25963464 0.48182434 0.71711385
8 1.2357508e-05 0.35227337 0.12287176 0.73528916 0.6235853
8 1.2317635e-05 0.30745032 0.09612117 0.64764374 0.5698989000000001
9 1.2301072e-05 0.10624377 0.44432586 0.41319412 1.0
5 1.2229683e-05 0.18632393 0.6468493000000001 0.5206032 1.0
7 1.1936930999999999e-05 0.49800566 0.41151908 0.7844871 0.5804630000000001
8 1.1839185e-05 0.58522767 0.25893033 0.88896984 0.881717
9 1.1826480000000001e-05 0.48235282 0.4081535 0.8869785 1.0
13 1.182533e-05 0.009372425 0.1744027 0.29009458 0.8088852
10 1.1669100000000001e-05 0.12606896 0.0 0.46520194 1.0
8 1.1609471e-05 0.17093502 0.41003540000000005 0.36523476 0.5569734000000001
1 1.1339754e-05 0.29497498 0.36974436 0.81614983 0.8570222
12 1.1283851e-05 0.09448345 0.39614874 0.24367203 0.56064737
12 1.1152729e-05 0.006570148299999999 0.3536184 0.3521906 0.6128397
8 1.1083525e-05 0.27369773 0.14152613 0.5766684 0.7006477
9 1.0920175e-05 0.70929754 0.3879415 0.8367486999999999 0.56943464
3 1.077397e-05 0.6966346999999999 0.39959753 0.8509751 0.5065514
3 1.0528519e-05 0.12342228 0.38296783 0.7296875 0.7489845
10 1.0307627e-05 0.037564106 0.42387623 0.21292928 0.54017985
12 1.0139548e-05 0.0 0.12880912 0.5842243 0.6602705
6 1.0066749e-05 0.10650473 0.37653804 0.40717003 0.50517017
1 1.0026205e-05 0.0 0.37546316 0.1830912 0.49479726
9 9.9589715e-06 0.42888534 0.15389094 0.9786879 1.0
13 9.942969e-06 0.2924071 0.44220445 0.37956086 0.5332685
4 9.919229e-06 0.042880762 0.28624374 0.32431152 0.6081352
11 9.652602e-06 0.73760945 0.30072832 0.84219563 0.56909066
11 9.482742e-06 0.16786888 0.2029737 0.41423506 1.0
3 9.445652e-06 0.10231609 0.30639645 0.55520886 0.6497024
3 9.415008e-06 0.074925564 0.25311056 0.355027 0.7444871
2 9.3672825e-06 0.4609382000000001 0.3652239 0.827784 0.95569205
8 9.26747e-06 0.038745727 0.42022002 0.22850610000000002 0.5813258000000001
12 9.180260000000001e-06 0.43082952 0.27138898 1.0 0.7827495
12 9.034646e-06 0.072480105 0.32793826 0.28758672 0.49438459999999995
10 8.930164e-06 0.63300836 0.41721293 0.8966566999999999 0.542327
8 8.848243e-06 0.023676166000000002 0.27879655 0.20183666 0.6364342
4 8.60701e-06 0.61892754 0.39449266 0.91887105 0.543425
5 8.5948805e-06 0.04010433 0.46528026 0.52479005 0.93477225
