3 0.5397753000000001 0.39328238 0.4759615 0.53524625 0.6376977
3 0.18997131 0.6087918000000001 0.47056922 0.67460006 0.50430477
8 0.12725157 0.37472063 0.4574753 0.5601729 0.6359446999999999
8 0.052906264 0.604165 0.47222754 0.67226744 0.5093065
3 0.0047632223 0.40692168 0.51482064 0.50092316 0.6460373
8 0.0027820445 0.10011938 0.31683838 0.4907543 0.91254336
13 0.0023298296 0.39335632 0.46872672 0.54041684 0.67839783
13 0.002252129 0.6072711 0.46748516 0.6681975 0.5118251
3 0.0018487361 0.103832185 0.4659538 0.48079336 0.7292688
3 0.0018312302 0.3156483 0.49427772 0.5281663000000001 0.6423734999999999
8 0.0016965563 0.0723835 0.44290784 0.44416243 0.6757883000000001
3 0.0016162307 0.10829084 0.3595098 0.5270132 1.0
13 0.0015661829 0.59491086 0.46964946 0.65070295 0.5086117
3 0.0015308382000000001 0.60846466 0.48601288 0.6747194999999999 0.5197476
8 0.0014359067 0.41207619999999995 0.50487024 0.49477863 0.61715436
8 0.0012168698 0.28629709999999997 0.4758532999999999 0.53613245 0.643313
8 0.0010900652 0.09108265 0.34583017 0.7613956000000001 0.80406964
8 0.0010428963999999999 0.009706254000000001 0.47971305 0.09488695 0.60182434
3 0.0009300182600000001 0.022162027999999997 0.48978996 0.109358385 0.6237709
3 0.0009071025 0.6240014 0.46967770000000003 0.6981361999999999 0.50659156
3 0.0008915367699999999 0.019373612 0.510352 0.07367474 0.57427526
8 0.0008754169 0.10341114 0.12255033 0.47614290000000004 0.6460376999999999
8 0.00087390427 0.19671907 0.45823407 0.5738776999999999 0.7334417
8 0.0008506094 0.046866644000000006 0.4656804 0.37648058 0.9143695
2 0.00075587735 0.61620945 0.46452668 0.67948157 0.49484092
7 0.0006654522 0.60487133 0.46369585 0.6742667 0.51125443
3 0.0006524497000000001 0.20136331 0.47695282 0.69777614 0.7629806
1 0.0005810663 0.6001484 0.47319332 0.6645667 0.5039895000000001
9 0.000554405 0.61874163 0.47059074 0.6771484 0.50540113
13 0.0005512652599999999 0.054798945999999994 0.17320064 0.46529663 1.0
8 0.00054786913 0.6205444999999999 0.47102988 0.6874267 0.5098577
5 0.0005399105000000001 0.59768444 0.47751603 0.6748623 0.5054215
5 0.0005337305 0.58227915 0.47778144 0.6533931 0.502803
8 0.00052575395 0.5136375 0.18979393 0.8581664000000001 0.9241530000000001
6 0.0005185476599999999 0.59868985 0.46899447 0.68715316 0.5045696
3 0.00047381775 0.060050316 0.47486177 0.40127194 1.0
8 0.00042540635000000004 0.15216997 0.22927240000000002 0.6512405 0.8894398000000001
10 0.00040327684999999996 0.62221414 0.46112397 0.681321 0.5042081
6 0.00039586844 0.5822278000000001 0.4700706 0.66395265 0.502257
1 0.00039002352 0.5802906999999999 0.47337392 0.6449074 0.5013059
3 0.00037644032 0.07283062 0.38108274 0.45306450000000004 0.8611365
2 0.00037136447 0.5971291 0.46507555 0.661867 0.4915651
3 0.00036548972000000003 0.10564249 0.19239874 0.48204207 0.6435038000000001
12 0.00036535307 0.6054914 0.46314296 0.6796946999999999 0.5028837
13 0.00035273419999999996 0.36060062 0.49270773 0.5713126999999999 0.6379815999999999
7 0.00035177538 0.5848656999999999 0.46538937 0.65178597 0.51007444
9 0.00034948322 0.44421062 0.48678306 0.58386415 0.64297456
8 0.00034814173999999997 0.026259728 0.31667194 0.42006850000000007 0.7867335999999999
1 0.0003333624 0.37267604 0.48673275 0.5225367 0.6261291999999999
13 0.00031997813 0.0 0.40100715 0.39425188 0.7529916
11 0.00031344785 0.62400293 0.46634573 0.6629651999999999 0.50585216
7 0.00029009473 0.3379762 0.44820437 0.5475035 0.71398723
13 0.00028362282 0.3998434 0.5394238 0.48970217 0.6247409
13 0.00027981025 0.01743291 0.5067599 0.06436685 0.5651351
2 0.00027411085 0.39100695 0.43823686 0.55836475 0.6491723
3 0.00026975307 0.18747646 0.32266936 0.78230786 0.95471734
8 0.0002664408 0.019306673 0.5157411 0.059263166 0.56277215
8 0.0002654827 0.41773966 0.5434561 0.48585582 0.6153758
13 0.00024671067 0.0 0.2771804 0.36871809999999994 1.0
11 0.00023986056 0.6080439000000001 0.46552044 0.6428514 0.5040329000000001
8 0.00023874798999999998 0.42185926 0.16207345 0.766303 0.88912934
12 0.00022933532999999998 0.38407815 0.41257158 0.5782364999999999 0.6024883000000001
8 0.00022671057 0.033237398 0.116877824 0.36566459999999995 0.66052836
8 0.00021920074 0.45852109999999996 0.08837919 0.7980151999999999 0.6391469
2 0.00021269401000000002 0.41450548 0.40541053 0.58220875 0.6216038
9 0.00021175173 0.60147816 0.4697952 0.65534514 0.5035944
3 0.00019284607 0.22036971 0.6073463000000001 0.90906936 0.97155887
8 0.0001914369 0.28911537 0.84177107 0.92192435 0.9720673000000001
3 0.00018910866999999999 0.51417166 0.21001613 0.93361026 0.9950623
8 0.00018384238999999997 0.022392292 0.16386762 0.25820923 0.93643504
8 0.00018355763999999998 0.5955314 0.47861499999999996 0.6540479 0.5173562
8 0.00017774371 0.22849855 0.5777005000000001 0.6971393 0.8918719999999999
4 0.00017738133 0.6204696 0.4669637 0.67458045 0.50517774
11 0.00017544212 0.42156622 0.42878540000000004 0.5236721 0.71964824
6 0.00017371081000000003 0.34254172 0.4929572 0.59264123 0.6945644
5 0.0001722478 0.37695059999999997 0.5127695 0.5892451 0.67694086
8 0.00016999901999999997 0.4205705 0.5117165 0.46454883 0.62180394
12 0.00016860501 0.5894766 0.46363459999999995 0.65932226 0.50116444
13 0.00016651853 0.091482446 0.021821544 0.48469305 0.78167605
13 0.0001635922 0.41308025 0.5193452999999999 0.4723378 0.64029866
13 0.00016044956 0.0 0.25842232 0.7531966999999999 0.9328629999999999
13 0.00015910417 0.12178125 0.30656540000000004 0.50987583 1.0
10 0.00015901528 0.6037551 0.46220553 0.659846 0.50322104
3 0.0001564696 0.6220385 0.48734167 0.6932050000000001 0.5242220999999999
13 0.00015602748 0.0 0.44958827 0.102729455 0.6120816
8 0.00015383261999999998 0.4180487 0.52182555 0.5119352 0.59597564
4 0.00014621312 0.44525737 0.4274312 0.5964712 0.6684928000000001
11 0.00014400286000000001 0.44788694 0.4159773 0.54473805 0.69160545
13 0.00014376224 0.11148889 0.45945963 0.62618285 0.77155197
8 0.0001362341 0.42263216 0.5970236999999999 0.8500866 0.911797
3 0.00012659403999999998 0.47560745 0.15185797 0.9001041999999999 0.67384785
13 0.00012363867 0.24167357 0.28826818 0.68141365 1.0
5 0.000120839984 0.1048798 0.46408877 0.46690193 0.98446107
5 0.00012011618 0.06314278 0.5642023 0.40922102 1.0
8 0.00011996896500000001 0.2331947 0.3708268 0.60620916 0.8891379999999999
3 0.00011311857 0.38330695 0.20776461 0.82370704 0.9306404
5 0.0001093742 0.35306126 0.5229758 0.54306275 0.70408756
1 0.00010887934 0.37664855 0.5437528 0.5246267 0.69518036
5 0.00010797208000000001 0.009095134 0.5925979 0.30462682 1.0
8 0.00010720466 0.31142914 0.045420688 0.7366701999999999 0.4334375
9 0.00010570402 0.16837296 0.28290868 0.5565296999999999 1.0
13 0.000104504965 0.29273447 0.0009858959 0.8842293999999999 0.47122163
8 0.000101967016 0.40875778 0.42128646 0.7450707 0.90072745
3 9.689860000000001e-05 0.44902733 0.6247105 0.9678101 0.97626334
8 9.637947e-05 0.33645812 0.25778875 0.6821789 0.88119954
8 9.58902e-05 0.49264407 0.04050565 0.80663115 0.43515533
13 9.558021999999999e-05 0.37010336 0.52699053 0.49301025 0.70338386
8 9.541300999999999e-05 0.30771992 0.10945638 0.67860925 0.6108576
4 9.471887500000001e-05 0.4077406 0.44870129999999997 0.5594616 0.6878943000000001
13 9.098709000000001e-05 0.41516727 0.51481825 0.5314114999999999 0.6117994000000001
10 9.058921e-05 0.45229098 0.3819296 0.5792001999999999 0.67579335
2 8.99189e-05 0.09382027 0.42704266 0.51832485 0.6622988000000001
6 8.912506999999999e-05 0.34596488 0.45576700000000003 0.6295824000000001 0.64824444
8 8.852575399999999e-05 0.13660434 0.56462616 0.20800549999999998 0.6060738
10 8.703107e-05 0.43054828 0.42248604 0.55771375 0.69938505
8 8.275601e-05 0.39631313 0.070033014 0.7289778 0.5465336999999999
5 7.601958e-05 0.14388256 0.3292901 0.53238213 0.99820465
13 7.5155614e-05 0.39965618 0.46368235 0.49944803 0.7593801
3 7.489378e-05 0.16412516 0.48954165 0.6860463000000001 0.98662466
2 7.332321999999999e-05 0.40916106 0.4699707 0.6590263000000001 0.60030764
3 7.245865e-05 0.05168084 0.26316884 0.2809362 1.0
13 7.2242314e-05 0.38626309999999997 0.5054706 0.48297559999999995 0.61977386
3 7.2120994e-05 0.44437844 0.44294176 0.93617225 0.9543579
13 6.967264e-05 0.0054825423 0.4960214 0.053521592 0.56550866
7 6.9011825e-05 0.0 0.43245277 0.46754217 0.7476626999999999
8 6.6831104e-05 0.38454145 0.7207044 0.8718601999999999 0.96627384
4 6.653843000000001e-05 0.6038121 0.46805197 0.6535805 0.50310785
8 6.508066999999999e-05 0.23499410000000004 0.1301756 0.62015617 0.7189934
13 6.437619000000001e-05 0.6226366999999999 0.46636716 0.6825371 0.5120126
1 6.3735046e-05 0.3207031 0.5210612 0.5216417 0.6310680999999999
3 6.3332096e-05 0.03587015 0.61280245 0.4856986 1.0
7 6.1886654e-05 0.0 0.22176637 0.6248186 1.0
13 6.131656e-05 0.41700464 0.49175966 0.49105740000000003 0.6287473000000001
5 6.101243e-05 0.0 0.5071803 0.38286904 0.71192336
13 6.0833692e-05 0.48039899999999996 0.027775116000000002 0.9039514000000001 0.9903571
2 5.9983685999999995e-05 0.20138770000000003 0.24704875 0.6053022 0.9119686
8 5.9705395e-05 0.3751536 0.41613963 0.5099498 0.67240095
3 5.9016090000000005e-05 0.36312258 0.07360334 0.90621245 0.48425844
3 5.805255600000001e-05 0.2804211 0.17542738 0.73617387 0.8133965
13 5.749776e-05 0.51051545 0.00817983 0.9459984 0.6729395
8 5.700038e-05 0.6198235 0.48165408 0.68371207 0.5218569000000001
8 5.4714546e-05 0.05603113 0.70211864 0.4171579000000001 0.98195297
3 5.3962875e-05 0.33887142 0.86178356 1.0 1.0
13 5.216101e-05 0.34482527 0.06298294 0.79760665 0.9591984
8 5.2072034999999994e-05 0.07104897 0.038221423 0.51475525 0.44106743
5 5.11641e-05 0.019412536 0.47025326 0.8012946 0.88449425
13 4.891317e-05 0.0 0.0047726696 0.36098814 0.7308661999999999
9 4.8606109999999996e-05 0.42657570000000006 0.5308653 0.48663834 0.63683045
5 4.833890999999999e-05 0.020698603 0.42868385 0.36239296 0.85775495
1 4.7159745000000005e-05 0.38264729999999997 0.55474603 0.4678144 0.61957115
1 4.7058882e-05 0.0 0.48743272 0.3549564 0.6885982
8 4.6443525e-05 0.04584452 0.9569605 0.1273008 0.9880937
10 4.631419e-05 0.43270564 0.51579237 0.5114183 0.6026281
3 4.627542e-05 0.12501168 0.56588876 0.22819683 0.61834604
8 4.622031e-05 0.26015570000000005 0.34830946 0.47635642 0.8261455
13 4.618103e-05 0.1259382 0.55416626 0.21448636 0.6159664
3 4.566407e-05 0.41919449999999997 0.49206492 0.53558767 0.6030482
13 4.5548946e-05 0.16143462 0.050247777 0.6408814 0.72913736
9 4.4976980000000005e-05 0.45400676 0.53608036 0.5836494000000001 0.6833630999999999
1 4.4880013e-05 0.0 0.27796479999999996 0.4579866 0.84471476
12 4.4678065e-05 0.06698232 0.14994279 0.6538651 0.7730031999999999
4 4.4182866999999996e-05 0.43598223 0.47617462 0.5921005 0.7270033
13 4.368609e-05 0.6017704 0.49242336 0.6601060999999999 0.5314769
3 4.315781e-05 0.2004591 0.7494151 1.0 0.9917975
7 4.0729759999999995e-05 0.38314906 0.5406175 0.47278622 0.6455377
6 4.0327694e-05 0.41936338 0.5358914 0.5284084 0.5959420999999999
13 3.87594e-05 0.0 0.0 0.27674332 1.0
7 3.8611615e-05 0.06345665 0.46384105 0.7469498999999999 0.8050162
2 3.778029000000001e-05 0.297537 0.4544548 0.72377104 0.7227848000000001
9 3.6937043e-05 0.16120583 0.092265524 0.58592945 0.8793257
12 3.6334677e-05 0.44383797 0.50991976 0.523386 0.6009585999999999
12 3.6266472e-05 0.36464608 0.47685070000000007 0.63364357 0.60248464
9 3.6046175e-05 0.43670190000000003 0.51085806 0.61707634 0.62334126
12 3.5992565e-05 0.040630665 0.51271516 0.08927206 0.5495667
13 3.5991862999999995e-05 0.38090193 0.5531046 0.5283526999999999 0.61732554
5 3.586821e-05 0.203619 0.5315371999999999 0.65608746 0.7584668999999999
8 3.5641733e-05 0.5842033 0.45103192 0.89964277 0.9199863000000001
2 3.5048968e-05 0.115120925 0.36696890000000004 0.5464725 0.88489574
9 3.4857116e-05 0.087158315 0.4433898 0.47741009999999995 0.7977396999999999
6 3.4191627e-05 0.398239 0.56142735 0.5200773 0.6248619000000001
9 3.403911e-05 0.14463520000000002 0.32277495 0.93348765 1.0
13 3.4016477e-05 0.2533614 0.58399487 0.83579135 0.9929314
8 3.3964299999999996e-05 0.047551736 0.5603918000000001 0.28898573 0.9613086
13 3.324395e-05 0.33926535 0.52831095 0.5351604999999999 0.65273625
1 3.3225722e-05 0.32387078 0.5327788 0.48937818 0.67269886
3 3.307164e-05 0.20161379999999998 0.4492714 0.33057043 0.51685005
12 3.2858974e-05 0.13013625 0.0 0.6838683000000001 0.7153235
12 3.249246e-05 0.3928014 0.45433173 0.6040443 0.65736556
1 3.19332e-05 0.063878134 0.48062536 0.609633 0.7136438
1 3.1417447000000004e-05 0.0 0.48531353 0.32625678 0.9161781999999999
10 3.134298e-05 0.44942135 0.49437109999999995 0.48849568 0.6147794
10 3.124426e-05 0.47008282 0.41884750000000004 0.5997568 0.7332495
13 3.1188767e-05 0.44183636 0.0045951842 0.9434178 0.33015004
5 3.097468e-05 0.0046298406 0.23793864 0.45987388 0.67253196
7 3.0876072e-05 0.3316928 0.47548386 0.630307 0.66564244
13 3.0440742e-05 0.014397907 0.0 0.5730576999999999 0.47927043
2 2.9531024e-05 0.20010017 0.26990622 1.0 0.77322
7 2.9195093000000002e-05 0.0 0.30218625 0.72170156 0.9453863000000001
10 2.9146415e-05 0.23005183 0.17682867 0.6149868000000001 1.0
8 2.9059847e-05 0.015242213999999999 0.020098573 0.35983574 0.32536677
13 2.9052759000000002e-05 0.26677975 0.28587928 0.48589054 0.9298930000000001
10 2.8203836e-05 0.427979 0.5201832000000001 0.47129747 0.61259174
8 2.8182413999999998e-05 0.010341587 0.49180284 0.0445774 0.57972866
3 2.7986061e-05 0.25088271 0.3995434 0.52118826 0.86494285
2 2.7845198999999996e-05 0.060525797 0.39705348 0.42337868 0.8567739
12 2.7341042000000003e-05 0.44475859999999995 0.509159 0.491724 0.622441
9 2.7300179e-05 0.441367 0.53968275 0.5138205 0.6295513
13 2.7175827e-05 0.31501365 0.48462653 0.51061535 0.63832355
6 2.6393966999999998e-05 0.07042398 0.356248 0.6291287 0.878683
10 2.5496902e-05 0.45696402 0.50204134 0.5274787 0.60429555
12 2.5139708999999997e-05 0.43806022 0.48641518 0.4778063 0.61551064
9 2.4648150000000002e-05 0.06001373 0.22236928 0.38888672 1.0
7 2.4274279e-05 0.0 0.38797274 0.36255583 1.0
6 2.4099798e-05 0.0 0.49510545 0.5415317 0.6906723000000001
13 2.381158e-05 0.40411529999999996 0.39717394 0.8176289000000001 1.0
1 2.3775217e-05 0.0 0.07378062 0.44988188 0.51377773
4 2.3698894e-05 0.48622409 0.47533400000000003 0.6542193000000001 0.6565401999999999
13 2.3583509e-05 0.19961645 0.42398125 0.5268841 0.79327464
2 2.3551589e-05 0.40542257 0.5407875 0.49233192 0.62415534
6 2.3534792000000002e-05 0.15335935 0.5388224 0.737696 0.7304514
13 2.3501020000000002e-05 0.33679515 0.5023352 0.484296 0.6813029
1 2.3299724000000002e-05 0.41004250000000003 0.52929914 0.49173865 0.60824996
10 2.2802726e-05 0.41180038 0.5299191 0.4914054 0.6062539
12 2.2707206999999997e-05 0.44398257 0.52111584 0.55349827 0.5840915
9 2.2612606999999997e-05 0.26752729999999997 0.46593553 0.76513535 0.7858736999999999
5 2.244954e-05 0.40003997 0.5308354000000001 0.51228726 0.6021514
9 2.222572e-05 0.21182728 0.23109035 0.80273193 1.0
1 2.2218323e-05 0.3819187 0.5245395 0.46685767 0.59906846
10 2.2214528e-05 0.03655598 0.5124835999999999 0.08230230000000001 0.5558148
8 2.2037341999999998e-05 0.5972147 0.052855227000000005 0.8599472 0.4397737
6 2.2012917000000004e-05 0.40345785 0.5373485 0.5046975 0.6052622
11 2.1065836e-05 0.41789532 0.542172 0.46256053 0.6317007
11 2.1027854000000003e-05 0.44663715 0.5334575 0.48679447 0.6266841
13 2.0936253000000003e-05 0.5920923 0.0 0.9629939000000001 0.45250195
6 2.0827714000000002e-05 0.44054526 0.534567 0.5444953 0.6172719
11 2.0061369e-05 0.42556720000000003 0.5018395999999999 0.46023944 0.6439185000000001
7 2.0018837e-05 0.41674587 0.50793386 0.50051117 0.62384635
5 1.9983254e-05 0.23144858 0.45801297 0.56670517 1.0
10 1.9702706e-05 0.42276636 0.54736257 0.49957958 0.64171785
9 1.9470985e-05 0.5932689999999999 0.17053431 1.0 1.0
8 1.9322351000000003e-05 0.11839482 0.52791625 0.3023324 0.65093184
8 1.9168736e-05 0.15357447 0.5648466999999999 0.22462076 0.6116798000000001
8 1.8913279e-05 0.21669666 0.40316948 0.6266239 0.6654798000000001
13 1.8744066e-05 0.47069648 0.56132185 0.9245959999999999 0.98131686
13 1.8651386e-05 0.61347646 0.03040085 0.9530531999999999 0.9459654000000001
1 1.8618729999999997e-05 0.0 0.21666871 0.6798892 0.82817596
5 1.8406088e-05 0.05650402 0.2974501 0.45556890000000005 0.8955874
8 1.8345065e-05 0.6652094 0.094129235 0.9026128000000001 0.70500076
13 1.8175311e-05 0.0 0.51371664 0.41448090000000004 0.9797196
5 1.8070215e-05 0.0049853898 0.42037588 0.23133 1.0
5 1.8024935e-05 0.28520584 0.52664685 0.59769744 0.64514285
1 1.79795e-05 0.0 0.32220215 0.73000854 0.76527864
1 1.7929837e-05 0.0 0.27789903 0.39389834 0.7130505
1 1.7659795e-05 0.024025785 0.52349466 0.07057477 0.5586269
7 1.7620629999999997e-05 0.02331641 0.5117048 0.07454385 0.5606346999999999
1 1.7523465e-05 0.42382753 0.5154522 0.47863948 0.6131843000000001
8 1.746075e-05 0.67272335 0.34217759999999997 0.9156535 0.9445561
3 1.7400114e-05 0.12377550000000001 0.110415764 0.6806761 0.47612932
11 1.7363465e-05 0.4134839 0.47285143 0.53981 0.6586226
9 1.7348912e-05 0.39629138 0.011353631999999999 0.9228848 0.54065245
12 1.7248416e-05 0.25053883 0.42752585 0.8020224 0.66592276
11 1.7227998e-05 0.42057583 0.5540615 0.46698412 0.6569158
9 1.6965207e-05 0.42918465 0.11217911 0.83637846 1.0
4 1.693669e-05 0.46183518 0.48943400000000004 0.52768767 0.597464
7 1.6879845e-05 0.40595263 0.52545804 0.5142549 0.6038888000000001
10 1.671236e-05 0.45308456 0.354607 0.5342701999999999 0.724608
12 1.6667214e-05 0.18349934 0.026337968 0.9055679 0.74040943
12 1.6658383e-05 0.015533446999999999 0.0 0.620782 0.44543
1 1.6100099e-05 0.37830538 0.42329859999999997 0.4951308 0.64114976
10 1.6083623e-05 0.44092458 0.5272109 0.51437414 0.64161104
2 1.5956679e-05 0.19497462 0.0 0.5685247 0.65608186
2 1.567423e-05 0.41711307 0.5564786 0.5234055999999999 0.61385345
9 1.5593954e-05 0.43330902 0.52986366 0.53661615 0.59908706
8 1.556239e-05 0.6634051 0.68246245 0.9101828000000002 0.9290558000000001
10 1.526849e-05 0.37731653 0.43920349999999997 0.7811220999999999 0.7600332
1 1.517104e-05 0.62129927 0.47147483 0.6806726 0.50430715
10 1.5168375e-05 0.14522205 0.39933473 0.50544685 0.75320876
8 1.5104156e-05 0.711424 0.1535849 0.9073127000000001 0.8731228000000001
5 1.4914491e-05 0.39638984 0.52391565 0.50233907 0.7764962
3 1.4726792e-05 0.007732505400000001 0.48947892 0.056352574 0.5968357
13 1.4609924000000001e-05 0.37884325 0.0 0.810126 0.6612621
1 1.4527910999999999e-05 0.40163898 0.5123073 0.45873103 0.5957523
6 1.4477038e-05 0.02767037 0.5264732 0.08140499999999999 0.5592009
6 1.4350154e-05 0.0 0.5098229000000001 0.4540629 0.90285516
5 1.4115598e-05 0.30351692 0.5046614 0.64548534 1.0
7 1.4029052999999999e-05 0.0 0.23863925 0.48461464 0.8631304
1 1.4011393e-05 0.4349615 0.5328594 0.5168181 0.6123281
7 1.3981595e-05 0.3057606 0.48294967 0.5222197000000001 0.76410264
10 1.3696386e-05 0.48038787 0.3311867 0.5521388 0.72036827
8 1.3642292999999999e-05 0.060874343 0.96130365 0.13935655 0.9867445
7 1.3575568e-05 0.0019882582 0.022036972999999998 0.65331084 0.6802958
7 1.3557167999999999e-05 0.41115093 0.035512544 1.0 1.0
7 1.3523510000000001e-05 0.3945204 0.51080793 0.47707669999999996 0.6170479999999999
6 1.3487176e-05 0.6201071 0.47250295 0.7101849 0.5035331000000001
2 1.3423299999999999e-05 0.28024570000000004 0.16247004 0.82466495 0.89296675
10 1.33852345e-05 0.14057574 0.0 0.54365736 0.7242143
13 1.3285562e-05 0.0 0.0 0.41237238 0.3304655
6 1.321094e-05 0.0 0.38283888 0.71873623 0.7806691
1 1.3200233000000001e-05 0.41087553 0.55113566 0.48929579999999995 0.6251167
2 1.3148444999999999e-05 0.09487184 0.2660867 0.49546966 0.75562036
