3 0.99768317 0.0055190288 0.35585082 0.12532923 0.54538375
3 0.93232477 0.22627708 0.37825325 0.34422287 0.4515924
8 0.9045837 0.32918555 0.3284553 0.5411695 0.47579783
3 0.8113115 0.33947873 0.32938877 0.53454804 0.47531229999999997
3 0.60494673 0.80914414 0.33407232 0.9490955 0.44145396
8 0.37408596 0.7983766999999999 0.3322819 0.9556111999999999 0.4454013
8 0.3257255 0.019536562 0.89520425 0.19986737 0.9887029
8 0.15052626 0.0 0.35581005 0.11329278 0.5402621999999999
3 0.13949023 0.21221755 0.3970303 0.26005432 0.4522563
3 0.13009928 0.25040016 0.3654584 0.35877362 0.4271642
8 0.058839342999999995 0.2129415 0.37887546 0.31090227 0.46413878
8 0.049081564 0.51810294 0.36685586 0.5661414 0.42387290000000005
8 0.044055082 0.21601331 0.3535171 0.35956657 0.47011358
3 0.03720437 0.5232018 0.37031929999999996 0.5649172 0.4206812
8 0.029385747 0.81303436 0.35332042 0.93317336 0.4403675
3 0.021577383999999998 0.03923542 0.8965603999999999 0.22596267 0.99942386
3 0.016101357 0.23473373 0.35549077 0.35968766 0.46194077
8 0.016053192 0.20331515 0.38606673 0.26070452 0.458503
8 0.014513487 0.01937104 0.84399885 0.26792887 0.9849046999999999
8 0.014374617 0.008389093 0.30723733 0.14795265 0.5450906999999999
13 0.0058060954 0.79874885 0.35135004 0.9091728000000001 0.43867552
8 0.005729596 0.23506552 0.36922119999999997 0.32694757 0.46162057
13 0.005710154300000001 0.33150938 0.3556483 0.50401276 0.49394888
9 0.0056139613 0.34800345 0.3124147 0.5071531 0.43660942
13 0.0046855016 0.8123212 0.32950503 0.9723177 0.47698
9 0.004565614 0.8224812 0.3247719 0.9675090000000001 0.43580347
9 0.0043210234 0.79000384 0.32294008 0.90928084 0.43966445
13 0.004202534 0.00046901405 0.43317184 0.17490387 0.5611153
3 0.0041980823 0.5189864000000001 0.385281 0.56848043 0.43689227
12 0.003997108 0.3448063 0.28947157 0.5360659999999999 0.42211765
8 0.003926222 0.8246769 0.34006605 0.91222143 0.4529228
13 0.003125319 0.0 0.9019159 0.22935279999999997 0.9819545
13 0.0031031128 0.7889638000000001 0.3869023 0.9326763000000001 0.48490554
5 0.0030808891 0.26812708 0.37178585 0.5081939999999999 0.48218012
9 0.0028359709999999996 0.8386995 0.3600035 0.9323691999999999 0.4216687
1 0.0028106960999999997 0.31719446 0.3147818 0.48842883 0.42217200000000005
11 0.0025097833 0.8204313 0.35247687 0.88508016 0.4286478
12 0.0024908965 0.8452643 0.36083043 0.9410788 0.43317652
1 0.0024443439 0.2926422 0.38483316 0.46275243 0.48886183
3 0.002342407 0.21789877 0.4014877 0.3049736 0.4637516
9 0.002337746 0.3251823 0.34842503 0.48035613 0.48373990000000006
1 0.0023124216 0.79057205 0.37540555 0.88223827 0.427879
1 0.0022893955 0.82808447 0.37116128 0.9230144 0.43131164
13 0.0022516914000000002 0.23131928 0.36356750000000004 0.38610134 0.5131108
9 0.002196406 0.80328816 0.37091437 0.9231058000000001 0.4791584
5 0.0021825673 0.7245406999999999 0.38861978 0.91225743 0.49596419999999997
13 0.0020661112 0.19518675 0.4079477 0.26271313 0.45348534
13 0.0020226482000000002 0.20283514 0.38351440000000003 0.30775023 0.45929137
12 0.001989841 0.7749899 0.2907165 0.9748027 0.41517659999999995
13 0.0018519087 0.8219466000000001 0.36445427 0.94383276 0.43431708
3 0.0018327849 0.28640494 0.34869814 0.46380094 0.46615613
13 0.0017616587 0.0 0.35878026 0.09403594 0.53922546
11 0.0017382281 0.24488646 0.37391776 0.30405068 0.46758637
5 0.0017124075 0.77710074 0.36106598 0.9100495999999999 0.41813537
11 0.0016841767000000001 0.33162090000000005 0.30468613 0.47538909999999995 0.508049
10 0.0016769881 0.35150734 0.3003949 0.4813585 0.41311437
11 0.0016363687 0.8057998000000001 0.28023258 0.9184957 0.44259593
7 0.0016218893 0.78246975 0.28172714 0.9820038000000001 0.48233902
8 0.0016156719 0.46039605 0.38220546 0.5235065 0.4524054
11 0.0015975623000000002 0.8615528 0.34709382 0.9196083 0.42569458
9 0.0015840643 0.8111834 0.33888359999999995 0.9368871 0.45325822
1 0.0015233617999999998 0.7919473000000001 0.33257192 0.9469231 0.42956289999999997
1 0.0015106361 0.7263480999999999 0.32601702 0.9044823000000001 0.41929907
1 0.0015017509 0.30284342 0.36251917 0.48012653 0.46937922
11 0.0014907583 0.37302095 0.29779088 0.50055534 0.4380536
9 0.0014875076 0.8629929000000001 0.36161903 0.94910383 0.41556072
2 0.001476325 0.76258945 0.34133118 0.98050165 0.47429338
11 0.0014186532999999999 0.7988274000000001 0.28552252 0.93368757 0.5141063
9 0.0014032998999999999 0.83510077 0.34508032 1.0 0.44833809999999996
1 0.0013964807 0.7327471999999999 0.38129556 0.907357 0.48525545
13 0.0013741454000000001 0.3764185 0.3602364 0.55167353 0.48598948
8 0.0013582854999999998 0.22072458 0.39340752 0.29300928 0.4708727
8 0.0013257245 0.48846686 0.3706025 0.5623927 0.44621897
5 0.0013247857999999998 0.79747665 0.36682004 0.9396529 0.42950246
4 0.0013049402 0.37684554 0.29930577 0.54612356 0.43473285
2 0.0012970718 0.8284454 0.28473485 1.0 0.4455773
7 0.0012926628999999999 0.6856194999999999 0.3510192 0.953738 0.5194563
9 0.0012890552 0.41189033 0.34825617 0.5750583 0.45981967
13 0.0012758265 0.5152982 0.37634668 0.5669586 0.41924077
12 0.001251165 0.83092976 0.35921368 0.91416943 0.4277172000000001
1 0.0011225623 0.25153157 0.36003992 0.43181053 0.4548439
9 0.0011102274 0.37484783 0.34315005 0.5361223 0.46599177
1 0.0010999526 0.81469375 0.36237058 0.9675644 0.46959817
4 0.0010887593 0.84070796 0.34084243 0.93296486 0.43086016
8 0.0010721894 0.3331183 0.30961907 0.48152915 0.4972626
13 0.0010446063000000001 0.0 0.38668936 0.15466622 0.5406331
8 0.0010313792 0.26570794 0.32537296 0.4632139 0.48372176
10 0.0010225708999999999 0.82872653 0.34239343 0.9136566999999999 0.41613346
5 0.001022392 0.73617995 0.36400563 0.952276 0.4712964
5 0.001003929 0.19299449999999999 0.39586127 0.3413392 0.45435113
13 0.0009994052 0.009060539 0.41896442 0.11102676 0.5556673000000001
6 0.0009989964 0.8226976999999999 0.35650387 0.94528717 0.4364065
13 0.0009760992 0.24764962 0.39419964 0.36273605 0.4608237
5 0.00097050896 0.2838151 0.35368675 0.5461686 0.45622840000000003
7 0.0009628516 0.33063287 0.29057118 0.53382987 0.46503648
8 0.0009492384 0.069278374 0.4187055 0.3029968 0.9311447
7 0.0009112012 0.73612607 0.29545927 0.9217863000000002 0.485991
9 0.0008881580999999999 0.22169468 0.35354298 0.34031114 0.47690368
5 0.0008835191000000001 0.78350604 0.3709263 1.0 0.49218599999999996
11 0.0008795773599999998 0.23419008 0.2966738 0.34235343 0.4690959
7 0.00086747325 0.2792388 0.32830042 0.50289303 0.5221603
6 0.0008652041 0.27810293 0.36234364 0.5525275 0.49279198
13 0.0008650864500000001 0.018799808 0.34356532 0.115440995 0.63074636
6 0.00086330186 0.79161215 0.36015996 0.92429554 0.42250425
7 0.0008491875 0.8300948 0.34351513 0.9171481 0.44309798
11 0.00083825906 0.85499275 0.27893534 0.97993135 0.44087192
12 0.0008311458500000001 0.7863774 0.31699347 1.0 0.43749347
9 0.0008286622500000001 0.04872551 0.9046386999999999 0.19811976 0.9919943000000001
3 0.0008222108 0.24822219 0.36796698 0.32392877 0.41548562
3 0.0008213459 0.20919786 0.38428670000000004 0.29850274 0.45123628
9 0.0008117145599999999 0.41237390000000007 0.31888583 0.57096267 0.4321597
8 0.0008079686 0.031586006 0.39898740000000005 0.19816843 0.92390966
11 0.00080372713 0.8714861999999999 0.27620098 1.0 0.47370905
11 0.0007945472 0.31877983 0.27765176 0.44070888 0.47171578
13 0.000759665 0.829512 0.35307696 0.9122062 0.4564432
13 0.00075275725 0.3490467 0.32980183 0.47787672 0.5308319
6 0.0007455960000000001 0.31135842 0.2971993 0.5340576 0.44106323
1 0.0007336147 0.21700205 0.40290958 0.31449798 0.46027064
4 0.0007264456 0.87860227 0.32495815 1.0 0.49333104
2 0.0007227031 0.33367586 0.33375484 0.5143967 0.45420083
2 0.00071613805 0.51760495 0.3626723 0.5873115 0.40783912
7 0.0007145960000000001 0.15022235 0.32253376 0.35614353 0.5020324
8 0.0007118684 0.50145453 0.3608524 0.5567649 0.430148
11 0.0007063238000000001 0.06231708 0.8881573 0.16218367 1.0
2 0.0007056167999999999 0.22604091 0.325459 0.42121297 0.46567696
6 0.0006997236599999999 0.0 0.43372658 0.17871381 0.5837098000000001
8 0.0006930239599999999 0.23731595 0.36805218 0.3423624 0.43325356
10 0.0006921474000000001 0.80301946 0.36131525 0.8940714 0.41346738
13 0.0006901835000000001 0.26533568 0.36795345 0.35067052 0.44197497
7 0.0006862942 0.008128919 0.32937205 0.15407175 0.5265880999999999
13 0.00068452134 0.003529273 0.27200127 0.16916955 0.6153905
3 0.0006678692299999999 0.8337678 0.33408815 0.9514811 0.41018602
1 0.000646786 0.0 0.38140452 0.07655793 0.50192845
1 0.0006394856 0.37633590000000006 0.38017732 0.54711545 0.48047838
6 0.0006368049700000001 0.21381147 0.38877979999999995 0.34460384 0.45738888
7 0.00061487546 0.0 0.42823827 0.1356588 0.6123395
11 0.0006146765 0.8483450000000001 0.30753443 0.8952015999999999 0.44398668
4 0.0006131764 0.04144848 0.39132172 0.17745775 0.5941595000000001
9 0.0006052483000000001 0.033192877 0.33044650000000003 0.09881331 0.61820465
9 0.0005853099 0.010666221000000002 0.35978499999999997 0.15999532 0.48437104
9 0.0005762869 0.23623861 0.39159915 0.3238533 0.45539403
7 0.0005643225 0.79679304 0.3446917 0.8870960999999999 0.43961054
12 0.0005642393 0.020177498000000002 0.32539743 0.11076419 0.47084013
3 0.00056040526 0.8086131999999999 0.37297127 0.9210924 0.44395632
1 0.00056014897 0.17067759 0.35201326 0.32947028 0.45641232
4 0.0005553235 0.41989818 0.3345878 0.5819371999999999 0.50069594
2 0.0005547538 0.83626956 0.34465966 0.9316306999999999 0.4244452
12 0.00053874974 0.8412321 0.35169140000000004 0.90356594 0.44556668
8 0.0005331926 0.12888803 0.39410803 0.38395274 0.9120773999999999
13 0.000527294 0.23998332 0.38162795 0.31561995 0.47812298
7 0.00051326654 0.18070954 0.3889331 0.26287678 0.46297570000000005
1 0.00051075587 0.20052475 0.371562 0.35552675 0.48487943
9 0.0005038228 0.8350785 0.34763142 0.925733 0.51467735
12 0.0004954712999999999 0.3405876 0.34585893 0.520335 0.47921997
13 0.0004912053 0.8127326 0.339337 0.93678904 0.5265984
1 0.0004898185 0.81768394 0.36604655 0.88735414 0.44306773
4 0.00048578417000000004 0.8554531999999999 0.30471697 1.0 0.4531992
5 0.000480048 0.81483114 0.35895229999999995 0.8965626 0.44806483
10 0.00047516957 0.32894722 0.34943850000000004 0.5056882 0.47528000000000004
9 0.00046873346 0.25040844 0.37533215 0.397382 0.49718753
3 0.00046732408 0.04003021 0.85778123 0.29091279999999997 0.9868157
11 0.00046074128 0.41988948 0.28980136 0.5694847 0.5033157
2 0.0004525673 0.19603527 0.3838777 0.27612406 0.43744013
8 0.0004461294 0.069658384 0.6824574999999999 0.42644334 0.9674447
7 0.00044475598 0.21421947 0.37087056 0.31818792 0.47498795
9 0.00044471627999999997 0.022934712000000003 0.41979566 0.18190699999999999 0.55359167
6 0.0004444928 0.7408116 0.36998087 0.97367585 0.49814709999999995
5 0.0004430169 0.30037373 0.3853861 0.5757576999999999 0.49714175
5 0.00044229459999999996 0.14869632 0.37359840000000005 0.3620786 0.47288093
5 0.00043894167 0.010844864 0.41696049999999996 0.10420159 0.67106336
10 0.00043069044000000004 0.85567266 0.3398213 0.92623204 0.41609213
10 0.00042837596 0.21917894 0.38449988 0.29950246 0.45033383
5 0.00042758297 0.7927025 0.38311955 0.92369777 0.53250396
5 0.000416001 0.24850541 0.35509673 0.46483004 0.4603682
7 0.0004124872 0.24652722 0.37011933 0.34530196 0.47485432
2 0.00040933577000000005 0.018921986000000002 0.89089274 0.21190454 0.98188967
10 0.00040524260000000004 0.053842574000000004 0.8862418 0.21228904 0.9867464
11 0.00039951399 0.8794496999999999 0.34659472 0.9331113000000001 0.42223293
5 0.00039897472 0.17798066 0.393604 0.37157702 0.5046916
1 0.00039832626000000005 0.37197864 0.35720384 0.54315746 0.45148677
11 0.0003982294 0.040345072999999995 0.20913719 0.09918603 0.6666557
6 0.00039442032 0.0018598214000000001 0.3572606 0.14823249 0.50970715
2 0.00039251425000000003 0.37988990000000006 0.27071974 0.5523244 0.41159132
4 0.000384265 0.32190114 0.3475958 0.52040935 0.50009286
13 0.0003828946 0.24425954 0.3790509 0.45425290000000007 0.50421774
11 0.0003759256 0.25888163 0.3050775 0.38621944 0.49486482
1 0.00037513595 0.19664562 0.4029002 0.28847826 0.45724717
1 0.00037484293 0.0060370564 0.39305255 0.11346859 0.5219425
1 0.00037186574999999996 0.18527947 0.4060373 0.24736337 0.45174715
1 0.00036944431000000003 0.2547469 0.4049003 0.34462696 0.46315122
3 0.00036151952000000007 0.49795082 0.3816437 0.56703466 0.44567394
5 0.0003610885 0.0 0.36993435 0.093427524 0.48057327
5 0.000353734 0.31827828 0.35272044 0.47836080000000003 0.51338786
7 0.00034477946000000003 0.5008431 0.36402392 0.5740251000000001 0.4249905
11 0.0003398381 0.20902845 0.38691998 0.25231242 0.45362359999999996
4 0.00033729432999999996 0.34675655 0.323402 0.5373015999999999 0.47351992
9 0.0003364889 0.021690384 0.30309036 0.17320842 0.5604226999999999
2 0.0003314319 0.40110029999999997 0.33180618 0.565204 0.49024475
1 0.00033091120000000004 0.0029156543 0.34997803 0.09568415599999999 0.5854784000000001
11 0.0003303037 0.84616137 0.22405131 0.93794465 0.54712355
13 0.00032343506 0.21125774 0.39443082 0.26563096 0.48345837
9 0.00032006376 0.30727822 0.33031896 0.43974215 0.4665651
5 0.00031677473 0.0 0.9355174999999999 0.20213422 1.0
11 0.00031651682 0.37052497 0.21415624 0.47877374 0.52756685
8 0.00031642788 0.43751752 0.36789720000000004 0.51400834 0.466905
8 0.00031625511000000003 0.25310647 0.41454452 0.5576298000000001 0.8950478000000001
12 0.00031299866 0.3583353 0.30063779999999996 0.47965303 0.47888100000000006
1 0.00030371407 0.0 0.92399776 0.18653424 0.9857507
3 0.0002999378 0.50949365 0.36558053 0.55769986 0.4273065
11 0.00029635044999999996 0.37605894 0.29680917 0.52253395 0.51825297
12 0.00029622362 0.24339418 0.38188824 0.33682412 0.45176128
5 0.00029507562 0.16804719 0.40337428 0.26571459999999997 0.452165
12 0.0002901731 0.27067214 0.38699722 0.3579657 0.45134503
3 0.00028661705000000004 0.46316335 0.37131572 0.5401768 0.46549937
8 0.00028639616 0.3883645 0.17905135 0.6451382 0.7957856
3 0.00028545724 0.33680055 0.34394634 0.47315672 0.4318222
1 0.0002803818 0.78739303 0.33299115 0.91220134 0.47084692
1 0.00027820107000000005 0.0 0.42409024 0.07934837 0.53850555
4 0.00027475608 0.7918094 0.35603320000000005 0.9628677999999999 0.49559003
2 0.00027434937999999996 0.028904457 0.25034937 0.10594009 0.5446025999999999
5 0.00027318 0.0 0.42958024 0.17148453 0.5842068
12 0.00027270743 0.015614722 0.27865112 0.10310279 0.537568
11 0.00027052470000000004 0.019873566999999998 0.35371274 0.0669521 0.49822682
2 0.0002705127 0.23036651 0.37841383 0.32463590000000003 0.43630537
8 0.00026965349999999997 0.06407951 0.21809173 0.45353925 0.7039029
5 0.00026715553 0.0 0.39237675 0.099875584 0.5427900999999999
2 0.00026641990000000003 0.8169069 0.34979240000000006 0.907243 0.40926558
11 0.00026505764 0.27657035 0.37291324 0.3280407 0.45598787
3 0.00026350367000000003 0.006186653 0.35429174 0.044109304 0.40950190000000003
1 0.00026210974 0.5062113 0.37795612 0.5576072 0.41491747
9 0.00025997522999999997 0.21439542 0.39003325 0.30137616 0.45582297
11 0.0002593475 0.2687206 0.33390704 0.31065170000000003 0.4798754
3 0.00025530782 0.8014920999999999 0.35473737 0.88930297 0.43208320000000006
12 0.00025515337000000003 0.75718826 0.34816065 0.9851211999999999 0.46657112
7 0.00025284954 0.0010694638000000002 0.33354232 0.08936996 0.5190505999999999
12 0.00025257235 0.16350088 0.31652924 0.3848348 0.44134992
12 0.00024997996 0.39729914 0.36203703 0.58911824 0.47276023
8 0.00024759040000000003 0.31441665 0.32162222 0.60054034 0.8335629999999999
9 0.00024475524 0.79407674 0.35452566 0.8892855 0.42770863
7 0.00024442613 0.0013865605 0.8929556999999999 0.17871842 0.99538946
10 0.00024090124 0.38648108 0.29950935 0.48107615 0.48256412
9 0.0002392833 0.52101976 0.37302202 0.57922715 0.41841146
10 0.00023879006 0.25950545 0.37084666 0.35136294 0.44814193
13 0.00023644675 0.1994825 0.40025246 0.33953428 0.5035871
8 0.00023437299 0.043718643 0.24816194 0.2624466 0.9170468
12 0.0002330314 0.25834098 0.3749613 0.3206027 0.46281368
4 0.00023290009 0.25518197 0.35717404 0.40342963 0.5001545999999999
13 0.0002326287 0.2622599 0.38658002 0.34721768 0.47816876
6 0.00022948800999999998 0.0 0.36136195 0.103632584 0.49176356
12 0.00022899621 0.39340097 0.33828413 0.5768201 0.44714156
4 0.00022744134 0.028769142999999997 0.33526635 0.16253883 0.4953055
4 0.0002269071 0.23225158 0.3707804 0.32561064 0.4595054
7 0.00022680672999999998 0.0 0.25710598 0.11506435 0.68146974
12 0.00022648471 0.79080886 0.2973387 0.9432749 0.45218167
12 0.00022633453999999998 0.86934566 0.3638119 0.9255333 0.44405538
10 0.00022608075000000002 0.43567342 0.32368132 0.56923276 0.46518886
2 0.00022497625 0.031792667000000004 0.33375332 0.1509697 0.46494472
9 0.00022400333999999999 0.35518757 0.32534647 0.45698443 0.5169881
4 0.0002226837 0.8050624 0.30492327 0.96151567 0.43616809999999995
6 0.00022157625 0.5034467 0.37296778 0.57747984 0.41800526
12 0.00022033854 0.19563082 0.38523468 0.27518052 0.43965364
1 0.00021990751 0.24549748 0.39485016 0.30615562 0.47084528
10 0.00021887825000000002 0.33739132 0.3201985 0.4939955 0.44384480000000004
5 0.00021697352000000003 0.2410025 0.391994 0.31964827 0.48497882
9 0.00021697283 0.25452617 0.34776455 0.40406677 0.46891806
8 0.00021399026000000002 0.6330368000000001 0.19749932 0.8689024999999999 0.8311055
9 0.00021212707000000002 0.050690085 0.31163794 0.11976862 0.6050293000000001
9 0.00021167412 0.267594 0.39014012 0.35933295 0.45133647
5 0.00021101713 0.33285013 0.36752144 0.62055933 0.475328
2 0.00020992605 0.04351274 0.85530746 0.23344493 0.987612
4 0.00020967826 0.052043654 0.89642763 0.20051864 0.9858336
10 0.00020285133999999998 0.43768898 0.297084 0.5531024 0.42833279999999996
1 0.00020158791 0.01117928 0.42514312 0.1288471 0.5482172
8 0.00020121459 0.41104168 0.08978269 0.66086704 0.5838142
10 0.00020069862 0.28398629999999997 0.34982440000000004 0.33191195 0.46439746
5 0.00019957409 0.0 0.37213004 0.14943114 0.4934441
10 0.00019279085 0.84257597 0.25757095 0.9751273000000001 0.4556635
10 0.00019266231 0.08020099 0.85475343 0.22202078 0.9827413
10 0.00019217144 0.84248626 0.33786944 0.89021397 0.42679653
6 0.00019055497 0.23383269 0.32750830000000003 0.50559556 0.4617643
8 0.00018886519 0.2774581 0.2456371 0.58417726 0.5138888
13 0.00018594007 0.5065938 0.39908382 0.56724656 0.44059846
12 0.00018495414000000001 0.31651518 0.32345143 0.4797059 0.4528765
12 0.00018115560000000002 0.17969525 0.33134177 0.42432195 0.46647123
2 0.00018062046999999998 0.00852751 0.4129938 0.16580784 0.54703766
10 0.00018057459 0.8811838 0.260575 1.0 0.47031850000000003
4 0.00018048893 0.80215436 0.3497348 0.91209763 0.43163413
7 0.00018012438999999997 0.0 0.20214307 0.18005474 0.6283254
11 0.00017843259 0.04749885 0.42413566 0.15602648 0.6084582
2 0.00017821271 0.34452018 0.29968867 0.51682484 0.42570716
1 0.00017603383000000002 0.21776417 0.35384062 0.3774896 0.45768663
6 0.00017585032 0.15326567 0.36835759999999995 0.43576450000000005 0.49868378
7 0.00017493022 0.36081564 0.33149347 0.57300395 0.519582
5 0.00017491103999999998 0.49423808 0.38165691 0.5747772 0.4161112
12 0.00017476537 0.015305108999999999 0.34899223 0.16337708 0.49700829999999996
2 0.00017438302 0.7835103 0.27810735 0.9834933000000001 0.41274849999999996
12 0.00017344348999999998 0.025047577999999997 0.3585629 0.10577618 0.50983125
7 0.00017138968999999996 0.25044829999999996 0.31358909999999995 0.44964182 0.49632984
12 0.00016970347 0.5153385 0.36584693 0.576515 0.40833148
6 0.00016837011 0.7616683000000001 0.3333468 1.0 0.47295946
