3 0.9957243 0.7367716 0.41732812 0.8068422 0.47708523
3 0.9911562 0.09273917 0.44802195 0.22085187 0.5157440999999999
3 0.95155025 0.32755852 0.4187433 0.45353365 0.5000803
3 0.9305996 0.4409141 0.37360909999999997 0.76463145 0.57645226
3 0.9201341000000001 0.21569252 0.4429134 0.26523220000000003 0.49766183
8 0.07009916 0.43362302 0.35547125 0.7852505 0.59184086
3 0.017645573 0.09410161 0.46770954 0.19933543 0.51735777
8 0.016731083 0.31385654 0.3919851 0.4734848 0.51276106
3 0.01526664 0.9638089 0.41386673 0.9993503 0.46283278
8 0.015226766000000001 0.32990044 0.42587626 0.44568884 0.50312364
8 0.014947611999999999 0.009804003 0.9069591 0.18379712 0.9906043999999999
8 0.011955478 0.20893657 0.43259346 0.27371386 0.5072715
8 0.0092271995 0.95855534 0.40254152 1.0 0.46870643
8 0.004989918 0.10495795 0.4379222 0.20392443 0.5145104
8 0.004798553400000001 0.73976547 0.411671 0.81104094 0.47578630000000005
13 0.0042783977 0.34152168 0.40451768 0.48366022 0.5536463
13 0.0034344215 0.22157317 0.45041980000000004 0.28744770000000003 0.5107785
13 0.0032606646 0.44902593 0.41434923 0.6866823000000001 0.5544536999999999
5 0.0025517477 0.32955486 0.42485654 0.6901824000000001 0.6802003000000001
3 0.0025282088 0.47212154 0.347777 0.7109713000000001 0.50623417
13 0.0021499447000000002 0.3529053 0.42595565 0.46864286 0.49521273
3 0.0020303314 0.23276074 0.43389229999999995 0.28166112 0.48067558
13 0.0018223391000000001 0.20055673 0.46415344 0.26566574 0.5083850999999999
13 0.001819205 0.52830637 0.42816229999999994 0.7628807 0.5500104
13 0.0016577484 0.093986526 0.45489067 0.18741889999999997 0.51827216
13 0.001636635 0.434537 0.44850135 0.7545565 0.66172224
3 0.0016186045000000002 0.02022969 0.91299415 0.19400567 0.99388856
11 0.0014755620000000001 0.44052255 0.22231096 0.7185321 0.6902158
8 0.0014688 0.4868854 0.38470129999999997 0.6712341 0.5535051
1 0.0014615004 0.29830092 0.41583000000000003 0.6637692 0.6310079000000001
13 0.0013806339000000001 0.47305280000000005 0.39269388 0.8280161 0.66150033
13 0.0013736610999999998 0.7484771 0.4242161 0.82137156 0.48208059999999997
11 0.001347984 0.20629965 0.43199873 0.257169 0.5110622
9 0.0013473728 0.46665174 0.36296982 0.706307 0.6261711999999999
13 0.0013445448 0.72353584 0.43231723 0.80388016 0.48539764
9 0.0013113570000000002 0.3474855 0.40689397 0.48805454 0.53215134
8 0.0012788048 0.33360106 0.41457559999999993 0.42688376 0.48610014
7 0.0012555282 0.23555335 0.34172028 0.76128864 0.75055754
1 0.0012171775 0.31259359999999997 0.3989028 0.46231034 0.50728434
1 0.0010030103999999998 0.3298242 0.34773302 0.6973531 0.55720055
13 0.0009588495 0.11665491 0.45220456 0.22754744 0.52220106
11 0.00094758766 0.5152793 0.26188922 0.7800255 0.6685479
13 0.000883407 0.33460158 0.45031977 0.452833 0.5117877000000001
9 0.00087986287 0.5147221 0.37160596 0.7780756999999999 0.65083367
5 0.0008316756 0.37450996 0.39556408 0.74137306 0.62593144
8 0.0008096692599999999 0.09848493 0.45296738 0.1818785 0.5199734
8 0.0008030473 0.7362046999999999 0.40523416 0.7972431999999999 0.46301279999999995
5 0.0007824657000000001 0.17336373 0.45555362 0.25899017 0.5115963
7 0.0007651025699999999 0.28994699999999995 0.37133002 0.49826118 0.55705017
12 0.0007595417 0.35475016 0.41088584 0.45050675 0.48462844
9 0.0007460289599999999 0.5130407 0.33394533 0.73681384 0.5903676
13 0.0007059114 0.33033177 0.42367786 0.44326636 0.50187856
6 0.0007037116000000001 0.18362209 0.45496705 0.27751 0.5064109
7 0.0006845068400000001 0.17198417 0.44637156 0.26419964 0.52256167
11 0.0006815964599999999 0.48071757 0.3729255 0.615934 0.5625996999999999
1 0.0006634686 0.18680725 0.46056685 0.25560346 0.50431186
9 0.0006491969 0.35213846 0.41968134 0.4408388 0.47868824
11 0.0005852309400000001 0.7318932 0.40169499999999997 0.78642404 0.48585695
13 0.000574514 0.20865808 0.43605420000000006 0.26978868 0.4937095
1 0.0005670337 0.42251587 0.44326273 0.6123098000000001 0.54849106
8 0.0005658536 0.078338675 0.41577318 0.24505514 0.54005736
3 0.000565146 0.7378324 0.40581536 0.80529714 0.46102747
2 0.00055894663 0.40180895 0.34221718 0.8336771999999999 0.5964523
7 0.0005555267 0.20913899 0.43902192 0.2995124 0.5159487
1 0.0005432029 0.39538637 0.38740054 0.7279049 0.61950725
12 0.00053525117 0.60155535 0.41752510000000004 0.7485265999999999 0.5567588000000001
2 0.0005303346 0.30710003 0.39266828 0.5290779999999999 0.5256227
3 0.0005211486 0.3424939 0.3946353 0.47665018 0.510841
5 0.0005062913 0.07505444 0.4540465 0.19734669 0.5057028
1 0.0004995751 0.2895191 0.41768299999999997 0.45183322 0.5375893
7 0.00047622996 0.6993451 0.40784776 0.80010366 0.5008837
12 0.00047409983 0.53009063 0.38848114 0.6735968000000001 0.5478174
5 0.000461829 0.42649743 0.38394222 0.64463764 0.5319010999999999
6 0.00046105823 0.31548217 0.40637773 0.78128636 0.6632644
11 0.00045843876 0.37326795 0.34739333 0.48703355 0.5218737
12 0.0004579249 0.29732952 0.35358337 0.51166743 0.49783447
11 0.00044689316 0.101114914 0.43972003 0.16230653 0.5161609
13 0.00044065254 0.37024862 0.41977020000000004 0.45596004 0.5114399000000001
13 0.0004387463 0.9535241 0.4328964 0.99328184 0.47306383
13 0.00043753182 0.31465974 0.417416 0.41215345 0.49106133
11 0.00043680833 0.3696051 0.41497526 0.42300352 0.48226336
5 0.00043196316 0.27305225 0.44752648 0.44743046 0.5617966999999999
1 0.00041683437 0.07926077 0.46661973 0.16620988 0.5097667
2 0.00041598224000000003 0.32825392 0.35333523 0.52378386 0.49927464
12 0.00041502216 0.34290177 0.2395 0.7577533000000001 0.49847174
1 0.00041357169999999997 0.7130101 0.43406590000000006 0.78387284 0.48398343
8 0.00041136364000000003 0.16590714 0.42426726 0.41230494 0.93881804
11 0.00041026057 0.37623817 0.42514430000000003 0.43303293 0.5163674
12 0.00040507657 0.57224876 0.40112492 0.7194868000000001 0.5650919
2 0.00040482307999999996 0.19523704 0.44701019999999997 0.27695936 0.49267468
9 0.00040012354 0.35637957 0.44605008 0.44150817 0.5019965999999999
5 0.00037838757000000005 0.32530690000000007 0.44995114 0.45405853 0.51258063
5 0.00037648330000000004 0.20810279 0.45700023 0.29715517 0.5145936
5 0.00036845024 0.6968046999999999 0.42463866 0.8007588999999999 0.48451996
8 0.00035166870000000004 0.66707325 0.28197894 0.9174874 0.90416795
7 0.00035065904 0.21557467 0.42563638 0.27772084 0.48464727
7 0.00035031242 0.38193414 0.23988226 0.7963935000000001 0.6972911999999999
1 0.00034407273 0.56318176 0.41846097 0.74942625 0.54772484
1 0.00034379782 0.21036461 0.43721175 0.2668359 0.4742274
7 0.00034103205000000003 0.3463775 0.40149128 0.43864912 0.5022117
2 0.00034008279999999996 0.22574526 0.44020352 0.3000592 0.49096660000000003
1 0.00033988137000000003 0.379814 0.42948788 0.45954517 0.4836888
8 0.00032968943999999996 0.43554044 0.35789746 0.75108576 0.8477551
13 0.00032079357000000004 0.739981 0.42306367 0.7999291000000001 0.51398224
5 0.00032047936 0.31888664 0.42993370000000003 0.45874286 0.48559466
12 0.00031431846 0.37477574 0.28597918 0.8448087 0.56319845
5 0.0003101854 0.30278299999999997 0.4266867999999999 0.48075372 0.5390159999999999
12 0.00030881372999999997 0.36552295 0.43940088 0.45033345 0.5014582000000001
12 0.0003064369 0.3873699 0.41835672 0.46662864 0.48536262
9 0.00030616613 0.22032829 0.43478346 0.28319317 0.48100024
4 0.00030608138 0.24311538 0.4359135 0.300538 0.51318043
1 0.00030292547 0.45119932 0.40545693 0.619374 0.52798027
9 0.0003026135 0.20795935 0.44713919999999996 0.26718673 0.5002744
11 0.00030007647 0.22674635 0.43455213 0.27713963 0.50998133
4 0.00029622408 0.52007115 0.3387635 0.86503744 0.6452756
1 0.00029445383999999997 0.22821950000000002 0.4645932 0.28479406 0.51094383
4 0.00029286565 0.5975505999999999 0.34569296 0.7501454000000001 0.51199603
7 0.00028696796 0.33976543 0.43154946 0.43980914 0.5259301
1 0.00028304275 0.34251028 0.43237528 0.43414038 0.48952138
8 0.0002825188 0.06397169999999999 0.43501229999999996 0.30879426 0.9325464
6 0.00028188400000000004 0.20059758 0.45281675 0.31910533 0.5074602
8 0.00027695805 0.3347783 0.3445105 0.69221246 0.8933853
6 0.00027537506 0.42644090000000007 0.41763955 0.6824581999999999 0.525802
13 0.00027457415000000003 0.013213731000000001 0.9002518 0.19949612 0.9886594000000001
7 0.00026376906000000005 0.07970965 0.43563378 0.1679362 0.52398384
8 0.00026367252999999995 0.22584186 0.42763674 0.27708504 0.484159
13 0.00025437615 0.098975085 0.4776537 0.19592896 0.5330041
11 0.00025100564 0.24522188 0.43510896 0.29513875 0.5073300999999999
6 0.0002487816 0.34087488 0.40701976 0.4626651 0.49065843
13 0.0002453037 0.5171935000000001 0.39725533 0.724884 0.53371644
7 0.00024472488 0.10746425400000001 0.42710721 0.20645759 0.53034836
8 0.00023924852999999998 0.03170888 0.40984327 0.20890503 0.94252783
12 0.00023806683999999997 0.21595916 0.4216514 0.28185725 0.47029135
6 0.00023574810000000001 0.71135896 0.42026769999999997 0.8134024999999999 0.48774987
9 0.00023516921000000003 0.7320629 0.4179831 0.7969987 0.47546774
1 0.00022665602000000002 0.3488469 0.45802200000000004 0.4365666 0.5118155
6 0.00022339415000000002 0.33399470000000003 0.44399658 0.46705067 0.51140183
4 0.0002230116 0.36547127 0.38277805 0.51446587 0.5242784
6 0.00021427307 0.54998136 0.41086516 0.7971060000000001 0.5662193
4 0.00020972 0.35202464 0.39895856 0.45466599999999996 0.48119926
6 0.00020809534 0.07506855 0.4492494000000001 0.21140485 0.5070403
12 0.00020782482 0.11188875 0.43767145 0.19179218 0.5044625
9 0.00020545525 0.39199907 0.41613862 0.4790460999999999 0.47156993
9 0.00020289404999999998 0.31502312 0.41223836 0.4334488 0.5319233
8 0.0002002343 0.42272723 0.15098809 0.70477843 0.61675537
8 0.00019572304 0.56772304 0.3020159 0.8791355 0.89921147
10 0.00019411455000000003 0.34657350000000003 0.4070654 0.43616304 0.47397766
10 0.00018626028000000002 0.5977475999999999 0.3694936 0.7367621999999999 0.52456045
1 0.00018561646 0.13272251 0.46185336 0.22083215 0.5118838
2 0.00017871392 0.717426 0.40701354 0.81456476 0.46556237
6 0.00017692754000000002 0.26285547 0.39198977 0.5384434 0.5244597
13 0.00017611122 0.29981974 0.43162853 0.43771955 0.54728293
10 0.00017563092 0.3558668 0.43253618 0.44493032 0.50543165
4 0.0001752966 0.48370534 0.30657667 0.82446676 0.5781878
1 0.0001747942 0.20626901 0.4629625 0.27108422 0.5105625
1 0.00017379734 0.5210521 0.41874390000000006 0.70844805 0.55873847
6 0.00017321631000000002 0.20788243 0.42759535 0.28279236 0.47769225
12 0.0001716244 0.21946558 0.44295508 0.308215 0.49539244
7 0.00016716107 0.74723816 0.40575483 0.8286966999999998 0.48856267
6 0.0001666123 0.32249472 0.31557128 0.8142686 0.61536175
11 0.00016589578000000002 0.13016282 0.43816869999999997 0.18882243 0.51255655
9 0.00016585493000000003 0.22966643 0.4514242 0.30533975 0.50120056
5 0.0001657612 0.7270143 0.42868686 0.7969545 0.5092568000000001
11 0.00016480243000000002 0.34358466 0.42737007 0.40713477 0.52407396
4 0.0001647788 0.35191740000000005 0.4186179 0.44981974 0.50760865
7 0.00016332716999999997 0.5550076 0.37649152 0.72284055 0.5761678000000001
11 0.00016323504999999998 0.7514827 0.37661755 0.7916708 0.5117103
7 0.00016282915000000002 0.37854895 0.40403098 0.45945296 0.49476427
4 0.00016183652 0.21952786 0.4367848 0.28359609999999996 0.51227814
2 0.00015506166 0.36131793 0.4006278 0.44692528 0.47484799999999994
11 0.00015327123 0.5047003 0.34696352 0.6214609 0.5111237
10 0.00015287120000000002 0.45554382 0.25664699999999996 0.79565877 0.63228685
8 0.00015164261 0.4583062 0.29463083 0.7143170999999999 0.6127871
9 0.0001498437 0.5980559 0.4070783 0.76225334 0.5235009
2 0.00014595268 0.9522729 0.41598 1.0 0.46870825
6 0.00014518746999999998 0.25079492 0.43341720000000006 0.5207075 0.5562359
10 0.00014455766 0.23368889 0.43315990000000004 0.2981124 0.5058964
4 0.00014303364 0.44838890000000003 0.37386644 0.7893796 0.64162123
8 0.00013835433999999998 0.021302536 0.8260081 0.30087346 0.9943813
7 0.00013765894 0.7227453 0.38830749999999997 0.80215216 0.5268451999999999
10 0.00013733373 0.21660449 0.42452349999999994 0.2731302 0.47069243
1 0.0001369407 0.25204740000000003 0.39569655 0.42122802 0.49194252
10 0.00013692843000000002 0.3695897 0.33749640000000003 0.51398003 0.54916686
4 0.00013555982 0.20430963 0.4400477 0.26481885 0.5057144
9 0.00013464225 0.14985639999999997 0.44285402 0.23390426 0.5017832999999999
13 0.00013372753 0.3572595 0.43846953 0.43665993 0.52082413
12 0.00013154736 0.7222833000000001 0.41097462 0.8058614000000001 0.46878279999999994
8 0.00013120616000000002 0.120508164 0.22887969 0.38884136 0.97006416
10 0.00012955256000000002 0.39230144 0.3964821 0.46178603 0.4793585999999999
6 0.00012756132 0.51474524 0.40742514 0.745317 0.54560757
3 0.00012740162 0.16466534 0.4457133 0.25375018 0.5055556999999999
4 0.00012535669 0.5646566 0.28262934 0.8913474 0.5587261
13 0.00012255205 0.33783194 0.42834404 0.41253957 0.5194261
12 0.0001206242 0.13757493 0.44235766 0.22203077 0.5071739000000001
13 0.000119354525 0.033680186 0.28876615 0.41197443 1.0
1 0.00011929839 0.73051894 0.4300319 0.7868248000000001 0.4950407
11 0.00011853108 0.23125553 0.4308686 0.2606384 0.47814757
11 0.00011768802 0.34255162 0.4123138 0.3938693 0.48567677
1 0.00011646066000000001 0.94435054 0.42650652 0.9881091999999999 0.47026947
5 0.000116437084 0.20096442 0.4420299 0.28069723 0.47722253
12 0.00011521187 0.38072598 0.40964222 0.43447328 0.49703459999999994
1 0.00011368843 0.76035345 0.44029057 0.8175087 0.4833251
13 0.00011137873 0.22455557 0.43143058 0.28695896 0.48875776
10 0.00011133337 0.09485692 0.45433643 0.18333077 0.5037244000000001
8 0.00011098071000000002 0.7274487 0.39965475 0.79299355 0.48585287
4 0.00010962076000000001 0.39327896 0.38454905 0.47200668 0.4706692
1 0.00010854663999999999 0.30624518 0.43028180000000005 0.38996235 0.4738093
2 0.00010842143999999999 0.34745944 0.43200266 0.4400912 0.4994308
13 0.0001084198 0.09167489 0.44643778 0.2345342 0.57136655
10 0.0001071916 0.14275181 0.42593893 0.22380087 0.5028275
2 0.00010459187 0.43368796 0.24970467 0.82272446 0.5263441999999999
11 0.00010420557399999999 0.12945595 0.45495516 0.19202688 0.54169315
2 0.00010416878000000001 0.22755474 0.4216357 0.2852677 0.4606483
9 0.00010373169 0.12312824 0.44593397 0.21471357 0.5066859
10 0.00010321163 0.19710020000000003 0.44266057 0.27686977 0.5078193
12 0.00010182761 0.20060283 0.4447277 0.27884248 0.49590796
13 0.00010150545 0.7307332 0.40744959999999997 0.8000465999999999 0.46657208
5 0.00010096280999999999 0.943994 0.43400928 0.993553 0.48590326
5 0.00010070208 0.5081730999999999 0.43558887 0.9074491 0.68211037
5 0.000100613586 0.09685038 0.45309705 0.23511817 0.5152088
1 0.0001002402 0.30534533 0.46143642 0.38912717 0.50048023
2 0.00010001729 0.75604105 0.409067 0.8285935 0.46756926
11 9.889379e-05 0.3284841 0.32783574 0.43439355 0.52889663
4 9.88479e-05 0.23197939999999997 0.42533204 0.27821979999999996 0.47048256
8 9.858407e-05 0.2699871 0.4114558 0.56101036 0.95136595
12 9.817628000000001e-05 0.7571145 0.41622242 0.83313465 0.46691117
7 9.694305500000001e-05 0.9369423000000001 0.41342852 0.9974360000000001 0.48626912
10 9.500982599999999e-05 0.47026008 0.42198389999999997 0.6460673000000001 0.52572364
11 9.495122e-05 0.95925075 0.40047994 0.9941121999999999 0.48108977
3 9.0340574e-05 0.5736304 0.37421522 0.7825956999999999 0.52399176
4 8.849514000000001e-05 0.7668023 0.41156453 0.8348091999999999 0.48117125
1 8.744668600000001e-05 0.36607388 0.41466618 0.43813494 0.48505393
12 8.622731e-05 0.34668356 0.41246759999999993 0.42299724 0.47904834
4 8.585084999999999e-05 0.54624027 0.35720599999999997 0.7293307 0.52164274
4 8.439400999999999e-05 0.13809317 0.42350382 0.23712483 0.50252247
13 8.434261e-05 0.281779 0.455283 0.42106438 0.5612089
5 8.413978000000002e-05 0.30514836 0.4456704000000001 0.419994 0.4984674
1 8.3482264e-05 0.23328526 0.42136273 0.41041934 0.5170368
5 8.149478e-05 0.48042609999999997 0.40014282 0.71885574 0.55369663
8 8.121395000000001e-05 0.58399844 0.20994227 0.8479903 0.76368546
12 8.093294e-05 0.6087442 0.393046 0.764108 0.52899975
11 7.9757505e-05 0.5838611 0.37029959999999995 0.69244814 0.5186592000000001
5 7.905334e-05 0.24728723 0.4367032 0.43907183 0.53093374
4 7.881923399999999e-05 0.7253896 0.40882897 0.80304945 0.48112673
11 7.8583784e-05 0.15346198 0.43443298 0.20677470000000003 0.5085017
9 7.83686e-05 0.09718821 0.44762579999999996 0.17808166 0.5066145000000001
7 7.8298566e-05 0.43374485 0.38778779999999996 0.61598295 0.5755693000000001
3 7.776475000000001e-05 0.10843352 0.43999958 0.25005543 0.5269248000000001
6 7.77404e-05 0.36215892 0.41890168 0.49276152 0.49095875
10 7.581233000000001e-05 0.33245440000000004 0.45514202 0.42012498 0.50722235
1 7.557934e-05 0.46140355 0.3670425 0.8262206 0.59188265
8 7.49421e-05 0.5152869000000001 0.25152144 0.8050244000000001 0.8069400999999999
13 7.466791e-05 0.11220484 0.45451492 0.19413382 0.5455719
12 7.3570205e-05 0.35648653 0.4004009 0.41521737 0.5001166
10 7.3062176e-05 0.123748735 0.47404435 0.20198892 0.5303864
6 6.9039335e-05 0.11317841 0.44506309999999993 0.25053567 0.516104
11 6.8962356e-05 0.77492523 0.41199220000000003 0.8196398000000001 0.4800638
11 6.880453000000001e-05 0.7492318 0.4122621 0.7990457 0.48685032
8 6.798006e-05 0.06510903 0.9434832000000001 0.14349853 0.9937617
6 6.746047e-05 0.30542412 0.44903603 0.4454855 0.50117576
1 6.738928000000001e-05 0.33081135 0.41788158 0.40037206 0.48526257
8 6.7346045e-05 0.18354600000000001 0.26505452 0.68238443 0.7948616999999999
9 6.706764e-05 0.39779833 0.2686148 0.67221487 0.5978361
11 6.663309599999999e-05 0.6306873000000001 0.37234953 0.7331714 0.5128560999999999
8 6.512493e-05 0.17214946 0.19110891 0.5045143 0.8813030999999999
8 6.494418e-05 0.6752783 0.14821905 0.89043355 0.7109597
5 6.478656e-05 0.30583027 0.42754248 0.41650227 0.47481087
5 6.455850000000001e-05 0.088671625 0.45342037 0.15973742 0.5356914
6 6.437839e-05 0.7397259 0.422674 0.85041517 0.48365852
5 6.407691e-05 0.7410584 0.42875808 0.83969814 0.48666665
10 6.383136999999999e-05 0.48658308 0.38367268 0.6429446999999999 0.49713698
6 6.3702086e-05 0.9448403000000001 0.4263577 1.0 0.47577727
10 6.350995e-05 0.7213599 0.40945970000000004 0.80890113 0.48494706
7 6.3442836e-05 0.090159506 0.46577176 0.19610804 0.54464257
7 6.290478e-05 0.31128109 0.43200459999999996 0.41308504 0.51729685
9 6.289996e-05 0.7650055 0.42465519999999995 0.83581597 0.46967250000000005
7 6.284849e-05 0.24285889 0.38306305 0.44827205 0.57036084
8 6.278941999999999e-05 0.7979375 0.097113594 0.92641556 0.57513684
2 6.19061e-05 0.10252772 0.4367969 0.18860583 0.49172518
10 6.17632e-05 0.542625 0.38370675 0.6956149 0.5248339
3 6.1624596e-05 0.073660284 0.528629 0.34011456 0.99589336
11 6.085746e-05 0.40982714 0.40542293 0.45495555 0.47054318
9 6.0138722e-05 0.5675879 0.36682713 0.8825261999999999 0.6173036999999999
9 6.0127375e-05 0.74982053 0.41751009999999994 0.79418415 0.4972875
5 5.9931215e-05 0.3613161 0.42526400000000003 0.48111835 0.49106179999999994
2 5.9594341999999994e-05 0.55947804 0.2548712 0.8850386 0.6021279
5 5.86953e-05 0.09632926 0.47751355 0.18757026 0.53434855
8 5.7874876999999994e-05 0.7700473000000001 0.1389018 0.91888094 0.68544894
10 5.7702746e-05 0.76737404 0.4061544 0.8279419 0.47481063
9 5.7612902000000004e-05 0.29972944 0.43163789999999996 0.41601512 0.55016613
10 5.7215206e-05 0.3968607 0.3742946 0.43774495 0.49358308
4 5.6554396e-05 0.6444905 0.32939965 0.92548084 0.6451598000000001
3 5.601188600000001e-05 0.16160889 0.52711385 0.46757787 0.9799651
12 5.598868000000001e-05 0.7352432 0.39922932 0.8006675 0.48611414
9 5.5749173e-05 0.38775402 0.40864223 0.4436478 0.49108762
6 5.5236280000000004e-05 0.30945683 0.42220017 0.43732232 0.47646943
13 5.4562795e-05 0.37866540000000004 0.33306292 0.7455972 0.58644056
10 5.2914062999999994e-05 0.15161522 0.4122571 0.19308122 0.517139
5 5.2844505e-05 0.5473166 0.41054624 0.77557594 0.5642903
3 5.1394214e-05 0.66340494 0.27479973 0.9414524 0.9504585999999999
