3 0.9273663000000001 0.10283941 0.41687602 0.15985253 0.4552656
8 0.65368474 0.5956944000000001 0.36968413 0.8672591999999999 0.46731883
3 0.51490587 0.17256835 0.40982840000000004 0.23261093 0.45023012
8 0.38463974 0.16968116 0.40937528 0.23721991 0.45392959999999993
3 0.2433442 0.6175801 0.39910450000000003 0.7602685 0.46025565
3 0.22225067 0.39850009999999997 0.40382355 0.54393363 0.46634126
3 0.11171065 0.62163526 0.38250712 0.8347223 0.46630988
8 0.10032097 0.5915675 0.39356690000000005 0.779904 0.4600706
8 0.08638816 0.100282535 0.41126838 0.16326672 0.4597724
8 0.085674636 0.4358616 0.22580473 0.49161604 0.25464684
8 0.06979778 0.4203001 0.22501287 0.47780216 0.2552911
3 0.06363823 0.5827028000000001 0.38636482 0.6198019 0.42086837
8 0.05996493 0.370221 0.37406057 0.60000074 0.47775182
8 0.057924286 0.38439348 0.4063478 0.5498293000000001 0.46178952
3 0.035232753 0.098057 0.43374409999999997 0.16064262 0.46514007
8 0.024433536000000002 0.5790008000000001 0.3867406 0.6218019 0.42489433
13 0.011432221999999999 0.576868 0.38902736 0.630163 0.42391786
3 0.01134977 0.40340048 0.39889592 0.58572686 0.48096934
8 0.009444273000000001 0.092450604 0.4214089 0.17107116 0.46508738
3 0.008212051 0.43540016 0.2264144 0.49097517 0.25647873
13 0.008074975 0.1797661 0.41149205 0.24541143 0.45360622
3 0.0070401016 0.42419989999999996 0.22664635 0.47394216 0.25648034
8 0.0065030414 0.39044204 0.22651294 0.45207929999999996 0.2546605
8 0.005293896 0.45453298 0.22721970000000002 0.5119505 0.25419062
8 0.004845339000000001 0.12096347 0.4146101 0.19112825 0.45542726
8 0.004400032 0.39691412 0.39444795 0.51641226 0.4680647
13 0.0042522857 0.10375513 0.4146595 0.16951229999999998 0.45841402
3 0.004113626 0.45259932 0.39340326 0.5626665 0.46280426
5 0.0037237369 0.15241210000000002 0.42000428 0.23569107 0.45055574
11 0.0036110459999999997 0.17878495 0.40957996 0.22735257 0.45316276
2 0.0034893603999999996 0.18863632 0.40458778 0.26010475 0.44993058
2 0.0033674397999999997 0.17228973 0.40986709999999993 0.24581051 0.44451678
8 0.0027050283 0.018352976 0.41153568 0.04756635 0.44600755
3 0.0024444961 0.67462516 0.80537987 0.71976525 0.8400276
13 0.0023325305 0.1535483 0.4151732 0.21823627 0.4512804
3 0.0023241884 0.12590717 0.41387877 0.19296232 0.45352864
8 0.002108821 0.39537459999999996 0.41120026 0.5033824 0.4552825
2 0.0020929982 0.57776827 0.38286093 0.64499944 0.41744143
8 0.0019984957999999997 0.16293964 0.41921952 0.23145576 0.46270677
7 0.0017593027 0.15587520000000002 0.405826 0.2309243 0.4576036
8 0.0017292302999999999 0.60978794 0.39533094 0.73109365 0.45524040000000005
13 0.0016446807000000002 0.41796237 0.22996463 0.4693481 0.25600967
3 0.0015739022 0.57197434 0.38933933 0.61355686 0.42033282
1 0.0014947632000000001 0.1870229 0.41927868 0.24583869 0.45432588
6 0.0014839382 0.16575399 0.4116245 0.24161482 0.4509612
8 0.0014810866 0.56433666 0.389022 0.6112438 0.42482695
2 0.0014679082 0.11365270599999999 0.40773153 0.17908531 0.4465739
1 0.0014314436 0.16544244 0.41995394 0.22593202 0.45191398
4 0.0014305236 0.20099560000000002 0.4109682 0.25760898 0.4533192
11 0.0012738683 0.20465432 0.40636542 0.25287354 0.45285457
7 0.0012579397999999999 0.10583989999999999 0.40712285 0.17600843 0.45692146
4 0.0012408012 0.17516048 0.4110322 0.24066918 0.45024085
8 0.0012179044 0.13508514 0.278095 0.7223683000000001 0.74573684
3 0.0012049156 0.59013474 0.38655996 0.6406182 0.42248014
13 0.0012040001 0.4365692 0.2281006 0.4876574000000001 0.25869074
8 0.0011812759 0.6420818 0.38341278 0.7779578 0.46928224
9 0.0011230323 0.1775835 0.41377112 0.2409857 0.44603887
8 0.0011000831 0.6644566999999999 0.79655457 0.72502476 0.8389781
5 0.0010812442 0.17157707 0.42031375 0.25838372 0.4551875
3 0.0010793369 0.020636652 0.41194707 0.05238696 0.44804552
12 0.0010744999000000001 0.18019569 0.41321525 0.25823477 0.4484956
11 0.0010516634 0.16297509999999998 0.40936124 0.20696542 0.4533603
10 0.0010237503 0.20451303 0.40173635 0.26088127 0.45062983
9 0.0009847793 0.19467738 0.41381973 0.26298657 0.44780383
13 0.0009463047599999999 0.094450936 0.41837820000000003 0.15391394 0.45619977
8 0.0009081645399999999 0.15888084 0.36120537 0.46681044 0.8707957000000001
7 0.0008978519000000001 0.55725366 0.38185796 0.64041936 0.42738342
8 0.0008602813000000001 0.5511571 0.36298567 0.7699098000000001 0.4840731
13 0.00084518426 0.40598556 0.39232448 0.5755276 0.5251725
10 0.0008233777 0.17853189 0.40775663 0.24181100000000003 0.45007929999999996
2 0.0008215599 0.15916215 0.40975192 0.22734159 0.43728212
1 0.00078805885 0.13977887 0.41804048 0.20354877 0.4464964
13 0.00076593744 0.41480482 0.4088536 0.5354293999999999 0.4683784000000001
8 0.0007566594 0.67516 0.788144 0.72143406 0.8292527
3 0.0007538911000000001 0.16241932 0.42727977 0.23867011 0.46552604
1 0.0007132058 0.10837683 0.42764315 0.1615838 0.456308
3 0.0007098283400000001 0.3881987 0.41714868 0.523174 0.47316208
13 0.0007078159 0.39195399999999997 0.4023631 0.50840276 0.464368
13 0.0006948288 0.6157026999999999 0.40123314 0.7420294 0.46643087
2 0.0006929005 0.4184483 0.22507465 0.4923251 0.25902912
8 0.0006920475 0.025363121000000002 0.31455278 0.3288388 0.9189371999999999
6 0.0006566598299999999 0.096247554 0.4121268 0.19310749 0.45471000000000006
3 0.0006482232 0.64814556 0.3930962 0.80097914 0.46285972
13 0.0006297176 0.09205474 0.44036674 0.14976177 0.47110993
2 0.0006292397 0.43897882 0.22326469999999998 0.51030695 0.26039407
8 0.000628933 0.39728117 0.1503475 0.6959930999999999 0.77263594
10 0.00062547624 0.45891574 0.39199597 0.54165095 0.44467184
8 0.0006253691400000001 0.35703292 0.42001444 0.68678534 0.8545896000000001
9 0.0006204445400000001 0.45651802 0.4068163 0.5473913 0.4560782
13 0.0006144647 0.017630925 0.40613340000000003 0.052487396 0.45189527
10 0.0005979262999999999 0.43856442 0.39685747 0.5222916 0.44693187
5 0.0005862177 0.088352695 0.42222977 0.18450375 0.45165900000000003
5 0.00058027304 0.3917463 0.4169273 0.5444349 0.46010968
13 0.00057968695 0.55935144 0.39316905 0.6143735 0.42251864
6 0.0005763499599999999 0.14170639999999998 0.41238800000000003 0.22870241 0.44544607
4 0.000572177 0.12451398400000001 0.41199579999999997 0.18176527 0.4572429
10 0.0005683681 0.12043857599999999 0.40616596 0.18213649 0.45054084
9 0.00056755805 0.11854469999999999 0.41845456 0.18836743 0.45069453
9 0.0005649133999999999 0.42656532 0.40828000000000003 0.5188265000000001 0.46074092
3 0.00054761855 0.47562614 0.38835293 0.5550930000000001 0.41971436
1 0.0005344479 0.42676505 0.41418076 0.5353397 0.46042314
11 0.00052810326 0.4479901 0.39324915 0.50899917 0.45778509999999994
13 0.0005233870500000001 0.44290146 0.40212607 0.5387035 0.48450938
1 0.0004901449 0.38528559999999995 0.4160829000000001 0.48522648 0.45822227
2 0.0004897044999999999 0.105267294 0.41352448 0.16358705 0.43980628
8 0.00048751733 0.44577652 0.39615664 0.56299126 0.4722514
11 0.00048126664000000004 0.42668906 0.39632842 0.49169058 0.4562130999999999
3 0.0004728332599999999 0.45068023 0.22962764 0.51620764 0.25761557
13 0.00047184535999999995 0.656134 0.38324913 0.8638113000000002 0.49782145
12 0.00047075213 0.43347394 0.40757567 0.54165107 0.46300477
8 0.00046385452000000007 0.05786394 0.25307962 0.42810562 0.87908065
10 0.00046313083 0.65740126 0.39568686 0.7497119000000001 0.4495594
8 0.00046046873 0.22719243 0.11394844 0.62759733 0.7949636999999999
12 0.0004584913 0.10683511 0.41359103 0.1816364 0.44938967
3 0.00045738774000000004 0.59559697 0.39211062 0.7269165 0.45776278
13 0.00045157199999999997 0.66298985 0.8088069 0.7211324 0.8475326999999999
6 0.00044832330000000003 0.42139465 0.39722663 0.58138424 0.46122545
1 0.00044676632000000005 0.57084787 0.3927496 0.6197064 0.42299512
8 0.00043921655999999996 0.14870821 0.14913063 0.45798704 0.7963847
5 0.0004302164 0.07475652 0.42234853 0.16163604 0.44750753
3 0.0004228671 0.6763252 0.7927719 0.7196935999999999 0.82633287
5 0.0004180428 0.33938968 0.41713940000000005 0.58149415 0.51256144
11 0.000415035 0.12780179 0.41341066 0.16623354 0.45408679999999996
11 0.00040766483 0.441938 0.32014096 0.59611595 0.50365573
8 0.0004032978 0.102349944 0.46378500000000006 0.41767654 0.8928474000000001
3 0.0003980104 0.35559294 0.27855396 0.78927785 0.99641097
11 0.00038930127999999996 0.667108 0.3867357 0.7379880999999999 0.4681099
10 0.00038814225 0.16503316 0.41274953 0.22016908 0.44681183
13 0.00037739733999999996 0.398918 0.39588422 0.49327177 0.48862680000000003
7 0.0003744136 0.13412127 0.40888146 0.20984441 0.4544210999999999
9 0.0003658725 0.42903224 0.39140862 0.5926004 0.5013917
8 0.00035446402 0.39365754 0.31996979999999997 0.77288306 0.8508013000000001
3 0.00035372307 0.39272326 0.22825295 0.45615312 0.25576207
13 0.0003512108 0.097894855 0.43752129999999995 0.16841666 0.47687700000000005
11 0.0003319838 0.5888245 0.38643545 0.6244034 0.42166734
13 0.000331425 0.37725824 0.42473876 0.53759104 0.526085
1 0.00033112432 0.34557417 0.3977243 0.5517748 0.48766512
5 0.00032145658 0.607119 0.41337842 0.766055 0.45979148
1 0.00032097765 0.45555332 0.40858832 0.5383766 0.47117338
3 0.00032049278 0.108181134 0.43245098 0.19292767 0.47163950000000004
11 0.0003199666 0.671711 0.3033631 0.83626026 0.5272798000000001
7 0.0003178861 0.09266905 0.4078152 0.15295601 0.45706213
5 0.00031627555 0.55439985 0.39490718 0.6314225 0.42265895
9 0.00031469626 0.6431823 0.4058946 0.73485404 0.46078923
8 0.00031363216 0.28700107 0.35810146 0.6231975000000001 0.86561483
10 0.00030946702 0.42246866 0.4069369 0.50341326 0.44798917
4 0.00030935634 0.45194929999999994 0.38652518 0.54340786 0.45558855
13 0.00030570128 0.60689026 0.40457267 0.79990536 0.5094125
6 0.00030459868 0.56476796 0.3874508 0.63567495 0.42377922
3 0.00029732156 0.48005193 0.3961312 0.57542646 0.45182872
11 0.00029609762999999997 0.46655083 0.39407995 0.5241774 0.4534043
10 0.00029387627999999996 0.682503 0.3914238 0.76537484 0.44786352
3 0.00029287158 0.043224238 0.36266568 0.39085692 1.0
13 0.00028392012 0.58876073 0.3854328 0.6456575 0.42718923
3 0.00027967473999999996 0.13083263 0.4109353 0.5517079 0.98384726
2 0.00027427604 0.40849537 0.3670755 0.6617105999999999 0.5061176
1 0.00027425538 0.08895857 0.42763892 0.14594153 0.4527151
12 0.00027407648 0.5666385 0.38213632 0.64301306 0.41433027
8 0.00026575124 0.13416960000000003 0.0913207 0.5969335 0.41418296
8 0.0002630868 0.034932565 0.47193900000000005 0.21543567 0.92505854
12 0.00026270963 0.46838903 0.41138995 0.5412024999999999 0.47319043
7 0.00025547604 0.32704590000000006 0.3587539 0.6051566999999999 0.5409052
8 0.00025298123 0.018470706 0.24111474 0.23024786 0.9355176
13 0.0002491666 0.0 0.07851989599999999 0.37874362 1.0
3 0.00024356762999999998 0.17147438 0.32478142 0.8355196 0.77274233
13 0.00023984245 0.0 0.12227873 0.84808296 0.81714135
5 0.00023944586 0.5721864000000001 0.41087553 0.83226746 0.5031519
9 0.00023837798 0.4812861 0.40079525 0.5490242 0.46688044
13 0.00023788921000000003 0.10550451 0.20002502 0.52605623 1.0
2 0.0002326227 0.09759960000000001 0.43392482 0.17209414 0.47014797
10 0.00022916630000000002 0.49365658 0.3676574 0.54650784 0.46312582
8 0.00022800895 0.48470116 0.4514535 0.83235997 0.87701297
2 0.00022476316000000001 0.43627352 0.39479408 0.52949244 0.4444531
1 0.00022069682999999998 0.6126579000000001 0.41375864 0.728137 0.46326768
4 0.00021692805 0.42661533 0.39503807 0.52924675 0.46068442
8 0.00021555130000000002 0.41681486 0.11186361 0.75548416 0.62619925
3 0.00020631596 0.14666763 0.25141379999999997 0.57689613 0.872085
7 0.00020537631999999998 0.4140196 0.39713848 0.51618963 0.47222504
1 0.00020456692 0.37964228 0.40975186 0.46882206 0.46927455
9 0.00020436554 0.10293539 0.41681457 0.15879226 0.44985527
6 0.00019734672 0.61161673 0.4015321 0.79686254 0.46243557
8 0.00019715198 0.6113236 0.38054255 0.69942117 0.46282533
11 0.00019311793000000003 0.106583916 0.41637143 0.13966656 0.45303085
8 0.00019126617 0.21017337 0.21644731 0.5466472 0.8900035
11 0.00018884781000000003 0.45018850000000005 0.22207342 0.49178645 0.26644507
8 0.0001882953 0.17606914 0.72371304 0.8741068999999999 0.9495197
11 0.00018585398999999999 0.42824164 0.22112343 0.467797 0.26828235
8 0.00017844121999999998 0.046592046 0.72646475 0.41494194 0.95455205
9 0.00017817759999999997 0.6776079 0.39595112 0.8450189 0.49593395
5 0.00017724319 0.2907571 0.42634997 0.5071959 0.53266555
13 0.00017658525000000002 0.33216277 0.32743156 0.7846920999999999 1.0
8 0.00017608560000000002 0.20184432 0.4106635 0.25731158 0.4503276
4 0.00017486944999999999 0.5911025 0.3885843 0.6362656999999999 0.42289048
5 0.0001746363 0.39609072 0.23601219 0.46701944 0.26338407
12 0.00017421965 0.46863019999999994 0.41577557 0.5605604999999999 0.45739502
1 0.00017410949 0.37417737 0.41359097 0.58086497 0.51401526
3 0.00017368880000000002 0.26217154 0.41913249999999996 0.7228184 0.9918826999999999
1 0.00017148734 0.3027149 0.41154979999999997 0.52502847 0.5062984
9 0.00017105438999999998 0.15961637 0.41269746 0.21950851 0.44879600000000003
9 0.00016517067999999999 0.5822168000000001 0.38940245 0.6413281999999999 0.42394173
5 0.00016486396 0.39224476 0.4102797 0.48804203 0.48116747
5 0.0001632043 0.07647683 0.44644302 0.14803497 0.47946579999999994
12 0.00015907374 0.6462857 0.40453740000000005 0.7698566 0.4613349
12 0.0001590458 0.15620542 0.41251450000000006 0.22487539 0.44791397
13 0.00015693424 0.5980833999999999 0.40073416 0.7063314 0.46134514
6 0.00015666583 0.39164326 0.40435916 0.5463893 0.45518664
9 0.00015420103 0.6741431 0.40491697 0.76029706 0.45952806
8 0.00015391636 0.59087616 0.33809417 0.80041337 0.48885550000000005
3 0.00015210448 0.45806423 0.38767678 0.5409487 0.41544184
3 0.0001514981 0.38319874 0.41079813 0.46654558 0.45266268
8 0.00015116534 0.46782799999999997 0.38958183 0.542412 0.42442322
5 0.0001507197 0.008599644 0.43313609999999997 0.32698798 1.0
8 0.00015045343 0.2869414 0.074749604 0.7227659000000001 0.394443
5 0.00014884398999999999 0.42019284 0.23579392 0.48603100000000005 0.26310268
9 0.00014772585 0.40278462 0.41045123 0.49343777 0.46401408
11 0.00014602976 0.42177653 0.36531463 0.4805264 0.48476803
13 0.00014574798 0.35859509999999994 0.025827637 0.80878454 0.9284878000000001
8 0.00014543865 0.35956138 0.32723984 0.7463107 0.5427499
11 0.00014311045 0.6304258 0.30594867 0.7951125 0.51724285
4 0.00013939975 0.101123706 0.41490874 0.15706925 0.45145926
5 0.00013713575000000002 0.13928671 0.51385874 0.5123251 1.0
13 0.00013703595 0.38465079999999996 0.40234888 0.47060463 0.48223695
5 0.00013521027 0.06392307 0.39641540000000003 0.416264 1.0
9 0.00013269357 0.39656097 0.41475973 0.5516589 0.5215741
13 0.0001325117 0.45462736 0.22782342 0.5080853 0.26144075
3 0.00013179152 0.42902744 0.41089472 0.5612975 0.4786402
9 0.00013146886000000002 0.43744350000000004 0.41791603 0.6186225000000001 0.51620245
13 0.00013104453999999998 0.66558063 0.78904265 0.71887535 0.8274066999999999
11 0.00013087627000000002 0.45858990000000005 0.32858017 0.6383597 0.5292656
5 0.00012944258999999999 0.0047007753000000005 0.40321526 0.8547434000000002 0.75875306
3 0.00012775567 0.024287557 0.50263417 0.25471523 1.0
9 0.00012606537 0.10569008 0.19949089 0.96371496 0.9082483
11 0.00012548569 0.7301323000000001 0.31584403 0.8882110000000001 0.5103416000000001
12 0.00012508368 0.45083090000000003 0.40696958 0.5264095 0.47699475
3 0.0001249639 0.06727304 0.24973227 0.45387885 0.9173984000000001
9 0.00012367261 0.72698677 0.39346468 0.9130054 0.48751068
2 0.00012272308000000002 0.6622399 0.81111324 0.7616791 0.8439088
10 0.00012230546999999998 0.48282600000000003 0.39218083 0.5597015000000001 0.44993505
3 0.00012221563 0.45659864 0.45234087 0.91129726 0.9957726999999998
1 0.000122051424 0.40484366 0.22911197 0.45940107 0.25720727
1 0.00012197758999999999 0.5091871 0.38396353 0.7506567 0.4684165
5 0.00012111128999999999 0.5326433 0.420983 0.7785425 0.5201832000000001
8 0.00012058997 0.58307546 0.14172831 0.87667257 0.8100109000000001
9 0.00012007778 0.48361143 0.4081166 0.5652373 0.453204
1 0.00011863921 0.61229295 0.38847402 0.8372395 0.47643912
13 0.0001150505 0.14309508 0.0 0.7353109999999999 0.99806076
10 0.00011456271999999999 0.100687236 0.41395587 0.1599712 0.44593516
4 0.00011385216999999999 0.1574175 0.41271540000000007 0.22086316 0.44639117
13 0.0001133005 0.6075119000000001 0.36208814 0.8058233 0.48930997
4 0.00011112754999999999 0.48152079999999997 0.3658456 0.54218537 0.46596172
13 0.00011070737 0.12177982 0.41658103 0.19319665 0.45607433
8 0.00011004448 0.05655965599999999 0.06971132 0.40545332 0.4236684
9 0.000109787055 0.42507055 0.23288701 0.48133627 0.26024532
11 0.00010934173 0.40370095 0.31962290000000004 0.56535697 0.5383495
2 0.00010934083000000001 0.6387965999999999 0.38996473 0.752151 0.44704124
3 0.000109097906 0.18658770000000002 0.7348972 0.9726495000000001 0.99998915
4 0.000107915694 0.6382247 0.38745177 0.75127417 0.4630269
11 0.00010742763999999999 0.68878967 0.38687128 0.7528055 0.467163
3 0.000107005406 0.05782995 0.20043094 0.40537634 0.6607303000000001
3 0.00010664999 0.114892766 0.22390163 0.5194483 0.7101857
3 0.00010660402 0.43222094 0.14974089 0.8402504000000001 0.69595116
2 0.0001065434 0.55581677 0.3836446 0.63098073 0.41477072
4 0.00010555528000000001 0.44481075 0.37350947 0.62229383 0.5106067
8 0.00010497958 0.043773192999999995 0.1090123 0.36085838 0.61706436
6 0.00010475754000000001 0.40756458 0.23464234 0.48338297 0.25964138
11 0.00010462003 0.108085245 0.42778950000000004 0.15525548 0.48464337
4 0.000104473635 0.74046546 0.36375117 0.9099075999999999 0.5007611
8 0.00010413542 0.013436432 0.62619406 0.5028778 0.9446938
1 0.00010383079 0.37346209999999996 0.41869593 0.46051234 0.45401216
7 0.000103536935 0.45810577 0.38195664 0.53525686 0.49568397
8 0.000103134735 0.38586038 0.40233597 0.47629565 0.47363776
8 0.00010282641600000001 0.42315668 0.40188998 0.5395386 0.47769654
2 0.00010125894 0.66453403 0.34069717 0.8875974 0.47309068
10 0.00010021103000000001 0.4608411 0.22612883 0.5048358000000001 0.26370847
10 9.979376e-05 0.43918025 0.22624022 0.48310855 0.26345533
2 9.8713776e-05 0.10757950000000001 0.42957795 0.19014178 0.47274467
1 9.770966999999999e-05 0.5189792000000001 0.40934932 0.75532657 0.49406633
10 9.738386e-05 0.47524220000000006 0.37266973 0.52743304 0.46369204
1 9.654349000000001e-05 0.5544839 0.39270946 0.785521 0.47900006
8 9.639939e-05 0.687515 0.80224395 0.7492449000000001 0.83991617
12 9.638889000000001e-05 0.42060748 0.39903924 0.49922815 0.47917122
8 9.633489e-05 0.5655025 0.38131127 0.9056045 0.9090881
1 9.3336246e-05 0.42680255 0.22962882 0.48027927 0.25818908
7 9.321034e-05 0.39771912 0.22408585 0.4702192 0.26145056
7 9.308664e-05 0.4215517 0.22555931 0.4926607 0.26184789999999997
12 9.250851000000001e-05 0.324162 0.36186016 0.65902126 0.47854418
1 9.2236034e-05 0.40240349999999997 0.40780762 0.49200052 0.47032565
11 9.222606e-05 0.41247144 0.4018934 0.46743834 0.45599192
10 9.058750599999999e-05 0.5899795 0.3773376 0.63860035 0.42975563
3 9.0316295e-05 0.5693798000000001 0.38718966 0.78800744 0.46935883
4 9.003545e-05 0.47967237 0.38265342 0.55474794 0.45246172
8 8.8109184e-05 0.026771374 0.113999404 0.2689458 0.7677331000000001
7 8.737379e-05 0.62119657 0.39002815 0.7470366 0.47492355
3 8.734110999999998e-05 0.02060398 0.6470511 0.6114611 0.98130566
10 8.6584434e-05 0.4092175 0.41473582 0.4805963 0.44926047
5 8.6031556e-05 0.37491772 0.41628522 0.48448625 0.45302603
9 8.589982e-05 0.44612598 0.23476914 0.5006997999999999 0.25969760000000003
10 8.551676e-05 0.42829737 0.39820313 0.48909685 0.46581078
5 8.520728999999999e-05 0.4490969 0.41411626 0.5524815 0.48917314
1 8.518198e-05 0.27088138 0.38780937 0.49666345 0.47095266
