3 0.97179586 0.7930273 0.43635565 0.9216174000000001 0.505073
3 0.92346853 0.20222308 0.46856663 0.25054252 0.5296179
8 0.5131153 0.48628950000000004 0.26333454 0.542812 0.29903779999999996
3 0.11768853 0.49530703 0.26338923 0.5373458000000001 0.2980656
8 0.048822112 0.19607502 0.45709595 0.2587889 0.53627956
3 0.031155257999999998 0.38064414 0.45560676 0.408341 0.48780337
3 0.028548953999999998 0.49762097 0.44913548 0.53853947 0.49303484
8 0.019036078999999997 0.37596205 0.45122632 0.41418597 0.49099207
3 0.017188687 0.5056054 0.45463318 0.5487731 0.49526826
8 0.014877903 0.72004193 0.87663704 0.7581962 0.91744757
3 0.013589347 0.7220726 0.8807823 0.75251365 0.9101587999999999
3 0.013014451000000002 0.27702990000000005 0.45756188 0.32151690000000005 0.48851117
8 0.012610349 0.49684358 0.44740367 0.54278004 0.49093872
8 0.01101645 0.27245840000000004 0.45672667 0.32143882 0.49167520000000003
3 0.010374413 0.21521968 0.46381557 0.26660836 0.51433325
3 0.008254259 0.2586492 0.45624750000000003 0.3074362 0.48875546
8 0.008028132 0.50557005 0.4546064 0.5495708 0.49035084
8 0.007959067 0.2545439 0.45584634 0.30753934 0.49339005
8 0.0073940659999999995 0.7671439999999999 0.39881077 0.9401961999999999 0.5220847
13 0.007277755 0.48980987 0.2629808 0.54500175 0.29835793
8 0.0069912546 0.70385146 0.31726340000000003 0.74250484 0.35540688
13 0.006052563 0.37823272 0.46316597 0.41270483 0.49156505
13 0.0051453784 0.6939034000000001 0.32112804 0.7457921999999999 0.34759417
3 0.005111496 0.79399794 0.42182994 0.9127801999999999 0.48942113
13 0.0044646664 0.48042193 0.26641288 0.5307778000000001 0.29571187
8 0.0039470214 0.7966772 0.42548063 0.9063711999999999 0.507654
3 0.0032606851 0.38556322 0.45240086 0.41653576 0.49007547
13 0.0030572035 0.2028057 0.47627035 0.27710307 0.5368014
8 0.0027813094 0.55714995 0.26436365 0.59823114 0.29882336
8 0.0027601563000000003 0.19587557 0.46051073 0.24274038 0.5154602
13 0.0027100218 0.7159494000000001 0.8821133 0.7529026 0.9172944
8 0.0027072628000000005 0.20723578 0.45352668 0.26213986 0.5153345
8 0.002383705 0.6490333 0.89287156 0.82707345 0.971881
3 0.002280435 0.29346300000000003 0.45986354 0.33499545 0.49011928
13 0.0020755571 0.18879122 0.4876284000000001 0.25280547 0.527798
2 0.0019140620999999998 0.37462145 0.45383778 0.4286188 0.48727370000000003
13 0.0018530198 0.49358207 0.46002188 0.5353435999999999 0.49661484
8 0.0017454020999999999 0.28856194 0.45918676 0.33437347 0.49150598
13 0.0014709907000000002 0.7849196999999999 0.44704762 0.87676257 0.5136391
2 0.0014400434 0.48858133 0.25541329999999995 0.55776936 0.300532
13 0.0014148515 0.18834294 0.46366456 0.25536105 0.5211241
13 0.0014121958999999999 0.38259766 0.45609823 0.42323026 0.49446312
11 0.0013280017000000001 0.19820984 0.46994507 0.24140038 0.5343219
9 0.0013145419 0.20218045 0.46154654 0.26766816 0.5060162
13 0.0012655117 0.70271933 0.31678692 0.75938964 0.35114998
5 0.001263985 0.16676235 0.48480666 0.25401455 0.53116536
13 0.0012246845 0.5057943 0.45658427 0.54624593 0.49719048
3 0.0012123504 0.70561147 0.30816337 0.7341175 0.3578132
8 0.001200664 0.49686083 0.4369622 0.5344469000000001 0.47276908
7 0.0011467934 0.19592407 0.45288035 0.26419884 0.5142024000000001
8 0.0011459442 0.56698084 0.26287705 0.61016965 0.2990312
13 0.0011279064999999999 0.8113973000000001 0.4564544 0.9295753000000001 0.50826573
5 0.0010686353 0.18000332 0.48911223 0.24382424 0.56338394
3 0.0010587052000000001 0.49630284 0.43782422 0.5329311999999999 0.47028363
13 0.0010162953999999999 0.20811363 0.45852464 0.2632138 0.5482996
1 0.0009960089 0.19223194 0.46439612 0.24960817 0.5043215
13 0.0009702657 0.1996836 0.48277238 0.25013420000000003 0.56003016
11 0.0008603283 0.20652275 0.42849565 0.24888922 0.56207395
11 0.00085633993 0.50656885 0.2547941 0.53610486 0.310156
8 0.0008129211999999999 0.42731965 0.18298556 0.67702913 0.81530464
12 0.0008119686 0.19652972 0.44880992 0.27061105 0.49997735
9 0.0008066310499999999 0.20119222 0.45734653 0.24599482 0.5292197
3 0.0007547973 0.22208759 0.4738312 0.28418568 0.5268579000000001
7 0.00075411226 0.17509022 0.47069508 0.24818176 0.5427430999999999
2 0.00075191515 0.49301073 0.45216660000000003 0.5570995 0.49045306
5 0.00074585684 0.19764552 0.48989725 0.2627469 0.56934845
3 0.0006876706599999999 0.6330812 0.9100934000000002 0.8744400999999999 0.9930554
8 0.0006850375 0.72686696 0.87649107 0.769856 0.91352487
11 0.0006827237700000001 0.20950602 0.46506217 0.26270938 0.53740114
8 0.00062207994 0.58297193 0.26078376 0.63448155 0.3006458
8 0.0006064145 0.7108661999999999 0.29730922 0.74635434 0.33481750000000005
6 0.000596635 0.18164888 0.48035790000000006 0.2602821 0.52831537
2 0.00058640563 0.5017049 0.25083488 0.569966 0.304131
8 0.00058016175 0.37023368 0.68432045 0.88980544 0.9715053
2 0.0005744148 0.69038105 0.30664518 0.7587563 0.35609016
2 0.0005601175 0.20920622 0.44847056 0.27192646 0.49109083
7 0.0005527733 0.17349431 0.45635366 0.25919536 0.57990146
13 0.00052905537 0.2731817 0.45569593 0.32059368 0.49751338
6 0.0005245794 0.18838623 0.45677575 0.26800440000000003 0.5066032
7 0.0005235066599999999 0.18986516 0.46309647 0.28756740000000003 0.5466191999999999
13 0.00050953386 0.20328306 0.45873633 0.27399874 0.5193976
7 0.0005005113 0.19332013 0.44877055 0.2758614 0.5748101
1 0.00049597776 0.18578953 0.49079399999999995 0.24231902 0.5316578000000001
3 0.00048779178 0.19525720000000002 0.47385716 0.23772188 0.52650344
5 0.00047673093 0.18872267 0.48581177 0.2865281 0.54219806
11 0.00047070974999999997 0.21244949 0.45914075 0.24597510000000003 0.50774086
1 0.00045660735 0.18532985 0.45925936 0.241696 0.51720357
9 0.00044894565 0.1958199 0.47693208 0.25299096 0.5221555
1 0.0004482303 0.48444694 0.27021107 0.5346393 0.30236933
11 0.0004441052 0.22563572 0.42960870000000007 0.26748806 0.5544766999999999
9 0.00044404287000000006 0.21646735 0.45336750000000003 0.26673448 0.52644295
1 0.00043536422999999994 0.20167351 0.4598952 0.25739688 0.5179100999999999
2 0.00043116152000000004 0.71676975 0.8758119000000001 0.77597886 0.90556324
5 0.0004302256 0.18162233 0.47055197 0.26586154 0.5037327
10 0.00042643300000000004 0.19490618 0.45206672 0.2571728 0.49892738
8 0.0004216335 0.7005938 0.29271194 0.74021196 0.33855438
1 0.00041463892999999997 0.3676346 0.4617585999999999 0.40670043 0.49482653
11 0.00041430138 0.49214116 0.25509778 0.51870096 0.30457234
4 0.00041257645 0.21417663 0.45343069999999996 0.26445916 0.50294787
5 0.0004083332 0.46506629999999993 0.27371398 0.5421841 0.30340338
13 0.00040613275 0.78115004 0.44034326 0.92878026 0.5604329
2 0.00040547774 0.3846612 0.45067159999999995 0.44165290000000007 0.48930429999999997
1 0.00039165877 0.711739 0.87801236 0.7512539 0.9090004999999999
2 0.00038986915 0.19685538 0.45837665 0.26691034 0.5362147
9 0.00038087546000000003 0.20545629 0.47522408 0.24767804 0.5478041
7 0.00037842896 0.35221583 0.45198420000000006 0.42187129999999995 0.49976218
11 0.00037412706 0.22517149 0.46262956 0.28043609999999997 0.53831655
11 0.00037308884 0.7928424 0.4284762 0.8550687 0.5162027
7 0.00036340574 0.7024449 0.8738713 0.767243 0.9180370000000001
4 0.0003633432 0.22289133 0.46326262 0.29080868 0.54392
2 0.00036246786 0.18839371 0.4759184 0.25799942 0.51696724
9 0.0003621418 0.4970981 0.26746795 0.5430988 0.30458376
7 0.00036016564 0.18473639 0.43519473 0.25284335 0.5562592
2 0.00035734657999999994 0.20812869 0.46664318 0.28906077 0.5198322
6 0.00035110904999999997 0.36684570000000005 0.46005955 0.41692576 0.49486467
1 0.00035024972999999997 0.4682009 0.2673744 0.5165297999999999 0.2978057
9 0.00034662513999999996 0.20090452 0.47526932 0.27544358 0.52589685
12 0.00034659402 0.47840214 0.26121676 0.55502987 0.29688245
8 0.00034192373 0.33838776 0.17689241 0.6029251999999999 0.8410063
4 0.00034099192 0.20655753 0.46480109999999997 0.2724573 0.53795063
3 0.00034036440000000004 0.38988853 0.7004276999999999 0.95819116 0.98641807
1 0.00033866032 0.6860868 0.31751344 0.7241156999999999 0.35157746
13 0.00033437019999999997 0.70013297 0.29149485 0.7536248000000001 0.33033640000000003
1 0.00033226779999999997 0.1831441 0.46200383 0.23667660000000001 0.49682942
1 0.00032825765 0.1828628 0.48507956 0.23997699 0.55089426
1 0.00032000005 0.19338045 0.49159378 0.25773925 0.538607
8 0.00031994040000000003 0.7302557 0.08859947 0.913525 0.43898739999999997
12 0.00031862562 0.18306515 0.4349206 0.25703928 0.51303893
3 0.00031166465 0.23839188 0.45664340000000003 0.2994715 0.49405720000000003
10 0.00030820345 0.50408727 0.25227648 0.5504834 0.30021054
7 0.000299992 0.47811443 0.25566468 0.5425609 0.30789608
11 0.00029480384999999997 0.3832633 0.45284632 0.4118513 0.49375504
8 0.0002907835 0.5096175000000001 0.82720566 0.91793305 0.9924799999999999
4 0.00028621958 0.19340463 0.47029197 0.25199577 0.5293467
11 0.0002833811 0.70364094 0.30851227 0.7318373 0.35937179999999996
8 0.0002816868 0.037787884 0.67715126 0.42443204 0.9553811
8 0.00028004686000000003 0.11637086 0.2237578 0.38172197 0.92834073
8 0.00027929715 0.21986082 0.46206329999999995 0.28038356 0.52400625
3 0.0002790111 0.41669238 0.23726866 0.7293556999999999 0.9024828000000001
13 0.00027015744 0.38224193 0.0 0.72974503 1.0
8 0.00026631669999999997 0.048949644 0.18832366 0.29699993 0.92993206
5 0.00026497742999999997 0.36150279999999996 0.46547455 0.41147449999999997 0.49397179999999996
11 0.00026164274 0.52431196 0.25186443 0.55856735 0.30739406
8 0.0002594828 0.7038069 0.28735352 0.9029939 1.0
13 0.00025761616 0.25493354 0.45557773 0.30583483 0.49968755
8 0.0002569166 0.19285177 0.4677646 0.23433848 0.5307293000000001
6 0.00025241938 0.18633059 0.47781464 0.30305955 0.5369331999999999
7 0.00024955985 0.47414967 0.4489892 0.5436158 0.5032754
13 0.0002485748 0.49473533 0.43540573 0.53447443 0.473049
8 0.00023502830000000002 0.13135545 0.47865075 0.38533652 0.9252326
10 0.00022685842 0.52166647 0.24870643 0.5668557 0.30036557
8 0.00022548314999999998 0.6230419 0.17194925 0.8531094000000001 0.86303604
9 0.00022020512999999998 0.21997246 0.47348964 0.26724067 0.54526305
6 0.00021802659 0.68987596 0.32583073 0.7417033000000001 0.36062473
7 0.00021449846 0.67621607 0.30624375 0.74004954 0.35912344
12 0.00021039875 0.8498796000000001 0.44981059999999995 0.9201123999999999 0.5061005000000001
3 0.00020972439999999997 0.11288276 0.50234103 0.43231037 0.9482309999999999
10 0.00020638246 0.18341443 0.47537896 0.25516406 0.5273513000000001
5 0.00020294159 0.77918345 0.44732603 0.89668876 0.5039756
8 0.00019955422999999998 0.23336707 0.45471190000000006 0.28832270000000004 0.5006892
12 0.00019847628 0.19602062 0.47494024 0.2609886 0.52140105
5 0.00019814796 0.67163676 0.32131597 0.74759084 0.36114985
8 0.0001963814 0.50624704 0.26174846 0.5551642 0.29353473
11 0.00019386748 0.8098476 0.35106578 0.93929696 0.5526031
1 0.00019273085 0.7566531 0.4673334 0.8476336 0.50719666
3 0.00019262581000000002 0.5642265000000001 0.26538834 0.60032964 0.30063388
9 0.00019189133 0.7193701 0.8791413 0.7649090000000001 0.9154312
1 0.00019117064999999998 0.49578249999999996 0.26859373 0.54855525 0.3015022
3 0.00018668037 0.061762244 0.7057361999999999 0.50339544 0.9855055
9 0.00018363148 0.51440614 0.26782715 0.56230146 0.3027086
13 0.00018239852 0.2905761 0.45693240000000007 0.33254725 0.49690363
7 0.00017985591 0.18553863 0.4563528 0.24504907 0.5101357
8 0.00017927644 0.5077035 0.43938476 0.5503635 0.4716045
10 0.00017839253 0.21866003 0.41944018 0.26640323 0.52977836
12 0.00017750311000000002 0.19302902 0.45895280000000005 0.28080618 0.53756845
1 0.00017123066999999998 0.481995 0.45759750000000005 0.5300813 0.4932584
13 0.0001706915 0.55401653 0.26728976 0.59715265 0.29631525
2 0.0001680803 0.27944043 0.45289928 0.33353534 0.4891218
4 0.00016437753 0.22261746 0.44178125 0.27521986 0.5256614000000001
13 0.00016421503000000001 0.6875566999999999 0.29672748 0.74060696 0.32737514
5 0.0001615057 0.73294574 0.45585337 0.9008449000000001 0.5568284
6 0.00015838367 0.18181979999999998 0.4781602 0.265914 0.5605964
10 0.00014907293 0.21361923 0.4610077 0.28585306 0.5324399999999999
4 0.00014550952 0.20601961 0.4432225 0.26101273 0.5206748999999999
12 0.00014516627 0.19988848 0.46871328 0.30038607 0.52315325
10 0.0001449711 0.49116784 0.25549567 0.5346771 0.30201954
4 0.00014242958 0.49994096 0.26357305 0.5432241 0.30389988
8 0.00014030583 0.6357431 0.044521764000000005 0.8937301 0.31310788
11 0.00014016848999999997 0.7215802 0.8744613999999999 0.7507474000000001 0.91021335
4 0.0001377854 0.516983 0.26530254 0.5593563 0.30577105
6 0.00013730563 0.48058572 0.2706645 0.55605143 0.30323058
3 0.00013676567 0.49232388 0.8603844 0.94406164 0.9876497999999999
9 0.00013466524 0.8042672 0.43658277 0.92637545 0.55082434
8 0.00013184169 0.60666406 0.89709127 0.77595127 0.97367775
2 0.00013046058 0.2011984 0.4518678 0.25804448 0.48818362
9 0.00012817726 0.48492219999999997 0.26533058 0.5270720999999999 0.30412197
10 0.00012783756000000001 0.8535728000000001 0.42703098 0.92006165 0.5004462000000001
7 0.00012573121000000002 0.8248493 0.42813137 0.9089349 0.5209598
7 0.0001256988 0.46265137 0.25693652 0.5247301 0.30552772
1 0.00012479915 0.78172344 0.46747157 0.8709756999999999 0.5137653
8 0.00012310158 0.50268877 0.29968333 0.805117 0.8232716999999998
5 0.00012197898999999999 0.47594604 0.46238175 0.5375982 0.4985704000000001
3 0.00012069718000000001 0.7038810000000001 0.28950733 0.7332828 0.3371616
1 0.0001204331 0.20687276 0.46175787 0.26924790000000004 0.50511533
8 0.00012034751 0.8071043999999999 0.41815165 0.87760514 0.51093626
9 0.000119899974 0.3814068 0.45925772 0.42193230000000004 0.49563012
4 0.00011833000500000001 0.85286236 0.41476905 0.9258158000000001 0.49257022
5 0.00011625396000000001 0.70966023 0.88950247 0.7553465 0.91495216
4 0.00011520339 0.19918165 0.46167338 0.25703296 0.5529038000000001
11 0.00011386475 0.20374715 0.4573677 0.23311967 0.502649
10 0.000112865186 0.19821066 0.42976215 0.25136256 0.5262713000000001
8 0.00011207621 0.79271877 0.41939262 0.88332605 0.48633690000000007
1 0.00011163790000000001 0.7327965999999999 0.42708793 0.90203494 0.52632433
9 0.00010995636 0.8595845999999999 0.4436679 0.93387085 0.49049956
8 0.00010917694 0.5967698 0.2850005 0.65231025 0.31599018
13 0.00010906882 0.7168486 0.0 0.9729860999999999 0.48104408
3 0.000108579814 0.7274456 0.8831562 0.76961625 0.9093051
8 0.00010781052 0.09478672 0.30137467 0.50236756 0.7957006999999999
1 0.00010723615 0.83768797 0.45997077 0.9216254999999999 0.50599223
13 0.00010608011999999998 0.17865369 0.49028045 0.23688963 0.52235174
3 0.00010605958999999998 0.7114778 0.29051048 0.7404991999999999 0.33684369999999997
10 0.00010569911 0.22400479 0.43714220000000004 0.2735612 0.55617434
6 0.000105460065 0.4824517 0.45874090000000006 0.5450986 0.49744120000000003
4 0.00010523100000000001 0.3828946 0.45754746 0.41961142 0.49279734
11 0.00010519079 0.84089607 0.42443770000000003 0.8955491 0.51365817
8 0.00010090648999999999 0.48267174 0.434363 0.52372766 0.47321767
11 0.000100750825 0.50110674 0.45281157 0.53483534 0.49928320000000004
6 9.705549e-05 0.70725596 0.8758728000000001 0.75977635 0.9097903
10 9.657962e-05 0.2051645 0.44571049999999995 0.26132235 0.5588903000000001
8 9.657538599999999e-05 0.5931429 0.40989962 0.87908787 0.9670917
13 9.27332e-05 0.076190576 0.3486535 0.4213838 1.0
7 9.213132600000001e-05 0.4932224 0.45332938 0.5608978 0.501157
7 9.121635e-05 0.7034788000000001 0.39536740000000004 0.94753265 0.58689296
9 9.092476000000001e-05 0.21844606 0.46008152 0.28866390000000003 0.5076207
9 9.043033000000001e-05 0.7080916 0.3069588 0.7512759 0.35635385
9 9.028792600000001e-05 0.83619815 0.44549750000000005 0.9152618 0.49794966
8 8.936681999999999e-05 0.5416384 0.6742625 0.9187880999999999 0.9878551999999999
7 8.930966999999999e-05 0.7811656 0.43157476 0.88098085 0.5260933000000001
3 8.918577e-05 0.058319286 0.31466967 0.34704357 0.9873071
5 8.870328000000001e-05 0.26297456 0.46744440000000004 0.31931679999999996 0.49707362
12 8.866480999999999e-05 0.7117017 0.8681662 0.76877135 0.90024716
8 8.843003000000001e-05 0.39526079999999997 0.45339775 0.4388718 0.48702377
1 8.8295215e-05 0.5017268 0.46122506 0.54650396 0.49589345
6 8.6156615e-05 0.46656936 0.27150175 0.5387959 0.29946795
12 8.608598e-05 0.8130269 0.43649155 0.8973502 0.50389165
8 8.257486500000001e-05 0.393196 0.36047983 0.64679074 0.8974152
13 8.226441999999999e-05 0.7917354 0.43075725 0.87121284 0.49308604
8 8.183089e-05 0.034298792 0.5666376000000001 0.36336017 0.9397429
8 8.16926e-05 0.63798994 0.26419532 0.6911983 0.2997086
13 8.159206999999999e-05 0.6128119000000001 0.0014172895000000001 0.96540093 0.32683057
5 8.100608e-05 0.80894077 0.45460987 0.92816556 0.51296085
6 8.065048e-05 0.7771064999999999 0.44701263 0.91390526 0.5072933
13 8.05684e-05 0.0 0.055655148 0.32715353 1.0
3 8.000734999999999e-05 0.059809342 0.61689305 0.39294457 1.0
3 7.828925e-05 0.7757295999999999 0.40545192 0.9248814000000001 0.5309656999999999
3 7.793050500000001e-05 0.7822319000000001 0.444931 0.8633013 0.4966253
2 7.7652105e-05 0.77522784 0.39080438 0.9933235 0.52041054
2 7.617661e-05 0.26120329999999997 0.4497433 0.31860656 0.4883588
13 7.571805e-05 0.5666866999999999 0.26336509999999996 0.61271673 0.29615359999999996
7 7.489952e-05 0.2655261 0.45782518 0.32548127 0.500007
13 7.428713000000001e-05 0.004429638400000001 0.64216375 0.42028657 1.0
8 7.400182e-05 0.3465379 0.10138216 0.6123148 0.6317715
8 7.388005000000001e-05 0.16041048 0.43345723 0.29951948 0.54871917
2 7.262821e-05 0.21590751 0.4261824000000001 0.2770094 0.510987
8 7.184765000000001e-05 0.023133881000000002 0.3522208 0.19692475 0.95046985
1 7.1015435e-05 0.81711584 0.46291408 0.9060386 0.51288843
8 7.0269474e-05 0.59564495 0.26365104 0.6493448 0.30096295
11 7.010669e-05 0.39767045 0.4520648 0.43077028 0.49485978
1 6.88142e-05 0.38124314 0.46055675 0.41972306 0.49744248
3 6.852975999999999e-05 0.5756384 0.26475716 0.61324584 0.30281222
3 6.789723e-05 0.7603091 0.11905485 0.96985674 0.47500690000000007
10 6.764265999999999e-05 0.21765900000000002 0.44585964 0.27697068 0.50250465
6 6.749946999999999e-05 0.17917067 0.44017979999999995 0.26459593 0.52933353
12 6.667327e-05 0.50721484 0.45070732 0.5661866999999999 0.487012
8 6.661253e-05 0.47289705 0.44933 0.526042 0.4921478
12 6.534403e-05 0.36919212 0.4550321 0.42950379999999994 0.48395208
12 6.4627886e-05 0.6982020999999999 0.30919322 0.7577246 0.33995149999999996
1 6.408555e-05 0.26789033 0.46242747 0.3145489 0.49507543
3 6.0834530000000004e-05 0.2907447 0.42874527 0.6547153 0.9716843000000001
3 5.9914277e-05 0.48414925 0.4386282 0.5233814999999999 0.47055385
4 5.968559e-05 0.20284674 0.45509464 0.2462967 0.49876323
2 5.7899727999999994e-05 0.22119366 0.44549513 0.28582529999999995 0.4954585
4 5.749165e-05 0.6976034000000001 0.32152024 0.74736303 0.35419133
7 5.7107845e-05 0.69246024 0.3080421 0.7621806 0.35894993
10 5.6704986e-05 0.787665 0.4557035 0.8757688 0.5003255
11 5.6524615999999995e-05 0.23083365 0.44939986 0.2691185 0.5068314
5 5.640857e-05 0.19635472 0.4676872 0.28528422 0.5083343
8 5.6380966e-05 0.022540382999999997 0.54397494 0.23001227 0.9746213
3 5.6031287000000005e-05 0.47293234 0.28592423 0.8014318 0.9545205
10 5.362397e-05 0.82709265 0.43216997 0.9143199000000001 0.49637565
11 5.2679905e-05 0.2888338 0.45723927 0.31897104 0.49915649999999995
10 5.2226937e-05 0.3887035 0.44849366 0.42531142 0.50069666
4 5.2084512999999995e-05 0.39955038 0.45312518 0.43690109999999993 0.49732205
1 5.1884614e-05 0.24626220000000004 0.46110862 0.29656774 0.4954469
8 5.1449620000000004e-05 0.53022856 0.26332715 0.5768133000000001 0.29803485
5 4.9970717000000006e-05 0.37341678 0.46666140000000006 0.42752278 0.49821827
5 4.9690076e-05 0.49473315 0.46668446 0.5536249 0.5008011
3 4.943974e-05 0.662662 0.0843663 0.9591037 0.34163716
8 4.9271763000000004e-05 0.78352547 0.21654865 0.92921746 0.84994984
6 4.923269e-05 0.37594783 0.45784962 0.43326914 0.49724925
