3 0.96286315 0.6540544 0.52444667 0.87363005 0.6565246
3 0.9428469999999999 0.055951633 0.58358324 0.15276513 0.6669503999999999
3 0.9320835 0.022448662999999997 0.5795686 0.08123915 0.68620545
3 0.93010885 0.39986545 0.5427380999999999 0.47571206 0.62474895
3 0.9254998 0.8364188 0.5456011 0.93623775 0.63735163
1 0.8996405000000001 0.81669253 0.5958689 0.8508093000000001 0.72215074
3 0.8950819 0.0027169585 0.5732715 0.042664006 0.69911593
3 0.8667355 0.95019954 0.5829839 0.9880839 0.63931966
3 0.81104606 0.20359845 0.5734108 0.25713903 0.635629
3 0.5280664 0.22349721 0.5676885 0.26234695 0.6253029999999999
3 0.47640306 0.19824786 0.56452435 0.23014833 0.62383556
3 0.34604898 0.19878086 0.5745756999999999 0.23744261 0.6327328000000001
3 0.33729240000000005 0.63406664 0.5611688 0.66532224 0.628504
