3 0.95317847 0.32830104 0.5680556999999999 0.40095606 0.6505675999999999
3 0.7933845 0.40607712 0.55131274 0.45370758 0.5965712
3 0.7146849000000001 0.159901 0.61916333 0.3136536 0.73043674
3 0.6722744 0.31397623 0.5713746999999999 0.37989467 0.6656254
8 0.4974663 0.5589204000000001 0.53507763 0.6551326 0.6410475
3 0.49591175 0.55660856 0.537561 0.6583230999999999 0.63873386
3 0.41777608 0.3110365 0.5806523 0.36272309999999996 0.6766544
1 0.3993986 0.4630603 0.5379875 0.47721579999999997 0.5784905
8 0.36332548 0.16010815 0.6082721 0.32778308 0.73433834
3 0.34572372 0.34404305 0.5833975 0.39756605 0.65083885
1 0.32452783 0.46517292 0.54265684 0.48018770000000005 0.58289087
1 0.3055144 0.46158072 0.54383165 0.47531090000000004 0.58628494
