3 0.9739007 0.041002274 0.40174106 0.20970768 0.55318075
3 0.9563553 0.48665109999999995 0.40800527 0.5393503000000001 0.47347029999999996
3 0.9047269 0.37598753 0.40140290000000006 0.44366765 0.49312958
3 0.8159883000000001 0.21534972 0.38069773 0.31613693 0.5056505
3 0.7708698 0.31472284 0.3952178 0.37197405 0.46603876
3 0.7695086999999999 0.42921597 0.43123420000000007 0.49448586 0.48907807
3 0.73899025 0.39168075 0.41979259999999996 0.48002848 0.49577129999999997
3 0.731474 0.13915813 0.43862462 0.21388072 0.54870516
1 0.59085345 0.7712640000000001 0.19301556 0.84312004 0.30832535
1 0.4580718 0.76266897 0.19589467 0.8505732 0.4518803
3 0.3376906 0.38350752 0.3942452 0.45086279999999995 0.4714209
