3 0.9880518 0.66989464 0.39385086 1.0 0.5429897
3 0.9775814 0.55155325 0.36258432 0.78216267 0.4999693
3 0.9123433000000001 0.0 0.37105593 0.07999173 0.45606726
3 0.8974019 0.0045999809999999995 0.3539613 0.11869262 0.45132056
3 0.60937285 0.53727216 0.36300957 0.6101425 0.47393500000000005
3 0.6028996 0.1809331 0.34803959999999995 0.21548015 0.37631598
1 0.58088815 0.50512516 0.40220532 0.52222836 0.44385824
1 0.5055779 0.50300527 0.39892074 0.5169108 0.4414657
1 0.45719156 0.32378376 0.334909 0.3496258 0.38716809999999996
3 0.42876977 0.17429304 0.3530913 0.20875005 0.3788147
3 0.34009275 0.5344002 0.37433338 0.58687764 0.47043019999999997
1 0.31534833 0.5087362 0.40495017 0.5309811 0.44807485
