3 0.8833021999999999 0.430443 0.5862148 0.47631407 0.6318600000000001
10 0.77395236 0.38912990000000003 0.40504664 0.4092625 0.41613358
3 0.7417621999999999 0.44496990000000003 0.38336655 0.47385556 0.41302510000000003
3 0.73787665 0.45425740000000003 0.22222415 0.5213439999999999 0.27651796
3 0.6637399 0.450534 0.33762407 0.48213494 0.37331837
3 0.6453234999999999 0.42303640000000003 0.49238580000000004 0.46194726 0.5303164
3 0.518726 0.42237299999999994 0.51921594 0.46650058 0.5644971
10 0.50499964 0.35380736 0.40603829999999996 0.38404664 0.41935715
3 0.47211590000000003 0.4301289000000001 0.447783 0.45900455 0.46971136
10 0.46692592 0.35884455 0.6144371 0.3790125 0.6236844
10 0.38465285 0.40339407 0.5174555999999999 0.41739056 0.52728164
10 0.3713381 0.38658348 0.30063513 0.40253547 0.31197295
10 0.36822495 0.39563277 0.61505234 0.4157143 0.6274301999999999
10 0.35992724 0.3995088 0.3630127 0.41478357 0.3723531
10 0.34877807 0.41328279999999995 0.45773053 0.42798869999999994 0.46619755
3 0.32793713 0.42831644 0.6491091999999999 0.46117106 0.68072027
