1 0.89633775 0.48453933 0.22203541 0.6225967 0.25495926
10 0.78042763 0.38187298 0.6960789000000001 0.43622473 0.72178805
1 0.77386546 0.5057745 0.3975438 0.6051116999999999 0.41662192
10 0.60098726 0.4319447 0.53376746 0.4843959 0.5552739000000001
1 0.5604095 0.52341616 0.44418117 0.5991765 0.46257094
1 0.4511887 0.43551949999999995 0.06010218 0.7866274000000001 0.17918922
10 0.41519573 0.4454732 0.5258509 0.48402792 0.54059756
1 0.37407209999999996 0.51029366 0.3606488 0.5873762 0.37729216
3 0.37060308 0.5300507 0.5473962 0.69203025 0.65901685
10 0.36267725 0.3991208 0.69813615 0.46088672 0.7254295000000001
