3 0.90252304 0.43123317 0.38631845 0.47327256 0.42119235
3 0.8655023999999999 0.43007395 0.3336857 0.46776024 0.36210567
1 0.80437535 0.36278564 0.88618743 0.54512537 0.9339366
10 0.6234215999999999 0.39625284 0.46046284 0.41109064 0.46765175
3 0.6163914 0.4261956 0.29091576 0.4709805 0.30969396
3 0.6086372 0.43267092 0.22683738 0.48041442 0.27259237
3 0.55746305 0.42377314 0.05793591 0.6253236 0.262291
3 0.46751824 0.42388707 0.44729158 0.45233643 0.46033457
10 0.42598313 0.14749119 0.87773573 0.2234529 0.9082716999999999
10 0.42055455 0.34144086 0.5013416 0.36019509999999993 0.50899744
3 0.3664619 0.37479672 0.71817553 0.5109422 0.89006627
3 0.3351518 0.8195844999999999 0.0 1.0 0.9724913000000001
1 0.33494958 0.4261956 0.29091576 0.4709805 0.30969396
10 0.30163008 0.35970354 0.45546508 0.37654686 0.4619170999999999
