3 0.89527506 0.5350446999999999 0.011405438 0.71991616 0.15378805
3 0.8935439000000001 0.5159003 0.5515366 0.60566825 0.67964417
10 0.8888826999999999 0.39388502 0.13033689999999998 0.4387943 0.14285062
3 0.8817841000000001 0.5089218 0.298297 0.7916302 0.49682873
1 0.8081918 0.47901338 0.89706355 0.62071484 0.9433741
1 0.71615976 0.49394170000000004 0.7990965999999999 0.61946166 0.8402021000000001
3 0.7089343000000001 0.5220519 0.6214436 0.5996607 0.69263256
1 0.59386057 0.4897135 0.843894 0.6149445 0.88142014
3 0.5590919 0.50027776 0.18894751 0.70658505 0.30334312
3 0.41915762 0.5330716 0.74522096 0.59589916 0.7964372
3 0.32341322 0.5327115 0.0017314777 0.7666861999999999 0.08474412
