3 0.9327917 0.9257466999999999 0.6236813 1.0 0.7873358
3 0.8253117 0.38302776 0.59349656 0.49918953 0.71787536
3 0.7439458999999999 0.58677125 0.5836441 0.8890104 0.9586197
3 0.7348256 0.80915827 0.6249066 0.8835284 0.71132463
3 0.7317286999999999 0.027239107999999998 0.59304047 0.39278309999999994 0.93271834
8 0.7246581 0.0 0.59937453 0.46349013 0.9219040000000001
3 0.6410627 0.013068729 0.6132356 0.2591656 0.93437266
6 0.6256663 0.022204505 0.093925044 0.55972564 0.94230676
3 0.5343357 0.002388238 0.60078686 0.15145263 0.97723126
3 0.5307843000000001 0.010588023 0.6215141 0.22054237 0.80693024
3 0.40869743 0.021379488 0.6040625 0.21179454 0.71216536
8 0.40775418 0.5653786999999999 0.6179611 0.8974828000000001 0.9441799999999999
3 0.3087121 0.0 0.5773299 0.047415704 0.7002355
