3 0.98472357 0.0018603206 0.46285427 0.30069908 0.8793849
3 0.98074806 0.8368863000000001 0.51749897 0.99509776 0.6709918
3 0.9600979 0.8135759 0.5155557 0.9033360999999999 0.62366885
3 0.9205643 0.20031784 0.49480152 0.38242114 0.59364676
3 0.8362318000000001 0.3533883 0.4901562 0.44550645 0.5801482
3 0.81829363 0.5044764 0.5229345000000001 0.56821 0.60769254
3 0.803349 0.8104729 0.51334625 0.9576530999999999 0.64202327
3 0.77292603 0.76552534 0.52906305 0.82378185 0.6196242
3 0.6653313 0.7067816 0.54616684 0.74944544 0.5830347
3 0.6017731 0.015642568 0.46062028 0.50973755 0.8408606
9 0.596484 0.6235341999999999 0.52904695 0.6826555999999999 0.5805283
3 0.5824446 0.47712323 0.5388691999999999 0.52163815 0.61495453
3 0.4553642 0.19508894 0.48595393 0.48276234 0.743173
3 0.45262759999999996 0.79117775 0.5263825 0.82493746 0.62443143
1 0.41121536 0.86953735 0.43468228 0.9167761999999999 0.5313859999999999
3 0.39876607 0.3765571 0.47860634 0.4635539000000001 0.5760945
