3 0.98224455 0.61164415 0.32948574 0.91387594 0.62277013
3 0.97799677 0.85521704 0.4440562 0.99970335 0.7311618000000001
3 0.969724 0.8724718000000001 0.40660062 0.9999598 0.5269731
3 0.96884346 0.24254875 0.4254501 0.29500774 0.5317632
3 0.8554687 0.31671715 0.41779563 0.35889804 0.47019926
3 0.82885486 0.0 0.35456315 0.17547607 0.6861795
10 0.75595856 0.3003842 0.20040548 0.3281264 0.27370438
3 0.73534876 0.18318461 0.41027763 0.2881323 0.5479719
28 0.7145166999999999 0.48842129999999995 0.31495568 0.6496246 0.441759
3 0.63724005 0.8648079 0.42869589999999996 1.0 0.6013488
3 0.60823745 0.18090937 0.39590797 0.24792632 0.5636161999999999
3 0.57586205 0.023370147 0.3646089 0.29752916 0.6822166999999999
10 0.45150486 0.46347200000000005 0.23019968 0.49074650000000003 0.2977634
3 0.30880982 0.46485764 0.30320844 0.9642009 0.7124001
27 0.30821714 0.13596787 0.45148483 0.19344573 0.6195106
