3 0.9529393 0.058264375 0.36174375 0.28900549999999997 0.51664597
3 0.8545735000000001 0.8742803 0.34946674 1.0 0.43005735
10 0.6916074000000001 0.6580233 0.21706405 0.66840106 0.24653316
10 0.6735932 0.55830544 0.20141861 0.5717388000000001 0.23031351
3 0.58078855 0.2846184 0.38065229999999994 0.3883268 0.4552371
10 0.39178175 0.49918723 0.19935343 0.51590526 0.22718742
10 0.325524 0.72277325 0.24731211 0.73947066 0.3211051
3 0.321851 0.4872794 0.38233998 0.5352013000000001 0.42266914
10 0.31771547 0.57599247 0.20179029999999998 0.58973694 0.2331326
3 0.30570993 0.0038350223999999997 0.5776514 1.0 1.0
