3 0.93990004 0.43313646 0.38163465 0.7600956 0.56224656
3 0.81698865 0.32072344 0.41661218 0.47744015 0.5175234999999999
3 0.7833861 0.72399294 0.4077937 0.8013226999999999 0.47778887
10 0.7198479 0.65795517 0.26605102 0.6714611999999999 0.29346618
3 0.48889858 0.22280660000000002 0.4517156 0.27662027 0.50838536
3 0.48134443 0.10452422 0.45095292 0.21893987 0.52278566
10 0.3586638 0.5607573 0.2560157 0.58065736 0.27769068
38 0.3419709 0.79466414 0.0076702274 0.81914115 0.033809282
3 0.32654697 0.28563148 0.43674040000000003 0.32344794 0.4713527
3 0.3192541 0.021719693999999998 0.6522119000000001 1.0 0.9931636
