3 0.9750539 0.05281277 0.41895866 0.32343185 0.5743385999999999
3 0.92524767 0.57943016 0.4159880999999999 0.6282721 0.47092044
10 0.83678746 0.56556934 0.23830287 0.58695716 0.26901588
3 0.7918269 0.28976715 0.41815257 0.41743565 0.5002051
10 0.75316185 0.49727744 0.2401685 0.5211906 0.26936963
10 0.7143804 0.65913886 0.24930163 0.67186064 0.27711606
38 0.41559464 0.8689753 0.24523644 0.8811325999999999 0.2607539
10 0.37833476 0.5942316 0.24798945 0.6101805 0.27544484
3 0.36309728 0.8367585 0.38520727 0.9412950000000001 0.47055504
3 0.32431427 0.5117144 0.4249994000000001 0.53943115 0.45522818
3 0.32315192 0.7439915 0.39638394 0.8596891 0.46677983
38 0.31438990000000006 0.79498976 0.32955524 0.81277674 0.35455528
3 0.30346313 0.0018185376999999999 0.43049243 0.07031408 0.52109534
