3 0.7678245 0.45197353 0.55261534 0.48277488 0.5857354
3 0.7364428000000001 0.27074295 0.5545255 0.29840714 0.5738853
3 0.72560817 0.09736347 0.5515306999999999 0.14311744 0.5790111
3 0.696023 0.34114987 0.55327606 0.36497545 0.5713128000000001
3 0.6558229 0.5187277 0.5425933000000001 0.5633431 0.59366673
3 0.5464453 0.47280136 0.5418166999999999 0.5104283 0.57895446
3 0.5430125 0.38433245 0.55350405 0.42271057 0.59277254
3 0.5183917 0.24449025 0.5581463000000001 0.26856482 0.5785962
3 0.40899378 0.0 0.54728115 0.06609261 0.59754694
3 0.32608142 0.071008086 0.5505751999999999 0.110967994 0.5820429
