3 0.91961133 0.57740885 0.4119823 0.6276564 0.4790191
3 0.81865287 0.357454 0.40187454 0.4052593 0.4704876
3 0.7774827 0.42484346 0.39503318 0.49882558 0.4886223
3 0.7247285 0.45438275 0.39787036 0.5157404000000001 0.47987795
3 0.6941744000000001 0.55722356 0.41408467 0.5911325 0.48046374
10 0.47085798 0.718345 0.32659477 0.7307431 0.36143625
10 0.40701687 0.5649509 0.36068994 0.5723760999999999 0.38025862
3 0.38884804 0.34958136 0.41238204 0.37523675 0.4630101
3 0.374556 0.0 0.6109178000000001 1.0 0.99624455
1 0.36688402 0.083764955 0.42532098 0.09888497 0.4713152
3 0.36051047 0.5898423 0.41212255 0.7776314999999999 0.5494861
3 0.35807204 0.6059321 0.40683758 0.6342683000000001 0.42930394
3 0.33484772 0.28787768 0.42955136 0.31162465 0.45510507
8 0.33109874 0.42484346 0.39503318 0.49882558 0.4886223
10 0.32415622 0.45305473 0.3536984 0.4646795999999999 0.36816528
