6 0.9982652 0.23784667 0.11479081 0.892332 0.8800722
3 0.98881835 0.0015679821 0.43803436 0.22989798 0.81921524
3 0.98865926 0.059104674 0.40313363 0.2435542 0.59484154
3 0.9468445 0.93349224 0.27313244 0.997719 0.33078855
3 0.6282236 0.81112534 0.31802929999999996 0.8400808000000001 0.36999348
10 0.56887513 0.101166725 0.008155568 0.1337684 0.11614483
1 0.556265 0.24836555 0.45715249999999996 0.34279343 0.7784072
1 0.49362355 0.41191065 0.50008637 0.49199748 0.8114621999999999
1 0.46533337 0.5260258000000001 0.5703977 0.5607866 0.7541855
1 0.45836842 0.33724213 0.47325426 0.42857920000000005 0.6816181
3 0.43156469999999997 0.91207695 0.2860373 0.9303966999999999 0.36153975
6 0.32123673 0.54755956 0.119236074 0.86829716 0.8562457
