3 0.98714983 0.7369939 0.39721972 0.9978548 0.72605425
3 0.97674507 0.29789686 0.3870537 0.36877644 0.4578563
8 0.92737484 0.5206609000000001 0.30563313 0.7428478000000001 0.5919901999999999
1 0.9121341000000001 0.032362588 0.31498924 0.07041834 0.5089037999999999
1 0.871174 0.017907374 0.3558723 0.039824616 0.5035107
3 0.82080555 0.47495177 0.36994699999999997 0.50391024 0.43528554
3 0.7530343 0.48337874 0.37143782 0.51072836 0.44431509999999996
3 0.73300064 0.39565429999999996 0.37056723 0.41688338 0.40745798
3 0.7260138 0.23382464 0.41371876 0.98439527 0.97163796
3 0.7003175 0.45325370000000004 0.3679805 0.47213018 0.4115061
3 0.6640012 0.42911056 0.36053040000000003 0.45022890000000004 0.38768023
3 0.66312206 0.45520094 0.36529377 0.47926006 0.40998146
3 0.65164477 0.465203 0.36940205 0.49085194 0.42854798
3 0.6491229000000001 0.48792818 0.37295657 0.52507704 0.44899579999999994
3 0.5982420999999999 0.49803352 0.3744403 0.5331626 0.4558692
3 0.5816547 0.36455032 0.369937 0.39032403 0.4251014
3 0.57380325 0.38918304 0.37009573 0.41259277 0.4087861
3 0.56084466 0.45901003 0.37197682 0.48177037 0.4215271
3 0.5527757 0.4354973 0.36018303 0.45438054 0.38729206
3 0.5450742 0.37756377 0.3686005 0.40322578 0.41674417
64 0.54228145 0.19486679999999998 0.37915006 0.237196 0.45970646
15 0.53756785 0.052139465 0.47236103 0.15697518 0.53687584
3 0.5028883 0.40204698 0.36598134 0.4200731 0.3996352
3 0.39214012 0.3250309 0.37498200000000004 0.37106082 0.42782784
3 0.38711628 0.78272 0.38950014 1.0 0.5634013000000001
3 0.37323496 0.34961593 0.37246555 0.38304514 0.42920329999999995
3 0.34707323 0.50787747 0.37466043 0.54413056 0.53698164
