3 0.9801616 0.40429747 0.38037962 0.8099079 0.867511
3 0.6921823 0.13358638 0.4093525 0.78894365 0.89505655
10 0.6791096 0.63563794 0.33502945 0.6667165 0.40319386
6 0.6622166 0.71455675 0.32163614 0.93294305 0.56262475
3 0.5811223000000001 0.023285657 0.52119243 0.8752825000000001 0.94627243
3 0.57368314 0.35984433 0.374456 0.4425267 0.43274063
3 0.54019904 0.8774138000000001 0.48051579999999994 1.0 0.70327836
7 0.50450677 0.71585566 0.32640013 0.9288841 0.5669568
8 0.5043582 0.35706675 0.36880007 0.45759022 0.42970648
3 0.42954496 0.6671059 0.37650059999999996 0.7172327 0.41567087
3 0.42873064 0.016030014 0.40319967 0.61740583 0.9789431000000001
