3 0.7816003 0.4739905 0.51552814 0.5462075 0.61361283
3 0.7530469 0.6907906 0.5367193 0.73679847 0.58741784
3 0.6527054 0.5278473000000001 0.525891 0.57670975 0.5969644000000001
3 0.6522129 0.20927855 0.506886 0.46398905 0.72040045
3 0.6032232 0.00031408668 0.44796586 0.29493916 0.88172853
3 0.5840960999999999 0.63356316 0.5387589 0.67393506 0.5809828
3 0.5059706 0.7381206 0.5275104 0.78503877 0.6018529
3 0.4689603 0.41541603 0.5001042 0.486958 0.6254441999999999
3 0.45663536 0.5860201 0.5379891 0.6183419 0.58064824
3 0.32426459999999996 0.84735316 0.5131148 0.99490434 0.71984994
3 0.30353242 0.7714930999999999 0.5164514 0.86910343 0.6238833
