3 0.95861775 0.61790377 0.50630605 0.94949585 0.8226483
3 0.9320251 0.031127542 0.4137128 0.35208842 0.73983127
3 0.58961195 0.57186276 0.513021 0.6218781 0.6148119000000001
3 0.5471696999999999 0.4331655 0.4828209 0.47279418 0.54516554
3 0.5269288000000001 0.49107609999999996 0.49231777 0.5353005999999999 0.5387171
3 0.52287877 0.35821440000000004 0.47956043 0.44663050000000004 0.60881263
3 0.51296073 0.53624624 0.50678045 0.5807472 0.5818439000000001
3 0.45126190000000005 0.52872187 0.49085608 0.5655903 0.5450206999999999
3 0.38504153 0.5746706 0.5269201 0.6345368 0.6606306
3 0.3287173 0.36256224 0.47312954 0.45065933 0.5560185999999999
