3 0.8722655 0.55719876 0.5137439 0.66981244 0.60694194
1 0.72300106 0.8962411 0.47750852 0.9390506 0.62645984
3 0.70541865 0.29803008 0.51699543 0.49983770000000005 0.7967826
1 0.7032195 0.8032893 0.48856017 0.8394661 0.6200974
3 0.51179206 0.19076742 0.50243866 0.29400414 0.7043736999999999
1 0.46247387 0.84134746 0.48072588 0.87602615 0.6215193
3 0.43001930000000005 0.62018675 0.5211417 0.69262177 0.59829026
3 0.37773782 0.016598500000000002 0.52714545 0.15521434 0.7310979000000001
3 0.31458834 0.07732286 0.5495371 0.15450940000000002 0.7054158
3 0.30428058 0.0 0.52251434 0.08224911 0.7818494
