3 0.91904205 0.5886121 0.5983261999999999 0.8889358 0.9473014000000001
3 0.6737435 0.40837073 0.6021416 0.48144168 0.70916533
3 0.6727519000000001 0.041096568 0.6062128999999999 0.2965759 0.88858134
3 0.6080986999999999 0.37471974 0.61192226 0.43463359999999995 0.7169831
10 0.5339471 0.43222785 0.41324520000000003 0.45614153 0.47033322
3 0.50083226 0.5613251 0.6116802 0.5915276999999999 0.6901781
3 0.47672454 0.5734727 0.58930767 0.6240068 0.7002666
3 0.46169803 0.9320272 0.6181386 0.9970808000000001 0.7834229
3 0.4480871 0.46952912 0.6060715 0.5211456 0.6957251999999999
3 0.42164743 0.27696282 0.62413263 0.37747467 0.7633574000000001
3 0.41340509999999997 0.8236484000000001 0.6153470999999999 0.9111273999999999 0.7168693
3 0.40537977 0.5743704000000001 0.54594755 0.64087427 0.6664351
10 0.3424415 0.6154506 0.47172600000000003 0.6358135 0.5187088
3 0.33647195 0.47305727 0.5261577 0.5507128000000001 0.6721068
10 0.32629365 0.6211681 0.45294273 0.63618046 0.49069756
3 0.30416343 0.12777928 0.55395454 0.22032529 0.62616366
