8 0.87578076 0.22079697 0.33398777 0.37442693 0.48857559999999994
3 0.80687547 0.10332143 0.34386003 0.22372311 0.51100785
3 0.7942343000000001 0.48531982 0.42071712 0.5415631999999999 0.4785626
3 0.6181075 0.15159999 0.4218232 0.23222013 0.5324458000000001
3 0.55729926 0.11398644 0.33673800000000004 0.19202912 0.49731988
3 0.42439482 0.37342593 0.38496554 0.43582603 0.4652107
3 0.41583806 0.028538931 0.35741484 0.14891754 0.5326411
3 0.34912923 0.37210298 0.41311178 0.43900585 0.47912815
4 0.32593706 0.03568229 0.37545112 0.1562283 0.53605664
3 0.3215195 0.04662142 0.33269754 0.20975798 0.5052284
