3 0.9941684000000001 0.04792373 0.66528726 0.16264455 0.7446785
3 0.97106856 0.28865525 0.6092414 0.38823620000000003 0.6860476
3 0.9701955 0.22980168 0.61182743 0.30575759999999996 0.6799556
3 0.9538322 0.62922245 0.5185515 0.7499693000000001 0.61357373
3 0.9323600000000001 0.79280484 0.47944066 0.8677726999999998 0.56054354
3 0.8995156999999999 0.90524226 0.43733 1.0 0.5827682
3 0.8973752 0.40663130000000003 0.5622406 0.49109036 0.6495388000000001
3 0.5649691 0.40422148 0.5389755 0.5229596 0.64376086
8 0.41495479999999996 0.25374365 0.45429116 0.41080272 0.6367765000000001
3 0.3888969 0.2697808 0.60559034 0.36081892 0.6852552
6 0.37398094 0.25308339999999996 0.45389378 0.41422236 0.63092536
3 0.34684494 0.5765232 0.5371379 0.64385927 0.6234585
3 0.34660748 0.601382 0.52701443 0.6454880000000001 0.6190223000000001
3 0.34645402 0.4814068 0.5408899 0.5392724 0.6319802
3 0.30863416 0.8594431999999999 0.47244635 0.90227485 0.55287284
