3 0.98304003 0.15513238 0.14278638 0.31017092 0.36064595
3 0.8871584000000001 0.32456779999999996 0.17124856 0.359111 0.22366327
3 0.84330267 0.3746873 0.15630798 0.42416257 0.22223912
3 0.7108230999999999 0.11218754 0.19386639 0.15634538 0.25824878
3 0.64507717 0.28827790000000003 0.16179934 0.32310012 0.22453108
3 0.44247532 0.006262094 0.58844745 0.99221206 0.9955287
3 0.43274546 0.12431342 0.19084187 0.15655169 0.2244076
3 0.39856765 0.0021922216 0.07204418 0.12889636 0.44283485
3 0.33143696 0.30406034 0.18060936 0.34923923 0.25171447
3 0.31834245 0.29363173 0.17208439 0.3321386 0.26733682
