3 0.96380335 0.59335655 0.5923245 0.8925076999999999 0.9077076999999999
3 0.961672 0.5524897 0.5092277 0.62858075 0.5708898
3 0.9484583000000001 0.5642772 0.44652605 0.6104326999999999 0.50162977
10 0.9431006 0.23191541 0.44794023 0.29914203 0.4735066
3 0.9234305 0.59729475 0.8234549999999999 0.92106366 1.0
3 0.752356 0.5581018 0.22788757 0.596841 0.25629225
3 0.69233096 0.61120766 0.29289034 0.9418809000000001 0.9347450999999999
3 0.65635973 0.58951175 0.84183025 0.6873375 0.9868582
3 0.6558663 0.571797 0.70469445 0.6188654 0.8097955
3 0.5191622 0.5509337 0.26737234 0.5899824 0.29884198
3 0.48138565 0.55081654 0.37343293 0.57544875 0.3979037
3 0.31206012 0.5548834 0.23309289 0.59018534 0.2646034
