3 0.97882575 0.5111161 0.79477525 0.64273596 0.90312123
3 0.97602296 0.48190022 0.36809096 0.65426916 0.48651785
3 0.9515201999999999 0.5118528 0.19058664 0.73775315 0.42747924
3 0.9483127 0.52131295 0.47027194 0.62197745 0.5270825
3 0.9392865 0.5238749 0.76610965 0.62192464 0.81969357
3 0.9366884 0.5348543 0.7464739 0.5865176 0.7810834
3 0.9229075999999999 0.42190617 0.012292079 0.8780696 0.30292600000000003
3 0.92219335 0.5231676 0.50976175 0.60338557 0.5636607
3 0.8992154 0.5139558 0.85634536 0.65970266 0.9974513
3 0.81618625 0.5224425 0.55053204 0.5756323 0.5822965
3 0.7853185 0.5351233 0.55198425 0.59187365 0.57439655
3 0.7596045 0.5395194000000001 0.7169807 0.5801672 0.74740297
3 0.5204761999999999 0.5334281999999999 0.6307085 0.5602236999999999 0.66432846
3 0.49828583 0.5401054 0.7581849 0.6074321 0.7858581
3 0.44409522 0.5308999 0.5886986 0.5676515999999999 0.60959744
3 0.43752742 0.5387546999999999 0.59452754 0.5707285 0.6094628000000001
3 0.42844868 0.5347576 0.72145766 0.57140183 0.74946517
3 0.40725136 0.52884036 0.60530454 0.5623845999999999 0.6264794
3 0.3553456 0.5223462000000001 0.5642921999999999 0.57266665 0.58724713
3 0.33915293 0.52355313 0.5840429 0.5670704000000001 0.5964883000000001
3 0.33346295 0.53103375 0.61149 0.56364644 0.62929463
3 0.32050622 0.5213839 0.57112086 0.56882644 0.5965835
3 0.3018194 0.52771723 0.583047 0.57128227 0.6029673000000001
3 0.30058903 0.5358901 0.7603879 0.61312634 0.7964386
