3 0.9820065 0.43407547 0.18937027 0.5112407999999999 0.28552908
3 0.9744554 0.42567334 0.58903056 0.4823832 0.63643694
3 0.9390207 0.4445952 0.32674345 0.48421234 0.37569854
3 0.8836553 0.41485465 0.5215502000000001 0.46843025 0.55386966
3 0.7118355 0.41563702 0.45674527 0.45261472 0.4876446
3 0.6907042 0.44358980000000003 0.3862395 0.47393668 0.4111907
10 0.65222716 0.026767238999999998 0.76047814 0.11284870000000001 0.79734105
3 0.5926456999999999 0.41375393 0.46439826 0.45469729999999997 0.50706404
10 0.5594101 0.3510724 0.4096669 0.37873635 0.42220885
1 0.44801778 0.44296357 0.1486026 0.5275133000000001 0.17289807
3 0.44701648 0.44585487 0.36651286 0.47685167 0.39741543
3 0.40577883 0.41223142 0.4796247 0.4518543 0.50835735
3 0.30448556 0.42155692 0.44264385 0.457643 0.46032152
