3 0.9742536 0.5372031 0.52147365 0.7004066999999999 0.6559497
1 0.93024015 0.5278148 0.42158642 0.6137203 0.44619024
1 0.92959535 0.42595420000000006 0.06104503 0.717329 0.19424263
1 0.9158118000000001 0.48777097 0.22352579 0.6109191999999999 0.25334439999999997
1 0.8960848 0.51709306 0.38287306 0.6128378999999999 0.4085554
10 0.83156884 0.37594506 0.6977270000000001 0.44434464 0.7295826999999999
1 0.7959661 0.52557766 0.36181137 0.6150597 0.37909633
3 0.7284670999999999 0.5564077 0.4643736 0.5903491999999999 0.48752055
3 0.68581635 0.5830850000000001 0.7580234 0.63182485 0.81887627
10 0.65846986 0.36386890000000005 0.31448454 0.42064428 0.33521226
1 0.6234056 0.49616176 0.20692843 0.59065276 0.2228389
