3 0.9984598 0.00864134 0.43917784 0.25788346 0.8138396
3 0.9982913 0.7068293999999999 0.4119927 0.99451995 0.7220051
3 0.8863793 0.30310118 0.46577746 0.36190593 0.5266900999999999
3 0.7145176 0.45604476 0.4339763 0.5303889 0.5579016
8 0.44039434 0.45657566 0.43975922 0.5333289000000001 0.5596399000000001
8 0.22532947 0.56132215 0.46607998 0.6343568 0.5372866
8 0.19324082 0.54884696 0.39333537 0.6616893 0.5511168000000001
3 0.18995026 0.34954432 0.45604366 0.40090522 0.513235
8 0.15001181 0.5347115 0.8252738000000002 0.7769226 0.94717324
8 0.082804985 0.0065797716 0.44582114 0.2636739 0.8288156999999999
8 0.06646027 0.71293646 0.43031514 1.0 0.731607
3 0.06622387 0.5601347 0.42565498 0.63909286 0.55030274
3 0.059383407 0.20842561 0.44615316 0.28005427 0.4989139
8 0.043353114000000005 0.5657736999999999 0.5863944999999999 0.6267029000000001 0.6630331
8 0.037972767000000004 0.29553223 0.45587587 0.36966467 0.53468466
8 0.03726194 0.44254783 0.44749033 0.5215862 0.5206577
8 0.035639472 0.56437796 0.60826236 0.6245815 0.6814720000000001
8 0.031523116000000004 0.6878358 0.36235204 0.9962559999999999 0.8282708000000001
3 0.026168782 0.566126 0.8243148000000001 0.75054955 0.9292188
3 0.025261242000000003 0.78158575 0.42025504 0.9942767 0.56890947
3 0.024866309 0.5589691 0.38652492 0.6631381 0.53711396
8 0.023986204 0.56899387 0.65875256 0.6334731 0.7291649
8 0.020726673 0.56596005 0.63320094 0.63515043 0.70886594
8 0.019010907 0.04928325 0.45282787 0.36349940000000003 0.90058625
8 0.018871369 0.5469076999999999 0.42093664 0.64292556 0.5963875
3 0.017462905 0.3163861 0.4589089 0.381629 0.5171859999999999
8 0.01694277 0.45332910000000004 0.46840006 0.5198343 0.5572783
8 0.0144512225 0.5553691999999999 0.44465575 0.6299402 0.5233409000000001
8 0.01261178 0.56608194 0.49351174 0.6321456999999999 0.55937153
3 0.009382765 0.57484746 0.538589 0.62879133 0.6959211
3 0.008820276 0.80223125 0.4065902 0.97577304 0.5339159000000001
8 0.008652888000000001 0.32852155 0.47340298 0.5877353 0.95341855
13 0.008490322 0.4251044 0.4722139 0.54935706 0.5365920999999999
6 0.006345234 0.44436595 0.46368995 0.5468518 0.5382431
8 0.0061671105000000006 0.43515724 0.39993787 0.54263604 0.5744762
3 0.006061989 0.01128076 0.44735956 0.21266596 0.58355457
8 0.0059410287 0.20241375 0.4466282999999999 0.28249198 0.5064999
13 0.005885641600000001 0.63432854 0.5332005 0.98803514 0.75125664
8 0.005502106600000001 0.33855793 0.4556019 0.39420559999999993 0.5176525
7 0.005491536 0.43211576 0.4601264 0.5291241 0.5458188
3 0.004802865 0.56899434 0.55775195 0.63974494 0.7448562
4 0.004723526 0.45508432 0.45278555 0.5372038 0.54451305
1 0.0042917337 0.54471385 0.5075662000000001 0.8944684000000002 0.7443076999999999
5 0.0042335885 0.5202061 0.46983329999999995 0.9311905999999999 0.7555408
3 0.0042224335 0.43635124 0.44104087 0.49580383 0.5101962000000001
8 0.0041679423 0.43329835 0.42474285 0.6912563 0.9153908000000002
9 0.0041148714 0.44211015 0.45727694 0.5483186999999999 0.53115195
8 0.00408589 0.54711425 0.52676904 0.6445184 0.7082534
3 0.0038170689 0.5738616 0.46809646 0.6392727 0.5565234
5 0.0038093394 0.39716274 0.48235893 0.5502544 0.54062134
13 0.0037559425 0.5354059 0.47037879999999993 0.65090287 0.5324270999999999
13 0.0037270640000000004 0.49859315 0.40530002 0.67144674 0.5282555999999999
3 0.0037257283000000003 0.5746376 0.6107262 0.65161496 0.7532876000000001
9 0.0034985354 0.47367162 0.44602552 0.53893894 0.5356951
11 0.0034062993 0.61875844 0.38682902 0.85197926 0.76906276
13 0.003345583 0.45987138 0.45872927 0.53978366 0.55136824
8 0.0032234321999999997 0.6261848000000001 0.40439633 0.9358995000000001 0.91059875
11 0.0031659568 0.46114007 0.47486427 0.5156583 0.54790217
2 0.003090728 0.45716307 0.43972036 0.5518327 0.4898348
13 0.003076367 0.28553957 0.48159212 0.36221898 0.5314544
10 0.0030761147 0.42649025 0.45931366 0.53151494 0.5289378
8 0.0029292796 0.43093765 0.7442658000000001 0.82330906 0.98484653
13 0.002928019 0.0 0.54790324 0.36881232 0.8377396
2 0.0028192957 0.44771296 0.4691152 0.5466892 0.52379686
1 0.0027359934 0.4390362 0.47783184 0.5208572 0.5372643
3 0.0026758548 0.74032646 0.4176723 0.926367 0.5616747
9 0.0026517690000000004 0.44226414 0.44220215 0.5461543000000001 0.51128834
5 0.0026470188 0.4384396 0.47006908 0.5288559 0.5476681
4 0.0026265283 0.47532636 0.4469157 0.5529544 0.5450119000000001
13 0.002566569 0.30748188 0.47187006 0.38893890000000003 0.5411201999999999
13 0.0025400532999999997 0.43664643 0.45543729999999993 0.5132415 0.54951125
9 0.0025324551 0.45614350000000004 0.44748345 0.51953495 0.54145795
8 0.0025302067 0.038679063 0.24584563 0.2387551 0.80705196
3 0.0024204534 0.42748028 0.4494759 0.46767938 0.5076734
3 0.0023720692999999998 0.72689116 0.43197775 1.0 0.8600934000000001
8 0.002299033 0.563387 0.5613758000000001 0.6247173 0.63902354
12 0.0022353655999999998 0.45581985 0.46396859999999995 0.55393493 0.5332118
1 0.0021835220000000002 0.5470305999999999 0.43927150000000004 0.88966197 0.6641482
11 0.0021507505 0.29998156 0.45449772 0.35094455 0.5417691
6 0.0020910685 0.56141067 0.4844468 0.9761791 0.76096994
7 0.0020839020000000003 0.44101270000000004 0.42674533 0.5348138000000001 0.52568704
13 0.0020086253 0.55160534 0.60138226 0.63279366 0.69265693
2 0.0019660702 0.5971773 0.39198548 1.0 0.6685118
3 0.0019187357999999998 0.5830943000000001 0.55544716 0.6406483000000001 0.68620807
11 0.0019109857999999999 0.46385866 0.450453 0.50882703 0.5627390999999999
9 0.0019104828 0.6760876 0.4264491 0.9318576 0.735803
6 0.0019080943 0.43713826 0.43738618 0.5491514000000001 0.51338357
5 0.001880004 0.25947553 0.48101935 0.3585598 0.5331973000000001
8 0.0018799341 0.4958369000000001 0.33137804 0.82175785 0.9504546999999999
9 0.0018623541000000001 0.534409 0.37237516 0.68749803 0.5128825
13 0.0018359507999999999 0.43753420000000004 0.4990803 0.55112255 0.5483449
11 0.0017718431 0.48476729999999996 0.44589213 0.52484804 0.55697864
7 0.0017627648 0.48458245 0.43596318 0.9319233 0.8383718000000001
13 0.0017282 0.28754207 0.45770684 0.36372754 0.52610034
13 0.001726406 0.5429554 0.5795913 0.6440203 0.6552755
11 0.0017030155 0.45224708 0.43795907 0.49615329999999996 0.5664293
7 0.0016896279 0.48261145 0.37278682 0.6747156999999999 0.5416783000000001
5 0.0016497323999999998 0.43116003 0.45481217 0.5258563 0.52129376
1 0.0016225756 0.46451637 0.46969366 0.5341278 0.55523425
12 0.0015923514000000002 0.45678642 0.42136335 0.5313171 0.5222962999999999
6 0.0015668792 0.0 0.5572548 0.3742027 0.8786155000000001
13 0.0015332107000000002 0.42088968 0.44157597 0.52996695 0.5277585
13 0.0014805001 0.54684865 0.46369517 0.6318433000000001 0.55625516
5 0.0014553795 0.39761633 0.45884445 0.546293 0.5040653
12 0.0014345717000000002 0.47552353 0.4596792 0.5415247 0.54695934
10 0.0014176171 0.552172 0.45375484 0.6522755 0.5336553
1 0.0014109585 0.42283076 0.46939442 0.49439335 0.54728365
13 0.0013739957 0.5499819 0.428996 0.6323119 0.53593946
9 0.0013683175 0.56623864 0.46074286 0.6459571 0.52659607
7 0.0013468094 0.46333832 0.43327644 0.529954 0.5705643
2 0.0013231003 0.46287763 0.41882917 0.5283988000000001 0.4998027
1 0.0013080939 0.42725763 0.46127504 0.51596564 0.5140196
1 0.0012982895 0.61475897 0.5289513000000001 0.9602748 0.7848539000000001
9 0.0012951327 0.042031556 0.53868437 0.34966338 0.8191335
1 0.0012790924 0.4396788 0.44776562 0.5102118 0.52705526
10 0.0012769576 0.4709695 0.43084478 0.53291446 0.5323591999999999
4 0.001254467 0.47904515 0.41568577 0.5368674 0.5276965
2 0.0012219884 0.47035637 0.44342467 0.53614175 0.54658246
12 0.0012126138 0.4464892 0.43584812 0.55306685 0.50367284
2 0.0012070909 0.51826626 0.3551562 0.7215206000000001 0.49861288
13 0.0012053096 0.52129745 0.44146407 0.63410175 0.5145334
11 0.0011992373 0.46673602 0.43532506 0.5005052 0.5294270000000001
4 0.0011907327000000001 0.45686826 0.43506828 0.53584784 0.5124242999999999
7 0.0011749481 0.0 0.53711325 0.31639883 0.9174456
6 0.001172673 0.46822914 0.4560675 0.54413134 0.55508405
4 0.0011673688 0.057279944000000006 0.46970543 0.35974243 0.8818078000000001
7 0.0011515511 0.54993445 0.46604639999999997 0.62191075 0.5422541000000001
7 0.0011470398 0.29860488 0.44177058 0.37742934 0.5191296
1 0.0011262200999999999 0.45977467 0.44949913 0.5273049 0.5273183000000001
4 0.0011211061 0.5655541999999999 0.45267773 0.63609093 0.5573918000000001
13 0.0011203717 0.5151387 0.4590646 0.6685479 0.5675228
2 0.0010992045 0.4786294 0.41432786 0.5390906999999999 0.5166542000000001
10 0.0010976142 0.5686597 0.40300549999999996 0.6302816 0.51097226
13 0.0010935079 0.5325909000000001 0.6118627 0.6458016 0.6765055
13 0.0010815811000000001 0.19966812 0.4415183 0.2756403 0.51104444
5 0.0010801934 0.5236435 0.48641577 0.6519208000000001 0.53762805
6 0.0010721232 0.44796679999999994 0.4244973 0.5310654 0.5282216
13 0.001069315 0.018442638 0.28504685 0.25283479999999997 1.0
13 0.0010672258 0.33009732 0.46201816 0.39523214 0.5166989000000001
9 0.0010657712 0.30768353 0.4553539000000001 0.3811124 0.509862
7 0.0010489635000000001 0.27103463 0.4636941 0.3611231 0.54651946
8 0.0010281078 0.31973967 0.31750414 0.5413748 0.8971203000000001
13 0.00102352 0.40820095 0.46475068 0.5603130000000001 0.5821321
7 0.00096600206 0.4717418 0.40692306 0.5312114 0.5435687
11 0.0009522116 0.4820318 0.47544152 0.5338116999999999 0.55035007
7 0.00094704644 0.44553754 0.43035188 0.5156738000000001 0.5784448
5 0.000940451 0.54645556 0.61242706 0.6339173 0.6895963
7 0.0009389285699999999 0.5488712 0.6142845 0.6234334 0.67965966
13 0.0009216594 0.33485097 0.48542166 0.40209520000000004 0.53473926
11 0.00091766194 0.577358 0.47479309999999997 0.6242446999999999 0.55341476
6 0.00091134844 0.6267583000000001 0.50827885 1.0 0.80019677
12 0.0008871329 0.62491924 0.4230107 0.9989515999999999 0.6703789000000001
8 0.0008710949300000001 0.429292 0.44645315 0.48856416 0.5133814999999999
13 0.00086722325 0.5413137 0.637849 0.64815456 0.69870645
5 0.0008650013499999999 0.5424928000000001 0.5909042 0.6349866 0.6580303000000001
6 0.0008553932 0.2750073 0.47225168 0.37667465 0.53302884
3 0.0008511050999999999 0.029036961 0.45720372 0.23382649 0.64564204
7 0.00084905524 0.5603816999999999 0.6012126 0.6143386 0.6965170999999999
9 0.00081984064 0.56470346 0.58767015 0.62382483 0.68494993
2 0.00080127845 0.53887284 0.46386179999999994 0.65227985 0.5311560000000001
13 0.0007975574000000001 0.7465903 0.4324355 0.9927090000000001 0.9822962
11 0.0007865252 0.48741573 0.43059465 0.51866394 0.52174646
5 0.000783672 0.0 0.5737938 0.28135222 0.87386787
1 0.0007817251 0.48629183 0.40383837 0.6479121999999999 0.52141845
3 0.0007784353 0.06606485 0.45096132 0.2689289 0.61301655
9 0.0007673155 0.5650480999999999 0.56533223 0.625229 0.65585667
6 0.0007619659 0.48493379999999997 0.39783356 0.69497293 0.5247392
11 0.00076023827 0.55548143 0.37626138 0.66505826 0.58277047
10 0.0007514338000000001 0.45397472 0.44842324 0.5218139 0.53745157
9 0.00074929604 0.5835942 0.46692398 0.6620505 0.52785254
9 0.0007281966000000001 0.70680964 0.46632840000000003 0.99572325 0.75873554
4 0.0007253599000000001 0.5738255999999999 0.55681884 0.62033284 0.66759956
4 0.0007230778 0.5706237 0.5837467 0.62435263 0.70044184
13 0.00072151556 0.0 0.454653 0.32518965 0.8051689999999999
2 0.00071888167 0.43891555 0.44444513 0.53080684 0.49407563
10 0.0007108487 0.5670435 0.54899865 0.6245983 0.6441585999999999
7 0.0007012474 0.41720676 0.43389120000000003 0.5134707000000001 0.5250570999999999
10 0.0006796151 0.569218 0.583379 0.62516123 0.6791904000000001
6 0.0006729092 0.44705975 0.50240827 0.5460329 0.5523631
11 0.0006693999000000001 0.688609 0.42862195 0.92613745 0.8036852
10 0.0006661051299999999 0.47250602 0.40683246 0.52629703 0.50507843
7 0.00066467584 0.0 0.37959912 0.40556163 0.8274502
9 0.00066272955 0.29620317 0.47072193 0.36118463 0.5275425
12 0.00065756135 0.5152315 0.37538964 0.7071241 0.49193394
9 0.0006475893299999999 0.042161025 0.34505436 0.21555036 1.0
1 0.0006434497000000001 0.5564534000000001 0.60159737 0.6163953000000001 0.6889308000000001
12 0.0006423724 0.575391 0.5815883000000001 0.630588 0.6758235
12 0.0006317421 0.56314623 0.46120295 0.6522559 0.52454007
5 0.00063093903 0.4416553 0.41386494 0.6961154 0.5067689999999999
10 0.00061662035 0.43000075 0.43150532 0.5272153 0.49584135
9 0.0006116169 0.5568630999999999 0.596825 0.6403882 0.67040586
7 0.0006065417 0.54660636 0.64241207 0.63173705 0.707466
3 0.0006032485 0.05863771 0.5122111 0.39406599999999997 0.90025836
9 0.00060134154 0.04598984 0.42137384 0.39264432 0.7062538
9 0.00059993536 0.5543498 0.574595 0.6425065 0.6398366
12 0.00059531356 0.5729708 0.5541216999999999 0.6329927 0.6553791999999999
7 0.00059424806 0.5700496 0.6142795 0.64158684 0.6746072
1 0.0005923246 0.0 0.26270157 0.19149762 0.85286057
7 0.00058956345 0.30174398 0.46234545 0.39274693 0.5406350000000001
11 0.00058524235 0.5779021 0.57589895 0.6095818000000001 0.67719734
2 0.00058452005 0.2892842 0.47047296 0.36875954 0.5199438
2 0.0005812896400000001 0.61146045 0.33464113 1.0 0.5876673000000001
7 0.0005780035 0.5664267 0.64363945 0.6507135000000001 0.7020198000000001
13 0.00057632115 0.5533220999999999 0.62287885 0.6316 0.7150562
11 0.0005730064599999999 0.33708945 0.45455715 0.38783857 0.537309
12 0.0005685042700000001 0.0 0.30836996 0.40694255 0.63132805
8 0.00056800817 0.28134936 0.35832778 0.67914015 0.91093975
7 0.0005658134 0.33062133 0.4475781 0.40586308 0.5116644
8 0.0005633648000000001 0.5786321 0.5660003 0.63297176 0.63239104
2 0.00055765227 0.55703497 0.59529877 0.63390446 0.6771766
5 0.00055368425 0.0 0.6016095 0.24610059 1.0
6 0.00054215814 0.56165206 0.5890221 0.63378084 0.6866966999999999
9 0.0005404196 0.7342932 0.39912632 1.0 0.6794769
10 0.00053964776 0.5548564 0.6650543000000001 0.63879395 0.7350593000000001
10 0.0005381824400000001 0.5668254 0.6214810000000001 0.6276164000000001 0.71159464
13 0.0005374564 0.3099916 0.4571599 0.382196 0.5249514
7 0.0005289382499999999 0.55431587 0.5782583 0.6234531 0.6498118
4 0.00052701874 0.5648979000000001 0.37912524 0.68372226 0.53835875
7 0.00052405737 0.57127553 0.5755443 0.6435649999999999 0.64506894
10 0.0005213999 0.53587323 0.43279135 0.6347991999999999 0.49968535
2 0.0005198131 0.53303766 0.4401696 0.6412215 0.49357694
10 0.0005177521400000001 0.31949988 0.45940230000000004 0.39531192 0.52624553
1 0.00050922943 0.33475336 0.46312700000000007 0.38859764 0.5018965
12 0.0005087689499999999 0.29798442 0.44001877 0.37648833 0.50318456
6 0.0005026682599999999 0.5485121999999999 0.4734415 0.6602137 0.5345996000000001
4 0.0005016408 0.5856335 0.45531750000000004 0.65287066 0.55039734
1 0.0005014093 0.29424933 0.4615815 0.35412899999999997 0.50612265
1 0.0004986457599999999 0.55194455 0.5786557 0.6126794 0.65952235
9 0.0004970321299999999 0.45907226 0.49089494 0.5462464 0.55215764
1 0.00049529667 0.28254208 0.48137057 0.35195568 0.5342585999999999
7 0.00049403374 0.56390786 0.56639785 0.6142738 0.66254306
11 0.00049356447 0.45382988 0.44213215 0.49675697 0.51811725
3 0.00049337803 0.12383086 0.44921629999999996 0.28272605 0.59570706
10 0.0004895428 0.5489754 0.63242614 0.6371396 0.7051175000000001
6 0.00048728197 0.29303557 0.47459254 0.42075425 0.5360621
2 0.00047218727 0.30934265 0.4423367 0.37876335 0.49205187
6 0.00047020585 0.5574893 0.6329964 0.6465378 0.6969903000000001
8 0.00046327134000000007 0.54065055 0.20413354 0.7901691999999999 0.8176015999999999
4 0.00046199487 0.5757965 0.57129127 0.63384056 0.6512164
2 0.00045861504999999996 0.31447172 0.46814218 0.39310783 0.5231598
11 0.0004560986 0.31550926 0.46127674 0.3670016 0.5398233
3 0.00045531574999999996 0.552114 0.39643174 0.6390376999999999 0.5118087
10 0.00045396222 0.57416636 0.43643153 0.63463706 0.5495373
12 0.00045199835 0.5685928000000001 0.43067685 0.6317221 0.5249010999999999
7 0.00045077383 0.0 0.26670945 0.24822874 1.0
2 0.00044722322 0.56332713 0.55573756 0.63540035 0.6475622
10 0.00044608218000000003 0.45605326 0.41672390000000004 0.5157487000000001 0.50841147
7 0.00044217182 0.5376074000000001 0.43508622 0.6076444000000001 0.5164383
13 0.00044175322 0.55759543 0.49799803 0.64933854 0.55404323
6 0.00044158607000000004 0.3260009 0.44968835 0.41427162 0.5061025
13 0.00043880656999999997 0.5572656 0.6661041999999999 0.650279 0.7257021
9 0.0004309887 0.44166059999999996 0.4482201 0.50182503 0.5547241
5 0.00043065404000000004 0.29199356 0.48715878 0.39759690000000003 0.54027545
2 0.00042804082999999996 0.57102805 0.5717528000000001 0.6652376999999999 0.64011407
6 0.00042657522000000004 0.558794 0.6638835 0.655175 0.7230429
4 0.00042650788 0.3284464 0.45165559999999993 0.3904729 0.53402126
3 0.00042624696 0.12976645 0.46177366 0.23821653 0.5287929
1 0.0004243125 0.6319170999999999 0.4202973 0.94987357 0.6491177
5 0.00042309864999999996 0.51266986 0.45796788 0.6353188 0.5111565
13 0.00042064144999999996 0.5385629 0.81003237 0.74000573 0.95368373
2 0.00041988617 0.34718013 0.44649565 0.40633142 0.48517520000000003
8 0.00041922332999999996 0.7111633 0.23911026 0.9605832000000001 0.7169774
4 0.00041750027 0.2947744 0.46299994 0.3619197 0.53248096
12 0.00041481389999999997 0.6513688 0.31304017 1.0 0.59620667
8 0.0004131839 0.46478972 0.19967939999999998 0.66182053 0.87540364
10 0.00041251227999999994 0.547905 0.5666762 0.63894135 0.6398548000000001
10 0.00040997664 0.29719412 0.43939787 0.36896867 0.5006115
8 0.00040663683 0.5486493 0.5558799 0.61038744 0.62944776
9 0.00040168915 0.037806152999999995 0.43811572 0.25649887 0.6859691
7 0.000398866 0.5606734999999999 0.6742946999999999 0.65347993 0.7292807
11 0.00039836395 0.5775013000000001 0.5964392 0.6134244000000001 0.7079509
6 0.00039649915 0.27883485 0.44404635 0.39115718 0.51023483
5 0.0003918751 0.55128694 0.44915920000000004 0.6339054000000001 0.5371786999999999
1 0.00038942904 0.0 0.5175975 0.26668400000000003 0.78789127
7 0.00038240675000000005 0.6714531 0.34548059999999997 1.0 0.73744404
2 0.00038108567 0.0 0.5252781 0.32059523 0.7675386
11 0.0003809314 0.041171513 0.22851737 0.21627742 1.0
12 0.000378289 0.021186262 0.48809284 0.37062186 0.7662781
7 0.00037790101 0.55986476 0.62881047 0.6207613000000001 0.72230583
13 0.00037626486000000005 0.5118338 0.6149992 0.6818876 0.72455955
8 0.00037275904 0.5450603 0.41867533 0.6203896 0.49392372
4 0.00037238508000000004 0.55254203 0.43371850000000006 0.6227918 0.5187768
12 0.00037213866 0.45731944 0.44439209999999996 0.52027917 0.5491259000000001
2 0.00037059645 0.44962898 0.44869529999999996 0.5183201 0.5290064
9 0.00036971032 0.034889273 0.5013432 0.26074937 0.7771505999999999
5 0.00036543970000000003 0.4542063 0.43919286 0.68909436 0.5446494000000001
13 0.0003650989 0.76283824 0.4580805 0.95631313 0.57700676
13 0.00036502230000000005 0.49341106 0.4779679 0.6692238 0.59244275
7 0.00036013348 0.5711463999999999 0.46358999999999995 0.64353424 0.5381564
5 0.00035859330000000003 0.5536183000000001 0.63571346 0.63120496 0.71549606
11 0.0003551584 0.07846428 0.5671149000000001 0.23916959999999998 0.95618397
6 0.00035503917 0.0 0.43266990000000005 0.43878555 0.8045163000000001
9 0.00035060942000000005 0.29325432 0.45189852 0.35823214 0.51002914
3 0.00034927882000000004 0.5799767 0.54047555 0.64473987 0.6497917
6 0.00034551273000000003 0.47989315 0.42593122 0.7141821999999999 0.5522165
1 0.00034230263999999994 0.009989634 0.6038064999999999 0.26380092 0.8499749
2 0.00034000436 0.76609474 0.26700258 0.9897973 1.0
11 0.00033732379 0.56413144 0.42812609999999995 0.5981 0.5332859999999999
6 0.00033257493999999996 0.5534485 0.60490096 0.64199644 0.67213327
10 0.00033106556000000006 0.5549997 0.42415255 0.6187763000000001 0.51088893
