3 0.95705456 0.54733485 0.505215 0.60277694 0.5710854999999999
3 0.94027215 0.27140287 0.45801237 0.48545954 0.6966741999999999
3 0.70345604 0.6988546999999999 0.50059646 0.744416 0.59027386
8 0.67587024 0.74647915 0.48009723 0.90185726 0.6666787
3 0.6435092 0.7553571 0.49997416 0.87480575 0.65188867
8 0.37739143 0.10896489 0.5442928000000001 0.20024714 0.63003707
3 0.2628457 0.77324194 0.49840796 0.85581964 0.5451398000000001
8 0.17918345 0.6936982 0.49193048 0.7478642 0.60662645
3 0.14170595 0.4880354 0.78771687 0.60834926 0.94046795
3 0.08117196 0.5622699999999999 0.50395966 0.6180791 0.5641632
3 0.07946076 0.6322382 0.5060418 0.67003626 0.5496531
8 0.06602843 0.2859275 0.44019237 0.51854444 0.70946157
3 0.056940625999999994 0.6449687 0.5064287000000001 0.68345445 0.5539314999999999
8 0.05673627 0.6377808 0.49697447 0.6934664 0.55318606
8 0.05284456 0.76061845 0.4999509 0.85315716 0.5519470000000001
8 0.040213797 0.66411614 0.50262535 0.725683 0.560489
8 0.038344013999999996 0.074093096 0.5015366 0.24596593 0.6490909
3 0.037361063 0.67744863 0.5048274 0.7229941 0.5585864
3 0.029271895 0.66277343 0.5067014 0.70481867 0.5565186
8 0.029137576000000002 0.62610567 0.49498335 0.6810293000000001 0.5562298999999999
8 0.027472327 0.6793123999999999 0.50077397 0.7422915 0.5786331
3 0.027084079 0.612086 0.5068742 0.65917987 0.5509474
3 0.025139121 0.11995612 0.5438649999999999 0.19769920000000002 0.6331107
3 0.024728147000000002 0.59842247 0.5040418999999999 0.6414643 0.5485228
3 0.023605572000000002 0.78142554 0.48797512 0.85215825 0.5231585
13 0.02200217 0.49676102 0.78450114 0.6346356 0.93790597
8 0.019945396 0.54418063 0.5002161 0.60989046 0.57212836
8 0.01682277 0.65400815 0.5010680000000001 0.7097994000000001 0.55728805
13 0.013242658000000001 0.7445022 0.5039762 0.91871774 0.64589494
8 0.013098117 0.60859877 0.49585527 0.6655418000000001 0.55562747
8 0.012608293999999999 0.6955245 0.48308188 0.8444216999999998 0.6481609
13 0.011536154 0.2731985 0.45173820000000003 0.569563 0.7766364
8 0.010444201 0.30050656 0.4830374 0.45659277 0.6847711
13 0.009790725 0.77508545 0.49425665 0.86341774 0.56671125
8 0.009284809 0.2105783 0.40403044 0.53271914 0.7604664000000001
13 0.0075481976 0.6844121 0.5363897 0.7563621 0.5932675000000001
3 0.007386797 0.74746984 0.49964556 0.82952386 0.5941668999999999
13 0.006351700500000001 0.20115973 0.5069572 0.5100448000000001 0.7442203000000001
13 0.0061179786 0.7200236 0.52345544 0.88813466 0.63714164
13 0.005707909000000001 0.32337403 0.4833124 0.50110096 0.6897211999999999
13 0.0050004357 0.70292497 0.5063309 0.7614156 0.61520374
8 0.0044237347 0.5604858 0.49255085 0.62104386 0.5688055999999999
3 0.004291466 0.7552911999999999 0.49525684 0.8410882 0.5550941999999999
7 0.0042866915 0.17772843 0.3914154 0.5937464 0.79468656
8 0.0042835423 0.76257664 0.5314985999999999 0.85116965 0.64033914
13 0.0034617758 0.6913736999999999 0.5250819 0.74934673 0.6081898
9 0.003329233 0.31602395 0.44745219999999997 0.62159413 0.7149840000000001
9 0.0033229224 0.72992873 0.5027271 0.8823148000000001 0.62898815
13 0.0032957335999999997 0.26543996 0.5332618 0.4862741 0.6724707
3 0.0029942677000000003 0.75682926 0.5152135999999999 0.8619633 0.60389596
9 0.0029754895 0.26530075 0.41899934 0.53835607 0.6985156
9 0.0028840522 0.765934 0.5337122 0.97615886 0.64404994
5 0.0028721648 0.6257037 0.54148924 0.8563870000000001 0.6474948
9 0.0028554490000000004 0.75662446 0.50558406 0.95281804 0.6274214
2 0.0028428533000000003 0.76321226 0.48614535 0.9263261999999999 0.64587647
11 0.0025986927 0.7144626000000001 0.48570353 0.8299648000000001 0.684675
13 0.0025917806 0.6733216 0.5389345 0.7456714 0.58379865
8 0.0025668845 0.5042099 0.78645813 0.613364 0.9269584999999999
13 0.0024895407 0.21128560000000002 0.55723965 0.528946 0.79938155
9 0.0024522713 0.73998255 0.5232571 0.91475266 0.64634174
3 0.0023353465 0.10277449999999999 0.52364373 0.24121511 0.63899326
3 0.0023163303 0.72337085 0.5022322 0.78543466 0.564183
7 0.0023104588 0.66546214 0.5210667999999999 0.76367426 0.5993350000000001
1 0.0022797957 0.20574822 0.52904785 0.52194613 0.77528065
11 0.0022509496 0.70291185 0.52480036 0.7556188 0.5977236
5 0.0022020012 0.14760964 0.5208372 0.50417274 0.76986915
13 0.002185976 0.26201892 0.47924027 0.4786101 0.8190055
2 0.0021515454 0.77723 0.49276984 0.8660051999999999 0.550876
5 0.0021239107 0.64254695 0.5293229 0.8783485000000001 0.6219445
8 0.0021064770000000003 0.7755234999999999 0.4895238 0.84784204 0.5307459
1 0.0020181506 0.09206179 0.46196166 0.43767372 0.6853179
9 0.001977275 0.7525222 0.5565656999999999 0.93900436 0.6789447
7 0.0019483332 0.053442374 0.40051624 0.46572816 0.79423964
2 0.0019455632 0.19730075 0.40900388 0.57127416 0.6787295999999999
8 0.0018738927999999999 0.59305346 0.49149922 0.64743793 0.55796885
11 0.0018535054999999998 0.7020061 0.5026170999999999 0.7466589 0.61877877
2 0.0018174067000000002 0.68865484 0.5216717000000001 0.77644235 0.577368
7 0.0017999826 0.6739824000000001 0.50035256 0.7578498 0.6219826999999999
13 0.0017801791 0.29624912 0.51982415 0.4668884 0.71362835
1 0.0017316758999999999 0.14193174 0.48392746 0.4989687 0.7334691999999999
7 0.0017001820000000002 0.68511945 0.4955633 0.7674156999999999 0.57347745
7 0.001628984 0.75782824 0.48525435 0.8572788 0.57354933
13 0.0016085661 0.54312825 0.50653976 0.6151036 0.5756944
11 0.0016034251000000002 0.69292015 0.52699167 0.7384923000000001 0.6013063
4 0.0015733773999999999 0.7905799 0.48205703 0.9628482 0.68693954
2 0.0015497211999999998 0.6885255 0.5041359000000001 0.89296573 0.63066643
5 0.0015440355 0.22006416 0.50328785 0.44529688 0.65360683
8 0.0015416314999999999 0.7416118 0.5240029 0.8501615 0.6035031
5 0.0015408801000000001 0.09739426 0.4844139 0.45686778 0.72722465
13 0.0015275407 0.67983276 0.51200324 0.7476811 0.580983
6 0.0015253872 0.2573356 0.5275069 0.45436585 0.6529701
13 0.0015172248 0.24074277 0.46577219999999997 0.4617236 0.66538864
7 0.0014774313 0.5398638000000001 0.4914843 0.62963295 0.5779156999999999
13 0.0014540039000000002 0.5608298 0.5062448 0.63178355 0.5725303
3 0.0014413432000000002 0.7258674 0.5003675 0.84487116 0.6271247
1 0.0014389366 0.6638898 0.50903857 0.8492101000000001 0.62077963
11 0.0014365019 0.22818357 0.3749203 0.4223982 0.72001773
6 0.001398954 0.68268514 0.5307814999999999 0.8928453000000002 0.6480716
5 0.0013810060999999998 0.16100848 0.4762606 0.54390305 0.6987505
9 0.0013786028 0.27987847 0.44633538 0.45674488 0.8037934
5 0.0013725045999999999 0.20621376 0.5399516 0.5577748 0.80791473
12 0.0013699752 0.31632107 0.5007315999999999 0.46981025 0.65542096
2 0.0013184234 0.7211865 0.5331108 0.9241724 0.65977037
5 0.0013047650999999999 0.1843171 0.50095034 0.41892755 0.7886880000000001
5 0.0012847661 0.22481208 0.49521017 0.5843354000000001 0.7426446
1 0.0012847566 0.6517364 0.5357642 0.8375474 0.6469151
6 0.0012824715 0.123104185 0.46783754 0.5906223 0.76197225
3 0.0012785357000000002 0.31588066 0.44990245 0.5024797000000001 0.61010647
5 0.0012725600999999999 0.67801064 0.5302177 0.7544834 0.61823434
13 0.0012725083 0.62458 0.5142032 0.67854047 0.558335
6 0.0012558764 0.67531556 0.5226317 0.78161997 0.5889241999999999
1 0.0012522218 0.43583596 0.8047012 0.6155387 0.9259152
1 0.0012495917 0.2590613 0.5444609 0.41981009999999996 0.6708701
3 0.001235676 0.74323183 0.49769583 0.80807394 0.5533533
1 0.0012300424000000001 0.15341711 0.42852340000000005 0.50593746 0.6565462
1 0.0012225837 0.3437136 0.50275856 0.48109785 0.6723243
2 0.0012047188 0.71550065 0.47155905 0.897114 0.59970385
13 0.001192184 0.10485588 0.5563208000000001 0.18808632 0.61048776
2 0.0011703275 0.7078525999999999 0.49390942 0.7696791999999999 0.5941955
6 0.0011373728999999999 0.686177 0.49461234 0.9082904 0.62657976
11 0.0011330378 0.30427086 0.36180618 0.48863745 0.6945292
9 0.0011123303999999998 0.24849737 0.49256530000000004 0.5049324000000001 0.75338316
6 0.0011068663999999999 0.27072959999999996 0.5445253999999999 0.47771525 0.6875993
9 0.0010896289 0.33740145 0.5016576 0.50575215 0.63242394
5 0.0010821469 0.66129136 0.5673437 0.90390337 0.67930496
5 0.0010752359 0.7074838000000001 0.55055106 0.9582934000000001 0.6661176999999999
6 0.0010732460000000001 0.7388026999999999 0.5243536999999999 0.98546755 0.6679246
8 0.0010712374 0.27618214 0.5369242 0.44419488 0.69318515
13 0.0010653795 0.5360979 0.53597844 0.60519147 0.5871050999999999
5 0.001062521 0.70105785 0.55176336 0.8589305 0.6984621999999999
11 0.0010433883 0.75069135 0.49252394 0.8612303 0.6886726
2 0.0010063202 0.70282626 0.49388018 0.7693807 0.54323655
9 0.0010038847 0.38499665 0.46855634 0.50058115 0.63479674
13 0.0010028232 0.74025404 0.5057175 0.86940384 0.6882921999999999
12 0.0010004623 0.19805776 0.35315820000000003 0.63671064 0.6486664000000001
6 0.0009950153 0.28250486 0.49361092 0.46977782 0.63870823
7 0.0009929364 0.73212826 0.46330845 0.9289235999999998 0.6626839
13 0.0009782802 0.6369459 0.5061162 0.6921316 0.55840826
12 0.00097589585 0.74417204 0.5055545 0.96816045 0.62919694
12 0.0009398226400000001 0.32132804 0.46382773 0.49213009999999996 0.6166448
1 0.0009354316 0.7237117 0.52276975 0.8871962 0.63450754
5 0.0009350005 0.7506371999999999 0.5096428 0.8481069999999999 0.5662964
11 0.00093366235 0.5463059 0.49530396 0.59249413 0.56138456
1 0.0009330793400000001 0.7473821999999999 0.5466485 0.91106504 0.66761446
1 0.0009176538 0.7612863000000001 0.5100667999999999 0.8460415000000001 0.56503373
11 0.0009157381 0.7705126999999999 0.5094565999999999 0.8974687 0.7275885999999999
13 0.0009043407 0.5205482 0.5161744 0.5902966 0.5703469
12 0.00089697586 0.7240685 0.44303787 0.9406110999999999 0.5759417
4 0.0008883837 0.6985560000000001 0.50724983 0.762441 0.5990166
8 0.0008763903 0.64829373 0.4742741 0.78119457 0.6201995
5 0.00087583135 0.6604993 0.5340403 0.7707483 0.6013914
2 0.0008752337300000001 0.47868085 0.7818198000000001 0.6740141 0.9342568000000001
8 0.00086909556 0.53181756 0.5109604999999999 0.60060346 0.57682306
6 0.0008668922 0.720763 0.5637658 0.9492267 0.689743
6 0.0008601450999999999 0.7494050999999999 0.5075494 0.8946139000000001 0.5715418000000001
5 0.0008542228 0.22570639999999997 0.5297696999999999 0.48896885 0.69429004
13 0.0008529760000000001 0.7850132 0.47988686 0.8511963 0.5392909
12 0.00084731175 0.36619029999999997 0.49121544 0.48153168 0.6630965
3 0.00084399636 0.7140378000000001 0.5068577999999999 0.78180647 0.5920749
6 0.0008325432400000001 0.31351740000000006 0.5216758 0.49350512 0.6674074999999999
7 0.0008190296000000001 0.6723446999999999 0.48058876 0.8720914000000001 0.6651855999999999
6 0.0008180885300000001 0.05255972 0.5278295000000001 0.5421198 0.7852044
1 0.0008067716000000001 0.68571866 0.53852624 0.7550485 0.5942456
1 0.0007936314 0.7169857 0.4811746 0.8895835999999999 0.59126335
4 0.0007935384 0.75169486 0.50748175 0.91337794 0.7099741999999999
7 0.00076184224 0.51658756 0.52140445 0.6076463000000001 0.59869146
8 0.00076170993 0.67220765 0.50681233 0.72535497 0.5874923000000001
9 0.0007534706 0.36784935 0.49852213 0.48016852 0.651979
7 0.00073113164 0.15757175 0.38114738 0.5082808 0.9300280999999999
9 0.0007260377 0.33683017 0.49549395 0.5316411 0.8160191
11 0.00070485723 0.53751993 0.49843863 0.5773785 0.558388
5 0.00069327134 0.50952804 0.5128912 0.61972713 0.5644885000000001
13 0.0006795988000000001 0.5897496 0.51404124 0.64777577 0.5628033
11 0.0006794419999999999 0.34566292 0.38984054 0.5504798000000001 0.7307607
2 0.0006700253 0.55195814 0.49623814 0.629113 0.54853415
11 0.0006670551400000001 0.28154713 0.28051308 0.43229252 0.7955763000000001
1 0.00066282594 0.6911596999999999 0.54028755 0.8697375 0.6624919
13 0.000657045 0.6058158 0.50901014 0.6656403000000001 0.56174296
1 0.0006520258599999999 0.6855923 0.52613485 0.7466898 0.6124625
5 0.0006472095 0.22374955 0.5433329000000001 0.46180829999999995 0.85985214
2 0.00064691197 0.29287207 0.35827929999999997 0.5490275 0.7539312
9 0.0006417501999999999 0.32950616 0.5390319 0.48182273 0.6711437
3 0.0006414542 0.7629511 0.51191384 0.83838063 0.6505221
12 0.0006356551 0.34008896 0.49335724 0.44597924 0.6987960999999999
11 0.0006311830999999999 0.79919857 0.48705944 0.84808654 0.5694183
4 0.0006288591 0.38301945 0.40478563 0.49278253 0.64080936
6 0.0006285636 0.69953376 0.46626368 0.96357614 0.5962105999999999
4 0.00061058614 0.33166942 0.40900847 0.6638732 0.7361634
7 0.00060672365 0.3579888 0.40241173 0.46777925 0.7111516
12 0.00060435274 0.3229381 0.5291461 0.507949 0.67016727
4 0.000599707 0.3322574 0.46277058 0.50787276 0.6510158
7 0.0005991887 0.43201320000000004 0.7801574 0.6529680999999999 0.9713339
7 0.0005896032 0.26976871 0.53089464 0.43644428 0.72527266
8 0.0005842181 0.74104714 0.5093196 0.81613386 0.6143063
6 0.0005803973000000001 0.67515826 0.50080425 0.7781241 0.5644611999999999
1 0.0005794957 0.33054858 0.53267074 0.4707731 0.70526636
12 0.0005789141000000001 0.19842820000000003 0.42320263 0.6838193 0.7045491
2 0.0005673162000000001 0.6252937 0.5050559 0.68824357 0.5457598000000001
2 0.0005617917 0.12429987 0.37077862 0.5452796999999999 0.633678
12 0.0005614983 0.31321213 0.43197894 0.50512946 0.58460015
9 0.0005575 0.5020166 0.7904175 0.65829283 0.9398969000000001
4 0.00055669184 0.31637059999999995 0.48533106 0.48644185 0.69571775
12 0.00055093976 0.5048272 0.7490353 0.6918276999999999 0.88761276
11 0.00054962 0.81094515 0.49021202 0.9229497999999999 0.6912377
11 0.00054445345 0.5497850999999999 0.5105261999999999 0.6049635999999999 0.5948806999999999
11 0.0005434178 0.7253651999999999 0.49543980000000004 0.7673821 0.6146688
1 0.0005423134400000001 0.39089185 0.79566896 0.59508157 0.9096064
4 0.0005407417 0.72291493 0.49297799999999997 0.7851918999999999 0.61204785
1 0.0005389807599999999 0.51296884 0.5158423 0.579541 0.5599301
2 0.00053847657 0.76151973 0.44015747 0.9330453000000002 0.5754616
9 0.0005351490000000001 0.76009434 0.5271172 0.8699911 0.6980360999999999
1 0.0005342788599999999 0.24941081 0.4721124 0.47285109999999997 0.7601116
1 0.00053250504 0.28588316 0.48549128 0.43481055 0.6190220000000001
1 0.0005308733000000001 0.685317 0.51648647 0.7444305999999999 0.5599113
1 0.0005280429599999999 0.20487742 0.42972150000000003 0.44752700000000006 0.70392483
1 0.00052546995 0.7064236999999999 0.5344406 0.75948733 0.61795086
7 0.0005110944 0.6764102 0.5376019000000001 0.9002129000000001 0.7016571
12 0.00050482625 0.7073449 0.4757682 0.90281105 0.59885323
8 0.0005037546499999999 0.7747166 0.5218897 0.8570173000000001 0.61711776
6 0.00049676915 0.6841053 0.51716053 0.76399684 0.6088223
2 0.00048746634000000004 0.18873808 0.47656706 0.6183335999999999 0.7597475
5 0.00048342052999999997 0.51589733 0.53722936 0.6066293 0.59542745
11 0.00048169114999999996 0.305973 0.51850337 0.40325427 0.66737413
7 0.00048025339999999996 0.25195608 0.49500015 0.41210422 0.69436353
7 0.00047503217000000004 0.33627012 0.44260234 0.44831553 0.73728234
7 0.00047054162000000006 0.5116170999999999 0.49640322 0.5877852 0.5752879
12 0.00046943026 0.78940326 0.49334946 0.8829431999999999 0.55262977
2 0.00046862989999999996 0.64300424 0.50428444 0.7013468 0.5466972
1 0.00046367839999999995 0.52895147 0.5204021 0.5965746 0.5688199
10 0.00045841919999999996 0.2571744 0.5131845 0.45376888 0.6406099000000001
4 0.00045232428 0.35786933 0.42879722 0.47686523 0.6660866
4 0.00044930430000000003 0.7978024 0.4971688 0.87342423 0.5652018
5 0.00044499025999999997 0.2881265 0.4973054 0.44356403 0.7040144
5 0.00044039050000000004 0.69274193 0.50999624 0.92423326 0.59672415
8 0.00043988624 0.7692257 0.5170372 0.82538545 0.64273596
13 0.0004356196 0.66319835 0.5070947 0.7236005 0.56306547
7 0.00043453285 0.603165 0.5063295999999999 0.6805604999999999 0.5668439000000001
7 0.00043230715999999995 0.29810554 0.48964992 0.46345687 0.70340234
8 0.00043054606 0.7110161 0.5048888 0.7747111999999999 0.5957842
4 0.00042617794999999997 0.7306159000000001 0.47640879999999997 0.8822214 0.64412916
4 0.00042546014000000005 0.27740878 0.37286633 0.58196676 0.67060685
4 0.00041759823 0.7919613 0.45082855 0.9410124 0.61128026
1 0.00041292665999999995 0.55059326 0.5196747 0.60777235 0.57107407
12 0.00041214385000000003 0.6916313000000001 0.49769490000000005 0.7690319999999999 0.5573899999999999
7 0.00041077230000000005 0.024092346 0.47411242 0.5754272 0.87450546
11 0.00040821527 0.70593536 0.509889 0.74175537 0.56404173
9 0.00040799120000000003 0.13989520000000003 0.56658393 0.21913427 0.61340284
13 0.00040571784 0.7524009 0.5364526999999999 0.83888197 0.62736756
1 0.00040295437999999996 0.71506125 0.56316644 0.88389605 0.68271893
9 0.00040001314 0.29743367 0.4769 0.47212672 0.6185759
10 0.00039414153 0.69202197 0.5139715 0.77292645 0.5866501999999999
11 0.00038953047 0.69381493 0.50728697 0.72979015 0.56376475
9 0.0003884266 0.7851357 0.5040972 0.8661205 0.5730528
10 0.00038597690000000004 0.13553593 0.5513925000000001 0.20648175 0.6064575
2 0.00038082394 0.7464945 0.47600308 0.8721898000000001 0.66257495
2 0.00037694343999999995 0.6893599 0.4990492 0.75345325 0.54186887
10 0.00037528633 0.8015017 0.47679207 0.9590382 0.6598510000000001
11 0.00036916712999999997 0.7902923000000001 0.48198748 0.8836854 0.6572563
10 0.00036582837 0.2907545 0.48026610000000003 0.48129916 0.6453099
11 0.00036293975 0.6382895000000001 0.49281543 0.67787606 0.5646926
6 0.0003623143 0.61045307 0.51071167 0.69995576 0.55511457
12 0.00035993746 0.54547113 0.49506882 0.6295664000000001 0.5556281
4 0.00035681875 0.687929 0.5075787 0.74122876 0.59265244
11 0.00035476495000000003 0.56433463 0.4981022 0.6107384 0.56070435
1 0.00035293892 0.6674949 0.5140773 0.7346623000000001 0.55388397
10 0.00034997007000000006 0.8026375 0.48714474 0.87212664 0.57246524
6 0.00034319644 0.50962514 0.5028416 0.608615 0.55890447
4 0.00034263550000000005 0.25686193 0.4288799 0.5761503000000001 0.7490872
5 0.0003314984 0.60524994 0.51860636 0.6805689 0.56362826
11 0.00032963260000000005 0.34489498 0.31862882 0.50352407 0.85292596
10 0.00032921599999999996 0.7209746 0.47745547 0.7730866 0.61569184
1 0.0003274312 0.28165102 0.42568228 0.520749 0.7235774
1 0.0003250142 0.671112 0.53692603 0.73772436 0.58400774
1 0.0003240725 0.28828790000000004 0.57390136 0.46482816 0.69293505
12 0.00032354080000000004 0.6921819 0.5223889 0.775055 0.57671016
7 0.00032225126 0.6252227 0.5062129 0.69776666 0.5650316999999999
2 0.00032144084 0.53358173 0.52742934 0.61932695 0.5744511999999999
2 0.00031793027 0.5269891 0.49826850000000006 0.607033 0.5423611
2 0.00031352622000000005 0.60545665 0.5043413 0.6720626999999999 0.5472399
4 0.0003121118 0.13944036 0.5437552 0.20801196 0.6216743
4 0.00031085408 0.5055487 0.79700816 0.6788429 0.9272024999999999
6 0.00030824819 0.5204914 0.531775 0.62872356 0.58715147
10 0.00030805735 0.70194066 0.49767876 0.75934553 0.61189663
9 0.00030723526000000004 0.33072627 0.50104547 0.44409865 0.6644171
4 0.00030566033 0.27745724 0.48775208 0.46201800000000004 0.65950173
6 0.00030487907 0.5262185 0.4970173 0.6452233 0.56794196
4 0.00030369466 0.70591307 0.49311414 0.7580661999999999 0.55561393
10 0.0003034327 0.3798587 0.38376877 0.48068002 0.648863
11 0.00030342158 0.81888705 0.48889309999999997 0.86470526 0.56848496
9 0.00030300886000000004 0.5404799 0.5008654 0.6085526 0.5569506999999999
10 0.00030240303 0.76109123 0.5169547999999999 0.9397296999999999 0.6929774000000001
12 0.00030223615 0.7086995 0.50728387 0.89512426 0.6254436999999999
9 0.0002951872 0.8009284999999999 0.50207007 0.88393295 0.566822
5 0.00029484456000000004 0.6599271 0.5150072 0.77150476 0.5623897
11 0.00029309027000000003 0.7591591999999999 0.42284447 0.8407587 0.7566786999999999
11 0.00029248543 0.7224868 0.5181125 0.77539617 0.60176945
5 0.0002916388 0.31837374 0.51552814 0.47947943 0.7138229
2 0.00029064258 0.12712194 0.54017586 0.21070503 0.61083984
9 0.00028473642 0.7003223000000001 0.51385707 0.7565719 0.5987555
1 0.00028279255 0.61577666 0.514674 0.6701640999999999 0.55229396
