3 0.9977822000000001 0.6147081999999999 0.5074717000000001 0.95113134 0.818354
3 0.98736715 0.06247911 0.42901054 0.35690716 0.7251419
3 0.66943526 0.5097045 0.48017946 0.5558784000000001 0.54254955
3 0.49852586 0.6055705 0.5024819 0.6660444000000001 0.57622707
3 0.39748028 0.36251992 0.46182272 0.45695853 0.55125546
3 0.29756567 0.46168679999999995 0.47809622 0.5039756 0.5317324000000001
8 0.29753559999999996 0.03651814 0.4677588 0.35076058 0.7340821999999999
3 0.24808285 0.6586448 0.47660214 0.7608682 0.5254671999999999
8 0.2029559 0.3487705 0.46786228 0.45744324 0.5467744000000001
3 0.13027929 0.6021316999999999 0.48139298 0.7607204000000001 0.5711099000000001
3 0.12716012 0.56189173 0.50467116 0.60651547 0.5580305999999999
3 0.107435465 0.61244047 0.50021005 0.70185554 0.5711035
8 0.07104001 0.500516 0.47559655 0.5624437 0.5474589
8 0.05573189 0.6301687 0.5515237 0.95232904 0.8308365
3 0.04008847 0.4832192 0.777478 0.60702497 0.94421756
3 0.039126735 0.58516127 0.51581794 0.65725523 0.5828198
3 0.038887724 0.03271413 0.58804995 0.105066404 0.69407874
8 0.033706687 0.92851305 0.66516757 0.9848455 0.7425736999999999
3 0.03234793 0.58749944 0.49833584 0.7386958 0.5959569
8 0.031100372 0.4556687 0.47585779999999994 0.51065284 0.5376383000000001
3 0.030088077999999997 0.6427838 0.48189417 0.80595237 0.59646684
3 0.027152125 0.63845015 0.49580804 0.77285314 0.56563264
3 0.024614234 0.588769 0.57739145 0.63842195 0.68352103
13 0.017562253 0.043545082 0.44310465 0.48120522 0.7910986
13 0.017179037 0.48252740000000005 0.78808486 0.6210340999999999 0.9294541
8 0.01407406 0.5522433000000001 0.49703434 0.614261 0.56196666
3 0.014011089 0.6192613 0.5111969 0.7313562 0.579905
8 0.012962379 0.58909667 0.5114025 0.67242455 0.58932596
8 0.0113179805 0.5456915 0.41257206 0.9431368 0.9652497
8 0.011297755 0.5788308000000001 0.49169709999999994 0.7713035 0.5991387
3 0.0103998035 0.36850438 0.45640156 0.44411317 0.50145864
8 0.009698128 0.06300251 0.38378683 0.3362252 0.8253065999999999
3 0.009132557 0.42072976 0.46896783 0.4728337 0.5465842
8 0.008957478 0.5847414000000001 0.50047475 0.6608687 0.5732265000000001
13 0.008815038 0.49540016 0.48098004 0.5693508 0.54479855
3 0.008640835 0.5182562 0.48080790000000007 0.5704179 0.54030997
8 0.008366916 0.5672493000000001 0.5452752 0.63040376 0.6129651999999999
3 0.008198381999999999 0.5763019 0.5473149 0.63070685 0.6221903
3 0.00812179 0.43501130000000005 0.47720882 0.49253222 0.542068
8 0.007968119000000001 0.5727382 0.56420225 0.6313516 0.6546288
3 0.007900139 0.48792294 0.4828835 0.5429491 0.5432357
3 0.0074946014 0.62563217 0.49946085 0.81098926 0.62966263
3 0.0073454427000000004 0.57947457 0.56213653 0.63095844 0.66707695
13 0.007210169000000001 0.6541037 0.58802205 1.0 0.8803329
3 0.006961446 0.5668991 0.5002571 0.69160944 0.60664463
8 0.0055883867000000005 0.6579524 0.4778702 0.7491627 0.532606
7 0.005463356 0.49078542 0.46812317 0.58557814 0.5469888
13 0.0045519937 0.5849187 0.5102036 0.66720384 0.5841164000000001
8 0.0044559827000000005 0.3374627 0.4429275 0.4744334 0.5852605
8 0.0042772185999999995 0.47950545 0.47502749999999994 0.5471536 0.5481439
7 0.0041831844 0.058353767 0.39058400000000004 0.47629309999999997 0.80246353
2 0.0041348343 0.5092561 0.4706607 0.58325446 0.51977164
13 0.003945369000000001 0.34782445 0.46869984 0.43744457 0.5423835
13 0.0039268285 0.50270134 0.5050958999999999 0.57218796 0.55900055
9 0.0036785003999999996 0.11860733 0.38242 0.44681138 0.64684796
9 0.0036646551 0.06468312400000001 0.3879543 0.34672886 0.65998065
9 0.0035560472999999998 0.15172537 0.46191958 0.52305037 0.70727044
5 0.0034624035 0.0 0.544734 0.35460612 0.786609
8 0.0032545612 0.60446614 0.49892098 0.69726783 0.57542557
13 0.003253184 0.5380745 0.6105564 0.92380214 0.8660603000000001
8 0.0029735724 0.35134342 0.4603061 0.43402192 0.50860083
1 0.0029721440000000003 0.10450207 0.5080652 0.4336142 0.7848963000000001
3 0.002787033 0.6803547 0.48008236 0.86863256 0.6061085
3 0.002660257 0.6544245 0.49969822 0.87180823 0.6401713000000001
13 0.0026432495 0.6091766 0.48928738 0.6688257 0.6152198
8 0.0026295695 0.5810306 0.59135544 0.6385809 0.6706666
13 0.0025475896 0.58731097 0.53198797 0.6705919 0.59581023
13 0.0025105665 0.014949486000000001 0.5349316999999999 0.39841366 0.78010064
9 0.0024810259 0.10385148 0.47636572 0.44815892 0.7586633
7 0.0024607892 0.47134474 0.47123113 0.56245244 0.55042344
3 0.0024209764999999998 0.9396263000000001 0.6648269 0.98572284 0.74536854
1 0.0024036504 0.33884755 0.4888374 0.42434224 0.5391363
8 0.0023973077 0.43115202 0.47095034 0.49200734 0.5437723000000001
7 0.0023531797 0.0 0.45535406 0.40761858 0.84031785
2 0.0023336147 0.36527482 0.46356709999999995 0.4546772 0.5219251
4 0.0023045472 0.20244913 0.42078158 0.55035764 0.7926444
13 0.0022715207 0.44824046 0.4911768 0.50810933 0.5388501
13 0.002229299 0.55378616 0.50955 0.61802936 0.56724
2 0.002207641 0.119238675 0.367557 0.47511435 0.69991666
11 0.0022075744 0.50049055 0.47223950000000003 0.54301953 0.53820866
12 0.0022007925 0.09118266400000001 0.39826563 0.5215005 0.71054447
9 0.0021830038 0.5036194 0.47763675 0.5861388000000001 0.53484124
3 0.0021668267 0.13587558 0.39047745 0.30344403 0.48967150000000004
8 0.0021096135 0.56878716 0.48481956 0.73562413 0.65222543
5 0.0020687678 0.44627875 0.5609606 0.8800226999999999 0.861057
1 0.0020476314 0.36190927 0.48649067 0.43947172 0.53979546
1 0.0020470514 0.49950063 0.4907245 0.56170213 0.5390668000000001
5 0.0020411531 0.054542765 0.50980955 0.5004185999999999 0.78980887
2 0.0020285157999999997 0.59217054 0.48661676 0.6798356 0.5441273
13 0.0020274196 0.4563871 0.47860453 0.51793027 0.54546666
10 0.001976789 0.372849 0.45517752 0.4520861 0.518578
7 0.0019437070999999998 0.5766604999999999 0.49071863 0.67771447 0.58139634
8 0.0019358066 0.042146064000000004 0.60175514 0.17412081 0.7377341
3 0.0019120085000000002 0.73901653 0.5101237 0.95673573 0.6583545
13 0.0018954492 0.5708101 0.6127111 0.64755297 0.6705584
8 0.0018768302 0.5415093000000001 0.4846519 0.7018131 0.6237324000000001
13 0.0018293076 0.6100874 0.49878782 0.7020743 0.5853016
13 0.001791394 0.558816 0.49697727 0.63411826 0.5748137
8 0.0017700939999999998 0.57694286 0.26349735 0.89005464 0.9051288000000001
13 0.0017309707 0.03056556 0.4192776 0.34769043 1.0
1 0.00171156 0.41243383 0.8034247 0.60296106 0.92668205
8 0.0016774385 0.41552219999999995 0.46394715 0.4697875 0.5466999
6 0.0016501223 0.029545248 0.46962738 0.5510503999999999 0.7783538000000001
12 0.001646602 0.050941125 0.31411463 0.45124309999999995 0.6269626
12 0.0016431306 0.49759114 0.46789435 0.5823138000000001 0.52875763
11 0.0015986986 0.37055394 0.4583706 0.42879835 0.54277414
13 0.0015888405 0.67218065 0.47544256 0.7564806 0.54591054
1 0.0015872920000000001 0.47832894 0.48821974 0.547205 0.53680915
7 0.0015542887 0.5720259 0.5143635 0.6703588 0.60302776
4 0.0015267448 0.1175088 0.4571625 0.4497876 0.8322129
2 0.001525237 0.45814416 0.769476 0.6770689000000001 0.9367148000000001
6 0.0015238704999999998 0.47988590000000003 0.47234526 0.59163785 0.53849816
1 0.0014809944 0.025333077000000002 0.41345649999999995 0.37260547 0.6557444
2 0.0014704744 0.052848652 0.46162054 0.46802896 0.7282911999999999
9 0.0014382243 0.3534009 0.47133827 0.43603545 0.5374449
5 0.0014359709 0.46060076 0.48940718 0.56381434 0.5337337
3 0.0012970578 0.6454605 0.5158514 0.7636299 0.58269304
1 0.0012935693 0.45428246 0.63048524 0.8185695 0.8416339
8 0.0012847245 0.49678272 0.7822023 0.613535 0.92937756
11 0.0012792525 0.39079455 0.45925609999999994 0.44590476 0.53572077
8 0.0012684644 0.03410495 0.60154706 0.09570227 0.6905354
1 0.0011755168 0.5836265 0.5115445 0.6551559 0.56825954
3 0.0011682847 0.10190419999999999 0.3960903 0.2918775 0.5167457999999999
7 0.0011669049 0.48301869999999997 0.49398109999999995 0.57696813 0.57188874
11 0.0011541198 0.6094811 0.5116145999999999 0.6574966999999999 0.60264426
6 0.0011480753 0.0 0.5268398 0.38324443 0.8162847
7 0.0011264348 0.0 0.35452425 0.3476234 0.7325823
13 0.0011247167999999998 0.37172544 0.47747892 0.46209294 0.5465948
7 0.0011201021 0.60410994 0.47054589999999996 0.6755981 0.6037903
11 0.0011167516 0.56490755 0.49241309999999994 0.8031875 0.8931022
6 0.0011054729 0.4946811 0.59591895 0.934157 0.8449424000000001
7 0.001083561 0.3425915 0.45593729999999993 0.44527920000000004 0.549654
11 0.0010763599000000001 0.5184683 0.47436333 0.5646259 0.53653896
12 0.0010755592 0.37708905 0.4687385 0.47135815 0.5387536999999999
1 0.0010742814 0.0 0.42193928 0.28939062 0.65637416
2 0.0010705829 0.50362927 0.49830505 0.5886157 0.5494455
5 0.0010434958 0.31834638 0.4828857 0.45184433 0.5324688
7 0.0010379556 0.44550136 0.4686605 0.5338143 0.5465842
6 0.0010101069 0.33946753 0.4672853 0.48522788 0.5390672
4 0.0010066866000000001 0.031409875 0.48126438 0.3493628 0.82154566
6 0.0009706178 0.57613236 0.526325 0.7025536 0.5931234000000001
11 0.0009593322 0.6088695 0.49423367 0.65268093 0.56768304
1 0.0009307680999999999 0.050523385 0.5568401999999999 0.35679096 0.7931163
5 0.0009304986 0.0 0.5966559 0.29656732 1.0
13 0.0009295533000000001 0.60769176 0.43930754 0.93101907 1.0
11 0.0009170649000000001 0.52013546 0.48533016 0.5784219 0.567983
13 0.0009035958 0.0 0.4559497 0.35928267 0.75198734
7 0.00090088614 0.6481315 0.5261118 0.99056625 0.92834896
6 0.0008847531 0.56749487 0.49579415 0.6892623000000001 0.5720784999999999
11 0.0008833975 0.5970215 0.49108648 0.6393227 0.56410193
5 0.00085773005 0.4841084 0.5124032999999999 0.57343405 0.56656545
12 0.0008505805 0.5904694 0.48561254 0.686459 0.561258
3 0.0008417165400000001 0.05804068 0.5615397 0.21608642 0.74867034
11 0.0008387687 0.050009005 0.46266237 0.28777018 0.83753246
9 0.00083622255 0.4868639 0.7861884 0.6440366999999999 0.92509675
2 0.00080847257 0.5878717 0.5184677 0.67765594 0.57622725
12 0.0008066396700000001 0.7162706 0.5516709 1.0 0.8478796999999999
6 0.0008002055000000001 0.6588251 0.6241704 1.0 0.9128651
9 0.0007962167 0.7467357 0.6004848 1.0 0.8420148000000001
4 0.0007890238000000001 0.15690014 0.35535377 0.4830902 0.6438845
2 0.0007861309 0.44811592 0.46963084 0.51757145 0.5154467
2 0.0007840861 0.46067443 0.46468952 0.5328321999999999 0.5190353
13 0.00077989587 0.9092924000000001 0.67337483 0.98830503 0.72570556
1 0.0007758052 0.5985016 0.51614845 0.6691155 0.57283336
1 0.0007755236599999999 0.701343 0.630732 0.98299855 0.8614094000000001
4 0.0007675608500000001 0.51841563 0.47397354 0.5798169 0.5358919
2 0.0007480194000000001 0.006895691 0.32994425 0.39688542 0.9375244
2 0.0007389319 0.67266417 0.52968866 0.9809884 0.8731983
1 0.00072883867 0.5859767 0.54212356 0.6675879 0.5983881
1 0.0007172416000000001 0.0 0.5677668 0.28213119999999997 0.7889638000000001
3 0.0006932292599999999 0.10229796 0.435042 0.3327433 0.63481957
8 0.0006931135 0.5946009 0.48406786 0.88006055 0.8053244
5 0.00068667607 0.0 0.44522074 0.35800126 0.64754677
5 0.0006743441 0.0 0.4773227 0.32754222 0.72824585
3 0.00066969835 0.59361106 0.5050081 0.764556 0.6552777
4 0.0006682550999999999 0.7524563 0.5138785 1.0 0.8744525
7 0.00065392844 0.41731608 0.7818989000000001 0.6178123000000001 0.9632447000000001
5 0.00064405927 0.015902847 0.44389300000000004 0.45601878 0.70391506
2 0.00063620723 0.5531114 0.49706736 0.62564677 0.5453618
5 0.0006288074 0.5630542 0.5321541 0.67455566 0.59763527
4 0.0006266409999999999 0.07320346 0.35925433 0.3866108 0.633993
7 0.0006255777999999999 0.5373157 0.49816003 0.62233686 0.57033485
4 0.0006230109 0.38003626 0.46159940000000005 0.45843723 0.53828275
3 0.0006124344 0.1840269 0.59851766 0.2799215 0.68355626
11 0.0005957094000000001 0.13323988 0.44477123 0.37846386 0.84252477
1 0.000577791 0.6089844 0.5070322 0.66322094 0.58741134
7 0.00057409593 0.44557706 0.53242636 0.8759978 0.93358773
11 0.0005672682 0.45957079999999995 0.46799162 0.49985024 0.5345283000000001
7 0.0005577908 0.6089521999999999 0.49007607 0.7080261 0.5786119000000001
9 0.0005575954599999999 0.6081124 0.5024 0.69898635 0.56880707
13 0.0005566758 0.031649724 0.60484505 0.09349696 0.7031731
5 0.00054891844 0.5606331 0.5077457000000001 0.6750670999999999 0.5659411999999999
12 0.0005474277 0.6030629 0.46889988 0.6759444 0.5783174
13 0.0005459872 0.61606395 0.47094244 0.7854768 0.6413861
6 0.0005270262000000001 0.0 0.3604167 0.48715842 0.6744919
4 0.0005254815 0.51864517 0.49114525 0.57793057 0.565167
9 0.0005221895 0.5901331999999999 0.5486006999999999 0.8623835999999999 0.8347294
12 0.0005153579 0.5645669 0.514777 0.93251413 0.8268395000000001
1 0.00051323907 0.4399414000000001 0.48839295 0.49836826 0.53202957
5 0.0005077876 0.65943795 0.62106496 1.0 0.91047025
4 0.00049890886 0.3548398 0.46814707 0.44645262 0.54052186
10 0.00049430435 0.61189604 0.5087829 0.6936207 0.5943738000000001
12 0.0004918835 0.49837416 0.7587661 0.68621975 0.89638835
11 0.0004766338400000001 0.23001578 0.40824065 0.44150528 0.76677376
6 0.00047526378 0.42574382 0.47662893 0.5259371 0.53423744
8 0.00046926117 0.6447345999999999 0.5007453 0.74492085 0.56534064
3 0.00046738652999999997 0.10058514 0.42140797 0.32234836 0.5560463000000001
2 0.00046526117 0.614305 0.46637765 0.6776911999999999 0.5587941
11 0.00045709824 0.07458524400000001 0.39789635 0.23595886 0.66238904
9 0.00045672655999999995 0.72652066 0.4828643 1.0 0.7383668999999999
10 0.00045618167000000004 0.5039939 0.46350253 0.5763429 0.53091747
6 0.00045534050000000005 0.48771158 0.50614816 0.59153235 0.56133956
11 0.00045410523 0.62375903 0.49108294 0.67326033 0.5676491
13 0.00044955593 0.62567264 0.49822378 0.6898105999999999 0.6097594
1 0.000447132 0.45493937 0.4917817 0.5086105 0.53403914
11 0.00044703824 0.62686026 0.50923645 0.67890847 0.6012466999999999
10 0.00044377273 0.6121548000000001 0.4759465 0.6930246999999999 0.56718177
13 0.00044106887 0.63458997 0.48793226 0.76178724 0.5759991999999999
7 0.00043954776 0.0 0.36088443 0.35188955 1.0
1 0.00043117792999999995 0.0 0.50984174 0.2544949 0.9231187
13 0.00042824863 0.40282333 0.48671648 0.47377712 0.543371
8 0.00041895589999999997 0.04138075 0.23907071 0.2884978 0.7470382
2 0.00041783907 0.11705689 0.284142 0.48134404 0.6032061
10 0.00040112190000000003 0.39416426 0.45123005 0.46437496 0.52192783
2 0.00039929297 0.62037516 0.48497546 0.71016586 0.55146456
8 0.00039852803 0.42579490000000003 0.3548848 0.8445975 1.0
1 0.00039592297999999993 0.0 0.51092696 0.2960658 0.75514036
9 0.00039441322 0.6198060000000001 0.4965308 0.6772292 0.5855816999999999
8 0.00039223675000000006 0.3988111 0.47807673 0.7773253999999999 0.9668095999999999
9 0.00039090017999999995 0.50936615 0.5023757999999999 0.5857104000000001 0.55502176
13 0.00039077076 0.47197485 0.48909065 0.5425661999999999 0.5451436
4 0.00039026492999999995 0.49838823 0.47262648 0.5591281 0.53239274
6 0.00038688624 0.52656925 0.50395006 0.6527394 0.5613788000000001
6 0.00038620285000000006 0.45115718 0.8068996999999999 0.6680043999999999 0.9250318999999999
11 0.00038130872 0.59810793 0.5140734 0.6437093 0.60164887
11 0.00037619183 0.63217443 0.47048342 0.6686645 0.5805629
2 0.00036312474 0.53376526 0.51322216 0.92717415 0.76003265
10 0.000361793 0.19077706 0.324681 0.5123013 0.75604784
10 0.0003587487 0.5896083000000001 0.47986433 0.67843056 0.562651
2 0.00035810095000000003 0.03497897 0.30723720000000004 0.422095 0.56246513
9 0.00035686258 0.5887005 0.5006006 0.65692943 0.5657667
4 0.0003566095 0.48652875 0.8008203 0.6547195 0.9232928
3 0.00035480276 0.6903142 0.5166721 0.9250010000000001 0.6916626
5 0.00035151604 0.6010281999999999 0.51173896 0.6767905 0.59518945
1 0.0003390333 0.6134147 0.51074356 0.68959016 0.5663481
1 0.0003388688 0.38153082 0.48533699999999996 0.45666660000000003 0.53621054
11 0.00033755254000000003 0.17674518 0.3551661 0.36493915 0.6537816999999999
13 0.00033547667999999996 0.5722461 0.49842533 0.7459793 0.6647139
13 0.0003354375 0.34999532 0.46191883 0.4240964 0.5136607
11 0.00033369407 0.4996934 0.815222 0.6054965 0.9720143
10 0.00032318875 0.62529075 0.45242438 0.67533886 0.5948715
12 0.00031904157000000005 0.013570458 0.42965704 0.42665815 0.69890326
5 0.00031881202999999996 0.42049974 0.4871218 0.5141226999999999 0.5328444
8 0.00031548982999999995 0.63105834 0.49786308 0.7161443000000001 0.5703522
5 0.0003148375 0.5705988000000001 0.6061667 0.8832899 1.0
13 0.00031367605 0.11334335 0.39103135 0.30164650000000004 0.5298166
8 0.00031345396 0.61591315 0.5057550000000001 0.6869142 0.59745175
10 0.00030827624 0.10855587 0.28687470000000004 0.41191643 0.66572547
1 0.00030805575 0.0 0.47357497 0.33968893 0.7221754
12 0.00030714658 0.5961963 0.38137248 1.0 0.7166246999999999
7 0.00030664282 0.38281279999999995 0.45903240000000006 0.46336640000000007 0.54937387
12 0.00030118157000000003 0.5952849 0.51514816 0.68381256 0.5857770999999999
9 0.00030099216 0.6698459 0.47854179999999996 0.92482287 1.0
4 0.00030006605 0.59543014 0.51061684 0.6667713000000001 0.59374523
1 0.00029594002999999995 0.54673153 0.5163401 0.60551983 0.5593526999999999
2 0.0002958018 0.023753582999999998 0.38481507 0.3842441 0.6377210999999999
9 0.0002954261 0.039603762 0.41715157 0.27228484 0.7130469
13 0.00028999112000000003 0.5488701 0.5898183000000001 0.6295581 0.64970666
7 0.00028234988 0.48556995 0.30048123 0.9643321 1.0
6 0.00028110814 0.59248686 0.49952236 0.7336446999999999 0.5749493
4 0.0002805423 0.033995032 0.40424293 0.39152724 0.741795
1 0.00027848470000000003 0.5625289000000001 0.51600456 0.6247298000000001 0.562802
6 0.00027757279999999997 0.5649658000000001 0.61087966 0.67571896 0.6721581999999999
13 0.00027737024 0.6056081999999999 0.5264373 0.7035868000000001 0.6004149999999999
1 0.00027734812 0.5004383 0.5108372999999999 0.567233 0.5608930999999999
11 0.0002748981 0.6433142 0.48838009999999993 0.69213337 0.5660474
9 0.00027480946 0.46547687 0.48187983 0.5374361 0.53457433
2 0.00026797666000000003 0.39297170000000003 0.46429026 0.4722761 0.53195834
13 0.00026664685 0.4243803 0.48271698 0.49007022 0.5470669
4 0.00026528310000000004 0.6149607 0.48820740000000007 0.6881361 0.5708169
5 0.0002642883 0.53053665 0.5160299 0.6235708000000001 0.56388474
13 0.0002617281 0.32466376 0.48575497 0.46927363 0.6035005999999999
3 0.00025902604 0.34589836 0.46197605 0.43415704 0.53059417
7 0.00025677619999999997 0.0 0.3751261 0.27218112 0.82721394
10 0.0002542486 0.08047119999999999 0.42351755 0.4694183 0.79893464
1 0.0002535512 0.09148666 0.42928663 0.45099816 0.6930824000000001
4 0.0002528146 0.59933823 0.48847237 0.6666494000000001 0.56231517
7 0.00024805835 0.6202605 0.4103888 1.0 0.82714635
9 0.00024657356 0.39140356 0.47048533 0.47425652 0.53148955
4 0.00024390857999999997 0.60960627 0.5066897 0.68363464 0.59800076
11 0.0002437657 0.80137527 0.48952340000000005 0.98077834 0.89640236
11 0.0002424115 0.5698518 0.49398306 0.6118346 0.56589806
9 0.00024214330000000002 0.0722927 0.5187857 0.32794398 1.0
12 0.0002387163 0.5015875 0.49239397 0.58869946 0.5497201
10 0.00023664092999999998 0.7641671999999999 0.48833240000000006 1.0 0.87569064
1 0.00023194017000000003 0.49085867 0.39341235 0.84725916 0.8555971
12 0.00023163007999999998 0.62126786 0.48713770000000006 0.7190272 0.5672734
8 0.00022626232999999998 0.089946434 0.3080724 0.4497481 0.9322188
9 0.00021968172000000002 0.60207456 0.52568144 0.6767065 0.5940803000000001
10 0.00021843755 0.5146627 0.48918253 0.58447284 0.5608947
