3 0.9982413 0.01353249 0.317676 0.20169419 0.6888135999999999
3 0.9919498 0.6216742 0.3248594 0.92001975 0.60666454
3 0.9735082 0.9180109000000001 0.40175659999999996 0.9942964 0.47507006
3 0.9678266 0.23090301 0.4072514 0.29664657 0.5066096999999999
3 0.6154586999999999 0.17380068 0.39005277 0.25457725 0.44701248
3 0.5421020999999999 0.38634947 0.40269166 0.43344668 0.48649386
3 0.31806463 0.3186731 0.39604354 0.359687 0.4557617
3 0.18202449999999998 0.1802477 0.40576799999999996 0.26024613 0.52919316
3 0.14826335 0.16611868 0.40216690000000005 0.26639062 0.48562947
3 0.12583388 0.17730157 0.3841394 0.2953766 0.52517194
8 0.12075334 0.5844874 0.33913174 0.93086904 0.6339345000000001
8 0.11250759 0.38089964 0.39650604 0.44011279999999997 0.48870543
3 0.10417602 0.024974688999999998 0.31132302 0.20145752 0.5313803
8 0.06462318 0.54344994 0.4355929 0.6235649999999999 0.50959533
8 0.059571955 0.16714278 0.37805545 0.3011765 0.54610527
3 0.043557577 0.5599236 0.4324456 0.63188 0.5184686
8 0.04088721 0.31109115 0.39192238 0.362209 0.46187434
3 0.037712075 0.20063768 0.39794564 0.2748684 0.49192986
8 0.037332382000000004 0.0 0.2902052 0.208971 0.7812263
3 0.028724547000000003 0.19468269 0.39128509999999994 0.27331874 0.44860756
8 0.027000818 0.0011325479 0.34461054 0.24069048 0.6956539
3 0.025503846 0.14324996 0.37277314 0.25930512 0.5535166
13 0.016265603 0.36719766 0.421879 0.44975290000000007 0.48022609999999993
8 0.014339703 0.22295117 0.4214959 0.29317695 0.5096924
3 0.012929511000000001 0.19076008 0.42756835 0.2683123 0.5466028
8 0.012696987 0.26507315 0.38426659999999996 0.3209869 0.45445883
8 0.012254898 0.17432624 0.42402902 0.24904728 0.52817285
3 0.01184193 0.016814873 0.29966274 0.16795155 0.4263822
3 0.010487405 0.8925455 0.38674873 0.9985835999999999 0.50933105
13 0.009175822 0.22345404 0.44352898 0.31326425 0.50990385
8 0.008019595 0.15595229 0.36294982 0.27906123 0.5164546
13 0.007915092 0.5246134 0.42690983 0.8883953000000001 0.6673153000000001
13 0.007861050999999999 0.16695467 0.42023829999999995 0.32925937 0.56517726
3 0.006868194 0.20734268 0.38690177 0.3166982 0.50320613
8 0.0063035986 0.16237284 0.41130772 0.24726324 0.48497862
8 0.0059729354000000005 0.17645021 0.39185107 0.25274795 0.4555902
3 0.0057282876000000005 0.21018645 0.41446662 0.28439498 0.51282376
13 0.0054342775 0.2980403 0.40361515 0.36660590000000004 0.45489016
3 0.0053656693000000005 0.032725386 0.33158082 0.2745239 0.6546692
13 0.0052050804 0.17982644 0.39201853 0.25507894 0.4690388
3 0.0046439795 0.6709285 0.30231890000000006 0.8971853000000001 0.47797510000000004
13 0.0045587095 0.62603337 0.3038877 0.9905179000000001 0.6797906
13 0.0044712136 0.31100473 0.39397997 0.38182214 0.45646524
8 0.004470877 0.158628 0.43324940000000006 0.23694457 0.51594687
7 0.004445372 0.35787788 0.4097603 0.4501693 0.49386746
8 0.003779942 0.61837286 0.21497226 0.9091826 0.65038395
13 0.003669827 0.20679216 0.42029837 0.30337203 0.50387657
6 0.0035550022 0.3595928 0.41257098 0.46987873 0.48159695
13 0.0034338190000000003 0.0 0.37881723 0.29015508 0.71251184
5 0.0033528222999999998 0.32790053 0.42545962 0.44407856 0.47849783
3 0.0031951412 0.27273405 0.38012847 0.32588762 0.4482759
5 0.0030962015000000004 0.45436794 0.42346123 0.8660808000000001 0.6802198
8 0.0028506075 0.02384068 0.3003514 0.29206163 0.8563554
8 0.0028209771999999998 0.9088641 0.4042583 0.99542576 0.47626868
8 0.0027696765 0.19392827 0.40663344 0.26830247 0.5058201
7 0.0025642645000000003 0.29121494 0.38872042 0.3775792 0.46204424
4 0.0023832573000000003 0.39127964 0.39588624 0.45410728 0.48450607
7 0.002287445 0.22044098 0.40273246 0.320216 0.49998420000000005
7 0.0022382147 0.2163125 0.4352094 0.30473676 0.5236405
11 0.0022178288 0.37832722 0.41586083 0.42227075 0.48933077
5 0.0021264318 0.18613699 0.443478 0.30452186 0.5148415
11 0.0021140906 0.5509826 0.28106683 0.7862408000000001 0.69895494
9 0.0021098392999999997 0.70543253 0.30074215 1.0 0.54361546
13 0.0020775162 0.54491717 0.43881956 0.63524693 0.51447266
3 0.0020234992000000003 0.22804831 0.39439508 0.30009255 0.46194184
2 0.0019804407000000002 0.37582383 0.4166742 0.46138440000000003 0.4666861
11 0.0019792619 0.6025038 0.307409 0.85711443 0.75628895
1 0.001975655 0.43002826 0.4383223 0.8124965000000001 0.6577956
6 0.001889019 0.21355768 0.44178584 0.31040123 0.5085003
9 0.0018150788 0.37683415 0.41049638 0.46691507 0.47541788
8 0.0017901351999999998 0.87476826 0.3688268 1.0 0.52461714
6 0.0017825675 0.49513865 0.44134313 0.96652544 0.70172143
2 0.0017627588 0.3089372 0.39019117 0.37612814 0.4345174
7 0.0016954098000000002 0.43429127 0.348963 0.9102620000000001 0.75440586
7 0.0016782697 0.090253 0.39487140000000004 0.29947117 0.5891499
13 0.001644919 0.22153734 0.4359065 0.2900205 0.5261937
1 0.0016318433 0.36990413 0.42716232 0.44119135 0.4835271
13 0.0016179114000000002 0.17634052 0.4242603 0.25157323 0.53548527
11 0.0015906097 0.39221847 0.41746140000000004 0.44018787 0.48933274
13 0.0015822195000000001 0.90021956 0.42384565 0.99684393 0.48334154
2 0.0015735073000000001 0.5377428000000001 0.37115613 0.9592884 0.6221563
3 0.0015477120000000001 0.69816554 0.32276276 0.9327681999999999 0.5441594
9 0.0015311493 0.6129439999999999 0.3959292 0.89732695 0.6673306999999999
1 0.0015213257999999999 0.3500913 0.42870063 0.42752525 0.47903909999999994
7 0.001507389 0.18725474 0.41252002 0.24824493 0.53443295
9 0.0014815705 0.021808802999999998 0.34693363 0.3386132 0.6165641
7 0.001433145 0.0 0.30533940000000004 0.3081572 0.74330354
7 0.0013961395000000002 0.17255020000000001 0.38009453 0.26750619999999997 0.46385622
6 0.0013480824 0.20908335 0.4143367 0.30695716 0.4893507
13 0.0012810293 0.3576085 0.40065157 0.440296 0.47036859999999997
7 0.0012730478 0.66401666 0.23267704 0.9952219000000001 0.62947834
1 0.0012705332 0.20252076 0.43144269999999996 0.28182855 0.49146044
12 0.0012490448 0.3757612 0.40546596 0.4602005 0.46615654
8 0.0012441302 0.58316195 0.3136473 0.9493896999999999 0.8491438
2 0.0012115369000000001 0.16578466 0.36901426 0.35885686 0.515932
1 0.0011992952 0.30085728 0.40405545 0.35749087 0.44901610000000003
6 0.0011781464999999999 0.111588754 0.41424802 0.35036016 0.5513023
11 0.0011649894 0.17518644 0.37034336 0.2965552 0.5722285
2 0.001153164 0.21977527 0.4052571 0.30765766 0.46132985
13 0.0011084810000000001 0.0 0.31272548 0.16677523 0.5169762
2 0.0011080474 0.18028167 0.37574083 0.26561287 0.43973312
9 0.0010817734 0.6217736999999999 0.2595903 0.91923845 0.5367066999999999
3 0.0010780651 0.6336596999999999 0.29568490000000003 0.82542026 0.44470486
13 0.0010751862 0.14680952 0.43546262 0.2518629 0.51982254
12 0.001043382 0.6461805 0.2440427 1.0 0.5793202
5 0.0010320854 0.20643407 0.43432724 0.28345007 0.5321044
11 0.0010155583 0.23270907 0.44122079999999997 0.28223434 0.52473044
1 0.0010009586 0.643425 0.3405308 0.96646833 0.5872639000000001
7 0.0010005155 0.1577915 0.40057123 0.24453327 0.49099725
13 0.000997707 0.16966707 0.41152659999999996 0.25748897 0.49503654
6 0.0009906063 0.28542244 0.39115465 0.38523585 0.45118704
7 0.000983308 0.37194479999999996 0.38755 0.45762044 0.46532372
10 0.000978976 0.19389251 0.40892443 0.2518541 0.5245284
4 0.0009782397 0.23974806 0.41444960000000003 0.3120231 0.51998025
12 0.00096557225 0.23832908 0.3992127 0.3216972 0.47376743
1 0.0009523998 0.12256639 0.43166462 0.29380304 0.5520994
1 0.0009486404600000001 0.13626829 0.40123600000000004 0.29932743 0.5160764
7 0.0009442567 0.17046526 0.41465548 0.23365589999999997 0.5382698
9 0.0009355455 0.59089756 0.28295445 0.8536530999999999 0.57678837
13 0.0009241694999999999 0.22706746 0.40436512 0.29833627 0.51805866
6 0.00091315317 0.18982734 0.43382367 0.27086493 0.520139
7 0.00090503704 0.15842865 0.43194940000000004 0.24628161 0.5191534999999999
1 0.0008911666000000001 0.22823714 0.43184602 0.2940812 0.49148458
9 0.0008910462 0.17020307 0.38433778 0.33616567 0.5213009
4 0.0008856635 0.37322238 0.39879146 0.4356424 0.48028067
11 0.0008645036 0.22667256 0.42105675 0.27059236 0.49546465
11 0.0008585046 0.19782537 0.3408097 0.31644479999999997 0.54031545
11 0.0008576746000000001 0.58336794 0.27741220000000005 0.7668034 0.5878850999999999
1 0.0008560578599999999 0.43682283 0.33270243 0.81934243 0.56736416
9 0.0008558866 0.57044756 0.34224552 0.82475305 0.6467616
11 0.0008492361999999999 0.23389208 0.39530846 0.2708758 0.5054496
5 0.0008474963000000001 0.17871778 0.42284837 0.30520487 0.48608357
5 0.0008378660400000001 0.43503988 0.35282746 0.8704530999999999 0.5723933000000001
8 0.0008340718 0.11328244 0.37618878 0.24236846 0.5667251
9 0.0008339493700000001 0.30836606 0.39458913 0.37839305 0.45258009999999993
11 0.0008319438000000001 0.23104823 0.40510809999999997 0.27463794 0.5449143
7 0.0008278855000000001 0.46059194 0.24599139999999997 0.8512075000000001 0.6655848000000001
13 0.0008130215600000001 0.16330713 0.40114520000000004 0.23446876 0.5149183
1 0.00080456625 0.18785042 0.44655117 0.25023013 0.53219545
12 0.0007963747999999999 0.19756712 0.42598587 0.25520268 0.5267470000000001
11 0.00078913115 0.15997644 0.34611046 0.26979309999999995 0.5461020000000001
13 0.00078754884 0.0 0.38138938 0.18130198 0.56750214
1 0.0007849984 0.0 0.43872294 0.25512108 0.70361465
13 0.00078251417 0.1999547 0.39834496 0.2678797 0.515517
4 0.0007815589 0.060435995 0.31422990000000006 0.34313005 0.702238
1 0.0007772478 0.1728374 0.44523737 0.22956654 0.53106606
12 0.00076505163 0.23907150000000002 0.42694315 0.32310170000000005 0.49731997
13 0.0007644967 0.53621626 0.30003634 0.9103532 0.6429701
8 0.00074875425 0.15935929999999998 0.39076075 0.23201309999999997 0.45346186
2 0.0007471857000000001 0.15277860000000001 0.3450216 0.33235349999999997 0.49239859999999996
12 0.0007467654700000001 0.30150482 0.38617224 0.37601843 0.44136736
1 0.0007323398 0.17895189 0.4049282 0.25040296 0.45655790000000007
1 0.00072961545 0.21102265 0.45774385 0.28772578 0.51482445
5 0.0007247126 0.27721694 0.40695027 0.37499306 0.44790116
10 0.00072394556 0.17824106 0.41461667 0.23677821 0.5222294
5 0.00070477015 0.0 0.41924456 0.32097808 0.68112594
12 0.0006987483 0.18461703 0.41995338 0.24101911 0.52700406
7 0.0006927732000000001 0.21623504 0.38039747 0.28389317 0.52348804
11 0.00067834137 0.25332233 0.44290447 0.30258074 0.5205462000000001
11 0.000676321 0.21658728 0.36132059 0.33858737 0.5692121
4 0.0006753369999999999 0.7222906 0.25978053 1.0 0.5790979
6 0.00066417636 0.16937916 0.43995905 0.26342702 0.50478464
5 0.0006593361 0.1743349 0.4414322 0.25757942 0.5309033000000001
9 0.0006582376 0.32372648 0.39652354 0.39969546 0.45081509999999997
10 0.0006552023999999999 0.5646694 0.4293745 0.6460651 0.50785905
2 0.0006540008 0.18336642 0.42015746 0.24976787 0.51400304
13 0.0006405776999999999 0.25419664 0.38725367 0.33848429999999996 0.44851342
6 0.0006405143 0.09437360000000002 0.38699532 0.37205136 0.52456445
5 0.0006343863 0.09831726 0.41973585 0.2936361 0.56224936
9 0.00063056883 0.21343672 0.4093533 0.31058306 0.4823335999999999
6 0.000628478 0.3655614 0.3931929 0.45773444 0.45656443
4 0.0006278539 0.19070616 0.40541953 0.24670106 0.5237609000000001
2 0.0006216802 0.010142818 0.28119025 0.30163264 0.59160656
7 0.00061659585 0.23560932 0.37538737 0.30221072 0.5240323
1 0.00061650306 0.31739065 0.40493578 0.37559763 0.45100442
11 0.0006149718 0.32004094 0.39434093 0.3573963 0.45369402
13 0.0006112903 0.8933232 0.4048985 0.9859251 0.47169963
5 0.00061127386 0.61343527 0.35441044 1.0 0.60911226
5 0.00060130056 0.20365973 0.41609135 0.29145333 0.49577132
4 0.0006002564 0.5620166 0.38978195 0.9081587999999999 0.69459707
12 0.0005943746 0.56753373 0.43469656 0.6494123 0.50272596
9 0.0005887418 0.38350642 0.39409718 0.46419399999999994 0.45667299999999994
12 0.0005865720400000001 0.0 0.29172042 0.34502423 0.6116371
10 0.0005809689 0.37478262 0.40010786 0.45805526 0.48088652
6 0.0005803003 0.0 0.36435282 0.3723704 0.70658976
2 0.00057743903 0.16340795 0.40870568 0.2557449 0.46879905
1 0.0005714988 0.15795626 0.40541166 0.23525937 0.4522776
2 0.00056735787 0.20976204 0.43418014 0.30150187 0.4929774
4 0.0005618011 0.22070789999999998 0.41807762 0.29199250000000004 0.5171979
3 0.00055981043 0.06092932 0.34545788 0.23840725 0.57477313
4 0.0005544337 0.24082807 0.40158590000000005 0.31179008 0.48410538
4 0.00055312744 0.20363703 0.39247793 0.36297753 0.57006544
13 0.0005525105 0.0 0.4025657 0.19408053 0.94094956
3 0.0005499144 0.05315341 0.40804353 0.30918038 0.8343466
3 0.0005495013 0.16618137 0.4338526 0.25165486 0.5446340999999999
1 0.0005435386 0.23570158 0.45905134 0.3027275 0.5173871
2 0.0005381425 0.3860784 0.3870295 0.45760146 0.43194014
4 0.00053649565 0.21690243 0.40211240000000004 0.29065758 0.48271814
7 0.0005328631 0.88553834 0.40616882 0.98350644 0.49627224
13 0.0005276002 0.12990879 0.39673492 0.3030982 0.53553367
8 0.0005250895 0.16426864 0.45402613 0.23269272 0.5248146
4 0.0005241865 0.41296172 0.38592336 0.4723840999999999 0.48979846
1 0.0005068403 0.15887731 0.43006579999999994 0.2402851 0.48214809999999997
13 0.0005054864499999999 0.07458186 0.43187259999999994 0.2648228 0.5616971
6 0.00050535897 0.14558071 0.38439393 0.3004603 0.46256590000000003
10 0.00050325843 0.157971 0.42983000000000005 0.24685204 0.50657994
6 0.00048872735 0.16117468 0.41603140000000005 0.2773361 0.48122942
13 0.0004834043 0.91363454 0.39740178 0.9751791999999999 0.49398053
7 0.00047721864999999996 0.89037514 0.3801822 0.98576593 0.47210762
2 0.00046716654000000004 0.15815398 0.4377135999999999 0.25131318 0.49381986
10 0.00046608012 0.21330035 0.40407259999999995 0.31394040000000006 0.4798104
11 0.00046595797 0.18698359 0.42523882 0.2248264 0.527071
2 0.00046480453000000003 0.6818414 0.1967335 0.99022555 0.54204255
1 0.00046406483 0.16594353 0.45319378 0.24132039999999996 0.5111224
2 0.00045699626 0.19293973 0.39126718 0.25295332 0.47961628
1 0.00045006800000000003 0.3678347 0.4047156 0.4287485 0.45207474
11 0.00044926724999999997 0.20298904 0.4285241 0.24037352 0.5229176
9 0.00044889332000000004 0.23926350000000002 0.40486374 0.30597594 0.49732107
11 0.0004421646 0.24591331 0.42362219999999995 0.28728694 0.4925933
11 0.0004404186 0.9205278 0.40685886 0.97043884 0.48938784
10 0.0004367015 0.17693689999999998 0.39152706 0.23699623 0.49046442
9 0.0004357512 0.22297102 0.42991737 0.30958337 0.50289303
1 0.0004349999400000001 0.5587013000000001 0.30948305 0.9203136000000001 0.5526094
1 0.00043247358 0.21633025 0.42389393 0.27550933 0.50622636
12 0.0004242939 0.38064742 0.38540238 0.46105933 0.44319707
8 0.00042242364999999995 0.086628124 0.3840961 0.3510934 0.88234824
1 0.00042228961999999997 0.18536651 0.41953462 0.2478391 0.50191164
7 0.00042184346 0.55298185 0.19350217 0.89000654 0.5946345000000001
8 0.00041817294999999997 0.014504336000000001 0.45472349999999995 0.1425136 0.6173644
11 0.000417348 0.18660624 0.37699866 0.23381098 0.45528279999999993
9 0.0004164485 0.19389778 0.39241353 0.26882544 0.46117714
5 0.00041634555 0.0 0.4267148 0.2986884 0.828889
12 0.0004157658 0.22554141 0.38630995 0.29135096 0.49174485
6 0.000415167 0.44785142 0.30508959999999996 0.9186356 0.58713293
12 0.00040633394 0.19374472 0.38893540000000004 0.25667968 0.50174624
1 0.00040539558 0.16893868 0.42078105 0.22840144 0.49634700000000004
12 0.00040425089999999997 0.18006095 0.37854564 0.26963803 0.4518857
6 0.0004021206 0.55576545 0.446358 0.6687482 0.5063789000000001
10 0.00040186042000000003 0.21236551 0.42823622 0.3059094 0.518857
6 0.00040082184999999995 0.56088245 0.2702559 1.0 0.5959618
5 0.00039911273000000003 0.17786269 0.4163343 0.24949957 0.50607747
7 0.00039759123999999994 0.55904895 0.43703017 0.6403181 0.5107942
6 0.0003965575 0.16966651 0.40796733 0.25591284 0.49729025
1 0.00039597117999999994 0.0 0.3751308 0.23844175 0.64490646
3 0.00039291356 0.59098375 0.39443347 0.65833473 0.47066456
9 0.00039084879 0.036849022 0.21185656 0.1846482 0.8094007
4 0.00038766180000000003 0.32188264 0.3872879 0.37241778 0.44976759999999993
9 0.0003870437 0.19144003 0.42828974 0.255031 0.52608967
4 0.00038626784 0.16506198 0.39605227 0.30991918 0.5635091999999999
1 0.00038318 0.21684456 0.4517765 0.27864835 0.53691196
13 0.00037724864999999995 0.15030785 0.39609286 0.23613544 0.46592146
11 0.00037445693 0.76787984 0.251567 0.95376635 0.5673710999999999
4 0.000372783 0.18699425 0.36906809999999995 0.33832216 0.5353460999999999
13 0.00037130800000000004 0.17400777 0.46962879999999996 0.25998327 0.53347796
1 0.0003650989 0.5487674 0.4621902 0.6295834 0.51159817
8 0.00035848745000000004 0.22088355 0.3930451 0.2842862 0.4626093
10 0.00035788398 0.19628102 0.3865398 0.25310493 0.4930634
11 0.0003575279 0.18527116 0.3898815 0.22006367 0.49491486
12 0.0003561596 0.55755043 0.3302893 0.95507777 0.62274903
12 0.0003559839 0.5357821999999999 0.23761728 0.9378101999999999 0.52659523
9 0.0003558875 0.06261336 0.39328057 0.30618575 0.7089017
12 0.00035465052 0.39635175 0.4063375 0.47481602 0.47217682
2 0.00035425252 0.17916363 0.39225802 0.2387917 0.47641134
13 0.00035376835 0.019319608999999998 0.20883209 0.21460100000000001 0.8952939
1 0.00035046837999999994 0.46946603 0.27821743 0.86786515 0.48168188
11 0.00034878970000000003 0.18108374 0.41210476 0.22708532 0.48355442
2 0.00034762625 0.015202156999999999 0.322774 0.20566788 0.88657796
12 0.00034414165 0.5408268 0.16879483 1.0 0.48533642
12 0.00034052837999999993 0.12982166 0.35381746 0.3633897 0.5065967
9 0.00033965497 0.5602814 0.45038667 0.6509448 0.50826293
8 0.00033944176 0.005946122 0.32405585 0.14469531 0.49875703
1 0.00033526352 0.65825397 0.41324979999999994 0.9869457 0.65819126
5 0.00033391835 0.881181 0.4179232 0.98682916 0.4867576
13 0.00033048940000000003 0.6930305999999999 0.35926009999999997 0.9159565999999999 0.50844556
1 0.00033026177000000006 0.88862944 0.40656802 0.97020614 0.45593378
5 0.00032829779 0.13506189999999998 0.44924128 0.2581653 0.5100608
5 0.00032626613 0.49999315 0.33090585 0.95007366 0.53451896
2 0.0003261784 0.5553538 0.43261454 0.6370744 0.50065136
9 0.00031090787 0.2263375 0.40123478 0.28441137 0.5034801999999999
4 0.00030806227 0.19088458 0.38312718 0.26488784 0.45455626
4 0.00030634567 0.57137704 0.43147367 0.6371149 0.5112587000000001
6 0.00030353304 0.89811057 0.42327467 1.0 0.48181492
4 0.00030329693 0.17096476 0.42717034 0.24351613 0.5133310000000001
13 0.00030026748 0.86048794 0.3976824 0.99604857 0.5350602
9 0.00029952126 0.17715645 0.39042017 0.24555229999999997 0.46132708
3 0.00029816793 0.6710576 0.28751582 0.85093355 0.41383842
1 0.00029253133 0.019302614 0.40024582 0.17733228 0.5370349
5 0.00029146674 0.14039053 0.39834663 0.24811141 0.45586967
1 0.00029132637000000005 0.89625967 0.43428409999999995 0.9784653 0.48935870000000004
7 0.00028257945 0.19875064 0.38132805 0.26681509999999997 0.51848495
4 0.00028165942 0.34061232 0.3843228 0.3889877 0.45056596
7 0.00028119283 0.13895577 0.3737058 0.3535683 0.5605909
10 0.00028076774 0.16695668 0.40571892 0.2585975 0.47712746
10 0.00027991072 0.3068876 0.37901599999999996 0.3724558 0.44820568
11 0.0002743434 0.20582637 0.37684953 0.25452298 0.45580393
5 0.00026768673 0.14124526 0.41980730000000005 0.25028747 0.48640075
10 0.000262377 0.7160435 0.18007787 1.0 0.5631425
11 0.00026171467999999996 0.20290345 0.38682990000000006 0.23894876 0.5009073
13 0.0002612203 0.19070849 0.44724438 0.2847063 0.5130199000000001
2 0.00025784093 0.54329985 0.29893064 0.93754154 0.5601923000000001
