3 0.9945739 0.047658343 0.5205434 0.16157737 0.7198729
3 0.9721076999999999 0.72866493 0.5317415 0.81025976 0.5944355
3 0.947924 0.5579748999999999 0.5116659 0.6657316999999999 0.6099614999999999
3 0.93777233 0.18152648 0.49848032 0.2932657 0.6741855
3 0.62512743 0.29897982 0.5306088999999999 0.48475528 0.75188833
8 0.3397082 0.16282629999999998 0.5133207999999999 0.29676467 0.6868647
3 0.13651109 0.6528901999999999 0.5163374 0.70986664 0.59261906
8 0.10101082 0.2792365 0.48855326 0.52574366 0.8138586999999999
3 0.08826146 0.51973623 0.5285922 0.5671608 0.58977467
8 0.07938793 0.53787535 0.49148312 0.69864386 0.6144206999999999
3 0.07739611 0.0020744093 0.520107 0.07932934 0.8023366
3 0.056439403 0.66648245 0.5132266 0.7240489999999999 0.5920206
8 0.049840345999999994 0.31940234 0.54538244 0.47222883 0.7557755
8 0.048599653 0.65570396 0.50973696 0.7224807 0.59351915
3 0.043017797 0.00776802 0.5230735 0.04777907 0.5822034
8 0.037522275 0.51196253 0.5255846 0.5631522 0.5945028
8 0.036336046000000004 0.017116532 0.479152 0.16157609 0.76616484
8 0.023477636 0.56308913 0.5146229 0.6612859000000001 0.61122686
8 0.022522096000000002 0.051504817 0.516713 0.17282893 0.7344696999999999
3 0.020396533999999997 0.53100854 0.521254 0.60283905 0.5939139
3 0.01993652 0.546359 0.5130871 0.6371165 0.5964835
3 0.018199256 0.62920094 0.50861895 0.69615316 0.59367883
3 0.015883971 0.027932946 0.48152918 0.12656935 0.78698015
13 0.015530212 0.21247074 0.5825488 0.5620613 0.82402307
8 0.012855678999999998 0.0020551905 0.57107294 0.08207259 0.78136426
3 0.012579387 0.6749215000000001 0.5044632 0.727496 0.5706283000000001
8 0.011164738 0.7904800999999999 0.5016712000000001 0.86605793 0.6002405
8 0.011094622 0.6285386 0.5022814999999999 0.70174503 0.60358936
3 0.008344846 0.004351262 0.5408218000000001 0.053262964 0.6074798
13 0.008258395 0.16280887 0.5177825 0.3524268 0.6704827
8 0.008030648 0.30816397 0.5909291999999999 0.448899 0.7470791
8 0.0077820993 0.74507236 0.46319956 0.8919244000000001 0.61765635
9 0.007516769699999999 0.3269884 0.5619653 0.506179 0.70791084
3 0.007479795 0.57398516 0.5020874 0.6698223000000001 0.56862855
13 0.0072001009999999996 0.022993997000000002 0.5545210999999999 0.21096419 0.72454077
8 0.0071349917 0.54490817 0.5204916 0.6401886999999999 0.59633934
3 0.0067935595 0.19292669 0.4927268 0.28029203 0.5502486
13 0.0066046794 0.12945116 0.5664984000000001 0.3174638 0.6713657
8 0.0060259057 0.04429341 0.45095667 0.22888875 0.7819267
12 0.0055133114 0.33189726 0.58054876 0.5188079000000001 0.726168
9 0.005115734 0.17785318 0.51808065 0.3757379 0.6344556
13 0.00505165 0.26601985 0.59904224 0.5232316 0.74222785
7 0.004572999 0.15055507 0.47358137 0.34638393 0.66869617
8 0.0044085435 0.6421857 0.50487095 0.7026243000000001 0.57622486
8 0.004314094 0.7203241 0.5307816999999999 0.80753785 0.59437305
9 0.0038996502000000002 0.28557259999999995 0.5493392 0.5751236999999999 0.82654464
9 0.0038507159999999997 0.29948992 0.53957707 0.48668432 0.6818424
13 0.0038397141999999998 0.0 0.619775 0.12012619 0.7659294
7 0.0035202123999999997 0.13531193 0.51469046 0.56548834 0.9037755
4 0.003429938 0.34614193 0.56354743 0.48976040000000004 0.74870384
6 0.0033479617 0.29711267 0.5999616999999999 0.507339 0.7531074999999999
13 0.0033349362 0.579635 0.5201880999999999 0.65845025 0.6264524
1 0.003297565 0.3001594 0.60193366 0.46053267 0.73382396
12 0.0032486309999999997 0.32609590000000005 0.5111882999999999 0.5019840999999999 0.67860085
5 0.003203666 0.059907332 0.5549126 0.3085279 0.681737
13 0.0031319521000000004 0.26884553 0.55982333 0.48017994 0.7245809
7 0.0031313804999999998 0.29185490000000003 0.5849201999999999 0.45910808 0.7698869
3 0.003112282 0.31974941 0.508352 0.4877863 0.6468008000000001
5 0.0031065140000000003 0.23074898 0.60193527 0.5006952 0.74134946
9 0.0030730104 0.14164093 0.50304097 0.29649892 0.63703126
7 0.0030414478000000003 0.09355297 0.49977425 0.2962572 0.6923984000000001
13 0.0030281895000000003 0.5043151 0.5399951 0.5653189000000001 0.59159493
4 0.0028011943 0.22620727 0.48400870000000007 0.37570393 0.6886439999999999
8 0.0027670290000000003 0.52737117 0.5159595 0.5967498 0.601518
2 0.0027531406 0.19050533 0.50270104 0.6165098000000001 0.7696633
11 0.0026636906 0.15850006 0.5208022 0.27004528 0.7150666
3 0.0026483356 0.0023933277 0.61133057 0.07362661 0.7656748999999999
1 0.0026052638 0.27015343 0.57515746 0.4306244000000001 0.69806707
1 0.0025966293 0.13623945 0.51902884 0.29482293 0.6425163
12 0.0025635995 0.17487851 0.50119513 0.37297670000000005 0.64324874
8 0.0024958027 0.32128320000000005 0.36101500000000003 0.8158363000000001 0.90944237
8 0.0024709643 0.3068852 0.5108606 0.45272455 0.71362853
6 0.002451819 0.11299162 0.563708 0.3118867 0.68807656
1 0.002440269 0.17468955 0.5511794 0.3231991 0.6739122
1 0.0024249225 0.16992620000000003 0.5437261 0.51631045 0.8142455
9 0.0024094572 0.1543625 0.52885103 0.3355421 0.6740710999999999
13 0.0023592312 0.52997345 0.52582675 0.63219506 0.60082155
12 0.0023486952 0.14089838 0.47237837 0.35734499 0.6108677
13 0.0023351298000000003 0.6342909000000001 0.5357154000000001 0.71816105 0.59049875
2 0.0022803773 0.17285237 0.4646012 0.35241565 0.59371346
5 0.002121296 0.124503285 0.5775736 0.5304439999999999 0.80684406
13 0.002068711 0.27905690000000005 0.5453111999999999 0.503247 0.88474256
7 0.0020247202 0.30902140000000006 0.54517186 0.48138690000000006 0.7460001
2 0.0020073603 0.18488431 0.48771033 0.36658179999999996 0.6356118000000001
13 0.0019180875 0.003603898 0.5899065 0.14472783 0.72906035
3 0.0018863104000000001 0.80496806 0.50895566 0.8797527 0.6133826
4 0.0018829292 0.18921056 0.47856677 0.3344327 0.6339119000000001
4 0.0018748501999999998 0.18020242 0.5225088 0.33285528 0.7004132
13 0.0018427286999999999 0.5656019 0.5230029 0.682713 0.6078223
2 0.0018332801 0.31381556 0.5291694 0.4968398 0.65084606
11 0.0018016310999999998 0.30469278 0.47392157 0.5352076 0.8589336999999999
7 0.0017909848 0.14884636 0.5240245 0.35434893 0.7121805999999999
13 0.0017586459 0.73555475 0.5306227 0.81776005 0.6034482
13 0.0017574616 0.15614212 0.5733705 0.34085536 0.69973344
6 0.0016895023000000002 0.12562244 0.5200509 0.40301679999999995 0.6733244
10 0.0016771241000000001 0.2841336 0.5536625 0.48250514 0.7583589
8 0.0016719836 0.013083816000000002 0.5618619 0.12104848 0.7598611
7 0.0016423478 0.027750947 0.5073135999999999 0.24156395 0.71960384
8 0.0016329195000000002 0.56737846 0.5060318 0.65620905 0.57050216
1 0.0016258132000000001 0.09674834 0.54889077 0.26316059999999997 0.66425353
8 0.0015714925 0.033025198 0.53108704 0.14590612 0.707616
11 0.0015699846 0.19197387 0.5172132 0.31380690000000006 0.71078306
3 0.00156618 0.0042369999999999994 0.5354933000000001 0.06773335 0.7354976
6 0.0015257854000000001 0.29001495 0.55163103 0.48484520000000003 0.7024687
4 0.0014799325 0.3653925 0.5269946999999999 0.51286596 0.6845643
7 0.0014578435 0.49794227 0.5261283 0.57266563 0.59335524
9 0.0014439 0.27389982 0.46932805 0.5395286 0.7702161
6 0.0013865645999999998 0.14530420000000002 0.5613076 0.5938834 0.84775287
8 0.001360642 0.011089598999999999 0.64970016 0.054132104 0.73966694
1 0.0013158934 0.06260552 0.5754073000000001 0.20781750000000002 0.69932574
2 0.0013080033 0.30859625 0.56105113 0.5094304000000001 0.6879566
9 0.0012879203 0.31205502 0.4939057 0.48792657 0.849951
5 0.0012496675 0.11094342 0.5426904 0.39225054 0.66912895
2 0.0012265992 0.1231731 0.5026725000000001 0.32816009999999995 0.6250616
5 0.0012142814 0.23630044 0.569671 0.47779158 0.67936933
3 0.00118898 0.7716297 0.49065945 0.90137684 0.6189859000000001
13 0.0011778817 0.18440682 0.50086427 0.3219852 0.71375257
5 0.0011654844 0.088767186 0.5206916 0.3422991 0.6268245
7 0.0011502844 0.20143129 0.39890322 0.5077628 0.9687931999999999
2 0.0011392861 0.15465587 0.5303945 0.35726196 0.6540937
7 0.0011238952 0.33389977 0.5179067 0.50499964 0.7167551999999999
9 0.0011223993 0.055774002999999996 0.54507375 0.26717670000000004 0.6669607
2 0.0010806776 0.29323299999999997 0.58917254 0.48527232 0.7141795
13 0.0010707695 0.5588703 0.51491874 0.6339705 0.6268267
4 0.0010622893 0.32044387 0.5358334 0.4729452 0.6850345
13 0.0010491024 0.7191576999999999 0.5320931 0.7945678 0.6018503000000001
1 0.0010173384 0.14300239 0.47601548 0.48089218 0.7395493000000001
11 0.0009846481 0.5706978 0.5190962 0.6317649000000001 0.6007642
7 0.0009675532300000001 0.0 0.55526996 0.19993107 0.75063056
1 0.0009505838 0.14672520000000003 0.57154834 0.30887604 0.6977787
2 0.0009502552599999999 0.50488913 0.5255576 0.5838518 0.57235944
3 0.0009311822 0.055912517 0.5377187 0.16239071 0.65952075
13 0.0009109546699999999 0.0 0.65800023 0.09110001 0.7259332
11 0.00088681513 0.32757857 0.37914792 0.4604968 0.86892855
11 0.00088650023 0.59730643 0.48511509999999997 0.6378923000000001 0.61151797
13 0.00088592066 0.61415243 0.53906775 0.70389855 0.59518176
6 0.00088417623 0.10087942 0.48891482 0.34918022 0.65749615
6 0.0008790565 0.0 0.5388321999999999 0.2901395 0.6995496
4 0.0008693510300000001 0.29596406 0.500474 0.594209 0.8148877
12 0.00085639034 0.18794926 0.46858999999999995 0.6544751999999999 0.7491985999999999
6 0.00083780277 0.0069304854 0.56437707 0.23975211 0.7231407
13 0.00082181056 0.01785218 0.542179 0.16911885 0.8396235999999999
4 0.0008105297500000001 0.14304906 0.52099115 0.2930474 0.69695693
2 0.0008063288000000001 0.05992531 0.50694376 0.22453517 0.6574486999999999
11 0.0008043943700000001 0.19714382 0.49670076 0.28835636 0.64161444
12 0.0008015452 0.13777214 0.5083873999999999 0.32081294 0.6333456000000001
10 0.0007971696 0.31399196 0.51293683 0.49351227 0.676998
12 0.0007921471 0.14065535 0.53126985 0.35263646 0.66106623
10 0.00079196604 0.6061898 0.4728340999999999 0.65712804 0.59966403
13 0.0007873696000000001 0.18930857 0.50372523 0.27397686 0.5595979999999999
1 0.00078362424 0.0025134236 0.5505608000000001 0.14750986 0.67124015
3 0.00077809213 0.60392326 0.5016155 0.67438096 0.58461314
11 0.0007702312400000001 0.32353067 0.5721833000000001 0.40755832 0.7037931
11 0.0007649458999999999 0.51960784 0.5377098000000001 0.5599974 0.58933663
9 0.0007580812700000001 0.16843373 0.4836943 0.32688257 0.6120131
3 0.0007509341999999999 0.5532514000000001 0.503903 0.6247215 0.5575251
12 0.00074392435 0.59834653 0.52120906 0.66126186 0.6132726
8 0.00071170507 0.028484903 0.36225513 0.17648318 0.89728194
8 0.00071093277 0.14780995 0.46182170000000006 0.38968274 0.80334425
1 0.0007083467 0.50227946 0.5427996999999999 0.5581524999999999 0.58403
1 0.00069896923 0.59223837 0.5327996 0.65883464 0.61305577
11 0.0006964708 0.3570662 0.6213238 0.45549017 0.7648785
9 0.00069451303 0.54854685 0.49477434 0.67423886 0.61145014
7 0.0006894310400000001 0.58712894 0.48846075 0.6540908000000001 0.63780046
4 0.0006833428599999999 0.10271131 0.4982765 0.24705714 0.7030915
3 0.0006741707000000001 0.7607635 0.5254103 0.8391941999999999 0.5902464
3 0.0006684121000000001 0.15800698 0.54102546 0.20595871 0.6225283
12 0.00066516735 0.06797764 0.51802635 0.2448827 0.684538
1 0.0006637736999999999 0.03274802 0.60716575 0.19068286 0.7370896
6 0.0006618864999999999 0.49855950000000004 0.5332758000000001 0.5812416 0.58220226
11 0.00065847905 0.28697267 0.43272427 0.49190969999999995 0.7919424
11 0.0006516113 0.34429225 0.5948798000000001 0.43247494 0.7240729
11 0.000639544 0.5783499 0.48452297 0.62242335 0.6124957
6 0.0006279308999999999 0.62960875 0.5250236 0.73763525 0.5898905
11 0.0006176827 0.6147551 0.4877831 0.6526930000000001 0.6047786999999999
8 0.0006097930599999999 0.4197588 0.26179454 0.75181365 0.8910096
8 0.0006063189 0.5923415 0.5026438 0.66547495 0.5916675
1 0.00060086144 0.20096236 0.49929953 0.4541902 0.7920948
5 0.0005983258 0.5228404999999999 0.52929384 0.66942036 0.5881261
9 0.0005982368 0.6020357 0.51669514 0.6607602 0.6004608
7 0.0005980016 0.6239914000000001 0.51477754 0.7173556999999999 0.60411555
5 0.0005965092 0.0 0.5720928000000001 0.15731329 0.7239924
1 0.00059404044 0.5319142 0.54472667 0.61481434 0.59636843
9 0.0005923724 0.02212388 0.52180034 0.20441738 0.67101806
11 0.0005906413400000001 0.6584247 0.5239895 0.7032538 0.5965012
7 0.00058945693 0.57378143 0.5018814 0.67853004 0.61121076
13 0.0005884746 0.0011604130000000001 0.53030336 0.037156686 0.5952595
11 0.0005834837999999999 0.23817566 0.5093369000000001 0.3524041 0.7117796
13 0.0005765632 0.0 0.50404274 0.21392334 0.8164118
12 0.0005690461 0.2164105 0.3758477 0.52917135 0.73031926
4 0.0005636945 0.050018318 0.5290227 0.21251047 0.73190165
11 0.0005600541000000001 0.03225516 0.5509465 0.11928885 0.7281858
5 0.0005499763 0.48386450000000003 0.54004073 0.57462937 0.5866669
11 0.00054793153 0.5752659000000001 0.43064958 0.7063173 0.6485673000000001
11 0.0005332847 0.6089571 0.5157208 0.6621775 0.59786075
13 0.0005273028500000001 0.521357 0.5340639 0.59894913 0.5981516
7 0.0005214592700000001 0.5231427 0.51253456 0.62369764 0.60646087
10 0.0005198071 0.2116935 0.47274134 0.35932377 0.6577436
10 0.0005191894 0.5910538000000001 0.49298006 0.6431785 0.5997633000000001
1 0.0005066253400000001 0.0 0.6119751 0.13144413 0.7282036999999999
4 0.00049659907 0.6742104 0.5068882 0.72777486 0.59382135
12 0.00049423694 0.51220286 0.52601016 0.5761738000000001 0.5770685000000001
8 0.0004903025 0.18482496 0.4988362 0.26368284 0.5595005
13 0.0004886081 0.12190356 0.49338737 0.29843056 0.65037966
9 0.00048803707 0.32573026 0.61501056 0.5052883 0.77478427
11 0.0004769275 0.67789704 0.5272063 0.7185889 0.59632915
8 0.00046572974000000004 0.11870460000000001 0.32257329999999995 0.4755339 0.99546075
13 0.00045637402000000003 0.57633644 0.5063687 0.6617276 0.5812281
10 0.0004536678 0.5782801 0.49973609999999996 0.67271054 0.5811677
9 0.00044888703 0.20114759 0.49869505 0.32000533 0.6675625
11 0.00044601667 0.045557994000000004 0.35268235 0.16827060000000002 0.79814
2 0.00044464407 0.03494995 0.5533776 0.20851097 0.68521017
13 0.0004424964 0.6323558000000001 0.5127414 0.7084973000000001 0.5762611999999999
7 0.0004392853 0.18785913 0.44130699999999995 0.31701666 0.7359091999999999
5 0.00043766432999999997 0.5656833 0.5306626999999999 0.6524776999999999 0.618933
7 0.00043741165 0.6460484999999999 0.515096 0.7338138000000001 0.59419066
2 0.00043252803 0.6530630000000001 0.518651 0.73993796 0.57971597
8 0.00042901239999999997 0.30361703 0.50211775 0.45741293 0.6413643
4 0.0004266197 0.59870195 0.47796956 0.66544783 0.600961
12 0.00042368248 0.022876552999999997 0.48592582 0.21787369 0.65305376
12 0.00042025754 0.59126586 0.5241582 0.68949765 0.5978920999999999
3 0.00041959883 0.5672696 0.49726450000000005 0.64193255 0.57425666
9 0.00041433529000000003 0.031026377999999997 0.5606525 0.22580715 0.69770724
13 0.00041412417 0.5428028 0.5283755 0.6873772 0.6559323
8 0.00041302966 0.104821056 0.4176206 0.32188368 0.767347
4 0.00041231886 0.5889295 0.49589974 0.68852895 0.59564674
13 0.0004078865 0.6529344 0.5153657 0.72282284 0.5709174
7 0.00040628822 0.47989407 0.48001888 0.70856756 0.68003154
7 0.00039993337 0.0 0.4507022 0.15741822 0.8775738999999999
6 0.00038962325 0.5682186 0.5153373 0.70713484 0.59827024
9 0.00038770193 0.026980035 0.49463362 0.17159891 0.7727663
6 0.00038144886 0.5234445 0.5204528 0.6626938 0.5884293
13 0.0003811268799999999 0.23278269 0.58909416 0.44662437 0.7293609999999999
1 0.00037559843999999997 0.5738825 0.532172 0.639571 0.61368173
6 0.00036207907 0.0 0.51419294 0.19843285 0.6851246
11 0.0003607686 0.07020230599999999 0.5474946999999999 0.18141384 0.7388929
10 0.00035915970000000003 0.15962917 0.4539229 0.31024492 0.6274316
2 0.00035701593 0.06627086 0.4859914000000001 0.24148473 0.6191770000000001
7 0.0003535336 0.0 0.5490163 0.13031708 0.75142896
9 0.00033981367999999995 0.51358175 0.5323108 0.57755136 0.58183587
1 0.00033574333 0.58255816 0.5457724 0.67123175 0.60534745
10 0.0003350789 0.16943766 0.5026463 0.33107036 0.6807898
11 0.00032523158 0.36326040000000004 0.5591753 0.44823754 0.6957817
13 0.0003233987 0.78639346 0.5269581 0.8615158000000002 0.5875964
1 0.00032192178 0.12439147 0.47085539 0.2904772 0.5878842
8 0.00031912023999999996 0.55538785 0.21909311 0.7788614 0.9215450000000001
10 0.00031334784999999997 0.6631576 0.5125157 0.73923814 0.5858977
12 0.00030714835 0.3305053 0.48987108 0.5446331999999999 0.6497835
2 0.00030619014 0.54810786 0.5191928 0.6370621 0.5823891999999999
6 0.00030515087 0.11946298 0.52902985 0.53257424 0.77246743
7 0.00030342932 0.0 0.51220393 0.13980156 0.69408876
11 0.00029891895 0.63948065 0.51203626 0.6893026 0.5985659000000001
2 0.00029771585999999997 0.25064266 0.39236587 0.549655 0.7267414000000001
2 0.00029379723 0.56820107 0.51569885 0.6541183 0.57955414
2 0.0002926822 0.5868539 0.5105991 0.67411727 0.59199315
9 0.00029104959999999997 0.6671344 0.5309147 0.7470263 0.58239526
9 0.00029011423 0.019784316 0.46705505 0.23799218 0.7240171
10 0.00028780925999999997 0.5125098 0.52444816 0.58100486 0.58701575
4 0.00028521652 0.035635497 0.54163486 0.12950894 0.82678795
10 0.00028257474 0.54468584 0.52372664 0.6320498999999999 0.5875456
13 0.00027783855 0.18384464 0.6487206 0.5157478 0.86022216
9 0.00027459132 0.16791965 0.56234074 0.36358345 0.71194917
8 0.0002740045 0.35878032 0.37244309999999997 0.66211206 0.8630974
5 0.00027356044 0.48617017 0.54083866 0.69717824 0.643075
5 0.00026978686000000003 0.15302776 0.54114854 0.33576143 0.7068264
4 0.0002697356 0.6586644 0.5088891 0.71829754 0.5982723000000001
2 0.00026867127999999997 0.5972356 0.49209002 0.6558786 0.60954505
7 0.000266536 0.12463489999999999 0.5714677 0.32049152 0.7454559000000001
4 0.00026613334 0.5218068 0.5219354 0.5689469 0.58862907
1 0.00026083563 0.5140794 0.54301536 0.5739054 0.5901125
13 0.0002581452 0.5646588 0.49901548 0.7179156999999999 0.6349629
9 0.0002558972 0.5864998 0.5245793000000001 0.6851785 0.5856335
2 0.0002548957 0.5152605 0.520103 0.60521454 0.57576716
6 0.0002543258 0.13029951 0.5860628999999999 0.37697417 0.7223341999999999
13 0.00025206915 0.25059244 0.52078915 0.44493599999999994 0.70359135
8 0.0002504104 0.8004975000000001 0.16319601 0.91623384 0.6795929
1 0.00024859182 0.6563873 0.5455733 0.7229893000000001 0.58998126
9 0.0002467322 0.5806514 0.5209524999999999 0.6403793999999999 0.60997564
5 0.0002466868 0.54885846 0.5301345999999999 0.70369285 0.5963276
11 0.0002441695 0.053433772000000004 0.5248496 0.13515018 0.68171924
10 0.00024075262000000002 0.57550365 0.5123740999999999 0.6297148 0.5983208000000001
5 0.00024045305 0.09297093 0.5775239000000001 0.3403152 0.71876144
11 0.0002403966 0.21591514 0.41747704 0.44976825 0.8219280999999999
5 0.00023608502999999996 0.60584795 0.53920275 0.72900486 0.58818823
12 0.00023587377999999997 0.57014257 0.5172137 0.6679943 0.5959173000000001
5 0.00023222272 0.0 0.56306595 0.17842233 0.80201924
12 0.00023017467000000002 0.037598163 0.5679255999999999 0.16066776 0.7008743000000001
13 0.00022862382 0.6264976 0.5211447 0.69064605 0.6140554
2 0.00022813 0.33329713 0.49847078 0.5081112 0.6199228
11 0.00022601151000000002 0.03557814 0.5279946 0.09778202 0.67153275
7 0.00022593456000000002 0.71674645 0.519664 0.7958454 0.5994596
12 0.00022565572999999996 0.66851336 0.5272321 0.7387511 0.5793752
11 0.00022499022000000001 0.7325285 0.5280140999999999 0.77413696 0.588584
1 0.00022413109 0.63709366 0.54280174 0.7015276 0.5954297
4 0.00022150089 0.053644635 0.49390137 0.19508153 0.6491745
9 0.00021745580000000003 0.021941252 0.5568331 0.14270163 0.709122
5 0.00021284017000000003 0.0065900236 0.56433326 0.2593763 0.72467095
1 0.00020876671000000002 0.70861375 0.5481949 0.7869476 0.5893130999999999
5 0.00020841577 0.7034328000000001 0.5367869000000001 0.8003913 0.58762765
13 0.00020789700000000002 0.54433006 0.5150153000000001 0.613517 0.6238328000000001
