3 0.9881346 0.36834106 0.48713409999999996 0.5094994 0.7117435000000001
8 0.20511837 0.3693999 0.5155420999999999 0.5048499 0.70837814
13 0.014255753000000001 0.3922268 0.49963182 0.554847 0.72264165
13 0.012238098999999999 0.33905745 0.5703335999999999 0.5660641 0.70458496
8 0.010335303 0.34957248 0.43025303 0.55384153 0.7303086
5 0.0044509154 0.2521407 0.561811 0.49508828 0.69444054
13 0.004325337 0.31071776 0.56789887 0.5066701 0.6877406
9 0.0041910727 0.39338994 0.51318175 0.5813859 0.6415849
5 0.0039195847 0.2724442 0.5845501000000001 0.5407924 0.72331595
1 0.0038294672999999997 0.2893637 0.5485004 0.45500959999999996 0.67009825
9 0.0036399590000000003 0.38071072 0.55636525 0.5553521 0.7128875
1 0.003505322 0.37800094 0.54710597 0.5385127 0.6854312
13 0.00335085 0.336649 0.5293998000000001 0.479818 0.72079533
2 0.0031972008 0.39477044 0.49117136 0.559447 0.6519944999999999
7 0.0031168759999999998 0.37765318 0.49039355 0.56403834 0.6910385
13 0.002747963 0.370409 0.5622355 0.5238315 0.76884335
12 0.0027229503999999997 0.38686848 0.5094434 0.5854478 0.6596477
9 0.0027171525 0.42466107 0.46257007 0.53909564 0.64367634
9 0.002654091 0.3413325 0.5084759 0.47890323 0.6459005
4 0.002626897 0.38350984 0.5305803000000001 0.5340036 0.7462019
4 0.0025492352 0.4105661 0.49141026 0.5760849 0.6810531
5 0.002162305 0.33297732 0.53130686 0.58717895 0.68106264
11 0.0021360577 0.3512467 0.42394259999999995 0.43914425 0.7283637
5 0.0021143164000000003 0.32667607 0.5751618000000001 0.4841693 0.7675736
2 0.0020196163000000002 0.3194375 0.50098705 0.5262467 0.627391
6 0.0019318782999999998 0.35067059999999994 0.5845191 0.54668015 0.7254619000000001
7 0.0018887505 0.32054478 0.5778687 0.50635433 0.7567988
11 0.0017856636999999999 0.34529585 0.5209180999999999 0.46468760000000003 0.7114564
11 0.0017508423000000002 0.40783203 0.5530526 0.5294374 0.7654944
7 0.0017087535 0.29199493 0.50821775 0.48396826 0.70362735
9 0.0015050236999999999 0.4357108 0.50284004 0.5674895000000001 0.66824085
12 0.0013465746 0.34333783 0.5150889 0.51589596 0.6460799
12 0.0013453222 0.40963605 0.4608264 0.5390339 0.6633597
9 0.0013327061 0.37334259999999997 0.45431954 0.48007748 0.65511394
12 0.0012948124000000001 0.3880388 0.47017896 0.5925597 0.62576115
9 0.0012875603 0.41033942 0.5411884 0.60113174 0.6773041
11 0.0012447906 0.34558988 0.51620936 0.43861693 0.6702275
13 0.0011785302 0.3751366 0.47909579999999996 0.47353673 0.7907225999999999
5 0.0011577285 0.31675664 0.51936775 0.48970398 0.6762476
6 0.0011554157000000002 0.3629495 0.51779604 0.5853708000000001 0.67532635
5 0.0011427314 0.35221437 0.5817100000000001 0.52883554 0.7882544
6 0.0011156214 0.31066665 0.53091836 0.50300896 0.66862094
4 0.0011061142 0.44006053 0.50362 0.59100205 0.7230496999999999
7 0.0010877232000000001 0.40265405 0.43281695 0.5311018 0.71668786
9 0.0010434653 0.37225556 0.52259 0.54770494 0.6746858
1 0.0010071313 0.39980125 0.56960756 0.5653259 0.705446
5 0.0009793659 0.35014573 0.5594978 0.6016413 0.7157701
11 0.0009321402 0.38475382 0.47186387 0.47718072 0.82246006
10 0.0009209185400000001 0.40353718 0.47715434 0.55831647 0.64808106
11 0.0008868497999999999 0.43171757 0.5098785 0.5292661 0.6703993
8 0.0008802564 0.29023704 0.41381434 0.5079384 0.79438025
13 0.0008767572 0.40490879999999996 0.45683646 0.5158364000000001 0.7685228000000001
11 0.00087221 0.3713964 0.43944472 0.4501923 0.6910965
1 0.0008581673599999999 0.31729954 0.5006325 0.45835590000000004 0.67749643
2 0.0008538983000000001 0.4167519 0.44668463 0.5366803000000001 0.7148595
12 0.0008114744 0.36259159999999996 0.44250247 0.48255590000000004 0.66404253
2 0.0008041835400000001 0.3518615 0.5670816999999999 0.5442052 0.69444287
9 0.0007996447999999999 0.35308677 0.46854112 0.45629758 0.68285817
1 0.00079354283 0.28571588 0.5149498 0.45011175 0.6337455
4 0.00079040776 0.43381312 0.42936406 0.54882914 0.67715335
2 0.0007791689 0.38572535 0.5267487 0.5146148 0.7353101
5 0.0007341069 0.39798224 0.5311361 0.58060926 0.7559508
2 0.0007270168 0.40511942 0.45791763 0.57377887 0.6161916000000001
10 0.0007233328999999999 0.36400312 0.54475015 0.53817457 0.74197346
12 0.00068652 0.38867146 0.41433737 0.5269872 0.62773097
13 0.0006435948 0.3418766 0.6120541 0.5270169 0.7203745
5 0.0006354430000000001 0.33944187 0.5560839 0.44468585 0.8159112
10 0.0006261373 0.42922193 0.4001305 0.53363746 0.64726394
12 0.0006096227 0.38497627 0.40345234 0.4649902 0.6856825
7 0.0005990746 0.3652727 0.52306914 0.5200925999999999 0.8053657
11 0.00059808866 0.39193422 0.5362121999999999 0.50149316 0.71399695
1 0.0005876166 0.35636237 0.45733509999999994 0.45242473 0.6790142
11 0.0005762928599999999 0.4267624 0.48131496 0.5090557 0.79907304
1 0.0005719206 0.3966958 0.5715415 0.5296996999999999 0.7526484
6 0.0005623682 0.36988735 0.5543415 0.61398333 0.7034579000000001
9 0.00055429415 0.3805746 0.5520089 0.48745653 0.7496206999999999
11 0.0005391421 0.45276448 0.4431379 0.52071977 0.6551456
4 0.000536115 0.34294674 0.51093036 0.48625959999999996 0.67182183
1 0.0005214457 0.32852656 0.46778032 0.46926904 0.6317526
1 0.00050587463 0.36027170000000003 0.47134417 0.5050034999999999 0.64037734
1 0.00049993175 0.33722759999999996 0.5607850999999999 0.509246 0.69469005
2 0.00047560592000000005 0.34483779999999997 0.45369408 0.48961607 0.6423557
10 0.0004754974 0.40274218 0.36115240000000004 0.4733291 0.710432
13 0.00045624045999999996 0.39321935 0.53335774 0.49776566 0.82728446
10 0.0004521868 0.4363706 0.49447995 0.5817065 0.6962571999999999
10 0.00044344779999999997 0.46227503 0.39948216 0.5592798000000001 0.69122887
11 0.00042957498 0.45787793 0.52533346 0.5731400999999999 0.70727867
7 0.00040488602999999996 0.33334264 0.43075216 0.47597656 0.7428701
10 0.0004035981 0.32827365 0.52956784 0.5003521 0.6879658000000001
1 0.00039740550000000004 0.3247983 0.57747966 0.45512742 0.74654245
12 0.00036901337 0.34149304 0.47346833 0.522125 0.61180854
10 0.00036455812999999993 0.40021384 0.38554364 0.50667685 0.6250650999999999
9 0.00036417339999999994 0.42520198 0.4728629 0.4965959 0.7374183000000001
5 0.00036239575 0.36747348 0.51934755 0.46842659999999997 0.7824893
11 0.00035738788 0.4690348 0.44185552 0.5411453 0.6891901
11 0.00034005346 0.39318424 0.3338272 0.45776123 0.84702355
12 0.00033401398 0.40006274 0.5486727 0.5372283 0.74051803
1 0.0003289014 0.33212364 0.5358027 0.4913383 0.66221267
2 0.00032343362999999995 0.35554478 0.5301751 0.5463614 0.65988386
9 0.00032082302000000006 0.38415143 0.4528978 0.45383320000000005 0.75733745
11 0.00030859240000000003 0.3766763 0.3118537 0.44376388 0.9067059000000001
10 0.00030533876 0.35140467 0.4831137 0.47330868 0.689674
13 0.00030265754 0.35884425 0.4200922 0.57114553 0.8483221
11 0.00029780454 0.39020056 0.448798 0.4547059 0.65456396
10 0.00029031525 0.41482046 0.48404384 0.5341060999999999 0.7467703
2 0.0002864379 0.33392325 0.47270337 0.5327759 0.5815383000000001
11 0.00028527036 0.44695035 0.46176252 0.5202513 0.74026847
9 0.00028492016 0.4038423 0.44864842 0.47453925 0.7414599000000001
5 0.00028291997000000005 0.25196192 0.5232561 0.48812816 0.6297665
10 0.0002782056 0.4228595 0.31600773 0.48782539999999996 0.7175057
9 0.00027684762999999996 0.3771496 0.48950150000000003 0.54095936 0.6120308000000001
9 0.00027083580000000003 0.44186667 0.43200500000000003 0.5142324 0.7046014
1 0.00026896084 0.3859803 0.49044609999999994 0.49029529999999993 0.7170419
9 0.00024877585 0.36292344 0.51500344 0.4689417 0.72498816
1 0.00023889240000000002 0.33913109999999996 0.5475042 0.42518625 0.7769558000000001
12 0.0002338277 0.41302305 0.43863209999999997 0.4901561 0.7111779
4 0.00023330345000000002 0.39481306 0.47549516 0.54006016 0.63891345
8 0.0002289732 0.37720877 0.6189451 0.4376806 0.70056295
10 0.00022697425 0.35851076 0.41827065 0.47292706 0.62044173
4 0.00022423182999999996 0.36569926 0.539411 0.49635914 0.7708901999999999
5 0.00022086392000000003 0.35809207 0.49952507 0.5367642 0.6630712
5 0.00021313861 0.38944665 0.584907 0.50556993 0.83843416
8 0.00019547199000000001 0.37124145 0.48172647 0.507614 0.6539024
12 0.00019500374 0.35772505 0.42597696 0.5567024 0.57765895
6 0.00018074593 0.3246327 0.46179359999999997 0.5120218 0.6769357
1 0.0001801579 0.35764518 0.5272011 0.4464095 0.74312127
11 0.00017999436000000002 0.43761188 0.433295 0.49719179999999996 0.63826346
10 0.00017870802999999999 0.44303912 0.32660553 0.50576806 0.7276136
7 0.00017459188999999998 0.37036365 0.3776085 0.47177840000000004 0.8295357
1 0.00017411922 0.40867776 0.44552250000000004 0.5086444999999999 0.66945654
8 0.00016822317 0.39607656 0.51098585 0.5358704000000001 0.6854203000000001
9 0.00016510417 0.39158540000000003 0.5201435999999999 0.5003306 0.7004986999999999
11 0.00016051976 0.42857979999999996 0.45485276 0.4994622 0.7109063
7 0.00015963212 0.41879088 0.37363090000000004 0.5062434 0.78172225
7 0.00015732716 0.37554637 0.42531428 0.5044103 0.74398416
6 0.00015729790000000002 0.38955894 0.537295 0.5763469 0.74839926
12 0.00015557605 0.38547194 0.46881372 0.46977562 0.75273854
11 0.00015378870000000002 0.40730533 0.4667948 0.4756228 0.6763904000000001
2 0.00015110141000000002 0.36544990000000005 0.42394030000000005 0.5054099 0.60585403
9 0.0001499569 0.3724528 0.6022419 0.5631529000000001 0.749124
1 0.00014931876 0.39216623 0.55999655 0.48372015 0.788335
4 0.0001486278 0.38406754 0.43496242 0.505812 0.6270600000000001
7 0.00014780197 0.36080208 0.4630351 0.5353838000000001 0.6488366
8 0.00014560332 0.39002109999999995 0.5923434 0.44713109999999995 0.69642085
8 0.0001449192 0.087430954 0.42573738 0.63570976 0.9515969000000001
9 0.00014433033 0.39224732 0.5950456999999999 0.51962316 0.7926974
3 0.00013899282 0.36241799999999996 0.47794200000000003 0.5279630999999999 0.6027173000000001
9 0.00013882146999999998 0.37484768 0.44748667 0.5761045 0.7718825
10 0.00013855846 0.45587608 0.27937874 0.5174229 0.71087915
10 0.00013639877000000002 0.38987476 0.48519036 0.46812266 0.8255035
13 0.00013509512 0.31224528 0.49021706 0.5039924 0.6699709
5 0.00012893506 0.28885052 0.61787987 0.5028938000000001 0.75320786
11 0.00012392603000000002 0.39563474 0.52467924 0.46863964 0.66027707
6 0.00012046853000000001 0.36745435 0.45187393 0.54480565 0.6456335999999999
13 0.00011846671000000001 0.32358503 0.5711465 0.46578938 0.748419
11 0.000115938594 0.44217485 0.34634929999999997 0.48786104 0.7805977
12 0.000107764194 0.3715925 0.5137983 0.49533424 0.7174647
11 0.000103131526 0.4112099 0.45565015 0.50025475 0.8826884
4 9.983393e-05 0.41154417 0.44009209999999993 0.53436077 0.7358106
2 9.879458e-05 0.418163 0.4045877 0.49204463 0.73069096
10 9.592408999999999e-05 0.31408253 0.47954434 0.47159890000000004 0.6209809000000001
8 9.239768400000001e-05 0.34705248 0.46180249999999995 0.5072524 0.60208154
12 9.206529e-05 0.40966764 0.52672136 0.49832287 0.7693821999999999
10 9.20464e-05 0.3359023 0.49086568 0.53204614 0.6549617
11 8.730006e-05 0.41711279999999995 0.32299897 0.47415933 0.83122003
2 8.244985999999999e-05 0.41214615 0.46097288 0.49931318 0.81161135
3 8.143731e-05 0.26922238 0.5020611 0.53667164 0.74434936
2 8.078883e-05 0.36992270000000005 0.579545 0.5066792999999999 0.77007264
9 7.932052e-05 0.42432064 0.55533975 0.48968190000000006 0.79295576
2 7.797580500000001e-05 0.37774852 0.47863123 0.47038355 0.7268212
2 7.788109e-05 0.35342890000000005 0.59765583 0.5474432 0.7322603
3 7.762445999999999e-05 0.4689263 0.51088655 0.5103115 0.7075092
2 7.5906195e-05 0.40430567 0.38987795 0.5427333000000001 0.62691355
8 7.361587e-05 0.39393932 0.20484242 0.7171648 0.90256983
7 7.123114e-05 0.39697504 0.48007157 0.5001587000000001 0.88708216
13 7.055437e-05 0.3226321 0.47677309999999995 0.5163979999999999 0.8412261000000001
10 6.879220999999999e-05 0.3498407 0.45136149999999997 0.5080802 0.60555714
4 6.7996625e-05 0.4270773 0.40661620000000004 0.50259835 0.75197697
8 6.667802e-05 0.18618414 0.45469558 0.47714642 0.80958587
10 6.379797e-05 0.3988824 0.5417068 0.52813643 0.8124566999999999
8 6.0848990000000006e-05 0.38182843 0.60809356 0.46151220000000004 0.688311
9 6.0387232000000004e-05 0.37145358 0.5387473 0.4380098 0.84479773
13 5.8115133e-05 0.28545082 0.49192178 0.5815318 0.8011031999999999
9 5.6101980000000005e-05 0.40919479999999997 0.57032794 0.6106296999999999 0.7160574000000001
4 5.5229975e-05 0.44965827 0.35728985 0.5229191 0.69436604
1 5.4157542999999995e-05 0.36400697 0.5905074 0.49530277 0.7693976
1 5.3611988e-05 0.29823762 0.40209654 0.5433858 0.6730203
6 5.310092e-05 0.36678666 0.60379404 0.5273897 0.7800931999999999
7 5.2710373e-05 0.3398116 0.48587132 0.46692488 0.9031636999999999
10 5.192271e-05 0.39445490000000005 0.5844423000000001 0.562573 0.7747932
5 5.189005e-05 0.30153617 0.50818735 0.5420948 0.6005663
2 5.085434e-05 0.37975679999999995 0.43563329999999995 0.5752048000000001 0.56378454
9 4.9073293000000004e-05 0.33640045 0.44707423 0.5178719 0.76937556
13 4.7897312e-05 0.21033195 0.5402491999999999 0.53652215 0.8160985
3 4.7043766e-05 0.39416218 0.58754337 0.46796918 0.69506663
3 4.6905432e-05 0.38144112 0.5313573 0.4678706 0.6445239
6 4.6365340000000004e-05 0.29891008 0.5957109 0.5099354 0.7087786
8 4.598196e-05 0.26711273 0.41848296 0.5968545 0.9104688
6 4.5342043000000005e-05 0.3393359 0.5618316 0.48535547 0.8008324
7 4.3077252e-05 0.28795588 0.37125805 0.60212076 0.8676162000000001
5 4.2938146999999997e-05 0.41780657 0.544994 0.5204608000000001 0.831443
8 4.2818938e-05 0.12581554 0.42030773 0.44137922 0.95617753
9 4.2318980000000005e-05 0.44169834 0.5138247 0.51552415 0.7629937
3 4.202727e-05 0.40049803 0.52702385 0.49834925 0.6422996999999999
3 4.1535433000000006e-05 0.4431630999999999 0.5063335 0.5008418 0.69477314
6 4.1427367000000006e-05 0.33396226 0.4872241 0.53077275 0.61354095
5 4.123078e-05 0.30579138 0.5300654 0.5879880000000001 0.79357564
8 3.7190606e-05 0.44377804 0.3697178 0.7686708999999999 0.93882453
12 3.6763337e-05 0.27227244 0.31326568 0.62030125 0.6550991
1 3.564225e-05 0.3381035 0.61780155 0.51390445 0.7243364000000001
6 3.4726992e-05 0.38238016 0.4773999 0.5255269 0.7606928000000001
4 3.4504654e-05 0.39019504 0.4113036 0.48516729999999997 0.71932036
6 3.4254084e-05 0.38594562 0.5732968 0.52255595 0.8424370000000001
7 3.4167824e-05 0.35480788 0.57556343 0.56818235 0.7491846999999999
8 3.3575303e-05 0.37465233 0.3856567 0.54961437 0.8622786
3 3.2201613e-05 0.45934743 0.28200394 0.84566516 0.9599037
3 3.1771095e-05 0.39251277 0.62105346 0.47021124 0.71049803
2 3.1190437e-05 0.39758074 0.35610554 0.482216 0.6461743000000001
11 3.0147779999999998e-05 0.352647 0.44524407 0.46099228 0.8076278
11 2.9661009e-05 0.4626396 0.34124622 0.50833994 0.69157696
2 2.9249766e-05 0.38953733 0.5541623 0.5756539 0.7088270999999999
12 2.8743391999999998e-05 0.42719579999999996 0.54257756 0.6126019 0.6972376
9 2.8456398e-05 0.3404877 0.55460334 0.5004719 0.7174039000000001
8 2.6507870000000002e-05 0.46542063 0.56607723 0.49816498 0.68448263
8 2.6122234e-05 0.51247823 0.2881327 0.825974 0.94185096
8 2.5545109000000002e-05 0.04894633599999999 0.26654166 0.37041456 0.9697135
2 2.4235738e-05 0.36366504 0.29399383 0.6476694000000001 0.7216494000000001
8 2.337792e-05 0.63453776 0.23868471 0.91541094 0.9266504999999999
8 2.2992775000000003e-05 0.40377405 0.6233962 0.46624985 0.69746864
1 2.2401111e-05 0.29596192 0.5799321 0.46699142 0.6945846
8 2.2390834e-05 0.41425616 0.5903832 0.4697501 0.69181746
3 2.1019789e-05 0.36323223 0.49019882 0.62847483 0.7543681
3 2.0614336e-05 0.3819369 0.51315796 0.5436926 0.7387489
13 1.991878e-05 0.52138853 0.18352796 0.8628793 1.0
4 1.8855419e-05 0.36842662 0.47507945 0.50984055 0.7260143
13 1.8723527e-05 0.27824786 0.59262633 0.4932439 0.9039603
11 1.8514755e-05 0.44232875 0.2683063 0.60062784 0.7662384
13 1.844194e-05 0.6536757 0.088592276 0.9659239 1.0
8 1.8269862000000002e-05 0.4302422000000001 0.58587515 0.48212907 0.68799245
5 1.8253406e-05 0.37785488 0.6102685 0.46185136 0.9080913
3 1.7409171e-05 0.14938092 0.41904880000000005 0.5886305000000001 0.9669994000000001
8 1.7068016e-05 0.19690791 0.37987107 0.5356816999999999 0.9550571
8 1.6113007999999998e-05 0.096122816 0.1009173 0.38336557 0.7770986
13 1.6030184e-05 0.1271174 0.41238415 0.79058546 1.0
13 1.5665473e-05 0.22467947 0.5807014 0.6674133000000001 1.0
3 1.5234687e-05 0.12629014 0.4881406 0.8266018 1.0
8 1.5146773e-05 0.40175006 0.5765768 0.43694583 0.7039692
4 1.4786043e-05 0.45446616 0.47827970000000003 0.5528926 0.75401676
7 1.4316461999999999e-05 0.26012942 0.58726186 0.46463720000000003 0.7677482
8 1.4003538000000001e-05 0.41580340000000005 0.5762225999999999 0.44992492 0.704545
9 1.3913003e-05 0.4317844 0.57447815 0.564231 0.74699134
1 1.3584404e-05 0.37968627 0.5818033 0.46963516 0.83139855
3 1.3441796999999999e-05 0.44044015 0.561461 0.5092259 0.7049573
10 1.33712365e-05 0.3632167 0.53214407 0.48199105 0.76741546
8 1.3263220000000002e-05 0.5698538000000001 0.41614538 0.90262496 0.9724412
1 1.2907084e-05 0.13203345 0.4616424 0.50397027 0.7174094
4 1.283337e-05 0.42877156 0.38471133 0.6350308000000001 0.77228725
2 1.2795589e-05 0.34192318 0.54157937 0.4894175 0.70613194
1 1.2688920000000001e-05 0.40136120000000003 0.535094 0.5838634 0.6709215999999999
13 1.2589439e-05 0.59862465 0.6737828 0.94643587 1.0
12 1.2540826e-05 0.38346220000000003 0.5702885999999999 0.5713514000000001 0.7123897
8 1.2444440500000001e-05 0.52690184 0.700137 0.87733686 0.96884334
1 1.23002865e-05 0.19396527 0.48472333 0.45783679999999993 0.7713018
13 1.1744084e-05 0.36935788 0.5574314 0.47011990000000003 0.62371325
10 1.1624197999999999e-05 0.4402389 0.16794127 0.63141483 0.8783339
13 1.1476151e-05 0.104117215 0.29832813 0.52299684 1.0
10 1.1328074e-05 0.40920648 0.43873379999999995 0.54741955 0.6005489
12 1.1053816999999999e-05 0.43942508 0.5445978 0.5597622 0.74476504
8 1.1052497000000001e-05 0.36320287 0.5761478 0.41219209999999995 0.70499456
3 1.1020876e-05 0.42166215 0.5769715 0.49624085 0.7013305000000001
8 1.0963444999999999e-05 0.007518828000000001 0.6971349 0.29809585 0.9849214
9 1.0931986e-05 0.27337940000000005 0.5130216 0.5525974 0.7738124
3 1.0883195e-05 0.65289086 0.27359390000000006 0.9714381999999999 1.0
13 1.0799394e-05 0.0 0.34952214 0.3234593 1.0
3 1.0735276e-05 0.45828667 0.5085444 0.5190032 0.67739385
3 1.0560567000000002e-05 0.06607368599999999 0.38847125 0.43403372 0.9906423000000001
4 1.0346043e-05 0.36877725 0.4953688 0.46079502 0.8082716
13 9.906506e-06 0.33228406 0.45904446 0.5179416 0.61381775
8 9.822762e-06 0.007847451 0.5799869000000001 0.21739706 1.0
2 9.6833455e-06 0.21794763 0.44415385 0.6288482 0.7622561999999999
8 9.398055000000001e-06 0.61138874 0.12167336 0.8933658000000001 0.747386
11 9.250316e-06 0.38944015 0.23927207 0.53872335 0.76730764
8 9.18666e-06 0.95143497 0.6554251999999999 0.9841207000000001 0.7141846
3 9.124749e-06 0.43371594 0.5290435 0.51810294 0.63810706
11 8.958577e-06 0.41321450000000004 0.23335993 0.5766114999999999 0.8550809000000001
8 8.869119e-06 0.39987606 0.5721335999999999 0.456513 0.6789278
9 8.861884e-06 0.34807596 0.55242765 0.4481279 0.7642757
5 8.646669e-06 0.39831626 0.5750374 0.55026716 0.814607
13 8.599522500000001e-06 0.40784383 0.16295387 0.7080696999999999 1.0
10 8.354567e-06 0.47153459999999997 0.44666937 0.5695443 0.79077107
1 8.345431e-06 0.25472522 0.47555 0.5069815 0.7999728
3 8.294806e-06 0.58689624 0.71755487 0.94877416 1.0
3 8.2856595e-06 0.41653275 0.6233276 0.50095946 0.7106701999999999
7 8.190178e-06 0.08244236 0.48666835 0.5408951 0.85395914
10 8.042063000000001e-06 0.4310981 0.4369049 0.4972611 0.84032315
9 7.972491e-06 0.43965203 0.5276326 0.61757964 0.6471324
3 7.891803e-06 0.46375155 0.53647435 0.524367 0.6475058000000001
2 7.7832565e-06 0.32527727 0.41945997 0.6111854999999999 0.8741252
5 7.692979e-06 0.30643094 0.61132795 0.44432348 0.8027455
6 7.594549e-06 0.2394069 0.43400726 0.68959796 0.74487686
