8 0.71820486 0.702464 0.63856524 0.92901486 0.8188221
3 0.39776090000000003 0.72126645 0.63048625 0.91190416 0.8047111
8 0.18416886 0.931642 0.9599040999999999 0.9952298 0.9957353999999999
3 0.045635175 0.93950313 0.9639835999999999 0.99411875 0.995717
3 0.03482097 0.7175557 0.65517974 0.8527909 0.7989228
8 0.019153481 0.6652698 0.54551494 0.9631065999999999 0.8272521
8 0.015262513 0.6942096999999999 0.61491215 0.8868008 0.7747974
13 0.007568919 0.73672616 0.64634067 0.9521712999999999 0.7854666
8 0.007265975 0.6631424 0.6309104999999999 0.8586164000000001 0.7991296999999999
3 0.004586937 0.72953665 0.64453244 0.8083219 0.6910944
8 0.0036772597 0.7185423000000001 0.64837086 0.81267655 0.6949255
8 0.0034962170000000002 0.94574976 0.9493985 0.9913613000000001 0.99666804
8 0.0031411063 0.69606215 0.7052050999999999 0.7916081 0.79793084
13 0.0024474151 0.70557255 0.67816085 0.93248606 0.79662114
8 0.002242271 0.59558785 0.5718468000000001 0.89459515 0.8728459000000001
9 0.0014623220999999999 0.8036711 0.65489703 0.99543536 0.76815194
13 0.0014586707999999999 0.9324046999999999 0.96246237 0.9991154000000001 0.99237794
9 0.0014318145000000002 0.7592471 0.68311113 0.95249647 0.8005791999999999
13 0.0014217879000000002 0.94688135 0.95510226 0.9999575999999999 0.99836904
8 0.001402777 0.3336539 0.7033031999999999 0.79871523 0.9680478000000001
3 0.0013869497 0.70983934 0.6966472 0.80698454 0.7953024000000001
8 0.0013259321 0.4307268 0.63203293 0.8393775 0.9715249
11 0.0012286608 0.7072468000000001 0.63985133 0.8555001 0.8686726999999999
13 0.0011269119999999999 0.64721113 0.68392044 0.84422976 0.7873642
6 0.0010783761999999999 0.74385005 0.6573376 1.0 0.7944456
13 0.0010631457000000002 0.72343624 0.6431762 0.8855021999999999 0.83391136
9 0.0010546906 0.73508286 0.6446331 0.9083564000000001 0.75149393
11 0.001047365 0.77186674 0.6500295 0.90758544 0.85608035
13 0.0010060956 0.68665963 0.66022295 0.8298398000000001 0.82753223
1 0.0009363816 0.7336835999999999 0.68007654 0.9423168 0.79428846
8 0.00093373784 0.6556729 0.6159722 0.94602823 0.9234424000000001
13 0.0008988293 0.6975686 0.62369996 0.9232229999999999 0.895983
3 0.0008740616000000001 0.72418636 0.65608406 0.8183963000000001 0.712746
12 0.0008657962300000001 0.76572686 0.64444715 0.9960749 0.7935359000000001
10 0.0008401362599999999 0.8120805999999999 0.6149256999999999 0.9789985000000001 0.7722938
8 0.00083668716 0.7001363 0.66346353 0.81575525 0.7241231
5 0.00082222954 0.6077737 0.70153177 0.88440186 0.80499226
5 0.0007583375599999999 0.65746474 0.69684905 0.94641036 0.82132673
13 0.0007331914 0.6878428000000001 0.63531685 0.8964969 0.78347254
4 0.0007148728 0.79142904 0.6176843000000001 0.999539 0.7974880999999999
9 0.00068337575 0.75850976 0.6581133000000001 0.94552624 0.7703035
4 0.0006715479 0.73978734 0.6423263000000001 0.9515519 0.8332793
3 0.0006683489 0.9508629999999999 0.9535561 0.99381685 1.0
5 0.0006542529 0.624182 0.68469495 0.8317386999999998 0.8284749
8 0.000626653 0.28249985 0.53427666 0.80647355 0.99622136
2 0.00062602025 0.75850236 0.6193426 0.94897693 0.7881253
11 0.0006203052 0.8308424999999999 0.62085 0.93988955 0.80487925
13 0.0006171491 0.725435 0.6384006 0.8135342 0.69709873
1 0.000615285 0.5943632 0.6816936 0.81140924 0.7792941999999999
5 0.00061346754 0.5704286999999999 0.6875495 0.8597636000000001 0.78566945
9 0.000606045 0.7033173 0.63783485 0.8636024999999999 0.7604074000000001
2 0.0006020718 0.73054874 0.6587854000000001 0.92362016 0.8020816999999999
3 0.000591424 0.7598196 0.63978034 0.8381221999999999 0.7764493
12 0.00054987235 0.7136904000000001 0.62235796 0.94078255 0.75989825
10 0.0005483844 0.9694668 0.9465684000000001 1.0 0.99133384
11 0.0005138953 0.7545486 0.6396877 0.8662238999999999 0.7891441
6 0.0004979790000000001 0.7156021 0.6810633 0.9740034 0.81613624
8 0.0004924707 0.6992782 0.67525774 0.8016313 0.7693920999999999
2 0.00049101474 0.713842 0.5556844 1.0 0.85772604
11 0.00048627005999999994 0.6734319000000001 0.6167206999999999 0.80129486 0.81366867
9 0.00048577343 0.66927236 0.6604319000000001 0.831557 0.78422284
11 0.00047953308 0.71994996 0.62068003 0.8236505 0.7862769000000001
9 0.00047129375 0.78657746 0.6393795999999999 0.972326 0.7477315999999999
2 0.00046878526 0.93553144 0.9523985 1.0 0.98928976
11 0.00046010699999999996 0.7209977 0.5445899000000001 0.83208925 0.91862166
11 0.00045297982000000003 0.7657001 0.5580151 0.8641978000000001 0.8817364
9 0.00045268405999999994 0.714866 0.6797852 0.8796478000000001 0.8059295
7 0.0004462232 0.74000436 0.6255361 0.95637995 0.8274529
1 0.00042763715999999993 0.60551167 0.6510931 0.8316969999999999 0.7592456
5 0.00041737387 0.6948265 0.6709644 1.0 0.7926573
10 0.00041499513 0.7473460999999999 0.66452783 0.9460638000000001 0.7996726
5 0.00041384601999999997 0.65142864 0.6706233 0.9355154 0.7596729
1 0.00040804315 0.66433525 0.6493848000000001 0.8755169 0.7650045999999999
1 0.00038564397000000005 0.6889736999999999 0.6954411 0.8587885000000001 0.8406888000000001
3 0.0003795008 0.35351536 0.5587398 0.9225559000000001 0.9626763
11 0.00037017695 0.96821487 0.9466613000000001 0.9983370999999999 0.9995146999999999
11 0.00036819754 0.94966453 0.95408905 0.9892228999999999 0.9969245999999999
8 0.00035107267 0.6993545 0.5976916999999999 0.82475644 0.8220245
13 0.00035099481 0.7603331999999999 0.6152707 0.9176443999999999 0.8194469999999999
1 0.00034744604 0.6347403 0.6636217 0.79420143 0.80319107
1 0.0003281916 0.65392584 0.70630294 0.8080261 0.84789854
12 0.00032540687000000003 0.944976 0.95165247 1.0 0.99023503
3 0.00032472797 0.7126158 0.66924083 0.8051658 0.76726973
6 0.00032202186 0.697545 0.62380004 0.941853 0.76050943
1 0.00031514453999999996 0.6574266 0.68392825 0.83262473 0.81618005
1 0.00031308286 0.9273068000000001 0.96600336 0.9877485999999999 0.99068964
4 0.00031213337 0.7437788000000001 0.61325186 0.94027627 0.7767909000000001
5 0.00030722888 0.69064224 0.684258 0.8832688 0.8618077
8 0.00029291512000000005 0.52835536 0.22298284 0.8817107 0.9582473
10 0.00028210864 0.8243938000000001 0.55105823 0.9285439 0.7783613
12 0.0002820614 0.92432225 0.95486444 1.0 0.98572624
3 0.0002798266 0.37916362 0.69385105 0.90904903 0.9822084999999999
12 0.0002790542 0.7501751 0.61188084 0.88798547 0.7984475000000001
1 0.00027876603 0.7029989999999999 0.7035022 0.91126275 0.8197829
1 0.00027476033 0.69943875 0.65876 0.8828642 0.81291
7 0.0002673891 0.6924097 0.6671684 0.9174554 0.8372199
12 0.0002617766 0.7384921999999999 0.67983353 0.9545853999999999 0.8003061
2 0.00026160077000000003 0.74251896 0.6073804 0.9271275 0.7369266999999999
2 0.00026114943 0.9569036 0.9428816999999999 1.0 0.99431014
9 0.00025551295 0.80397415 0.62218446 0.9282831 0.7659765000000001
10 0.00025259857999999994 0.82074857 0.6480296 0.9951996999999999 0.8057818
12 0.0002480875 0.70550466 0.59239715 0.8527434000000002 0.77239585
13 0.00024776065 0.68760186 0.71049964 0.9235055 0.81798273
9 0.00024674794999999996 0.94289196 0.96430176 1.0 0.992168
10 0.00024660744 0.8089208999999999 0.590504 0.9103886 0.79511803
7 0.0002442021 0.9267617 0.9540409 1.0 0.9982966000000001
10 0.00024223942999999999 0.7301316 0.61840224 0.90210134 0.73916745
10 0.00023847668 0.95301706 0.951471 1.0 0.9921377
13 0.00023702641 0.33760574 0.68467325 0.8713361999999999 1.0
2 0.00022167822 0.6565083 0.64196825 0.8886765999999999 0.75538695
7 0.00021797922000000002 0.70970273 0.6095391 0.9106036 0.7972815
1 0.00021595754 0.9495959 0.9633892 0.9921991 0.99389684
10 0.00020905984 0.7874612 0.6069316 0.9421779 0.7420102
3 0.00020856265 0.71560717 0.6511939 0.78338116 0.68771815
11 0.00020752668000000003 0.8004708 0.55997044 0.88351554 0.86229414
10 0.00020553345 0.75978154 0.6292333000000001 0.9384724 0.7673101999999999
9 0.00020249869 0.6903088000000001 0.65219843 0.8072413 0.8311414
13 0.00020050455000000003 0.32708696 0.4515388 0.8883622 1.0
5 0.0001995788 0.90764135 0.97126395 1.0 0.9967657
9 0.00019918075 0.8037496000000001 0.6811383000000001 1.0 0.79784757
3 0.00019447171999999998 0.7366672 0.63972807 0.82445896 0.7337136
3 0.00019184018 0.7407389 0.65132326 0.8155241999999999 0.78019124
3 0.00019020522 0.7458734 0.63964725 0.8461731 0.6936051999999999
9 0.00018948517 0.7624491999999999 0.67878205 1.0 0.87913406
6 0.00018915936999999998 0.6033453000000001 0.67039937 0.9141700999999999 0.7814985999999999
7 0.00018899936000000002 0.5870546999999999 0.5913338 0.9974402 0.96772647
4 0.00018835107 0.6772163 0.6636693 0.9008072 0.8341941999999999
3 0.00018756298 0.6766778 0.6111439999999999 0.89589006 0.8516062
10 0.00017885478 0.78329104 0.578751 0.8889729 0.7642327
10 0.00017761967000000001 0.7781486999999999 0.63848114 0.8956611999999999 0.82274485
4 0.00017722299999999998 0.96522415 0.95631635 1.0 0.9962879000000001
1 0.00017322182000000002 0.6390598000000001 0.62912583 0.91732085 0.8468745000000001
8 0.00017024952 0.70607024 0.65108 0.7769963000000001 0.6885708
10 0.00017011512 0.8190203 0.6017996999999999 0.9309158000000002 0.83771354
11 0.00016848014999999998 0.81896526 0.56085265 0.8994449000000001 0.8187107
3 0.00016396497 0.72019327 0.6411972 0.78606665 0.6984358
9 0.00016156201 0.78034955 0.64602846 0.90227145 0.8042906999999999
8 0.00015691447 0.7080238 0.63946223 0.7825770000000001 0.70459366
1 0.00015455915000000002 0.7322628000000001 0.6762482 0.8966042 0.84024835
8 0.00015303363000000001 0.7199356 0.18171515 0.93312365 0.8902950000000001
9 0.00015141033999999999 0.73247087 0.6139372 1.0 0.85228956
12 0.000150935 0.7597322 0.64061284 0.90880734 0.83140427
9 0.00015040641000000002 0.72394043 0.6527274000000001 0.84453684 0.83104724
8 0.00014886883 0.7177744 0.6920061 0.80306154 0.78778803
9 0.00014777212 0.7549771 0.62579876 0.87524635 0.7873444
10 0.00014530136999999998 0.70152265 0.6813709 0.8999654 0.80812424
3 0.00014428221000000003 0.7175701999999999 0.65042573 0.7961245 0.72220004
3 0.0001429594 0.6450037 0.5925552 0.93171144 0.78341115
12 0.00014281998 0.6556795 0.64526534 0.88099164 0.76405305
13 0.00013958543 0.6973760999999999 0.68304765 0.8628992 0.8649389999999999
10 0.00013267792 0.73442125 0.6547323 0.8705510000000001 0.84106857
11 0.00013230485000000002 0.8149382 0.6305776999999999 0.9137049999999999 0.7812798000000001
8 0.00013227745 0.67192423 0.44746485 0.9401404000000001 0.9112353999999999
2 0.00013194446000000003 0.7035292 0.6099121999999999 0.8577836 0.76804423
5 0.00012965701 0.6573164 0.7033559 0.96160036 0.9249103000000001
7 0.0001265053 0.5971998000000001 0.6443334 0.8286428 0.8331726
5 0.00012590937 0.9367264999999999 0.9716078000000001 1.0 1.0
3 0.00012444508 0.7420118 0.6501439 0.85328823 0.7168568000000001
10 0.00012323903999999998 0.6789514 0.6305881999999999 0.8573955 0.7805227
8 0.00012239903999999998 0.7358047 0.6738993000000001 0.80730057 0.77815133
7 0.00011981989 0.6448058000000001 0.60738814 0.8654233 0.8021845000000001
8 0.00011898541999999999 0.46375307 0.45499888 0.8561443999999999 0.9682001
10 0.00011849705 0.73438156 0.5864691 0.8579648000000001 0.7731224
8 0.00011743563999999998 0.71791345 0.67647916 0.7722453 0.7945718
6 0.000117356314 0.9235098 0.9649517 1.0 0.9933296
5 0.00011730633599999999 0.7325043999999999 0.6683474 0.9463315999999999 0.8320880999999999
8 0.00011367986000000001 0.72390974 0.6607647 0.8116985999999999 0.74600387
10 0.00011324756600000001 0.7599628 0.61666536 0.8731034 0.7921498
8 0.00011276053 0.70119303 0.7247781 0.77104074 0.7984349000000001
9 0.00011166657 0.7045169 0.69160384 0.8148397 0.86936355
8 0.000109916036 0.59753454 0.36055243 0.8982809000000002 0.88094383
2 0.00010323545599999999 0.7683075 0.6142128000000001 0.9068264000000001 0.8438939000000001
8 0.00010281183499999999 0.7573076999999999 0.67170703 0.8253414000000001 0.7810023
11 0.00010174541 0.7475925999999999 0.5522038 0.8525385 0.9740288
9 0.00010111049 0.75305766 0.6802475 0.86516136 0.8519011000000001
3 9.918413e-05 0.7819014 0.62943923 0.85983247 0.77549434
2 9.501502e-05 0.67465097 0.50702965 1.0 0.7888746
5 9.394875e-05 0.66399556 0.7291177 0.8432706 0.8826379999999999
7 9.34899e-05 0.75606585 0.5786062 0.90096426 0.8573565000000001
3 9.256737e-05 0.5769563 0.28122115 0.9440731 0.99788314
4 9.252441999999999e-05 0.7924768 0.5648448 0.93696934 0.7885592
4 9.050821e-05 0.7849897 0.6008184 0.9234809000000002 0.8468456
9 8.70487e-05 0.80486566 0.6720424 0.9180649999999999 0.82165974
13 8.5767795e-05 0.6095116 0.65521616 0.9015426999999999 0.9040889999999999
13 8.434341e-05 0.7132297 0.6676814999999999 0.8251206 0.72675985
12 8.117961999999999e-05 0.7222404 0.5861349 0.9474231 0.70916337
13 7.909454000000001e-05 0.6994956 0.71439815 0.7861216999999999 0.8000172
9 7.753583e-05 0.7611343 0.72685796 0.9668620000000001 0.83323085
8 7.710132e-05 0.7421475000000001 0.600113 0.8781972 0.8050139000000001
3 7.571174e-05 0.5780847 0.64290005 0.90149564 0.87533116
6 7.5473494e-05 0.62349534 0.6595085999999999 1.0 0.8984094000000001
12 7.461775999999999e-05 0.6402778 0.53920674 1.0 0.81630546
8 7.442837499999999e-05 0.7024602 0.6778988 0.75058925 0.7951302
11 7.400071999999999e-05 0.7930531 0.51007766 0.9955715 0.94085693
8 7.291791999999999e-05 0.023503859 0.46630836 0.3648553 0.92134583
13 7.0621856e-05 0.47470470000000003 0.6048093000000001 0.9076892 1.0
4 6.872243e-05 0.94847256 0.9630771999999999 1.0 0.99351484
7 6.840257e-05 0.6742812 0.5764475 0.8428268 0.86258173
8 6.839053000000001e-05 0.7244873000000001 0.51311475 0.920005 0.8891562
6 6.7197914e-05 0.6313785 0.6552773000000001 0.8855484 0.8168265
3 6.6192486e-05 0.7205838999999999 0.7226074 0.8217144000000001 0.802365
10 6.553253999999999e-05 0.84370494 0.5744354 0.94309753 0.81186634
2 6.119916e-05 0.48449314 0.67092294 1.0 0.9905687
1 6.091769e-05 0.5904183000000001 0.5725348000000001 0.9087877000000001 0.784621
2 6.0853217e-05 0.72121185 0.6355253000000001 0.83913136 0.68888223
6 5.9957834000000004e-05 0.6611148 0.69114643 0.9199983 0.83962226
4 5.8483995000000004e-05 0.6789467 0.6444344 0.85493964 0.8051023
13 5.61546e-05 0.7095243 0.6859403000000001 0.79846984 0.7751376999999999
13 5.600590999999999e-05 0.566789 0.13409999 0.9641325000000001 1.0
8 5.4771219999999996e-05 0.018353509 0.71675414 0.35684496 0.96067876
12 5.349111e-05 0.71989703 0.6571756 0.86499953 0.8366454
5 5.3350566e-05 0.59312284 0.6687241 0.992725 0.8698514999999999
3 5.253468000000001e-05 0.30504423 0.5283475000000001 0.72798896 0.9414098
3 5.2457959999999995e-05 0.7986171 0.6278158 0.88185316 0.7928937
13 5.18018e-05 0.58969915 0.58022237 0.9158898999999999 0.8553622
10 4.9515995000000005e-05 0.7743595999999999 0.69516087 0.9673267 0.84856814
7 4.9230379999999994e-05 0.7428819000000001 0.63537437 0.90562606 0.91576356
7 4.8705508e-05 0.6502981 0.654752 0.86056644 0.90236646
12 4.8399223e-05 0.93443394 0.93494743 1.0 0.98688245
8 4.7000944e-05 0.7446498 0.64392775 0.83408976 0.6977805
3 4.6956106e-05 0.04085829 0.72867554 0.42979184 0.98005253
8 4.689244000000001e-05 0.018225115 0.14247441 0.21193701 0.9127301
13 4.67675e-05 0.6583498000000001 0.6172105999999999 0.8424023000000002 0.76822114
1 4.649587e-05 0.706324 0.646224 0.79846865 0.6938559
9 4.6195240000000004e-05 0.9519976000000001 0.9545233 0.9997935 0.9985934000000001
13 4.4784483e-05 0.7102776 0.64822227 0.77937347 0.6907688
13 4.4075718e-05 0.61911 0.70630246 0.8282293 0.7999953000000001
1 4.3092055e-05 0.6044834 0.6177804 0.82647866 0.7081522
13 4.2676547e-05 0.7171562 0.6552872 0.7995215 0.73899925
5 4.1181832999999996e-05 0.6484743000000001 0.717464 0.9066629999999999 0.84583104
4 4.0629446e-05 0.7827078000000001 0.6233751000000001 1.0 0.898342
7 4.042441e-05 0.2352025 0.681257 1.0 1.0
2 3.9186518000000004e-05 0.71934247 0.69035643 0.93318075 0.8342777
8 3.908438e-05 0.26311412 0.47608674 0.63845813 0.9622681000000001
12 3.8771836e-05 0.7962215 0.62120724 0.93722814 0.8280552
6 3.7815706e-05 0.69684625 0.72944623 0.983713 0.8337646999999999
1 3.7381087000000005e-05 0.94040823 0.9533144 0.9906362 0.9884276
3 3.691554e-05 0.77181876 0.60288393 0.9045291999999999 0.8229214
13 3.5881527e-05 0.6526293000000001 0.68916875 0.80838805 0.8481620999999999
13 3.357475e-05 0.68195313 0.72327757 0.7917741 0.7796951
2 3.2879720000000004e-05 0.77889377 0.5578978 0.91068214 0.7698339
3 3.2340812999999996e-05 0.031746928 0.5507715 0.43483409999999995 0.9455847
7 3.227055e-05 0.24466681 0.4090158 1.0 1.0
8 3.2208907e-05 0.018443283 0.29015654 0.30674562 0.9711554
8 3.1407788e-05 0.68847895 0.6694648 0.7739286999999999 0.7206778
10 3.0259499999999997e-05 0.74529815 0.69359195 0.80025965 0.79127717
8 2.9654418999999997e-05 0.6899714 0.67737174 0.76248187 0.77008486
13 2.962324e-05 0.22715437 0.44501809999999997 0.5967528 1.0
9 2.933647e-05 0.42661506 0.6985033 1.0 1.0
6 2.9253251e-05 0.5657023 0.5791970000000001 1.0 0.82290876
7 2.881224e-05 0.9427029 0.939757 1.0 1.0
13 2.8798404e-05 0.7041251999999999 0.6590081 0.78069156 0.7323805
9 2.8266570000000003e-05 0.82216245 0.62971073 0.9491084999999999 0.7935025
13 2.7660191e-05 0.51084405 0.6596786 0.8456341999999999 0.9278914
13 2.747434e-05 0.7282516 0.6765091 0.7894199000000001 0.78692776
1 2.7307591e-05 0.29822218 0.696803 0.8691251 0.94197786
12 2.6628978999999998e-05 0.41421103 0.65692824 1.0 0.9127530999999999
7 2.6457636e-05 0.6634526999999999 0.7092741 0.9259436 0.8652469
3 2.6259559e-05 0.70754236 0.68547624 0.7731673000000001 0.7963566999999999
10 2.6085496e-05 0.9768498999999999 0.9265719000000001 1.0 0.9916389999999999
10 2.5372206e-05 0.71553385 0.7249956999999999 0.80523956 0.78402257
3 2.4838105999999998e-05 0.727352 0.5668689 0.91199994 0.91049266
10 2.4040994e-05 0.8338578000000001 0.4894697 1.0 0.9515686
3 2.3903263e-05 0.03237174 0.26322848 0.25900206 0.932651
3 2.3710756e-05 0.7409005 0.3014042 0.97509253 0.9959885
10 2.3277464e-05 0.7574888000000001 0.6724865 0.89761615 0.8627691999999999
13 2.2790086999999998e-05 0.72946286 0.70815015 0.7864274 0.8194394
2 2.258183e-05 0.7350217 0.5677138 0.88096833 0.7274664000000001
1 2.2340259e-05 0.6203264000000001 0.6883073000000001 0.77375644 0.83058894
9 2.2125403e-05 0.7433651 0.68742883 0.80542946 0.772579
9 2.2042409999999998e-05 0.74076277 0.64743704 0.8247931999999999 0.7019152
8 2.1896853000000002e-05 0.02503541 0.5924019 0.25677112 0.9534541999999999
12 2.1839942000000002e-05 0.7328764 0.629916 0.8269431 0.6878455
9 2.1818836e-05 0.4408856 0.50561666 1.0 1.0
13 2.1661289999999998e-05 0.7106219 0.6380279000000001 0.77911335 0.7159581
4 2.0779681999999998e-05 0.7175763000000001 0.60612875 0.8755783000000001 0.8099975
2 2.0544143e-05 0.43208027 0.3993862 1.0 1.0
10 2.0376641e-05 0.72821015 0.71056736 0.7857595 0.7891952
4 2.0286661e-05 0.7691276 0.60301095 0.9288245 0.7382434
12 2.0148935e-05 0.33751047 0.38059533 1.0 0.8207368
8 2.0072168e-05 0.7775816999999999 0.6659596 0.8413108 0.78472656
5 1.995208e-05 0.35100695 0.77762234 0.9793113000000001 1.0
2 1.9802104e-05 0.6621875 0.6082681 0.89632297 0.71313506
13 1.9607764e-05 0.0076776124 0.38871256 0.35767162 1.0
10 1.9579047000000002e-05 0.7654674 0.6258781999999999 0.8246966 0.7082837
9 1.9568792e-05 0.73116 0.72698224 0.8453155000000001 0.8924559000000001
3 1.9238743e-05 0.7083355 0.65505666 0.7671661999999999 0.7741372
8 1.9058252e-05 0.71487993 0.64281714 0.7722854 0.7432948
9 1.8958246e-05 0.70701534 0.7204329 0.8921199000000001 0.8375866
3 1.8832357e-05 0.3181808 0.3116098 0.7504366 0.95962906
8 1.874217e-05 0.69434744 0.65781194 0.7638243 0.7340533
12 1.8553246e-05 0.74260664 0.6765722 0.8122278 0.7628729000000001
5 1.8267512e-05 0.66364366 0.6562901 0.92242664 0.72757876
9 1.8166776e-05 0.71716344 0.68535036 0.7808501 0.7776701
8 1.8144923e-05 0.34655124 0.16731644 0.73098093 1.0
8 1.8027047e-05 0.10637002400000001 0.4583401 0.47980022 0.9367788
10 1.7785436e-05 0.7479591999999999 0.663721 0.79493743 0.7650576
8 1.756652e-05 0.96335626 0.9305703000000002 0.99162775 0.9944206
13 1.733199e-05 0.26518297 0.24305613 0.6440759 1.0
11 1.7062112e-05 0.7724611 0.6191854 0.8704083 0.7622647
