8 0.94476384 0.41953483 0.45406806 0.49972209999999995 0.52991694
3 0.18636207 0.42961735 0.44339870000000003 0.48653957 0.53254646
8 0.12688728 0.9594446 0.51851267 0.9970992000000001 0.5908969000000001
3 0.057822023 0.96491724 0.5216844 0.9969370000000001 0.5921504
8 0.022010101 0.42460656 0.44434398 0.47456324 0.5427744000000001
8 0.019233435 0.41261363 0.4615305 0.48134553 0.5196397
3 0.016271323 0.21300891 0.43846574 0.25059474 0.472998
8 0.010665906000000001 0.21100268 0.4394698 0.25667965 0.47143465
13 0.009818395 0.21028246 0.44307497 0.25678208 0.47600222
8 0.008714725999999999 0.4304433 0.44162056 0.49506140000000004 0.48126674
13 0.0038595477000000003 0.43455264 0.47441748 0.5067818000000001 0.5474991
13 0.0037279108000000004 0.42702377 0.48393363 0.5205616 0.5303123000000001
8 0.003545672 0.5700364 0.43775904 0.6118574999999999 0.4724375
8 0.003005077 0.9517638 0.5158062 0.9901610000000001 0.5716208
8 0.00271672 0.3800337 0.41356647 0.5395095999999999 0.5390864000000001
9 0.002451766 0.41646683 0.45588163 0.49768764 0.5067053
8 0.002212555 0.31770894 0.41300640000000005 0.5147037999999999 0.55117756
13 0.002208044 0.43650144 0.45152712 0.51434356 0.5250946
5 0.0020799555 0.38896486 0.488333 0.4799005 0.55645555
8 0.0018813818 0.43798828 0.45550412 0.48909646 0.5397593
13 0.0017972173000000001 0.56279343 0.43176547 0.6182036999999999 0.47834259999999995
13 0.0017366807 0.41347920000000005 0.4781654 0.4821985 0.5425534000000001
12 0.0016246454999999998 0.41561323 0.45724937 0.5079709 0.5027777
2 0.0016071945000000001 0.41859537 0.45061296 0.510131 0.4992777
3 0.0015814347 0.9600734000000001 0.5229127 0.9973965 0.5678759
5 0.0015172941 0.38566256 0.47082362 0.49149612 0.52249295
13 0.0014185868 0.43249956 0.4448406 0.48716754 0.53842753
2 0.0013663991 0.44450125 0.4565531 0.5118055 0.5448514
9 0.0013538226000000002 0.45063788 0.45126984 0.52578956 0.5202614999999999
2 0.0013012625999999998 0.21052800000000002 0.43399054 0.2735466 0.471778
13 0.0012924274 0.42284304 0.44622004 0.46910405 0.5391053000000001
13 0.0012820954 0.95126855 0.543315 0.9922601999999999 0.58391446
5 0.0012793452 0.37314862 0.47787523 0.49692637 0.5073069
5 0.0012541243 0.36855218 0.4940411 0.5238652 0.54010624
9 0.0012520873 0.42377082 0.47590724 0.53155434 0.5346133000000001
13 0.0012335199 0.2152252 0.43671049999999995 0.2698104 0.4782483
11 0.0010855468 0.96096975 0.5255896 0.99424905 0.59784347
13 0.0010467246000000002 0.9554578000000001 0.53142816 0.9932128 0.6029709
3 0.0010162541 0.22196335 0.43889934 0.2644994 0.47641256
3 0.0009906369000000001 0.5673623999999999 0.43677852 0.6141021 0.48253372
12 0.0009792777 0.44094595 0.43998820000000005 0.47993603 0.5264721
11 0.0009790972 0.41793690000000006 0.43342942 0.47388455 0.5812082
9 0.0009763472500000001 0.44297585 0.4436675 0.48357245 0.5353411
9 0.0009426367 0.42086008 0.46894273 0.48048368 0.54818815
13 0.00092736416 0.40193254 0.46409446 0.49343905 0.50984305
5 0.0008798854 0.41071317 0.46824005 0.46665567 0.5407326
12 0.0008643325 0.4403352 0.45407355 0.5195552 0.5156913
4 0.0008457032400000001 0.42732435 0.45419812 0.4911424 0.5167202000000001
2 0.0008356939999999999 0.95488197 0.52986586 1.0 0.5813064
5 0.0008342236 0.42972493 0.48803076 0.4794858 0.5942006
1 0.0008095375999999999 0.43111512 0.45348190000000005 0.4745522 0.52774096
4 0.00079742924 0.4462497 0.45183290000000004 0.51065654 0.5198099
8 0.0007971178 0.56582284 0.46057370000000003 0.6091688 0.4949664000000001
4 0.00079457194 0.4362544 0.46694815 0.51116884 0.55205077
8 0.0007929845 0.70091486 0.5306214 0.74838835 0.57113594
9 0.0007922857 0.4183124 0.44667837 0.47982317 0.51876557
2 0.0007827222 0.4139264 0.47429317 0.5275361 0.52598804
4 0.00077889254 0.46402022 0.465966 0.52843446 0.55001944
3 0.00074369105 0.4299357 0.44067714 0.48509604 0.47951564
5 0.0007318948599999999 0.42988285 0.4767751 0.48510864 0.5611304
5 0.0007174011599999999 0.42349938 0.49498190000000003 0.526964 0.56654626
6 0.0006967433999999999 0.4115652 0.46166113 0.5054206 0.50969315
1 0.0006965882000000001 0.3902665 0.46366543 0.47322533 0.5057427999999999
1 0.0006947071000000001 0.43587527 0.4619858 0.5054281 0.52276254
4 0.00067734305 0.46071179999999995 0.43539765 0.5166505 0.5415241999999999
10 0.0006763827 0.45197228 0.41440928 0.48093042 0.5289358000000001
1 0.0006410944000000001 0.40914264 0.45278805 0.45330378 0.51825637
13 0.00062662474 0.41491009999999995 0.45915717 0.48570397 0.524648
3 0.0006057522 0.43852398 0.45052877 0.51011735 0.5281609
11 0.0005775069000000001 0.42051774 0.42863932 0.46693256 0.5407634
5 0.00057631923 0.42213285 0.47634044 0.532963 0.5362091999999999
12 0.0005719948 0.44106787 0.47266840000000004 0.5208909 0.5377506
13 0.00053085823 0.96524405 0.5179654 0.993168 0.62369084
11 0.00053054426 0.43602452 0.47284698 0.50426215 0.55652773
13 0.0005150959999999999 0.43128180000000005 0.4373192 0.5011233 0.47941718
9 0.0005139929 0.43356127 0.46579170000000003 0.49927923 0.54500973
11 0.00049844815 0.42790464 0.40672064 0.45738146 0.5617373
2 0.00048324410000000006 0.9593480999999999 0.51684415 1.0 0.60162103
9 0.0004808914 0.44094768 0.46802628 0.4802979 0.5687039
11 0.00045672970000000003 0.44911474 0.41098562 0.4746548 0.5563616
12 0.000446641 0.44306362 0.47995687 0.54327977 0.5268845
13 0.00044560427000000006 0.394489 0.49065685 0.48481098 0.5245337
8 0.00044472687000000004 0.41637763 0.43967143 0.47257093 0.47395429999999994
10 0.0004416493 0.46331409999999995 0.46971430000000003 0.52946 0.5354260999999999
11 0.0004360961599999999 0.9676220999999999 0.5029282 0.9964514999999999 0.6238706
7 0.00043225102 0.94180423 0.5334201999999999 0.9987106 0.59687614
11 0.00042474065999999997 0.426554 0.46256679999999994 0.47074708 0.51698697
11 0.00042312502 0.4629142 0.44606188 0.5142514 0.56317115
1 0.0004140007 0.43633133 0.4789736 0.50402534 0.5477731
2 0.00041354423999999997 0.41232347 0.45991665 0.49143204 0.5367556
7 0.0004070248 0.18757089999999998 0.43178585 0.26464972 0.47805202
12 0.00039623489999999996 0.4154974 0.44366490000000003 0.48696962 0.51205724
2 0.00039238922 0.44261083 0.446945 0.48273852 0.55578166
10 0.00039125472999999996 0.43262088 0.44228959999999995 0.46770707 0.53112525
10 0.00038322089999999996 0.46311545 0.42855653 0.51707727 0.51664096
12 0.00037875303 0.42934176 0.4359605 0.46595702 0.52928257
10 0.00036900447 0.46652445 0.44722155 0.5189947 0.5436982
10 0.00036472778 0.40950063 0.45495169999999996 0.49122757 0.5046132999999999
9 0.00035140247 0.43581244 0.44961676 0.5021207999999999 0.5164939000000001
1 0.00034139260000000003 0.39313295 0.47956818 0.46704343 0.5456998000000001
6 0.00033922172999999997 0.4166745 0.48658866 0.5374472 0.54206455
7 0.00033809454 0.94606817 0.51952356 1.0 0.61927795
7 0.00033718796000000004 0.39647096 0.4776758 0.5014276 0.5443442
1 0.00032801848 0.20357867 0.44679245 0.24897283 0.47032985
1 0.00032445206 0.44129488 0.4905016 0.5161082 0.537044
1 0.00032387584 0.42820740000000007 0.47029012 0.47297170000000005 0.55941767
3 0.00032356093 0.7050949000000001 0.53699464 0.7483475 0.5771804
8 0.00031978195 0.6966914000000001 0.50919944 0.7408718000000001 0.5666891
1 0.0003189696 0.9468769 0.54633623 0.99344915 0.58463305
1 0.00031579824 0.41109082 0.46593976 0.49155837 0.50835377
11 0.00029451689999999997 0.46516842 0.43531114 0.5070992999999999 0.5322595999999999
7 0.0002904954 0.4015548 0.45036185 0.48671368 0.51684254
11 0.00027788352 0.43728950000000005 0.4441503 0.4888291 0.57988375
8 0.00027098157000000005 0.9587003000000001 0.5452052 0.9918351000000001 0.5968140000000001
5 0.00027022632999999997 0.93813515 0.54384404 0.99412596 0.592258
6 0.0002650088 0.9542284 0.541516 1.0 0.5889171
11 0.00026103624 0.22080429 0.44040152 0.2533745 0.47575787
11 0.00024763412999999996 0.46781436 0.47305410000000003 0.5291262 0.54368675
10 0.00023992565 0.45288795 0.43391165 0.48563543 0.56722736
12 0.00023710215 0.44010296 0.46518907 0.4817593 0.5539314000000001
6 0.00022101715 0.2066401 0.44727245 0.26105314 0.47711152
2 0.00021735742000000003 0.22691001 0.43066993 0.28723252 0.47497657
13 0.00021536154999999998 0.9404203000000001 0.5500509 0.99148613 0.57889867
2 0.00021400888 0.57906574 0.42799526 0.6429489 0.47509435
4 0.00021134903 0.44437635 0.4269098 0.4841925 0.55432546
6 0.00020911642 0.4069268 0.48074403 0.49963975 0.5516932
7 0.00020586308999999997 0.42759767 0.47941935 0.5211941 0.5413036999999999
5 0.00019906032 0.41051683 0.4816839 0.46224728 0.5768751
10 0.00019740026999999998 0.42850307 0.47163359999999993 0.5212975999999999 0.5387995
11 0.00019565481 0.44394526 0.46278559999999996 0.4906057 0.5203378
1 0.00019141906999999998 0.41160178 0.4910637 0.496831 0.5393649
7 0.00018203188999999997 0.42920023 0.46123928 0.5130496 0.55857915
2 0.0001813519 0.97141576 0.5071241 1.0 0.61516917
4 0.00017915116000000002 0.41904086 0.46171215 0.48138815 0.56229156
7 0.00017684186000000002 0.43742704 0.42539170000000004 0.47896874 0.55623907
6 0.00017394348 0.43106827 0.4560084 0.53306305 0.5264270999999999
8 0.00017357255 0.2377375 0.48252659999999997 0.53226393 0.90612847
13 0.00017083052 0.94941187 0.5156984 0.99189895 0.5701648
9 0.00017049022000000002 0.42393076 0.44140208 0.4622405 0.5397739
2 0.0001679816 0.9462007 0.5408071 1.0 0.5755358
2 0.00016730394 0.41482604 0.4317795 0.4930174 0.5108881
11 0.00016450335 0.9538280000000001 0.5399541999999999 0.99248976 0.58908606
10 0.00016407712 0.9683405 0.5193538 1.0 0.5907707
10 0.00016066252 0.42624488 0.46543607 0.49347004 0.5538814000000001
12 0.00015709407 0.20953356 0.43387464 0.27866945 0.46281505
12 0.00014892367 0.45048636 0.46078503 0.53651106 0.5044204000000001
12 0.00014733116000000001 0.41962415 0.46342972 0.4895433 0.53675246
7 0.00014436195 0.39139023 0.46173733 0.48057464 0.5679339
7 0.00014177774 0.43690735 0.43681204 0.5097023 0.53597903
9 0.00014175377 0.96589273 0.54173166 1.0 0.5798645
5 0.00014145355 0.9482276 0.54334867 0.99590975 0.6209545999999999
8 0.00013615833 0.14049129999999999 0.41549465 0.45031703 0.91282004
6 0.00013552174 0.42925358 0.43737254 0.49361777 0.53818625
5 0.00012954387 0.1902934 0.44775376 0.25442514 0.47253364
12 0.0001284837 0.4375442 0.42732862 0.5163369000000001 0.4714862
10 0.00012683275 0.97416043 0.49898872 1.0 0.6174542
6 0.00012548117 0.95230675 0.5351794 1.0 0.60694563
10 0.0001223092 0.42234755 0.44190475 0.48888153 0.5177364000000001
7 0.00012216181000000001 0.9605213 0.50881875 1.0 0.6358361
11 0.00011739903000000001 0.44129476 0.43890039999999997 0.48302979999999995 0.5413446
11 0.00011453298000000001 0.97767943 0.4843559 0.99633586 0.6495472
9 0.00010916947 0.4580031 0.46439445 0.5407156 0.5083251
2 0.00010902993999999999 0.44977444 0.45092204 0.52928007 0.5096208999999999
3 0.00010432815 0.7019924 0.5120948000000001 0.7505130999999999 0.56789446
1 0.00010070795 0.40910476 0.4704536 0.45353140000000003 0.54804456
6 0.00010030865 0.41469675 0.44565567 0.47737879999999994 0.52866197
6 9.930403e-05 0.42986540000000006 0.46973452 0.49424508 0.5690079
8 9.832856400000001e-05 0.013504753000000001 0.7069548000000001 0.31067209999999995 0.9625925999999999
4 9.7823664e-05 0.43955627 0.43533117 0.50076497 0.545528
8 9.369978000000001e-05 0.42219540000000005 0.47817862 0.47806433 0.54724133
4 9.0849535e-05 0.47310454 0.4534724 0.5275597 0.51245517
9 8.973079e-05 0.22266568 0.44367778 0.2665508 0.47780314
11 8.826646999999999e-05 0.41062158 0.47178736 0.46884359999999997 0.5471716
7 8.772777e-05 0.39795359999999996 0.4368866 0.47410747 0.5399269
2 8.7058375e-05 0.43805778 0.42523056 0.5174001 0.47872929999999997
7 8.674032e-05 0.430918 0.4460169 0.48294953 0.5864568
9 8.513546999999998e-05 0.45094332 0.44456357 0.51606125 0.48073015
1 8.310468e-05 0.9626643 0.5365506999999999 0.99488944 0.60720795
8 8.261046599999999e-05 0.053242885 0.44168103 0.35261062 0.9029077
7 8.255978000000001e-05 0.93021077 0.5440121 0.9984408000000001 0.5875989
2 8.2360464e-05 0.42871487 0.42587695 0.4699475 0.51391405
1 8.166633000000001e-05 0.4135861 0.48191342 0.48484817 0.55399114
10 8.081343e-05 0.9806166999999999 0.4829535 1.0 0.63633204
1 7.986278e-05 0.93741816 0.5501794 0.9898587 0.57714087
7 7.7001125e-05 0.4192267 0.4316558 0.46417087 0.5550897
1 7.698045e-05 0.44009373 0.46500036 0.51174206 0.5058325
1 7.672768e-05 0.94758457 0.5175045 0.99236184 0.5525718000000001
4 7.659805e-05 0.21985075 0.445147 0.26094314 0.46949127
5 7.539316e-05 0.9644450000000001 0.5510645000000001 0.9959188 0.644278
10 7.536934e-05 0.44006118 0.4526693 0.5083972 0.5466615
7 7.474157e-05 0.95190465 0.49919805 1.0 0.5906147
8 7.296666e-05 0.016023379 0.59085363 0.43426220000000004 0.9455003000000001
8 7.295916e-05 0.027038987999999996 0.39588179999999995 0.26374784 0.91838974
1 7.137594e-05 0.38321748 0.48926490000000006 0.4606286 0.52746123
3 7.06578e-05 0.37014854 0.4332391 0.506113 0.54428506
13 6.957749e-05 0.93926704 0.52353454 0.98796034 0.5618153
13 6.900467e-05 0.21724987 0.37533996 0.5748946 1.0
9 6.857268e-05 0.40590072 0.47818097 0.48094696 0.5315615
10 6.606848000000001e-05 0.46094805 0.44804144 0.5237145000000001 0.504202
3 6.587408e-05 0.41997907 0.43213284 0.5359176999999999 0.53396815
8 6.442881599999999e-05 0.06992345 0.15987216 0.39881277 0.8911127000000001
7 6.40678e-05 0.55506444 0.42691392 0.62853765 0.48102006
3 6.321546999999999e-05 0.56824046 0.45816332 0.6188355999999999 0.50870967
2 6.319633e-05 0.9601693000000001 0.506889 1.0 0.5516291999999999
6 6.2727144e-05 0.39156675 0.49426147 0.49693373 0.5317907
1 6.212759e-05 0.4155722 0.43847129999999995 0.47232488 0.4685959
8 6.135228e-05 0.0018875593 0.70943135 0.52562594 0.96387494
1 5.9672162e-05 0.42755646 0.43700839999999996 0.4913285 0.47020546
10 5.8753690000000006e-05 0.43433523 0.46248454 0.47152194 0.56906354
13 5.7028832e-05 0.39025912 0.43709973 0.5516384 0.55520904
3 5.6851643999999997e-05 0.07078785 0.74813604 0.7067023 0.9768789000000001
10 5.666476e-05 0.41325498 0.48292375 0.47997865 0.53541285
13 5.562979e-05 0.11477821 0.31774315 0.47562897 1.0
13 5.4911303e-05 0.6953326999999999 0.5489609000000001 0.7410595999999999 0.5787302
7 5.4886757e-05 0.9515038 0.5107726 1.0 0.56615597
9 5.4414566000000006e-05 0.4080327 0.46153963 0.47644338 0.50782055
1 5.4185010000000005e-05 0.38120370000000003 0.46332246 0.45596743 0.4974407
1 5.3569292999999996e-05 0.22000712 0.4462789000000001 0.26787403 0.47180533
3 5.3557276000000004e-05 0.05095927 0.6513949 0.5688183000000001 0.9830018
1 5.3413302999999994e-05 0.5646981 0.444742 0.6158628 0.4750259
13 5.2601499999999994e-05 0.562446 0.45643845 0.61479247 0.5029751
3 5.1718800000000004e-05 0.053871643 0.7506584 0.41669318 0.9948841
8 5.1621915e-05 0.68669504 0.5044267 0.7294595 0.5660706
11 5.076399e-05 0.9635676 0.51231134 0.9902634 0.5655526999999999
13 4.9488288e-05 0.44609797 0.46769664 0.49381527 0.5622004
2 4.927291e-05 0.3948325 0.47846213 0.49704725 0.5235021
4 4.8936876000000003e-05 0.96177185 0.5325269 1.0 0.5881943000000001
5 4.810414000000001e-05 0.92583084 0.5508446 0.9913563 0.583443
12 4.6460907e-05 0.95642614 0.5322363 1.0 0.57312405
2 4.625208400000001e-05 0.9625689000000001 0.49308372 1.0 0.5698579
3 4.5629144999999996e-05 0.06362668 0.4823647 0.44014123 0.98175395
12 4.555838e-05 0.57508963 0.43084535 0.64730823 0.46531078
3 4.5232493000000005e-05 0.23023070000000004 0.46698457 0.6320599 0.9655833
1 4.4645036e-05 0.9369084000000001 0.5236576000000001 0.98791295 0.54872817
10 4.3065706e-05 0.9637599 0.50249237 1.0 0.56078535
13 4.2559764999999996e-05 0.0035340264 0.31837583 0.37107670000000004 1.0
9 4.2124970000000005e-05 0.5854395 0.44074336 0.6420799 0.48150977
2 4.1973875e-05 0.4266191 0.45276165 0.47043964 0.5369782
10 4.1573734000000004e-05 0.97184956 0.48061404 1.0 0.5835262
2 4.1288981999999995e-05 0.40894032 0.45474103 0.4910319 0.4943813
5 4.1229202999999996e-05 0.5554701 0.44347718 0.6306715 0.47165507
8 3.9873456e-05 0.32159442 0.17751822 0.6350973000000001 0.922615
8 3.9842416e-05 0.015448741 0.37255734 0.18695287 0.97818726
9 3.93457e-05 0.43971464 0.44341707 0.49575272 0.48123953
8 3.883584e-05 0.89297014 0.49767295 0.96080685 0.62618816
3 3.8791095e-05 0.030272208 0.45347458 0.30784786 1.0
12 3.878447e-05 0.22216329 0.43084455 0.2928285 0.46602163
6 3.8763646e-05 0.44214875 0.46647426 0.5394599 0.51201797
9 3.8313766999999995e-05 0.96615434 0.5159263 1.0 0.5796826
13 3.7640770000000005e-05 0.34884885 0.44609030000000005 0.5128274 0.55937195
13 3.703897e-05 0.005503859 0.52315754 0.48652219999999996 1.0
11 3.6765126e-05 0.41743428 0.45661430000000003 0.4576409000000001 0.51101166
10 3.6190853000000004e-05 0.4380801 0.42990336 0.5023175 0.5151662
4 3.5536108e-05 0.42546132 0.43775117 0.46867427 0.5495688
10 3.4718140000000005e-05 0.22506195 0.43565488 0.27337044 0.48098212
9 3.4447625e-05 0.97632265 0.5382085 1.0 0.61076003
13 3.3730346e-05 0.41444597 0.44404426 0.47147520000000004 0.47394994
6 3.334045e-05 0.39801192 0.46806854 0.48886809999999997 0.5042743
8 3.3141423e-05 0.014576085 0.5913664000000001 0.21916187 0.9731865
8 3.2767628e-05 0.13549593 0.32349348 0.6969776999999999 0.83590484
13 3.2594133000000004e-05 0.0 0.6432188 0.35281312 1.0
5 3.1913052e-05 0.422641 0.44857159999999996 0.49982414 0.48038859999999994
8 3.1751628e-05 0.36190504 0.46799225 0.6387048000000001 0.9256936
9 3.1617645000000003e-05 0.23641489999999998 0.44321224 0.28560027 0.4807639
3 3.116261e-05 0.40005213 0.44232730000000003 0.51461595 0.56450504
5 3.10356e-05 0.94715345 0.52865547 1.0 0.5932168999999999
6 3.077374e-05 0.94496787 0.5144599 1.0 0.55817086
13 2.9955094e-05 0.007415181999999999 0.0 0.42198062 1.0
8 2.9912137e-05 0.5356852 0.71408135 0.8556646000000001 1.0
12 2.9619212000000002e-05 0.43082926 0.45772782 0.46745640000000005 0.5568424
9 2.8690432e-05 0.42407143 0.46234447 0.46120647 0.5783085
5 2.8151273000000002e-05 0.40389404 0.44793108 0.48179686 0.47933397
3 2.7306350000000003e-05 0.9654697 0.549217 1.0 0.61480993
4 2.6937192e-05 0.4556098 0.43733943 0.5091097 0.47686103
10 2.665857e-05 0.5893421 0.42708933 0.6405944 0.48127362
11 2.6170263e-05 0.58758616 0.44070694 0.62655413 0.48151922
8 2.5660886000000002e-05 0.1950794 0.45876536 0.24234413 0.49301636
3 2.5619598000000002e-05 0.32214192 0.20156079999999998 0.7273235 0.9468325000000001
8 2.4456425e-05 0.6008054 0.31821615 0.8907949000000001 0.84598136
3 2.4041131999999997e-05 0.42571348 0.48215303 0.50447893 0.55190533
10 2.3984978e-05 0.46180037 0.4251519 0.51157206 0.47747916
13 2.3816974e-05 0.029691363 0.6590256 0.5891844 1.0
6 2.3668927e-05 0.4273291 0.44455479999999997 0.5221853 0.47942299999999993
12 2.3658067e-05 0.41537399999999997 0.47807893 0.48568773 0.5214162999999999
12 2.3293006999999998e-05 0.96618384 0.50881654 1.0 0.59919953
11 2.2911401e-05 0.23830622 0.43783869999999997 0.27415812 0.47615007
7 2.2841388000000002e-05 0.44166347 0.45885855 0.5234037 0.5101082
8 2.2552870000000004e-05 0.70680124 0.2288178 0.9167816999999999 0.96655357
7 2.2526167999999997e-05 0.4216446 0.43137026 0.49037942 0.5413614000000001
5 2.1616368e-05 0.41702098 0.47632807 0.5366764 0.5097982
7 2.1266253999999997e-05 0.3823542 0.4857502 0.46325420000000006 0.5423836
6 2.1071914999999998e-05 0.21893957 0.4459755999999999 0.28082764 0.47878078
4 2.1066377000000003e-05 0.41279247 0.47118923 0.46981043 0.53993666
6 1.9912417e-05 0.5704802 0.44465572 0.62702304 0.477921
4 1.9709072e-05 0.2399955 0.44392076 0.27950418 0.47183183
11 1.9545178e-05 0.9562511 0.5192265 0.9868822 0.5600115
5 1.921215e-05 0.9399238000000001 0.5283399999999999 1.0 0.56477
13 1.8472394e-05 0.5612895999999999 0.31056809999999996 0.9390097 1.0
12 1.8248807e-05 0.95832163 0.5057824000000001 1.0 0.5508776
10 1.8230514e-05 0.44740418 0.42829636 0.49618950000000006 0.47802170000000005
