8 0.57226133 0.27632546 0.72958493 0.44851393 0.8519357
8 0.55650425 0.71797824 0.7237385999999999 0.78340185 0.8099655
3 0.40005502 0.717527 0.7055235 0.7926728 0.81807804
3 0.13557075 0.297681 0.7577093 0.43283686 0.8594183000000001
3 0.040116195 0.7184406 0.70492345 0.79184335 0.76446456
13 0.019148263999999998 0.70301664 0.7103343000000001 0.7758706999999999 0.801403
8 0.015957516 0.6917791999999999 0.6778438 0.81936246 0.84607756
8 0.011272053 0.30420056 0.76973295 0.404654 0.84032565
13 0.01001226 0.72129333 0.71043783 0.79778826 0.80442655
13 0.008180475999999999 0.710534 0.73775643 0.78029656 0.80974156
8 0.007654354 0.32798484 0.7639198 0.42163846 0.8539153
13 0.007053559599999999 0.7029892 0.7487188 0.801975 0.79851556
2 0.006816263 0.70169294 0.71005696 0.8009503000000001 0.7708605
8 0.006502765 0.29255816 0.43681404 0.41647336 0.6180143
8 0.006141208 0.7154911999999999 0.7054461 0.78317845 0.7622722
8 0.0043537645 0.28175905 0.7519321 0.33846763 0.80845785
3 0.0039222157 0.7133628000000001 0.7176741 0.81000125 0.79917353
9 0.0036298365 0.73254013 0.7184381999999999 0.787647 0.79262537
8 0.003451296 0.25243372 0.4420232 0.4422573 0.7656866999999999
2 0.0033383856 0.72007483 0.689118 0.791024 0.7861784
1 0.0031175974 0.68333584 0.72495544 0.7547701 0.7934551
9 0.0028665382 0.7322139 0.7534403000000001 0.8129571999999999 0.8050199
12 0.002797531 0.7247846 0.7468633000000001 0.811612 0.7997985
12 0.002763399 0.7234114 0.70728457 0.7934564000000001 0.79379714
9 0.0024868857999999997 0.72982013 0.7426019 0.7913131999999999 0.8179668000000001
13 0.0024352986 0.71075845 0.7041506999999999 0.78911865 0.7606282
1 0.0020738048 0.7019376 0.7279244 0.7714384 0.8015005999999999
12 0.0019442899 0.70658135 0.7134341 0.8057635000000001 0.7777904999999999
12 0.0019322168 0.72685504 0.7364712 0.7933861 0.8153019
8 0.0018411991 0.7213563000000001 0.6965345000000001 0.766937 0.8034748
10 0.0016511957999999999 0.7259263000000001 0.74190015 0.8037510999999999 0.8129940999999999
2 0.0016429168 0.7139039 0.72768515 0.78536963 0.82335216
3 0.0016290525 0.28779295 0.76377547 0.33501366 0.7990403
5 0.0015833323000000001 0.6970585 0.7554148 0.783276 0.82065374
8 0.0014595874 0.3515292 0.8038276 0.42341176 0.85652095
8 0.0014500066 0.30029422 0.74792904 0.37346303 0.8453863000000001
13 0.0014236065 0.6713581999999999 0.7329352 0.80797017 0.854666
8 0.0014197328 0.7081149999999999 0.71612954 0.781188 0.78509986
13 0.00138956 0.30505496 0.7543337 0.46154368 0.88376117
2 0.0013820376 0.7055648 0.7422873999999999 0.7972556 0.8020338
13 0.0013310964 0.70882154 0.7077262 0.80190134 0.8904190999999999
9 0.0012888394 0.71410877 0.7274243 0.79076475 0.7834161000000001
5 0.001260495 0.69824994 0.730534 0.78123474 0.7880798000000001
1 0.0011317696000000001 0.7244618 0.7292903000000001 0.78781784 0.8015583000000001
10 0.001098359 0.73441696 0.72210914 0.7939826 0.82474315
9 0.0010789187 0.749626 0.7227805 0.8082809 0.79057956
6 0.0010338139999999999 0.7005428000000001 0.7312373999999999 0.7951863 0.79065365
7 0.0010013687 0.7045135 0.753907 0.7930313 0.8144163000000001
13 0.0009908878999999998 0.29019824 0.78420967 0.43688318 0.8874385
6 0.000985692 0.72591096 0.76004106 0.80236834 0.8119168999999999
4 0.00096028985 0.72895736 0.7383522 0.7988704000000001 0.8143934
9 0.00091189565 0.7166969 0.7163188 0.7705204999999999 0.79846627
6 0.0009111302000000001 0.72080153 0.7176189000000001 0.7990758000000001 0.8061705
8 0.00090287265 0.2685659 0.45096323 0.4395923 0.58085185
7 0.0008804317 0.72119075 0.6923128000000001 0.78248674 0.8121538
4 0.00084120966 0.72817785 0.70450646 0.79088634 0.80524415
11 0.0008298919 0.3235047 0.69255143 0.44107407 0.9093241
7 0.00079084444 0.68772954 0.714328 0.79439265 0.79485923
8 0.0007887468 0.32630464 0.80042744 0.40808418 0.8569476999999999
7 0.00074097945 0.71120054 0.73574793 0.77854234 0.8366464
11 0.0006913937400000001 0.73916984 0.7280293999999999 0.77177894 0.84473884
5 0.0006870342999999999 0.6866066999999999 0.7473516 0.7683656999999999 0.8131746
8 0.00066855067 0.29785353 0.75236446 0.3759607 0.8093395
3 0.0006435739 0.32446438 0.7662878000000001 0.41289592 0.86094785
8 0.0006310787999999999 0.7258539 0.7646177 0.7738571 0.8283671999999999
4 0.00061882753 0.7502448 0.70542544 0.80221504 0.79585105
1 0.00061482453 0.7073067 0.7542095 0.77634364 0.82869667
1 0.0006109415 0.690104 0.75068855 0.7590853 0.81842846
8 0.00060653343 0.33973864 0.75356567 0.39969520000000003 0.8633616
8 0.00059950416 0.28040364 0.3150549 0.4354951 0.79493034
5 0.0005729773 0.6622821999999999 0.73341966 0.77659595 0.77255136
8 0.0005713337000000001 0.11715153 0.47710969999999997 0.39342687 0.7726582
11 0.0005610832599999999 0.7396092 0.75938976 0.7795331 0.8262509
7 0.00054981816 0.69839627 0.69461507 0.7669781999999999 0.8163842
5 0.0005443057 0.672767 0.76044023 0.7988381 0.7989741
8 0.00052771874 0.31042746 0.7984704 0.38385895 0.8544478999999999
2 0.0005101877 0.304608 0.74414736 0.49010175 0.87822706
13 0.0004976688 0.69165176 0.7314066 0.77002376 0.77949345
11 0.0004964805599999999 0.7206044 0.70729613 0.7533382 0.8150595
11 0.00049464346 0.72063154 0.7243826999999999 0.7585626 0.8484654
10 0.00048683989999999996 0.7341634 0.69649225 0.7964475000000001 0.7950845999999999
13 0.00046130050000000005 0.28482473 0.45045054 0.42770654 0.6238816999999999
10 0.00045750535000000004 0.7235121999999999 0.7395956 0.78074634 0.82749456
7 0.00043301724 0.7373779 0.7028300999999999 0.7985485999999999 0.80778295
3 0.00042055282 0.31072572 0.45320708 0.46367142 0.6198336
4 0.00040641372000000005 0.70893586 0.7242149999999999 0.7899381999999999 0.7879998
11 0.00036289449999999995 0.7384649999999999 0.71620405 0.76784605 0.8102949
8 0.0003605255 0.2744292 0.4934781 0.40506637 0.6254005
11 0.00035468602 0.36464942 0.6860826 0.48407829999999996 0.9169517
6 0.00034822582 0.70756596 0.75231415 0.7882307 0.8142899
10 0.00034664726000000005 0.7214014 0.7076531 0.7822071999999999 0.80030745
9 0.00034216826 0.71555275 0.74063617 0.7745177 0.8259384
11 0.00034042043 0.722492 0.75570375 0.76635027 0.8248690000000001
10 0.00032832508000000003 0.70553845 0.71886516 0.7972465 0.78691214
9 0.00032474277999999996 0.33397448 0.77817655 0.47792083 0.88740236
1 0.00032351151000000004 0.70678884 0.710437 0.7792451 0.7544320999999999
1 0.00031551337000000005 0.68373305 0.7057431 0.76724714 0.75039756
13 0.00029669344 0.28333357 0.76398265 0.3297197 0.8079708000000001
13 0.0002864978 0.22761093 0.34915468 0.48417526 0.78266037
5 0.00028150833999999997 0.7169758 0.73371726 0.80048096 0.792663
2 0.00027422755 0.33338377 0.698807 0.5023755999999999 0.8657389999999999
2 0.000273546 0.66709864 0.68774325 0.8796663 0.83942664
3 0.0002724071 0.3100245 0.7743374 0.40843332 0.8395893
2 0.00027228208 0.7198340999999999 0.68893033 0.80733013 0.7520477
7 0.0002555259 0.69331294 0.7332933 0.76434094 0.84181726
4 0.00022025367 0.71356857 0.74409056 0.78233314 0.8132059
12 0.00021607282000000002 0.7197185 0.68640304 0.8034217 0.74758506
5 0.00020619880000000002 0.22686079 0.78870326 0.46359870000000003 0.88239914
13 0.0001973695 0.27644876 0.45856848 0.47794220000000004 0.58928555
12 0.00019478613 0.73568636 0.7028072 0.771722 0.813819
9 0.00019065381 0.3168174 0.75483066 0.457784 0.86573076
13 0.00019048034 0.18579425 0.43852288 0.52588737 0.7480505999999999
1 0.00018976143 0.25232807 0.7653579 0.4122201 0.8591808000000001
11 0.00018440936000000001 0.7181564 0.73305565 0.76223785 0.79759437
7 0.0001755994 0.23723456 0.74344796 0.4662749 0.8998572
13 0.00016572379 0.28346473 0.74299026 0.43286709999999995 0.8647736999999999
3 0.00016271367 0.30011004 0.7600019 0.37807673 0.8000478
8 0.00016080213 0.37730554 0.80256957 0.4317678 0.8532055000000001
13 0.00014281026000000001 0.3422829 0.77346885 0.42544309999999996 0.8531948
8 0.0001423717 0.28098744 0.15469929999999998 0.6022349 0.8852065
3 0.00014002617 0.32076520000000003 0.7473677 0.46008712 0.8692513000000001
4 0.00013869163 0.33190358 0.7361439999999999 0.47495335 0.89505386
12 0.00013865861 0.74230945 0.7225849 0.82026124 0.7783992
10 0.0001357914 0.38798136 0.70225775 0.52433515 0.887655
8 0.00013453707 0.03720665 0.34732518 0.6093313 0.8624178
7 0.00013250115 0.7162878 0.6954971 0.79198164 0.76377434
9 0.00012197222999999999 0.73311126 0.7105524999999999 0.8016803000000001 0.756166
1 0.00012151306 0.671603 0.73391193 0.75026006 0.77771705
8 0.000120787256 0.32919058 0.32357967 0.65910673 0.9025662
10 0.00011926493 0.3348313 0.7092012 0.49717414 0.8943769
13 0.00011653739 0.058914125 0.44664090000000006 0.44260550000000004 0.7562123000000001
4 0.00011643844999999999 0.37362394 0.740135 0.50621593 0.90365356
3 0.000115859126 0.32507590000000003 0.80197495 0.41711828 0.8633495000000001
8 0.00011472316 0.19703248 0.40160477 0.4798943 0.6851294
8 0.00011301639999999999 0.16374403 0.49077898 0.6830156 0.9535946
1 0.00011196141000000001 0.730011 0.73293173 0.79896843 0.7830776999999999
3 0.000109785455 0.29399288 0.4380840999999999 0.440593 0.66212875
13 0.00010811786 0.2561195 0.7726828 0.39860284 0.8783544
11 0.00010472634 0.75806767 0.71656287 0.7860519 0.8007901999999999
1 0.00010331708 0.7000474 0.7006095999999999 0.747668 0.785404
1 0.00010233455 0.27490905 0.76279575 0.32674548 0.8010822
12 0.00010217003000000001 0.251365 0.73699415 0.48864090000000004 0.8444292999999999
8 0.00010211943999999999 0.09283317599999999 0.23923281 0.5087217 1.0
2 0.000101092475 0.69301087 0.62247974 0.84228843 0.8305813
8 0.00010106546999999999 0.28780812 0.76647615 0.3494085 0.83543634
1 9.803886e-05 0.64969563 0.7194461 0.7972311 0.8439401
6 9.742873e-05 0.6226533000000001 0.7352472 0.8522801 0.85895675
2 9.74028e-05 0.73219 0.71695274 0.81112313 0.7827783
3 9.602401e-05 0.34299594 0.75711375 0.40284628 0.8728454999999999
2 9.576008e-05 0.28723484 0.7538064999999999 0.35271615 0.79873824
7 9.416771e-05 0.694912 0.6948757 0.77278 0.76575875
8 9.1327995e-05 0.26723704 0.5379385 0.39279553 0.66436744
3 8.863954e-05 0.36611804 0.8048609999999999 0.43519983 0.8662924999999999
1 8.737442e-05 0.7194653 0.7059632 0.7660206999999999 0.80125785
5 8.477677e-05 0.7265165 0.7345188 0.7681323 0.82552594
12 8.2575556e-05 0.7235269 0.6691834 0.7855529 0.7640714
13 8.121345e-05 0.32148093 0.7844269 0.41787863 0.8345921000000001
1 8.115301e-05 0.25328127 0.79086417 0.41739866 0.89146423
5 7.839636e-05 0.6670361 0.73421985 0.79943556 0.88430434
7 7.833350999999999e-05 0.6495006999999999 0.6500555 0.81583464 0.9233676
9 7.716078e-05 0.7191219 0.69690233 0.8138145999999999 0.8781704
5 7.4452844e-05 0.6196196999999999 0.74364895 0.8099920999999999 0.85495293
4 7.255010000000001e-05 0.7356773 0.69991505 0.80148953 0.753221
9 7.099955e-05 0.715845 0.7071854000000001 0.7815088000000001 0.7577311
8 7.067513e-05 0.2968677 0.7421072 0.36095336 0.82270986
5 6.9232425e-05 0.23835250000000002 0.76819074 0.47421017 0.8539860999999999
7 6.866325e-05 0.5987214 0.7053944000000001 0.8484974000000001 0.8897325
3 6.8529225e-05 0.29358998 0.47022983 0.47940424 0.83526343
5 6.74969e-05 0.72401226 0.7568176 0.76733756 0.8486617000000001
3 6.720496999999999e-05 0.29802814 0.76613486 0.38130125 0.84021986
11 6.698642e-05 0.2738052 0.67581093 0.39842516 0.9072027
9 6.614549e-05 0.7307397 0.7039022 0.7824621 0.7761321
8 6.466552e-05 0.5627612 0.23972106 0.8806716 0.94297105
6 6.452029e-05 0.2683394 0.7861726 0.5043803 0.8968845
8 6.41961e-05 0.29515344 0.57042867 0.5552884 0.86330014
8 6.410706999999999e-05 0.018151067 0.1612431 0.22729233 0.78527856
6 6.401547e-05 0.7076022 0.70454484 0.81253725 0.7585321
8 6.250064999999999e-05 0.6785100000000001 0.18509446 0.90863127 0.8519523999999999
8 6.213001999999999e-05 0.27645677 0.48127890000000006 0.42513698 0.84914404
3 6.187434000000001e-05 0.33494070000000004 0.7775329000000001 0.43383905 0.8510145
12 6.139786e-05 0.73856854 0.73289907 0.7759694 0.84425807
8 6.054986e-05 0.7077661 0.73983276 0.76365525 0.8054544
13 5.852584e-05 0.29956132 0.7826041 0.38650888 0.83354366
9 5.8216256999999996e-05 0.7074798000000001 0.7269842 0.8641607 0.8530613000000001
13 5.7011268e-05 0.0 0.0064928 0.24384743 0.8253193999999999
1 5.6992863e-05 0.6359918000000001 0.6964699000000001 0.7928257 0.80853873
8 5.68018e-05 0.3572767 0.6754375 0.48438278 0.82715565
6 5.6033812e-05 0.24232744 0.7523463 0.50719726 0.8712068000000001
1 5.590696e-05 0.22990769 0.72852397 0.4178285 0.82137454
10 5.548389e-05 0.7369844 0.6891049 0.8024311 0.7580769
5 5.494491e-05 0.7108274 0.71859455 0.7523975 0.81464225
1 5.359833000000001e-05 0.19602863 0.7575472 0.35902274 0.8467474
8 5.28425e-05 0.062467754 0.24668606 0.37031215 0.92861366
12 5.2811930000000004e-05 0.6674306 0.63298315 0.84103245 0.8161085
1 5.192376e-05 0.28181434 0.75939274 0.34164453 0.8031716
8 5.0195024e-05 0.3833959 0.5262481999999999 0.85753417 0.96049935
11 4.980468e-05 0.7362113 0.60352933 0.80521417 0.89050657
5 4.709286e-05 0.6841519 0.7091006999999999 0.76934874 0.75609994
4 4.686424699999999e-05 0.7555706 0.72040236 0.8134373 0.7769050999999999
12 4.567608e-05 0.7278374 0.6824520000000001 0.76347977 0.81119686
13 4.547264e-05 0.3199784 0.7773449 0.39779022 0.8535642
12 4.5148583e-05 0.6541292 0.69471276 0.9031418999999999 0.8060897
10 4.5146822e-05 0.74688095 0.70703256 0.7749229999999999 0.8317681
10 4.3868843999999996e-05 0.74771744 0.6758633000000001 0.7753161999999999 0.80233496
3 4.2396845000000004e-05 0.41579854 0.31817209999999996 0.76349247 0.98240894
13 4.228494399999999e-05 0.7160755999999999 0.7887291000000001 0.7820979 0.8222446
2 4.1984018e-05 0.7288438 0.71806556 0.7721058000000001 0.8386761
8 4.0602154e-05 0.29858112 0.7937987 0.3445748 0.85233265
13 3.992637e-05 0.34366643 0.20823346 0.6858181 1.0
9 3.863401e-05 0.73583364 0.70923793 0.7704071 0.8101871999999999
6 3.8625363e-05 0.73486376 0.7325661 0.8240930000000001 0.79131395
8 3.8565948e-05 0.70809585 0.70000607 0.76517767 0.7509292
13 3.8094570000000004e-05 0.26440573 0.5067885999999999 0.47259146 0.6294105
7 3.8033635e-05 0.73182523 0.7221709 0.80909896 0.78787875
5 3.8015685e-05 0.7118523 0.70639986 0.7753763000000001 0.77493143
13 3.792003e-05 0.24069828 0.48285237 0.4269923 0.5959243000000001
3 3.7711950000000004e-05 0.73537385 0.7506291 0.78801966 0.8420646999999999
13 3.7044614e-05 0.57477033 0.032378037 0.93930304 1.0
1 3.699618e-05 0.7221309 0.73105913 0.76455903 0.8330549999999999
10 3.4513712e-05 0.3743697 0.75264275 0.41741064 0.84036094
7 3.4401863e-05 0.26873058 0.757256 0.34122509999999995 0.81005794
13 3.402751e-05 0.7018300999999999 0.70951885 0.7640696 0.7507315999999999
13 3.39933e-05 0.31371006 0.8134136 0.41191325 0.8586610999999998
8 3.3660904999999995e-05 0.44306546 0.18088773 0.76947826 0.9944158000000001
11 3.3191859999999994e-05 0.72399896 0.66258794 0.7496305 0.8340634
13 3.314924000000001e-05 0.2622063 0.41911057 0.43589452 0.56567985
11 3.264930999999999e-05 0.7277884 0.6981480999999999 0.7671201999999999 0.7612251999999999
11 3.2289816e-05 0.74463737 0.7023653 0.78311694 0.76121116
3 3.158938e-05 0.56566656 0.27978805 0.89804125 0.9684316999999999
12 3.1217199999999996e-05 0.26496820000000004 0.7693426999999999 0.51388574 0.8692960999999999
2 3.1012616e-05 0.27159688 0.71428704 0.4564213 0.8451854
8 3.100033e-05 0.19622874 0.37387937 0.49336553 0.9816726999999998
10 3.0945404e-05 0.7400128 0.6756925 0.7906347 0.77492124
6 3.0789448000000005e-05 0.6181772 0.7013608 0.8510356 0.8192851000000001
13 3.071791e-05 0.620395 0.016758258 0.9824966999999999 0.76476914
10 3.0536509999999995e-05 0.38883033 0.7494311 0.43187794 0.8453208000000001
11 3.0473891e-05 0.7459674 0.67151135 0.76499045 0.817761
12 3.0458987999999998e-05 0.6476043 0.66509765 0.8908778 0.7828948
10 3.0301609999999995e-05 0.75615865 0.7149262 0.81501144 0.7812236
11 3.0292140000000004e-05 0.36950126 0.7409262 0.4052334 0.875632
13 3.0135017e-05 0.29355597 0.7642177 0.36452496 0.81271553
8 2.9943194e-05 0.42992508 0.6932921 0.47349125 0.75124866
12 2.8674687e-05 0.3540477 0.7777352 0.4114584 0.8500331
2 2.7503575e-05 0.26293653 0.42935829999999997 0.67854744 0.74693066
11 2.7502043e-05 0.33643395 0.76691943 0.39031065 0.8581148999999999
9 2.7266618e-05 0.29157567 0.7672489 0.34332192 0.80777055
3 2.7194064e-05 0.31784084 0.75734836 0.40207294 0.8033661999999999
13 2.7173056999999998e-05 0.29304492 0.7727055 0.3637458 0.84721416
8 2.7063712e-05 0.57280463 0.7035258000000001 0.9073824 0.9693755999999999
12 2.7002087999999997e-05 0.36802998 0.78025854 0.4252495 0.8478687
2 2.552716e-05 0.27921999999999997 0.33931077 0.5613978000000001 0.72740704
11 2.496987e-05 0.718761 0.6788702 0.82908374 0.87373173
13 2.4956591e-05 0.16703537 0.37596458 0.50462854 0.68396336
8 2.4666439e-05 0.3265958 0.7502337 0.40120462 0.8261603999999999
13 2.40631e-05 0.34605113 0.7677005 0.39859435 0.8795023999999999
10 2.3744189999999998e-05 0.3658913 0.8070695999999999 0.42083183 0.8537372
3 2.3742336e-05 0.34943265 0.29409027 0.6807055000000001 0.93230516
10 2.3649452e-05 0.36044598 0.7761095 0.42448682 0.8318589
1 2.337411e-05 0.3268571 0.7675904 0.40253390000000006 0.84650594
11 2.3332219e-05 0.31828532 0.76939124 0.3741552 0.8590293
3 2.3080789999999997e-05 0.041498058 0.21655938 0.26819515 0.8090504
3 2.2868322e-05 0.42645615 0.68412334 0.48595744 0.7806463
11 2.2844777e-05 0.74274594 0.68528414 0.7741613 0.7762315
11 2.277306e-05 0.35659438 0.76684123 0.4047686 0.85334355
13 2.2623197e-05 0.5044358 0.04473575 0.88385296 0.7383883000000001
12 2.230385e-05 0.28987628 0.71389693 0.50876087 0.8265026
9 2.2086862e-05 0.3018301 0.76700413 0.36102062 0.8125828
13 2.2059405e-05 0.31099385 0.75900614 0.4208964 0.9338469000000001
1 2.1850306e-05 0.28293076 0.7781513000000001 0.37217888 0.8311298
8 2.1840073e-05 0.5244531 0.17724742 0.84207135 0.75865877
8 2.1719677999999998e-05 0.2806008 0.77106667 0.3286584 0.8296713
4 2.1527527e-05 0.7311970999999999 0.6869254 0.78966105 0.7654126
7 2.1516323999999998e-05 0.6733793 0.72148585 0.7686019000000001 0.7926188
10 2.1435344e-05 0.73037165 0.70219624 0.7624484 0.8057479999999999
9 2.1133409999999997e-05 0.7366344 0.7435678000000001 0.7712579 0.84715784
3 2.0913969999999998e-05 0.038484044 0.30588564 0.26075485 1.0
2 2.0863000000000003e-05 0.7323588000000001 0.6780333000000001 0.7761619000000001 0.80510086
10 2.0755439e-05 0.30197844 0.7499984000000001 0.34624127 0.8130170999999999
8 2.0451846000000002e-05 0.6924599 0.3243807 0.93473464 0.9475046999999999
13 2.0348903e-05 0.34300944 0.81343794 0.42780438 0.8595569
12 2.0098663e-05 0.7498241999999999 0.7529087 0.81741375 0.8033716999999999
11 1.992884e-05 0.71257615 0.7218186 0.7529986 0.78789
4 1.9814066e-05 0.7138485999999999 0.6987419 0.78492105 0.7513486
8 1.9464202e-05 0.74298483 0.7693899000000001 0.7873514 0.82766134
13 1.9167337e-05 0.07196358 0.4694692 0.7108413 1.0
7 1.9016162999999998e-05 0.72467226 0.72531337 0.76572627 0.865534
12 1.9000678e-05 0.35240920000000003 0.7853883 0.42855802 0.8342957000000001
6 1.8944373e-05 0.7296125 0.7484850000000001 0.7844302 0.8374578000000001
9 1.8788713e-05 0.29454517 0.77105814 0.42751459999999997 0.8873338
11 1.8597506e-05 0.35698017 0.8003613 0.40452144 0.8728706
3 1.8564275e-05 0.38772047 0.8064254 0.44606286 0.86572117
9 1.8558992e-05 0.29817012 0.40127853 0.49643657 0.82869744
10 1.838662e-05 0.7420584 0.57811385 0.8440360999999998 0.9367656999999999
9 1.8222741e-05 0.37791255 0.78227556 0.43540236 0.85358274
8 1.7775106000000002e-05 0.40320653 0.14241521 0.71487325 0.811232
11 1.7742726e-05 0.2973261 0.7486122 0.3389408 0.8109166999999999
6 1.7642653e-05 0.25677228 0.76487184 0.36229807 0.8046766
8 1.7562685e-05 0.43052852 0.6674688 0.47567868 0.72901803
8 1.7545965000000002e-05 0.075453386 0.10896007 0.36765873 0.6723687
4 1.746914e-05 0.7234764 0.6655456999999999 0.8256341 0.8795888000000001
