3 0.9898475 0.6891034 0.51825476 0.76624745 0.59021825
8 0.762744 0.028905358 0.45908892 0.17567086 0.59933823
8 0.64681864 0.050137293 0.48257738 0.160607 0.5834041
8 0.49529663 0.38272905 0.5142065 0.7281211999999999 0.878242
3 0.48633322 0.37665954 0.48593277 0.4750247 0.5480547
3 0.48332047 0.0475676 0.4728208 0.17172658 0.5834815
3 0.45202845 0.63696516 0.5299753 0.6980665 0.5868389
8 0.43058553 0.3679199 0.48673615 0.47144943 0.5510198000000001
3 0.36043936 0.39800748 0.5334738 0.7120068 0.8688708
8 0.25241345 0.35950834 0.49909505 0.46381682 0.5639887
3 0.19669 0.5758800999999999 0.51468426 0.640426 0.55854046
8 0.028617298 0.31777573 0.43815503 0.7214616999999999 0.9825870000000001
13 0.020777376 0.39981613 0.54486567 0.8188255999999999 0.8549243000000001
8 0.01676461 0.6980441 0.51079977 0.765538 0.5823724
8 0.015926406 0.5627312 0.50431466 0.64113235 0.56725264
3 0.012098356999999999 0.64227325 0.52525634 0.7322219 0.5907279000000001
8 0.010704001000000001 0.27436414 0.48202062 0.6330296 0.8387299000000001
8 0.01016872 0.62707275 0.5209692 0.7070936999999999 0.59257525
13 0.008542886999999999 0.56868553 0.5163333999999999 0.6462146 0.5703555
9 0.008053961 0.06128722 0.49537346 0.18123159 0.5704638000000001
13 0.0077183763 0.29695845 0.5933345 0.6648944999999999 0.84335846
13 0.007430769499999999 0.39071098 0.47773638 0.4789625 0.54581714
9 0.0059757335 0.47002444 0.55694485 0.87803495 0.8202332
2 0.0057994959999999995 0.43633032 0.47132647 0.8207278 0.82512325
8 0.0057887323 0.34502859999999996 0.37192420000000004 0.83434236 0.9160594000000001
8 0.005741194399999999 0.6868701 0.51545596 0.77766085 0.59693056
8 0.005436505699999999 0.9367344999999999 0.45408708 0.98672676 0.49540016
2 0.004777386 0.23984446 0.5088282000000001 0.7303944 0.7894189
1 0.0047695762 0.169575 0.5877824 0.55540603 0.812321
13 0.0046585677 0.3707809 0.5038571 0.47869003 0.5632378
13 0.0046379655 0.07074003 0.49940735 0.17644566 0.57310253
3 0.0043481817 0.39036432 0.5216348 0.47158936 0.5875756999999999
13 0.0042608706 0.39288145 0.48849753 0.47574893 0.58347374
12 0.0041397987 0.39553457 0.5204174 0.9315515 0.8036466999999999
9 0.004029127 0.099896334 0.49179098 0.16269471 0.56935924
13 0.0040264903 0.6892713 0.51736844 0.7787634 0.5838134
8 0.003926586 0.33516052 0.47558922 0.5195047 0.59521294
13 0.0037549199 0.3714038 0.48698726 0.45040748 0.5685935999999999
13 0.0037362357 0.035659138 0.50016606 0.21092077 0.61141425
8 0.003543707 0.3523147 0.49995509999999993 0.5873234 0.6273787
6 0.003542768 0.37309164 0.60392845 0.92063564 0.85702324
3 0.0033049985999999997 0.64019513 0.5162235 0.6963103 0.5750215
5 0.0031202135 0.0 0.5163283 0.18567052 0.56726336
1 0.0030114735 0.41847807 0.5986537 0.78756917 0.8510336
9 0.0029496348 0.039671822999999995 0.46220988 0.18442248 0.580687
9 0.0029479463 0.34088928 0.54880774 0.64972526 0.8404957000000001
13 0.0028702787 0.36175959999999996 0.4814232 0.45427629999999997 0.53977126
12 0.0027271674 0.06448585 0.5039994000000001 0.1879201 0.56462085
13 0.0026405597999999996 0.37689584 0.49585104 0.72165513 1.0
6 0.0026137826 0.19148041 0.6030748 0.7191053000000001 0.8407935999999999
7 0.002500322 0.36311709999999997 0.51599836 0.8380883 0.8939669
13 0.0024727867 0.041865315 0.48572755 0.14794174 0.57185936
4 0.0023931514 0.07760252 0.48707790000000006 0.17415653 0.5793518
13 0.0022766970000000003 0.62122625 0.5436118000000001 0.69845164 0.59831023
13 0.0022564046 0.05536372 0.4735812 0.19115259 0.6600244000000001
6 0.0022364743 0.060526192 0.50630325 0.17608237 0.5749545
4 0.0021178026 0.50145876 0.54067904 0.92037505 0.897918
5 0.002107622 0.13637155 0.60658926 0.61098653 0.80014944
2 0.0019924215 0.03944268 0.48009455 0.25338396 0.6132770000000001
9 0.0019436401999999998 0.048391134 0.47902885 0.22429727 0.60139966
9 0.0019188699 0.05321512 0.5101102 0.24723361 0.6327044
2 0.00183216 0.56493914 0.501409 0.65849227 0.5544439
10 0.0018143298 0.05342122 0.49790782 0.15867808 0.562087
8 0.0017952814999999999 0.11796538 0.5029085 0.6655909999999999 1.0
2 0.0017799132999999998 0.37243712 0.5014662999999999 0.48673317 0.56170523
7 0.0017578653 0.7023903 0.5042221 0.78962064 0.5771352
7 0.0017421835999999998 0.14443865 0.5318834 0.66071975 0.9135606
9 0.0017379478 0.050546873 0.4895192 0.15028274 0.65052974
5 0.0017301759 0.32313216 0.6070456999999999 0.83883667 0.85518914
13 0.0017152659 0.030601995 0.474905 0.19316784 0.583225
3 0.0016778396 0.39374822 0.49935696 0.6119441999999999 0.60581785
9 0.0016493725 0.38782477 0.49077079999999995 0.47799189999999997 0.5367724
1 0.0016295959 0.07452486 0.49524120000000005 0.15748338 0.58494294
9 0.0016059283999999999 0.081731625 0.49264345 0.19324507 0.64649266
2 0.0015987629999999998 0.39188638 0.47439983 0.48373285 0.52923524
12 0.0015908172 0.10062252 0.5062889 0.16508453 0.57991195
3 0.0015602532999999998 0.55318326 0.5367459 0.72101074 0.8396863999999999
12 0.001523667 0.26765314 0.522266 0.7700821999999999 0.7699599
2 0.0015172779000000001 0.060507596 0.49765447 0.16912829999999998 0.5639571
11 0.001482169 0.08648181 0.50733787 0.15563148 0.57796633
12 0.0014104154999999999 0.40684092 0.48325467 0.49590029999999996 0.53317285
8 0.0013403757 0.40182979999999996 0.63920593 0.5773041999999999 0.83252394
9 0.0013157825 0.44181082 0.5650467 0.7474531999999999 1.0
3 0.0013071675 0.61282295 0.5310928 0.68856746 0.5899274
9 0.0012907302 0.076758996 0.49278468 0.14853936 0.5829502
2 0.001272765 0.36375895 0.3624452 0.7534888000000001 0.9016476999999999
9 0.0012642448 0.41470640000000003 0.48927116 0.49841386 0.53361166
1 0.0012634026 0.052091617 0.5057676 0.15650749 0.5706614999999999
11 0.0012433128 0.40255684 0.49860367 0.46310592 0.58041745
7 0.0012325841 0.54606295 0.50143313 0.6574245 0.57505304
9 0.0011799735000000001 0.70519483 0.5134844 0.79754144 0.5606095999999999
5 0.0011206163 0.0 0.51756805 0.17078382 0.6179366
8 0.0011140658 0.10180497 0.29079363 0.67604756 0.8754566999999999
7 0.0010867325 0.24561556 0.39226806 0.7540691999999999 1.0
2 0.0010811285000000002 0.06945759 0.41689685 0.21519616 0.63028574
8 0.0010507752 0.64002156 0.51980835 0.73435766 0.6029185
2 0.0010335306 0.39421213 0.48092159999999995 0.46872354 0.57130253
1 0.0010264582000000001 0.5610323 0.5196321 0.6332163000000001 0.5667637
4 0.000998586 0.10423477 0.45928106 0.16118613 0.58331263
8 0.0009926539 0.04679919 0.50809526 0.14219683 0.59415036
8 0.0009858286 0.5058153000000001 0.6488134 0.6790666999999999 0.84976476
11 0.0009796409 0.28474241 0.5388656999999999 0.5391776 0.85151565
8 0.0009558199000000001 0.36849895 0.5246476999999999 0.45449140000000005 0.5854092
13 0.000936309 0.6919441 0.5373093000000001 0.79271984 0.5978998999999999
3 0.0009269989 0.28910518 0.5094285 0.6897496 0.9821398000000001
12 0.0009236492300000001 0.37666172 0.47949165 0.46864880000000003 0.53501785
9 0.0009179186999999999 0.37300333 0.48838630000000005 0.45176768 0.5374916000000001
7 0.0009144935 0.36494306 0.4915231 0.47564363 0.5797336999999999
3 0.0009106959 0.39261904 0.65997046 0.6246664000000001 0.85308206
1 0.0008944549 0.7056884 0.5235202 0.7720204 0.57145554
5 0.0008922353999999999 0.029793205 0.4999696 0.13338208 0.574854
1 0.0008856053 0.4007623 0.49741409999999997 0.47385517 0.5401203
8 0.0008798176 0.0759583 0.47965044 0.14541167 0.58924854
2 0.0008659999000000001 0.024966182000000003 0.45680407 0.22333881 0.5854536
11 0.0008641565 0.51483756 0.49722463 0.81384945 0.88763493
10 0.0008486959 0.38953042 0.47342804 0.467563 0.5327529999999999
11 0.00084698084 0.63508797 0.5250121 0.68848395 0.59820104
7 0.0008455310000000001 0.59603244 0.5283649 0.7029357 0.6065849
8 0.00084165175 0.5602315 0.5831350000000001 0.68794674 0.86476725
3 0.0008284313 0.38592586 0.4766536 0.51765174 0.5781773
5 0.0008240866 0.276943 0.6365371 0.69695276 1.0
1 0.0008088972999999999 0.36126322 0.4963936 0.4357492 0.5339589
5 0.0008019001 0.34276304 0.50037026 0.49263599999999996 0.5341606
10 0.0007977424000000001 0.3920427 0.4937554 0.48622730000000003 0.56648254
5 0.0007828787 0.046668194 0.51085293 0.15047576 0.58792275
6 0.00076995674 0.5330261 0.511273 0.67603266 0.5725648
12 0.00076808344 0.7061746 0.50543046 0.7932824 0.5638774000000001
12 0.00076634996 0.37648422 0.49992362 0.49255314 0.55998254
9 0.0007650202 0.39176714 0.51354444 0.48131868 0.56622094
2 0.0007489732000000001 0.7189930999999999 0.50300545 0.7961578 0.5575741999999999
13 0.0007410662400000001 0.64026946 0.53303283 0.6972098000000001 0.6281935000000001
1 0.00072614424 0.0316855 0.49176788 0.11747326 0.58073527
10 0.0007237060000000001 0.42390347 0.46839896 0.48316678 0.5357876
5 0.00072220986 0.0 0.50314736 0.23544332 0.6031
1 0.000706079 0.3802076 0.49735934 0.4564268 0.5414093000000001
7 0.0006917167 0.05136583 0.49790448 0.1535494 0.58219177
13 0.00068267476 0.6380998 0.53711396 0.7431705 0.6045389
11 0.0006765652 0.40584245 0.48613355 0.45604482 0.5428763000000001
10 0.0006449706 0.71060604 0.5007098 0.7778826 0.55824584
11 0.000639679 0.38764006 0.48520386 0.4361839 0.54171133
3 0.00063424377 0.94036454 0.45493862 0.98985785 0.50001734
8 0.0006328493 0.44930398 0.5028704 0.7908205 0.9873962
5 0.00062512583 0.010689593 0.52092427 0.19403173 0.6648804
2 0.0006218646299999999 0.616975 0.53032905 0.7090499 0.5817545
1 0.0006212544 0.0292384 0.48252437 0.16526543 0.6282395000000001
10 0.000616166 0.10462995 0.46777046 0.16179714 0.56846267
11 0.0006137851 0.3859868 0.501333 0.44318202 0.57857007
3 0.0006101851999999999 0.4641175 0.6497636 0.7122733 0.8554162000000001
2 0.0006055549 0.030066615 0.43973609999999996 0.1918497 0.6281306999999999
7 0.00059861096 0.082352236 0.47730723 0.14604162 0.60378194
11 0.0005977151 0.048798572 0.37220976 0.14679186 0.6953178000000001
11 0.0005950736 0.096638426 0.37907833 0.19451503 0.67492664
13 0.00057878596 0.45298514 0.531898 0.74177176 0.93374527
4 0.0005769745 0.40032324 0.48422706 0.48004386 0.54612464
11 0.0005701669 0.387822 0.47039324 0.43433553 0.5969102
10 0.0005670894 0.4996678 0.48007905 0.86944085 0.86777294
5 0.0005609672 0.33295333 0.52075094 0.4862369000000001 0.56698966
12 0.0005583753 0.40392727 0.49753293 0.47691715 0.57361835
11 0.0005537804000000001 0.40883175 0.46571019999999996 0.45336333 0.59331346
8 0.0005518023 0.0474022 0.31907420000000003 0.45163068 0.8659150999999999
7 0.00053974846 0.3899155 0.46848965 0.47860828 0.5494486
1 0.0005363454000000001 0.27782482 0.50351477 0.63930506 0.95894104
12 0.00052966847 0.07167891400000001 0.49609380000000003 0.14598989999999998 0.57963955
9 0.0005289976999999999 0.39469302 0.43458268 0.682845 1.0
6 0.0005224282 0.6859696 0.5079123 0.79877526 0.56782806
8 0.000522272 0.6961491 0.5170055 0.7497037 0.59863377
4 0.0005210615 0.3893583 0.49960622 0.47762072 0.5760797
1 0.0005197931 0.6043653 0.54638386 0.6874842 0.5935977
1 0.000516531 0.0 0.48464890000000005 0.12837201 0.6237463000000001
11 0.00051603117 0.04814985 0.44081616 0.15540774 0.5915655
13 0.0005097739 0.2189126 0.50438845 0.8946441999999999 1.0
4 0.00050769845 0.42550427 0.48022437 0.49277395 0.5403204
1 0.0005067221 0.58222467 0.522422 0.6479005 0.5695918000000001
13 0.0005027267 0.6648641 0.5304808000000001 0.74936396 0.5863019
4 0.0005025383000000001 0.07370265 0.48509818 0.24681549 0.652309
7 0.0005013384 0.67523825 0.5043949000000001 0.7715927 0.5866553000000001
5 0.0004984979 0.0 0.48425534 0.22376268 0.57084644
1 0.00049430784 0.0 0.47689107 0.16301423 0.5799955
10 0.00049203704 0.2952364 0.5275875 0.69167334 0.86608535
5 0.00048768650000000004 0.6857565999999999 0.52243626 0.8009463000000001 0.5729539
1 0.0004840641 0.38092070000000006 0.5208583999999999 0.46241575 0.57210356
11 0.00048296992 0.7269498999999999 0.5084145 0.7773011 0.5648658000000001
13 0.0004711639 0.036203116 0.47077847 0.15987712 0.54543024
4 0.000470663 0.28922492 0.546643 0.6764116 0.84469324
11 0.00046597292999999996 0.5875471 0.49898973 0.63996667 0.56570125
6 0.00046340114000000004 0.5980719 0.536931 0.72858536 0.595254
11 0.00046057382000000007 0.07103689 0.46191844 0.1267401 0.59094715
12 0.00045949515 0.027864816 0.44202855 0.20676516 0.59644413
1 0.00045653348 0.40130335 0.5070465999999999 0.47161135 0.5824371
11 0.00044898328 0.07063686 0.44523942 0.22914924 0.65657306
5 0.00044640203000000003 0.58864135 0.54106146 0.7012221 0.5945779999999999
4 0.00044139425000000004 0.7210404 0.50559276 0.79395056 0.56653017
13 0.00043979828 0.69874036 0.53001547 0.7730251 0.619004
8 0.00043828154 0.46602517 0.6786774 0.64153516 0.8443915000000001
1 0.00042853132000000003 0.36350477 0.5207737 0.44076532 0.5636314
8 0.00042794118 0.34142449999999996 0.44848874 0.47736612 0.6160345
9 0.00042518263 0.68596476 0.51200205 0.77208793 0.5622859
11 0.00042356260000000004 0.09514177 0.46052527 0.1421449 0.57757837
1 0.00042317784000000006 0.35779414 0.51163596 0.42751697 0.5735924
13 0.00042259614999999996 0.9391058000000001 0.45547 0.9942699 0.5017612
6 0.00042210402999999996 0.3671251 0.48357597 0.4933071 0.54364717
3 0.00042140958 0.3655742 0.491721 0.5134936999999999 0.60182834
11 0.0004183538 0.68625295 0.50332355 0.73507506 0.56728494
10 0.00041804879999999997 0.42021850000000005 0.48914975 0.4964512 0.5678681
7 0.00041594382000000003 0.0 0.44162872 0.21313442 0.64059865
10 0.00041588983999999997 0.40847558 0.47380483 0.46573773 0.5760377
3 0.00041265317000000005 0.3798013 0.51499814 0.59978354 0.6480844
11 0.00041160765 0.7004675 0.5161286 0.74908787 0.569226
1 0.00040683016 0.6561503000000001 0.51908946 0.7368639 0.56726474
9 0.00040539913 0.5772291 0.51560134 0.6480292 0.5675
11 0.0003989364 0.7027963 0.48786074 0.7504123 0.5839904
5 0.00039661955000000004 0.35947853 0.5209825 0.4675321 0.5894661999999999
5 0.0003912332 0.5290249 0.51995814 0.6403599 0.56327134
8 0.0003847768 0.62726825 0.5129484000000001 0.6881345 0.5785640000000001
7 0.00037262106 0.65045094 0.5063045 0.7496467 0.5852341
2 0.00037248907 0.08718828 0.4785323 0.15229751 0.59553957
7 0.000371122 0.6547231 0.5209397 0.7714576999999999 0.61271286
6 0.00036365339999999994 0.36280609999999996 0.5116977 0.50676376 0.5751464
11 0.00035758 0.6958885 0.5252131 0.7596461999999999 0.6009956
5 0.00035722312000000005 0.65187544 0.53721476 0.7826738 0.6029683000000001
12 0.0003559115 0.55988806 0.50326765 0.6677879 0.555037
1 0.0003514483 0.20605223 0.3344729 0.61329687 0.84253764
10 0.00034908739999999996 0.09022828 0.46891140000000003 0.14263289 0.56533056
7 0.00034641358 0.0 0.48727363 0.23578306 0.6607571999999999
6 0.00034573004999999995 0.0 0.52612734 0.26983553 0.637216
4 0.00033763092 0.040460862 0.44488373 0.21913402 0.5894397
11 0.00033421622 0.11194976 0.47263327 0.15612966 0.5687807
8 0.00033104593999999996 0.7200635 0.33170229999999995 0.92431056 0.9198809000000001
9 0.00032105157000000004 0.5925751 0.5178883 0.67018706 0.568894
8 0.00031316327 0.58386767 0.48667267 0.74484015 0.63189477
9 0.00030789384999999997 0.05394581 0.49024025 0.1301752 0.59338164
8 0.00030707804 0.59222305 0.42459616 0.89702207 0.99305564
8 0.0003064841 0.041308057 0.48870410000000003 0.12624606 0.546794
13 0.00030562608 0.6731314 0.53871334 0.7430627 0.6208165
4 0.00030216514 0.09901968400000001 0.45701936 0.21292478 0.66277343
13 0.00030024388 0.6902078 0.5245259 0.75132924 0.6080453
4 0.00029603817 0.41556007 0.48057526 0.47444648 0.5797944
9 0.00029242225 0.41937998 0.50562495 0.48066217 0.5807025
8 0.00028722252999999995 0.09337675 0.10297931 0.42750463 0.90102184
1 0.00027842348 0.67703265 0.52454984 0.75320107 0.5748321999999999
7 0.00026971933999999997 0.37387773 0.47203442 0.45325497 0.54744834
7 0.00026888266 0.6168113000000001 0.51377565 0.70805264 0.6361495
8 0.00026696792 0.36802217 0.45829030000000004 0.73098737 0.73035157
8 0.00026551217999999996 0.6359768 0.47838557 0.7929689 0.6274042
4 0.0002572153 0.020647032 0.48537263 0.19230646 0.64185995
10 0.000256895 0.42928448 0.4642557 0.47958842 0.58226126
3 0.00025600495 0.37117827 0.5019667 0.45142686 0.5610582
10 0.0002521107 0.07254384 0.48821443 0.12701067 0.56624645
12 0.00024758538 0.6831546 0.48931703 0.7583993 0.5817786
10 0.00024421426 0.39619306 0.49025142 0.45225397 0.5729843000000001
9 0.00024214847000000002 0.69414747 0.50805604 0.74908084 0.58145195
9 0.00024169435000000002 0.39820787 0.5068715 0.46075959999999994 0.5828327
11 0.00024041662999999997 0.48894876 0.30314875 0.7078479 1.0
11 0.00024024965 0.03779957 0.4368391 0.12953763 0.62429464
3 0.00024022564 0.656615 0.5148486 0.7299180999999999 0.5710590999999999
5 0.00023941392999999998 0.6760235 0.5378702 0.7602589 0.62141365
4 0.00023399372000000002 0.57605696 0.50656813 0.64745045 0.56505424
12 0.0002306452 0.06368057 0.47988918 0.1800807 0.5368997
7 0.00022681364 0.37624216 0.47407696 0.46308783 0.59855044
11 0.00022673167000000001 0.43428886 0.48426723 0.47836033 0.53663003
13 0.00022568485 0.6253824 0.5430085 0.6821186 0.6250252
12 0.00022471606 0.25850326 0.33484375 0.81791717 0.86963475
12 0.00022201482999999997 0.0 0.46066433 0.24477513 0.5735713000000001
3 0.00021897635 0.3300482 0.5612714 0.8964597 0.99935246
3 0.00021863872999999999 0.7114809 0.5250708000000001 0.7875276999999999 0.5915638000000001
8 0.00021744353999999998 0.01981521 0.34831855 0.308681 0.99213016
3 0.00021697777000000002 0.05855385 0.49980563 0.16599026 0.5950595000000001
8 0.0002124535 0.033217437999999995 0.5101724 0.27039343 0.97836155
4 0.00021223852999999998 0.081655845 0.46543142 0.14731514 0.5899454000000001
5 0.00020458452000000001 0.6420117 0.5243463 0.7574203 0.57215387
5 0.00019974471000000003 0.34433052 0.51602024 0.44715178 0.58066964
6 0.00019898282 0.6651909 0.5301524000000001 0.7869932 0.59950143
11 0.00019796108 0.43255472 0.49868897 0.4861420999999999 0.57092977
11 0.00019623063999999997 0.43402416 0.47353715 0.47186783 0.5846834
9 0.00019302816999999998 0.28829658 0.5082367999999999 0.625919 0.75919354
4 0.00019247353999999998 0.38152823 0.48852617 0.45977035 0.5410144
13 0.00019198538 0.20834668 0.52489346 0.5743728 0.82983357
12 0.0001915979 0.6759253000000001 0.50601983 0.76466924 0.56362164
11 0.0001909161 0.6586723000000001 0.525335 0.7152175999999999 0.5973391
9 0.00019081811 0.6314069 0.5364346 0.70556766 0.5930236999999999
4 0.00019019001 0.59996784 0.50766456 0.6682149000000001 0.56733537
3 0.00019018348000000003 0.40440223 0.3846491 0.77244794 0.9828178
12 0.00018889169999999997 0.38228340000000005 0.49352840000000003 0.45471218 0.57247686
7 0.00018863362 0.6763439 0.48400596 0.75652015 0.6196541999999999
8 0.00018840107 0.35369146 0.16749957 0.7005226 0.8970091
8 0.00018787927 0.64913154 0.23911907 0.9046228000000001 0.95504093
2 0.00018731054 0.07737263 0.4767505 0.17609572 0.5376486
9 0.00018725214 0.6866920999999999 0.5282826999999999 0.77928364 0.58545536
1 0.00018646871 0.62663126 0.52952325 0.6906573 0.6019089
8 0.00018259675 0.44529309999999994 0.5694458 0.6849866 0.96881545
9 0.00017369897000000002 0.06737471 0.4874317 0.17644295 0.548295
8 0.00017346693 0.60788006 0.52176124 0.6886581999999999 0.59711504
11 0.00017251346 0.6846551 0.47395706 0.7351109 0.61955947
13 0.00016985963 0.36632678 0.49451762 0.5702759 0.6253358
6 0.00016469207 0.65005815 0.50778747 0.7632009 0.5694714
5 0.00016282465 0.69708425 0.53754216 0.7819822 0.6271187
6 0.00016173106 0.26561996 0.48891115 0.79143643 1.0
8 0.00016068105 0.1712983 0.44371766 0.5237666 0.97519195
7 0.00015948266 0.69091135 0.5043386999999999 0.7804304 0.63101983
2 0.00015706697 0.67817265 0.50283945 0.7761779999999999 0.5482585999999999
