3 0.9903171000000001 0.04632464 0.5999736999999999 0.29700586 0.91249627
3 0.98650473 0.00046044457 0.6021183000000001 0.055511594000000004 0.69188994
3 0.9678756 0.92538476 0.65647733 1.0 0.7885565999999999
3 0.9403113999999999 0.6114539000000001 0.5945666000000001 0.876991 0.9145566999999999
3 0.9180339 0.38393965 0.61572003 0.46967829999999994 0.71862227
3 0.88509196 0.27865120000000004 0.6126153 0.40536976 0.7738735
3 0.82575274 0.12784556 0.56253284 0.21849844 0.6204845
3 0.69509685 0.38003755 0.61420494 0.4642664000000001 0.6788890000000001
8 0.5113804 0.47269797 0.5599949000000001 0.5556321999999999 0.63977444
3 0.12063410000000001 0.6905975000000001 0.54060185 0.7669845999999999 0.6124864000000001
3 0.10295324 0.042156822999999996 0.6136342 0.14600793 0.67072153
3 0.084559776 0.83434093 0.6341796 0.905157 0.7087733
8 0.08053506 0.046968434 0.59097904 0.36151403 0.8950811
8 0.07628745599999999 0.6219571 0.59425306 0.89691806 0.9353642
3 0.07620406 0.8678091999999998 0.64701045 0.9343903 0.73482543
8 0.058788843 0.46009833 0.6019137 0.5292055999999999 0.69063294
8 0.05695837 0.028512226 0.6199786999999999 0.28516623 0.93259037
8 0.04326475 0.10669999599999999 0.57403255 0.2301607 0.6441471
8 0.040915914 0.388108 0.610154 0.47339153 0.7301386999999999
8 0.040629108 0.9261514000000001 0.6298744000000001 1.0 0.8023571
8 0.039401352 0.12164463 0.5661262 0.22522529999999996 0.62890464
3 0.031792495 0.04005155 0.6215930000000001 0.2938009 0.7945791999999999
8 0.026595464 0.28056964 0.5919859000000001 0.43112159999999994 0.7831236
3 0.020595435 0.09761667 0.55787665 0.26619770000000004 0.6652336
3 0.019990072 0.45982268 0.6221984 0.5128497000000001 0.7036720000000001
3 0.018319378 0.11286571599999999 0.5775756999999999 0.21179414 0.63402164
3 0.018139223 0.8353058000000001 0.64345056 0.9200325999999999 0.7324366999999999
3 0.016330747 0.47197747 0.6077677 0.5256227 0.6886338000000001
13 0.014942891000000002 0.585775 0.6486228 0.99701923 0.9593847
3 0.014029952 0.181922 0.62543136 0.2959819 0.69374007
13 0.013192126 0.45702535 0.5576651999999999 0.5729385 0.6172633000000001
13 0.012674173 0.69117963 0.5581406 0.78153795 0.6125734
8 0.012570923000000001 0.8578313 0.63368815 0.92452633 0.717594
8 0.011681687 0.8321955 0.6363821999999999 0.9100151 0.71897376
13 0.011467718500000001 0.24669237 0.6526076999999999 0.42781007 0.7898809
3 0.011309068 0.041518737 0.62693006 0.15538451 0.68725294
3 0.010021039 0.49066484 0.5513433000000001 0.5653786 0.63984144
8 0.009831299 0.06437852 0.5588957 0.25687894 0.6927604
13 0.009693288000000001 0.004793413 0.6096368000000001 0.41183168 0.9487673000000001
8 0.009657118499999999 0.59597945 0.5662064 0.8369389000000002 0.8865274
13 0.008716909 0.13196985 0.5566265 0.2246498 0.63171154
8 0.008171334 0.37068325 0.6089 0.46617725 0.68858296
8 0.008084507 0.58034885 0.48685446 0.88590497 0.99551284
8 0.0075273169999999995 0.85515374 0.6547781 0.9283939 0.7319416999999999
13 0.0073377555 0.52709424 0.73332876 0.92271453 0.9470675999999999
8 0.007194628000000001 0.9258061 0.6939001 0.98407376 0.7786834
8 0.0069414764 0.37688497 0.5752531 0.51964355 0.7396393
8 0.0067673214 0.6891309 0.5441371 0.768023 0.60886717
3 0.0067162476 0.091271065 0.62906474 0.20959422 0.69079643
3 0.006547356999999999 0.14466104 0.61531186 0.33416295 0.77012336
8 0.00641861 0.0034640653 0.59953815 0.05395337 0.6904256
13 0.0061756680000000005 0.3990117 0.6223755 0.47488093 0.73001415
13 0.0061515495 0.37627822 0.6255035 0.45084676 0.7266943
8 0.00593962 0.43374744 0.6075119999999999 0.51930565 0.7139001
8 0.0057437927 0.000395955 0.6196411000000001 0.04266295 0.6960659
7 0.005308996999999999 0.56081355 0.54757696 1.0 0.9423
2 0.0051299273 0.4771472 0.5494891 0.58240783 0.6131696
13 0.005058288 0.0 0.6359123000000001 0.07790137 0.70563924
13 0.0049564014 0.12868701 0.5831991 0.22608727 0.65241265
13 0.004838396 0.90776944 0.7147041999999999 1.0 0.7771589
3 0.0046781055 0.0068375887 0.58963513 0.07274331 0.7073343000000001
3 0.004586446 0.02449791 0.6185843000000001 0.22717766 0.7452023
13 0.0045071244 0.0 0.72473055 0.3715383 0.98248345
9 0.004432460300000001 0.09514566 0.5981907 0.48672372 0.8565875
13 0.004261452 0.38109829999999995 0.6620135 0.48365006 0.72042483
5 0.0042462507 0.4120632000000001 0.6719443 0.8899745000000001 0.9488928
3 0.0040403125 0.05287434 0.5988316 0.25938073 0.71538454
13 0.0039329384000000005 0.0 0.6092645000000001 0.069151 0.6951305999999999
9 0.0039270353 0.66976213 0.6490218000000001 1.0 0.8843428
8 0.0038511246000000002 0.04159747 0.40359506 0.24887937 0.95178366
13 0.003827983 0.89173436 0.6898205 1.0 0.7679216
7 0.0034978966999999997 0.0012373141 0.6273346 0.047117304000000006 0.72234756
7 0.003374285 0.008191494 0.55198663 0.46471759999999995 0.97494185
9 0.0033721891 0.47755635 0.56181407 0.58670604 0.6178412
3 0.0032668232 0.6032203 0.60750186 0.86652625 0.75984794
1 0.0031438626 0.6383365 0.69361603 0.96922827 0.9521440999999999
3 0.0031178668 0.8141326999999999 0.6203052 0.93199664 0.74583536
13 0.0030261497 0.36075386 0.6380585999999999 0.47593427 0.71137506
12 0.0029851390000000004 0.47969290000000003 0.55797017 0.5817432 0.6101524
9 0.0029151689 0.5949509 0.6421220999999999 0.9281848 0.91390467
12 0.0028785712 0.60864204 0.57998544 1.0 0.90667504
1 0.0028295051 0.025452763 0.6440444000000001 0.3922796 0.88852745
2 0.0028067098 0.11106983 0.5831006999999999 0.22606376 0.63479066
2 0.002805513 0.39397132 0.63267666 0.48185796 0.6932444999999999
6 0.0028036253000000002 0.5306905 0.6972082 1.0 0.9910041999999999
13 0.0028013857000000002 0.44211048 0.6491285 0.5255316 0.7035710000000001
13 0.002722956 0.26919 0.66418695 0.39991057 0.74303037
7 0.0026830873 0.87357146 0.62714136 1.0 0.80685776
1 0.0026706536 0.46205150000000006 0.7223188 0.82600075 0.9563961
3 0.0026694270000000003 0.22958161 0.6044588000000001 0.38428524 0.7566326999999999
1 0.002654739 0.5686024000000001 0.65027714 0.9105223 0.89401156
7 0.0026153557 0.4184602 0.6358550999999999 0.8764071 1.0
7 0.0025138352 0.37493244 0.62210506 0.48977536 0.71454924
9 0.0024852345 0.6357396 0.68648005 1.0 0.95246434
8 0.002441446 0.82376516 0.6491210000000001 0.89862436 0.72951835
6 0.0023742884 0.3892116 0.63222164 0.50575125 0.70183206
5 0.002353543 0.5917969 0.66759646 1.0 0.95524883
13 0.0023382693 0.07406673 0.56485033 0.25795892 0.7105143
13 0.002326042 0.8775335 0.70731694 0.99921834 0.7994379
4 0.0023229089999999997 0.6872372 0.5932973000000001 1.0 0.9659243000000001
2 0.002294016 0.25641072 0.60621494 0.45768896 0.7330706
3 0.0022417493 0.38754740000000004 0.60037714 0.51930565 0.71620125
11 0.0022326226000000003 0.90272576 0.6275752 0.9688985999999999 0.76762915
7 0.0021988382 0.90472704 0.71909857 0.9823175 0.7917995
7 0.0021245244 0.20677142 0.6106518 0.44420522 0.8127563
2 0.002103366 0.6214893 0.5528595000000001 0.9888226999999999 0.8976945
1 0.0020629582000000002 0.24372426 0.648656 0.41991273 0.790717
13 0.002055031 0.21047278 0.67842746 0.39595779999999997 0.7771724
5 0.0020480836 0.0 0.70929444 0.25627542 0.98606205
7 0.0019868752 0.9271086 0.6596241999999999 1.0 0.7854943
6 0.0019588692000000003 0.5189178 0.60130525 1.0 0.8934006
9 0.0019358092000000002 0.6193396 0.5906220999999999 0.96531105 0.8541929
13 0.0019354342999999999 0.36417859999999996 0.62047255 0.44681966 0.68748283
1 0.0019035762 0.40712762 0.68080986 0.79023 0.90608287
7 0.0018687139999999998 0.005270418000000001 0.5957853 0.072093695 0.68991286
5 0.0018629879999999999 0.3634587 0.63328516 0.45059955 0.7166645
13 0.0018062938 0.8366334999999999 0.64879197 0.9375681999999999 0.7085038
6 0.0017979024 0.21404126 0.6246917 0.46824205 0.77425677
3 0.0017621485 0.66596884 0.6111476 0.90427685 0.79201746
13 0.0017606381 0.8625497999999999 0.66800374 0.9508853999999999 0.7372022
13 0.0017571902 0.6052894 0.5593166 0.93194574 1.0
6 0.00174623 0.0 0.5954783 0.525957 0.8983889000000002
7 0.001735228 0.9013014000000001 0.68589926 0.9959978 0.7685018
11 0.001714215 0.55623734 0.6294309 0.8100351 0.9805816999999999
2 0.0017017173999999999 0.07759659 0.51605135 0.4560553 0.7992713
13 0.0017011132 0.25729087 0.6397776999999999 0.37850627 0.73071384
2 0.0016734465 0.056285877000000005 0.60138935 0.4956155 0.88116753
11 0.0016511263 0.88818276 0.627442 0.9816514000000001 0.79826427
12 0.0016325817000000002 0.017739207 0.5137028 0.5207039000000001 0.84908164
6 0.0015922086 0.9135562 0.6837128 1.0 0.7572751999999999
9 0.0015876326 0.29094866 0.6262446 0.50092596 0.75040895
11 0.0015783648000000001 0.29208755 0.61810637 0.41419813 0.7743116999999999
6 0.0015583013 0.0 0.67809045 0.51791185 0.96386546
11 0.0015366185999999998 0.38830790000000004 0.61014247 0.43579856 0.7305314
9 0.0015353714000000001 0.077416725 0.6698889 0.47847518 0.9206338
1 0.0015332245 0.87494206 0.6554826 0.9780424999999999 0.76559246
7 0.0015242524 0.35758959999999995 0.603772 0.47010425 0.68946666
13 0.0015220054999999998 0.43455249999999995 0.6242228 0.5241064999999999 0.682221
9 0.0014842185 0.046691116 0.5814560999999999 0.29877892 0.8632904
3 0.0014694836 0.73236674 0.61626387 0.90281826 0.75052774
4 0.0014645174 0.14179792 0.56461906 0.5254835 0.91422755
5 0.0014619575 0.20480500000000001 0.6342776999999999 0.42891634 0.7873441999999999
7 0.0014569174 0.12480437 0.54647714 0.24225049 0.6338318000000001
2 0.0014562827 0.13646239 0.55211776 0.23317645 0.6113246999999999
2 0.0014513799 0.37779 0.6042427 0.46836459999999996 0.66354513
7 0.0014155157 0.6694496 0.54899067 0.77768964 0.63949615
7 0.0014130511999999999 0.8447446 0.6344123 0.9459695 0.71102047
6 0.0014002526999999999 0.9115697 0.7174206999999999 1.0 0.7777608
8 0.001399951 0.2820793 0.64741826 0.3677933 0.74643105
11 0.0013968379 0.02810842 0.56418973 0.19044425 0.9656604999999999
7 0.0013220366 0.07986545 0.5728791999999999 0.21751265 0.6648489000000001
2 0.0013073075 0.47857863 0.6277585999999999 0.969562 0.8951699000000001
6 0.0013071066000000001 0.0 0.7056887 0.28556129999999996 0.9775003000000001
13 0.0013022396000000002 0.010768907 0.6723100999999999 0.27468368 0.9471696
8 0.0012993916 0.53794783 0.24459496 0.8621738000000001 0.9916723
7 0.0012662263 0.83870554 0.6481777 0.9922921 0.8314216
1 0.0012577497 0.029621312 0.7159058 0.41259748 0.9553427
2 0.0012502358 0.68564856 0.5557975 0.79723996 0.6139941999999999
5 0.0012275203999999999 0.0 0.66566354 0.41644192 0.9784818999999999
11 0.0012213135 0.13632965 0.5610358 0.20403643 0.66000605
12 0.0012023081 0.39973316 0.6295581 0.4964557 0.6987641
1 0.0011903604 0.37211952 0.6464848000000001 0.44149703 0.7273984
5 0.0011506691 0.83074826 0.67686135 0.9895105 0.7912584
12 0.0011477666000000001 0.3095863 0.65093076 0.4103803 0.7345366
10 0.0011327575999999998 0.42300820000000006 0.59924984 0.49014485 0.7120585
6 0.0011325153999999999 0.29043293 0.65765166 0.39908385 0.733165
5 0.0011289778999999998 0.85381716 0.6619906 0.9990261999999999 0.76799667
13 0.0011192524 0.8077833999999999 0.64840126 0.8972428 0.71098375
5 0.0011156844 0.08771903 0.59718734 0.20196919 0.6526861999999999
2 0.0011124589999999999 0.41292167 0.60477614 0.47333372 0.7219791999999999
7 0.0010991136 0.83910835 0.6567084 0.93934613 0.7404729999999999
11 0.0010656539999999999 0.7288601 0.5857384 0.95648974 0.93883467
7 0.0010604376 0.0 0.671026 0.37346265 1.0
9 0.0010603454 0.9118308 0.62683815 1.0 0.7512575
9 0.0010571585 0.630105 0.5404245 0.91683096 1.0
12 0.0010498408999999999 0.013118603999999999 0.62109125 0.056546643 0.6979367
7 0.0010386629 0.40219152 0.60015005 0.48561835 0.7334185000000001
11 0.0010368042 0.16316922 0.536301 0.40622905 0.89790785
1 0.0010274181 0.38151878 0.6537183000000001 0.46802554 0.71015507
8 0.0010215114 0.7819803000000001 0.6026762 0.91581774 0.75697225
6 0.0010150591 0.47031635 0.6524708 0.8918734 0.91149324
1 0.0009914061999999999 0.41040240000000006 0.6413808000000001 0.47898176 0.7252185
11 0.0009901617 0.06535229 0.60881287 0.33666348 0.964103
10 0.0009727639 0.36634845 0.6294397 0.48907664 0.6986733
12 0.0009718415699999999 0.30712757 0.61789185 0.41270557 0.70148885
2 0.0009656162599999999 0.89832526 0.61716133 1.0 0.73343503
13 0.0009637753 0.45325372 0.6760541999999999 0.86981773 0.9304809
4 0.0009621724000000001 0.49571466 0.56210005 0.57242197 0.6267148
2 0.0009617847000000001 0.87182224 0.6435203 1.0 0.7737364000000001
13 0.0009613758300000001 0.29055926 0.6551084 0.37710473 0.75650156
1 0.0009605636999999999 0.13394547 0.5754903 0.21706921 0.62561303
9 0.0009555837 0.14308099999999999 0.5621632 0.23640595 0.619941
2 0.0009521747 0.030272895 0.65668744 0.41906136 0.90986544
11 0.00095063064 0.0461374 0.606521 0.23216604 1.0
7 0.0009499689 0.47767645 0.5547034000000001 0.5810181 0.6209260999999999
11 0.0009492363 0.5308951 0.6103816 0.732005 0.90808403
8 0.0009466931 0.9282088 0.6481905 0.9794789 0.7686926
1 0.0009447901400000001 0.0 0.6553968000000001 0.29925802 0.8826943000000002
1 0.0009313858 0.36183790000000005 0.6288064999999999 0.4454734 0.6773366
6 0.00092886674 0.09050277 0.5908916 0.26034229999999997 0.65220547
1 0.00092108065 0.0 0.6140929 0.2506693 0.8426271999999999
4 0.0009118395 0.064520195 0.6002423000000001 0.43000415 0.95846224
11 0.0009095067500000001 0.4077366 0.6171843000000001 0.45229600000000003 0.7221259
12 0.0009062400999999999 0.53688616 0.5463536 0.9926277 0.8188425
1 0.00090112886 0.21093289999999998 0.6212908 0.38800505 0.7404254
1 0.0008982267500000001 0.0 0.75137377 0.23146082 0.96058536
12 0.0008900201 0.015752093999999998 0.5916008 0.078284696 0.6678476999999999
12 0.0008895703999999999 0.13183288 0.552367 0.23918688 0.6178276
13 0.0008884744999999999 0.37155357 0.6208087 0.54750925 0.7628535
12 0.0008786297 0.24839173 0.5962861999999999 0.47444892 0.745804
13 0.00087827013 0.0 0.58616376 0.09753874 0.7559656
7 0.0008755508500000001 0.3855987 0.596712 0.46386218 0.7398158
9 0.0008738144 0.9308109 0.708918 1.0 0.77082753
6 0.0008728552499999999 0.4850627 0.7406156 0.92868006 0.9998019
9 0.0008664443 0.3755513 0.6380115 0.49358505 0.6991728
1 0.0008621588300000001 0.40609643 0.5986483 0.7972697 0.8265408000000001
5 0.0008593628300000001 0.42973820000000007 0.6356371 0.9316549000000001 0.8632631
13 0.0008408293 0.10175895 0.59121096 0.19688757 0.6487533000000001
1 0.0008392623 0.10816747 0.5949806 0.20416431 0.6483848000000001
6 0.00083212473 0.0 0.60999155 0.07952013599999999 0.68088925
6 0.00081318174 0.3736957 0.63083535 0.47388652 0.7130003
1 0.0008100726 0.8512366 0.675096 0.9776713 0.78918433
4 0.00080507307 0.26905102 0.5986362 0.45322493 0.7792583000000001
11 0.0008020834599999999 0.23227045 0.6064594 0.34406522 0.7777052
13 0.0008011833999999999 0.036691997000000004 0.6108129 0.13748138 0.68672234
4 0.0007977976299999999 0.30727315 0.59125525 0.50655264 0.7830853
6 0.000797293 0.0011965497000000001 0.63678354 0.057766657 0.7041944
7 0.0007963867 0.3699425 0.6560676 0.47497860000000003 0.74029523
9 0.00079469645 0.115396 0.56429535 0.28505343 0.69448936
1 0.0007911694 0.68653846 0.5695832 0.77096444 0.6189979
11 0.0007853316499999999 0.6844117 0.6365261999999999 0.98574024 1.0
6 0.0007802885 0.3854832 0.6642659000000001 0.50934064 0.7219159
4 0.0007788029 0.41773936 0.5941522 0.49066994 0.72363436
4 0.0007733097 0.552967 0.63052016 0.93029666 0.970565
8 0.0007724692699999999 0.030045116 0.5752599 0.22896747 0.7075637
9 0.00077210774 0.93386817 0.6676267 1.0 0.75450104
3 0.0007678292999999999 0.029225169 0.59617054 0.20895006 0.70122623
1 0.0007622831599999999 0.28874984 0.64628386 0.37519148 0.71152985
1 0.00075206644 0.9310254000000001 0.70322657 0.99622047 0.79204506
11 0.0007463564 0.6177845999999999 0.6267013000000001 0.85772103 0.9461136
6 0.0007458441499999999 0.86684936 0.634785 1.0 0.77675456
6 0.00074384356 0.92964953 0.6779255999999999 1.0 0.7752562
6 0.00074329774 0.84380645 0.6660689999999999 1.0 0.79005325
1 0.0007394425 0.0057963035 0.6283406 0.060384024 0.68628097
4 0.0007365905 0.30316424 0.6331220000000001 0.39784482 0.7315768
5 0.000734133 0.13401158 0.6276116999999999 0.38235885 0.77796197
2 0.0007300875 0.85960156 0.6339107 0.9497015 0.6869569000000001
1 0.0007278168300000001 0.17000832 0.6558722 0.359244 0.7755464
11 0.00072363584 0.07355653 0.57920575 0.26714975 0.8957646999999999
6 0.0007224107000000001 0.29175752 0.64284265 0.38945609999999997 0.70874906
4 0.0007160027 0.005724014699999999 0.61559945 0.054456204 0.7015382
1 0.0007128931 0.0 0.5591856 0.3381531 0.8033685
7 0.0006991803 0.0 0.6255804 0.08395737 0.71782666
11 0.0006969766000000001 0.05214416 0.5706002 0.20459063 0.8676231
10 0.00069460116 0.48150283 0.5497013000000001 0.5646083000000001 0.6138523
11 0.00069382845 0.15457705 0.5767505999999999 0.44597298 0.9976524
11 0.000689916 0.40329635 0.64621943 0.45598873 0.71325475
9 0.0006898604 0.41597632 0.6281266 0.49377042 0.7103672
13 0.0006875647999999999 0.39275944 0.6141416999999999 0.48318803 0.68850267
13 0.00068712636 0.34921940000000007 0.6416945 0.51182413 0.75507635
12 0.00068336766 0.6988701 0.5435876999999999 0.7987307 0.6052227
12 0.0006825236500000001 0.0098905265 0.5005708 0.35231215 0.81103325
10 0.0006812128 0.6840265 0.54659414 1.0 0.9243396999999999
9 0.0006804011 0.24936707 0.59581083 0.44123609999999996 0.74606085
2 0.00067956734 0.3896692 0.6080861999999999 0.45374975 0.69730073
11 0.0006791826 0.014687206999999999 0.6316106 0.04552902 0.70837814
4 0.0006747861599999999 0.39038357 0.61790735 0.48233074 0.7077321999999999
3 0.00066816394 0.012056093 0.5980349 0.12595785 0.69136906
4 0.0006666435499999999 0.93468034 0.65032107 1.0 0.77186507
7 0.0006645411500000001 0.8041238 0.6343696 0.91271704 0.7125365
5 0.00066168705 0.0 0.6328244000000001 0.30501282 0.8441408000000001
1 0.0006579064999999999 0.39110884 0.64352584 0.46461369999999996 0.73040026
6 0.0006564339 0.42575209999999997 0.6413628 0.5615651999999999 0.69903064
6 0.0006551031 0.0 0.63556486 0.107854076 0.7073228
11 0.0006527578 0.43202138 0.6102703 0.47406268 0.71656257
10 0.00065250765 0.8915661 0.68042374 1.0 0.75841326
7 0.0006482941 0.0 0.53851473 0.29285893 0.93416363
8 0.0006478057 0.23908618 0.60674155 0.41361850000000006 0.8004694
5 0.00063115126 0.54344374 0.6619337 0.9336033000000001 1.0
2 0.0006309022 0.45325693 0.6084071 0.54464114 0.6599239
2 0.0006307791000000001 0.0049673165 0.6020954000000001 0.07217063 0.66202253
1 0.0006271646 0.008484264 0.651465 0.051012706 0.70920795
6 0.0006263645 0.41952303 0.6144056999999999 0.5523942 0.67462134
4 0.000623799 0.015113485 0.5967511999999999 0.07276668 0.67836154
12 0.00062033307 0.39148375 0.6152506 0.45882282 0.71684676
6 0.0006160300700000001 0.20685127 0.66990936 0.4672019 0.7949458
7 0.000607088 0.27731496 0.65434974 0.38136804 0.7521356
2 0.0006052280000000001 0.54573035 0.5470058000000001 0.96574026 0.78994757
9 0.0006047319 0.39555743 0.6259161 0.47171867 0.7114024999999999
13 0.0006014881 0.03882093 0.56603813 0.30030343 1.0
5 0.0006006259400000001 0.0 0.6336284000000001 0.05640269 0.7029603
8 0.0005969037999999999 0.036102753 0.20020038 0.27664083 1.0
11 0.0005893002400000001 0.16097967 0.5483034000000001 0.21719451 0.6197043999999999
9 0.00058860064 0.37770894 0.62275887 0.46024659999999995 0.679565
6 0.0005853685400000001 0.6835585999999999 0.5629086 0.7990928 0.62250197
9 0.00058169913 0.12314167599999999 0.58794945 0.21131439999999999 0.6507871999999999
10 0.0005812413 0.381655 0.63316965 0.4552960999999999 0.71444076
11 0.00058048265 0.27780607 0.59727645 0.3783732 0.7577972
2 0.00057960453 0.29942137 0.62984383 0.4087757 0.69434464
9 0.00057738606 0.70827836 0.5561005 0.79007024 0.61493665
