3 0.9433495000000001 0.0012096475 0.45526788 0.29976842 0.8767043
3 0.9378346 0.4998995 0.5244911 0.5711098000000001 0.60797614
3 0.8606296999999998 0.0 0.3950078 0.49590686 0.85726225
3 0.8207446 0.47061329999999996 0.5269909 0.52559173 0.62162364
3 0.7971729000000001 0.19634616 0.50659436 0.4566616 0.7493638000000001
3 0.7589788000000001 0.78886056 0.5103595999999999 0.9899261999999999 0.7744558000000001
3 0.68770534 0.36776709999999996 0.48250058 0.49036592 0.63720906
3 0.5023850999999999 0.013411168000000001 0.50762707 0.6546496999999999 0.93427825
1 0.49661347 0.87673026 0.42851788 0.91301495 0.52913666
3 0.36981252 0.78900415 0.5087896 0.9048216 0.61833394
