3 0.9499666999999999 0.15593518 0.1326942 0.3067534 0.35676023
8 0.92558515 0.3804135 0.1437761 0.41796014 0.22026959999999998
3 0.9223824 0.29126087 0.16472846 0.33783606 0.24937510000000002
3 0.8441392 0.35331097 0.17031567 0.38017717 0.21180037
3 0.8178863000000001 0.00044989212999999994 0.045855988 0.122150436 0.47922638
3 0.42437255 0.13444057 0.19262083 0.16026253 0.24171832
3 0.4200224 0.31018496 0.16915327 0.34245425 0.24663526
7 0.4154488 0.032059937999999996 0.619689 0.9324796000000001 0.91547513
3 0.36078623 0.32959715 0.17560339 0.3541384 0.2314996
27 0.31065929999999997 0.0074089803000000004 0.05719017 0.12559626 0.45586163
