3 0.9900572 0.43990824 0.45035959999999997 0.5184667000000001 0.57271445
3 0.9823219000000001 0.5702656999999999 0.4776048 0.6357669 0.5344840999999999
1 0.95493287 0.67182785 0.45182145 0.6858348000000001 0.53253925
3 0.9428665999999999 0.6902604999999999 0.45578423 0.7910613000000001 0.5217188
3 0.921997 0.18148264 0.4704536 0.27242988 0.5767888000000001
3 0.75730795 0.5186292 0.47286496 0.55032885 0.50225115
10 0.46785766 0.5030452 0.3488329 0.5140667 0.38129762
1 0.4387446 0.633131 0.47341496 0.65165234 0.5240322000000001
3 0.39571490000000004 0.09652713 0.36824512 0.7290511 0.94377124
3 0.38956332 0.38534240000000003 0.47823516 0.40970779999999996 0.50527364
3 0.34852046 0.38944995 0.4752232 0.4130339 0.50195724
3 0.34562790000000004 0.51916426 0.46623966 0.55005866 0.49246179999999995
1 0.32737140000000003 0.6276246999999999 0.47007117 0.64344114 0.5276098000000001
10 0.31097168 0.36553696 0.31595027 0.37991992 0.35299215
