3 0.9962636999999999 0.6964585 0.41784778 0.997611 0.7087762
3 0.9921181999999998 0.22910464 0.45302832 0.36299968 0.61200124
3 0.96512234 0.6359336999999999 0.41259626 0.81654555 0.574792
1 0.9479107 0.49466458 0.38590708 0.57537985 0.6311154
3 0.94566643 0.57852215 0.45578432 0.65623635 0.538116
3 0.88031983 0.3948954 0.46836525 0.41897473 0.52050096
3 0.879149 0.41004655 0.41529095 0.5158524 0.59592026
1 0.8763023999999999 0.030388646000000002 0.47651663 0.05246388 0.5612366
10 0.8687306 0.34378332 0.2591356 0.35946965 0.30626908
3 0.82327956 0.35348675 0.4617477 0.38490686 0.505204
4 0.8095806999999999 0.5086997 0.5050392 0.5687708 0.68596566
3 0.56387717 0.3894007 0.4735348 0.41458568 0.5231349000000001
10 0.53321147 0.48010507 0.30100054 0.49126098 0.33292907
4 0.33789050000000004 0.47569162 0.477105 0.57409483 0.68112814
3 0.30020997 0.12716803 0.44529438 0.95343375 0.95638573
