3 0.990391 0.0053422377 0.5201895000000001 0.16588333 0.67743903
3 0.9687421999999999 0.43879783 0.49217197 0.50053513 0.5870102
1 0.9227004000000001 0.6572178000000001 0.47830752 0.6734361999999999 0.56164575
3 0.89044744 0.5034307 0.5081194 0.5328598000000001 0.53713936
3 0.79656595 0.17823358 0.5176929 0.26284707 0.6189597
3 0.74560016 0.045936375999999994 0.5002969 0.9563248 0.94709015
3 0.7127121999999999 0.15766561 0.5084159 0.25153047 0.5980069
3 0.68367964 0.5896645 0.50745565 0.63545567 0.54659736
10 0.5579706 0.38733754 0.41054788 0.39687344 0.4377725
3 0.5116612 0.35336125 0.4877874 0.41512644 0.5856041999999999
8 0.4845928 0.35331368 0.4875394 0.41334504 0.58741885
3 0.48308632 0.03131646 0.51303 0.47232127 0.95706654
10 0.47604915 0.38375086 0.40558898 0.39367408 0.43898028
3 0.44984454 0.58344 0.508145 0.62107545 0.5420278000000001
1 0.44148356 0.54770917 0.49756819999999996 0.5595656 0.5388111
3 0.38759103 0.16586389999999998 0.5001252 0.31458583 0.5888055
1 0.38252515 0.5443969 0.49572330000000003 0.5562172 0.53752327
3 0.35966748 0.15333109 0.5036894000000001 0.23034896 0.5832489000000001
