3 0.9914545 0.70827055 0.42148820000000004 1.0 0.7367365
3 0.9899305 0.0 0.46408549999999993 0.24837482 0.82883614
4 0.98728716 0.56410044 0.5230717 0.6531331 0.795189
1 0.97287095 0.55306226 0.3664072 0.65279955 0.7002209
10 0.9613370000000001 0.25278720000000005 0.09448591 0.27705362 0.18017539999999999
3 0.9466199000000001 0.43931073 0.47566679999999995 0.46259707 0.51891994
3 0.90112126 0.45616397 0.4419447 0.5402578 0.57592994
3 0.87274367 0.35659313 0.47822842 0.39090526 0.5194776
3 0.8694040999999999 0.31154042 0.47205740000000007 0.36392236 0.534533
10 0.85935533 0.4855155 0.22644769 0.50703555 0.2752847
10 0.8555997999999999 0.49307537 0.22677228 0.51171076 0.27623317
3 0.72617805 0.35359243 0.48012829999999995 0.37840798 0.52432275
10 0.49233988 0.24899979 0.09752677 0.2650214 0.17770065
10 0.48336777 0.76690847 0.26085013 0.8120677 0.32609406
10 0.45718795 0.23468255 0.10411962 0.25006095 0.17596646
3 0.4063492 0.39332837 0.48579088 0.41939026 0.5193919
3 0.38550827 0.062264322999999996 0.44287574 0.7100984 0.9864995000000001
10 0.34554809999999997 0.24506369 0.09921493 0.2597246 0.17833373
3 0.3342594 0.044029266 0.53377014 0.9958935 0.9565271999999999
64 0.30916482 0.25766227 0.45496312 0.29443154 0.53899294
