3 0.96176314 0.2081375 0.46195874 0.30231193 0.56604326
3 0.9615720999999999 0.46710432 0.45224825 0.5271114 0.54695445
3 0.9305517 0.42791235 0.47423145 0.4541906 0.51738673
3 0.9109985999999999 0.38603795 0.47085515 0.43324625 0.54163814
10 0.8523281999999999 0.49827573 0.0056135524 0.52166945 0.08113197
10 0.8119683000000001 0.470859 0.0067677135 0.49739414 0.082296595
3 0.8096008000000001 0.29528907 0.4782659000000001 0.3405135 0.5325581
10 0.7864111 0.48152962 0.0057831969999999995 0.5168480999999999 0.08670449
1 0.6231642 0.560682 0.41368037 0.57374877 0.50667626
3 0.55001086 0.058369547 0.47124937 0.8465431000000001 0.94800717
3 0.39914137 0.33456478 0.47701848 0.35808809999999996 0.5070626
