1 0.9953054 0.54922473 0.36946434 0.66947997 0.75914055
4 0.97670734 0.57509226 0.53939223 0.6715979000000001 0.83264136
3 0.9566004000000001 0.65617436 0.45754084 0.82164747 0.6189611999999999
3 0.94354534 0.7796911 0.36692584 1.0 0.77571374
3 0.8730046 0.36164450000000004 0.40986994 0.56019765 0.72725976
3 0.80568516 0.021254871 0.49924502 0.12544918 0.5514908000000001
3 0.64635634 0.032450665 0.5043095000000001 0.14468567 0.56517315
3 0.61145747 0.0009454591 0.51755154 0.027014356 0.55854446
10 0.55150104 0.40405914 0.31962985 0.41693935 0.35306558
10 0.49675286 0.51590776 0.33841172 0.5250366999999999 0.36786196
10 0.47103718 0.39904952 0.31642723 0.41119987 0.35171762
3 0.45036837 0.020690922 0.49581957 0.087314665 0.5447846
3 0.3320843 0.13823831 0.5283273 0.9802779 0.9657334999999999
