3 0.99803835 0.2842192 0.16349304 0.47556329999999997 0.41974655
3 0.93581814 0.77509755 0.045113876 0.9055143 0.14655834
3 0.92999375 0.21191853 0.1851029 0.24591851 0.22058661
1 0.8734685999999999 0.71631974 0.08124568 0.7436573000000001 0.23106223
3 0.8334218000000001 0.6273602 0.072967805 0.7530376 0.17314276
1 0.8211386999999999 0.12776229 0.17338984 0.16467655 0.25188333
3 0.81842035 0.8918511999999998 0.033272557 0.9975128000000001 0.16484152
1 0.8159138000000001 0.6866760000000001 0.09657823 0.71252203 0.228846
3 0.6453561 0.036501884 0.30438453 0.6620252 0.9924434999999999
3 0.613644 0.008523136 0.3152344 0.41281906 0.99011403
7 0.5099797 0.054196417000000004 0.49773649999999997 0.8091185000000001 0.9593050999999999
6 0.47901645 0.28165513 0.066348985 0.48412114 0.23544367
7 0.4725235 0.22155102 0.57905346 0.68224555 0.87092483
3 0.42959672 0.05512324 0.48068565 0.99461734 0.9590973
6 0.40742078 0.27250409999999997 0.024712065 0.63268185 0.20553909
1 0.39493504 0.696817 0.0828677 0.72838455 0.23035346
3 0.36784625 0.88314927 0.03415962 0.9186162 0.07024052
