3 0.9804067 0.74370533 0.50500983 0.8771171 0.672515
3 0.95963323 0.2781884 0.45983019999999997 0.48640429999999996 0.69075894
3 0.9549439000000001 0.5584263 0.51327163 0.6074222 0.5770059000000001
1 0.9373405999999999 0.7016064999999999 0.5167166 0.73145056 0.626666
3 0.88497984 0.64563143 0.51238865 0.6756380999999999 0.5515015
3 0.7486958 0.6987689 0.52090627 0.7597546 0.58416885
3 0.6998573 0.67477185 0.5135215 0.70665234 0.5551712
3 0.68248636 0.681311 0.5148354 0.71763074 0.5568333000000001
3 0.62204355 0.015272886000000001 0.66352254 0.6448877 0.9909958000000001
51 0.57827526 0.48336127 0.805703 0.62375104 0.96809536
3 0.568185 0.60273105 0.5180085 0.62954134 0.55710125
3 0.537289 0.68420064 0.51937735 0.74853504 0.5736336999999999
3 0.42084932 0.6763264 0.52680963 0.7055024000000001 0.5697593000000001
3 0.4168239 0.61133075 0.51499295 0.63771176 0.5538594
