1 0.95707214 0.21916232 0.49461138 0.24844259 0.6457648
1 0.9362497 0.05073169 0.4225656 0.19930461 0.7816665
1 0.90621006 0.42093515 0.5400686 0.44136775 0.6176510999999999
3 0.89020145 0.523262 0.5449918 0.65771043 0.7105246999999999
10 0.88051236 0.5271114 0.45033953 0.5454081000000001 0.49462435
10 0.8694894 0.69903153 0.384322 0.72048086 0.44287124
3 0.83266336 0.76057994 0.584196 0.82397807 0.6352764
3 0.81783295 0.46156484 0.5658529999999999 0.48747224 0.59729534
1 0.8087867 0.38449629999999996 0.52357686 0.40483382 0.61347985
10 0.73640436 0.31236485 0.3650991 0.33380464 0.44776535
1 0.6852611 0.3625793 0.5357097 0.37957877 0.61820656
1 0.6645963 0.2012376 0.5085084 0.21755694 0.6024845
1 0.42552578 0.42590275 0.54436165 0.44599387 0.6201654999999999
10 0.40899342 0.53015655 0.44598973 0.54692656 0.48684514
1 0.36239254 0.28138545 0.52450764 0.29341868 0.5757137
1 0.35828692 0.2144594 0.5020100000000001 0.23482905 0.62284297
1 0.33184275 0.36939123 0.53685075 0.3850396 0.61400205
10 0.31198272 0.5303302 0.45781052 0.54645514 0.5012154999999999
