3 0.99218047 0.37445188 0.40786663 0.44224036 0.5145681
3 0.9830840000000001 0.24069518 0.38168022 0.33095979999999997 0.5203203
3 0.9663735999999999 0.12052087 0.381762 0.2721425 0.5723073000000001
3 0.9227323000000001 0.82163084 0.36166529999999997 0.99506783 0.75817037
3 0.8794388000000001 0.6218307 0.35305559999999997 0.91391695 0.66872823
3 0.8776166999999999 0.009761795 0.41180864 0.19245097 0.695691
3 0.8421014000000001 0.47168982 0.3979508 0.5232294 0.47742740000000006
3 0.84025556 0.0 0.32105467 0.106914155 0.41013113
3 0.7096015 0.07480542 0.36103144 0.14589459 0.42397085
3 0.63324714 0.31696492 0.40234149 0.35119355 0.47750893
28 0.53913146 0.0 0.3935421 0.17622331 0.5234484
10 0.5272558 0.3526631 0.30550265 0.3684829 0.34040725
3 0.4699027 0.437475 0.42441666 0.4581035 0.46399367
3 0.44810197 0.35503772 0.41885772 0.3792868 0.4479012
3 0.44005513 0.43492174 0.42032441 0.45628822 0.4554845
3 0.41199220000000003 0.46237755 0.41608343 0.48445994 0.46472704
3 0.40685105 0.48383418 0.41110837 0.5322089 0.48469713
10 0.39586017 0.3550275 0.31304628 0.36972553 0.3490626
3 0.37880978 0.32562095 0.41348016 0.36289126 0.48032326
3 0.35966682 0.3399213 0.45436206 0.36920112 0.49412522
3 0.3488403 0.35347557 0.42290559999999994 0.37669325 0.45818558
3 0.33812600000000004 0.29590058 0.39447796 0.33231646 0.5121777
8 0.32898504 0.5920413 0.35149252 0.89171416 0.6311929000000001
10 0.30777416 0.35169992 0.31272125 0.36529687 0.34349194
