3 0.9961040999999999 0.198776 0.39062688 0.31266475 0.52895904
3 0.9784098 0.38902509999999996 0.41601655 0.42813444 0.4765276
3 0.97142404 0.49374664 0.41717 0.64572203 0.5338775
3 0.78658324 0.48522818 0.41580498 0.53928375 0.48084375
3 0.7583655 0.30825686 0.41514274 0.35580105 0.47245958
10 0.7338574000000001 0.077710114 0.36118808 0.09437648 0.41449177
10 0.6867101 0.7149694000000001 0.25330973 0.7371812 0.30762863
3 0.6539813 0.46146113 0.41860697 0.49451226 0.46470493
3 0.43252113 0.30095494 0.4271089 0.32739747 0.49886218
3 0.42373356 0.43555555 0.42385006 0.45428738 0.46199083
10 0.36367807 0.091374606 0.24602564 0.11345874 0.2925455
3 0.35725690000000004 0.28416294 0.41343149999999995 0.31493902 0.50201535
3 0.34788346 0.35498226 0.41772598 0.37312270000000003 0.44920197
3 0.3122256 0.30096278 0.42128816 0.34027399999999997 0.49032655
3 0.31072935 0.4339471 0.4193378 0.4524817 0.4454154000000001
