1 0.99583167 0.8886050999999999 0.36441946 0.93191314 0.5548498000000001
3 0.96981806 0.054465637000000004 0.42893392 0.26393459999999996 0.64055526
3 0.9682257 0.22092989 0.4259428 0.29013303 0.52035826
3 0.95910054 0.7445041 0.3748671 0.8755434999999999 0.48803133
3 0.79439217 0.32193702 0.43417045 0.35614604 0.47814575
3 0.79352814 0.3793143 0.42555109999999996 0.4226827 0.48633045
8 0.67882097 0.32438183 0.38703734 0.36658102 0.44926083
1 0.5853326 0.30176592 0.40740418 0.31233376 0.4748318
1 0.55335486 0.30885178 0.4068242 0.32168287 0.4740544
1 0.34242767 0.2875475 0.42020947 0.30115226 0.4753133
