3 0.95863277 0.80005485 0.44866812 1.0 0.65834814
10 0.891768 0.48658848 0.46143925 0.5124926 0.5403524000000001
8 0.77891964 0.48517840000000007 0.39408940000000003 0.6525696999999999 0.6603294
1 0.7201702 0.7586959 0.46636000000000005 0.78395885 0.55676156
1 0.6969194000000001 0.76649433 0.46531930000000005 0.79434794 0.56069535
3 0.5297771 0.27197692 0.3994296 0.4433129 0.6474302
1 0.3823725 0.24112065 0.410287 0.33234817 0.599101
1 0.37530312 0.25009835 0.413314 0.32073742 0.5579064
8 0.31249458 0.27155218 0.3930795 0.4506673 0.65936285
10 0.31193107 0.61677706 0.46504483 0.6499716 0.55003786
