1 0.97912586 0.9339149999999999 0.40877688 0.9952867 0.74132204
1 0.9701179 0.0035355352000000003 0.45851108 0.042305406 0.6352137
3 0.9477614 0.43817973 0.5043460999999999 0.48144752 0.5655769
3 0.92830145 0.50098 0.47101027 0.6327081999999999 0.6726377
1 0.8037062 0.30677956 0.49573502 0.32503957 0.58865064
1 0.74210155 0.7165607 0.47462496 0.7451284 0.59910065
3 0.6893050999999999 0.37227118 0.48015034 0.4431755 0.601696
3 0.6857098 0.45343497 0.4980587 0.4915454000000001 0.5531106
1 0.66293436 0.7677804 0.4776889 0.7880354 0.59443706
1 0.6458406 0.3596687 0.49759245 0.372062 0.56600714
1 0.60517335 0.7594291999999999 0.47376436 0.7831583000000001 0.59235686
1 0.5999036 0.32870078 0.5000365 0.34174585 0.57549804
1 0.55672073 0.32444444 0.50003135 0.33645096 0.5782706
1 0.5460265000000001 0.35535490000000003 0.49676220000000004 0.36825687 0.5678609
1 0.5280809 0.7514124 0.47554472 0.7760569 0.59111375
1 0.49456495 0.65409255 0.48563305 0.66930926 0.5702315
6 0.47414738 0.49537244 0.433529 0.5631071999999999 0.58090055
1 0.43508902 0.3358552 0.49732637 0.34854174 0.57462054
6 0.43253230000000004 0.21603744 0.47236586 0.30082828 0.6404416999999999
2 0.39168957 0.9533181000000001 0.57362914 0.99827325 0.74869597
1 0.39122766 0.29736724 0.50195986 0.3145354 0.5954078
1 0.3398677 0.6469805999999999 0.4937706 0.6629719000000001 0.5688331999999999
7 0.31702286 0.21321781 0.46650028 0.30384701 0.65619385
1 0.30782345 0.34513852 0.49604717 0.35791054 0.57404554
1 0.3075481 0.7462951 0.4729538 0.76424766 0.5877263
