3 0.9695328999999999 0.008674725999999999 0.5413316 0.16573234 0.72471505
3 0.9691049 0.0 0.5457166 0.07379671 0.7889632
3 0.95161945 0.5498233 0.5204935 0.6934458 0.6188368000000001
1 0.9380847 0.90205485 0.48279423 0.9505158000000001 0.6383355
3 0.9342273000000001 0.72334015 0.5388255999999999 0.81003904 0.6081827
1 0.88285905 0.701537 0.5188728 0.72579086 0.6089661999999999
3 0.7521787 0.6563715 0.52901983 0.70207417 0.6069286
3 0.7003724 0.29751217 0.5142482 0.49689114 0.80441445
8 0.6996064000000001 0.17813691 0.5034380999999999 0.29086998 0.6832411
1 0.6697470999999999 0.8447768 0.5054746 0.8740681999999999 0.6351344
1 0.61082137 0.5191013 0.53789467 0.5360735 0.60728073
1 0.60798 0.7970204000000001 0.5171732 0.8332607 0.62464625
8 0.5034973 0.28946087 0.49167368 0.5060326 0.80087745
10 0.43062162 0.13838494 0.39772114 0.14738321 0.44084597
3 0.41939795 0.15903994 0.56342155 0.19117332 0.6261984
1 0.41578484 0.47994754 0.5303923 0.50034297 0.59747916
3 0.38399390000000005 0.29368642 0.54351324 0.33069387 0.6707225
3 0.32913822 0.17231181 0.5110085 0.2927167 0.6766258
