3 0.85892916 0.43066930000000003 0.19419739 0.47073936 0.2328242
3 0.8577652 0.53623843 0.33609405 0.62380534 0.43726003
8 0.84984624 0.5481949 0.21014464 0.64432114 0.39021873
8 0.8483439 0.21723975 0.28163920000000003 0.29762056 0.38677937
8 0.80808777 0.5256374 0.116686836 0.68867683 0.2523434
3 0.7717520999999999 0.4713459 0.19344525 0.49882993 0.22286892
3 0.7684518 0.47792906 0.19191691 0.50358075 0.22140026
10 0.7057739000000001 0.61021405 0.03020932 0.62285924 0.06852309
3 0.67073894 0.30997556 0.23114891 0.3738774 0.2989618
10 0.6565684 0.6888352 0.037622042 0.69956714 0.07433669
3 0.62496847 0.60633916 0.3389095 0.6440821999999999 0.39777777
10 0.5953868 0.56053996 0.038603816 0.5736405 0.07509015
10 0.5870828 0.5539124 0.038539097 0.5688389 0.075366504
8 0.5383825 0.22366397 0.27571848 0.29818588 0.33826566
3 0.5104031 0.48926178 0.18943383 0.510103 0.21679029
8 0.35753903 0.30996013 0.23100299 0.37304598 0.29806772
3 0.33721808 0.22027172 0.29839188 0.297514 0.38044074
3 0.3299196 0.46952924 0.19558941 0.48735067 0.22072887
