1 0.99987555 0.65687394 0.43726158 0.7839855 0.8701061
10 0.99442935 0.57111526 0.0821463 0.6104555 0.19468419
10 0.98766357 0.31460714 0.096176215 0.34869674 0.19870014
3 0.84391874 0.21888359 0.5150808 0.29925892 0.61025643
8 0.8319810999999999 0.47448462 0.48605190000000004 0.6056643 0.6626675
10 0.8168263000000001 0.41875926 0.28754327 0.43936095 0.33366635
10 0.7416854 0.8551257999999999 0.37798595 0.87899584 0.42795503
10 0.6475864 0.8587621 0.07454967 0.9002278 0.17063795
10 0.45846868 0.20724349 0.42343563 0.22249575 0.450097
10 0.3622057 0.5747956999999999 0.117501475 0.61460626 0.19323121
10 0.3155562 0.8436732 0.066820115 0.8970314 0.18257158
