3 0.9545644 0.4031699 0.6124943 0.45812157 0.68533117
8 0.95003676 0.294555 0.5667745 0.35580206 0.6928848000000001
3 0.91953933 0.119114235 0.7718454 0.21189909 0.9194540999999999
3 0.9151473 0.19159316 0.70353484 0.26384002 0.81748354
3 0.9087040000000001 0.31756437 0.607367 0.37993390000000005 0.71839327
8 0.8771068000000001 0.8442666 0.19811147 0.9321844000000001 0.28169890000000003
8 0.8713719000000001 0.9101785 0.4903026 0.95130724 0.5643024999999999
3 0.86165226 0.9420120999999999 0.5285873999999999 0.97650564 0.5919502
3 0.77846235 0.41105005 0.52326745 0.44422963 0.5777109
3 0.73070556 0.37578353 0.42329723 0.41323122 0.48005986
18 0.7035922 0.67302895 0.21613955 0.86574566 0.67060053
3 0.65497756 0.46533486 0.60212666 0.50892895 0.6633687
8 0.52869976 0.91991067 0.5011974 0.96385384 0.5781147
3 0.47330862 0.38245419999999997 0.5455348000000001 0.43005064 0.6326383000000001
3 0.31857365 0.4443451 0.43068692 0.47360393 0.46007577
6 0.31784478 0.29348093 0.5681299 0.35043335 0.6882633
3 0.3054072 0.83797693 0.3279098 0.863109 0.36275235
