3 0.9679851999999999 0.5504424 0.60133713 0.6536419 0.7351228
3 0.95756495 0.37646672 0.6089 0.4076852 0.6566951999999999
3 0.94413835 0.8076683000000001 0.61287504 0.87816167 0.6887426999999999
3 0.7609435 0.73386604 0.6031788 0.81416184 0.68660474
3 0.67820525 0.8693367000000001 0.61073637 0.9265964 0.6910156999999999
3 0.64902383 0.89407915 0.62871933 0.98629326 0.6957848000000001
3 0.6402715999999999 0.9334826999999999 0.63381034 0.99172 0.69689274
3 0.5057509 0.87921745 0.6161191999999999 0.95465523 0.69697577
1 0.44877583 0.55594033 0.5664653000000001 0.5761506 0.635317
1 0.37650505 0.6080682 0.56976587 0.62772024 0.61058414
1 0.3241155 0.42683297 0.54116315 0.44594818 0.63746506
