10 0.9949344999999999 0.44817868 0.13487178 0.49081624 0.33898667
10 0.98059684 0.6949829000000001 0.21364798 0.7287197 0.33956203
3 0.97063833 0.017325599 0.66073525 0.2760954 0.8161695999999999
3 0.9344826999999999 0.5633319 0.6724784 0.75632054 0.8019824000000001
3 0.9232290000000001 0.26851547 0.62480766 0.4521629 0.85848063
10 0.86669594 0.94712794 0.4455785 0.9832099 0.5311001000000001
10 0.85103667 0.013264216499999999 0.44957159999999996 0.0368214 0.5273388000000001
10 0.8303326999999999 0.19136955 0.5421188 0.20717144 0.58944523
3 0.783068 0.73167366 0.66542286 0.81543344 0.79023474
3 0.7662628 0.21853738 0.6169994000000001 0.30275422 0.7312568
3 0.72507167 0.49027479999999996 0.6273773 0.61667144 0.7592340999999999
3 0.7087880999999999 0.40131667 0.6307951 0.5139532 0.78565806
10 0.35959503 0.026860053 0.4569386 0.034486245 0.52644235
8 0.3595306 0.7298709 0.66545844 0.81378907 0.7912223
8 0.3434098 0.6973013000000001 0.6461624 0.7689054 0.71505815
