1 0.9951315000000001 0.35947546 0.60235065 0.38410320000000003 0.7306097
3 0.9937126000000001 0.63893473 0.6392766 0.8345273999999999 0.8362419
3 0.99043864 0.05631736 0.60093105 0.21190327 0.8039269
3 0.915481 0.19788255 0.6357196999999999 0.24829136 0.7514283
3 0.8365548 0.5647769 0.63234925 0.67526376 0.7500279000000001
3 0.763367 0.23151566 0.6184314000000001 0.29248202 0.7170137
8 0.5592974000000001 0.5422311 0.57244694 0.6333052 0.7336899
3 0.55188584 0.5479801 0.5843676 0.6403329000000001 0.7314803000000001
3 0.40024906 0.50508004 0.6198999 0.54966563 0.69966924
3 0.393975 0.48136958 0.6142151 0.5458189999999999 0.69050175
3 0.37814614 0.27096453 0.60349125 0.3253233 0.68400276
1 0.35710695 0.6407198000000001 0.72649807 0.65106225 0.7810417
