1 0.99827373 0.49290204 0.3279252 0.5926191 0.5563602
3 0.99388003 0.78270423 0.3483073 0.9641132 0.57618463
3 0.99326646 0.8851163000000001 0.36483768 1.0 0.70143396
3 0.9834325999999999 0.007968199 0.36390045 0.28034124 0.5187002000000001
3 0.92116463 0.6406482 0.32468906 0.8233851999999999 0.50908756
3 0.89967495 0.09084627 0.3584815 0.31217083 0.49946612
3 0.83756375 0.19682063 0.3592828 0.335715 0.4856567
3 0.79234844 0.739404 0.35292757 0.85936224 0.51436037
1 0.61053896 0.45843148 0.36396545 0.47773018 0.43170345
5 0.51196146 0.8142744000000001 0.3090472 0.89756054 0.35310015
62 0.4419117 0.45567077 0.43105993 0.5353495 0.546583
3 0.34676090000000004 0.76646394 0.35257894 0.85275555 0.46283826
3 0.32833409999999996 0.7462161 0.38027690000000003 0.8193023000000001 0.50579375
