3 0.99686986 0.11557200000000001 0.6376998 0.34861612 0.8678944
3 0.98444104 0.31593168 0.67664844 0.4091015 0.79671353
3 0.9681436 0.0013190918 0.7419011999999999 0.105896115 0.9867976
3 0.96468437 0.51039 0.67479193 0.5778648000000001 0.79200774
3 0.9500468000000001 0.03151653 0.65098286 0.19810072 0.7977225
3 0.89710146 0.6412791999999999 0.61468166 0.8738991 0.8671973
10 0.7926772 0.80719817 0.08467935 0.84508634 0.2079111
10 0.78075784 0.7953635 0.09975942 0.83401114 0.2138785
3 0.7708276999999999 0.4005277 0.6851914000000001 0.45027903 0.76566845
3 0.5721609000000001 0.47025687 0.7005099 0.50393045 0.7437127
