3 0.9860277 0.46363760000000004 0.6941803000000001 0.5650555 0.8378388000000001
3 0.9556947 0.032279626 0.6365439 0.18682566 0.8811139000000001
3 0.8683610999999999 0.0015375651 0.6287275999999999 0.05431219 0.9260040999999999
3 0.71116954 0.3327485 0.66352975 0.38634184 0.77061397
3 0.68853414 0.6382332 0.6982893 0.7932756999999999 0.9411425999999999
3 0.58300656 0.65758616 0.6258262 0.710381 0.7125811
6 0.5535931 0.5147462 0.48812717 0.5787300999999999 0.6319366
8 0.5053957 0.2547618 0.6652975 0.34861174 0.8191102
3 0.50266916 0.25656903 0.6658395 0.35489243 0.81405133
3 0.426975 0.6467536 0.61222875 0.70361966 0.6969173000000001
3 0.42578059999999995 0.5681676999999999 0.67672217 0.6335900999999999 0.7650793
3 0.357383 0.009502731 0.64167863 0.11017360000000001 0.9024351999999999
