3 0.9901452 0.46573898 0.53393424 0.56688833 0.64963025
3 0.9822465 0.06286174 0.55374724 0.25008118 0.74896103
3 0.9614976000000001 0.30556690000000003 0.49717072 0.40488493 0.61124504
3 0.9346726000000001 0.016055072 0.5087723 0.10249178 0.6057355
3 0.9203449 0.6988554 0.4942210999999999 0.79080844 0.6105297
3 0.88045377 0.6104887 0.537259 0.73559004 0.69931537
10 0.77484906 0.65872115 0.21071988 0.67685914 0.26908985
3 0.7149352 0.212971 0.50166756 0.29346174 0.5702351
8 0.6056878000000001 0.5118612 0.47206756 0.62461364 0.59877735
10 0.5922534 0.6633883 0.21125977 0.6812848000000001 0.27073115
3 0.48561868 0.5241979999999999 0.5239666000000001 0.6088531 0.60520726
3 0.46361846 0.7504261 0.46369702 0.8226264000000001 0.56789875
3 0.43531612 0.7614105 0.4832389 0.8160644 0.5715766999999999
3 0.4186460999999999 0.7330116 0.48313782 0.8133302 0.5760082
3 0.41352966 0.5464671999999999 0.5177685000000001 0.6233987 0.6052098000000001
3 0.37575758 0.36951540000000005 0.4907474 0.43358509999999995 0.5647419
10 0.3453541 0.42139423 0.19723284 0.43707126 0.2632739
3 0.34028235 0.5196594 0.48492655 0.625552 0.5961295999999999
