3 0.98927945 0.6030416999999999 0.41571388 0.7671949 0.65973884
3 0.9774415000000001 0.22903396 0.31570017 0.5362268 0.83120894
3 0.9616885000000001 0.51621675 0.41346133 0.63454664 0.7135341
3 0.92599726 0.10958993 0.24869850000000002 0.29146785 0.48131058
3 0.9134415000000001 0.68572503 0.2894222 0.8308558000000001 0.5045390999999999
3 0.8938020000000001 0.007957719 0.12883285 0.11102428 0.2416291
3 0.8756683000000001 0.005324919 0.42437798 0.11597602 0.99489814
3 0.86021453 0.85808706 0.04891459 0.942824 0.15617011
3 0.7925623 0.7649175 0.21506551 0.8893088 0.41670075
3 0.6895557 0.66437197 0.0920752 0.7695675000000001 0.19928601
3 0.6853781 0.58020663 0.15678594 0.6943939 0.40208499999999997
3 0.616695 0.7143029000000001 0.04712452 0.79294205 0.16600461
3 0.5033331 0.80018 0.17638595 0.8921191999999999 0.25579120000000005
3 0.45997962 0.0012320410000000001 0.24292588 0.03855788 0.40201074
3 0.35208872 0.12401657 0.2290724 0.28561682 0.38758590000000004
