3 0.86380255 0.05778224 0.007619679 0.45783076 0.123705804
3 0.829369 0.15317403 0.28340167 0.23758374 0.32506287
3 0.7648471 0.1628906 0.32052428 0.21508826 0.35161322
3 0.7251959 0.16238187 0.329339 0.20864666 0.36877134
3 0.6881169 0.12789318 0.14827904 0.34200048 0.2963134
8 0.62895936 0.13218172 0.37240097 0.20825537 0.41235217
3 0.5574946 0.16478659 0.31845582 0.22207278 0.3416701
3 0.5398158000000001 0.17038913 0.12618554 0.22270897 0.15279734
3 0.5302720000000001 0.15594101 0.3014004 0.22297859 0.3348625
7 0.49349648 0.5813714 0.02492088 0.9013654000000001 1.0
8 0.47952327 0.12025922 0.1454817 0.34863308 0.29958045
1 0.43027917 0.28598896 0.0012973137 0.5496984 0.05317405
6 0.33622712 0.13363343 0.37349740000000003 0.20806843 0.4119183
3 0.32744402 0.17386802 0.11866033 0.21628642 0.14856592
