3 0.9637551 0.58792424 0.573278 0.9090763000000001 0.98335105
3 0.94579506 0.5545198 0.44137546 0.61024857 0.5007007
3 0.939099 0.5461013000000001 0.50675374 0.62553626 0.5639346
3 0.7248732 0.5791791000000001 0.846493 0.92350686 0.9981489
10 0.7190808000000001 0.21648106 0.43951008 0.2916287 0.46615568
3 0.6742051 0.59113866 0.5923189999999999 0.74271804 0.8831141
3 0.609502 0.57782507 0.8319960999999999 0.6800103 0.98398805
3 0.5890156999999999 0.5623558000000001 0.7081204000000001 0.6034135 0.80633384
3 0.58741134 0.5896145 0.9119773000000001 0.90272206 1.0
3 0.54909086 0.54743916 0.25403792 0.58483547 0.28677708
3 0.49323446 0.5573793 0.26090518 0.95799416 1.0
3 0.44632798 0.5494693 0.20710008 0.5905037 0.24453323
3 0.44291648 0.5517732 0.45713818 0.60688126 0.51196766
10 0.43234449999999996 0.21921864 0.43364248 0.2867078 0.46070209999999995
3 0.37398833 0.5575762 0.22009386 0.5923518 0.2479222
10 0.34209785 0.46918459999999995 0.04626096 0.52249056 0.062677875
3 0.30537406 0.54952794 0.49023122 0.6004489000000001 0.51283926
