3 0.99195534 0.46014008 0.26756337 0.6977924 0.48751417
3 0.9477697 0.50082856 0.7431925 0.6483814 0.8732496
3 0.946838 0.50148404 0.55232644 0.5671086999999999 0.6015233
3 0.90791184 0.50321215 0.64070374 0.5387788 0.6715813
3 0.7426963000000001 0.5088704000000001 0.66903174 0.557846 0.7187463000000001
3 0.6836024 0.5020692 0.60014504 0.54521114 0.6227698
3 0.6069787 0.5105965 0.68188983 0.55996346 0.7413886
1 0.53613615 0.5022333999999999 0.6971175999999999 0.6139735 0.7278705
9 0.40497884 0.5633357 0.0 0.67731494 0.11840133
3 0.36370546 0.5092065 0.7073606 0.5585203000000001 0.7501576
