3 0.96072227 0.4310719 0.17898634 0.50678265 0.27976483
3 0.9258481 0.43753505 0.31939718 0.48154408 0.3685988
3 0.8567428 0.41749564 0.5807041999999999 0.47704813 0.6327174
3 0.81881505 0.40450191 0.44928205 0.45443392 0.49788737
3 0.69002104 0.4049802 0.5144567 0.45478764 0.5511199999999999
72 0.5220207 0.0027012164000000003 0.77604437 0.30836716 0.97520626
3 0.39129514 0.4057952 0.43298339999999996 0.44135463 0.45738846
3 0.36565816 0.41324028 0.42896983 0.44520685 0.4526278
3 0.36037737 0.4040777 0.55148643 0.44204387 0.59775585
3 0.35423386 0.43507925 0.37794724 0.46340328 0.40580514
