1 0.99263704 0.42097622 0.048379026 0.8146850999999999 0.19334385
3 0.8963109 0.5358925999999999 0.5198006 0.6965861 0.6530331
1 0.8082326999999999 0.5213555000000001 0.4147709 0.6051241999999999 0.43567269999999997
1 0.78716034 0.47558382 0.21446106 0.62721807 0.24565189999999998
10 0.67227256 0.3748511 0.6945688 0.43699560000000004 0.72145516
1 0.54618454 0.52028924 0.3585906 0.6112219 0.3744375
10 0.51364654 0.44106376 0.5260164 0.47736514 0.5404065
1 0.49573645 0.517025 0.36557296 0.61283696 0.38385
1 0.45074856 0.51321447 0.37109402 0.6113395 0.38781324
65 0.30501079999999997 0.6208208000000001 0.6331707 0.9231254999999999 0.9997845999999999
