3 0.94440305 0.41201509999999997 0.13491988 0.47787803 0.24252677
3 0.9389030999999999 0.4260933 0.8436030000000001 0.50057304 0.95635605
3 0.91757095 0.42900145 0.46089107 0.75852567 0.8840540000000001
3 0.8949450000000001 0.4125073 0.4768257000000001 0.48966762 0.5456544
3 0.8869208000000001 0.39224443 0.66417956 0.46709538 0.7879143
3 0.86267275 0.4309384 0.22646211 0.4856504 0.28771615
3 0.85629743 0.40957537 0.0 0.46976614 0.11007107
1 0.7711494000000001 0.39485046 0.16415222 0.5260363 0.19425474
3 0.6693180000000001 0.43489552 0.7920953000000001 0.49952403 0.8381233
3 0.5492289 0.4102674 0.1289814 0.50344545 0.26849425
3 0.43567047 0.3724172 0.597532 0.42861894 0.70193416
3 0.3696105 0.4309598 0.45622575 0.46549162 0.47602594
3 0.34804562 0.42733699999999997 0.46338975 0.4654139 0.48563462
3 0.34208018 0.42238313 0.46717238 0.46700397 0.49585109999999993
