3 0.99610883 0.33208165 0.15265428 0.57809645 0.42093256
1 0.7028965 0.559901 0.109868705 0.5880959 0.26500675
1 0.6038272 0.66948074 0.09125776 0.7073048000000001 0.24465752
3 0.58124447 0.0 0.060413785 0.43545955 0.9464783000000001
1 0.5664133000000001 0.30849496 0.16235410000000003 0.32484987 0.23058152
1 0.5484814 0.30328253 0.15847045 0.32180712 0.23226677
1 0.53843504 0.33694047 0.14632683 0.36307340000000005 0.2072998
3 0.41263285 0.0 0.08498727 0.76061356 0.9033752
1 0.34722090000000005 0.77302945 0.06192351 0.8138137 0.17537355
1 0.33592293 0.31432512 0.1636134 0.3295659 0.22949944
8 0.32757193 0.24185482 0.12920764 0.30703685 0.28029814
