3 0.9857195 0.4429119000000001 0.44830424 0.5188034 0.5730985
1 0.96823746 0.67104 0.44887173 0.68668246 0.53184104
3 0.96421325 0.5633993 0.47425085 0.6332015999999999 0.5258034
3 0.85194236 0.68870294 0.4537326 0.78745484 0.5215991
3 0.8404690999999999 0.18700250000000002 0.4616861 0.27558586 0.56497467
3 0.8344531999999999 0.51995605 0.46903008 0.554478 0.50111264
3 0.7929384 0.37837209999999993 0.48026082 0.40546286 0.50714236
7 0.706046 0.0 0.4582808 0.22971997 0.644518
1 0.64401275 0.67488754 0.44873166 0.69127524 0.53113407
1 0.55756575 0.63245934 0.4724191 0.6443452 0.5224239
1 0.48572790000000005 0.21418695 0.5223015999999999 0.23793240000000002 0.5874553000000001
3 0.47136447 0.38613778 0.4709934 0.41583744 0.50365686
3 0.3480539 0.39392167 0.4731635 0.41958514 0.50678205
