3 0.97048944 0.44049832 0.48532975 0.50074553 0.5836201999999999
1 0.93676805 0.6596781999999999 0.47246897 0.6748115 0.55976963
3 0.9079726999999999 0.17244586 0.507958 0.2626476 0.6076758000000001
3 0.8218260000000001 0.5034736 0.5076814000000001 0.53444326 0.5324807
3 0.7325804 0.35290018 0.48133254 0.41285190000000005 0.58231866
3 0.7320960999999999 0.009229964 0.5132154000000001 0.16713582 0.6552676
1 0.66893464 0.5466134 0.49733692 0.5571534 0.5328361999999999
3 0.49336475 0.15183747 0.5053390999999999 0.21822193 0.5782033000000001
10 0.44531417 0.38678968 0.41667026 0.39318115 0.43312144
10 0.36202547 0.39166809999999996 0.41975197 0.39803517 0.43197070000000004
