10 0.95573944 0.2580576 0.08587591 0.27915877 0.16571556
1 0.9473794 0.76782507 0.44518500000000005 0.7940232 0.55399764
3 0.9273283999999999 0.5694608 0.45656174 0.61440355 0.5140523
10 0.87990427 0.23789091 0.07800559 0.25519875 0.15847734
3 0.8788118 0.32506907 0.4728652 0.36164254 0.50995487
3 0.8634492 0.35112014 0.45773549999999996 0.3977115 0.5120335
3 0.840176 0.44202563 0.43236634 0.5293369000000001 0.5756677
3 0.7811885000000001 0.5366951 0.46113509999999996 0.570703 0.49615908
3 0.73640263 0.8298158999999999 0.45506394 1.0 0.7056138000000001
10 0.65886873 0.53265697 0.21232277 0.5459937 0.26507044
3 0.6511435 0.8697163 0.44389229999999996 0.98628855 0.5657139
3 0.49521503 0.33253688 0.47426066 0.37111735 0.5156456
10 0.41690093 0.5390773 0.2156237 0.55491674 0.26405156
1 0.37589735 0.40212914 0.45096546 0.41602340000000004 0.49757645
