3 0.9638030999999999 0.5923245 0.59335655 0.9077076999999999 0.8925078000000002
3 0.9616719000000001 0.5092277 0.55248976 0.5708898 0.6285808
3 0.9484584999999999 0.44652605 0.5642772 0.50162977 0.6104326999999999
10 0.94310015 0.44794023 0.23191541 0.47350649999999994 0.29914203
3 0.9234303 0.8234549999999999 0.5972947 1.0 0.9210636000000001
3 0.75235605 0.22788760000000002 0.55810183 0.25629222 0.596841
3 0.6923314 0.29289067 0.6112075 0.9347454 0.9418809000000001
3 0.656356 0.84183025 0.58951175 0.9868582 0.6873375
3 0.6558661 0.70469445 0.5717971 0.8097956000000001 0.6188654
3 0.51916164 0.26737237 0.5509337 0.29884198 0.5899824
3 0.48138702 0.37343293 0.55081654 0.3979037 0.57544875
3 0.31205973 0.23309289 0.5548834 0.2646034 0.59018534
