3 0.9948161 0.2830627 0.17175321 0.47363666 0.41535467
3 0.95734215 0.76519763 0.040651485 0.9045869000000001 0.14431684
3 0.94275165 0.89165586 0.039412916 0.9990334000000001 0.15777391
3 0.8788940999999999 0.6277391999999999 0.07219015 0.7494925 0.17572737
6 0.7856922 0.3023946 0.033196926 0.62573576 0.20305525
1 0.77450436 0.7113522 0.07998954 0.7408049 0.22298543
3 0.64090145 0.21874347 0.18379174 0.24827573 0.21758817
1 0.544646 0.6874958000000001 0.09985604 0.71470886 0.22870223
1 0.48600683 0.13869272 0.17503779 0.17385614 0.23924229
7 0.37233130000000003 0.21720196 0.5569606 0.7556763000000001 0.8849745000000001
4 0.34414592 0.0 0.07500573 0.09074588 0.45165285
1 0.3006574 0.72107613 0.078123495 0.7456116 0.22229803
