3 0.99326044 0.27643842 0.46261904 0.48835468 0.68933
3 0.9899177 0.5578401 0.50723803 0.6069829999999999 0.573314
3 0.9709572 0.74540776 0.5043274 0.87017274 0.6556630999999999
1 0.9709555000000001 0.70155483 0.5138037 0.73252493 0.6172979999999999
3 0.9125504999999999 0.6441190999999999 0.5109249 0.67397165 0.54556406
3 0.7736301 0.6721722 0.51449585 0.7321171 0.5648295999999999
3 0.7656006999999999 0.6876916999999999 0.51650053 0.7580073 0.5672963000000001
3 0.762596 0.6743729 0.5134447 0.7102443 0.56785184
3 0.72104913 0.5994166999999999 0.50695133 0.6279104999999999 0.548583
3 0.63887393 0.60796326 0.50943494 0.6359575 0.5487958000000001
51 0.5821099000000001 0.48687127 0.79692745 0.6176533000000001 0.9500427
3 0.57348603 0.71437186 0.5183337 0.7562621999999999 0.5734329
3 0.53997993 0.6239834 0.5110432 0.64513373 0.54418373
3 0.522092 0.0045793859999999995 0.57201743 0.11857307 0.67494196
3 0.3772426 0.61130357 0.5045649999999999 0.64077705 0.5420989
9 0.3163995 0.025581793999999998 0.47761974 0.07239839 0.51893365
