3 0.94898224 0.61834633 0.42288148 0.6841060999999999 0.53011423
3 0.8961401 0.65563434 0.43128282 0.7622624 0.5768543
3 0.68841565 0.6501446999999999 0.44731444 0.69402814 0.569082
3 0.66437876 0.6003128000000001 0.4166044 0.6425576999999999 0.5082553
8 0.6511971999999999 0.0907704 0.41785532 0.34895024 0.5675113
3 0.45010152 0.59920144 0.42000386 0.62608874 0.50562525
10 0.44352219 0.61753917 0.384759 0.6321732 0.42890865
3 0.4405274 0.5635508 0.43100938 0.6013049 0.47747429999999996
3 0.43485799999999997 0.6136682 0.42637894 0.65393096 0.51862085
3 0.36840835 0.9154928 0.42124495 0.9988579 0.5408111999999999
3 0.33404383 0.11111756 0.41945332 0.25694206 0.5834319
8 0.30844134 0.10072686 0.41648609999999997 0.25940546 0.577222
