3 0.97425383 0.5214737 0.537203 0.65594965 0.70040655
1 0.9302403 0.42158642 0.52781475 0.44619024 0.61372024
1 0.9295962 0.061045032 0.42595416 0.19424260000000002 0.7173276
1 0.9158125 0.22352578 0.48777097 0.25334442 0.6109191999999999
1 0.89608526 0.38287306 0.51709306 0.4085554 0.6128378999999999
10 0.83156896 0.6977270000000001 0.3759451 0.72958267 0.4443446
1 0.7959666 0.36181137 0.52557766 0.37909633 0.6150597
3 0.7284675 0.46437362 0.5564077 0.48752049999999997 0.59034914
3 0.6858166 0.7580234 0.5830850000000001 0.81887627 0.63182485
10 0.6584708 0.31448454 0.36386890000000005 0.33521226 0.42064428
1 0.62340677 0.20692843 0.49616176 0.2228389 0.5906528
