3 0.96816474 0.5627572 0.356126 0.7748869 0.5531155
3 0.9666585999999999 0.099316955 0.3827505 0.2687107 0.5639569999999999
3 0.96190006 0.39333627 0.40933007 0.42612204 0.45970839999999996
3 0.87038726 0.4489822 0.4000284 0.48967367 0.44441685
3 0.8216935 0.24801487 0.41702586 0.3150084 0.49981186
3 0.7987535 0.25754577 0.40635836 0.33071926 0.48316675
3 0.6976505999999999 0.33612278 0.40797573 0.36868188 0.44711244
3 0.5386608 0.6865201999999999 0.33162713 0.9801546999999998 0.7143686
3 0.51195234 0.30109525 0.40481162 0.35005617 0.46153235
3 0.39388302 0.26564544 0.39794025 0.32891414 0.44305420000000006
3 0.3851117 0.004032786500000001 0.42316765 0.12768567 0.7007073
3 0.38303617 0.3666081 0.4115388 0.38937032 0.43661797
3 0.32200485 0.34420392 0.40544724 0.3758591 0.43863663
