3 0.98435956 0.13191497 0.39679998 0.27832857 0.55130714
3 0.9630526 0.39216337 0.4075588 0.42067780000000005 0.45169112
3 0.93790793 0.24843165 0.41144165 0.29935047 0.5106361
3 0.91848814 0.46076977 0.40371084 0.49431318 0.44854849999999996
3 0.89530104 0.26522186 0.39519423 0.3246388 0.49385762
3 0.8427476 0.31031364 0.40053242 0.34766626 0.46448487
3 0.7472369000000001 0.4330741 0.40491027 0.46176285 0.43499774
3 0.6080651 0.5134116 0.41337308 0.60713583 0.49458537
28 0.5810392 0.5088074 0.31329656 0.63024634 0.41744122
3 0.55267507 0.34610830000000004 0.40756040000000004 0.36906457 0.44739777
3 0.54975057 0.44235831 0.40620214 0.46363646 0.43840086
3 0.51491565 0.28395814 0.4097453 0.32598555 0.4903826
3 0.49190232 0.3045698 0.40646467 0.33744806 0.47377299999999994
3 0.39429402 0.29808182 0.41346009999999994 0.32911766 0.48668537
3 0.31728829999999997 0.42643762 0.40627379999999996 0.45372942 0.43336278
