3 0.97521055 0.3200083 0.4117332 0.3615402 0.46848756
3 0.9727404000000001 0.38641652 0.41310322 0.44154528 0.49350697
3 0.97229844 0.2356055 0.4119793 0.30201469999999997 0.5258491
3 0.9659448 0.0 0.32224047 0.19256541 0.68962425
3 0.95279473 0.15315077 0.38555038 0.26662686 0.5602852
10 0.93658483 0.30403459999999993 0.19443655 0.32812792 0.25864506
3 0.87936646 0.6137165 0.32744035 0.90701187 0.6042928000000001
3 0.7939616999999999 0.46320534 0.41893202 0.50667006 0.46196815
3 0.7506048000000001 0.862468 0.43579134 1.0 0.6904996999999999
3 0.68993706 0.35653302 0.41451570000000004 0.3857624 0.45685804
3 0.4826732 0.87897986 0.43988666 1.0 0.5696760999999999
3 0.44223967 0.51440156 0.43048406 0.5690898 0.50841826
3 0.37695175 0.44421187 0.41549408 0.4776492 0.44938069999999997
3 0.35883406 0.89944875 0.405621 0.9930344000000001 0.49998254
3 0.34253174 0.9180406999999999 0.40051624 0.99103445 0.437249
3 0.33339083 0.43572065 0.42428648 0.4621924 0.45730373
8 0.3125635 0.58796704 0.33073053 0.9160242000000001 0.61840713
