3 0.9764242 0.19243343 0.41427037 0.28907856 0.52188313
3 0.9658273999999999 0.3736583 0.42096984 0.45842126 0.54181653
3 0.93367356 0.3073724 0.43663952 0.35847270000000003 0.51184416
3 0.8758344000000001 0.44972536 0.43712938 0.48006195 0.47275326
1 0.86223626 0.11944352 0.3950264 0.15146467 0.5430753
3 0.8274068000000001 0.47683656 0.42631346 0.5382099 0.48104817
3 0.54290324 0.34917772 0.44198245 0.37779668 0.48803806
3 0.49671963 0.27232477 0.42818046 0.31254867 0.5177555
3 0.40518558 0.25582132 0.43866679999999997 0.28973390000000004 0.50305414
10 0.32754570000000005 0.38167545 0.82244015 0.39569790000000005 0.8643634
