3 0.9867610000000001 0.121942386 0.62287545 0.18393767 0.71041524
3 0.9770835999999999 0.51939267 0.6189208 0.6241363 0.73728955
3 0.9498110999999999 0.75823003 0.46206218 0.99850273 0.7961094
3 0.9355913 0.35208854 0.65083134 0.38902277 0.6905248
3 0.85851115 0.5784788000000001 0.6123235 0.7568085 0.7857031
3 0.8239693000000001 0.1726199 0.6265674 0.20845635 0.6982889
3 0.72634876 0.39944372 0.6415206999999999 0.44336373 0.69265604
6 0.6828848000000001 0.43748078 0.5502233 0.55508304 0.72370934
3 0.6751675 0.33175614 0.65501875 0.35170248 0.6784157
1 0.5687726 0.20956773 0.63058597 0.2241904 0.6917118
3 0.5346529000000001 0.39926013 0.64249116 0.42656747 0.6932297
3 0.49869195 0.32474359999999997 0.6543477 0.33913547 0.67533195
3 0.4870460999999999 0.32001132 0.6535685 0.3345617 0.674
3 0.43790296 0.33630565 0.6527064 0.3559375 0.67826486
3 0.38722467 0.31305274 0.6514496999999999 0.3266825 0.67037576
8 0.37659332 0.43856759999999995 0.55476475 0.5549965 0.7301171999999999
3 0.3723351 0.41810504 0.63710004 0.44432154 0.6909458
