1 0.99184763 0.89199996 0.36492062 0.93411005 0.5432372
3 0.97653186 0.73651385 0.37377524 0.86855155 0.48247546
3 0.9373118 0.055464726 0.4174723 0.26659325 0.6238007
3 0.8309784 0.38218853 0.41344723 0.42555353 0.47892349999999995
3 0.7699246 0.22516306 0.42176458 0.28479240000000006 0.5011896
8 0.6528042 0.32093957 0.38772258 0.36325833 0.47992579999999996
3 0.5777394 0.32299027 0.41873825 0.35739204 0.47836816
6 0.56878006 0.0063585722999999995 0.22889516 0.18537931 0.5589826999999999
7 0.54527354 0.02659228 0.79950184 0.78361773 1.0
1 0.4646023 0.62019676 0.39744183 0.64208704 0.45406282
1 0.3329791 0.44580415 0.42264359999999995 0.45535165 0.45606359999999996
1 0.32126677 0.44972312 0.42110217 0.45924434 0.45333216
1 0.31939408 0.44330119999999995 0.42073724 0.45269319999999996 0.45728679999999994
1 0.30488637 0.44055972 0.42049205 0.44987562 0.45377538
