1 0.96427166 0.0038746984000000003 0.45113632 0.042508725 0.62858903
3 0.93916744 0.43979296 0.49584025 0.48506942 0.5587926
1 0.92523867 0.76267844 0.46983922 0.78769433 0.5879
1 0.9165768 0.9325401 0.39544496 0.9979773000000001 0.7106707
3 0.8617039000000001 0.37482473 0.47693712 0.4436977 0.58838326
8 0.7658491 0.21232566 0.46914506 0.3006716 0.6323486999999999
3 0.6623788 0.507733 0.46417612 0.634367 0.67294884
1 0.62995464 0.716054 0.4683883 0.74068147 0.59024036
1 0.5842523000000001 0.74770284 0.47220024 0.768378 0.5840325
3 0.52842325 0.12569526 0.514573 0.21388844 0.6010201999999999
1 0.52138186 0.33193946 0.49624988 0.3441867 0.5722929
1 0.47057125 0.31289405 0.49643406 0.326282 0.57533395
1 0.44638905 0.3283382 0.4976142 0.3394419 0.5674875
1 0.44437170000000004 0.35868713 0.48559555 0.3739088 0.5642378
1 0.36963475 0.56430596 0.77260923 0.5962791000000001 0.8768756
1 0.3634481 0.31907314 0.49950203 0.33178850000000004 0.57460874
8 0.35939145 0.5045445 0.45284027 0.63641495 0.6768185999999999
