1 0.9933129 0.94421744 0.21697025 0.9997265 0.45099217
3 0.9870903 0.54495406 0.23671395 0.6596584 0.39835757
3 0.88979423 0.45047268 0.25724488 0.48810512 0.32540244
3 0.8232065999999999 0.36269557 0.26041967 0.4237472 0.3457461
10 0.67485946 0.36729434 0.06347102 0.37867165 0.10949701
7 0.52821153 0.016109481000000002 0.6905855 0.8877857 0.99007976
3 0.4371888 0.53418875 0.27127540000000006 0.55597883 0.30473813
3 0.40067628 0.530154 0.27292866 0.54666966 0.3031992
64 0.376472 0.82587767 0.089750975 0.8953258 0.30199635
3 0.34111702 0.533621 0.27943176 0.5515939000000001 0.30729377
10 0.33144075 0.37128004 0.06665174 0.38167470000000003 0.11110324
