1 0.9939541 0.9013351999999999 0.47840047 0.9483733 0.6319413
3 0.9543802 0.29325747 0.5097547 0.51124096 0.79426885
3 0.9331937 0.5448906 0.51523775 0.6963593000000001 0.6137541999999999
3 0.91424423 0.72060335 0.5335449000000001 0.80894506 0.60057235
3 0.9124386 0.009963939 0.5283637 0.1687727 0.7124315999999999
3 0.9060845 0.0 0.52845037 0.07495926 0.7822722
3 0.8917722 0.007425508000000001 0.5310104999999999 0.104902916 0.73175216
1 0.8831341999999999 0.70169044 0.5098022 0.7240127 0.60341513
1 0.87630695 0.7972180999999999 0.49501437 0.8351384 0.62187934
8 0.7244885999999999 0.18359464 0.50340027 0.29374179999999994 0.6824286999999999
1 0.68226606 0.5184439999999999 0.52959526 0.5379151 0.60082763
1 0.6604175 0.8408620000000001 0.5056605 0.8679212 0.6256484999999999
3 0.65655696 0.18204038 0.50338453 0.2954558 0.6803255
10 0.63913316 0.14363934 0.39625928 0.15224181 0.44009507
3 0.50175613 0.15755461 0.54758906 0.19304937 0.58623254
3 0.43128347 0.30095774 0.52678394 0.32940690000000006 0.6210511
3 0.41714424 0.16496961 0.5725713000000001 0.19532245 0.63205326
3 0.41335192 0.1564689 0.55829084 0.19315527 0.62802577
