10 0.9578873999999999 0.68874913 0.0364769 0.70220625 0.076669045
3 0.9419905000000001 0.42964274 0.18878384 0.46411464 0.22784549
10 0.93401164 0.5541151 0.03720009 0.57159716 0.07755044
3 0.9258146 0.30769536 0.22603242 0.37330204 0.2994068
10 0.9150229 0.61296684 0.031937335 0.6245215000000001 0.07125592
3 0.9066033000000001 0.4689996 0.18510477 0.50444525 0.21681741
3 0.82444495 0.60757464 0.3306232 0.6430873 0.39649576
8 0.7848647 0.54328805 0.21245521 0.6476066 0.37840232
3 0.6271743000000001 0.21498656 0.27903178 0.2968748 0.38662508
8 0.6105555 0.5380088000000001 0.3248919 0.62206584 0.43811828
3 0.5717044 0.53624415 0.32954502 0.62214273 0.43651804
8 0.49343230000000005 0.21365419 0.27598249999999996 0.29955044 0.38524200000000003
8 0.41042197 0.53407836 0.2775612 0.6343659 0.42033285
3 0.36321852 0.32591328 0.20426552 0.37910515 0.22279884
3 0.3092736 0.32489967 0.2101884 0.37452215 0.23167476
