3 0.9647087999999999 0.12452722 0.77940005 0.21392123 0.9200914000000001
3 0.9546688 0.31979457 0.61696285 0.37745650000000003 0.71129054
3 0.93418205 0.4067044 0.6217229999999999 0.45421997 0.6825183000000001
3 0.92224663 0.93903893 0.5328879 0.9733858 0.59136367
8 0.87705743 0.9088135 0.49341652 0.9465351000000001 0.56683874
8 0.8746529000000001 0.8372368 0.20309764 0.9268021000000001 0.27836147
8 0.7893253 0.29535782 0.56165063 0.37327293 0.6798166999999999
3 0.7508818 0.19233492 0.70005584 0.26067558 0.8158191999999999
3 0.6660303000000001 0.7676229999999999 0.235577 0.80199105 0.2911052
8 0.5355159 0.38585398 0.5487847 0.4297224 0.64915043
3 0.47945407 0.47060588 0.60645264 0.50908834 0.66016483
3 0.43377104 0.83656126 0.33177415 0.8623141 0.36778215
8 0.42019618 0.19249222 0.7004623999999999 0.26186383 0.8138698
18 0.38921282 0.6676006 0.27039412 0.86026776 0.6679949000000001
3 0.3887118 0.8086025 0.2563567 0.83532816 0.2848413
3 0.387036 0.41397363 0.52501726 0.44328812 0.5770887
3 0.37552857 0.38530679999999995 0.5515199000000001 0.4290545 0.6459008
3 0.34253540000000005 0.48632586 0.47000697 0.5187785 0.50717694
23 0.30082774 0.662254 0.27446467 0.8645212 0.6598946
