10 0.9796046999999999 0.692405 0.20179571 0.72618 0.33550277
3 0.9591579 0.037112266 0.65485114 0.27513334 0.81503975
3 0.9549252 0.23672026 0.61703575 0.45610815 0.8534799000000001
10 0.86164564 0.45258456 0.14131893 0.48938134 0.34330356
3 0.83376306 0.5597986 0.669725 0.7478658 0.81088024
10 0.7583774 0.013987195 0.4364746 0.03484436 0.5357166
3 0.60978794 0.40611964 0.6329863 0.513208 0.793572
8 0.58097446 0.48723420000000006 0.62183934 0.61474884 0.77534854
3 0.5778243000000001 0.7240932 0.66272414 0.8095262 0.798941
3 0.57777745 0.49078295 0.62947965 0.61995745 0.7616731
8 0.45752433 0.7183204000000001 0.65772253 0.8059563 0.7913228
10 0.44912067 0.946566 0.43631274 0.9802530999999999 0.52364314
8 0.34579829999999995 0.6949843000000001 0.64718354 0.7656271 0.7088452
