3 0.9580349 0.044379957000000005 0.47086558 0.18251471 0.59112537
3 0.9570110999999999 0.68540174 0.5133504 0.76546186 0.5864262
3 0.9390507 0.34909782 0.52082723 0.7036210999999999 0.8383222
3 0.92636454 0.5633796 0.5082932 0.64895743 0.5851318
10 0.87652826 0.46110909999999994 0.40044254 0.46886400000000006 0.43180478
10 0.7885524 0.46207663 0.39730346 0.47094792 0.42876816
10 0.7822005 0.95926666 0.3819134 0.9794151 0.457467
3 0.7278773000000001 0.6429633000000001 0.52483076 0.6935856 0.5669746999999999
10 0.68496794 0.72390205 0.44038644 0.738609 0.49881777
8 0.51240516 0.37637073 0.48897246 0.47635064 0.56720567
3 0.40810856 0.37353200000000003 0.48652634 0.47421992 0.5658880999999999
