3 0.9842539 0.032886747 0.5924179 0.29977453 0.8958364999999999
3 0.977988 0.0010186863 0.61807823 0.07905037 1.0
3 0.976239 0.23977440000000003 0.6070748 0.38668543 0.77812123
3 0.96735215 0.37284607 0.6054819 0.46529472 0.7210233
3 0.9635476999999999 0.9261200999999999 0.6340173000000001 0.9987370999999999 0.7883275
3 0.96181387 0.57991785 0.57152027 0.8921846999999999 0.9149019
3 0.8897368 0.8503136999999998 0.6173234000000001 0.92081344 0.7221181
3 0.83750725 0.45627218 0.6162938 0.50241345 0.7087691999999999
3 0.73768085 0.7779176999999999 0.6177706000000001 0.8822994000000001 0.71386117
1 0.61813676 0.023987099999999997 0.28381735 0.046646815 0.36007544
8 0.5469268 0.46649873 0.5304309 0.55302596 0.67185116
1 0.3545084 0.5676944 0.6089336 0.5869048000000001 0.6717206
