3 0.98598295 0.0 0.5713891 0.99895394 0.98136413
3 0.98595226 0.10692908 0.5108178 0.26827025 0.5981916
3 0.9734870999999999 0.53256774 0.5210905 0.65606105 0.59671384
3 0.97089875 0.0 0.5215586 0.046275564000000005 0.5947135
3 0.95562965 0.6538264 0.51713324 0.84022635 0.63653
10 0.94266987 0.34813320000000003 0.31324768 0.36473322 0.38797950000000003
3 0.8420439000000001 0.07972403 0.520159 0.13856095 0.5846581999999999
3 0.7601405 0.81744796 0.5341452 0.8800245999999999 0.6115647
3 0.75980645 0.0011077523 0.6760687 0.82700825 0.99768215
10 0.73223406 0.44119722 0.34207377 0.45072502 0.3868541
3 0.63786536 0.31177932 0.5151498 0.35942692 0.5782424
10 0.60970724 0.43837753 0.3400282 0.4484025 0.38443545
10 0.44566035 0.50133824 0.34485602 0.51518595 0.38254783
3 0.41463572 0.004985811 0.5173262 0.05499143 0.57426494
10 0.40743440000000003 0.50537825 0.34352294 0.5187564 0.38007626
8 0.38007199999999997 0.3158244 0.5125118 0.3610078 0.57876325
