3 0.8612495000000001 0.50949776 0.33723676 0.5302 0.3675412
3 0.853617 0.32404643 0.39709055 0.37237424 0.43167543
3 0.81635624 0.6644547 0.26214162 0.6988721 0.2934792
3 0.7867916 0.09487353 0.4577266 0.13666143 0.49079409999999996
3 0.77080905 0.0 0.26308188 1.0 0.94399494
3 0.7682813000000001 0.8478576999999999 0.20200078 0.8933009 0.23059888
10 0.43913640000000004 0.464358 0.2733285 0.47414717 0.29659903
3 0.43840843 0.40953305 0.37485948 0.42737213 0.39698574
3 0.41925207 0.21210697 0.42955595 0.2336218 0.454854
3 0.3854406 0.14633574 0.43646225 0.18578829 0.46880823
8 0.37767455 0.14704454 0.43681309999999995 0.1868445 0.4691044
10 0.36461458 0.46900340000000007 0.2742217 0.47939899999999996 0.2975136
10 0.3558234 0.45878565 0.2694514 0.46812445 0.2919203
3 0.31352246 0.34155690000000005 0.10107795 0.97625923 0.9404056999999999
