3 0.9806919 0.11801650400000001 0.56123775 0.16930705 0.60875446
3 0.95348644 0.8532343000000001 0.59212965 0.9657589 0.66487485
3 0.9528478000000001 0.2716115 0.55892324 0.30556953 0.60568583
3 0.9433074 0.168234 0.5562345000000001 0.22423135 0.61193496
3 0.9250989 0.23209259 0.56108284 0.27505752 0.61319757
3 0.91459304 0.0033097490000000003 0.53842443 0.10583561 0.61786824
3 0.88867944 0.70386565 0.57131034 0.75941217 0.61116093
3 0.8287493 0.0074308515 0.5790054 0.73377484 0.98228425
3 0.7230274 0.086423755 0.5919223000000001 1.0 0.9510120999999999
3 0.72247136 0.67803645 0.5736685 0.70498514 0.61026
3 0.6885139 0.9736464 0.59283596 0.9983808000000001 0.6244562
3 0.6335887 0.6436251000000001 0.5737776 0.67616946 0.60243946
3 0.62176335 0.94920737 0.59171194 0.99039084 0.6280635
3 0.6166111 0.48979864 0.5755437 0.5102256 0.59690535
3 0.5238449000000001 0.6771823 0.56720763 0.71597576 0.6074768
3 0.48566997 0.21135962 0.54994327 0.23360708 0.5991443000000001
3 0.43785828 0.9374053 0.58731276 0.98329073 0.62912905
10 0.4347696 0.36395190000000005 0.42983332 0.38829198 0.4525303
3 0.41146117 0.4958681 0.5772531999999999 0.51442945 0.5960561
3 0.39399526 0.6925811 0.5676685 0.7425634 0.6095093
10 0.3499114 0.50067383 0.446263 0.5134128 0.47005907
3 0.32114393 0.22856976 0.5577479000000001 0.2578803 0.608638
