3 0.98403245 0.9599810999999999 0.6155944 0.99890006 0.70101523
3 0.884315 0.54425627 0.49292479999999994 0.56954926 0.5240984000000001
8 0.87297726 0.7984710999999999 0.539646 0.96776485 0.65151256
8 0.8498051999999999 0.24928567 0.44682518 0.32851985 0.5130011999999999
1 0.83096826 0.49587609999999993 0.7647129 0.7690524999999999 1.0
3 0.6836601999999999 0.57795924 0.4985981 0.5926139 0.5182725
1 0.5769053000000001 0.29219103 0.7502444 0.77059317 0.99698
3 0.5135960999999999 0.5807882 0.49454609999999993 0.5965503000000001 0.5138669
3 0.5045649 0.610897 0.49964306 0.63285 0.52489287
3 0.49678916 0.6477113 0.48979893 0.67316604 0.5290468
3 0.35381556 0.4619925999999999 0.47906366 0.48162840000000007 0.50269467
3 0.32559879999999997 0.7735813 0.55333114 0.82019025 0.6062930999999999
3 0.31290513 0.5887083000000001 0.4989853 0.60323036 0.5148590999999999
