3 0.98083085 0.19788644 0.5087769 0.2688552 0.5858111
3 0.9659046 0.0 0.7140338 1.0 0.99961835
10 0.95215917 0.49286276 0.23979793 0.53034204 0.27022909999999994
3 0.7443444 0.03894061 0.4843714 1.0 0.9755640999999999
10 0.5927690999999999 0.37400207 0.24265976 0.41244027 0.27393678
10 0.49566886 0.65555716 0.41339308 0.6655289000000001 0.43598208
10 0.39350197 0.6539575 0.40822425 0.6617743 0.4305553
10 0.36738205 0.6511182 0.41158167 0.66061276 0.43712664
10 0.32150432 0.66256785 0.41671556 0.6707121 0.43923417
10 0.30211043 0.6569391 0.40892822 0.66453606 0.42840500000000004
