3 0.9984003 0.004630655 0.6100525 0.28689948 0.8000567
3 0.9961588 0.8297833 0.61538225 1.0 0.74799234
3 0.9930269 0.6573587 0.6262951999999999 0.8292944 0.7147687
10 0.9799903 0.36800036 0.37749505 0.38455597 0.4306209
10 0.97833586 0.36404178 0.38538779999999995 0.38022003 0.4350085
10 0.97278184 0.3035587 0.37636724 0.31689090000000003 0.42872956
10 0.9148533999999999 0.89704746 0.18830873 0.9166302 0.2807113
10 0.9103308000000001 0.94541097 0.12696789 0.9687444 0.23115346
10 0.8814704 0.3003416 0.37789959999999995 0.31298268 0.42849985
10 0.8573985000000001 0.68385017 0.5033901 0.70005643 0.5555220000000001
10 0.85170656 0.54835725 0.39620429999999995 0.5611931 0.44796935
10 0.82490706 0.474217 0.39260942 0.48901916 0.44197309999999995
3 0.796519 0.40555248 0.63770276 0.43006077 0.67360455
3 0.7447476 0.7840043999999999 0.6262886999999999 0.84008783 0.6974840999999999
3 0.6514245 0.51148087 0.62866986 0.5604555 0.6925343
8 0.59880614 0.2590864 0.60597736 0.387471 0.71986866
3 0.53276074 0.26753715 0.6038840999999999 0.38457206 0.7155576
10 0.4815602 0.6802833 0.498778 0.69681346 0.55008346
8 0.3820353 0.5059872000000001 0.6188849000000001 0.55762094 0.6876823000000001
