3 0.9561233 0.88477266 0.5705614 0.99608827 0.6468788000000001
3 0.9534505999999999 0.023768782999999998 0.54517275 1.0 0.96444196
3 0.94495815 0.34025973 0.5442244 0.38043302 0.6010506999999999
3 0.91565996 0.23517916 0.5477489000000001 0.27834699999999996 0.5964010000000001
3 0.9000749 0.29973322 0.5492156 0.32870603 0.5844842
3 0.8941388000000001 0.116736956 0.5483548 0.17114177 0.5943024
3 0.884186 0.16626407 0.54623127 0.22088917 0.59800416
10 0.8069284999999999 0.4954657 0.42680827 0.51469725 0.45392874
3 0.7869010000000001 0.2065692 0.5428658000000001 0.23472747 0.59117526
3 0.7419832 0.64361346 0.55918586 0.6766951 0.5876499
3 0.6923773 0.330298 0.5923755999999999 1.0 0.9511491
8 0.58165973 0.6936005999999999 0.5552399 0.75986844 0.59677994
3 0.51647174 0.4897902 0.5535918000000001 0.5169332 0.5777853000000001
10 0.50654584 0.36249584 0.41144314 0.3887235 0.44064355
10 0.4898953 0.44394746 0.4290553 0.45813695 0.44989768
3 0.4699089 0.48521602 0.5554846 0.5115144 0.58007294
3 0.45644623 0.6201623 0.5826488000000001 0.6406788 0.6083513
3 0.431777 0.674082 0.5602959 0.70390433 0.5934975
3 0.42265785 0.6732734 0.5556816 0.7227380999999999 0.5956060000000001
3 0.41146925 0.68980414 0.55476403 0.7566723000000001 0.5966494000000001
3 0.33959025 0.48852277 0.54691637 0.5151532999999999 0.57239985
