3 0.99774855 0.080606565 0.60511357 0.3726216 0.78375465
3 0.9833818999999999 0.7775604 0.627765 0.9088622 0.71251756
3 0.9755773999999999 0.9480755 0.6254661 0.99974173 0.71570045
10 0.9720343000000001 0.36311668 0.38429803 0.37812322 0.4333123
10 0.9358029 0.89042026 0.19125043 0.9122428 0.27947894
10 0.935567 0.29889798 0.37203863 0.3133605 0.42466053
3 0.9112839 0.49639440000000007 0.6311272 0.53929615 0.67935497
3 0.9087125 0.34502152 0.63280445 0.3946384 0.6924098000000001
10 0.8929826 0.5419293000000001 0.39576492 0.55611914 0.44960228
10 0.8785733 0.54661554 0.39471042 0.5605071 0.44857422
3 0.8547446 0.8965128000000001 0.6247998 0.9447046999999998 0.6740978
10 0.8502540999999999 0.94155973 0.13270235 0.96406645 0.23182994
10 0.766942 0.46984923 0.39120429999999995 0.48295045 0.44070774
10 0.6402734999999999 0.4636803 0.38584748 0.47880873 0.43937653
10 0.5841553 0.6783009 0.505214 0.6928813 0.55091596
