10 0.97164965 0.28542706 0.38186687 0.3001283 0.43517855
3 0.9688639000000001 0.50381553 0.6469212 0.53214633 0.68256193
10 0.9681818000000001 0.35057458 0.38641372 0.36702487 0.43669096
10 0.9461574 0.8770965000000001 0.19354704 0.8972319 0.28653416
3 0.8923445 0.2952825 0.6333835999999999 0.34980032 0.6977309
10 0.8832120999999999 0.5303593000000001 0.39765257 0.5446481 0.45426068
10 0.83610594 0.45708459999999995 0.39714462 0.47127473 0.44430974
10 0.8283111999999999 0.34415367 0.38609925 0.36101118 0.43480492
10 0.827468 0.6642623000000001 0.5037478 0.6788422 0.55869275
10 0.8055239000000001 0.9252531999999999 0.13086534 0.94832295 0.24045467
3 0.7761543000000001 0.093853876 0.63365704 0.1661704 0.7018634
8 0.7499831 0.86679924 0.6193006 0.9991781999999999 0.7133614
3 0.735234 0.23142473 0.6240123000000001 0.29285783 0.6986635
3 0.5493743000000001 0.15789324 0.6459094 0.18682793 0.6841841999999999
3 0.4951951 0.05361873 0.6328803000000001 0.086550325 0.6706946999999999
10 0.4776932 0.5252031999999999 0.39728934 0.53982925 0.45568419
10 0.45472082 0.45395294 0.38963565 0.46881035 0.43980348
3 0.45220659999999996 0.8674787 0.6146595 1.0 0.71021944
10 0.45215875 0.3113979 0.39089206 0.32579434 0.42194167
3 0.393068 0.5567651 0.6585781999999999 0.57459486 0.6813993
