3 0.99277264 0.48826525 0.59822494 0.6060041 0.66739935
3 0.98579156 0.19815351 0.5884464 0.24869935 0.63940626
10 0.9789049999999999 0.36878026 0.38209534 0.38349694 0.45285109999999995
3 0.9559931 0.00062438287 0.5955418 0.014556528000000001 0.6701779
10 0.94853896 0.36463392 0.3810486 0.37915570000000004 0.45115492
3 0.9439103000000001 0.97385776 0.6261045999999999 0.9973860999999999 0.6885446
10 0.74844825 0.45790547 0.40717524 0.46863693 0.45057377
3 0.7271113 0.29486677 0.6049741 0.31272486 0.62308663
3 0.7029088000000001 0.032240152 0.6476448 1.0 0.9872515
10 0.6811590999999999 0.45470685 0.40635170000000004 0.46565735 0.44965327
3 0.6550986999999999 0.0 0.6039045999999999 0.007784208000000001 0.66839135
10 0.64014924 0.5216722 0.40959287 0.5324269 0.44788572
8 0.58057445 0.61926925 0.5792299 0.8148614000000001 0.7254537
3 0.51223564 0.32882878 0.576933 0.37247828 0.6404191
8 0.5106778000000001 0.33211276 0.5748748 0.37439105 0.64080477
3 0.48604113 0.6222376000000001 0.5824775 0.8066701000000001 0.7298786999999999
10 0.43000618 0.5265831 0.41569647 0.53489864 0.45079225
10 0.34706342 0.5280214 0.40923634 0.5396901 0.44541878
