3 0.9444171999999998 0.4670588 0.5133681 0.6156024999999999 0.59433824
3 0.92640626 0.08603856 0.5445926999999999 1.0 0.9605232
3 0.88324827 0.23933409 0.50846416 0.27977017 0.55317336
10 0.87374896 0.35282785 0.3726987 0.3882618 0.40189576
3 0.81236964 0.9285856 0.54040205 0.9960353000000001 0.58211404
3 0.80852926 0.0015122220000000001 0.41442502 0.15031198 0.6489068
3 0.8081229 0.35448676 0.5036425999999999 0.39198607 0.55895776
3 0.7429623000000001 0.66008544 0.5280865 0.6831094 0.5532034
10 0.7102305 0.36684993 0.375286 0.386767 0.40007729999999997
3 0.6097316999999999 0.69208246 0.5313491 0.7165293 0.5636024000000001
3 0.60493666 0.6788841 0.5285181999999999 0.7053564 0.55798894
3 0.5962847 0.7121746999999999 0.5227655 0.76417345 0.56318957
3 0.5920335999999999 0.6252454000000001 0.54454213 0.6482671999999999 0.57668877
10 0.59022504 0.45277202 0.39248028 0.46779144 0.4110944
3 0.57165754 0.65592194 0.5266350000000001 0.6785878000000001 0.5508974
3 0.458762 0.28893605 0.5064137 0.30676785 0.52869344
3 0.4148371 0.23341864 0.50181603 0.24729243 0.5406986
3 0.40248382 0.0564757 0.68370354 0.97699267 0.99554294
10 0.38205588 0.45043135 0.38724625 0.46436512 0.40880700000000003
8 0.36847103 0.7117805 0.5193585999999999 0.76410335 0.5613155
10 0.35094386 0.5017703 0.38952732 0.5187456 0.41322067
3 0.33431458 0.25459410000000005 0.5052282 0.28725332 0.54561335
