3 0.9601151 0.0010265373 0.41772994 0.07541801 0.51828337
8 0.9428966999999999 0.5767638 0.49012327 0.9511929 0.71744287
3 0.9347302 0.052502427000000004 0.43462629999999997 0.14144617 0.51493025
3 0.931307 0.90990704 0.6065201 1.0 0.8735783000000001
3 0.8924175999999999 0.10135543 0.43608546 0.21741867 0.52656096
3 0.8455617 0.0 0.54484665 0.9600439000000001 0.98213756
3 0.7812835 0.5286947 0.52114576 0.57699305 0.58837026
3 0.7620148 0.30874246 0.4868969 0.35423106 0.5244498000000001
3 0.70479167 0.48045950000000004 0.49886423 0.5533194 0.559575
3 0.69169897 0.5476794 0.5162899999999999 0.605008 0.5985062
8 0.6646340999999999 0.5663092 0.4988344 0.7952614 0.7044039000000001
3 0.6320901 0.31007084 0.4959575 0.3495688 0.5298841999999999
3 0.6305086999999999 0.035703234 0.42676756 0.11938045 0.50924855
3 0.557934 0.6382628 0.49716678 0.992225 0.738494
3 0.5149632000000001 0.3525557 0.5121351 0.9938484000000001 0.9019857
3 0.46699196 0.460715 0.5059639 0.48423207 0.5390848000000001
3 0.43014738 0.47076666 0.50166714 0.49989218 0.54429996
3 0.38976696 0.46846604 0.4943687 0.53003156 0.544292
3 0.31882897 0.45601785 0.5040287 0.47903670000000004 0.5358689999999999
3 0.30609247 0.45159522 0.5021147 0.46941426 0.5309815
3 0.30587040000000004 0.24692488 0.466505 0.31762165 0.49865675
