3 0.99795914 0.0 0.6332035 0.20173651 0.76473767
3 0.9815564 0.8769491 0.61173046 0.9986712999999999 0.72264904
3 0.9733858 0.22956899 0.6309939999999999 0.38765982 0.7283566999999999
10 0.9671728 0.32493502 0.3836567 0.33888268 0.43418375
3 0.96555346 0.7058241 0.61940014 0.837455 0.71114403
10 0.962241 0.9673309000000001 0.12066923 0.99229103 0.22992018
10 0.95072997 0.92176116 0.18516670000000002 0.9448222 0.2797854
10 0.92038167 0.49492064 0.39076295 0.50771224 0.44319886
10 0.90451795 0.38557744 0.38453674 0.40280342 0.43647364
10 0.8889521 0.70286345 0.5012073 0.71997297 0.55725455
10 0.8675011999999999 0.56694835 0.39693367 0.5825511999999999 0.44863993
8 0.8543001 0.43178535 0.6037007 0.6148523 0.71366656
10 0.8219099 0.37889737 0.38867820000000003 0.3982945 0.43664673
10 0.78331375 0.32128888 0.38247338 0.33439618 0.43390742
10 0.74948573 0.91670775 0.18753916 0.93739176 0.27876917
10 0.63327646 0.49071640000000005 0.3919979 0.5037961 0.44185969999999997
3 0.5989444 0.19797078 0.6433835 0.2213049 0.67861944
3 0.43072155 0.38180053 0.6562671999999999 0.41097426 0.6854491
3 0.3459503 0.2027021 0.6468623 0.22629166 0.67929447
