3 0.9948819999999999 0.18709774 0.45237127 0.4179294 0.57835984
3 0.9841866 0.052063555 0.69845134 1.0 0.9939965000000001
10 0.9679530000000001 0.47898453 0.22715266 0.5147072 0.25932837
10 0.9188187 0.36816022 0.22642228 0.40822122 0.25890204
10 0.7363886 0.48238382 0.21597707 0.5190349 0.25019515
3 0.71895987 0.10778421 0.49052653 1.0 1.0
3 0.7141744999999999 0.4363896 0.51455563 0.45677617 0.5340522
10 0.45791608 0.37524209999999997 0.22096984 0.4134168 0.2564666
10 0.42803347 0.48651803 0.22713847 0.5241667 0.25705466
10 0.42684609999999995 0.6509771 0.39427080000000003 0.66228765 0.4179656
10 0.35164705 0.64813423 0.39681524 0.6602031 0.41902342
3 0.31053707 0.40220976 0.71597946 0.9978484000000001 0.99454457
