3 0.97519875 0.8415465 0.5593971 0.9503222 0.63073003
3 0.9434848 0.10394861 0.52033544 0.15956421 0.56647897
3 0.934683 0.2569941 0.52102995 0.28779528 0.5654788000000001
3 0.9290130999999999 0.9500683000000001 0.5769335999999999 1.0 0.6230982
3 0.92871857 0.95555 0.5880299 1.0 0.63409346
3 0.9229466000000001 0.22170067 0.5219315 0.26212123 0.5706342
3 0.89826834 0.9472876 0.5668371 0.9989007 0.60929334
3 0.87372005 0.6838518 0.53633827 0.7451791 0.5756872
3 0.8708224 0.5930602 0.54446226 0.6281831999999999 0.57865286
3 0.8665795000000001 0.15335464 0.5170785 0.20903665 0.5680151
3 0.85465187 0.0 0.55115944 1.0 0.96833146
3 0.82612795 0.9549167 0.5643619000000001 0.99785495 0.59639275
3 0.6846543 0.20497729999999997 0.51369077 0.22778714 0.56044036
3 0.6805993 0.47244632 0.53688955 0.49925852 0.5585346999999999
10 0.67278486 0.34612750000000003 0.38490057 0.37548053 0.41533884
3 0.63357216 0.5876496999999999 0.5353688 0.61755264 0.56273896
3 0.61473393 0.95815504 0.5583935 0.99296045 0.58219093
10 0.5772772 0.4378742 0.40192497 0.45555574 0.42846724
3 0.5253787 0.6641454000000001 0.53947824 0.6897555999999999 0.5741261999999999
3 0.5170028 0.94387925 0.5645802 0.9866054 0.6032773
3 0.4949911 0.59487975 0.5362852 0.62635434 0.5631401999999999
10 0.466527 0.49821788 0.41591084 0.5081689 0.43586785
3 0.39132553 0.6284648 0.54392034 0.65603864 0.5680978
3 0.37836957 0.17957944 0.5135549 0.22039801 0.56061804
3 0.37690577 0.6733748 0.53664684 0.71183324 0.5730748999999999
