3 0.9927608 0.6698614 0.57879335 0.9397542999999999 0.74292594
3 0.9926292999999999 0.18631372 0.6470847 0.31642053 0.71997863
3 0.96034163 0.048372465999999996 0.65710574 0.119225636 0.7105226
10 0.8326028 0.368627 0.5000811 0.39181507 0.51875967
3 0.80042124 0.0 0.7906962 0.7057934 0.9821963
3 0.7969470999999999 0.9231391999999999 0.6158854 0.9566425 0.67024404
3 0.65254176 0.1157181 0.6480235 0.16963589 0.70761395
3 0.6039575 0.05173546 0.72736907 0.98158187 0.9905814000000001
10 0.44653034 0.37166306 0.5040989 0.39481702 0.52150357
3 0.40400124 0.49490909999999994 0.663166 0.5138982 0.6823038
8 0.3237554 0.115064606 0.64825016 0.16860409 0.70850194
