3 0.9191037000000001 0.021555364 0.8040824000000001 0.6934016 0.98215187
3 0.86984015 0.82007563 0.60244876 0.9506546 0.688683
3 0.72671473 0.04754305 0.6972005 0.9288062 0.97809726
3 0.69971836 0.69424695 0.63211215 0.7892093000000001 0.70104647
8 0.652762 0.55052334 0.63473135 0.67192763 0.7063982
10 0.6371643 0.285671 0.50081986 0.31687963 0.5239385999999999
10 0.60473436 0.44169474 0.51473 0.45312542 0.52893233
3 0.5427579 0.55341905 0.6359212 0.67415947 0.7048533
8 0.5340441 0.0 0.6565512 0.066198565 0.7415126999999999
8 0.5204211 0.115484245 0.6565798 0.17430489999999998 0.715661
3 0.5199775 0.04196043 0.66082805 0.1149115 0.72827137
3 0.51430637 0.113050945 0.6617368 0.17247242 0.7187703000000001
10 0.5135729 0.37566236 0.5079449 0.39221743 0.52703255
8 0.47471005 0.03726154 0.65944517 0.11634409 0.7308022
3 0.43738186 0.0 0.65709764 0.06486136 0.7405569000000001
10 0.40810072 0.43272048 0.50660217 0.45097297 0.52428997
3 0.35105149999999996 0.10227784 0.66032875 0.12036303400000001 0.7007564000000001
62 0.33907909999999997 0.02815783 0.81058264 0.63815 0.9868661
