3 0.9919532 0.04004547 0.41296577 0.40209454 0.5959853
3 0.9682025 0.871143 0.41319793 1.0 0.53651047
3 0.9353328000000002 0.051349044 0.55683124 1.0 1.0
3 0.93145984 0.4055051 0.47485337 0.44430903 0.5295156
3 0.8795334 0.0047269315 0.41080728 0.25492388 0.5792622
3 0.8080834 0.0 0.40789127 0.16176087 0.56893104
10 0.7825970999999999 0.4804145 0.21391551 0.5146717000000001 0.24317445
10 0.6348305999999999 0.3729206 0.21561842 0.4083024 0.24418979999999996
10 0.5706666 0.47941613 0.21516494 0.49931908 0.24232438
3 0.4203499 0.39149797 0.6922595 0.9888631 0.98626137
10 0.41722658 0.3657636 0.21232311 0.40067607 0.24450564
10 0.34744528 0.646953 0.38427693 0.65754783 0.40769540000000004
