3 0.9836287 0.8361476999999999 0.53465694 0.98962444 0.6231081999999999
3 0.9663408000000001 0.02787587 0.58153164 1.0 1.0
10 0.92542076 0.34850952 0.30725040000000003 0.36351386 0.38203013
3 0.91023725 0.35326013 0.5158983 0.441057 0.5877209
3 0.86467487 0.40666574 0.49443245 0.5625249 0.5985903
3 0.8098211999999999 0.0019375384 0.44517836 0.23348293 0.6515154000000001
8 0.8059283 0.56941843 0.4794313 0.8574934000000001 0.65045434
3 0.714539 0.9651753000000001 0.536308 0.99823856 0.6097825
10 0.7127626 0.43944088 0.33712529999999996 0.44994596 0.38198915
3 0.6361793 0.26792645 0.5265754 0.29696763 0.56190205
3 0.5667776999999999 0.011391163000000001 0.6535229 0.69226867 0.999059
3 0.5626979 0.31048065 0.5057408 0.3561638 0.57028484
10 0.5580849 0.50021726 0.33942065 0.51546806 0.38298336
10 0.49005088 0.44224593 0.33491027 0.45384875 0.37967009999999995
10 0.42905249999999995 0.505141 0.34278393 0.5178853 0.38090774
8 0.40669894 0.31386024 0.5064081 0.35928035 0.5722109000000001
8 0.34918755 0.40167420000000004 0.49394888 0.55675703 0.5951917
8 0.31811425 0.0 0.44746670000000005 0.22668049 0.6597754
3 0.31218883 0.5703142 0.48144522 0.8567639000000001 0.651385
8 0.31009793 0.26575255 0.5244559 0.29404616 0.5615886
