3 0.9971468000000001 0.09757880000000001 0.5191448000000001 0.22930542 0.5970281
3 0.9376999 0.47791132 0.43790108 0.5151885 0.49140188
3 0.8960341000000001 0.4254673 0.4475245 0.46677208 0.5137197
3 0.83225745 0.6970269 0.39328563 0.72053117 0.42770818
3 0.68566215 0.044009827 0.5340600999999999 0.08224601 0.5685883
3 0.6254474 0.12074283 0.5310391 1.0 0.9739681999999998
3 0.49358422 0.70447206 0.3871757 0.73073447 0.41970086
3 0.42525768 0.09879067 0.5166466 0.124842726 0.54738384
1 0.31395707 0.6487988 0.44289255 0.6589085 0.48356336
3 0.30132017 0.10239702 0.51355517 0.12585899 0.53933764
3 0.30083278 0.56788355 0.41882673 0.5936026999999999 0.43769884
