3 0.97871715 0.18443474 0.48103386 0.2521466 0.5594614
3 0.9781707000000001 0.032009393 0.68793935 0.97649956 0.98956394
3 0.95364463 0.24594188 0.48114926 0.29078930000000003 0.54094106
10 0.93617976 0.48024797 0.21465032 0.5149452 0.24436389
3 0.8543563 0.030759096 0.46883774 1.0 0.9903645000000001
10 0.7673501 0.3729175 0.21636906 0.41254714 0.24464658
10 0.61033434 0.36567304 0.21300302 0.39609876 0.244711
8 0.5542545 0.4233089 0.4786751 0.45222890000000004 0.5270123000000001
3 0.41176715 0.42350394 0.48055354 0.45229304 0.5265917
3 0.38040972 0.019952416 0.6521157 0.6078306 1.0
3 0.32374933 0.41598344 0.6931531999999999 0.9852978000000001 0.99170005
77 0.31492534 0.028404552000000003 0.9620213 0.095373675 1.0
