3 0.99422365 0.82768637 0.6235001 0.9614485 0.7019644
10 0.9760909 0.35381663 0.37722340000000004 0.3689648 0.42869776
10 0.9617304 0.87916315 0.18405785 0.9008453000000002 0.27380190000000004
10 0.9425879999999999 0.28535113 0.3701978 0.29866847 0.42021632
3 0.9145083 0.09118275 0.6216473000000001 0.15955548 0.6939887
10 0.8999613999999999 0.52894074 0.3867778 0.54268664 0.44229823
3 0.8777728000000001 0.29708225 0.6267805999999999 0.34784502 0.6894402
3 0.8554818000000001 0.34604186 0.6329759 0.38256592 0.6760429
10 0.82642525 0.9259816999999999 0.12760249 0.94826764 0.22473468
10 0.77924424 0.5331441 0.38921943 0.54563653 0.44327432
10 0.76817846 0.45596406 0.38620204 0.47075436 0.43743940000000003
10 0.6735061999999999 0.66420263 0.49281517 0.6788426 0.54122305
3 0.645077 0.28488538 0.6221542 0.30793253 0.6749489000000001
3 0.62170964 0.27761020000000003 0.6237781 0.30501136 0.6801946
3 0.61979204 0.23223512 0.6171196999999999 0.29495279999999996 0.69011897
3 0.5906922 0.3857522 0.6395813 0.40556765 0.6679078
8 0.42659461 0.22885987 0.61290354 0.2925479 0.6865091
10 0.35138375 0.6664935000000001 0.50462323 0.6797741 0.5493661
3 0.32004008 0.16339654 0.63793504 0.18699786 0.66697425
