3 0.90064883 0.32148573 0.33725467 0.35065559999999996 0.3745377
3 0.89390504 0.2930545 0.34401983 0.31667915 0.37513795
3 0.8824915000000001 0.36564595 0.3369562 0.38941932 0.36768684
3 0.87270653 0.18799189 0.33908635 0.23731026 0.39021373
3 0.7880075 0.39475340000000003 0.34076494 0.41563118 0.3630671
3 0.7866018 0.09756836 0.4684568 0.9998405 1.0
3 0.75324774 0.31442709999999996 0.33842245 0.34289184 0.37426573
8 0.73579246 0.0053221136 0.3338331 0.0981147 0.41086137
3 0.70284176 0.7171860999999999 0.34406509999999996 0.7382331 0.36530095
8 0.6055100999999999 0.08208716 0.32574709999999996 0.17776772 0.40822107
3 0.6029011 0.0 0.30601355 1.0 0.89633435
3 0.49992043 0.0849559 0.32365468 0.17594069 0.40420690000000004
3 0.39316409999999996 0.26726815 0.33739020000000003 0.28291956 0.35713140000000004
3 0.35785955 0.30811238 0.34139273 0.3291834 0.37343454
3 0.35533977 0.26632893 0.33377567 0.28559798 0.35407495
3 0.3119389 0.38840216 0.33945015 0.40480107 0.36272383
