3 0.9938783000000001 0.6666685 0.60307235 0.85560435 0.7110599
3 0.9679985000000001 0.047897786 0.65496045 0.11725095 0.71075803
3 0.91500837 0.8348517 0.6014765000000001 0.9396542 0.68184793
10 0.8292251 0.3698381 0.5000246 0.39241007 0.5196983000000001
3 0.7437529 0.11498651 0.64735204 0.16990027 0.70731354
3 0.64482784 0.587383 0.63481903 0.6719071 0.6998612
3 0.49544206 0.0363847 0.7128603 1.0 0.9874949000000001
3 0.41475916 0.0 0.794411 0.712392 0.9814166999999999
3 0.38331170000000003 0.4845713 0.6623144 0.4997402 0.6807371
3 0.37985215 0.9256453000000001 0.6134475 0.95540446 0.6733079000000001
3 0.36133587 0.32025987 0.6197857 1.0 0.9704879000000001
8 0.3394917 0.5868588 0.6341718000000001 0.67333955 0.70027506
10 0.30324873 0.28057918 0.49394587 0.31231508 0.51781857
