3 0.9861951999999999 0.19680467 0.5315085 0.27002075 0.608834
3 0.9103754000000001 0.042250365 0.6983528 0.97671115 0.99710053
10 0.90464133 0.49388492 0.26128554 0.53058887 0.29211742
10 0.87614834 0.49230218 0.26866964 0.5236422000000001 0.29292572
3 0.67808145 0.04219258 0.5305045999999999 1.0 0.97987556
10 0.6323684 0.3776089 0.26809976 0.41195178 0.29756346
10 0.43607740000000006 0.65233505 0.43067738 0.6634486999999999 0.45513976
10 0.41384557 0.6552164 0.43440142 0.66579026 0.4561438
10 0.38897709999999996 0.65630704 0.43836552 0.66820055 0.46075240000000006
10 0.35222524 0.6521928000000001 0.4324552 0.66603166 0.46484953
10 0.3337413 0.6572444000000001 0.4305197 0.6674264 0.45335525
