8 0.98561305 0.0 0.3311249 0.42213535 0.77094114
3 0.9798941999999999 0.45895618 0.5035773 0.5986051 0.5931923000000001
3 0.9444705 0.011903971000000001 0.5598955 0.9790863999999999 0.99721485
10 0.9387406999999999 0.42849560000000003 0.31929094 0.44447255 0.39023662
3 0.7912097 0.23803926 0.6519020999999999 0.9983578000000002 0.9806292
10 0.7500981 0.58188516 0.33043182 0.5956560000000001 0.37085885
10 0.7186077 0.5175118 0.33649364 0.5281728 0.38232854
10 0.68516713 0.51301306 0.3360134 0.5249539000000001 0.38136274
10 0.6217239999999999 0.58487666 0.33531067 0.59702396 0.37532246
3 0.48932704 0.40082976 0.51050013 0.44174358 0.57594496
8 0.4511914000000001 0.40304840000000003 0.50742507 0.44202524 0.57340413
