3 0.9917984000000001 0.5440081999999999 0.4700951 0.71561486 0.58456296
3 0.99005336 0.00853312 0.34378707 0.5722189999999999 0.8768966999999999
3 0.98758054 0.75581574 0.46164417 0.90565395 0.60136646
3 0.95177186 0.025230437999999997 0.43481848 0.95660853 0.93721414
3 0.90329266 0.882669 0.45649916 0.9622928 0.6135264
8 0.7951132 0.45492619999999995 0.46557513 0.57729846 0.5762095
3 0.74376845 0.40011048 0.47652659999999997 0.4689321 0.5658727
3 0.62822634 0.23346165 0.54113966 1.0 0.9719408000000002
3 0.42681822 0.5144808 0.44940690000000005 0.5887406999999999 0.5072800000000001
5 0.32950482 0.3798449 0.013446649 0.6902088000000001 0.17701775
