3 0.97167194 0.63788104 0.5165068 0.8712599 0.64524925
3 0.96600336 0.06080605 0.57327336 0.1568398 0.6582170999999999
3 0.93666774 0.8069914 0.5377887 0.9333585999999999 0.6287046
3 0.9184595 0.3978567 0.53838366 0.4753998 0.6150996
1 0.91823167 0.81368583 0.5980071 0.84787947 0.7133609000000001
3 0.8275435999999999 0.021942757 0.58059293 0.08079379 0.67363465
3 0.50039756 0.032458503 0.5761891 0.121386945 0.6650691
3 0.42573982 0.1833031 0.55700934 0.24775483 0.62415457
3 0.38361806 0.0010906998 0.56874275 0.040906616 0.6875509
3 0.37246630000000003 0.94860363 0.5758693 0.98051727 0.62346834
