3 0.8656567 0.64034927 0.48396787 0.80813277 0.6189007
3 0.68900084 0.6122247 0.4947352 0.6607435 0.5484308000000001
65 0.67632324 0.0 0.47834292 0.9659806000000001 0.97112584
3 0.67392194 0.61098206 0.49966314 0.649683 0.53381354
3 0.5316542 0.64115983 0.48478216 0.7145416 0.58869034
10 0.42410427 0.42071018 0.3446639 0.44080165 0.38027150000000004
3 0.41513354 0.6873603 0.5166104 0.8053146999999999 0.62014216
3 0.37115714 0.61573887 0.5043892 0.65144 0.5467754
3 0.34466612 0.63516515 0.50757074 0.68762517 0.60236865
10 0.30795723 0.42917636 0.34404009999999996 0.44543865 0.37479496
10 0.30270198 0.42344564 0.34639114 0.43596342 0.37377140000000003
