3 0.9834833000000001 0.024088435 0.65513563 0.1539391 0.74671775
3 0.9669025 0.28338373 0.60578936 0.38638943 0.68099254
3 0.95884794 0.6405465 0.5059422 0.74711233 0.6068007
3 0.93071556 0.2202062 0.611115 0.29636824 0.66876125
3 0.9254709999999999 0.39830175 0.5749825 0.47990027 0.6453846
3 0.5218537999999999 0.04122649 0.6561897 0.1980399 0.7761561
72 0.51762915 0.2691372 0.4531042 0.39470053 0.57882696
3 0.49501392 0.45046204 0.5130906 0.65132695 0.626029
3 0.45896795 0.8652051 0.39195508 0.99986726 0.5623511999999999
3 0.3292222 0.5748196 0.50846106 0.66777617 0.6071185
3 0.32780886 0.008712165 0.58322656 0.16063792 0.7417341
