3 0.9746551999999999 0.44659087 0.41319147 0.49954227 0.47938606
3 0.9421934000000001 0.006330210699999999 0.44659129999999997 0.12609166 0.53460187
3 0.9393408999999999 0.31846009999999997 0.39547238 0.41452372 0.5152711
3 0.9067221 0.23150596 0.4069824 0.2966824 0.49704215
3 0.7740566999999999 0.10488062 0.39071757 0.23188248 0.53302747
3 0.754374 0.27364314 0.38553238 0.33661149999999995 0.47663033
3 0.72283727 0.36817116 0.3926392 0.42532313 0.48914954
3 0.35137209999999997 0.24321944 0.40064996 0.31183738 0.49177215
3 0.32272172 0.3367915 0.38947836 0.4164054 0.48772675
3 0.3109602 0.28768745 0.38378447 0.3553861 0.47366452
