3 0.97615826 0.36663646 0.56714743 0.46630847 0.6469262
3 0.9745035 0.6225449000000001 0.56900334 0.83068347 0.6761178000000001
3 0.9467875 0.7975429 0.59021044 0.9044496999999999 0.6721941
3 0.8049272 0.055637047 0.59243774 0.109750986 0.6779723000000001
3 0.78967464 0.17784563 0.5803555 0.26324224 0.6509732
1 0.7831096 0.762141 0.6395320999999999 0.7910991999999999 0.7402304
10 0.6910098000000001 0.25924107 0.40298215 0.27321693 0.45330822
1 0.5165495 0.039753847 0.57692444 0.06048339 0.6886673000000001
1 0.3646499 0.03196059 0.5775004 0.067426495 0.6884429
10 0.34545887 0.26170465 0.40551397 0.27976868 0.45351806
3 0.31634247 0.12009234 0.59477836 0.16741657 0.6627378
