3 0.9797742 0.03560341 0.38989409999999997 0.20725092 0.5367496999999999
3 0.9696908000000001 0.20816156 0.37621677 0.31212685 0.49272817
3 0.93724114 0.48168199999999994 0.4008884 0.5340751 0.46199983
3 0.8943234 0.13466278 0.41892109999999994 0.2090295 0.5319472
3 0.8281844999999999 0.36867213 0.38852929999999997 0.47767895 0.48320118
3 0.6336135 0.30665693 0.38904634 0.36292037 0.4679124
3 0.6103486 0.3663482 0.38107756 0.44434350000000006 0.47564858
3 0.5773674 0.40141162 0.40414587 0.47899583 0.48118478
3 0.31361037 0.32462186 0.39953035 0.36329985 0.46160352
3 0.301546 0.2766916 0.40815875 0.31673566 0.4892593
