3 0.9941725 0.64950067 0.44007185 0.9351632 0.612334
3 0.95138943 0.3138067 0.47804317 0.39706331 0.5427318
3 0.95122504 0.0042819083 0.47955190000000003 0.16426456 0.5966541999999999
3 0.7879149000000001 0.0 0.49052125 0.08593799 0.609336
3 0.7530208 0.44064605 0.4491505 0.5660995 0.53794575
3 0.6966912 0.12668175 0.49969155 0.19878316 0.5682086
10 0.67219806 0.8194939 0.20808406 0.87913334 0.29942948
3 0.41847178 0.07692893599999999 0.48689708 0.19911972 0.57141924
3 0.41243833 0.16123441 0.49567252 0.20587912 0.56604636
8 0.3671253 0.43666616 0.45416838 0.5611560999999999 0.5369879
