3 0.97816205 0.11369173 0.5215303 0.40998226 0.7171411999999999
3 0.9430146999999999 0.8399163000000001 0.3345883 0.990784 0.46788788
3 0.935983 0.36834842 0.5014666 0.5646551999999999 0.60570186
3 0.9102370000000001 0.681631 0.4255417 0.79607314 0.50669575
3 0.7043251 0.10796636 0.53946733 0.19262156 0.7242271
3 0.6890979 0.00017597526000000003 0.6548641 0.044111203 0.6901802
3 0.5720524 0.42658892 0.23949274 0.9747646999999999 1.0
3 0.4904746 0.8396696 0.34817020000000004 0.936682 0.47091863
3 0.44058332 0.10079029 0.39279893 1.0 1.0
1 0.3687144 0.74527425 0.34547353 0.77929026 0.4373831
