3 0.8715901 0.46257183 0.41733485 0.5181680000000001 0.47791356
3 0.8472814000000001 0.0017959625 0.33233622 0.08998348 0.58639574
3 0.83894503 0.34873408 0.39912423 0.4155299 0.49358425
3 0.77824926 0.17698476 0.40273938 0.23828779999999997 0.506649
3 0.71581477 0.27161202 0.39271683 0.32280037 0.48601735
3 0.71255976 0.41236365 0.42583832 0.46021807 0.49392787
3 0.70163226 0.22775297 0.41590559999999993 0.27908130000000003 0.48592845
8 0.5911082 0.10140546 0.34647357 0.22124471 0.5172981
3 0.55637205 0.32284352 0.383092 0.40772709999999995 0.47976807
1 0.3888574 0.3080575 0.297914 0.34558725 0.42980152
