3 0.9859331 0.8041581 0.5356116999999999 0.9580666999999999 0.67745167
3 0.9804252 0.68788105 0.514318 0.81969947 0.64797544
3 0.88383126 0.30120268 0.45848092 0.42947325 0.5585409
3 0.6462929000000001 0.42140207 0.48891246 0.4945279 0.5635283
3 0.6091522 0.029362700000000002 0.40796888 0.09727683 0.47213885
3 0.5404766 0.48198858 0.50424284 0.61301714 0.6104400999999999
3 0.48245686 0.001994837 0.39999363 0.03905091 0.45605943
3 0.47088146 0.80537623 0.5380489 0.90230495 0.6667850000000001
3 0.44621640000000007 0.06860599 0.39253697 0.12682016 0.44914147
3 0.39601153 0.23764968 0.44638938 0.31833637 0.5204639
3 0.33797172 0.013841468999999999 0.39877886 0.088439256 0.4588794
