3 0.9103518 0.12433329 0.49444252 0.3091708 0.7694404
8 0.38774264 0.11563369999999999 0.45715672 0.3316723 0.7607911
3 0.034466315 0.39600040000000003 0.5311923000000001 0.45206124 0.5944701
3 0.01963986 0.49975672 0.56349325 0.5402689 0.6092451999999999
8 0.012789796 0.11916419 0.5687503 0.28122574 0.73212713
3 0.010168589 0.13204549999999998 0.430258 0.34836754 0.74486357
8 0.008699881999999999 0.49633664 0.55514365 0.544882 0.60810417
8 0.0045298636 0.39724576 0.53018516 0.45165829999999996 0.5877553000000001
13 0.0044625540000000005 0.09649935 0.49097879999999994 0.4326521 0.8019805999999999
8 0.0044029583 0.14768709 0.5034994 0.26583216 0.7624733
13 0.002445811 0.13329560000000001 0.48028469999999995 0.36563563 0.8644511999999999
8 0.0022698771 0.11760683 0.18611583 0.4059183 0.7049065
8 0.00217549 0.13191658 0.52013326 0.28687096 0.706605
9 0.0019528209 0.09066754 0.4747812 0.29541442 0.742386
13 0.0018536784 0.06911099 0.47584292 0.3225427 0.78988844
13 0.0018208254999999998 0.030669466 0.5540443 0.32001895 0.7633685
5 0.0016988707000000001 0.0 0.5202767 0.2980258 0.7733808000000001
1 0.0016100813 0.0 0.53768986 0.24352762 0.7386535
13 0.0014887834 0.020438477 0.49813357 0.37632078 0.73803556
13 0.0013976556 0.495383 0.56718177 0.54764956 0.6142514
7 0.00095391844 0.0039583296 0.35720104 0.2826844 0.8557287
8 0.0009007702499999999 0.061946593 0.17241299 0.30060542 0.75527215
11 0.0008400619999999999 0.051382877 0.40563115 0.23256981 0.81033605
8 0.0007692611500000001 0.058398082999999996 0.48690963 0.32002348 0.8760611999999999
5 0.0007646844 0.023165539 0.57736146 0.3149187 0.85236126
9 0.0006567550999999999 0.13264078 0.49301147 0.4394151 0.77433664
13 0.0006358533999999999 0.108918056 0.5117229999999999 0.2824937 0.7338695
2 0.0005590167 0.1403816 0.36832824 0.39697197 0.80214345
9 0.0005563946 0.15261263 0.47159532 0.34727436 0.80814797
5 0.0005274124 0.0 0.5697804 0.4145876 0.7860852
8 0.00047976334 0.004889085 0.5838095 0.030393861 0.6437071
13 0.0004788202 0.09236248 0.60457176 0.3737281 0.7424384
11 0.00047252777999999996 0.10229906400000001 0.326658 0.24647886 0.8474886
13 0.0004703135 0.38524354 0.53408086 0.45057404 0.5878338000000001
13 0.00046453084 0.124737255 0.5633369 0.29657423 0.76673007
2 0.0004632142 0.10628921 0.4261504 0.50028294 0.72763056
7 0.0004384645400000001 0.0 0.45672306 0.45518026 0.8632075000000001
5 0.00043034714000000007 0.0 0.6208212 0.24808632 0.8811311
1 0.00042626317000000005 0.0 0.47168082 0.30867690000000003 0.71505517
13 0.00041903747000000005 0.06909899 0.59426296 0.30516195 0.85976094
13 0.00040724446 0.14058192 0.36504933 0.32725954 0.93755597
7 0.00039698769 0.0 0.42280805 0.32538515 0.81543446
4 0.00039416336 0.22116806 0.46893194 0.516727 0.87472373
8 0.00038299392 0.083885476 0.44435470000000005 0.3854227 0.9235263000000001
5 0.000382181 0.104907945 0.5430602 0.25774450000000004 0.72931814
6 0.00037654044 0.13693035 0.5749215 0.33269683 0.72748476
9 0.00037457483 0.17805704 0.5253317 0.3872067 0.84047914
7 0.00037434453000000003 0.043774664000000005 0.38832584 0.38219807 0.951262
13 0.00036319735 0.15885563 0.49610788 0.26685867 0.79178673
5 0.0003510171 0.0 0.5161534999999999 0.36885813 0.72577906
7 0.00034908974000000004 0.116217926 0.5927938 0.2943545 0.7730536
12 0.00032953746 0.030888945 0.35388800000000004 0.30639120000000003 0.6568375
1 0.00032492237999999995 0.0117712915 0.52086955 0.32463178 0.7543300999999999
6 0.00032144767 0.0 0.5031576 0.33316612 0.7833219
11 0.0003126866 0.089341275 0.39838272 0.28864363 0.7798379
4 0.0002926666 0.19750181 0.45125458 0.41231868 0.9391369
1 0.00028372929 0.07393609 0.5693149000000001 0.36862367 0.8090441999999999
9 0.00028314802 0.18112439 0.58154976 0.31777635 0.71947247
13 0.0002699157 0.16574354 0.60505426 0.33290768 0.7760481
8 0.0002636732 0.019036382 0.42843887 0.27597213 0.94752645
2 0.00025752504 0.0011004508 0.42151773 0.38144216 0.69241965
11 0.00024796327000000003 0.14472023 0.41259468 0.36907843 0.8378146000000001
11 0.00024540033 0.14271939 0.32949483 0.29855195 0.95432097
12 0.00024247941000000002 0.0 0.4429638 0.31890258 0.6726115
1 0.00021755169999999999 0.034954026 0.55169374 0.27560258 0.83953184
4 0.00021649017999999997 0.14017889 0.41130420000000006 0.37599847 0.8508216999999999
6 0.00020973104 0.015105963 0.51137894 0.52874154 0.83940756
5 0.00020630077 0.069247365 0.5775442 0.32620043 0.7180784
12 0.00020405884 0.049917935999999996 0.40836412 0.42001009999999994 0.75235856
4 0.00020373131 0.0783938 0.45524967 0.31993425 0.7732214
9 0.0002030213 0.12273510000000001 0.5715352 0.28431696 0.88577247
2 0.00020074433999999998 0.5021129 0.5543604 0.5666793000000001 0.6021405
2 0.00020067881000000002 0.11578539 0.46254290000000003 0.37633744 0.86404943
11 0.0001990991 0.20213786 0.3130792 0.36477122 0.9383365
11 0.00019360523999999998 0.20620544 0.42867514 0.43788642 0.87110513
4 0.00019258416000000002 0.16944358 0.52231836 0.3283612 0.7272188
6 0.0001923034 0.1290699 0.52507854 0.3250241 0.6709748999999999
5 0.00019059818 0.12005661 0.57251054 0.27417424 0.7700024999999999
5 0.00019016111000000002 0.065934286 0.6512022 0.29850507 0.93734545
11 0.00018254662 0.15345496 0.5075575 0.22812179 0.75082517
1 0.0001779403 0.087889925 0.5558887 0.23704146 0.7351039
13 0.00017620072 0.06654085 0.578824 0.31122535 0.7088612
12 0.0001739397 0.16091585 0.4928996 0.3397962 0.6350081999999999
2 0.00017103476000000003 0.06297894 0.3361136 0.34076405 0.71368486
3 0.00016104516999999999 0.111394174 0.50173527 0.27500737 0.70345986
12 0.00015744733999999998 0.17693155 0.57894063 0.3561862 0.7126376
10 0.00015238661 0.122520715 0.50090957 0.30464256 0.6485820999999999
7 0.00015137345 0.0 0.47457904 0.30749142 0.9983921
9 0.00014664321 0.14751962 0.44951078 0.5138278000000001 0.73874956
7 0.00013386567 0.13703173 0.5273336999999999 0.31171596 0.7122339
5 0.00013167788 0.14511752 0.559055 0.30208507 1.0
10 0.00013059661 0.1435352 0.52102286 0.2650875 0.6955545999999999
8 0.0001271439 0.043629392999999995 0.32512856 0.47989738 0.81847847
13 0.00012706434 0.18548614 0.5272368000000001 0.30072346 0.8077627
9 0.00012578479 0.16099048 0.53452474 0.32663345 0.6764134
11 0.00012528681 0.14218937 0.53000456 0.22122516 0.8163343000000001
8 0.00012105959 0.09281549 0.3998151 0.24971282 0.8797792
1 0.0001165954 0.11655296 0.6111005 0.28959033 0.74348086
12 0.00011503119500000001 0.0 0.39201152 0.45388275 0.6469494
1 0.000109557644 0.10845807 0.5762980999999999 0.28451744 0.7137031
9 0.000106966916 0.18374501 0.38788223 0.32436848 0.94323593
9 0.00010483403000000001 0.16894515 0.60207903 0.35910887 0.90857315
10 0.00010421379000000001 0.11049343 0.30910290000000007 0.3452471 0.80633
3 0.00010346996 0.16225068 0.23459078 0.4309339 0.68659467
6 0.00010343523999999999 0.10879221 0.5299783 0.29175168 0.7184543000000001
12 9.864344999999999e-05 0.15477404 0.5111518 0.27287704 0.7085198
12 9.779193000000001e-05 0.20036763 0.5603676999999999 0.30045170000000004 0.7278468000000001
6 9.4728835e-05 0.04352942 0.51852465 0.38598007 0.9005584999999999
11 9.4047806e-05 0.1721614 0.5323674 0.24346069 0.77351034
5 9.267974e-05 0.022094786 0.5117527 0.48252404 0.7551521999999999
7 9.173858399999999e-05 0.16566275 0.50944877 0.28570315 0.7929603
1 9.088719499999999e-05 0.058418742999999995 0.59598696 0.3076685 0.8998386999999999
4 8.921753e-05 0.2084781 0.51960415 0.35191035 0.70561457
4 8.7969645e-05 0.17418419 0.49207159999999994 0.32149333 0.6467636999999999
1 8.564168e-05 0.49669948 0.57429534 0.5436433 0.61266303
10 8.445518e-05 0.10534636 0.5504108 0.322023 0.72060376
7 8.415929e-05 0.4896879 0.56120574 0.5609168000000001 0.6195733
6 8.245801999999999e-05 0.16171126 0.5018122 0.32609826 0.7233795
7 8.04333e-05 0.13364726 0.5251918000000001 0.259878 0.77911586
10 7.910524e-05 0.15884459 0.52651286 0.28186807 0.7434352
12 7.88068e-05 0.19321246 0.48267782 0.3125812 0.6817828
1 7.699611999999999e-05 0.14897886 0.5148813 0.25174096 0.7362495
10 7.605048000000001e-05 0.20226675 0.40149367 0.26511627 0.73312664
4 7.562768600000001e-05 0.2159564 0.43617153 0.32446975 0.69106257
1 7.483219e-05 0.16985914 0.57303524 0.29759225 0.73616207
5 7.162509e-05 0.073945865 0.5388980999999999 0.32334524 0.65481466
8 7.0677896e-05 0.16858196 0.54751337 0.28725538 0.7872824
5 6.9101465e-05 0.16331713 0.541008 0.26272738 0.81958145
9 6.8686975e-05 0.19612163 0.5043396 0.31056136 0.69080305
8 6.712035e-05 0.5911641 0.21092485 0.88629067 0.9006588
10 6.705434e-05 0.21125652 0.27569532 0.4180246 0.93759406
12 6.656286e-05 0.17335318 0.5527046999999999 0.28068268 0.7342045
6 6.532215e-05 0.06548101 0.62622446 0.43152025 0.9441111999999999
8 6.5026084e-05 0.18979694 0.18153425 0.5013575 0.7715318
6 6.4777356e-05 0.37736169 0.53753525 0.46920553 0.58383334
8 6.328301e-05 0.0066784190000000005 0.60769933 0.030190991 0.6569519
2 6.302628000000001e-05 0.1585395 0.20618443 0.32995367 0.88480353
7 6.2239786e-05 0.17301236 0.47472390000000003 0.29688020000000004 0.7254058000000001
12 6.043391e-05 0.18901056 0.49956757 0.26357922 0.7517779
12 5.9592225e-05 0.49117005 0.55942506 0.5680078000000001 0.599413
9 5.8744826999999994e-05 0.15877794 0.55956006 0.26338336 0.74528134
6 5.5760213999999993e-05 0.48596925 0.5653915 0.57087666 0.613527
13 5.5282726e-05 0.55676734 0.0 0.96072745 0.3346389
9 5.486147700000001e-05 0.13482544 0.51530856 0.2464431 0.74235404
10 5.4804354e-05 0.21136248 0.34800372 0.50874466 0.8777282
13 5.4159350000000005e-05 0.59389347 0.0 0.95288485 0.97663736
10 5.231642e-05 0.18301666 0.46023822 0.29498702 0.6723756
8 5.2252097000000006e-05 0.5852467 0.1433085 0.8467046 0.6931242
11 5.2231545999999995e-05 0.18609154 0.55811155 0.26081129999999997 0.6776970999999999
4 5.2012565e-05 0.5193112 0.55933535 0.5609597 0.6178008
7 5.146795999999999e-05 0.3794467 0.5280428 0.44926214 0.5919663000000001
1 5.0174447e-05 0.37469596 0.5431599 0.4398451 0.58525187
9 4.9263414000000005e-05 0.19248523 0.56350017 0.34939665 0.69566786
3 4.8880497999999995e-05 0.14147668 0.45871419999999996 0.31825775 0.6569520000000001
11 4.869385e-05 0.18992479 0.61515373 0.2770769 0.783634
1 4.7958885e-05 0.10036343 0.31677064 0.3034829 0.81475896
13 4.7707776999999995e-05 0.09878802 0.40933746 0.28298490000000004 0.95686907
11 4.7567641999999997e-05 0.18295857 0.58022255 0.25509474 0.70741916
10 4.699219e-05 0.17607868 0.53422344 0.33025718 0.7137190999999999
10 4.6641126e-05 0.13714537 0.5630184 0.26107335 0.7388098000000001
8 4.650714e-05 0.0038646702000000002 0.55961394 0.03098586 0.6184116
9 4.5679742e-05 0.5086395 0.5703894 0.5691096 0.6131715999999999
5 4.3736985000000004e-05 0.48755562 0.5749293000000001 0.55865884 0.6149678000000001
8 4.3628725999999996e-05 0.13045265 0.47122666 0.27051157 0.6388763000000001
9 4.3376490000000007e-05 0.18064107 0.5315444 0.28294578 0.7166884
1 4.30401e-05 0.16805112 0.55207837 0.2654732 0.7832471
11 4.273878e-05 0.5207595 0.556634 0.5554555999999999 0.6165666999999999
12 4.2047126e-05 0.21365006 0.5833451999999999 0.32452494 0.76471424
11 4.1916148e-05 0.19524771 0.5111297 0.25387943 0.7115781
10 4.1411872999999995e-05 0.5194071 0.5466724000000001 0.5658186 0.6183387
8 4.1021685e-05 0.2775393 0.1888289 0.58307856 0.7734678
10 4.0415052e-05 0.15632161 0.47390290000000007 0.26536220000000005 0.6645848000000001
10 4.0401796e-05 0.14454372 0.35171482 0.44717209999999996 0.81889886
9 4.0129366e-05 0.18850012 0.50637954 0.25881732 0.76811445
13 3.997617e-05 0.0029005408000000003 0.58060855 0.34636265 0.8236568999999999
13 3.9895618e-05 0.09431601 0.47731307 0.25612924 0.69805855
2 3.9367995e-05 0.39211386 0.5261304 0.46390218 0.5685977
12 3.795872e-05 0.13061401 0.22828317 0.3373248 0.7287857
4 3.7583246e-05 0.17589638 0.45795554 0.30096474 0.692732
4 3.7548027e-05 0.15224282 0.49247417 0.2861979 0.737951
4 3.7541988e-05 0.16456696 0.5125356 0.36989775 0.96616817
3 3.7517926e-05 0.31882662 0.25604063 0.6527341 0.86827695
3 3.7483594e-05 0.20854120000000004 0.18871282 0.53427565 0.6996759
13 3.6764548e-05 0.0 0.5760519000000001 0.036798984 0.6384104
12 3.6738496e-05 0.20375471 0.5249924 0.27712083 0.7719144
11 3.6339847e-05 0.20087774 0.404411 0.24958272 0.77157813
5 3.6052209999999994e-05 0.14327918 0.51542675 0.31410855 0.7123546
9 3.5845405e-05 0.079540044 0.39927813 0.3606558 0.70285684
5 3.5649242e-05 0.089505985 0.5864975 0.24411948 0.96708477
13 3.5330388e-05 0.5022515000000001 0.0 0.8944433 0.6522085
7 3.5245059999999996e-05 0.09816981 0.21211633 0.32364276 0.9959779000000001
8 3.4637167e-05 0.57438064 0.056997176 0.85476696 0.32066137
1 3.4234967e-05 0.16655597 0.61595035 0.30464506 0.77643883
7 3.4144326e-05 0.18197438 0.45501512 0.26866254 0.84647274
8 3.3595436e-05 0.027043521 0.18354647 0.19027922 0.6962433000000001
13 3.2968524e-05 0.4689442 0.009807236 0.8265940999999999 1.0
11 3.2949756e-05 0.2055417 0.5293786 0.26740947 0.75778866
8 3.275945e-05 0.52039397 0.11503108 0.7973465999999999 0.6069161999999999
10 3.2725125e-05 0.18789734 0.4569068 0.2547916 0.76344657
1 3.2689454999999996e-05 0.04742457 0.5972036000000001 0.23401888 0.7214265000000001
8 3.2642118e-05 0.07459158 0.53835094 0.21058542 0.6862385999999999
12 3.2506842999999996e-05 0.39727026 0.5280365 0.46342927 0.57704985
8 3.205239e-05 0.3884364 0.52605605 0.43846688 0.5907967
8 3.1492335e-05 0.11187380599999999 0.5077882 0.25021446 0.65831256
3 3.093436e-05 0.109171756 0.20840234 0.31368232 0.7000736
11 3.0891515e-05 0.18176039 0.49836808 0.24466003 0.68627006
9 3.0293126e-05 0.20421570000000003 0.5348679000000001 0.27361724 0.7815491
11 3.0218940000000002e-05 0.21443726 0.5072315 0.27387688 0.6857013000000001
2 2.9930693999999998e-05 0.100938305 0.34584802 0.48086530000000005 0.6630661999999999
13 2.9574409999999997e-05 0.05621451 0.5157044 0.27596226 0.6775514
11 2.9247159999999997e-05 0.13298984 0.5899731 0.2235242 0.74448556
11 2.9151444e-05 0.1868634 0.40500632 0.23700061 0.8377027
11 2.879047e-05 0.21062739 0.109612405 0.31091726 0.9647165999999999
13 2.7934299999999998e-05 0.33449578 0.011289806000000001 0.7037591999999999 0.9890005999999999
10 2.7361004e-05 0.39996076 0.52920467 0.4588697 0.5878073
8 2.7095666000000002e-05 0.007753212 0.49612698 0.13045466 0.7776744999999999
8 2.6942158e-05 0.016148739 0.02887779 0.14917931 0.17071524
2 2.6351129999999998e-05 0.15408945 0.50573087 0.32751542 0.6272549
10 2.5945055000000004e-05 0.2156208 0.41298149999999995 0.2805739 0.7937810000000001
3 2.5879843e-05 0.61072713 0.22912896 0.9460283000000002 0.99992317
3 2.5759870999999998e-05 0.18506426 0.27854013 0.5109656 0.8399171000000001
5 2.5544652e-05 0.07433955 0.34486726 0.45324385 0.7374973000000001
1 2.5050602e-05 0.13116327 0.54264486 0.23097935 0.77037233
5 2.4578567e-05 0.03659589 0.61012363 0.2741381 0.7438489
9 2.3815004e-05 0.12616119 0.08781062 0.42106279999999996 0.78300244
13 2.3812165e-05 0.059202164 0.017608112 0.43494976 0.7991815999999999
2 2.3768917999999998e-05 0.14271548 0.54944485 0.30943740000000003 0.6813668
6 2.3672832e-05 0.1622198 0.6031835999999999 0.35554954 0.8089132
3 2.3593944e-05 0.50234616 0.22851269 0.8377155999999999 0.96337354
4 2.321364e-05 0.19230682 0.23459831 0.33444554 0.8768465
5 2.3038627e-05 0.36555909999999997 0.54226583 0.45398772 0.58121586
5 2.2978373000000003e-05 0.16298266 0.5935355999999999 0.32637 0.82095855
4 2.2916770000000002e-05 0.19864479999999998 0.40200138 0.45165950000000005 0.7411196
8 2.2376460000000002e-05 0.67188686 0.142328 0.89215 0.7148824
9 2.1550568e-05 0.16314504 0.48968816 0.29587343 1.0
8 2.1540916000000003e-05 0.4569028 0.20982635 0.7647976 0.8480745999999999
13 2.1235151999999998e-05 0.669375 0.0 0.98132056 0.45627475
13 2.0925203000000002e-05 0.0 0.0041969568 0.16970107 0.16912449999999998
6 2.0536460000000003e-05 0.15113218 0.49726188 0.29116452 0.7906337
10 2.053433e-05 0.21009770000000003 0.49984863 0.32081893 0.79465187
3 2.0414796e-05 0.0077406 0.5684765 0.040742412 0.66440535
9 2.0230844e-05 0.18576105 0.5871053 0.28027540000000006 0.76405257
8 2.0197951e-05 0.32891345 0.13073078 0.61835736 0.6727589
8 1.9600245999999998e-05 0.028431676 0.22604214 0.21940655 0.9616207
8 1.9153043e-05 0.022739619 0.26080295 0.1513544 0.9499652
1 1.852767e-05 0.12790191 0.6309284000000001 0.2769895 0.7848554
11 1.8443878e-05 0.4052925 0.53940743 0.43813670000000005 0.59208596
2 1.8233495e-05 0.14442337 0.5128189000000001 0.27441168 0.7065636
9 1.8064351e-05 0.40433207 0.5334529 0.45696905 0.5872531999999999
2 1.7949003e-05 0.13478151 0.58273876 0.30928963 0.71473753
7 1.7921657e-05 0.14108843 0.48346967 0.26471627 0.71658057
11 1.7860555e-05 0.21957111 0.40977982 0.26456252 0.7939527
7 1.767235e-05 0.07980472599999999 0.5579938 0.24436146 0.72883725
10 1.7614479999999997e-05 0.14017853 0.39818790000000004 0.35822886 0.9540148
1 1.7528148e-05 0.0 0.40320826 0.3225406 0.6431988000000001
11 1.7488721e-05 0.21702147 0.56939954 0.30290484 0.7211688
3 1.7422886e-05 0.5661844 0.1679312 0.8904829 0.7025551
4 1.6944463000000002e-05 0.10252879599999999 0.48984620000000006 0.29470068 0.90329146
6 1.6695043e-05 0.0 0.4415668 0.5145632 0.71491426
3 1.5875536e-05 0.14960377 0.47978485 0.42781980000000003 0.92692196
1 1.5434955e-05 0.06848979 0.50821215 0.21695662 0.6807593000000001
5 1.4582913000000001e-05 0.13501124 0.6099829999999999 0.37494314 0.9300533000000001
13 1.4537507e-05 0.0 0.06644128 0.30535305 0.7207874
6 1.4502034e-05 0.07212289 0.556942 0.29562628 0.6849843000000001
4 1.4295751e-05 0.20084661 0.39381477 0.28658164 0.74771434
11 1.4107831e-05 0.22703834 0.51651084 0.29231858 0.78904945
6 1.4027561499999999e-05 0.13663286 0.61363995 0.37256646 0.7464098000000001
6 1.40127495e-05 0.164736 0.5388497 0.31335565 0.85283494
2 1.4003424e-05 0.19215779 0.44478059999999997 0.27924013 0.771716
9 1.3871207e-05 0.12195146 0.5536821 0.22805151 0.7761686
2 1.3781871000000002e-05 0.13985720000000001 0.48053452 0.26829440000000004 0.64753807
7 1.36717e-05 0.3967299 0.529378 0.46515387 0.5890189
5 1.3563371e-05 0.036082596 0.5958642 0.5378196 0.98133916
5 1.3354474e-05 0.03259895 0.5698861 0.28002557 0.69120175
13 1.3177293999999999e-05 0.07495911400000001 0.3690844 0.44542158 0.99412215
9 1.3177228e-05 0.0365735 0.076383084 0.27155609999999997 0.8063431999999999
12 1.2914367999999999e-05 0.20378909 0.5269636 0.36123958 0.67801
9 1.2817331e-05 0.66020197 0.0 0.96533686 0.37409484
9 1.281691e-05 0.22365993 0.52227604 0.2915328 0.77115595
4 1.2748256e-05 0.4064857 0.5315137 0.4549066 0.5831394
6 1.2661103000000001e-05 0.14938374 0.5536732 0.36669928 0.70051754
3 1.2644432e-05 0.6146733 0.07859318 0.9569697 0.35770759999999996
8 1.24747085e-05 0.117763825 0.44870946 0.24964282 0.59025776
10 1.2400224499999999e-05 0.42001516 0.52504575 0.47311765 0.58570486
6 1.2386821e-05 0.08155663 0.6189669 0.30978197 0.7393255
5 1.2347485999999998e-05 0.0 0.32540926 0.29217064 0.7180528
13 1.2194124e-05 0.0021005478 0.6069698 0.04042834 0.6609881
1 1.2072367e-05 0.07617635 0.39784938 0.27041852 0.85769063
3 1.1761742999999999e-05 0.24513021 0.2664964 0.5876986999999999 0.9955224
13 1.1569953e-05 0.13495041 0.444485 0.20037718 0.49929944
1 1.1562173e-05 0.050479687999999995 0.55782187 0.22775102 0.6894838000000001
1 1.152049e-05 0.39267102 0.545283 0.4537609 0.5864245
8 1.1442806e-05 0.7010052 0.25850245 0.91896117 0.9493264000000001
7 1.1339633e-05 0.14758849 0.47323194 0.24640551 0.83178836
12 1.1230629e-05 0.15383558 0.46073037 0.3323087 0.6035488
3 1.1193608e-05 0.13540351 0.46548074 0.5780499 0.95637774
9 1.0688338000000001e-05 0.13106441 0.4841142 0.26659256 1.0
1 1.0684952e-05 0.05435293 0.6351091999999999 0.2391218 0.7376752
13 1.0081536e-05 0.14565204 0.09611302 0.49608088 0.9916659
6 1.0066207000000001e-05 0.108234376 0.40065974 0.36426228 0.9113813000000001
