8 0.06669509400000001 0.59513426 0.5038903 0.6469351 0.5475648
8 0.04417429 0.44176567 0.51757145 0.4826544 0.5467835
3 0.02787835 0.44398329999999997 0.51716775 0.48144034 0.5458276
8 0.022200987000000002 0.286558 0.5237313 0.32395598 0.54847854
3 0.01671712 0.5524654 0.51598614 0.59739083 0.55192375
3 0.016685091000000003 0.2869703 0.522293 0.32485047 0.54685307
3 0.016099574 0.60033727 0.5063499 0.647725 0.5506969
8 0.016097764 0.5468982 0.5175927 0.5858225 0.5562632
8 0.011935312 0.60130745 0.49428982 0.64338535 0.5366156
3 0.009560974 0.60556734 0.49538237 0.64559877 0.53163064
8 0.009423048 0.29933259999999995 0.5248189 0.338006 0.5480194
8 0.007365956 0.31751817 0.523622 0.3534302 0.54704165
3 0.005650535 0.29843122 0.5220528 0.33783925 0.5464085
3 0.0055152993 0.31594256 0.5214604 0.35164234 0.5460901
8 0.00422558 0.5344398 0.5195101 0.5695566999999999 0.55193305
8 0.003448679 0.45107440000000004 0.51965207 0.49204984 0.5464796999999999
3 0.0029152068 0.24773711 0.5190001000000001 0.29424262 0.54507285
13 0.0024686742 0.28538459999999993 0.5187246 0.3251565 0.5516310000000001
13 0.0024265935999999997 0.43733627 0.515679 0.4820255 0.54916894
3 0.002406283 0.5322464 0.5169022 0.5748213000000001 0.54976505
8 0.0022702247 0.24895684 0.51667255 0.2897322 0.54577464
3 0.0018063308 0.45158532 0.51944315 0.4949163 0.5473962
13 0.0017842266 0.5502253 0.51028556 0.599364 0.55642474
13 0.0017262868 0.5977563 0.51127636 0.6485346 0.55021316
8 0.0017191992 0.5218654 0.5220344 0.55605644 0.54812986
13 0.0016927628 0.53838354 0.51237446 0.5881154000000001 0.5543539000000001
13 0.0013420096 0.31340775 0.5179697 0.35586527 0.5481589
3 0.0012533304 0.5183068000000001 0.51986414 0.5600056999999999 0.54868656
13 0.0012041199000000001 0.29749918 0.5184073 0.34121734 0.549564
3 0.000799123 0.50065136 0.52115846 0.5446273 0.5482569
8 0.00076615886 0.48699164 0.5223933 0.52378714 0.548585
3 0.0007438008 0.48527586 0.521674 0.52938354 0.54910666
8 0.00072370586 0.3316525 0.521508 0.36670545 0.54467857
8 0.0007183364 0.5038701 0.5225082999999999 0.5376307 0.5470859
13 0.00057386473 0.5969797 0.48981220000000003 0.64544326 0.53248423
8 0.00053651637 0.61219865 0.50573426 0.6552116 0.5473404000000001
13 0.00052909815 0.52342695 0.51224643 0.5741034 0.55268896
3 0.00042922952000000003 0.33001283 0.5209223 0.36745736 0.5463826999999999
13 0.0004155724 0.58430105 0.512826 0.6352193 0.5502923000000001
5 0.00039911387000000003 0.42339170000000004 0.5235805 0.4752106 0.5493594
13 0.00038631755 0.51082003 0.5162845 0.5588542 0.55282557
1 0.0003355609 0.53147674 0.52001554 0.58410597 0.54478467
2 0.00031150426 0.44125444 0.50868 0.49014682 0.5445432
7 0.00030813362999999996 0.5384759 0.51291835 0.5858363 0.5523459
7 0.00029336385 0.43095517 0.5132614999999999 0.47710758 0.55193657
13 0.00027619384 0.24636124 0.51671433 0.29246350000000004 0.55202687
5 0.00026950912 0.27376625 0.5284063 0.32135007 0.55147123
2 0.00025331782 0.6008604999999999 0.5033698 0.6665251 0.5506593000000001
1 0.00024352624 0.54685247 0.5217904000000001 0.59674954 0.54925716
2 0.00023955532000000004 0.55822897 0.50522244 0.60865474 0.5453838000000001
7 0.00023601865 0.5495701 0.5107149999999999 0.60306346 0.5540096999999999
8 0.00023315355 0.26884723 0.52025014 0.30897892 0.5502959
9 0.00023124497000000002 0.5492244000000001 0.5157826 0.5934248000000001 0.55283165
7 0.00022057214 0.27838027 0.5162226 0.32013106 0.55174506
11 0.00021382419999999998 0.44983906 0.51126504 0.47453767 0.55427665
2 0.0002095957 0.5454025 0.5068214 0.5951970999999999 0.54105425
8 0.00020697343000000002 0.46764404 0.5212992999999999 0.50685084 0.54788
6 0.00020470313000000003 0.5373646 0.5159669 0.5925976 0.5497303000000001
8 0.000195252 0.5655613 0.514997 0.6111989999999999 0.5530305999999999
3 0.00019424906000000002 0.2688958 0.5221427 0.31402725 0.5481556
13 0.00019321607 0.44798190000000004 0.51441514 0.49374747 0.5515538000000001
1 0.0001926839 0.27639562 0.5209462 0.31821012 0.5442203
5 0.00018821789 0.5265245 0.52277565 0.5890288 0.5492097
9 0.00018073642 0.6117253 0.49461943 0.65915114 0.52801305
13 0.00017358741999999998 0.49652782 0.5165927 0.54022 0.5537979999999999
7 0.00016692633 0.588608 0.5053332 0.64832723 0.55729645
5 0.0001630995 0.30878738 0.52750784 0.35428622 0.54911023
8 0.00016255122 0.5518205 0.5001521 0.58198166 0.52764976
7 0.00016136345 0.30773535 0.5175108 0.35166729999999996 0.5512666
1 0.00015697515 0.42910516 0.519787 0.47388035 0.5459662
9 0.0001532901 0.5609565 0.51797634 0.6103394 0.55504286
2 0.0001485035 0.31840256 0.5164512 0.36620352 0.54443395
6 0.00014831521999999998 0.5471928 0.51532364 0.6128416999999999 0.55226773
5 0.00014542961 0.5817589 0.5194572000000001 0.6482614999999999 0.5527403000000001
3 0.00014335701 0.46572173 0.5209572 0.5139209 0.5492771
2 0.00014290227 0.2875284 0.5163529 0.33490038 0.54358065
6 0.00013805753 0.43017570000000005 0.5191359999999999 0.48612508 0.5496325
9 0.00013457627 0.44612816 0.51691926 0.48146936 0.55007493
9 0.00013386063999999999 0.32122582 0.52237153 0.35966593 0.5485732
11 0.00012921562 0.61496055 0.5083920999999999 0.65082717 0.56013006
13 0.00012718973 0.48225024 0.5173223 0.52231 0.5554248
5 0.00012690126 0.5399204000000001 0.52322227 0.60692567 0.5513177
1 0.00012483443 0.59574604 0.49389634 0.6429545999999999 0.5215879
12 0.00011538129999999999 0.5994866999999999 0.50783175 0.6681776999999999 0.5458379
10 0.00011472044 0.5667665 0.5065295999999999 0.6098685 0.5532113000000001
9 0.000111709334 0.28882715 0.5202912999999999 0.325893 0.549606
8 0.00010638613999999999 0.32634878 0.06537429 0.7620932 0.32439120000000005
11 0.0001051854 0.5528093000000001 0.5136605 0.5806571999999999 0.54969245
6 0.000103376435 0.27644053 0.52037793 0.33255735 0.5468305
5 0.00010325355 0.29215494 0.52841586 0.33970252 0.5505595
10 0.00010273193000000001 0.45057195 0.5098371 0.48639762 0.54923713
12 0.000102504964 0.5515190999999999 0.5079492999999999 0.6088857 0.5483861
1 0.000102460996 0.5191932 0.52232325 0.56636155 0.5446460999999999
9 0.00010217353000000001 0.60842174 0.5143567 0.6586310000000001 0.5517350999999999
5 0.0001015189 0.56500596 0.52175844 0.6319688 0.5512997
10 0.000100969795 0.5530257 0.5102283 0.5937408000000001 0.5502148
1 0.000100062214 0.3074402 0.5198347 0.34881988 0.54527533
7 9.590289000000001e-05 0.29342740000000006 0.5174317 0.33511890000000005 0.55146027
2 9.3914e-05 0.6118831 0.48018109999999997 0.65990597 0.5207852
11 9.273287e-05 0.29430336 0.5193694999999999 0.3166607 0.5467486999999999
11 9.158261000000001e-05 0.59819824 0.5106016999999999 0.63072497 0.56021595
1 9.1499496e-05 0.59589976 0.52076876 0.6459113000000001 0.55292606
7 9.069988000000001e-05 0.6038538 0.48563959999999995 0.650857 0.5278996
12 9.018599e-05 0.602485 0.48481032 0.65591794 0.5191192
13 8.896968e-05 0.32824376 0.5148556 0.3700914 0.54803324
10 8.6996995e-05 0.29394293 0.51618785 0.32720953 0.5486599
13 8.5853244e-05 0.59807855 0.0 0.9405753000000001 0.9887279
2 8.425349399999999e-05 0.3030651 0.5170375 0.35030759999999994 0.5441999
8 8.364481599999999e-05 0.3425663 0.51997495 0.37912363 0.5416488
4 8.342055000000001e-05 0.567263 0.51333493 0.60522175 0.55140513
8 8.340957e-05 0.6691552 0.13145685 0.9021531999999999 0.6966963
6 8.288844000000001e-05 0.5967996999999999 0.52069885 0.6603512 0.5566911999999999
8 8.2608116e-05 0.031265153999999996 0.5896601 0.3538053 0.9326551
2 8.088649999999999e-05 0.25580642 0.5129412 0.3030165 0.54494077
8 7.998403500000001e-05 0.54336095 0.53365123 0.5847163000000001 0.56736165
8 7.939347e-05 0.5607430999999999 0.49833125 0.5925689000000001 0.5268934000000001
10 7.67644e-05 0.61285233 0.50334793 0.66060174 0.5506004
7 7.360926e-05 0.52470666 0.51472545 0.57106835 0.5501262
6 7.3292445e-05 0.3084834 0.52160144 0.35817394 0.5473228
12 7.263037e-05 0.43699124 0.51173043 0.48852882 0.5441054
3 7.2375085e-05 0.61418223 0.50828356 0.65887904 0.5526121999999999
8 7.126532e-05 0.48421317 0.53622663 0.5181635 0.5722805000000001
3 7.113869e-05 0.34100613 0.52042675 0.38349584 0.54628545
11 6.896765e-05 0.5690923000000001 0.5129227 0.5992868 0.5517105999999999
7 6.706151e-05 0.5739788 0.5071393 0.62831247 0.5561756999999999
8 6.50772e-05 0.5550189999999999 0.53496635 0.5967840999999999 0.5688913000000001
1 6.433969e-05 0.2922538 0.5211875 0.33337355 0.54509544
2 6.402228e-05 0.5326955 0.50866497 0.5781791999999999 0.5410477
2 6.394295600000001e-05 0.58705074 0.50484025 0.65212935 0.54539406
10 6.3063606e-05 0.31228304 0.51606244 0.34144598 0.54761505
9 6.290443e-05 0.30604437 0.5223573 0.34337828 0.548167
1 6.286864e-05 0.57572365 0.51862687 0.6291095 0.54953593
13 6.285975e-05 0.5859217 0.49207738 0.6347683000000001 0.52850825
13 6.255115e-05 0.29193193 0.007623052 0.9033515 0.35796356
12 6.234144000000001e-05 0.28324285 0.51763225 0.32845768 0.5449553
4 6.1795035e-05 0.6129478 0.5129675 0.6523026 0.552036
3 6.126203499999999e-05 0.5495838000000001 0.4996759 0.5882137 0.5261579000000001
8 6.0124734e-05 0.0119855255 0.69845134 0.30334848 0.97696036
8 5.9295519999999996e-05 0.6050414000000001 0.25120512 0.8835412 0.92692024
1 5.895531e-05 0.5063731 0.5216244999999999 0.5519268 0.5432618
9 5.875177e-05 0.53732216 0.5174569 0.5772611 0.5520028
13 5.810607e-05 0.51959383 0.019465704 0.8694695 1.0
3 5.7734967e-05 0.060212716 0.57801247 0.44726074 0.974161
4 5.7281481999999994e-05 0.55328375 0.5132764 0.5892808 0.54615504
13 5.6783738e-05 0.011892855 0.45397806 0.4013402 1.0
8 5.5353976e-05 0.025316283 0.43976346 0.2906716 0.9235645
10 5.443205e-05 0.3296015 0.5152049 0.35817899999999997 0.54968035
6 5.425009e-05 0.5823524999999999 0.51957595 0.6459645 0.553014
10 5.2388743000000006e-05 0.6145436 0.48303026 0.6547387 0.5242078
6 5.1476774e-05 0.597021 0.49083948 0.6571484999999999 0.52542084
2 5.1273313e-05 0.5186189 0.5122865 0.56539756 0.5410847
5 5.119321e-05 0.5151064999999999 0.52402425 0.57326835 0.5502468
8 5.0806804e-05 0.6176979 0.49215934 0.65474325 0.5289606
9 5.0316354e-05 0.5940598000000001 0.51415825 0.6387396 0.55280083
4 4.940701e-05 0.6185841 0.48994687 0.65292495 0.5236711
7 4.9331734999999996e-05 0.51057136 0.51658905 0.5550678000000001 0.55127674
5 4.8211856e-05 0.50522137 0.52687734 0.5559468000000001 0.55148005
8 4.8058064e-05 0.019102924 0.58771545 0.20436072 0.9650496999999999
8 4.7574966000000005e-05 0.4431482 0.26792827 0.7192562 0.87742984
8 4.7332553e-05 0.37295666 0.5175402 0.40954974 0.5421176
5 4.6971e-05 0.5915363 0.49972674 0.65238607 0.52505684
8 4.603064e-05 0.6043794 0.10055186599999999 0.8631791 0.5574326999999999
4 4.5724468e-05 0.29390803 0.52002645 0.32554367 0.54402024
13 4.5678404e-05 0.26649663 0.5199201 0.3076026 0.5520687
3 4.5676534e-05 0.53689516 0.22703157 0.8651059999999999 0.9614111999999999
4 4.33451e-05 0.4467632 0.5179539000000001 0.47957656 0.54676443
5 4.240634e-05 0.24071673 0.52586436 0.28662112 0.551016
3 4.1813048e-05 0.6119553000000001 0.21359877 0.9390497 0.9956369
8 4.1743093e-05 0.51702577 0.25453162 0.7964563 0.87462145
6 4.1511990000000004e-05 0.29223043 0.5220484999999999 0.34584045 0.5470129
13 4.149442e-05 0.5829535 0.0 0.9595806 0.5710506999999999
8 4.0584033e-05 0.320235 0.27808896 0.5959831999999999 0.90152115
8 3.903081e-05 0.53451914 0.029352736 0.83878857 0.16151187
6 3.8710714e-05 0.52571315 0.5178374 0.5803351 0.5481704000000001
8 3.8543894e-05 0.048791915 0.24019057 0.33333359999999995 0.8892971
13 3.8449904000000004e-05 0.5413104999999999 0.4883878 0.5910055000000001 0.5252492
1 3.727177e-05 0.24546469999999998 0.52056944 0.28699493 0.5474729
11 3.6196336e-05 0.32853428 0.5180962 0.3500453 0.5490788000000001
10 3.5738245e-05 0.5972090999999999 0.5085556 0.64628303 0.5471036
4 3.5643013999999996e-05 0.32812884 0.521543 0.35567722 0.5444815
12 3.5453809999999997e-05 0.31952104 0.5177393 0.3564203 0.5440793
7 3.4732493e-05 0.24159308 0.5138622 0.29203495 0.5559721
13 3.4723096e-05 0.48895353 0.0006536002999999999 0.95879716 0.16062461
3 3.3742166000000004e-05 0.56766933 0.51584214 0.6210458999999999 0.5547179
9 3.3694105e-05 0.52418596 0.5206193 0.5592795 0.55172
10 3.2887023e-05 0.5419963000000001 0.5117822 0.5800894 0.549728
3 3.278945e-05 0.03795199 0.6193388000000001 0.24872924 1.0
12 3.0999385e-05 0.30237934 0.5195526 0.34021599999999996 0.5448786
13 3.0937572e-05 0.32188228 0.046376742 0.6807879 1.0
8 3.0518528e-05 0.026871286 0.21969526 0.19046769 0.95340335
12 3.0494872999999998e-05 0.533714 0.51191914 0.57851666 0.5485594
13 3.0275232000000002e-05 0.0 0.47035240000000006 0.23129445 1.0
3 2.9761457000000002e-05 0.5574344 0.5402443 0.6075209 0.5740795999999999
2 2.9395991e-05 0.45988909999999994 0.5088804 0.5040386 0.5458385
11 2.9295158999999998e-05 0.5397623 0.51492846 0.5658272 0.5495109
13 2.9065511999999998e-05 0.5519935 0.48460323 0.6036401 0.52657664
4 2.9000195e-05 0.313233 0.52052236 0.33985522 0.5436978
3 2.8011109e-05 0.54498684 0.53898025 0.59541035 0.57213974
3 2.7694015e-05 0.34179175 0.27565959999999995 0.672246 0.97299975
13 2.7552633999999997e-05 0.5555248 0.0 0.9637513000000001 0.32825917
3 2.7179185e-05 0.6188464 0.4929307 0.6608288 0.5292965000000001
11 2.7143036000000003e-05 0.3121938 0.5189639 0.33401328 0.5472975
8 2.6992682e-05 0.49407690000000004 0.53762823 0.5252879 0.5710472
1 2.6526095e-05 0.49364385 0.52243155 0.53563297 0.5450589
3 2.6170641000000002e-05 0.03322859 0.47141105 0.34276974 0.9637701999999999
8 2.6025229999999998e-05 0.58449256 0.061776508 0.8507278 0.31981754
9 2.5654372e-05 0.42517263 0.008729726 0.91501206 0.37964657
7 2.5540054e-05 0.49569595 0.5181569 0.54000103 0.5508108
1 2.5410573e-05 0.4762313 0.52103376 0.5188973 0.54412454
8 2.518237e-05 0.52431935 0.09167009599999999 0.8272286 0.46112025
5 2.500448e-05 0.43956426 0.52631634 0.4942393 0.5509688
8 2.4461695e-05 0.68544424 0.030498412000000003 0.888376 0.16193092
13 2.4373652000000002e-05 0.0 0.29929942 0.30559886 1.0
8 2.3933024000000002e-05 0.0002631992 0.6816746 0.4599282 0.9677866
6 2.3829669e-05 0.24279748 0.52385575 0.30071092 0.55021465
13 2.3652512e-05 0.00552243 0.63230455 0.33199638 1.0
7 2.361685e-05 0.4463795 0.51551926 0.49210867 0.55148953
11 2.3344026e-05 0.61635226 0.4882843 0.64189273 0.52719074
3 2.2902035e-05 0.41415364 0.07837933 0.9457591000000001 0.344489
3 2.2331107000000003e-05 0.6825625 0.18567967 0.9657625 0.78071386
12 2.2074616999999997e-05 0.522415 0.51352227 0.56426054 0.5461311
3 2.2036496e-05 0.055124357 0.7244797 0.3742388 0.99593043
2 2.1518454e-05 0.50588703 0.5138659999999999 0.5482379 0.54341185
5 2.089785e-05 0.40218705 0.114370994 0.88903207 0.32764575
10 2.0834223e-05 0.26452446 0.51387507 0.30053209999999997 0.55060655
13 2.053156e-05 0.37972832 0.0 0.9016228999999999 0.51245236
7 2.0408641e-05 0.48125446 0.5179954000000001 0.52389085 0.5511348
8 1.9940951e-05 0.38736895 0.5163552 0.42372546 0.54142624
13 1.9806439e-05 0.46383741 0.5167893 0.50664777 0.5545720999999999
3 1.9320228999999998e-05 0.558592 0.4976821 0.6000313 0.5260935999999999
10 1.929796e-05 0.53084415 0.5166896 0.5655628 0.5486041
8 1.9110359e-05 0.5691252 0.5371629 0.6122291 0.5698614000000001
1 1.8705643e-05 0.44414118 0.51952404 0.48821416 0.54512274
11 1.8527136e-05 0.5265188000000001 0.51678556 0.55062234 0.54961455
3 1.7986126999999998e-05 0.48735282 0.5403265 0.5231432 0.5816013000000001
9 1.7862145e-05 0.46327070000000004 0.51986367 0.50115824 0.55056953
6 1.783325e-05 0.51181716 0.5215616 0.5644818 0.5479654
5 1.7672219e-05 0.34647638 0.39858958 0.6346748999999999 1.0
3 1.763551e-05 0.066636175 0.30829263 0.38691217 0.9411834000000001
8 1.7391021e-05 0.39107305 0.4777798 0.6471712 0.89788055
8 1.7151817e-05 0.20625155 0.27244076 0.49219589999999996 0.89217466
8 1.6762831e-05 0.58927846 0.47322977 0.87568235 0.96161103
5 1.653976e-05 0.47313592 0.38606155 0.7675438 1.0
5 1.6481392e-05 0.492295 0.52824503 0.5381876999999999 0.5525788
13 1.582579e-05 0.0 0.014929106000000001 0.5402194 0.35017729999999997
3 1.56508e-05 0.4218168 0.3493137 0.77747786 0.9776096
2 1.5070320000000002e-05 0.49206772 0.5135930000000001 0.53284055 0.54412705
13 1.4852047e-05 0.021711037000000002 0.0 0.37269562 1.0
8 1.4820456999999999e-05 0.35469618 0.5197225000000001 0.3927857 0.5414653
10 1.4711227e-05 0.4689697 0.5097083 0.50326145 0.54903233
4 1.4620428e-05 0.54344606 0.5152967 0.5758554 0.54571575
3 1.4595987e-05 0.37550490000000003 0.5198037999999999 0.41681558 0.54798657
4 1.4222757e-05 0.594518 0.51217324 0.634262 0.54916936
8 1.4205141000000001e-05 0.13715166 0.17864321 0.43599802 0.76946735
3 1.4185771999999999e-05 0.055162072 0.7176879 0.60385084 0.9952363999999999
8 1.4039745e-05 0.04708603 0.076331496 0.3009443 0.48345557
8 1.3860084e-05 0.40589258 0.10025972 0.7632233 0.45507600000000004
1 1.37732595e-05 0.5770145999999999 0.49082202 0.62841064 0.5187518
11 1.3679038000000001e-05 0.46683836 0.51309305 0.49209480000000005 0.55148524
6 1.3355564e-05 0.44606465 0.5196255999999999 0.5041095 0.54993
13 1.3245569000000001e-05 0.36148727 0.0054668463 0.82284796 0.1693539
12 1.3129945000000001e-05 0.25196648 0.5141568 0.29948294 0.5461996
5 1.2887254e-05 0.03202936 0.6756496999999999 0.38256809999999997 1.0
8 1.2839065e-05 0.057244777999999996 0.049478296 0.50722325 0.33871009999999996
3 1.2613339e-05 0.22746263 0.27166316 0.5743854 0.98001444
8 1.26005725e-05 0.7616263000000001 0.22072779 0.93135184 0.9407783000000002
13 1.2295009e-05 0.5623309 0.51108575 0.6138639 0.55450445
13 1.2135739000000001e-05 0.0 0.0 0.19498956 0.9787068999999999
7 1.2070686000000001e-05 0.3209567 0.51740104 0.36615217 0.5494806999999999
5 1.2003932e-05 0.55219465 0.38175833 0.8389110000000001 1.0
8 1.20038985e-05 0.38428140000000005 0.030883132999999997 0.711427 0.15969759
9 1.1859056000000001e-05 0.60094535 0.002760043 0.9726905999999998 0.1857681
8 1.1542936e-05 0.31990018 0.48033056 0.5588736 0.9127518
10 1.1538294000000001e-05 0.51537925 0.51814073 0.55067796 0.54966754
5 1.1434747e-05 0.47585014 0.5281589 0.5222247999999999 0.5531096
12 1.1184156e-05 0.45225242 0.51123166 0.50081944 0.5444061
13 1.1129638e-05 0.041421622000000005 0.0 0.55977213 0.52962965
13 1.1066523999999999e-05 0.37430185 0.36656020000000006 0.7163016 1.0
13 1.1033693e-05 0.74791825 0.0 0.96651137 0.8863979
13 1.1009106999999998e-05 0.2024755 0.038587276000000004 0.58070594 1.0
12 1.0395081e-05 0.5060279000000001 0.5137136999999999 0.54785603 0.54536295
9 1.0153004e-05 0.25617927 0.51950896 0.29853505 0.5496974
9 9.987192e-06 0.23982573 0.014480817 0.8194878000000001 0.3856387
8 9.663398e-06 0.019191183 0.48913038 0.15930587 0.7409758000000001
12 9.582549000000001e-06 0.48824906 0.5116668 0.53212214 0.54420775
8 9.55724e-06 0.5489179 0.7030128999999999 0.8806988000000001 0.98073286
13 9.414104999999999e-06 0.5895898 0.34440285 0.92536503 1.0
2 9.403244e-06 0.33538455 0.5147164000000001 0.38207603 0.5448328
12 9.170748e-06 0.46349323 0.0 1.0 0.21839882
5 9.157271e-06 0.32145754 0.5261564999999999 0.37074003 0.54908246
4 9.128699e-06 0.5290477 0.5189219 0.5594795 0.5433988000000001
10 9.094119e-06 0.49740168 0.5172779000000001 0.5347005 0.5503479
9 8.957574e-06 0.50904584 0.5237047 0.54411817 0.552722
3 8.774819999999999e-06 0.030733861 0.3061683 0.20643553 1.0
9 8.772107999999999e-06 0.59859973 0.49247688 0.64034635 0.5285964
11 8.633622e-06 0.26468685 0.51403004 0.29069695 0.54904985
3 8.544430999999999e-06 0.3577661 0.5200869 0.398466 0.5473716
3 8.530917e-06 0.022349551000000002 0.5203069 0.19576357 0.97659403
3 8.521621e-06 0.5588056 0.03720791 0.9478437 0.17487606
13 8.500154e-06 0.47929463 0.5406878 0.51951545 0.57532275
