3 0.9843709999999999 0.7944314 0.602215 0.99071914 0.8360204
3 0.95591074 0.63138205 0.5618504 0.6982891999999999 0.66261065
3 0.32860094 0.3901637 0.57080483 0.43936166 0.6200346999999999
3 0.20153165 0.022702817 0.5893243 0.10481030000000001 0.8440540999999999
8 0.18924697 0.7707636999999999 0.5580695 1.0 0.84150046
3 0.18112496 0.32904312 0.57017106 0.3890135 0.6139751999999999
8 0.09131222 0.16587433 0.5457889 0.29219067 0.7049169
8 0.06828495 0.012149811000000002 0.60599923 0.09441046 0.83648145
8 0.06564402 0.003778983 0.5532524000000001 0.11223847 0.8708020000000001
3 0.059446607 0.17965701 0.54521006 0.2817973 0.72725415
8 0.040040366 0.62782323 0.57650757 0.70582914 0.6643375
8 0.023066994 0.5988922 0.53611296 0.727023 0.6770904000000001
8 0.018871704 0.7955496 0.6420039000000001 0.9614889999999999 0.82271516
8 0.017285269 0.32146376 0.56337684 0.39235675 0.6141545999999999
3 0.016969282 0.6105713 0.55883104 0.71970934 0.66772455
8 0.013977686000000001 0.38957759999999997 0.5747445 0.44709499999999996 0.6265607
3 0.009280153000000001 0.010464061 0.621318 0.11187227 0.7984641
8 0.006180998 0.013592422 0.66183615 0.081967644 0.80762994
3 0.0060650194 0.0063844062 0.6403575 0.09958421 0.74377626
13 0.005046389 0.0 0.60931504 0.09645164 0.83867335
8 0.0042915596000000006 0.020178676 0.6316546 0.088558234 0.7840309
13 0.004032934 0.013865616 0.5592491999999999 0.116181105 0.9276847
13 0.0027730514 0.12654 0.5845719 0.29280454 0.71005213
3 0.0027281466999999997 0.028779533 0.5503581 0.13648471 0.85821146
8 0.0027105784999999997 0.019270875 0.5237523000000001 0.22092277 0.8465461
8 0.0026697433 0.38187528 0.56596607 0.43445438 0.62060887
13 0.0020656348 0.6175361 0.61297554 0.7115715 0.66472167
8 0.0020297042000000003 0.78718936 0.579763 0.91371 0.8196275
13 0.0016965271 0.61312515 0.5711354000000001 0.6868097 0.6683896
13 0.0015748917000000002 0.38779923 0.59407127 0.44320038 0.6386417
13 0.0014973285 0.3841373 0.5725826999999999 0.44432309999999997 0.6267923000000001
3 0.0014076753 0.40514284 0.57187563 0.45676816 0.61508036
8 0.0013834735 0.68769145 0.5285727 0.9680847 0.87259847
13 0.0013698897 0.58318543 0.5687304 0.7399014 0.6895505000000001
13 0.0013229473000000002 0.6071183000000001 0.58488804 0.70934945 0.6519608
13 0.0012901995 0.7676361999999999 0.6799754 1.0 0.82305074
13 0.0012508066000000001 0.7337169 0.65065163 0.9577139000000001 0.80606115
13 0.0011976197999999999 0.7527704000000001 0.7032771 1.0 0.9237051
7 0.0011402369 0.61269575 0.60770464 0.6902955 0.67981786
8 0.001110953 0.7699278 0.22239634 0.9654110999999999 0.8857073000000001
7 0.0010839915 0.6236594 0.5722575 0.69846094 0.6546035
5 0.0010701836 0.6611955 0.69176865 0.96838176 0.9523256999999999
13 0.0009723714300000001 0.6919165 0.65151006 0.9983421 0.8739023000000001
5 0.0009393187400000002 0.59350044 0.58424795 0.6793898 0.65473646
13 0.0009365635 0.0 0.6651753 0.12557518 0.8244136000000001
6 0.0009353550999999999 0.805145 0.66844505 0.9846169 0.8101847
12 0.0009174617999999999 0.0025947914 0.5476799 0.12607297 0.7596999
12 0.0009136038000000001 0.82359385 0.60895675 1.0 0.7490568
13 0.0009046104 0.6319314 0.5710448 0.71320534 0.67036265
1 0.0008863241 0.6075759 0.6069289000000001 0.9231188 0.8076972
3 0.0008461354 0.19123167 0.56817794 0.29303083 0.65694916
7 0.00083478086 0.37968546 0.5600314000000001 0.4471858 0.6256474
6 0.0008239053 0.6192674 0.58364856 0.71959966 0.65232813
13 0.0008099077400000001 0.0 0.6522357 0.08586058 0.80274385
1 0.0007807439 0.733301 0.6730229999999999 0.8929010000000001 0.79070497
13 0.0007621082 0.81377715 0.631296 0.9714261999999999 0.85355234
5 0.0007539433 0.58638936 0.5928325 0.7079539 0.6430088
1 0.00074546743 0.6022887 0.65820676 0.91010225 0.8605537
12 0.00072439894 0.80674 0.6409076 0.9749097 0.77308756
9 0.0007230289 0.82446575 0.5596305 1.0 0.8037185
2 0.0007064963 0.0 0.5444238 0.11548096 0.7705426
6 0.00065582065 0.621747 0.61509013 0.7258018 0.6703661999999999
11 0.00063533697 0.026445135 0.62310463 0.07648442 0.8737934000000002
13 0.000628499 0.0 0.57060885 0.15460359 0.88328254
1 0.00060011016 0.67880005 0.70981705 0.94045407 0.92151624
7 0.0005962256999999999 0.0 0.5580648 0.11703895 0.8591625
7 0.0005702757 0.57427424 0.53175426 0.98483735 0.97011817
12 0.000567361 0.6282293999999999 0.58002955 0.71480584 0.6394196
9 0.0005654130000000001 0.017797953999999998 0.60702163 0.12755606 0.78856605
1 0.00056132785 0.7821404000000001 0.6805266 0.93950105 0.8092869
8 0.0005452247 0.18590045 0.6245358 0.24403465 0.7058085
9 0.0005436583 0.6260159000000001 0.5776026999999999 0.7086028 0.64714473
2 0.0005368633 0.14423063 0.5422416999999999 0.34930527 0.6837867
3 0.0005322036 0.021068845 0.6313810000000001 0.10511614400000001 0.71943754
13 0.00052711857 0.314013 0.56875724 0.36697423 0.62163967
13 0.00052006554 0.8242105 0.56230164 1.0 0.9250113999999999
3 0.0005151851000000001 0.18843132 0.60145646 0.25693387 0.7318281
9 0.00051116623 0.7533425 0.57571256 0.99015844 0.8503559000000002
1 0.0004996799400000001 0.0 0.6534317 0.08392422 0.83695024
11 0.0004981482 0.73275185 0.5044912 0.96682394 0.95525247
5 0.0004977772 0.59337044 0.61780804 0.7033417 0.6708459
4 0.00048839895 0.6302810999999999 0.56856054 0.70290637 0.6487478
2 0.00048462959999999997 0.3876177 0.5838095 0.46124262 0.6278815999999999
5 0.00048001652000000003 0.73119843 0.6692216 0.9921924999999999 0.78276706
6 0.00046646714000000007 0.13168935 0.5817763000000001 0.33461505 0.72928464
8 0.00046307128 0.020944297 0.55668265 0.31266212 0.95064837
5 0.00045888687999999994 0.56811476 0.6360296 0.9885671 0.86328113
4 0.0004460856400000001 0.6293692 0.5889194000000001 0.7037001 0.68184566
12 0.00043821120000000005 0.8435976999999999 0.6665314 1.0 0.7996036999999999
6 0.00043757548 0.70557445 0.68964267 1.0 0.9610665
1 0.00043732491999999996 0.7799727 0.6520767 0.92891955 0.7784711
7 0.0004350767 0.36678734 0.5853086 0.44945565 0.6513753000000001
13 0.00043132398 0.32449108 0.5640498 0.38472617 0.6228741999999999
8 0.00042825830000000004 0.18871199 0.6587307 0.24113889 0.71532315
12 0.00041572394999999995 0.77116317 0.45700282 1.0 0.72879505
4 0.0004145474 0.033360034 0.6066974 0.10455753 0.8519349
6 0.00041069736000000004 0.0 0.6197012 0.11495738 0.81999314
9 0.00040218132000000007 0.8111376 0.6502498999999999 0.98531157 0.7846954
11 0.00039248733 0.6262654999999999 0.56703347 0.659842 0.673283
9 0.00039151174 0.8022233 0.6669541999999999 0.99169993 0.91008675
9 0.00038701468 0.63848585 0.60625726 0.71396583 0.6680568
10 0.00038658854 0.79310465 0.6697583 0.9737283999999999 0.8252978000000001
1 0.00038452580000000004 0.37972403 0.5734471 0.43663383 0.61114293
8 0.00038444527000000003 0.40066388 0.5626859000000001 0.4556209 0.61628246
3 0.00038327638 0.8502327 0.6261736 1.0 0.81941265
10 0.0003701513 0.013569385 0.5274375 0.12407176 0.8581970999999999
1 0.0003673603 0.5972344 0.59401965 0.6675468000000001 0.66014564
8 0.00035344448 0.026265575 0.64405715 0.07782353 0.7381925
13 0.00035142494 0.37343556 0.57719994 0.43054265 0.62498003
2 0.00034452675000000004 0.62534434 0.57893795 0.7150894 0.63026583
8 0.00034345663 0.19206529999999997 0.5857260999999999 0.27060622 0.6436588000000001
1 0.0003413283 0.6100281 0.6002693 0.69305235 0.65406233
10 0.0003395322 0.7544689 0.6599493000000001 0.93787646 0.7844512
5 0.00033712067000000003 0.37439176 0.57696253 0.45138320000000004 0.6160805
12 0.0003367266 0.64012593 0.60336804 0.7136491 0.6580719
6 0.0003361854 0.82417655 0.6898254 1.0 0.8454039000000001
7 0.00032788466 0.7727717 0.6778964 0.9672668 0.8462709
7 0.00032775023000000003 0.09531852 0.57450783 0.312626 0.74130434
11 0.0003228638 0.80258894 0.66278994 0.906041 0.82317877
2 0.0003220858 0.72674453 0.6036684 1.0 0.8872305
5 0.00031426290000000003 0.0 0.64474994 0.11859324 0.78201896
10 0.00031314619 0.7876918 0.6308998 0.9560854 0.75602734
11 0.00031313632 0.6429626 0.61867887 0.68962204 0.68595934
4 0.0003037547 0.83073616 0.6271975000000001 0.9939892 0.79641634
5 0.00030097362 0.37666482 0.5964235 0.44445306 0.6472865
1 0.00028953729999999997 0.8350641 0.6827715999999999 0.98238367 0.81604624
10 0.00028898925 0.6143913000000001 0.5808491 0.7029761999999999 0.6416233
9 0.00028507292 0.39409770000000005 0.5678888000000001 0.45540994 0.6155948
1 0.0002837033 0.10753949 0.5990191 0.27236247 0.72979397
7 0.00028286618 0.6055238000000001 0.5564786 0.6682359999999999 0.6797274999999999
11 0.00028254557 0.639003 0.59622973 0.6777409000000001 0.6555847
8 0.00028093226 0.04738996 0.13571408 0.29575473 0.7068643
8 0.00028051272999999997 0.6262496 0.56830996 0.68580514 0.63839966
8 0.00027859397 0.07954225 0.23790313 0.36926913 0.88940907
7 0.00027594642999999997 0.80112654 0.6182834 0.9882708 0.7859728
7 0.0002726184 0.79304373 0.44249079999999996 1.0 0.8750511000000001
1 0.00027206188 0.691501 0.64580333 0.9426998 0.873042
4 0.0002716727 0.8754396999999999 0.61971694 1.0 0.8241704
1 0.0002686604 0.0 0.67622447 0.06707696 0.8075177
8 0.00026317720000000003 0.09730448 0.49768242 0.3718329 0.7701604000000001
6 0.00025566082000000003 0.37101890000000004 0.56468594 0.46048486 0.61429054
9 0.00025059827 0.1824395 0.57849044 0.33932470000000003 0.71038514
7 0.00024922032000000005 0.6423937 0.5524486999999999 0.6994473000000001 0.67906296
11 0.00024856077 0.8370248 0.6613039000000001 0.92162895 0.7852233000000001
12 0.00024669705 0.028839412999999998 0.62365055 0.103306904 0.7677845999999999
11 0.0002463004 0.8386518000000001 0.6783946 0.9324460999999999 0.8196476999999999
12 0.00024626950000000003 0.38204345 0.55752224 0.45201096 0.6067394
7 0.00024099815 0.0 0.6805135 0.08167224 0.83450353
13 0.00023863597999999997 0.010865159 0.6599105 0.09596936 0.73044205
2 0.0002380109 0.3910431 0.55807704 0.4586536 0.6006501000000001
5 0.00023546796 0.75745946 0.6208696 1.0 0.81953585
8 0.00023125172999999998 0.795276 0.49114078 0.9784706 0.8061166000000001
11 0.00023007333 0.8540434000000001 0.69775736 0.95594805 0.85696274
2 0.00022872567999999998 0.0 0.42228872 0.12145995 0.8555161
6 0.0002252527 0.61266595 0.58553296 1.0 0.8793048000000001
11 0.00022432972999999998 0.041761400000000004 0.45886326 0.10488139 1.0
5 0.00022149451 0.0 0.6344158000000001 0.12097804 0.91880417
1 0.00021885849 0.3812485 0.5992743 0.43753679999999995 0.64030814
12 0.00021870338 0.85199785 0.60679597 0.9821955 0.7986539
11 0.00021813257 0.34165654 0.5595753000000001 0.38005027 0.6152141
2 0.00021797873 0.5848553000000001 0.5180319 0.774456 0.67399263
5 0.00021450817000000003 0.07899812 0.5975343000000001 0.30810022 0.7159371999999999
6 0.00021423431 0.60380024 0.57733935 0.6985777 0.65921247
7 0.00021407865 0.53387344 0.54229474 0.7371745 0.7159045
9 0.00020782468 0.8691735 0.6528304 1.0 0.7872899
7 0.0002046782 0.6441937 0.57779735 0.7169774 0.6486272
8 0.00020406586 0.6006164 0.22671178 0.8829029 0.95982623
6 0.00020199058 0.7634338 0.6497947 0.9567989 0.782054
1 0.0002019795 0.8366476999999999 0.71348476 0.9606802 0.8748934000000002
10 0.00020184953 0.84947085 0.60206306 0.955572 0.8204357
12 0.00020149096999999997 0.02992094 0.6621548 0.10669993 0.80212295
4 0.00020078571 0.86328787 0.47762075 1.0 0.777877
11 0.00019987301 0.40503547 0.57895863 0.44665745 0.6457826999999999
5 0.00019866503 0.5362783 0.58506703 0.7317385999999999 0.6966983
9 0.00019798083 0.012249383999999999 0.69252664 0.09737353 0.79877865
12 0.00019757485 0.78808665 0.5095519000000001 0.98536694 0.7841066999999999
7 0.00019493119999999998 0.63504845 0.6116083999999999 0.71035594 0.6740550000000001
9 0.00019422108000000002 0.8760988999999999 0.57580143 1.0 0.8712219000000001
10 0.0001926477 0.8244002 0.4467439 0.9810665999999999 0.79759747
1 0.00019222724999999998 0.7480878000000001 0.5443717 0.9699871999999999 0.74681365
1 0.00019151058 0.7306661999999999 0.6418718000000001 0.88626426 0.75813985
6 0.0001914584 0.37487600000000004 0.59374845 0.46458712 0.64136153
5 0.00019112862 0.5395545 0.56651574 0.75200284 0.66204906
5 0.00019103914 0.79913473 0.65963614 0.9761673000000001 0.8459724000000001
7 0.00019024608 0.6243683000000001 0.5490385999999999 0.6827973 0.6829786999999999
2 0.0001900913 0.61601114 0.60562307 0.7098149 0.65789855
10 0.00018873582 0.8489875 0.6423711 0.99057394 0.83971804
8 0.00018764155 0.008707412 0.4691045 0.13851139 0.9523110999999999
4 0.00018556718999999998 0.18868136 0.54754597 0.31734085 0.75054973
11 0.00018553331999999998 0.32501867 0.56124777 0.36262342 0.61552745
11 0.00018398793999999997 0.40282872 0.5650543 0.43747124 0.6143881999999999
11 0.00018381023000000002 0.017669166 0.6833765 0.06563237 0.83725345
1 0.00018224366000000003 0.30320132 0.5710305999999999 0.36172062 0.60895807
1 0.00017885142 0.0 0.6294964 0.100616 0.9269984
1 0.00017854438999999998 0.7996663 0.5979689 0.96544576 0.83654344
11 0.00017681741000000003 0.62539 0.5937045999999999 0.6646803000000001 0.6543121000000001
11 0.00017571913 0.85997057 0.52661395 0.97460485 0.821838
11 0.00017274641 0.18465120000000002 0.56042075 0.28228059999999994 0.7590206
12 0.00017169792000000002 0.61644995 0.52402735 1.0 0.7598518
7 0.00017141265999999998 0.3629978 0.56173444 0.42849597 0.6245773
1 0.00017048218999999998 0.54933524 0.56388426 0.71386313 0.68409747
10 0.0001678166 0.62344277 0.60462844 0.7086185 0.68147796
7 0.00016593358 0.84060705 0.63187116 1.0 0.8208148999999999
8 0.00016474598999999997 0.058105275 0.37921983 0.43125379999999996 0.9716054000000001
12 0.00016261336 0.72087884 0.60911405 1.0 0.8611509
11 0.00016160996000000002 0.8665366 0.60879797 0.93952954 0.85010415
8 0.00015909495 0.043103695 0.24497275 0.27446620000000005 0.9039464
11 0.00015765360000000002 0.83141285 0.44926637 0.9786130999999999 1.0
3 0.00015631479999999998 0.0629518 0.5439093 0.22903273 0.8215985
4 0.00015615532 0.795103 0.6352139 0.9494309999999999 0.8017316999999999
11 0.00015519143 0.02215299 0.6600090000000001 0.06987249 0.8044244
1 0.00015504363 0.548783 0.54029703 0.7188843 0.6510404000000001
9 0.00015437881 0.6139168 0.5285558000000001 0.75925726 0.66402256
8 0.00015282595 0.18178993 0.60172284 0.24558294 0.68950045
12 0.00015266711000000001 0.62578547 0.5699558000000001 0.6829555 0.6531928000000001
7 0.00015199752 0.0 0.637421 0.08743496 0.8057017
1 0.00015126768 0.36407015 0.5697576999999999 0.42379424 0.6067328000000001
4 0.00015022448 0.7923041000000001 0.5536941999999999 1.0 0.9088
3 0.0001482059 0.35022074 0.56599694 0.41910648 0.6150102
7 0.00014804511999999998 0.30342332 0.56072783 0.36957136 0.6260673000000001
10 0.00014655682 0.33397340000000003 0.5572693 0.39294153 0.61447513
12 0.00014606716 0.0 0.45165029999999995 0.15625999999999998 0.7975413
3 0.00014481945 0.19972241 0.56083554 0.2900011 0.6218847
10 0.00014335832 0.87021625 0.3675432 1.0 0.91897345
5 0.00014291133 0.0 0.7021782 0.09362978 0.8112581
7 0.00014204446000000003 0.0 0.45907265 0.13309313 0.9947618
7 0.00014176652 0.31869403 0.55906725 0.38857695 0.62512225
5 0.0001414716 0.62442213 0.58818156 0.71265453 0.67288345
1 0.0001413134 0.701508 0.59289974 0.95023984 0.80186826
2 0.00014037277 0.82729757 0.60672045 0.9877273000000001 0.72514606
10 0.0001403568 0.6208392 0.57747406 0.6849641 0.6568724
9 0.00013897007999999998 0.65288436 0.57109207 0.7132598000000001 0.65909237
12 0.00013884753999999998 0.6425433 0.5752149000000001 0.7064997 0.6575264000000001
7 0.00013821175 0.8307912000000001 0.63955873 0.96842533 0.8916714
1 0.00013818406999999998 0.82292557 0.65474606 0.96503973 0.78127944
9 0.00013796265 0.8682332 0.6202186 0.98154604 0.7990834
1 0.00013759566 0.6342736999999999 0.5977986999999999 0.7025718000000001 0.6673475
10 0.00013724341999999998 0.011839312 0.6642429 0.09641832 0.84534186
3 0.00013695768 0.9061283000000001 0.6379433000000001 1.0 0.7003014
1 0.0001338959 0.6226725000000001 0.6304934 0.69777983 0.6716885
13 0.0001330737 0.0 0.5934972 0.09839752 0.7719395
7 0.00013129547 0.7468179 0.64281154 0.95204073 0.81527156
4 0.00013014473 0.39593834 0.5840576999999999 0.4537447 0.645063
4 0.00012906092 0.40269074 0.5614518000000001 0.45209476 0.6148914000000001
5 0.00012876673 0.30973744 0.5775081999999999 0.39739758 0.6176425999999999
2 0.00012868278 0.015190593999999998 0.5971923000000001 0.14824146 0.73551697
6 0.00012767815000000002 0.83480173 0.6350689 1.0 0.7888995
4 0.00012701395 0.036117997 0.51043236 0.13016222 1.0
10 0.00012600637 0.64317095 0.5783501 0.71324766 0.6387071999999999
9 0.00012264808 0.023227952000000003 0.5758717 0.13884994 0.89240026
2 0.000121471894 0.7833164 0.6344645000000001 0.9637492 0.7593453
2 0.00012146240599999999 0.0042066609999999996 0.6342123000000001 0.100743145 0.77070487
11 0.000121248966 0.035669893 0.6494831 0.07208768 0.76137334
12 0.00012104511 0.8690201999999999 0.6785026999999999 0.98080754 0.84371245
11 0.00012084015 0.6419441 0.5675411 0.67369074 0.6779405
12 0.00012060332 0.1324217 0.5716484000000001 0.35897332 0.67488056
9 0.00012058296 0.86783195 0.67342305 0.9729388000000001 0.84601873
10 0.00011458802 0.016722195 0.61477804 0.09679492599999999 0.78251445
10 0.00011326775 0.86665887 0.5661286999999999 0.96877223 0.7899015
13 0.00011276546 0.17576908 0.67546505 0.25818434 0.721291
9 0.00011211671 0.63404715 0.57038754 0.69394124 0.66358614
12 0.00011199981000000001 0.015232353999999998 0.5828201999999999 0.15636389 0.73024744
5 0.00011138892 0.79849714 0.65465325 1.0 0.93676376
7 0.000111241505 0.7345684 0.45859269999999996 1.0 1.0
4 0.00011098921 0.025093522000000004 0.6861552 0.08903888 0.82447296
1 0.00011054326 0.31779388 0.57010216 0.38086876 0.6105553000000001
7 0.00010951107 0.0 0.6818092 0.14319758 0.8453847
10 0.00010829538 0.31830034 0.5597885 0.3755575 0.61792785
12 0.00010771766999999999 0.6348009 0.57760537 1.0 0.8184587
9 0.00010665702600000001 0.84270746 0.6378004 0.9569591999999999 0.8210065999999999
6 0.00010641508 0.0 0.70312417 0.09514166 0.8087135999999999
12 0.00010596892 0.02241271 0.61772686 0.16493505 0.7619508
10 0.000105515515 0.39092216 0.5548711 0.45132510000000003 0.61645186
1 0.000104149374 0.0 0.6441439999999999 0.061217099999999997 0.76957685
3 0.00010361193 0.79205513 0.3204881 0.98719394 0.87703097
4 0.00010224370999999999 0.88221866 0.48186663 1.0 0.9252686999999999
8 0.00010171665999999999 0.17688179 0.63759965 0.23577249 0.6989749
8 0.00010081867399999999 0.026613407000000002 0.20908724 0.18156904 0.8845476000000001
12 0.00010031864 0.013299927 0.65179646 0.1749924 0.79564327
11 9.968531999999999e-05 0.62880147 0.61556816 0.6775975000000001 0.6843866
11 9.9623154e-05 0.8832018 0.44327244 0.9793261999999999 0.93144035
12 9.837020000000001e-05 0.31304735 0.55741405 0.37480992 0.60822934
9 9.697118e-05 0.39569163 0.5924325 0.45494896 0.6349642
2 9.660551e-05 0.74117124 0.5335831999999999 1.0 0.823325
6 9.643328000000001e-05 0.53315604 0.5626045999999999 0.7696284999999999 0.6906359999999999
12 9.559043e-05 0.018897496 0.5867859000000001 0.09907432 0.73612016
6 9.552433000000001e-05 0.0 0.67636955 0.087717086 0.7871151
2 9.529715e-05 0.0 0.6558968000000001 0.14016539 0.8032385999999999
7 9.528366e-05 0.12936094 0.54846746 0.33670370000000005 0.7197495
10 9.499823e-05 0.40325397 0.5767496 0.46025383 0.6489397
8 9.456383e-05 0.7000108 0.19292979999999998 0.9369066999999999 0.9330656999999999
9 9.40014e-05 0.0056030527000000005 0.6633311 0.09421498 0.78059644
4 9.120314e-05 0.6496496999999999 0.54139286 0.71024746 0.66903704
4 9.117454e-05 0.654141 0.5678159 0.7165224 0.64543265
3 9.101676e-05 0.0060709976 0.66861993 0.117764205 0.7775287
11 8.996519e-05 0.81069356 0.53175634 0.96007496 0.8652213
6 8.92631e-05 0.0 0.57805157 0.16127172 0.9275734
2 8.854545e-05 0.81522804 0.475576 1.0 0.8660919
2 8.7532484e-05 0.17712004 0.5164462000000001 0.34230083 0.65510595
6 8.627315e-05 0.3080623 0.56315774 0.41560367 0.6091466999999999
