3 0.99795437 0.17609373 0.61794615 0.36464337 0.83723605
3 0.86744726 0.68840057 0.66620916 0.9035396000000001 0.8348134
3 0.86490625 0.47624984 0.6153953000000001 0.5195092 0.66370386
3 0.6898246 0.51298994 0.6247182 0.5751173 0.69210005
8 0.28894967 0.653746 0.62664324 0.9628525 0.85133904
8 0.195199 0.7179909000000001 0.68397504 0.9185175999999999 0.8268419
8 0.14957345 0.5126127 0.6223576 0.5764272 0.68748444
8 0.08409934 0.15271783 0.57696706 0.40571272 0.8230569
3 0.05520863 0.4964989000000001 0.6153164000000001 0.56358826 0.6757933
8 0.037393897999999995 0.6932519 0.6610895999999999 0.87953967 0.84230715
8 0.03638462 0.47488746 0.60839623 0.52977866 0.6689624
8 0.012261958 0.48937240000000004 0.61206406 0.5687909000000001 0.6817329000000001
3 0.0035074875 0.68271655 0.6599634 0.7375236 0.7833757
8 0.002989537 0.18435276 0.6430649 0.34263188 0.8088375
13 0.002517718 0.4732348 0.62396085 0.5240715 0.6646688000000001
13 0.0020846766 0.47520217 0.6170618 0.53657037 0.6718428000000001
13 0.001980387 0.17160101 0.6860869 0.30829847 0.8847661
13 0.0019160879 0.7375472 0.6889095999999999 0.9623832 0.81817114
13 0.0014195020999999998 0.69747746 0.6481423000000001 0.85342324 0.8619834999999999
13 0.0013537481 0.5143348 0.6434147 0.58849025 0.69203645
8 0.0012099197 0.20304883 0.5987901 0.32610255 0.82815546
13 0.0011397755 0.17414173 0.6110543 0.37231067 0.94506943
13 0.0010574037 0.14602189 0.6002675999999999 0.43972337 0.9048863000000001
5 0.0010009983 0.62493014 0.6944339 0.8653656 0.82158047
13 0.0009553273599999999 0.6720728 0.6858904 0.8768736999999999 0.8204196
13 0.0009425791000000001 0.49222142 0.6212609 0.5730521 0.6834875
13 0.0008808315 0.16969782 0.6759066999999999 0.40345812 0.8227620000000001
9 0.0008144728500000001 0.75407124 0.671671 0.9200357 0.7982825
5 0.00069550966 0.6800435 0.68786335 0.83492786 0.88482106
7 0.0006749337 0.5035550999999999 0.60881114 0.5804568 0.6825809
7 0.00066646305 0.46401232 0.61354995 0.5270965999999999 0.67342836
13 0.0006282855000000001 0.11307048 0.6774604999999999 0.3380499 0.8200854
5 0.0006138393700000001 0.6289059 0.72085303 0.8739654 0.8630469000000001
7 0.0005995089 0.49491286 0.6372926 0.5752102 0.7056414000000001
1 0.00056218693 0.62874377 0.7195323 0.8242285 0.8265222
13 0.0005481949 0.74403626 0.6748729 0.9060808000000001 0.86552376
13 0.00054780237 0.6735707 0.62643516 0.9757332000000001 0.8982732
5 0.00052275957 0.14552101 0.686493 0.3860797 0.96423054
1 0.00052128517 0.6411659000000001 0.6769371 0.79603606 0.81104183
13 0.0004971644 0.20892873 0.66455275 0.37357804 0.8486816999999999
5 0.0004943209999999999 0.100464985 0.6240805 0.36977184 0.9171178
11 0.00048657657999999997 0.524267 0.6358529 0.5697281 0.7081734000000001
11 0.00047217932 0.6935685 0.65793115 0.82161087 0.8502562
2 0.0004616647 0.48034468 0.60777426 0.55027866 0.6607622
6 0.00045687676 0.50634885 0.6477321 0.5941236 0.69706696
2 0.00045464153 0.47372259999999994 0.6141245 0.5341946 0.6569369
13 0.0004487193 0.7008524 0.7163404999999999 0.93943584 0.8401549
1 0.000447795 0.7050390999999999 0.6844151999999999 0.8837301 0.8051083
8 0.00043457767 0.13171813 0.5474616 0.35768306 0.8723459000000001
5 0.00043295970000000003 0.48369825 0.6523965 0.58040345 0.69878167
11 0.00041985675 0.52025133 0.6218544 0.55950016 0.67778873
12 0.00040453268 0.72869945 0.66553724 0.932284 0.79383194
11 0.00039994266000000005 0.7263639000000001 0.59485745 0.82330155 0.8974655
5 0.00039985480000000005 0.13951594 0.63310415 0.28429640000000006 0.8646878
9 0.00037817258000000004 0.8107340999999999 0.6914362 0.9650263000000001 0.8043118
7 0.00037657417 0.04773502 0.46198317 0.3633073 0.9960709000000001
1 0.00037627803999999997 0.07147658 0.5728555000000001 0.32165920000000003 0.8308021000000001
5 0.00035703936 0.5742076 0.7406034 0.95905656 0.9611196
4 0.00035506754999999995 0.7672946999999999 0.6458974000000001 0.9270700999999999 0.8007104
11 0.00035292062000000007 0.18145402 0.6056729999999999 0.26280773 0.8995627
4 0.00034461176 0.5157708 0.63078886 0.58355284 0.70395195
1 0.00034458985 0.6702176999999999 0.7025746 0.80938023 0.8473514999999999
12 0.00033517022 0.5069876 0.6098899 0.58981335 0.6662485
9 0.00033252796999999997 0.19331476 0.57934463 0.35662505 0.91277844
9 0.00032992245 0.51055217 0.62062013 0.5852771999999999 0.67171824
1 0.00032837642 0.13216281 0.7245077 0.26942524 0.8704331
6 0.00032434965 0.49474877 0.61439526 0.5904406999999999 0.67500764
1 0.00032329786 0.47303367 0.63238925 0.5198322 0.6702703000000001
6 0.00032068972000000003 0.46685538 0.62368757 0.5416937 0.66725475
8 0.00031854995 0.45696270000000005 0.5788798 0.59989214 0.6975786
5 0.00031412043999999996 0.45554155 0.62599725 0.527393 0.66728985
9 0.00031375315 0.7959913000000001 0.6864201999999999 0.89968073 0.84578896
9 0.00031360914 0.6978204000000001 0.6651388 0.85038626 0.8056595999999999
13 0.00030862432 0.62930465 0.6869798 0.93749666 0.90537846
6 0.00030777394 0.71510243 0.6520049 0.94262636 0.8099674
5 0.00030542442000000005 0.6585174 0.68860155 0.9317221 0.8099121
6 0.0003033277 0.13029167 0.6853195 0.35218042 0.82714117
11 0.00029799074 0.1961606 0.42640036 0.33168602 0.92907417
10 0.00029658506 0.49989688 0.6113 0.57398057 0.66493666
9 0.00029087572999999997 0.52035034 0.64536875 0.5860510999999999 0.69088084
6 0.0002875916 0.17829385 0.6789165 0.3944395 0.83936214
7 0.00028710492 0.17153317 0.67355657 0.36384618 0.86362904
1 0.00028504775 0.75414735 0.71029794 0.92918056 0.8232859
5 0.00028502932000000003 0.47363590000000005 0.6277835 0.59353554 0.66978055
11 0.00028233349999999996 0.72279614 0.68149143 0.85109454 0.8939447
1 0.000277007 0.68357486 0.6756543 0.8383761000000001 0.8217384
2 0.0002698689 0.5070192 0.63470244 0.5854557 0.68583155
9 0.00026686084999999997 0.70097685 0.62830365 0.98353136 0.8870863000000001
6 0.0002648326 0.67355675 0.72412884 0.90206164 0.85610807
2 0.00026222135 0.5152449 0.6091850999999999 0.5854674 0.65931153
10 0.00026030416 0.74540913 0.63205725 0.88353825 0.7789226
8 0.00025841055 0.67773104 0.67330307 0.72733414 0.7815698
4 0.00025265146 0.52003515 0.6061113 0.58021986 0.6729799
11 0.00024970982000000006 0.48615828 0.6178756999999999 0.5193107 0.6702725
5 0.00024508836 0.092170104 0.66173756 0.34670532 0.8371661
8 0.0002412921 0.6280825 0.18770522 0.8921206 0.79207927
12 0.00024104708 0.7308501000000001 0.6478640999999999 0.86628985 0.8174577
1 0.00024066615000000003 0.49423670000000003 0.62771064 0.5642923000000001 0.6736483
2 0.00023695495999999998 0.6855088 0.603158 1.0 0.89720386
7 0.00023528392000000004 0.124983475 0.67562467 0.3115704 0.855927
11 0.00023024894 0.2340301 0.44087684 0.38347772 1.0
5 0.00022928492000000002 0.08803144 0.6422334 0.4721848 0.87735945
10 0.00022900221000000002 0.7173503999999999 0.62841785 0.82087344 0.80339175
13 0.00022885634 0.6456746999999999 0.6647679 0.8360959000000001 0.8125176
5 0.00022754281000000003 0.7014556 0.70436394 0.8666265 0.91007465
10 0.00022649189 0.511572 0.63580006 0.5851259 0.6994993
5 0.00022257521 0.57142216 0.69413143 1.0 0.9010790000000001
12 0.0002209263 0.19777954 0.5840420999999999 0.3978312 0.725598
8 0.00022016423 0.6600864000000001 0.27778444 0.9222331 0.9417636
10 0.00022014021000000002 0.6932816999999999 0.6436799 0.85344106 0.7761849000000001
12 0.00021587075000000002 0.47713727 0.6160131999999999 0.54908925 0.657221
10 0.00021560662 0.73842865 0.64767 0.8405299999999999 0.84586036
9 0.00021405226000000002 0.63782644 0.5990762 0.89595604 0.8607488999999999
4 0.00020881587 0.82615 0.6419118 0.97180575 0.82633954
2 0.00020873154999999998 0.17821902 0.48368716 0.43038195 0.8619855
10 0.0002060523 0.75709563 0.5819516 0.853741 0.8142694
1 0.00020544278000000002 0.57948476 0.67595553 0.91774815 0.8917318000000001
1 0.00020493078 0.7366060999999999 0.7042851 0.87769246 0.84761775
10 0.00020487064999999999 0.70985514 0.7023874 0.8752585999999999 0.84504324
1 0.00020323855 0.10924728 0.59623 0.35549897 0.902956
7 0.0001998057 0.7319654999999999 0.6324834 0.902515 0.8275389999999999
1 0.00019927886000000003 0.21898133 0.6883623000000001 0.36557138 0.8159192
7 0.00019720009999999998 0.7678718000000001 0.66585875 0.93003935 0.8515377000000001
6 0.00019493891 0.7601640000000001 0.7033558000000001 0.9961325999999999 0.84043896
10 0.00019468111 0.47913983 0.6136786999999999 0.5321170000000001 0.66860706
9 0.00019374273999999997 0.7015114 0.71031505 0.85626435 0.8491685
12 0.00019272881999999998 0.19210705 0.60813355 0.36342344 0.75233287
8 0.00018829868 0.16251549 0.6585064 0.30488402 0.8198068000000001
10 0.00018683016 0.52616245 0.6081649 0.5873746 0.665007
1 0.00018605456999999998 0.5931531 0.63174856 0.9039425999999999 0.83349276
4 0.00018415447 0.7127682 0.65625405 0.8752923 0.80291545
10 0.00018221634999999998 0.82805747 0.64571226 0.95437855 0.8039299
1 0.00018159220000000002 0.13508989 0.6676884 0.28915238 0.7854123000000001
4 0.00018096848000000003 0.4783452 0.6149946 0.5305203000000001 0.6710045
11 0.00017991304 0.73323774 0.49141604 0.98697805 0.9461027
1 0.0001783027 0.13534907 0.71847343 0.30733979999999994 0.8330614
4 0.00017608794999999998 0.4973432 0.6076545999999999 0.54874766 0.6815832
12 0.00017313771 0.78108215 0.7006925 0.95965433 0.8184914000000001
7 0.00017263457999999997 0.19517545 0.6327686 0.396169 0.8380039
10 0.00017193804 0.49759012 0.6017375 0.54951006 0.6725993
11 0.00017012794999999998 0.67899895 0.47226384 0.9379871 0.9993112
12 0.00016820203999999998 0.09319277 0.46006220000000003 0.4178629 0.7961946
9 0.00016810348000000002 0.19121096 0.59429634 0.49755797 0.8675488000000001
9 0.00016740538 0.22221023 0.63759375 0.3959539 0.9505275
1 0.00016590567 0.5074023 0.65625775 0.5708736 0.698572
4 0.00016398716 0.22658499 0.6280047 0.41086954 0.82426614
5 0.00016179268 0.49162197 0.6705123000000001 0.9341096999999999 0.8771898000000001
1 0.00016110297 0.10462021 0.69030255 0.27106363 0.8057489999999999
6 0.0001610299 0.14511107 0.6408517 0.3457908 0.785453
12 0.00015682602 0.23280461 0.67112786 0.40063113 0.8073518
9 0.000155991 0.23135865 0.6719924 0.38465142 0.7979816
1 0.00015552211 0.45893317 0.584687 0.8537013000000001 0.7716576999999999
5 0.00015482093 0.73484117 0.7140896 0.9064180000000001 0.91870046
5 0.00015457393999999998 0.731263 0.7088621999999999 0.9895883 0.8448788
7 0.00015302506999999998 0.6733498 0.6384552 0.85603565 0.83639044
1 0.0001527772 0.20080984 0.7138846999999999 0.35586047 0.834976
4 0.00014996831 0.7603272 0.67098653 0.9274812 0.86910796
7 0.0001487215 0.011950283999999999 0.5495267 0.44616115 0.94444954
11 0.00014871682 0.7846408 0.65908706 0.8816816999999999 0.79372686
9 0.00014751323 0.75840044 0.71309626 0.9223386999999998 0.84234613
4 0.00014630106000000003 0.7142494 0.6926304 0.8778533000000002 0.8592344999999999
9 0.0001430099 0.7310528000000001 0.65318656 0.8361666999999999 0.84778214
12 0.00014239386999999998 0.51388246 0.64060116 0.5937136 0.6861135
12 0.00014098563 0.20828363 0.59367037 0.32689133 0.808298
10 0.00014069534 0.6853043000000001 0.67828476 0.8571861999999999 0.80477595
11 0.00014049419 0.1937826 0.68995893 0.29461545 0.84547395
10 0.00013668623 0.5344909999999999 0.6307581999999999 0.5955058000000001 0.70086926
7 0.0001336749 0.18819517 0.593362 0.36955035 0.7765994
7 0.00013277157 0.6488576 0.7044776 0.8741878000000001 0.8686267
11 0.00013052713 0.21802254 0.60863036 0.29307073 0.88408697
6 0.00012759425 0.46231824 0.61880535 0.56240124 0.67398816
12 0.00012682438 0.76853436 0.6948222 0.8955143 0.840968
3 0.00012674511999999997 0.6915896 0.65913355 0.75313413 0.7513446999999999
13 0.00012665759 0.06996097 0.65622455 0.3709349 0.8852684000000001
7 0.00012578438 0.14042452 0.64365447 0.27570587 0.91324764
11 0.00012569828 0.7550496999999999 0.5782316 0.8371254000000001 0.84899265
10 0.00012516513999999998 0.8104229000000001 0.588775 0.8989308000000001 0.84904605
3 0.00012475108 0.48082554 0.6056984999999999 0.59672475 0.69339514
3 0.00012431858 0.68290174 0.6708853 0.7505758000000001 0.72757757
1 0.00012289986 0.17258836 0.71855676 0.30373788 0.88812584
9 0.00012237121999999999 0.7506765999999999 0.6868599 0.85688084 0.8701878000000001
5 0.00012155549999999999 0.08963128 0.6705561999999999 0.31423828 0.9659840000000001
1 0.00012151405 0.16877715 0.63232 0.32354516 0.7527649000000001
11 0.00011924321000000001 0.16221946 0.66168654 0.25310743 0.8122467
9 0.00011872663 0.48262897 0.62078214 0.53434175 0.6604502
10 0.00011835912 0.78330195 0.60295135 0.8743367 0.8483437
8 0.00011829415000000001 0.6962936 0.5373544 0.90056574 0.872324
9 0.00011714976000000001 0.70685166 0.682897 0.8118407 0.8847681000000001
5 0.000115803225 0.11356269599999999 0.6389123999999999 0.32871085 0.7659209
13 0.000113605594 0.6915332 0.6461842 0.9376956 1.0
4 0.00011171629999999999 0.7768719000000001 0.5948241 1.0 0.92729706
9 0.00011027163999999999 0.21941489 0.62447816 0.38186657 0.75052214
11 0.00010934211600000001 0.51016897 0.6081094 0.5515842 0.6762862
9 0.00010800312 0.24300319 0.6513183000000001 0.41192907 0.7766768000000001
7 0.00010691503 0.5424876000000001 0.56407815 0.99253297 0.9519154000000001
11 0.00010640416999999999 0.773913 0.59083945 0.85189176 0.8874618000000001
11 0.00010609739499999999 0.21337488 0.517129 0.42024752 0.90162843
13 0.00010513348999999998 0.16355571 0.61571074 0.36999413 0.8018913000000001
6 0.000102205646 0.71956855 0.7250496999999999 0.95347744 0.8690453000000001
9 0.00010217266 0.79552627 0.71677303 0.9577683000000001 0.8326473
11 0.000101824866 0.54533124 0.6364774000000001 0.5902345 0.7080231
6 0.00010150835999999999 0.18002194 0.6073035 0.35831857 0.76004064
2 0.00010113037599999999 0.12897067 0.49062186 0.5016807 0.79394686
3 0.00010108446 0.678547 0.6348236999999999 0.8532015 0.78555095
1 9.986279e-05 0.51561224 0.6266712 0.57859504 0.6716035
11 9.736108e-05 0.50175905 0.61047685 0.53911674 0.6757785
2 9.729231e-05 0.76079 0.63083214 0.9136709000000001 0.7797727
4 9.704209999999999e-05 0.53908306 0.6060791999999999 0.5955015 0.6731371
4 9.578014600000001e-05 0.23034978 0.55042607 0.44967854 0.9678674999999999
9 9.5107804e-05 0.49049228 0.62166053 0.5594519 0.66695
7 9.399434999999999e-05 0.48400158 0.6136512 0.560756 0.68055826
12 9.377180000000001e-05 0.5320738 0.5547536 1.0 0.8077249
9 9.374143e-05 0.18318489 0.6676356999999999 0.32083390000000006 0.8063133000000001
12 9.218999e-05 0.24568032 0.6559519 0.35723119999999997 0.82258
4 9.140025e-05 0.80400205 0.66625637 0.95267713 0.85530615
4 9.129723e-05 0.7958613 0.60903114 0.9048470999999999 0.8686162000000001
13 9.111743e-05 0.22148904 0.61332965 0.32693496 0.89662814
1 9.108982e-05 0.5238679 0.65698546 0.5863921 0.6986906999999999
11 8.8552384e-05 0.80640805 0.6013821999999999 0.88201714 0.88150924
11 8.837978999999999e-05 0.6400278 0.4784392 0.8789714 0.9164774
11 8.799861e-05 0.77979535 0.6788639 0.8863966999999999 0.8847914000000001
8 8.722561e-05 0.16531555 0.19627121 0.47205794 0.8716056999999999
9 8.700656999999999e-05 0.15903236 0.55428 0.42151457 0.8513466000000001
1 8.530976999999999e-05 0.63422537 0.64704037 0.80794096 0.75214607
11 8.4640415e-05 0.8385748 0.6583408000000001 0.9335336999999999 0.8278992000000001
9 8.446724e-05 0.6879999 0.65631455 0.793925 0.855331
7 8.257438e-05 0.1435329 0.6181137 0.32360637 0.80211824
5 8.151416999999999e-05 0.17498896 0.6108988000000001 0.32621184 0.82893485
2 8.0959246e-05 0.7824005 0.6565335 0.9346261999999999 0.81743234
11 8.054323000000001e-05 0.5421607 0.6168156 0.5824749 0.6742719
6 7.944816e-05 0.7020635999999999 0.69106275 0.92487997 0.8423893
2 7.738366e-05 0.49742067 0.6118812 0.5672668000000001 0.6629111
1 7.7274235e-05 0.17190892 0.6528036 0.30455476 0.823392
2 7.363387e-05 0.77566135 0.62168413 0.8871256 0.8515556999999999
5 7.258199e-05 0.6402339 0.7086816 0.89737475 0.97819394
2 7.221998000000001e-05 0.69239926 0.51370066 1.0 0.8246768
1 7.183107e-05 0.011193663000000001 0.5506085999999999 0.37402356 0.7729895999999999
6 7.177821999999999e-05 0.6638911 0.64804864 0.86596584 0.82291317
1 7.110751e-05 0.7011416 0.7446914000000001 0.8954632 0.85400695
12 6.987439999999999e-05 0.6899098000000001 0.622017 0.87148297 0.7645889
1 6.981819e-05 0.12871024 0.6252835999999999 0.29020068 0.73771584
11 6.975311e-05 0.19054094 0.65881103 0.26224962 0.7848664000000001
11 6.88093e-05 0.2511555 0.68983936 0.338659 0.84777975
2 6.867925e-05 0.6884794 0.6578869 0.8663714 0.77716535
7 6.8135974e-05 0.21745259 0.5819581 0.35217547 0.89449495
12 6.811635000000001e-05 0.20165566 0.6400968 0.30753872 0.8632502000000001
11 6.745993e-05 0.75646037 0.38944609999999996 0.92128974 1.0
4 6.730270000000001e-05 0.1648564 0.6523419 0.37702158 0.8224454
13 6.600946999999999e-05 0.18797211 0.63079953 0.28957438 0.91361797
7 6.550341e-05 0.16910611 0.64957345 0.31282198 0.903761
5 6.529284e-05 0.6946175 0.73066825 0.97053087 0.8720277
2 6.514677e-05 0.7197418000000001 0.6350944000000001 0.8837929 0.7513072
6 6.485039e-05 0.07106504 0.5409956 0.43238649999999995 0.9131248
7 6.379889e-05 0.729342 0.69795346 0.92240393 0.8706729999999999
8 6.37749e-05 0.07471819 0.5192558 0.5207251 0.97716904
10 6.234458000000001e-05 0.21691556 0.62556386 0.3856715 0.8024637
8 6.181691999999999e-05 0.6589195999999999 0.64227426 0.8167956999999999 0.78213876
4 6.173586e-05 0.25946929999999996 0.56196034 0.37962613 0.8117536999999999
9 6.1572224e-05 0.7158960999999999 0.6509140999999999 0.8969494 0.96980864
2 6.0301549999999995e-05 0.70171624 0.6943079000000001 0.8857443000000002 0.8062593000000001
1 5.9438269999999994e-05 0.0 0.57821006 0.30407807 0.7922235
5 5.9146874e-05 0.6885475000000001 0.7480435999999999 0.92449903 1.0
6 5.8091548e-05 0.57823956 0.6879052 1.0 0.94216
2 5.791043399999999e-05 0.7314034 0.63098764 0.85063654 0.7917225
13 5.7833822e-05 0.67052305 0.6901455 0.73199606 0.78079885
10 5.6776334999999996e-05 0.8035041999999999 0.6675444 0.9494362 0.848642
11 5.549129e-05 0.17235425 0.491146 0.3505098 0.8434524
1 5.4413347000000005e-05 0.58696306 0.7009373999999999 0.7821956999999999 0.8000208000000001
9 5.4088665e-05 0.26971325 0.63220924 0.3747467 0.7976635999999999
4 5.395964e-05 0.18586832 0.5232985 0.40812248 0.8867828000000001
8 5.3539790000000005e-05 0.5634346 0.24628304 0.8599129999999999 0.9460181000000001
10 5.3330357e-05 0.7528399 0.6799753000000001 0.91899693 0.8536517
12 5.3307303e-05 0.18338937 0.6522839 0.32475668 0.78070176
8 5.2813581999999996e-05 0.5989243000000001 0.5689209 0.8621396000000001 0.90030074
10 5.0659615000000006e-05 0.77218264 0.64380324 0.9159983 0.81035006
4 5.0485607e-05 0.74236685 0.6203219 0.86325127 0.8350764999999999
12 4.9820097e-05 0.49539176 0.61630934 0.5679974 0.66831946
10 4.9594799999999995e-05 0.74309784 0.45660317 1.0 0.92727315
8 4.9529874e-05 0.04960698 0.24476807 0.35718548 0.9999808000000001
12 4.8968053e-05 0.21918783 0.6492772 0.33523217 0.83422065
7 4.790992e-05 0.71434927 0.6308255 0.86658895 0.8980746
5 4.764247e-05 0.6287625 0.6707141 0.8515306999999999 0.7758214
2 4.7629116999999994e-05 0.7474 0.5074895 0.98206824 0.94251263
6 4.7386646000000004e-05 0.57725036 0.61056954 1.0 0.88620657
10 4.5721080000000004e-05 0.17517560000000001 0.60173297 0.34093326 0.7437813
5 4.5658144e-05 0.15798394 0.64066786 0.41069597 0.8203822000000001
9 4.4639512999999994e-05 0.2501019 0.6097309 0.35565266 0.77887803
1 4.4461634e-05 0.18626610000000002 0.6920850000000001 0.32614937 0.85319585
11 4.4047636e-05 0.7951241 0.6630303000000001 0.8935643 0.8387546999999999
10 4.3347256e-05 0.17840677 0.67098206 0.30276495 0.8660211999999999
1 4.2659227e-05 0.20226946 0.65473646 0.33567002 0.8143696
10 4.2517470000000005e-05 0.19134143 0.38045076 0.42069182 0.9806916999999999
12 4.1719617e-05 0.24735904 0.60938066 0.43402123 0.7648941
11 4.1171876e-05 0.28380212 0.42970246 0.43059382 0.9486645
8 4.114955e-05 0.17794861 0.43793282 0.5002805 0.9163222
9 4.105947e-05 0.18601912 0.62700206 0.33158535 0.7699986999999999
4 4.0866908e-05 0.22563219 0.5852248000000001 0.3836791 0.72124267
2 4.0529147e-05 0.21669206 0.62728477 0.38042070000000006 0.7727476
4 4.0358827000000005e-05 0.7249675 0.5966521 0.97690964 0.9311193000000001
11 4.015841e-05 0.81871456 0.6674372 0.924869 0.87279373
