3 0.9822879999999999 0.61663973 0.60136986 0.6859603 0.68444425
8 0.0022047185 0.58417183 0.575982 0.62272435 0.60525304
8 0.0017474404 0.124121316 0.5748164000000001 0.15959245 0.6115416
3 0.00161654 0.58372647 0.57392466 0.615688 0.6050186
8 0.0014710762 0.62112564 0.5889597 0.67541677 0.68115455
13 0.0012938285 0.618313 0.62331814 0.6999951999999999 0.68223256
13 0.001091994 0.58748436 0.5669388000000001 0.63564074 0.60575926
3 0.0008640036 0.12518099 0.5751717 0.16251546 0.6109798000000001
13 0.0007939144 0.57856053 0.5746387 0.62175983 0.60416967
8 0.000734408 0.47826892 0.5674262 0.5210504 0.59531796
8 0.0007099195 0.5470691999999999 0.5745406999999999 0.58504677 0.6007059
3 0.0006499510500000001 0.54893184 0.57320964 0.58493006 0.60557127
3 0.00061472115 0.47912246 0.569842 0.52144223 0.5979793999999999
3 0.0005031342 0.60561234 0.6207335 0.6891615 0.69596934
8 0.00044525287000000003 0.13974560000000003 0.57486105 0.18044233 0.6077618
13 0.00043722722000000004 0.61801976 0.59825397 0.6882183000000001 0.6887517
13 0.00043347739999999996 0.5429020999999999 0.5698482 0.5896256 0.60545117
6 0.00041873634 0.6215639000000001 0.61728036 0.7169478 0.67288077
3 0.00041219294999999997 0.5705084 0.59258157 0.69859236 0.70003045
7 0.00040722272000000005 0.6220275 0.61099494 0.6981193 0.68047386
8 0.0003970705 0.48272020000000004 0.5543778 0.51859206 0.5782236999999999
6 0.00035268022000000006 0.5993036999999999 0.61875117 0.68056047 0.66806144
13 0.00034292828 0.119222715 0.56935775 0.16253076 0.6121795
8 0.00032843574 0.1527983 0.574847 0.19317731 0.6041653
3 0.00030349425 0.48225492 0.55273134 0.5188599 0.579734
13 0.00029571517 0.47596094 0.5689254 0.5255028 0.60311514
3 0.00028829207000000004 0.600641 0.58963436 0.6772566999999999 0.6658019000000001
8 0.0002713698 0.62946683 0.6063455 0.67200464 0.68856174
7 0.00026773158 0.60197747 0.6060594 0.68203664 0.68919384
8 0.0002447439 0.6157735 0.6231916000000001 0.6758122 0.6834191999999999
8 0.00024205728999999998 0.5607472 0.55823314 0.713849 0.6923545999999999
3 0.00023600299 0.15187941 0.57419324 0.19883282 0.6069209
12 0.00022502748 0.6399759 0.6075773 0.70599747 0.66609395
3 0.00021603647 0.13946502 0.57485783 0.18574457 0.6100214
13 0.00020880166000000001 0.6155884 0.61696064 0.6791893 0.7099611
5 0.00020217965 0.5777241 0.61469007 0.6719271 0.6760364000000001
3 0.00018937227 0.60777664 0.6000641 0.6610545 0.6953694
13 0.00018456953999999997 0.47970974 0.5447101 0.5276021 0.57993996
1 0.00018366616999999997 0.5936508 0.6302755 0.6620541999999999 0.67393506
8 0.00018129665 0.6038413 0.59696645 0.6660609000000001 0.68695086
12 0.00017514292000000002 0.6322105 0.5648767 0.6885445 0.65094316
1 0.00016796200000000002 0.636247 0.6312134 0.69777924 0.6776201
12 0.00016445023000000002 0.616239 0.6082786 0.6768307 0.66355145
7 0.0001633837 0.6287568 0.57731783 0.6873705 0.6735121999999999
10 0.00015772296999999998 0.6304786 0.60262865 0.6997013000000001 0.6703559
11 0.00015512582 0.61584175 0.61538553 0.65488124 0.6755568000000001
4 0.00013063016999999999 0.64210296 0.5952621 0.70550597 0.6736828
13 0.00011868606000000001 0.63513476 0.6068083000000001 0.6747052 0.72400993
7 0.00011103258999999998 0.6234046999999999 0.5908185 0.6880581 0.70893246
13 0.000110229856 0.01572277 0.5379851 0.048822794 0.58167386
9 0.000102669794 0.6364353 0.5852496 0.6943170999999999 0.65684915
7 9.99012e-05 0.61058414 0.5740706 0.66818035 0.67946017
8 9.849423000000001e-05 0.11869094 0.20410067 0.414901 0.90761805
10 9.741895000000001e-05 0.59486306 0.6133417 0.6751933000000001 0.6681520000000001
1 9.431834000000001e-05 0.61298 0.63143194 0.6808543 0.68016654
13 9.1374146e-05 0.6219603 0.60445744 0.66281724 0.72465795
9 9.024267e-05 0.6230284 0.6059419 0.6888429 0.6615504
7 8.974968e-05 0.6040026 0.5875722 0.67274785 0.7141684
9 8.865700500000001e-05 0.63591075 0.6099805 0.70640385 0.66214544
8 8.429188e-05 0.6252147 0.14920564 0.8820287 0.71346325
10 7.918974e-05 0.63087106 0.57193077 0.68645656 0.6550045
5 7.640427e-05 0.6018913 0.6106335999999999 0.67387104 0.7005263
13 7.623348e-05 0.6031679 0.5969129 0.679345 0.6635137
6 7.528286e-05 0.62327087 0.5814043000000001 0.6938652 0.66474617
2 7.378404e-05 0.59252286 0.56250954 0.64700663 0.6029835
5 7.312972e-05 0.6139945 0.6084996 0.70780945 0.68121594
11 7.23635e-05 0.6270861999999999 0.6211708 0.6687451 0.67773217
1 7.216332599999999e-05 0.6061965 0.5920112 0.66581607 0.6543296
1 7.187282e-05 0.6270123000000001 0.5934994 0.6821676999999999 0.6590491999999999
5 7.164977e-05 0.6043231 0.59748715 0.6756671999999999 0.6685031
8 7.1492206e-05 0.016063904 0.6473350999999999 0.036781937 0.6872191999999999
3 7.137202e-05 0.15342358 0.29058525 0.4617255 0.96113414
7 6.897404000000001e-05 0.56365293 0.5695523 0.6133124 0.6090429
2 6.602852e-05 0.62972814 0.6045282 0.70749444 0.6619964
1 6.350626999999999e-05 0.11624151 0.5766738 0.15982409 0.60397756
9 6.249672e-05 0.6208600999999999 0.58178395 0.6754252 0.6607321
1 6.158189e-05 0.56821066 0.5746808000000001 0.61053735 0.5977296
9 6.1216364e-05 0.60997653 0.6056933000000001 0.66943157 0.6654883
2 5.7978280000000006e-05 0.1276846 0.5652710999999999 0.17262957 0.5994172
4 5.6842364e-05 0.64131045 0.5659019000000001 0.6954018 0.6534684000000001
13 5.593665e-05 0.57213897 0.0 0.9564210999999999 0.55633086
2 5.51432e-05 0.5791761999999999 0.56481785 0.63524115 0.600579
11 5.4842505e-05 0.6497786999999999 0.61678493 0.6902486999999999 0.67571795
6 5.4677609999999994e-05 0.5711625 0.57786757 0.6221308000000001 0.60551596
8 5.4348406000000006e-05 0.013153818000000001 0.619203 0.032537784 0.6633439999999999
7 5.4292672e-05 0.5747711 0.56648505 0.6321102 0.6092674
5 5.2714262e-05 0.61807966 0.61131495 0.65698504 0.7192997
8 5.2683554000000006e-05 0.60149944 0.10509799 0.8696915000000001 0.5094278
9 5.2183692e-05 0.5872115 0.5715786 0.6217668000000001 0.60954875
13 5.172472799999999e-05 0.0 0.0 0.44394097 0.50459003
5 5.126762e-05 0.560116 0.5789799 0.620714 0.6074329
8 5.1248230000000004e-05 0.16806164 0.57410246 0.2082937 0.60283816
13 4.9764796e-05 0.39197215 0.0047734403 0.9437194 0.35103038
9 4.930022e-05 0.12872112 0.57641613 0.17589432 0.60983133
11 4.9068744999999996e-05 0.6270249 0.58736694 0.65725553 0.6622678000000001
12 4.719141e-05 0.63249373 0.5950854999999999 0.687603 0.67864543
8 4.7142362999999997e-05 0.02536624 0.6011441999999999 0.20267349999999998 0.9509754
1 4.6130892e-05 0.6062699 0.6245252 0.66626674 0.6908306
13 4.5767737999999996e-05 0.6136639 0.64235735 0.6896483 0.692553
5 4.5411004999999996e-05 0.6221145 0.5949098 0.6939731 0.66842467
13 4.538376e-05 0.59496486 0.6113811 0.66827834 0.70857924
7 4.4853356999999996e-05 0.114395425 0.569847 0.16817157 0.60751575
13 4.4076758e-05 0.14924164 0.5696087 0.19376089 0.61034983
3 4.3392309999999995e-05 0.2555641 0.5721771 0.31432372 0.6136083999999999
13 4.3178035e-05 0.09090412 0.029277503 0.43892372 1.0
11 4.2977226000000004e-05 0.64527625 0.58906215 0.67596394 0.66403794
8 4.230876e-05 0.21458666 0.24635059 0.5072982 0.8726785
8 4.1770116e-05 0.5591560999999999 0.5769806 0.6014969 0.6013158000000001
2 4.134564e-05 0.6004187 0.6062767 0.6859642 0.6576174
11 3.978689e-05 0.62568974 0.5946849 0.66003776 0.69484496
11 3.9226794e-05 0.58851135 0.5683331 0.61170423 0.6088210000000001
3 3.922413e-05 0.60392964 0.59408194 0.7420038 0.7048321
9 3.8667167e-05 0.60113037 0.5725724 0.64017916 0.6097371
13 3.7816717e-05 0.0 0.4839812 0.21513978 1.0
8 3.7462712e-05 0.5358904999999999 0.12732639999999998 0.8066924 0.63971853
1 3.7120568e-05 0.630181 0.627269 0.6851174 0.69550663
8 3.679478e-05 0.11712873 0.62383777 0.50768715 0.9377032
1 3.6418964999999996e-05 0.58440894 0.5754994000000001 0.62438804 0.6031361999999999
6 3.6312150000000004e-05 0.6065043999999999 0.60234153 0.6847572 0.69462115
8 3.552323e-05 0.48598036 0.07900879 0.8295138000000001 0.45630363
4 3.5062832e-05 0.6069571 0.59660673 0.6743057 0.6697619
8 3.5062698e-05 0.11015384 0.07810099 0.47653848 0.48400497
8 3.488199e-05 0.58962417 0.06480457 0.8603059000000001 0.32362375
12 3.44425e-05 0.6198655 0.59214777 0.6738765999999999 0.6778486
10 3.4356635e-05 0.6152152 0.5766309000000001 0.67444885 0.6564932
13 3.4149773e-05 0.13325492 0.5710344 0.17712423 0.6116322
5 3.379259e-05 0.57493854 0.57906485 0.6393349 0.60681283
8 3.285950999999999e-05 0.43024534 0.060215842 0.8107521 0.32191136
13 3.2698725e-05 0.011275401 0.6409859 0.038450292999999997 0.6905901999999999
6 3.2017946e-05 0.11915995 0.5736872 0.16791813 0.6070139
13 3.2016636e-05 0.55185133 0.5970323000000001 0.7265455 0.7331885
7 3.127303e-05 0.6150109 0.5905982 0.6820676999999999 0.64893687
2 3.0879614999999996e-05 0.6365708000000001 0.56632614 0.69920063 0.65073913
7 3.0540333999999996e-05 0.5300282 0.5669156 0.5822513000000001 0.60874355
7 3.0375106e-05 0.6096374 0.64061683 0.67438567 0.709126
8 2.9260193e-05 0.60289544 0.56207186 0.74397284 0.69564044
2 2.9256430999999998e-05 0.54812884 0.5646352 0.601827 0.60038424
2 2.91741e-05 0.48263842 0.56629753 0.53637594 0.6016859
8 2.8999311e-05 0.021388092999999997 0.54775375 0.04180202 0.5809226
3 2.8805074e-05 0.019664532 0.5507619 0.044108108 0.5786177
1 2.85381e-05 0.53625643 0.5740630999999999 0.5817815 0.60159194
3 2.771172e-05 0.25042117 0.27236083 0.5727789000000001 0.94706166
8 2.7539640000000003e-05 0.53313404 0.5727365 0.57425874 0.6045924
13 2.7476384e-05 0.46680763 0.0050423266 0.9345926999999999 0.16768984
8 2.7450677999999998e-05 0.04206188 0.04587339 0.42564118 0.34559545
5 2.647037e-05 0.1110585 0.5838061 0.16807398 0.60562176
3 2.6080448e-05 0.16764332 0.57461345 0.21409879999999998 0.6065046
8 2.5870952999999998e-05 0.25305936 0.5764130000000001 0.30606416 0.6083965
8 2.570212e-05 0.5082545 0.02842246 0.8286983 0.16418359
8 2.5585028000000003e-05 0.044097945 0.56359524 0.28472203 0.93059593
7 2.4899526000000002e-05 0.63569516 0.5854934 0.673225 0.7273195
1 2.4791493999999998e-05 0.47138774 0.57149065 0.5164581 0.60031444
3 2.3885237e-05 0.015833031 0.6498685000000001 0.039155167000000005 0.69771636
12 2.3881305e-05 0.64120334 0.58981305 0.67138153 0.69369996
8 2.3798600000000003e-05 0.105571076 0.107217886 0.37705237 0.63271743
9 2.3576846e-05 0.63874084 0.6044393 0.69351655 0.677503
3 2.2548138e-05 0.58556676 0.60052586 0.6740068 0.69344157
2 2.2399325e-05 0.63413244 0.5869867 0.69220334 0.67796373
9 2.2296768000000002e-05 0.4916104 0.54692864 0.5302813 0.5854326999999999
9 2.2101718e-05 0.55249214 0.56914735 0.5892848 0.6115794
8 2.2081255999999998e-05 0.02346883 0.40690878 0.26975079999999996 0.95390487
3 2.1887633999999997e-05 0.55909514 0.5747345 0.605507 0.60513425
2 2.1697178e-05 0.6208334 0.56493545 0.68956745 0.6379345999999999
3 2.1601305000000003e-05 0.57210255 0.61113214 0.7218573 0.7232093
7 2.1396463e-05 0.46479508 0.56216204 0.5221854 0.61114556
2 2.1385470000000002e-05 0.61637795 0.58489686 0.68141127 0.6721288000000001
12 2.1311855000000002e-05 0.12528503 0.56672096 0.17367852 0.6012026999999999
6 2.1266243e-05 0.58181316 0.57431805 0.63962525 0.60633487
6 2.1012265000000003e-05 0.61419064 0.5949476 0.68234557 0.6444588000000001
13 2.0419792999999998e-05 0.6517854000000001 0.00052035786 0.9750514000000001 0.16118321
10 2.0361158e-05 0.6341958000000001 0.5860953000000001 0.6914145 0.6932822
1 2.0101104e-05 0.6175385999999999 0.6117914000000001 0.65520394 0.68836534
3 1.9706113e-05 0.63341904 0.5906366999999999 0.69559646 0.6611630999999999
9 1.9474717e-05 0.6246603000000001 0.6032185999999999 0.67127615 0.6847489
5 1.8950775e-05 0.4698115 0.57604015 0.52164686 0.6068357
12 1.8893825e-05 0.58364886 0.5644923000000001 0.6253875 0.5962906
13 1.8757604e-05 0.55303633 0.57174283 0.61022866 0.6046354
8 1.8312094e-05 0.6800566 0.031047171000000002 0.8900899999999999 0.16227175
5 1.8272327000000002e-05 0.5310623999999999 0.57824624 0.5873248999999999 0.6067668
13 1.824303e-05 0.13337633 0.0 0.64934754 0.52501565
13 1.8217675e-05 0.20079094 0.0 0.5621759 1.0
3 1.819047e-05 0.08637178 0.13801013 0.50470555 0.48854843
11 1.8006313e-05 0.64622396 0.5972807 0.67998844 0.6921904000000001
3 1.7933575000000002e-05 0.030537217999999998 0.6311602 0.23149577 0.9802017
4 1.7855424e-05 0.13856806 0.5747995 0.16884394 0.6046626
1 1.7824748e-05 0.6388528 0.61556464 0.6721991 0.6995076
3 1.7820143e-05 0.5346463 0.5724491 0.5764644 0.606351
1 1.779111e-05 0.611516 0.59758 0.6703074 0.6396016999999999
8 1.7754435e-05 0.011416688999999999 0.6867807 0.3069663 0.9780045
4 1.7642777e-05 0.62254965 0.56914073 0.6797477 0.64995265
13 1.762005e-05 0.5060902 0.0 0.87213403 0.69818604
12 1.7279823e-05 0.5918828 0.5603326999999999 0.6382066 0.59696615
13 1.6929445e-05 0.09941271 0.0 0.8066683000000001 0.36101484
11 1.6909273e-05 0.63345206 0.5679099 0.6545186 0.7090353
13 1.6831072999999998e-05 0.67427707 0.0 0.97577846 0.46583703
12 1.6800677e-05 0.6278915 0.57973844 0.6591581999999999 0.6993218000000001
8 1.674569e-05 0.6030234 0.57671756 0.64029026 0.6045743
13 1.6582397e-05 0.06456627 0.47935623 0.5431904000000001 1.0
3 1.6455572999999998e-05 0.62381643 0.14863886 0.95204765 0.57327604
10 1.6384614e-05 0.5894087 0.5668598000000001 0.6261005000000001 0.60938185
5 1.637845e-05 0.63526225 0.6189325 0.6738199 0.7276878000000001
8 1.6257666999999998e-05 0.0 0.68459344 0.5911791000000001 0.9738821
6 1.5788488e-05 0.47087064 0.57840616 0.53256726 0.60757756
11 1.574985e-05 0.6054608 0.56840736 0.6299055 0.6093764
13 1.5596384e-05 0.5260164 0.57237947 0.5761753000000001 0.605847
7 1.4896304e-05 0.6185102 0.579326 0.6596542 0.72692573
8 1.4837760000000001e-05 0.24729210000000001 0.4441354 0.7616109000000001 0.9272189000000001
8 1.4522499000000001e-05 0.50622267 0.25982124 0.7941795 0.91269785
8 1.4262006e-05 0.35526913 0.27027556 0.6410615 0.88039744
8 1.4180084999999999e-05 0.04373403 0.060725737 0.30022484 0.49667567
6 1.4149183e-05 0.6078226 0.64910215 0.70275384 0.6943484999999999
2 1.3900289e-05 0.6415781999999999 0.5835661999999999 0.67474866 0.6977708
9 1.3748262e-05 0.48891759999999995 0.5679294 0.53174365 0.6081524
10 1.3721467e-05 0.6487415 0.5791980999999999 0.6747494 0.71504647
3 1.3603199999999999e-05 0.21926679 0.59908396 0.63954675 0.97511923
13 1.3433887e-05 0.5735944000000001 0.5752111999999999 0.70265585 0.7967953000000001
6 1.3430309e-05 0.5354574000000001 0.57746404 0.5946673000000001 0.6063917
8 1.3218984e-05 0.6031994 0.58865756 0.6546498000000001 0.6630571
3 1.3196312e-05 0.64722127 0.19677039999999998 0.96174496 0.7913714
10 1.3074425000000001e-05 0.13195704 0.56601954 0.17361845 0.61063915
8 1.2868752e-05 0.029578239 0.19345388 0.19019209 0.9747722
3 1.2864956e-05 0.5716273000000001 0.17517175 0.8887833 0.70283043
5 1.2823523999999999e-05 0.5851135000000001 0.6178798000000001 0.65699863 0.69957405
3 1.2673394e-05 0.19133513 0.22484277 0.5192988000000001 0.82284486
9 1.2555627e-05 0.62597823 0.5955116 0.69076777 0.64702135
4 1.2519348e-05 0.6424623 0.5756338000000001 0.6764439 0.6879400999999999
3 1.2397054000000001e-05 0.07886121 0.6735724000000001 0.68514895 0.9810456
13 1.2302345e-05 0.24734886 0.5648614000000001 0.31122053 0.61310965
11 1.22157935e-05 0.13528557 0.57423997 0.15962867 0.60738444
3 1.2081838e-05 0.49332250000000005 0.09158048 0.9611801999999999 0.34817055
13 1.2080153e-05 0.012418304 0.5588198 0.045834426 0.60565037
5 1.1962831000000002e-05 0.05005914 0.116448075 0.41951698 0.32205984
3 1.1911502e-05 0.040796413999999996 0.7324438 0.36209947 0.99903405
4 1.1841573000000001e-05 0.6045548000000001 0.57682914 0.63934815 0.6057535
13 1.1781221499999999e-05 0.0 0.6073199 0.6345404 1.0
8 1.1774343e-05 0.38822204 0.5738655 0.43130219999999997 0.6053548000000001
5 1.1423106e-05 0.10757621 0.36195537 0.41390836 1.0
3 1.1370389e-05 0.31911385 0.28977525 0.651987 0.99212384
8 1.1298755000000001e-05 0.6097319999999999 0.5994105 0.6473147 0.6924762
8 1.1244557999999999e-05 0.13325554 0.066912234 0.66814286 0.32852232
3 1.121333e-05 0.06593020000000001 0.08999301 0.5519145000000001 0.34088638
8 1.1039909e-05 0.69423836 0.0949026 0.90817374 0.45489767
10 1.1038099e-05 0.6162669 0.5986433000000001 0.6785346999999999 0.69801784
8 1.0914025999999999e-05 0.38332444 0.18532938 0.6525063 0.6977669
8 1.046339e-05 0.1777872 0.16596061 0.4618804 0.7396315
8 1.0333601000000002e-05 0.4006823 0.57325524 0.4444907 0.6031994
13 1.0281963000000001e-05 0.32731035 0.0 0.80869174 0.5330539000000001
3 1.0267129e-05 0.24529573 0.59376645 0.3176107 0.6416063
11 1.0223469e-05 0.5582813 0.57078516 0.5828643 0.60842794
2 1.0091992e-05 0.62853575 0.583562 0.69663954 0.63077724
13 1.0053465e-05 0.0 0.62588525 0.30025359999999995 1.0
10 1.0039455e-05 0.6138978 0.5910477 0.68173945 0.64004916
5 1.0025375e-05 0.0418102 0.15385863 0.40710342 0.46593362
9 9.950663e-06 0.52291346 0.013360661999999999 0.9473249 0.38217434
10 9.9003855e-06 0.60638595 0.5593541 0.641307 0.61493343
3 9.86085e-06 0.04304616 0.58729345 0.33609962 0.9611940000000001
9 9.735312000000001e-06 0.5574545 0.0068307496 0.93062156 0.18528447
9 9.460092e-06 0.67580867 0.008467089 0.98230624 0.6404674
1 9.391188e-06 0.12664622 0.57558656 0.17477995 0.6016733
1 9.307501999999999e-06 0.47627723 0.54729295 0.517323 0.57224053
8 9.279625e-06 0.30113456 0.1744902 0.58192813 0.7452225
13 9.141861e-06 0.52540827 0.57701206 0.70678616 0.70981264
3 9.074759e-06 0.5268424 0.042770445 0.95170826 0.1739052
3 9.042264e-06 0.21996500000000002 0.5936431 0.27104829999999996 0.6429229999999999
1 8.978552e-06 0.14394608 0.5766149 0.18954822 0.60287976
8 8.917625000000001e-06 0.37253392 0.08852512 0.7429866999999999 0.46283028
3 8.903727e-06 0.59804034 0.5752016 0.64111423 0.6076581
13 8.838225e-06 0.65713596 0.0 0.9612440999999999 0.8110944
8 8.830229e-06 0.49196579999999995 0.568619 0.5315922 0.59836406
10 8.816245e-06 0.6323898 0.59537303 0.66094875 0.71309763
13 8.511229e-06 0.0 0.00803169 0.27453345 0.16648956
8 8.3018485e-06 0.41645214 0.57324743 0.45793113 0.6004351
13 8.204346000000001e-06 0.33520693 0.0039977897 0.7862880999999999 0.17200635
8 8.204292e-06 0.22397389 0.59562963 0.27484359999999997 0.633463
13 8.153152e-06 0.0 0.24192955 0.28055602 1.0
7 8.0251375e-06 0.47658370000000005 0.54247934 0.5220085999999999 0.57912797
12 7.948541e-06 0.54937595 0.56018317 0.59797734 0.5988883
8 7.7156665e-06 0.47489380000000003 0.1598282 0.7586801 0.6796111
8 7.6044209999999995e-06 0.24590153 0.59529465 0.30289733 0.6324010999999999
3 7.573013e-06 0.16177543 0.17402875 0.4714195 0.6645533
6 7.500052599999999e-06 0.6298775 0.61292124 0.6842938000000001 0.71754414
13 7.349699000000001e-06 0.59566396 0.5673875 0.65192014 0.6094001
8 7.2904677e-06 0.040976614 0.14936322 0.31303909999999996 0.8676158000000002
2 7.2763305e-06 0.014915716 0.6441361999999999 0.04852784 0.686767
11 7.220751700000001e-06 0.49309495 0.5649393 0.52033937 0.60930157
4 7.136342e-06 0.58620304 0.57654506 0.6202857 0.59983563
9 7.1298687000000005e-06 0.6447635 0.604406 0.676254 0.69905084
8 6.9912235e-06 0.35700002 0.03010327 0.68909967 0.16160460000000001
5 6.935513999999999e-06 0.47543090000000005 0.55662173 0.5265263000000001 0.5788302
13 6.9311710000000005e-06 0.48530029999999996 0.56693816 0.5401180999999999 0.6025748000000001
8 6.923803e-06 0.24687168 0.095429845 0.631961 0.45739719999999995
8 6.8299055e-06 0.63410354 0.22910446 0.90258527 0.94920945
13 6.826974000000001e-06 0.16198985 0.56967986 0.20936157 0.6088140000000001
5 6.821891500000001e-06 0.5244613 0.11844971 0.92906684 0.32923573
8 6.779087500000001e-06 0.019544177 0.013949458999999999 0.24055442 0.16919743
1 6.767976599999999e-06 0.5858331999999999 0.62153596 0.64861906 0.67834073
12 6.6224643e-06 0.48597974 0.5599152 0.53480905 0.5975789
8 6.5531730000000005e-06 0.76856214 0.031636797 0.9194768 0.16552377
10 6.5047316e-06 0.49681854 0.56667984 0.5345316999999999 0.6100734
8 6.4004917e-06 0.016509712 0.5695146 0.039386485 0.6033765999999999
