3 0.64791214 0.6123883000000001 0.5309543000000001 0.6643352 0.58583117
3 0.30767545 0.45868284 0.51764727 0.49266190000000004 0.54502875
8 0.21516483 0.6090228 0.52692324 0.66541153 0.5801331000000001
8 0.15097432 0.4551963 0.5149043 0.49386415 0.5486592
3 0.057640300000000005 0.3233233 0.49528486 0.35263783 0.5195733
8 0.04668499 0.3234978 0.49570054 0.35544929999999997 0.5231551999999999
3 0.035130616 0.6122575 0.5193591 0.6644175999999999 0.5705095
3 0.023922097000000003 0.36425185 0.49480352 0.39966273 0.52460665
13 0.016152179 0.45600966 0.5171994000000001 0.49336419 0.54997444
8 0.014729816000000001 0.36296612 0.49781490000000006 0.39841550000000003 0.5273223000000001
8 0.013450377 0.468315 0.51780003 0.5044865 0.54901946
3 0.01132948 0.46933636 0.51906306 0.50652105 0.54794264
13 0.010770353 0.31934798 0.49576885 0.35589879999999996 0.5201415
3 0.008069841 0.44688377 0.5166311 0.48500177 0.54291403
8 0.005191218 0.44489750000000006 0.51347697 0.4856085 0.54564387
8 0.0051882123 0.5210739999999999 0.52846617 0.55541223 0.5481351
8 0.00472047 0.50532895 0.5273893 0.541431 0.548095
2 0.004617685 0.45897 0.51345825 0.50250185 0.5428427
3 0.0045183440000000005 0.52045906 0.5245581 0.5562333 0.54779714
3 0.004514263 0.5056654 0.52424055 0.5424758000000001 0.54819596
7 0.00426274 0.44643003 0.5126356 0.49705833 0.552095
13 0.0034706206 0.6074699 0.53658575 0.66702783 0.58406645
5 0.0033109374 0.4454949 0.5233753999999999 0.49436808 0.5497818
13 0.002758483 0.35793787 0.49118890000000004 0.40248376 0.5247647
6 0.0024422110999999997 0.45175909999999997 0.51763415 0.49944162 0.54970384
3 0.0023676215 0.33131054 0.49553362 0.36175359999999995 0.52007717
8 0.0023601234 0.33311266 0.49642813 0.36131084 0.52069455
1 0.0018645820999999999 0.45088729999999994 0.5209264 0.49019036 0.54764634
11 0.0017266995000000001 0.46271423 0.51427144 0.49064133 0.5479411
1 0.0017076629999999999 0.31313416 0.49612093 0.34878227 0.5177641
8 0.0016513956 0.3729604 0.49677247 0.4074968 0.5251756999999999
2 0.0015383741 0.32074186 0.48966542 0.36663637 0.51643866
13 0.0014588505 0.46644226 0.51582634 0.5067237 0.5507787
5 0.0013648366000000001 0.30700967 0.5000015999999999 0.35524383 0.5201867
5 0.0013452629000000002 0.57924503 0.54490536 0.6506465 0.5803488
7 0.0013276776000000002 0.6024024 0.5259897 0.66671747 0.59053266
7 0.0012845136 0.308832 0.48977387 0.35424387 0.5227242999999999
7 0.0011791778 0.588176 0.5313778 0.6472229 0.58785146
8 0.00116255 0.53412944 0.5282398 0.56738704 0.5499482
6 0.0011231589999999999 0.31357604 0.49307182 0.3560682 0.52040887
13 0.0010989403 0.5031377 0.51856023 0.5424658 0.55185103
13 0.0010737956 0.5175761 0.5173663 0.5593182 0.55047154
12 0.0009642414500000001 0.44940892 0.514022 0.50414723 0.5430166999999999
10 0.0009429329699999999 0.46355212 0.5120425999999999 0.50087106 0.5497294
8 0.00094176386 0.35802059999999997 0.5091209 0.39598894 0.5373203000000001
9 0.00091383565 0.4596799 0.5164922000000001 0.49856877 0.5486732
2 0.0009084969599999999 0.6133203 0.52760386 0.680746 0.57429546
11 0.0009040858000000001 0.6103648 0.5367531999999999 0.64451146 0.58727336
3 0.0008942557000000001 0.37414962 0.49448234 0.41010213 0.52523047
13 0.0008905582 0.33008063 0.49143475 0.37014234 0.5224943
9 0.0008519242 0.323307 0.49347243 0.35815677 0.5243628
6 0.00083799916 0.59544116 0.5439545 0.66491276 0.58347356
3 0.000787402 0.53397274 0.5244088000000001 0.5690571 0.5507934
9 0.0007859187299999999 0.6206541 0.5191617999999999 0.6751081999999999 0.55874765
1 0.0007813458 0.59292173 0.5483343 0.6450803 0.58072037
5 0.0007804053999999999 0.58948445 0.5431902 0.67278874 0.5825308000000001
13 0.00077637885 0.601775 0.5167866 0.65996605 0.5682434000000001
2 0.0007547014 0.6005756 0.53275055 0.6671239999999999 0.5720291999999999
3 0.00073772913 0.35945183 0.5133767 0.3990445 0.5420267
9 0.0006823441400000001 0.3669122 0.49342233 0.40573698 0.526483
13 0.0006296605599999999 0.44035858 0.52094185 0.48039174 0.5494348000000001
11 0.00061642105 0.6241409000000001 0.5348417 0.6610689999999999 0.58943754
7 0.00061274954 0.35804236 0.4894668 0.3978374 0.52319705
4 0.0006006567 0.46172959999999996 0.5179593 0.4973002 0.5482138000000001
11 0.0005765198999999999 0.32555082 0.49278465 0.34767893 0.5203306
8 0.0005465178400000001 0.60550773 0.5205470999999999 0.6494316 0.5661703
8 0.00053357804 0.36919504 0.50813586 0.40651822 0.5384781
9 0.00052550295 0.61978537 0.5351482 0.6791361 0.58239746
2 0.0005242204 0.47575483 0.5111132 0.51711583 0.54574424
9 0.00051002944 0.60984504 0.5347768 0.65582263 0.58109236
6 0.00049997173 0.6077066999999999 0.54093117 0.68477434 0.5881871999999999
1 0.00048498955000000004 0.35538417 0.4954511 0.39541240000000005 0.5185863000000001
1 0.00046624184999999996 0.6100474 0.55163014 0.6606625 0.5848867
8 0.0004643053400000001 0.48624572 0.52424127 0.52353805 0.548549
5 0.00046319087 0.3517327 0.50009334 0.40203372 0.5211617999999999
4 0.0004574286599999999 0.6224918 0.5352498 0.6756049 0.58455276
7 0.00043443135999999996 0.6139374 0.5108358000000001 0.6696794 0.5615048
13 0.00040769044 0.52886593 0.5152254 0.5745449 0.5505913
12 0.00040734495 0.6078766999999999 0.53221357 0.68465644 0.5752428
1 0.00039124634 0.6062198000000001 0.52025956 0.6586036999999999 0.5550964
3 0.00038211988 0.48635915 0.5227407000000001 0.5276014 0.5490953000000001
12 0.00038128957000000004 0.6156807 0.50925577 0.6733484000000001 0.5489853
8 0.0003753958 0.55935806 0.5426565 0.597274 0.57266134
2 0.00036702337 0.36701375 0.4863504 0.40903854 0.5165907999999999
10 0.00035410537000000005 0.32474840000000005 0.49004549999999997 0.3589403 0.5241644
8 0.00034606177000000006 0.40879499999999996 0.49618256 0.44251204 0.52283525
10 0.00032998589999999996 0.6128606 0.52760106 0.67700523 0.5807419
6 0.00032879406 0.3582097 0.49196768 0.40544614 0.5228036
12 0.00029889855 0.3179865 0.48991546 0.35864562 0.51509464
8 0.00029630066 0.3939222 0.49650547 0.43034506 0.5244308000000001
4 0.00029108863 0.32775970000000004 0.49513844 0.3577567 0.5173805
13 0.00028148264 0.37071016 0.48927873 0.41586003 0.5257371
10 0.00027189704 0.60374784 0.53477913 0.6619772 0.57942885
8 0.00026951773999999996 0.35147205 0.4980186 0.38597825 0.5243446999999999
7 0.00026219932 0.46353066 0.51487905 0.51052684 0.5508192
3 0.00024126214 0.37175524 0.51339114 0.41120142 0.54253864
12 0.00023789353 0.36032826 0.48855874 0.40396702 0.51786137
10 0.00023534386000000003 0.36683804 0.48810479999999995 0.40418696 0.52328163
4 0.0002345406 0.62736094 0.51378757 0.6701931 0.5534328000000001
2 0.00021950416000000002 0.6252131 0.5071153 0.6766382 0.54937375
6 0.00021388712000000004 0.6097857 0.5158252999999999 0.66969967 0.5566460999999999
1 0.00020257002 0.46559033 0.52214146 0.50423074 0.5464366999999999
8 0.00020177406000000003 0.5474889000000001 0.52659035 0.5811808 0.55242133
10 0.00020003528 0.61665666 0.5113734000000001 0.6685065 0.5513958999999999
3 0.00019826276000000002 0.5586938 0.54544336 0.60264605 0.5768821999999999
4 0.0001932335 0.6073392 0.53784937 0.6529085 0.57920253
4 0.0001731247 0.37207153 0.49300066 0.40359744 0.5203714
6 0.00016381513 0.46742776 0.5176265999999999 0.51600444 0.5480901999999999
5 0.0001608748 0.46030408 0.52626556 0.5128486 0.5509713
1 0.00015421302 0.42947376 0.51948804 0.47335947 0.5429773
1 0.00015037738 0.5004647 0.52358884 0.5369345999999999 0.5435366999999999
9 0.0001485513 0.5263062 0.52422744 0.5618699 0.5519036999999999
10 0.00014364363999999998 0.48262006 0.51182914 0.5163094 0.55046356
3 0.00014262008999999998 0.35071197 0.49638975 0.3880218 0.52384657
9 0.00013900106 0.4755388 0.5194165 0.5156121 0.5490663
11 0.00013776285 0.37022692 0.49433038 0.39226120000000003 0.5227339
5 0.00013469066000000002 0.42845598 0.52434367 0.47564712 0.55142677
3 0.00012888151 0.40992892 0.49545458 0.44868135 0.5252443
3 0.00012277358 0.39385770000000003 0.49415633 0.4343305 0.52437955
8 0.00012158095 0.64656204 0.17904828 0.8994219999999999 0.85090506
5 0.00012133078999999999 0.51065886 0.5289901 0.5586009 0.5505575
9 0.00012103783999999999 0.5097774 0.52430165 0.54553854 0.5519005
12 0.000112646274 0.46721888 0.5137656 0.5145772 0.544091
8 0.00011233280000000001 0.6213631 0.13081795 0.8627183 0.6097109000000001
11 0.00011126502 0.4785061 0.5146781 0.5073416000000001 0.54729986
5 0.00010844795 0.49486554 0.52939117 0.5437825 0.5505328
7 0.00010787889 0.42848304 0.51495266 0.4767541 0.5526069
11 0.00010552002000000001 0.62557316 0.51928455 0.6535251 0.55895084
7 0.00010197394 0.517842 0.5182869000000001 0.55417615 0.548144
13 9.850065e-05 0.35647708 0.51697075 0.39894354 0.5483682
5 9.803379999999999e-05 0.60114247 0.52526945 0.6686813 0.55447525
2 9.688867e-05 0.44348034 0.5131255 0.4917407999999999 0.53978014
4 9.576289e-05 0.48181868 0.5191068 0.51320165 0.54718727
2 9.508245000000001e-05 0.50963604 0.5162361 0.5521773 0.54527485
7 9.410636000000001e-05 0.50238675 0.51781845 0.53942114 0.54894584
8 9.195919e-05 0.6952788000000001 0.15864837 0.9126138 0.678413
1 8.957931e-05 0.5152645 0.52374834 0.5538424 0.54444367
2 8.90539e-05 0.33827429999999997 0.4862119000000001 0.37881303 0.51949286
8 8.89387e-05 0.55973774 0.5251365 0.5954216 0.5525076
6 8.522293e-05 0.43248394 0.5228636999999999 0.48562434 0.5463912
8 8.3759354e-05 0.27641732 0.064934246 0.7598906 0.32485047
7 7.797418000000001e-05 0.32668743 0.48987338 0.36771694 0.5214489000000001
13 7.774179e-05 0.5731254 0.0 0.95608526 0.5209170999999999
3 7.509778e-05 0.5475485999999999 0.5246108 0.58593494 0.55498606
11 7.107845999999999e-05 0.44709826 0.5100614 0.47438549999999996 0.5490894000000001
2 7.083321e-05 0.5260597 0.51540047 0.56852096 0.54521966
10 6.9964415e-05 0.45208234 0.51527166 0.48700303 0.5491148
10 6.954045999999999e-05 0.5123666 0.51951766 0.5478365 0.5509619
8 6.863517e-05 0.009227335 0.5629743 0.27791768 0.92882824
13 6.8150184e-05 0.2183525 0.0047751255 0.88754195 0.36053362
5 6.646462e-05 0.32421952 0.5006235 0.37505853 0.5215299
12 6.4360545e-05 0.50814414 0.51547396 0.5464859999999999 0.54508036
13 6.2243635e-05 0.36589688 0.51435745 0.41240299999999996 0.5494103
6 6.0279614e-05 0.5000840999999999 0.52452046 0.5517313 0.5479943
13 5.886029e-05 0.48421913 0.5193840000000001 0.52227086 0.55257666
13 5.8203994000000004e-05 0.539341 0.5142770000000001 0.58875763 0.55215466
13 5.5100637999999996e-05 0.34329382 0.49412546 0.38819912 0.5227136
9 5.399044e-05 0.3385466 0.49583593 0.37486628 0.5231232
8 5.308531e-05 0.6996135 0.24117178 0.9287551 0.92523324
8 5.2889984000000006e-05 0.59386194 0.06256093 0.85979545 0.3184194
8 5.1806346000000005e-05 0.53948987 0.03196876 0.846148 0.16221991
10 5.101107e-05 0.52937794 0.51687354 0.5629097 0.550848
1 5.0981726e-05 0.33055133 0.49777764 0.36310333 0.5193407
11 4.884838e-05 0.5145144 0.52169263 0.5354268 0.5458835999999999
9 4.8273472e-05 0.5421191999999999 0.52282554 0.57897717 0.5538174
6 4.8174043e-05 0.51422745 0.52432203 0.56649166 0.54802966
13 4.5880240000000004e-05 0.497191 0.004454505 0.96540767 0.16317731
12 4.324405e-05 0.52266085 0.51557976 0.56143093 0.5449401999999999
13 4.0844665e-05 0.62310034 0.0 0.9524881 0.8770519
13 4.0721963e-05 0.55505013 0.5413619000000001 0.59593606 0.5788765
8 3.9144780000000004e-05 0.4742424 0.29883924 0.74650353 0.8990171999999998
1 3.9079959999999996e-05 0.5909425 0.51818275 0.6429125 0.55003864
3 3.66639e-05 0.6712618 0.21057673 0.96470976 0.94170254
8 3.6244250000000005e-05 0.025036133999999998 0.4161399 0.2332176 0.9144984
4 3.601644e-05 0.5175211 0.5247483000000001 0.5464434 0.5455545
8 3.536396e-05 0.13714094 0.25718737 0.42930472 0.9040007999999999
8 3.4398152e-05 0.5618093000000001 0.15761894 0.83273697 0.6957356
11 3.342135e-05 0.5318425999999999 0.52106386 0.5521809 0.5468258
10 3.3268636e-05 0.34437096 0.48565283 0.37473643 0.52489865
4 3.288118e-05 0.5333926 0.52499676 0.56304055 0.5457645999999999
2 3.204702e-05 0.35700065 0.5089385000000001 0.41277152 0.545042
3 3.070872e-05 0.038889467999999996 0.5856924 0.34137085 0.9820857
4 3.0186466e-05 0.34846765 0.49610249999999995 0.37559426 0.5212678
3 2.9434790000000004e-05 0.05328983 0.62546647 0.47764426 0.9902002000000001
13 2.8948975999999998e-05 0.40312 0.48979062 0.44400713 0.52671254
3 2.8817032e-05 0.5594864 0.52397424 0.60270655 0.55442274
8 2.8671659999999996e-05 0.39344126 0.28795192 0.6689194 0.8932644000000001
2 2.8665947e-05 0.38147786 0.4832112 0.42306665 0.51875913
7 2.8428298e-05 0.53052235 0.51807714 0.5701448 0.5470472
13 2.8408891e-05 0.0 0.42649978 0.30852222 1.0
13 2.8375351999999998e-05 0.38706872 0.48988602 0.4303606 0.52650654
8 2.8285029e-05 0.69716173 0.094195575 0.8978860999999999 0.45172504
6 2.7075443e-05 0.32822728 0.49464738 0.3762868 0.5198832999999999
8 2.6933289e-05 0.46970797 0.094121575 0.818315 0.46886130000000004
8 2.6774009e-05 0.6209856 0.51374876 0.6634171999999999 0.568071
7 2.6138976e-05 0.3706699 0.48858702 0.41366082 0.5227115
13 2.5858579e-05 0.39854336 0.02797634 0.77778566 1.0
3 2.5843001e-05 0.62404627 0.5140554 0.67596143 0.5672549
9 2.573638e-05 0.38422585 0.49462175 0.4226911 0.5252481999999999
8 2.545227e-05 0.0 0.69404244 0.28270423 0.9722993000000001
13 2.459676e-05 0.55257 0.5141394 0.60165036 0.5532132
13 2.4415333e-05 0.015517533 0.49412656 0.44095874 1.0
3 2.441086e-05 0.6555906 0.16947372 0.94846326 0.7121227
9 2.4195446e-05 0.6106451 0.5172013 0.6545466999999999 0.5593963000000001
1 2.3823193e-05 0.5278854000000001 0.5232205 0.56916827 0.54526544
8 2.376164e-05 0.34351570000000003 0.5178745 0.5868833000000001 0.9088258
12 2.3731282000000002e-05 0.3317187 0.48742703 0.37193623 0.5151951
3 2.2923627000000002e-05 0.15405254 0.297018 0.48184556 0.9759075
5 2.2549517e-05 0.5241587999999999 0.52908945 0.5739171999999999 0.54995716
9 2.2237597999999996e-05 0.35218683 0.007629713000000001 0.93452024 0.3857448
3 2.214239e-05 0.3587828 0.08267338 0.94940233 0.33667862
1 2.2050556999999998e-05 0.37019646 0.49628990000000006 0.40973562 0.5193266
7 2.0868720000000004e-05 0.5976627 0.51395476 0.64844894 0.55880636
8 2.0551210999999997e-05 0.029905453 0.204974 0.2979195 0.9408006
5 2.0526875e-05 0.35194767 0.11247834599999999 0.9027283000000002 0.32018608
3 2.0389639999999998e-05 0.41726238 0.23671114 0.7526166999999999 0.96838325
13 1.9985953e-05 0.11317442 0.036137324 0.46903193 1.0
10 1.9767802e-05 0.386359 0.4841055 0.42168215 0.5230604999999999
2 1.9422260000000003e-05 0.540722 0.5137385 0.5834893 0.5461402
8 1.9185907e-05 0.67773396 0.033970642999999995 0.8874595999999999 0.16055275
13 1.8673883e-05 0.3576831 0.0026041314 0.8670449 0.5207417000000001
9 1.8669698e-05 0.44580647 0.517559 0.48103765 0.54851705
1 1.8395807e-05 0.35099953 0.5183548 0.39107805 0.5455804
7 1.8303865e-05 0.33975503 0.5098305999999999 0.39832225 0.55528575
2 1.7948641000000002e-05 0.37202984 0.5094384 0.4240719 0.54602414
5 1.7690598e-05 0.36500752 0.5008347 0.42234087 0.52233267
12 1.7371472e-05 0.6063604 0.51034725 0.6570522 0.5487556
5 1.6069029e-05 0.34799576 0.5232289999999999 0.39359725 0.55201775
13 1.578728e-05 0.49896967 0.0 0.86379087 0.9332993
8 1.5570438e-05 0.59341633 0.5385821 0.63604426 0.5780574
11 1.5308147e-05 0.34449565 0.49158534 0.36799640000000006 0.5194770000000001
13 1.5148579e-05 0.32296464 0.3613405 0.6715306999999999 1.0
9 1.4363633999999999e-05 0.5980346 0.008081168 0.9780841 0.18613091
8 1.4328281e-05 0.5405357 0.50494325 0.6726171 0.61434907
3 1.4128773e-05 0.6356906999999999 0.08394682 0.9552475 0.34752548
6 1.4127464e-05 0.37010643 0.4920173 0.42548326 0.52152455
3 1.3981883000000001e-05 0.5462999 0.26900077 0.88878506 0.9701833000000001
9 1.3805850000000001e-05 0.6732939 0.006625936999999999 0.96879023 0.37581867
12 1.35159335e-05 0.37516174 0.48634627 0.41803440000000003 0.5177588
6 1.3362681999999999e-05 0.5966214 0.51955557 0.6551055 0.5543009
9 1.2904258999999999e-05 0.6774493 0.012172985 0.98440725 0.59630704
2 1.2487811999999999e-05 0.6114126999999999 0.50945497 0.6632368000000001 0.54347825
13 1.2476785999999999e-05 0.0 0.0 0.31300107 0.99666345
3 1.22699075e-05 0.5689316999999999 0.038068946 0.9470953000000001 0.17133184
13 1.2129539999999999e-05 0.73558664 0.0 0.97871053 0.21277411
1 1.1591294e-05 0.4793278 0.5213588 0.51741767 0.5424468000000001
8 1.1481702000000001e-05 0.02423229 0.16338733 0.19233021 0.9507526
7 1.1398144e-05 0.6166871 0.5312873 0.6795601 0.5875923000000001
5 1.1332361e-05 0.5885187 0.52739835 0.6492055 0.5540191999999999
3 1.0996784e-05 0.3265546 0.49658108 0.6774743000000001 0.9347059999999999
4 1.0958122000000001e-05 0.39175442 0.49266909999999997 0.42014042 0.521124
11 1.0744285e-05 0.6130932 0.517297 0.6382435000000001 0.55501676
12 1.0648570999999999e-05 0.5365177 0.5131508 0.5754753 0.5440353
1 1.0553554999999999e-05 0.33959809999999996 0.49461400000000005 0.37887248 0.5159498
8 1.04463625e-05 0.5702012 0.52247983 0.6053203 0.5496509
6 1.04115625e-05 0.52768975 0.5238207 0.5801813 0.5485137
1 1.0272052000000002e-05 0.40026692 0.49397409999999997 0.4431459 0.51673734
6 1.0006712999999999e-05 0.35112125 0.5245906 0.40784752 0.5512544
8 9.954714e-06 0.7816996 0.1303105 0.9230748 0.62352103
13 9.949437e-06 0.36643067 0.006835407 0.84814954 0.17068076
8 9.940725999999999e-06 0.20876332 0.023684181000000002 0.527709 0.16453211
10 9.856032e-06 0.60677975 0.5150143 0.65444237 0.5512715
3 9.715948e-06 0.04387404 0.31187335 0.33218336 1.0
5 9.698367e-06 0.60821116 0.061994404 0.93051696 0.17471299
10 9.581781e-06 0.5441508 0.5140998999999999 0.57892656 0.55194294
5 9.478696e-06 0.36386862 0.52350324 0.40943090000000004 0.55309504
8 9.4412e-06 0.42147356 0.4975267 0.4537732 0.5231724
5 9.382168e-06 0.6589071999999999 0.29088697 0.96298754 0.8835943000000002
8 9.2416e-06 0.75444984 0.04585231 0.9136548000000001 0.21432607
8 9.19565e-06 0.075609475 0.4143464 0.37005302 0.9164728999999999
5 9.160526e-06 0.4305299 0.4259022 0.72367793 1.0
8 9.129781e-06 0.03485751 0.14028122 0.2937632 0.69558764
4 9.106445e-06 0.44568199999999997 0.5162211 0.47861302 0.5438046999999999
2 9.103372e-06 0.49562493 0.51574814 0.5357841999999999 0.54363513
3 9.0672875e-06 0.522572 0.13585402 0.94333977 0.51519537
13 9.046323e-06 0.0 0.008689098000000001 0.5556357 0.3497869
8 8.979293e-06 0.38405845 0.5113648000000001 0.42296162 0.5395889
5 8.792322e-06 0.5097297000000001 0.41221854 0.7963943 1.0
8 8.729997e-06 0.48299515 0.15424895 0.75055325 0.67884976
9 8.724259e-06 0.6989566999999999 0.04373355 1.0 1.0
8 8.559012e-06 0.5827824 0.33976167 0.8860779000000001 0.9556155999999999
5 8.50967e-06 0.14311235 0.41333607 0.43389755 1.0
9 8.21779e-06 0.36595479999999997 0.5154694000000001 0.40322033 0.5504784
1 8.132994e-06 0.38133514 0.4941911 0.42656302 0.51571393
3 8.105744e-06 0.7195847 0.12662652 0.9647933000000001 0.51900023
12 8.087444e-06 0.41171450000000004 0.0 1.0 0.22207095
13 8.028666e-06 0.76278484 0.0 0.9842440999999998 0.59800315
13 8.02717e-06 0.74032503 0.05340255 0.9855539000000001 0.3695021
9 7.990203e-06 0.5567831 0.520698 0.595865 0.55533487
9 7.945718e-06 0.35264483 0.49246309999999993 0.3887873 0.52604765
8 7.881599e-06 0.28559142 0.24365115 0.5487618000000001 0.8815221999999999
13 7.877639999999998e-06 0.1630634 0.009952373 0.5919359000000001 0.17058812
3 7.809536e-06 0.030870251 0.6414536 0.24621189 1.0
4 7.7849645e-06 0.54848045 0.52389026 0.5781782 0.54549783
8 7.670352e-06 0.31894606 0.14462508 0.57227963 0.6768052
11 7.64829e-06 0.3722025 0.5114207000000001 0.39931324 0.55489624
1 7.621330000000001e-06 0.36435267 0.5169519 0.40724304 0.5469015
5 7.6118e-06 0.6581776 0.16340953 0.95257425 0.50490934
10 7.523447e-06 0.49834502 0.5185693 0.5328864000000001 0.55004764
8 7.458146699999999e-06 0.35075474 0.17459133 0.63054824 0.76870364
