8 0.94468486 0.016514927 0.43101117 0.20774418 0.8491504000000001
8 0.78866875 0.0 0.3938644 0.2819836 0.8278624
3 0.68392825 0.50440484 0.56780756 0.55754656 0.6158664
3 0.2419462 0.022121176 0.42626753 0.2615723 0.7957138000000001
8 0.11324703 0.0031687840000000004 0.20757519 0.23243424 0.8435218000000001
8 0.0732918 0.021413729 0.45706046 0.44404453 0.91799194
8 0.066758476 0.49807608 0.56234914 0.56299925 0.61966413
3 0.0022553015 0.045518473 0.20971648 0.27603520000000004 0.7832442
9 0.002250173 0.04387869 0.44254857 0.3309362 0.7044034
13 0.0022444407999999997 0.0 0.40980550000000004 0.37692285 0.7401352
8 0.0021841973000000002 0.02281671 0.52799386 0.18849516 0.68201303
3 0.0019735068 0.033823803 0.39900085 0.19423132 0.9244099
8 0.0019030870000000001 0.035678856 0.13962779999999997 0.28429362 0.6825190999999999
13 0.0013532528 0.031115472 0.5201733000000001 0.32709357 0.89355004
9 0.0012713841 0.049361005 0.48732623 0.35440177 0.78127307
4 0.0012536072 0.091217116 0.40653118 0.32905108 0.7396024
4 0.0011047251 0.14032920000000002 0.4394913 0.42751294 0.7898821
13 0.0010589722 0.0 0.5011128 0.36705446 0.77613616
7 0.0010372167 0.0 0.41091305 0.41158490000000003 0.7805321999999999
13 0.001023097 0.49526575 0.5650116999999999 0.5546036999999999 0.61790794
4 0.0009901937 0.06911674 0.52731764 0.27513567 0.8891916999999999
8 0.00097350095 0.0 0.5908707 0.15047684 0.807128
5 0.00092464406 0.0 0.52279115 0.29930252 0.6906371
8 0.0009072879 0.094263166 0.21384779 0.40993688 0.86384577
13 0.0008603449000000001 0.0 0.5070754 0.21243789999999999 0.7465206999999999
4 0.00083408994 0.102496445 0.49577904 0.36473817 0.87916654
2 0.00083063205 0.027813703 0.3874321 0.39973405 0.67279714
8 0.00080278405 0.005525805 0.5631908 0.160187 0.7385062
3 0.0007949493 0.041387558 0.38833424 0.31663644 0.8610049999999999
13 0.0006454176 0.05648472 0.45871985 0.2522819 0.9692019000000001
4 0.0006243764 0.051922284000000006 0.4440669 0.2607848 0.7769984999999999
12 0.0005879156500000001 0.0 0.37059915 0.36217140000000003 0.6494932
9 0.00058285793 0.015289276999999999 0.43454194 0.20159894 0.7842508
7 0.0005214237599999999 0.49586260000000004 0.5561893 0.5595398 0.62166387
5 0.00050397764 0.0 0.5754706 0.30850059999999996 0.75435615
4 0.0005009682 0.15479758 0.45301217 0.34340879999999996 0.96326894
5 0.00049655297 0.0 0.6267935 0.32235563 0.8239675
13 0.000493699 0.022633106 0.16822706 0.2609636 1.0
5 0.0004925748 0.480663 0.57466936 0.56562644 0.6116263000000001
1 0.00049213483 0.0 0.5031228 0.26853192 0.74344313
3 0.00047677470000000003 0.08459571 0.44053718 0.50335944 0.88935
13 0.00047054555 0.0 0.40315086 0.24853112 0.7751623000000001
4 0.00046492315999999996 0.101339184 0.5149366 0.29630068 1.0
9 0.00046373514000000004 0.50648576 0.56732553 0.5621359 0.61617833
5 0.00045568304 0.0 0.47598284 0.30066234 0.62857085
8 0.00045212248 0.08402629 0.14599042 0.3640175 0.68955845
2 0.00044292685999999993 0.5062977 0.56069595 0.5673443 0.6015726
2 0.00044257886 0.017000414 0.41620478 0.26681754 0.6625880999999999
11 0.0004419332 0.51208526 0.562609 0.54611844 0.61392975
1 0.00042199937000000004 0.4933383 0.5732736999999999 0.5508768 0.6106751
12 0.00039591012000000003 0.49386585 0.5593201999999999 0.5660213000000001 0.6067344
6 0.00038539775000000004 0.0 0.48910059999999994 0.43688409999999994 0.77911687
10 0.00038507025000000003 0.5029642 0.5591550999999999 0.5614246999999999 0.6077169
9 0.00038397714 0.043320805 0.56809485 0.3883297 0.84824127
1 0.00037809674 0.0 0.4356784000000001 0.21429318 0.65396434
10 0.00037427052000000004 0.023009292999999997 0.53220993 0.20140496 0.7947155
13 0.00037210324 0.022232473 0.3384439 0.3421856 0.97131574
6 0.00037180772000000004 0.48769152 0.5631722 0.5796845 0.6120654999999999
6 0.00037155913999999997 0.0 0.47359195 0.30591565 0.759289
12 0.00036569333 0.0 0.41897002 0.29284468 0.6935153000000001
3 0.00034192755 0.1739956 0.47934422 0.27990824 0.7979228
5 0.00034190336000000003 0.0 0.61379284 0.20347324 0.78361475
1 0.00033727637 0.029258475 0.5596739000000001 0.21524939 0.92539775
9 0.00033501178 0.0305437 0.1265583 0.27937340000000005 0.82930195
7 0.00032255286 0.0 0.5354269 0.32755572 0.85886806
2 0.0003143252 0.034894735 0.3351226 0.2927386 0.6046228
11 0.00031208453999999997 0.0676025 0.46135372 0.22061719 0.7665623
5 0.00029328687 0.008021191 0.606342 0.28062463 1.0
7 0.0002849772 0.007740915 0.37430575 0.23981024 0.78682053
6 0.00028479294 0.007755056 0.60135597 0.3140068 0.8602919
9 0.0002827512 0.10191437 0.51998436 0.25219026 0.94086343
5 0.0002793357 0.0 0.55303526 0.21257783 0.71234846
9 0.00027122837 0.06497726599999999 0.37942064 0.20655724 0.9119208000000001
5 0.00026925214 0.0 0.5562838000000001 0.21567747 1.0
1 0.00026648882000000003 0.040958628 0.56865245 0.30292344 0.8640936
5 0.00026468415 0.0 0.5898635999999999 0.46998233 0.7875786
10 0.00025744767999999994 0.0073433295 0.33681872 0.2384609 0.661065
8 0.00025667812 0.7380959 0.5297361999999999 0.87517667 0.67773235
5 0.00025613644 0.0 0.54618484 0.3966896 0.7167956
5 0.00025367946 0.0 0.64259356 0.3336476 0.9406375
4 0.00024934995 0.5083840000000001 0.55895877 0.5626886999999999 0.6122264000000001
11 0.00024405701 0.035830975 0.47193223 0.16354385 0.77802664
3 0.00022797243999999998 0.04676473 0.4850639 0.22636828 0.6975073
2 0.00022754322999999998 0.07697585 0.43903795 0.34238320000000005 0.86913115
9 0.00022593205000000002 0.051967575999999994 0.42762262 0.33955634 0.9281805000000001
10 0.0002254053 0.02762232 0.46673703 0.18995208 0.7176861999999999
9 0.00022176091000000001 0.02960416 0.43647182 0.20333126 1.0
11 0.00021345543999999999 0.040417977 0.09313594 0.18984103 1.0
6 0.00020902588 0.0 0.5489245 0.4781005 0.82914096
1 0.00020638586 0.0 0.5614435000000001 0.29275483 0.7809099
10 0.00020161887 0.14034292 0.37076715 0.33881947 0.9018292
1 0.00019809171000000002 0.0 0.51511663 0.13788483 0.7218361999999999
4 0.00019661049 0.16511351 0.50137484 0.42034608 0.9276743000000001
8 0.00019516093000000002 0.14138664 0.52781856 0.24896936 0.7575644
2 0.00019429093 0.013738528 0.49784377 0.36927474 0.7714116
10 0.00019203717000000002 0.0 0.5281068 0.27803126 0.82951415
4 0.00019142269 0.11736960000000002 0.40412453 0.25975770000000004 1.0
5 0.00018581631999999997 0.0 0.38638422 0.34208262 0.7927801
1 0.00018399359 0.0 0.4452536 0.17180537 0.90136963
4 0.00018398273 0.035291694 0.51570386 0.18495756 0.8602221
5 0.00018179009999999999 0.0 0.5825818 0.3372152 1.0
6 0.00017839546000000003 0.0 0.42661187 0.31328025 0.6873409
11 0.00017783932 0.09459748 0.45497079999999995 0.28652605 0.8031344
11 0.00017535631 0.033310637000000004 0.5379186 0.22959657 0.9599599
1 0.00017267189999999998 0.0 0.5968736 0.21731323 0.8020185999999999
13 0.00017052278000000002 0.0 0.08425415 0.31077713 0.9254226999999999
10 0.00016758109 0.52539235 0.554404 0.57521945 0.60871124
4 0.00016703106 0.13398731 0.34037057 0.39563763 1.0
12 0.00016649689999999998 0.06558044 0.53889596 0.37322903 0.8325168
2 0.00016294539 0.09307784599999999 0.35641855 0.25071117 1.0
11 0.00016237829 0.025772974 0.5294331 0.15506902 0.8998079
2 0.00016198573999999999 0.009444311 0.47487456 0.2652713 0.7265216999999999
10 0.00016162431 0.035085037 0.37011823 0.36971170000000003 0.74679464
6 0.00016036807 0.042954594000000006 0.5824942 0.39313668 0.9352504
11 0.00014358995 0.10806914 0.20912375 0.23165281 1.0
3 0.00013850802 0.07934074 0.18920854 0.36040676 0.7644633000000001
12 0.0001384965 0.5108939 0.56330574 0.57702893 0.60854137
10 0.00013762755 0.07792233 0.14814422 0.22211142 0.88614905
10 0.0001366501 0.029117286000000003 0.39826494 0.18116352 0.65727794
2 0.00013654992 0.044194027999999996 0.55732274 0.392756 0.84327585
9 0.00013645613000000002 0.008464225 0.09322882 0.1897769 0.8719296999999999
12 0.0001358757 0.0 0.4734308 0.4609137 0.7242488
1 0.00013536893 0.0 0.41459543 0.18620723 0.81810904
5 0.00013494141 0.0 0.51451683 0.18919319 0.68259174
12 0.00013279181 0.024938582999999997 0.3318286 0.21410324 0.7706783
6 0.00013052677 0.0009902492 0.5876791 0.24119028 0.8051031999999999
4 0.00013038832 0.16686943 0.37328678 0.29133648 1.0
11 0.0001293353 0.06799207 0.13306837 0.29111084 1.0
1 0.00012604604 0.0 0.23527224 0.18813306 0.80265534
2 0.00012116511999999999 0.5194104 0.5577516 0.57833505 0.60794103
12 0.00012015638 0.023962952000000003 0.45045984 0.22089186 0.70913863
12 0.000118600925 0.06523257 0.5147885 0.26014796 0.8835558000000001
10 0.00011308423999999999 0.124289736 0.25192252 0.26468545 0.954133
2 0.00011229281999999999 0.048631027 0.23722692 0.35071164 0.903943
4 0.00011202488000000002 0.09709711 0.38194004 0.33013433 1.0
1 0.00010574447500000001 0.0 0.42010975 0.26549497 0.8348148000000001
10 0.00010349276 0.0 0.46100688 0.25461668 0.7359352
7 0.00010290154000000001 0.5117077 0.5590182 0.5765857 0.6179389
11 0.000102630365 0.1429876 0.38254917 0.33541143 0.980258
7 9.857878500000001e-05 0.0 0.6251114999999999 0.358419 0.91712743
10 9.6439115e-05 0.17423461 0.14864656 0.2961542 0.9708195
10 9.499860999999999e-05 0.06329945 0.46663088 0.30656675 0.92528504
1 9.400098e-05 0.5110196 0.5735593000000001 0.5661447 0.61162883
11 8.868761e-05 0.15732121 0.16100942 0.27938685 1.0
7 8.7799956e-05 0.0 0.0 0.29784733 0.8851473
11 8.685064e-05 0.034375752999999995 0.40481475 0.13712667 0.7361174
8 8.6443964e-05 0.037507594 0.12045585 0.1955546 0.63314974
12 8.5670574e-05 0.0 0.021235458999999998 0.24817425 0.73280543
12 8.1610815e-05 0.0 0.28986064 0.37072837 0.7584696
11 8.126903e-05 0.0793172 0.4158325 0.2805388 1.0
9 7.9338526e-05 0.5234736 0.5684319 0.58274424 0.61513776
7 7.675772e-05 0.0 0.24648356 0.36769968 1.0
12 7.502641e-05 0.0 0.0 0.36254042 0.6131321
7 7.385644e-05 0.0 0.5363015 0.18532364 0.81003046
4 7.3524585e-05 0.08837276 0.3184737 0.23532802 0.97899234
12 7.1474715e-05 0.0024092048 0.51736933 0.33581686 0.7665724
10 6.99954e-05 0.06933550000000001 0.0 0.28203812 1.0
12 6.74371e-05 0.0 0.28438786 0.38337278 0.5585939
4 6.6651715e-05 0.52976555 0.5564215 0.57611257 0.61331683
13 6.3183164e-05 0.0 0.5484161 0.21099462 0.66387886
5 6.173086e-05 0.0 0.65625596 0.52355826 1.0
13 6.1386716e-05 0.0 0.44595832 0.51652 0.9951898000000001
7 6.009543e-05 0.0 0.24240363 0.23206863 1.0
1 5.8568647e-05 0.0 0.14232637 0.28166738 0.6743349000000001
8 5.4277876e-05 0.05344209 0.5468788 0.20980576 0.70974505
13 5.426210600000001e-05 0.0 0.0 0.33543146 0.67671794
3 5.3929390000000005e-05 0.033459023 0.5893244000000001 0.2150435 0.8568826999999999
3 5.305365e-05 0.14631715 0.29748484 0.46600798 0.9567091000000001
10 5.2668644999999996e-05 0.11208010000000002 0.013460004 0.37421155 1.0
4 5.2660140000000004e-05 0.12357011 0.35423923 0.36362877 0.6699066
4 5.213219e-05 0.10838541 0.1130787 0.32843238 0.81279445
3 5.0739043e-05 0.7546611999999999 0.52877796 0.89371586 0.6956936
7 5.0046485e-05 0.024088949 0.41818494 0.25675872 1.0
7 4.9318136e-05 0.0 0.3485868 0.3332553 0.7197209
6 4.570751e-05 0.042528882999999996 0.51896983 0.3042308 1.0
8 4.5357767000000004e-05 0.18822650000000002 0.14070775 0.47042704 0.6909656999999999
2 4.507338e-05 0.02901858 0.40569120000000003 0.29478884 0.7714166
7 4.456742999999999e-05 0.0 0.44234179999999995 0.17062989 0.78487843
4 4.4034543000000004e-05 0.040092222000000004 0.41409102 0.18398827 0.7179637
11 4.3688135e-05 0.53518456 0.5603392 0.5698982 0.6119358
3 4.1981468000000004e-05 0.29350728 0.2601549 0.63607436 0.99641806
13 4.1214138e-05 0.26360178 0.028298978 0.62385315 1.0
8 3.9587823e-05 0.22257113 0.19137876 0.52738404 0.7935333999999999
4 3.885319e-05 0.08096058 0.120828755 0.28013748 1.0
2 3.5771307e-05 0.033232734 0.0 0.32885253 0.7315928
11 3.5589976000000004e-05 0.07313129 0.084854715 0.24481508 0.8784198000000001
1 3.2541912999999996e-05 0.0 0.37058979999999997 0.25417775 0.6041091
10 3.2100663e-05 0.051651575 0.5244769 0.21507528 0.69623274
10 3.208366e-05 0.042097867000000004 0.27288485 0.28836542 0.6794399
2 3.1346503e-05 0.069467776 0.21172653 0.23929065 0.83280945
8 3.1164374e-05 0.020339443999999998 0.50007033 0.14523046 0.6538304
8 2.9898990000000002e-05 0.20123947 0.3488888 0.5034175000000001 0.9374792
13 2.8068845e-05 0.103931755 0.07852215 0.48453292 1.0
13 2.800508e-05 0.54937106 0.0 0.9663698000000001 0.3270166
9 2.7786774999999998e-05 0.025838122 0.35528028 0.16126655 1.0
6 2.695652e-05 0.0 0.39871508 0.45765649999999997 0.9493488000000001
8 2.6918418000000002e-05 0.7318616 0.2179145 0.9377841 0.8765161
8 2.6718357e-05 0.7572039 0.5827383 0.8122062 0.6441845
13 2.553703e-05 0.0 0.5197946 0.17781654 0.6932272
5 2.5447289e-05 0.124361575 0.41512108 0.44475716 1.0
8 2.5397867000000003e-05 0.041034356 0.47179684 0.20945476 0.63757247
9 2.4945203999999997e-05 0.06669155 0.108572364 0.37715933 0.8246346
8 2.4933697000000003e-05 0.42675072 0.24531402 0.72578496 0.84699255
12 2.4345622e-05 0.045203283 0.49020478 0.23512898 0.63904434
10 2.3209745e-05 0.045254946 0.0 0.2154024 0.7440869999999999
8 2.2801858e-05 0.31057727 0.26459277 0.6248544 0.88857555
9 2.2353031000000002e-05 0.042995095 0.52081585 0.2199482 0.6712791
6 2.2250587999999997e-05 0.004151374 0.38824240000000004 0.2893387 0.9224341
2 2.2238137e-05 0.062411234 0.0 0.38820434 0.9757389999999999
3 2.2189706000000002e-05 0.763116 0.5687085 0.82994163 0.65949154
8 2.2170765000000002e-05 0.64392227 0.31642964 0.9127161 0.9450546999999999
2 2.2155817000000002e-05 0.13784723 0.34020162 0.59935236 0.9077415000000001
3 2.0612139000000002e-05 0.466533 0.27245176 0.7972756999999999 0.93411833
5 2.0461564000000002e-05 0.0 0.25228778 0.36470407 0.56698734
8 2.0299407e-05 0.50550187 0.19874239 0.8065821999999999 0.81542546
11 1.9819116e-05 0.10536633 0.40231690000000003 0.25237715 0.72006816
8 1.980142e-05 0.4758157 0.3769567 0.87663215 0.9660764000000001
3 1.9060057e-05 0.06889277 0.44736296 0.26485947 0.6417106
13 1.8930787e-05 0.4324339 0.008611105 0.7973326999999999 1.0
13 1.8522429e-05 0.70470476 0.5633935999999999 0.8475698 0.6844446999999999
8 1.7923199999999998e-05 0.56910205 0.05804868 0.8530375 0.31701258
13 1.733227e-05 0.03719327 0.0 0.44008565 0.80041313
3 1.7268056999999997e-05 0.15177965 0.18114166 0.44301003 0.7053881999999999
6 1.6596603e-05 0.0 0.18662246 0.3686288 0.7439064000000001
4 1.6455753e-05 0.06949806 0.5036961 0.19036004 0.66495764
9 1.6351979999999997e-05 0.07779905 0.4701517 0.5426165 0.9968781999999999
8 1.6039234e-05 0.011487715 0.023741057000000003 0.1400631 0.16635984
1 1.5560387000000002e-05 0.0 0.47908428 0.42206225 0.8958284
12 1.455438e-05 0.016306117 0.0 0.43688196 0.49233640000000006
2 1.4459212e-05 0.112582535 0.13770479 0.4523115 0.9594385
13 1.4118125e-05 0.0 0.48726586 0.20470324 0.62300795
11 1.3403222499999999e-05 0.051911137999999996 0.07945029 0.16911161 0.8045719
1 1.3005746999999998e-05 0.0 0.5630909000000001 0.1801642 0.6770424
8 1.2957813e-05 0.5290937 0.12271514 0.7961583999999999 0.61571586
8 1.2652983999999999e-05 0.645306 0.13782638 0.89798725 0.76395804
8 1.2401865e-05 0.38932043 0.1146637 0.6565462 0.61336595
8 1.16326655e-05 0.43111697 0.46160582 0.7313528 0.9223963
13 1.1618011e-05 0.01774221 0.5523884 0.25202736 0.68455344
3 1.1548871e-05 0.19834824 0.56828964 0.265549 0.67455494
5 1.1223827000000001e-05 0.0 0.3218328 0.26049852 0.63787687
13 1.1166446000000001e-05 0.0 0.00048997963 0.1739022 0.16129427
1 1.1020652e-05 0.0 0.07052233 0.33035895 0.56460524
11 1.0844328e-05 0.053987235 0.0 0.15328178 1.0
13 1.0755975000000002e-05 0.13386598 0.58799076 0.26671442 0.77098787
8 1.069895e-05 0.46127015 0.12369396 0.7260787 0.68451023
13 1.0549475500000001e-05 0.0 0.0 0.19197422 0.56299204
3 1.04700675e-05 0.53732467 0.21958908 0.863713 0.8825273000000001
13 1.0231177e-05 0.0 0.5903368 0.16908792 0.6808466
13 1.0150800000000001e-05 0.0 0.6544854 0.1886359 0.78072745
13 9.801588e-06 0.0036093965 0.4633335 0.24241745 0.5887118
5 9.7321135e-06 0.03860016 0.29663348 0.45728105 0.6748512
6 9.697781e-06 0.012748107 0.57421213 0.24278179999999996 0.6870879
1 9.538476000000001e-06 0.0 0.52662235 0.17630368 0.65120023
13 9.518175999999999e-06 0.35325754 0.0 0.7446933000000001 0.6692811
5 9.170525999999999e-06 0.0 0.57116336 0.1753003 0.6943465999999999
3 9.117669999999999e-06 0.1925576 0.55812955 0.26327664 0.7391378000000001
11 8.968378e-06 0.14173724 0.28616816 0.49390066 1.0
10 8.903068e-06 0.22375801 0.28049257 0.6125959 0.99763143
5 8.690392e-06 0.31042695 0.41068295 0.60639 1.0
2 8.58122e-06 0.009386919 0.5274643 0.20855725 0.6711001999999999
10 8.502703e-06 0.050542615 0.4754005 0.19973367 0.6183065
3 8.292119e-06 0.2526567 0.19985588 0.5621213 0.7360495
10 8.192211999999999e-06 0.06603407 0.5138955 0.17674515 0.7214769
4 7.961218e-06 0.06096361 0.07533044 0.22088477 0.729414
13 7.883854e-06 0.6610888 0.0 0.9839505999999999 0.45156229999999997
10 7.692794e-06 0.029113926000000002 0.6503723000000001 0.19615567 0.7689475
11 7.51683e-06 0.17265604 0.07756714 0.4010353 1.0
6 7.272094499999999e-06 0.0 0.55635166 0.59649074 0.9667280999999999
8 7.2068947e-06 0.75711954 0.6021326 0.80646276 0.6594237
13 7.1905283e-06 0.43872749999999994 0.3770835 0.77173185 1.0
12 7.186735e-06 0.0 0.35330490000000003 0.6297999 0.86756295
8 7.1344242999999995e-06 0.04917626 0.57001734 0.19650581 0.76891667
7 7.070724700000001e-06 0.020828687 0.5463451 0.18068552 0.6891361999999999
8 6.9929333e-06 0.069318295 0.5936821 0.15942968 0.8574350000000001
7 6.9666985e-06 0.0 0.48154128 0.5397297 1.0
13 6.962459e-06 0.50607705 0.0 0.89140916 0.66208553
3 6.9305925000000005e-06 0.35590813 0.45161304 0.7276639 0.9654469000000001
8 6.9236353e-06 0.18296838 0.6692424 0.23841026 0.75996464
10 6.849514e-06 0.24772209 0.20894437 0.48033082 0.96583307
12 6.6842376e-06 0.10905066 0.0 0.5303174 0.55630094
13 6.648636e-06 0.54754126 0.015802426 0.91632354 1.0
13 6.630997999999999e-06 0.0 0.6329799 0.2885443 0.9285981
13 6.5512963e-06 0.19271058 0.20695241 0.53179735 1.0
2 6.469918e-06 0.018706977 0.49858952 0.22275363 0.63931215
9 6.177533e-06 0.66238195 0.0011816274000000001 0.9673634 0.37201437
8 6.170472e-06 0.7031919 0.52393776 0.94360006 0.92948383
13 6.100294299999999e-06 0.34483916 0.34082076 0.6840419 1.0
13 5.999696e-06 0.0 0.6345658000000001 0.15573591 0.754365
4 5.9544213e-06 0.17911029 0.12007547 0.42556679999999997 0.8359200000000001
3 5.890376e-06 0.57724154 0.30967376 0.91784513 0.99151367
10 5.831645e-06 0.14245786 0.0 0.4225523 0.8396116
5 5.830298e-06 0.41231623 0.36217782 0.7039026999999999 0.94318724
12 5.8092187e-06 0.3368202 0.0 0.69721204 0.72045106
10 5.796725e-06 0.20075926 0.005270996 0.44190565 1.0
11 5.686522e-06 0.079225235 0.5312843 0.16926664 0.6783446999999999
3 5.585887299999999e-06 0.42999306 0.16918765 0.75598705 0.70296115
3 5.507316499999999e-06 0.6119826 0.08325176 0.9525988999999999 0.36046532
8 5.359783e-06 0.04151899 0.63179463 0.15098670000000003 0.82803655
13 5.336589799999999e-06 0.17199565 0.0 0.53399783 0.75445557
12 5.070262e-06 0.0 0.24743974 0.44183427 0.8443002000000001
