3 0.995093 0.37387600000000004 0.39299464 0.4944757000000001 0.45956725
8 0.9828916999999999 0.0021156742999999998 0.36715913 0.11190529 0.52295816
3 0.9683685 0.5537513000000001 0.36569697 0.70760924 0.47254384
3 0.9009120999999999 0.20669723 0.40322729999999996 0.25044320000000003 0.45990859999999995
3 0.86499923 0.7921861 0.35360640000000004 0.92945534 0.44314274
10 0.66731465 0.64644045 0.21857402 0.6706347 0.24970818
3 0.6178058000000001 0.46809003 0.39744604 0.50979596 0.4360617
3 0.5309869 0.26688448 0.41677700000000006 0.29553816 0.45031235
10 0.48549905 0.4921736 0.21139318 0.5290471999999999 0.23762454
10 0.33187252 0.49211237 0.20946322 0.51503325 0.23663002
