3 0.97208035 0.65279984 0.37211525 0.7265403 0.45958826
8 0.8902708 0.031934038 0.35481090000000004 0.29688132 0.51336074
3 0.8817273000000001 0.6450903 0.37661693 0.7077511 0.45339033
3 0.8372809999999999 0.7237956999999999 0.29813808 0.9941694 0.5260318
10 0.81788796 0.6496287 0.21817347 0.67389816 0.25404099999999996
3 0.6621188 0.67219144 0.37153473 0.7167346 0.46031007
8 0.59144825 0.28694695 0.39788872 0.33221185 0.45108432
10 0.58333606 0.5757137 0.21389408 0.604631 0.24421936
10 0.56049186 0.49382266 0.21343702 0.5386241 0.23945801
8 0.4234059 0.72989714 0.29157886 0.99105537 0.5178049
6 0.36879057 0.28553720000000005 0.38746688 0.33246420000000004 0.44927559999999994
3 0.30692682 0.015154063999999998 0.35097015 0.29064494 0.5162252
