3 0.9558306000000001 0.90474784 0.42934588 0.99882984 0.5695303
3 0.8526153000000001 0.025733136 0.42984217 0.13650249 0.48196712
8 0.7952773 0.5197435 0.41774192 0.5825201999999999 0.5153634
3 0.75922847 0.46065718 0.45119005 0.5077664000000001 0.4933102
8 0.57561195 0.63643223 0.42542409999999997 0.7149773 0.5193681
3 0.565301 0.5878929 0.4400544 0.6345854999999999 0.49100104
3 0.5094562 0.6901094 0.42248872 0.74823195 0.49689849999999997
3 0.38334647 0.63107353 0.43120643 0.71392727 0.5198848
3 0.3420338 0.26631615 0.45329369999999997 0.3221323 0.5030985
3 0.3166611 0.18493064 0.45623952 0.23383829999999997 0.48470715
8 0.31647956 0.76781476 0.42792553 0.84119797 0.4980134
