3 0.93822694 0.89201397 0.47903052 0.999799 0.58185464
8 0.8742843000000001 0.34396774 0.4726101 0.40983215 0.5565969
3 0.87371457 0.16949125 0.5128212000000001 0.25351816 0.58505833
3 0.8501876 0.038493965 0.50838673 0.15692456 0.59606755
3 0.66069865 0.56740105 0.50780046 0.60651445 0.53792363
3 0.4616731 0.15082431 0.5154474 0.1805505 0.5534435000000001
3 0.43821284 0.41175973 0.5030109 0.4482992 0.5377451
3 0.42816398 0.4337044 0.50675434 0.46660334 0.5402625
3 0.42802995 0.5619948 0.50964254 0.59107673 0.53946227
3 0.38350695 0.4255388 0.5060840999999999 0.45818859999999995 0.5379915
3 0.36877853 0.44513282 0.50536907 0.47502089999999997 0.5375460999999999
3 0.30451533 0.34218740000000003 0.48749548 0.40535614 0.56075275
