3 0.99513865 0.46132070000000003 0.37892267 0.5838760999999999 0.46232307
3 0.96991503 0.003360819 0.40975705 0.08054457599999999 0.49537858
3 0.9655384 0.21911016 0.41427505 0.26538527 0.47514480000000003
3 0.9074269 0.6138554 0.39828172 0.65406555 0.4457889
8 0.87290305 0.8919931000000001 0.26239148 1.0 0.52701193
8 0.7988886 0.69584596 0.34455216 0.8977200999999999 0.4601721
3 0.71756953 0.35728514 0.42466706 0.37607956 0.4465673
10 0.47230852 0.7291008000000001 0.24047104 0.7432736 0.30432752
3 0.35390183 0.30889443 0.4134994000000001 0.32889828 0.43506795
3 0.3227572 0.35267404 0.42459949999999996 0.3712798 0.44364417
