3 0.9791525999999999 0.75421417 0.4851095 0.9144466999999998 0.5882221
8 0.9392666 0.5476266 0.43722194 0.61416173 0.52582717
8 0.88468266 0.89532197 0.45673820000000004 1.0 0.5864775999999999
3 0.8762770000000001 0.71327335 0.48208955 0.7701719 0.51633966
8 0.73746854 0.47679493 0.45662984 0.5183981 0.51490664
8 0.7223858 0.5146969 0.42121990000000004 0.6145408 0.5203711
8 0.6671585 0.47392914 0.43607226 0.53281486 0.5122959
8 0.5720834 0.6432227 0.44985664 0.70308554 0.51795805
3 0.42824987 0.43514597 0.47707209999999994 0.46283275 0.49848557
8 0.33206764 0.64965636 0.47339549999999997 0.6951733 0.5204534000000001
