3 0.9870604 0.85597897 0.58704543 0.96209073 0.65808094
3 0.972416 0.23840144 0.55952775 0.2771352 0.6047416999999999
3 0.9553940000000001 0.005394642 0.5361279 0.10779918 0.613609
3 0.9512613000000001 0.11876423 0.5568365 0.17377903 0.6031758
3 0.94656247 0.6992716999999999 0.5657111 0.7595755 0.6037640999999999
3 0.92354536 0.6415337 0.57369655 0.6753640000000001 0.5992018
3 0.9146609 0.6746986999999999 0.5665894 0.7077787 0.60137475
3 0.88729316 0.97316897 0.5816814 1.0 0.6214772
3 0.88449264 0.17352338 0.5508476999999999 0.22265075 0.60459375
3 0.8633738999999999 0.48756313 0.57128596 0.51534253 0.59064674
3 0.8402403 0.27516598 0.55013096 0.30386314 0.5989021
3 0.7830701999999999 0.9302739 0.58009446 0.98750424 0.6226148
10 0.74052143 0.83966285 0.0039147240000000005 1.0 0.3248572
3 0.69296056 0.21160485 0.5499884 0.24590088 0.59743744
10 0.47749309999999995 0.44950363 0.44204146 0.46080896 0.45761797
3 0.46304196 0.5482246999999999 0.5646495 0.5646631 0.5857238
3 0.35572705 0.023071513 0.7783045999999999 0.7160774000000001 0.99493635
