3 0.99627197 0.0 0.6337261 0.13172379999999997 0.7715014
3 0.99544674 0.18838915 0.6321998999999999 0.35738888 0.73758435
3 0.9771641999999999 0.79755914 0.61693174 1.0 0.76418704
3 0.9757043 0.09857482 0.6476604 0.19704935 0.73055995
3 0.9690129000000001 0.471371 0.62140787 0.6404923 0.7271012
10 0.9639656999999999 0.958468 0.19669491 0.9804993000000001 0.2957906
10 0.9591728999999999 0.3598748 0.38890812 0.37521082 0.44336426
10 0.9536931999999999 0.6029036 0.40996212 0.615874 0.4641084
10 0.9399267 0.4273907 0.39611107 0.4403892 0.44936368
3 0.87621427 0.37435192 0.6471026999999999 0.42006272 0.70269966
3 0.80605555 0.4188731 0.6632372 0.44813082 0.69523853
10 0.77289385 0.74250305 0.5149692 0.75688326 0.57856816
10 0.7708995 0.53103644 0.40411878 0.5426342 0.45735812
3 0.69481444 0.46892193 0.65935564 0.500243 0.70690507
3 0.58763784 0.17219077 0.63915765 0.24349505 0.6819569999999999
3 0.49846253 0.33160323 0.6345244000000001 0.36871544 0.69965947
10 0.4611199 0.36349475 0.3901261 0.380272 0.44178006
