3 0.97641695 0.7591674 0.6720185000000001 0.8460573 0.72432184
3 0.96606165 0.47730482 0.6785015 0.505162 0.7171728
3 0.9611823 0.07842032 0.6986760000000001 0.1454478 0.7517289
3 0.8844832 0.14228846 0.6852467 0.19818509 0.7396607
3 0.7601548 0.83746505 0.6265004 0.95742446 0.70836926
3 0.5388367 0.5285983 0.6942741 0.54401654 0.7132782
3 0.47976798 0.7164913 0.67135465 0.77317846 0.71236515
10 0.45504186 0.39455044 0.53681886 0.4149621 0.5520651
3 0.4381651 0.11012571 0.766807 0.94593424 0.9996234
8 0.40944165 0.83728707 0.6262977 0.96340764 0.70846057
