3 0.99810517 0.47203276 0.6446071 0.66298044 0.7505584
3 0.99638176 0.64750534 0.63145584 0.7887557 0.7343381999999999
3 0.9773941999999999 0.8734713 0.62253326 0.9970823 0.72797596
10 0.9680281999999999 0.9416370999999999 0.19371293 0.96350384 0.29174459999999997
3 0.9621429 0.19343837 0.6544999 0.22552332 0.7153594
10 0.94052833 0.58420455 0.41325959999999995 0.59841996 0.46776947
10 0.9293942 0.50894386 0.40866432 0.5215521 0.4626832
10 0.9289586999999999 0.40595976 0.40639576 0.41954625 0.45749062
3 0.86917454 0.28657383 0.6416010999999999 0.35045025 0.7130164999999999
10 0.8331825 0.9912148000000001 0.1413782 1.0 0.2373777
3 0.79508406 0.35680076 0.65607417 0.4055586 0.71230495
10 0.79437673 0.72486526 0.51686585 0.74225944 0.5910914
10 0.76731473 0.34015948 0.3992598 0.35589075 0.45372576
3 0.6189292 0.0 0.56156445 0.20195594 0.81953895
3 0.5711849 0.39880103 0.67001265 0.43256283 0.7036338000000001
3 0.49321073 0.2217387 0.6655654000000001 0.24827844 0.6954679
8 0.47543266 0.76277983 0.63472104 0.8604603999999999 0.71988225
3 0.42248452 0.76525843 0.6361416999999999 0.8631346999999999 0.72078127
8 0.37429348 0.0 0.57210463 0.19897495 0.8142411
10 0.35451394 0.98799115 0.14656624 0.9983921 0.2443496
10 0.32672077 0.9822537 0.16771714 0.9981203000000002 0.24682443
