3 0.99662566 0.84162325 0.5910287 0.99796104 0.739133
8 0.8229481 0.49214274 0.6223986 0.5205595000000001 0.6599184
3 0.78978467 0.04608236 0.5517141 0.2867687 0.86678255
3 0.7198864 0.0049835094 0.4968196 0.23373537 0.9828093000000001
10 0.62765825 0.7964611999999999 0.24897876 0.84424126 0.31581240000000005
3 0.62432593 0.021671193 0.55858606 0.3750409 0.9426553
3 0.5584617 0.014299777 0.56071544 0.7520616 0.99187845
10 0.53983504 0.5651191999999999 0.51091087 0.5749638000000001 0.55614567
10 0.5116261 0.46410444 0.47107005 0.48423433 0.4999214
3 0.44286752 0.05317915 0.72410154 0.7877246999999999 0.9987644
