3 0.9849036 0.83874094 0.55660164 0.94594496 0.62488246
3 0.97986895 0.22520386 0.5171941 0.26445523 0.56354237
3 0.97136724 0.10636528599999999 0.51410127 0.15963295 0.5619715999999999
3 0.92087543 0.6706234999999999 0.5306253000000001 0.7413463 0.5672050999999999
3 0.9182847 0.26001486 0.510559 0.29088432 0.5619705
3 0.8958508 0.95645106 0.55083686 0.99897355 0.5842753
3 0.8866523999999999 0.15981533 0.5100916 0.21347913 0.5628456999999999
3 0.8787421000000001 0.46993370000000007 0.53306437 0.5030117999999999 0.5544266999999999
3 0.8554924 0.95602447 0.58365726 1.0 0.62930036
3 0.82245964 0.66013867 0.5357951999999999 0.6912043000000001 0.5664861
3 0.67804575 0.20349848 0.51098925 0.23397237 0.5525521
3 0.6757343000000001 0.59226584 0.53931844 0.6136009 0.56542355
3 0.66817266 0.5974421999999999 0.5343764 0.62130886 0.56402755
3 0.59940976 0.62961537 0.54249966 0.66055256 0.5615595999999999
3 0.5013764 0.60871625 0.55227184 0.62867785 0.5869260000000001
3 0.47626599999999997 0.91884786 0.5488778 0.9682363000000002 0.5901333000000001
3 0.3542546 0.9573075999999999 0.569098 0.99818677 0.60477
3 0.34494436 0.92793554 0.5554992 0.9695185 0.6033783
