3 0.9823944 0.6424776 0.676639 0.7349011 0.7303655
3 0.9661046999999998 0.07052496 0.7003680999999999 0.14137515 0.7557062
3 0.9423273000000001 0.47405519999999995 0.68448865 0.49962429999999997 0.71946687
3 0.81470037 0.8345284 0.62836856 0.94965994 0.7108505999999999
3 0.81256366 0.13451655 0.69170284 0.19232513 0.7443656
10 0.79448247 0.38869098 0.5343355 0.41355379999999997 0.5549823
3 0.67435807 0.72902465 0.6729401999999999 0.7565215999999999 0.70745873
10 0.53859115 0.45176476 0.5361178000000001 0.47149220000000003 0.55500865
3 0.52344376 0.73955184 0.6752161999999999 0.79148227 0.71067256
3 0.38889146 0.11663367 0.77343816 0.9507868 0.99509466
