3 0.99130917 0.60217637 0.6291114999999999 0.7228498999999999 0.69513917
3 0.9563683000000001 0.051729105 0.6615781999999999 0.12248797 0.7157814
3 0.92762464 0.11793736 0.6507724 0.17323045 0.70602196
3 0.81045705 0.8121136 0.59640384 0.92949426 0.6790819
3 0.6682070999999999 0.26488033 0.76703304 0.97164387 0.99045587
10 0.59860754 0.37259817 0.49898285 0.39334288 0.5166398
10 0.5627739 0.7588866 0.023949157000000002 0.9894246999999999 0.32416254
10 0.3601071 0.2817509 0.49342763 0.321569 0.51879966
10 0.35985348 0.5151340999999999 0.5983763000000001 0.5214686 0.6250682
10 0.35831589 0.43277347 0.5011158 0.4487906 0.5172715
