3 0.9949889999999999 0.75139797 0.6140058 0.9723514999999999 0.74492854
3 0.98802304 0.29811123 0.6116402 0.46065676 0.7114191
10 0.96907836 0.31203628 0.36743945 0.32630349999999997 0.42207354
3 0.9690027 0.123221055 0.622594 0.1908336 0.6881603000000001
10 0.9619704 0.9068573 0.18207169 0.92808825 0.2762289
10 0.9570548000000001 0.95501906 0.12595564 0.9837684000000001 0.23264796
3 0.93791556 0.5053549 0.62067556 0.53857446 0.6730119000000001
3 0.9282024999999999 0.5553073000000001 0.61336875 0.6492104999999999 0.6888794
10 0.9161003000000001 0.55669516 0.38694286 0.5684934 0.44249305
10 0.9157735 0.38020658 0.37545142 0.39245263 0.42639923
10 0.91135615 0.48071329999999995 0.3828667 0.49329504 0.43664655
3 0.910761 0.00018177662 0.62100655 0.04332217 0.7063524999999999
3 0.90710986 0.64824164 0.59600496 0.8112408 0.6996535
3 0.8974412 0.9081248 0.5929645 1.0 0.6988698
3 0.7892639 0.25678867 0.6134895 0.31482899999999997 0.6871633
3 0.68120724 0.460254 0.6303194000000001 0.49545032 0.66409135
3 0.68108964 0.18880782 0.63191015 0.214747 0.66651
10 0.4622308 0.31552464 0.36820579999999997 0.331463 0.4189145
10 0.42640868 0.6940132 0.49477467 0.7077909 0.56351537
8 0.40947348 0.2568895 0.6127559 0.31519005 0.68648124
3 0.32623506 0.08975720400000001 0.61965454 0.12181462 0.6552336999999999
