3 0.9955065000000001 0.23970474 0.64240086 0.38100359999999994 0.7162673
3 0.98875916 0.5014731 0.63129187 0.62066823 0.7038671
3 0.9778226999999999 0.047750972 0.6603371 0.11778636 0.7148199000000001
3 0.8644056999999998 0.11140947 0.6513783000000001 0.17033188 0.7050550999999999
3 0.8385973 0.8097747 0.6038099 0.92662805 0.6816694000000001
10 0.74550766 0.36882746 0.50064003 0.38997772 0.5182545000000001
3 0.6023666999999999 0.024307122 0.6651563 0.052765716 0.69629186
3 0.4694349 0.28075173 0.77821726 0.96657044 0.9892303
10 0.44623628 0.3729887 0.5021890999999999 0.39258740000000003 0.5219712000000001
3 0.42671670000000006 0.9304056 0.6372426 0.9560065999999999 0.6718873000000001
10 0.34275603 0.28055087 0.49413598 0.32638386 0.5187705
10 0.31355426 0.43032384 0.5032042 0.44583777 0.51858395
3 0.3096993 0.12845714 0.7000221999999999 0.94700736 0.98541087
