3 0.9962937 0.47293037 0.6002672 0.6606985 0.7244972
3 0.9798200999999999 0.08940132 0.62510455 0.16134518 0.6922103000000001
10 0.9760549000000001 0.92153054 0.13625050000000002 0.94517124 0.23676717
10 0.9437877 0.87568927 0.18875216 0.89567983 0.28029788
3 0.9434289 0.65135384 0.61493856 0.74906784 0.6966701999999999
10 0.9236061 0.2800282 0.37089908 0.29479107 0.4250794
10 0.90540624 0.5259172 0.39068183 0.53962207 0.44404802
10 0.8904002000000001 0.3479802 0.37539809999999996 0.36296216 0.42669982
3 0.8778746999999999 0.22608086 0.6171545 0.29326394 0.68879557
10 0.8652363999999999 0.45192367 0.38504457 0.46402338 0.43718523
3 0.8277005 0.33799604 0.64375407 0.37107846 0.6768196999999999
3 0.8159668999999999 0.29473305 0.6300041000000001 0.34135494 0.6863741999999999
3 0.77467 0.86966056 0.61237967 0.9224945999999999 0.66536725
3 0.6756446999999999 0.27986002 0.6267693 0.3063137 0.67905974
10 0.65734845 0.66215146 0.49840426 0.67709035 0.56642926
10 0.64622444 0.28325942 0.36927414 0.30022568 0.42279753
3 0.42532957 0.15776183 0.63747436 0.17941223 0.6673144
10 0.42180002 0.52872086 0.39155775 0.5435658 0.44611466
3 0.30139309999999997 0.43735772 0.64054304 0.46701115 0.6691365
