3 0.99514055 0.46920466 0.5058043 0.6194309 0.5870078000000001
3 0.95326334 0.93032765 0.5318831 0.99602276 0.5748628
3 0.9375735999999999 0.24630727 0.5064582999999999 0.28535837 0.5505350999999999
3 0.92127186 0.6819457 0.5151154 0.7627142 0.5549215000000001
3 0.8217438 0.6558149999999999 0.52583057 0.68348116 0.5496224000000001
3 0.8150258 0.29462326 0.5039685 0.30832148 0.5250559
3 0.7580348000000001 0.29202142 0.5079220999999999 0.30843022 0.5286350000000001
8 0.6978098 0.0456716 0.38044286 0.23739949999999999 0.56908935
8 0.6785083000000001 0.0013321706 0.40473159999999997 0.16384542 0.63393164
3 0.6783951 0.35525009999999996 0.50039786 0.39127392 0.5529734000000001
3 0.60012263 0.6569213 0.5338578 0.6817637 0.5535258000000001
10 0.5844851 0.5093399000000001 0.3944466 0.5272698 0.41344032
3 0.5284998000000001 0.6279735 0.5386121 0.6474146 0.5711946
3 0.5261263 0.08188137 0.72021675 0.94391876 0.98049897
10 0.47661272 0.85078317 0.0 0.995023 0.27090603
10 0.45115720000000004 0.45746446 0.38728714 0.47177672 0.40532064
3 0.40262857 0.23818119999999998 0.49753500000000006 0.25612015 0.5313897
3 0.3483442 0.6823674 0.5247666999999999 0.7013 0.55196494
3 0.34109 0.9678382999999999 0.5384909999999999 0.9983354999999999 0.5746518
8 0.31360520000000003 0.355745 0.4993219 0.39094365 0.55366385
3 0.3003797 0.0 0.40446907 0.15049554 0.64184844
