3 0.9979849000000001 0.47158796 0.6090215999999999 0.6706761 0.71808875
3 0.99551094 0.3359034 0.6019262 0.5106727 0.7023523
10 0.98012036 0.92766064 0.12903142 0.95245385 0.23082936
3 0.97959423 0.09645281 0.61275107 0.16657849 0.680786
10 0.9543623999999999 0.35541534 0.36622209999999994 0.36949134 0.41931555
3 0.95417106 0.23102377 0.60688853 0.2923975 0.6766101999999999
10 0.9424302999999999 0.28878254 0.3607936 0.3018395 0.4153635
10 0.93346244 0.879871 0.18305062 0.90194243 0.2771316
3 0.9051339 0.87409824 0.60871136 0.9251358000000001 0.66205156
10 0.9047632 0.5343198 0.38494366 0.546407 0.43628955
10 0.7659145 0.45816776 0.37844133 0.47080478 0.4281363
3 0.7652063 0.3002592 0.62008727 0.35471407 0.6766371
3 0.72932345 0.69512016 0.6091663 0.72002053 0.64696586
10 0.7039115 0.6691305000000001 0.4900434 0.6853514 0.5502107
3 0.53779066 0.7070744999999999 0.6095136999999999 0.7232986 0.6479358000000001
3 0.5013350999999999 0.16500247 0.6296607 0.18967764 0.65760195
3 0.41553727 0.30437288 0.6177484000000001 0.35557300000000003 0.65817714
10 0.38526776 0.67873764 0.5575765 0.6878364 0.593454
10 0.36208016 0.29390806 0.36136776 0.30738288 0.41360813
