3 0.9384078000000001 0.12152735 0.6513298000000001 0.17891964 0.7066785
3 0.8533815999999999 0.68456393 0.62956786 0.7870773 0.6924591999999999
3 0.83008325 0.47096145 0.6544615 0.49484923 0.6782087
8 0.81873524 0.54908395 0.62708485 0.6641571 0.69732255
3 0.7964564000000001 0.0 0.65144205 0.056385446 0.73496723
10 0.78380036 0.37828898 0.5022769 0.3983281 0.519373
3 0.71689165 0.05108039 0.6582607 0.117409565 0.7268216
3 0.6233801 0.820674 0.5986489 0.94665414 0.6813415
10 0.5955119000000001 0.4399999 0.5027275999999999 0.4568787 0.5184055999999999
3 0.58477205 0.29581037 0.76795244 0.97028214 0.9914709999999999
10 0.46843679999999993 0.77327836 0.027140629 0.988317 0.31909025
8 0.44548267 0.81938404 0.5989983 0.948657 0.68040955
3 0.41097510000000004 0.5474998999999999 0.62825125 0.6650575 0.6997964
10 0.40450877 0.7025151999999999 0.021846712 0.97790617 0.37797397
3 0.39525429999999995 0.024519432 0.6502869000000001 0.10580353 0.72658455
3 0.36518747 0.10295505 0.6556835 0.13250837 0.70565575
8 0.3104397 0.024984157000000003 0.6499729000000001 0.11626562 0.72638834
