3 0.9717694 0.07484923 0.69471925 0.14350301 0.7449305
3 0.9509192 0.47036728 0.6727228 0.49920967 0.7116188
3 0.85416836 0.14157046 0.6810611999999999 0.19522291 0.734812
3 0.77116257 0.49968937 0.67884874 0.5158817 0.69991493
3 0.68241256 0.8345746999999999 0.61708593 0.9551444 0.7026614999999999
3 0.58638805 0.71516716 0.6655273 0.78706074 0.701017
10 0.5571255 0.39266732 0.52736115 0.40587616 0.5461807
8 0.46790445 0.8344039000000001 0.6182009 0.95848566 0.7024863
10 0.45636415 0.4512213 0.52723354 0.46721473 0.54420865
3 0.39870083 0.9594308000000001 0.64524573 0.981007 0.6905236
3 0.3529748 0.13760799 0.7650869 0.94810396 0.9967958
5 0.34158722 0.6936656 0.04211911 0.98922145 0.42421457
10 0.30219996 0.39479154 0.52607197 0.41090070000000006 0.5457063
