3 0.94735897 0.16102436 0.45376176 0.22430909999999998 0.51530015
3 0.93244916 0.3585492 0.43175328 0.3758895 0.45702273
3 0.8762267 0.32935947 0.44065519999999997 0.34601054 0.46332055
3 0.629939 0.33265429999999996 0.43903232 0.35086688 0.46105784
3 0.62720174 0.32987186 0.44701720000000006 0.34907997 0.46435294
3 0.6140100000000001 0.46339944 0.426158 0.47958517 0.44140470000000004
3 0.5797602 0.20238587 0.4505052 0.23113146 0.49329662
3 0.5074725 0.3605196 0.43846080000000004 0.37794194 0.46161090000000005
3 0.40235397 0.18509991 0.44731694 0.23117462 0.49103004
7 0.31887668 0.20383619 0.44181308 0.98840004 0.91953397
