3 0.9908370999999999 0.6583158 0.5147913 0.8302581 0.6311164
3 0.99043465 0.10973095 0.5095354 0.27498090000000003 0.5923529000000001
3 0.9902818000000001 0.53274536 0.5193026 0.6522452 0.59119266
10 0.9514929 0.44059380000000004 0.3378753 0.45100206 0.37942442
10 0.9420002000000001 0.35043842 0.3115365 0.36394715 0.3835481
3 0.9023127000000001 0.08617773 0.5212878 0.14670406 0.5780350999999999
3 0.89631265 0.8181411 0.53098935 0.87958497 0.60388607
3 0.8190488 0.31587827 0.5035943 0.3656298 0.5702214
10 0.7818470999999999 0.44326037 0.3402756 0.45385018 0.38289106
10 0.718949 0.5084974 0.34391826 0.52053607 0.38070935
3 0.67764664 0.0012819619 0.51939464 0.059531695999999995 0.5878564000000001
3 0.4991058 0.15973043 0.7104815999999999 0.94207555 0.9835440000000001
5 0.48764399999999997 0.61314505 0.0033437412 0.97674686 0.3663118
3 0.35182258 0.0103878705 0.69152105 0.68403727 0.9995653
5 0.31891498 0.0 0.5164826 0.06150887 0.58650756
