3 0.97958857 0.90719366 0.60245585 0.9976264000000001 0.85978574
8 0.9469866 0.5612600999999999 0.49181720000000007 0.9739924999999999 0.71853626
3 0.90051055 0.47844269999999994 0.49172340000000003 0.532894 0.5483479
3 0.8870296999999999 0.060668297 0.4270063 0.21635206 0.5149978000000001
3 0.88116056 0.21052098 0.45713127 0.26095855 0.5211855
3 0.8318559999999999 0.012448805 0.42208597 0.0712565 0.49768803
3 0.8248247 0.45616993 0.5003553 0.47392815 0.53249323
3 0.8076014 0.49302533 0.49873918 0.54597497 0.5540863
3 0.7937886 0.5169903 0.506219 0.56124485 0.5703683
3 0.7715128000000001 0.21537060000000002 0.46436238 0.28514093 0.5251469
3 0.7252123 0.49780095 0.5097482 0.5277739 0.56254745
3 0.7039118000000001 0.46289775 0.50164086 0.48233974 0.53609896
3 0.6825747 0.4733655 0.49262659999999997 0.51525474 0.54316556
3 0.67258936 0.4723031 0.49742020000000003 0.49425384 0.5408831999999999
3 0.61040586 0.52994686 0.5128434000000001 0.5666996999999999 0.5786541999999999
3 0.5464193 0.00078179216 0.41511363 0.052643906 0.48001775
3 0.53810656 0.24814802 0.46067876 0.30011448 0.49677444
3 0.5209023 0.5373448000000001 0.51051545 0.6093545 0.5853314000000001
3 0.51729614 0.014323987 0.4391317 0.061882272 0.5071822
3 0.49835178 0.02760552 0.42144793 0.073600575 0.46077627
3 0.48510987 0.22824090000000002 0.47531325 0.30439892 0.52644765
3 0.44920558 0.25103807 0.45977545 0.28822592 0.48060584
3 0.39683658 0.48489112 0.49365366 0.50476015 0.54698044
3 0.32508233 0.553678 0.48279629999999996 0.9802417 0.7288800999999999
