3 0.97467357 0.063290186 0.6602363 0.1338782 0.7158498000000001
3 0.9610559000000001 0.12903275 0.650651 0.18287191 0.7036266
3 0.91135204 0.94403315 0.6300938 0.9712620999999999 0.6710924
3 0.837893 0.36705820000000006 0.6333213000000001 0.5107457000000001 0.7089986999999999
10 0.7898233 0.38064033 0.50099087 0.40148449999999997 0.51861084
8 0.7467832 0.31306583 0.63015187 0.47678196 0.70479006
3 0.7065121 0.8238843000000001 0.60010767 0.94846416 0.6800746999999999
10 0.59373033 0.7598286999999999 0.024910599 0.9888839 0.32204387
10 0.57135576 0.44132659999999996 0.5025859 0.45954663 0.5184524
3 0.5149267 0.31602293 0.7688341 0.97927195 0.9878812
8 0.46677179999999996 0.8261886999999999 0.59722936 0.9501674000000001 0.678502
3 0.36322662 0.03835816 0.67288494 0.06415487 0.69494534
10 0.34982875 0.5259908 0.6034378 0.53254545 0.6249602
10 0.32317140000000005 0.2931583 0.49356459999999996 0.33693629999999997 0.5191518
8 0.31997526 0.31203666 0.6331871 0.41539648 0.70612895
8 0.31089240000000007 0.2068632 0.6257377 0.22540939 0.6819440999999999
