3 0.97824496 0.46870184 0.6337193 0.6001919 0.7059662
3 0.9657659 0.055869684 0.6674821 0.12409535 0.7193755000000001
8 0.9344778 0.19918491 0.641138 0.33780363 0.71795887
3 0.9127973 0.11882278 0.65273666 0.17605279999999998 0.7100496000000001
3 0.7705852 0.4091258 0.63427824 0.5011251 0.7031035
10 0.76521605 0.37547117 0.50349766 0.39524737 0.5228629
3 0.73412 0.8164929 0.5997726 0.9355872 0.68011177
10 0.6877641999999999 0.75894207 0.025245845 0.9883488000000001 0.32499140000000004
10 0.45297146 0.43730974 0.5043302 0.45244548 0.5208465
3 0.43257302 0.6957041 0.6436678000000001 0.7751017 0.67735636
3 0.41267318 0.32114699999999996 0.7746498 0.9745784 0.988173
8 0.38907015 0.41216090000000005 0.6332128 0.50537604 0.7048166
8 0.3060386 0.8159987 0.597417 0.9344853999999999 0.6798228000000001
