3 0.95919454 0.7428905 0.63011765 0.83498794 0.69168615
3 0.9579841999999998 0.06767031 0.66511726 0.13896298 0.71692204
8 0.92353773 0.5999923 0.62682736 0.7263816999999999 0.6967701
3 0.9130301 0.47116163 0.65403956 0.49390247 0.68378085
3 0.90786105 0.13159026 0.65150344 0.18816485 0.7060838
3 0.71352375 0.8306107 0.59956783 0.94986254 0.6800709
10 0.50324214 0.3868453 0.50396705 0.40364298 0.51968783
3 0.48781407 0.7190415 0.6407908 0.7532986999999999 0.6776173000000001
3 0.48458582 0.31797665 0.772011 0.98016465 0.98880833
10 0.4126084 0.5246486 0.6054605 0.53240657 0.6238630999999999
10 0.39458692 0.7147314 0.017765582 0.97619605 0.35705623
8 0.34551045 0.83035815 0.6014255000000001 0.95326746 0.68167514
10 0.32339153 0.44697250000000005 0.5054067 0.46033815 0.51940703
8 0.31591663 0.21114999 0.6263038000000001 0.22935921 0.6826091
