3 0.99299157 0.829469 0.6168009 0.9674891999999999 0.69474185
3 0.97588545 0.09364882 0.62070304 0.16595957 0.68866765
10 0.9693674999999999 0.28669190000000006 0.3648336 0.30012044 0.41848803
10 0.9670263000000001 0.8792116 0.18247739999999998 0.89997697 0.277117
3 0.9655239 0.352387 0.636299 0.38014895 0.6714553000000001
10 0.9618635 0.9253014 0.12826657 0.9508573 0.2282939
3 0.94889945 0.23121966 0.6105581999999999 0.2934415 0.6827551
10 0.9408579 0.35535815 0.37061423 0.36846223 0.42220053
3 0.93336886 0.37823287 0.6318060999999999 0.4046647 0.6677765
10 0.89525163 0.53382754 0.3864506 0.54588175 0.43868014
10 0.7872724 0.45845026 0.37945125 0.4711634 0.4291852
3 0.7708479 0.30057207 0.6234601 0.3491938 0.67772454
3 0.6706890999999999 0.28117764 0.6147884 0.3126078 0.65453553
3 0.5951837 0.44923859999999993 0.6446321999999999 0.46933067 0.6635767
10 0.48286846 0.6695219 0.49224696 0.68413 0.5610498
3 0.43028575 0.42674750000000006 0.6482428000000001 0.4382188 0.6650946
10 0.3432892 0.9071329 0.18232268 0.9273747999999999 0.24253455
3 0.32736737 0.45338994 0.6437887 0.47441402 0.6627543
