3 0.997324 0.0 0.6027670999999999 0.28485543 0.7970809
3 0.99647397 0.64849406 0.6201055 0.8186441999999999 0.7064688
3 0.99636024 0.82896477 0.61051524 0.99819267 0.7386288000000001
10 0.9736925999999999 0.94358313 0.13131294 0.9689421 0.23467228
10 0.94880176 0.89595294 0.18482123 0.9172529 0.2758909
10 0.9200903 0.5481724 0.38919390000000004 0.5614985 0.44400704
10 0.9123199000000001 0.4734589 0.38825366 0.48521465 0.43951875
10 0.9107018 0.30272996 0.37061274 0.31779194 0.42653733
10 0.9053825000000001 0.37075240000000004 0.37908396 0.38291007 0.429154
10 0.90330094 0.68438756 0.4972759 0.6986716 0.5564479999999999
3 0.8779511999999999 0.77491 0.62612796 0.84807974 0.6933939
3 0.75816154 0.25660646 0.59797716 0.38644356 0.7156674
8 0.5683134 0.51119065 0.6160977 0.55925995 0.68381685
3 0.56709355 0.51165867 0.6176202 0.55899304 0.6837358
3 0.5648763000000001 0.40264776 0.6356439 0.430095 0.6704439
10 0.5592178000000001 0.30684394 0.3694647 0.32285494 0.42398632
8 0.51111543 0.25686818 0.59889656 0.38809133 0.7151816999999999
10 0.49238908 0.37502247 0.37900937 0.3872558 0.43059713
8 0.34882957 0.40345812 0.63415563 0.43110648 0.6711415
10 0.31507647 0.92359024 0.18328652 0.93654346 0.24953409999999998
1 0.30210596 0.63589054 0.63189185 0.6437265999999999 0.6638895
