3 0.99574524 0.0 0.62821686 0.20680887 0.75750625
3 0.99139374 0.2271403 0.6285879 0.39035190000000003 0.71934783
3 0.99105936 0.87866586 0.6033904 0.99749476 0.7121531
10 0.9824056000000001 0.96740294 0.1298164 0.99458736 0.22949181
3 0.97247386 0.7066368000000001 0.61376476 0.8341716 0.70363057
10 0.9631844 0.9202437 0.18321314 0.9401893 0.27848148
10 0.9545452 0.32380855 0.37387818 0.33833483 0.43075252
10 0.94992673 0.5676564000000001 0.39210874 0.5804722 0.44579327
10 0.9401198000000001 0.39136770000000004 0.38103843 0.4040311 0.43284750000000005
10 0.885901 0.7051866999999999 0.4962688 0.72104436 0.5581229999999999
10 0.8694945 0.49284062 0.38779718 0.5051775 0.44030806
3 0.67984444 0.38248253 0.6492157 0.41428894 0.6768939
8 0.67081517 0.42950508 0.5894613000000001 0.6134839 0.7058878000000001
10 0.59188294 0.32658395 0.37181795 0.34328166 0.42913204
3 0.52881294 0.61929744 0.65333515 0.6337005 0.66885155
3 0.3841153 0.6216875 0.65122175 0.63737196 0.66892743
3 0.37459886 0.2028129 0.6421746 0.2273828 0.673743
3 0.32497394 0.42773795 0.58850306 0.6142524 0.7047838000000001
