3 0.013333333333333334 0.2490118577075099 0.14 0.3438735177865613
3 0.24222222222222226 0.2648221343873518 0.28 0.2924901185770751
3 0.32 0.2727272727272727 0.33555555555555555 0.2924901185770751
3 0.34 0.2727272727272727 0.3555555555555556 0.2924901185770751
3 0.3555555555555556 0.26877470355731226 0.37333333333333335 0.2924901185770751
3 0.38 0.2766798418972332 0.3977777777777778 0.2924901185770751
3 0.5155555555555555 0.2845849802371542 0.5488888888888889 0.3201581027667984
10 0.4555555555555556 0.21739130434782608 0.4666666666666667 0.22529644268774704
10 0.48 0.21739130434782608 0.4911111111111111 0.2292490118577075
10 0.4266666666666667 0.2134387351778656 0.44222222222222224 0.22529644268774704
