10 0.2822222222222222 0.3557312252964427 0.2977777777777777 0.4071146245059288
10 0.3488888888888889 0.3675889328063241 0.3644444444444445 0.4229249011857708
10 0.4555555555555556 0.37549407114624506 0.4666666666666667 0.4268774703557312
10 0.5311111111111111 0.383399209486166 0.54 0.43478260869565216
10 0.6644444444444444 0.4822134387351778 0.6777777777777778 0.5533596837944664
10 0.8755555555555555 0.18181818181818185 0.8866666666666667 0.2727272727272727
10 0.9244444444444444 0.13043478260869565 0.94 0.233201581027668
3 0.08888888888888889 0.6126482213438735 0.16 0.6877470355731226
3 0.16 0.6324110671936759 0.18666666666666668 0.6600790513833992
3 0.22666666666666666 0.6086956521739131 0.2911111111111111 0.6877470355731226
3 0.2866666666666667 0.6047430830039525 0.3111111111111111 0.6679841897233202
3 0.2955555555555556 0.6205533596837944 0.3488888888888889 0.6877470355731226
3 0.3511111111111111 0.6363636363636364 0.3755555555555555 0.6640316205533597
3 0.37777777777777777 0.6324110671936759 0.4022222222222222 0.6600790513833992
3 0.44222222222222224 0.6442687747035574 0.4622222222222222 0.6561264822134387
3 0.07333333333333332 0.6205533596837944 0.09555555555555556 0.6482213438735178
3 0.4177777777777778 0.6403162055335968 0.44222222222222224 0.6640316205533597
3 0.4666666666666667 0.6442687747035574 0.4733333333333333 0.6600790513833992
3 0.4777777777777778 0.6442687747035574 0.4911111111111111 0.6640316205533597
3 0.4911111111111111 0.6442687747035574 0.5088888888888888 0.6600790513833992
3 0.5866666666666667 0.6403162055335968 0.5955555555555555 0.6561264822134387
3 0.5733333333333334 0.6324110671936759 0.5844444444444444 0.6482213438735178
3 0.6977777777777778 0.6047430830039525 0.72 0.6403162055335968
3 0.8155555555555556 0.6126482213438735 0.9688888888888888 0.691699604743083
