3 0.78858674 0.21829210000000002 0.4172878 0.27171373 0.47543599999999997
3 0.7604193 0.64254165 0.384594 0.6989702 0.44374259999999993
3 0.6153269 0.42951247 0.38153902 0.5439549 0.46532753
10 0.51350594 0.5588158000000001 0.21272129 0.5803756 0.24570072
3 0.46942768 0.007324658299999999 0.3520031 0.17236397 0.5937053000000001
10 0.41686782 0.49999620000000006 0.21897313 0.52285933 0.24686497
3 0.39752096 0.8091214 0.33146420000000004 1.0 0.45941702
8 0.39166993 0.007693745 0.36397058 0.17641985 0.59648955
10 0.3761426 0.6542059 0.22381552 0.66937745 0.25589943
8 0.34293106 0.8189446 0.33230093 0.9975716 0.4588416
3 0.30054998 0.5571020000000001 0.39521122 0.5921131 0.44463015
