3 0.9778812 0.5701172 0.42773342 0.6196616 0.4989272
3 0.95718515 0.50873274 0.43221638 0.5335731 0.46928975
3 0.93071276 0.6217058000000001 0.43257162 0.654817 0.48542029999999997
3 0.90728486 0.24115326 0.4286554 0.27407062 0.46181583
3 0.90167326 0.96290916 0.45147943 0.9973625 0.57732177
3 0.8843488000000002 0.0034823491999999997 0.47080690000000003 0.06328496 0.5168482
3 0.8498662 0.31556034 0.4316746 0.34146768 0.46620685
3 0.80647546 0.33395640000000004 0.43664318 0.36337018 0.46430776
3 0.7527269 0.65552855 0.42841440000000003 0.67563766 0.46031305
3 0.7338720000000001 0.35908478 0.43130356 0.38502228 0.45942947
3 0.70797557 0.5497962 0.43191296 0.5766133000000001 0.46738064
3 0.6458715 0.037673756 0.4561581 0.09895570000000001 0.5082760999999999
3 0.5614371 0.35322118 0.42244846 0.3841374 0.45714390000000005
3 0.51207304 0.022094943 0.45932886 0.086065784 0.5064459
8 0.49835783 0.097725116 0.40466833 0.2318536 0.49273809999999996
3 0.45615423 0.5138054 0.4296834 0.53658944 0.46462315
3 0.44079903 0.10148401 0.40548462 0.23320602 0.49242234
5 0.43768270000000004 0.32199279999999997 0.7097029 0.974783 0.9878468
3 0.39391434 0.54776835 0.43190200000000006 0.56944025 0.46286398
3 0.37038845 0.39990672 0.42704827 0.42387035 0.45032674
3 0.35598943 0.397065 0.4385621 0.4159597 0.4548142
