3 0.9902716 0.18998644 0.42144495 0.25322875 0.50848687
3 0.9801048000000001 0.40811390000000003 0.41961062 0.46435726 0.49325383
3 0.9737594 0.84074867 0.4205277 0.99848825 0.59658253
3 0.9655078000000001 0.0 0.37256765 0.19429208 0.55778015
3 0.9644136000000001 0.3045992 0.42596263 0.33742790000000006 0.46755070000000004
3 0.9303465 0.8065640000000001 0.41284078 0.91555053 0.49809942
3 0.8819046 0.25112605 0.4060849 0.29417336 0.47597970000000006
3 0.8714298 0.45415133 0.4202455 0.49078476 0.4680737
8 0.8324431999999999 0.49189642 0.25463578 0.80498946 0.6278554000000001
6 0.695695 0.47088793 0.21584783 0.7972591 0.6351104999999999
3 0.6926062 0.37123853 0.43104714 0.4007462 0.45959258
3 0.6145699 0.33760166 0.42871450000000005 0.36646092 0.46033329999999995
3 0.59955996 0.36407486 0.42997336 0.39372444 0.4602085999999999
3 0.5562246 0.7786746999999999 0.40325058 0.8293562 0.45404327
3 0.5405594 0.35269140000000004 0.4313808 0.37641183 0.46100956
1 0.38815337 0.57617664 0.3370086 0.6103376 0.47853228
3 0.3427312 0.38755143 0.43172848 0.41137964 0.45735174
