3 0.99707747 0.8284254000000001 0.19230847 0.99785185 0.42520684
3 0.9853091999999999 0.5339776999999999 0.17331988 0.66121197 0.36055392
8 0.97908574 0.0 0.08714374 0.22493495 0.35115564
3 0.87113386 0.75352854 0.15471497 0.9289644 0.31488603
3 0.85051394 0.68153304 0.18306983 0.7030241999999999 0.21219325
3 0.7759915 0.6495335 0.17985588 0.6759438 0.21260732
3 0.7637555 0.47416359999999996 0.18041408 0.49832708 0.21328592
3 0.6090871999999999 0.49892539999999996 0.1833409 0.5180999 0.21272767
3 0.59344554 0.5050555999999999 0.18228412 0.52755463 0.21309447
3 0.51811785 0.5318771999999999 0.18357667 0.552616 0.22215387
3 0.37537864 0.51070976 0.18108436 0.53193116 0.21259353
3 0.36067677 0.5250431 0.18427253 0.5466073 0.22073945
3 0.35303193 0.7497693 0.18634644 0.7793514 0.22007194
