3 0.96932673 0.714344 0.55824375 0.78199506 0.6495725
3 0.9230965 0.23861116 0.5207462 0.47494304 0.8155661999999999
1 0.91810805 0.17487527 0.5149751 0.21539238 0.70956504
3 0.91105646 0.47677335 0.5360508 0.5652973000000001 0.66182035
3 0.81331354 0.69671893 0.5542383000000001 0.7335529000000001 0.6212253000000001
3 0.7767031999999999 0.6716207 0.5430147 0.7024303000000001 0.5802037
3 0.68963575 0.58469033 0.5400655 0.6158427 0.5828508000000001
3 0.6124596999999999 0.78172344 0.55257607 0.9429652000000001 0.7397775
31 0.5042349 0.20058444 0.5867760000000001 0.22273510000000002 0.6753981
8 0.47600168 0.7765886 0.55481863 0.94455343 0.750031
3 0.38089147 0.66571575 0.5418259 0.68434566 0.5726318
3 0.35480338 0.54062235 0.54426265 0.57016104 0.64023244
