3 0.9942743 0.527212 0.59025323 0.7836616999999999 0.97346306
1 0.99117434 0.7844111 0.56988955 0.8249919 0.7171249
3 0.9490037 0.53720146 0.5591625 0.5939770999999999 0.64144266
10 0.9488071 0.49478409999999995 0.25962538 0.51056147 0.32121673
10 0.8972491 0.325781 0.53112334 0.3449133 0.61294484
2 0.8291729 0.80003417 0.6322111 0.8199462 0.73569953
10 0.8157648000000001 0.4697464 0.2503907 0.4881864000000001 0.31962532
8 0.75269145 0.0 0.5586888000000001 0.07938661 0.67617285
10 0.73396564 0.61209816 0.34168124 0.62857884 0.39131922
10 0.69171953 0.5993068 0.34152478 0.6147482 0.39126940000000004
3 0.6198599 0.58022386 0.55283713 0.60610914 0.58852625
3 0.6063664000000001 0.7029284 0.56152344 0.7164274 0.58486784
3 0.4583528 0.00014216104999999999 0.575155 0.07620903 0.67056346
8 0.39887267 0.60175735 0.5362899999999999 0.6284179 0.5878774
10 0.38107502 0.60647255 0.33974308 0.6225215000000001 0.39027375
3 0.31410897 0.6993037 0.56230235 0.7131605 0.5873758000000001
