3 0.9864783000000001 0.32745743 0.41216540000000007 0.52692163 0.73183817
3 0.969132 0.0022798756 0.39820690000000003 0.23678191 0.8138286
10 0.9661849 0.94465005 0.10140799 0.97013474 0.2015864
10 0.95757186 0.615254 0.21810816 0.6416106 0.28288709999999995
3 0.9566585 0.5579821999999999 0.46069586 0.6170561 0.54095244
3 0.9524978000000001 0.8964780999999999 0.49893364 0.99975014 0.7126693000000001
10 0.72157735 0.6262786 0.22029537 0.64249146 0.27398998
3 0.62939596 0.55220526 0.46467250000000004 0.5710524 0.5253087
10 0.61883855 0.27516177 0.33927426 0.28585258 0.37813458
3 0.6111327 0.8986504999999999 0.5133958 0.98529416 0.5689144
1 0.5906775 0.67809343 0.47907412 0.6927654000000001 0.5384207
8 0.5597088000000001 0.0025244073000000003 0.32910213 0.24156182 0.8373775
10 0.5528489999999999 0.61272436 0.22007279 0.62664545 0.27861485
8 0.5301015 0.42169026 0.9040438000000001 0.5191342000000001 0.99525905
3 0.45154178 0.54674286 0.46733817 0.56229067 0.5223653
1 0.39779213 0.3638301 0.88022894 0.38488957 1.0
