4 0.9825408999999999 0.5541734 0.46219954 0.6431255 0.7705954
3 0.9752610999999999 0.70794076 0.41412035 0.99937636 0.723935
3 0.97018427 0.0016670823000000002 0.4414008 0.25814339999999997 0.818613
1 0.9557749 0.54670036 0.35009885 0.64237356 0.71292347
3 0.86726993 0.45303720000000003 0.43161356 0.53167516 0.563766
10 0.82657844 0.24627203 0.09240061 0.26470774 0.16939892
3 0.7607423000000001 0.34704120000000005 0.46334997 0.38686192 0.5176292
3 0.754324 0.30219534 0.45850644 0.3529515 0.5238096
10 0.6311869000000001 0.25635213 0.09838167 0.27227646 0.1738671
10 0.62413615 0.48072955 0.21514769 0.49811372 0.27145043
10 0.60010946 0.23744571 0.09568376 0.2563635 0.16609846
3 0.5636903 0.019092917 0.5786745 1.0 0.9886822000000001
10 0.53043425 0.2514955 0.09420840400000001 0.2698647 0.16990855
3 0.44889486 0.43943465 0.46735927 0.46132517 0.512351
3 0.43650034 0.3846756 0.47353283 0.42011532 0.51170284
10 0.4296021 0.23536035 0.099234 0.25157782 0.16074541
3 0.38047016 0.43105286 0.47317553 0.45469719999999997 0.50884086
3 0.35491478 0.2880498 0.6530322 0.9668075 0.9830581
8 0.3322038 0.30278772 0.45815066 0.35348976 0.52429837
3 0.33067074 0.3580345 0.46766463 0.38882363 0.51372623
3 0.3234841 0.38096705 0.4729317 0.40606365 0.5109353
