3 0.90950584 0.36172867 0.46837792 0.47724712 0.6489604999999999
3 0.90752375 0.46612796 0.5209937 0.5165276 0.6172699
3 0.8978799000000001 0.50145334 0.5142611 0.5628857 0.5985931999999999
3 0.87477887 0.0028600395 0.46093598 0.30249384 0.874534
3 0.8139597 0.8009491999999999 0.5008668 0.9009206 0.6042396
3 0.808257 0.8589457 0.5121134 0.9885304 0.66486484
3 0.80787134 0.7580409 0.52156633 0.81000996 0.6112518
3 0.63948333 0.19565022 0.487861 0.42614484 0.75730824
3 0.6195831 0.016051084 0.4283629 0.44702265 0.8716421999999998
3 0.58299375 0.036241114 0.5260423000000001 1.0 1.0
3 0.5715068 0.75062525 0.5243844 0.7799802 0.58524185
3 0.5368851 0.0065632015 0.44694492 0.2204038 0.62121713
3 0.44687244 0.7504854000000001 0.5234482 0.7949246 0.59803134
3 0.3523584 0.74464184 0.52144855 0.77611655 0.5746076999999999
