3 0.98337597 0.61447966 0.5011734999999999 0.9414809000000001 0.82175803
3 0.9585713 0.04831229 0.41465583 0.34632670000000004 0.7318574999999999
3 0.87561274 0.5049152 0.48139748 0.5525258000000001 0.541611
3 0.7254563 0.42058977 0.47615543 0.46186516 0.5509970999999999
3 0.70346445 0.6086753 0.49884870000000003 0.66170067 0.58400995
3 0.67816234 0.34108679999999997 0.46198687 0.44677603 0.59030026
3 0.5949685 0.46133968 0.482338 0.49784890000000004 0.52448183
3 0.5117033 0.35170883 0.45858186 0.42794799999999994 0.5317295
3 0.38944092 0.5705183000000001 0.5090920999999999 0.6007983 0.54842734
3 0.32730806 0.53353596 0.533083 0.9695648000000001 0.9127799000000001
3 0.3066707 0.5681930000000001 0.5598731 0.6277501 0.67347
