3 0.87759024 0.6847504 0.34536300000000003 0.99713904 0.72504467
3 0.8316658000000001 0.061363943 0.3802465 0.21649012 0.60920227
3 0.7769451 0.45858502 0.38649288 0.5220098 0.45656720000000006
3 0.76911396 0.37909985 0.3969875 0.41255897 0.44249502
3 0.73822224 0.1411537 0.35577866 0.25545996 0.5059207
3 0.5800126 0.14356938 0.35006785 0.24927807 0.43891868
3 0.56159556 0.6348534 0.34713387 0.7919908 0.5655770999999999
28 0.55681616 0.6295615 0.33956020000000003 0.78546685 0.46847996
3 0.5511079000000001 0.31192198 0.3964747 0.35158923 0.44702604
3 0.45331270000000007 0.3613275 0.37953400000000004 0.97354853 0.8788963
3 0.43889445 0.10293404 0.366242 0.23725155 0.5303553000000001
3 0.38951805 0.43032295 0.3957502 0.45690203 0.43368396
