3 0.9757440999999999 0.007298447 0.38939777 0.14434749 0.6584739000000001
3 0.77154684 0.6838898 0.50877935 0.759818 0.5501736999999999
3 0.674299 0.9297472999999999 0.52880037 0.99291736 0.57003206
3 0.6618298 0.13292158 0.45909372 0.22194564 0.58394676
3 0.5593526 0.23164132 0.49638770000000004 0.28129938 0.5491756999999999
8 0.41348308 0.0066107064 0.394478 0.20650531 0.6521575
3 0.41104472 0.34409803 0.4947652 0.38603699999999996 0.5542296
8 0.20584714 0.1181142 0.43782129999999997 0.25821722 0.57768947
3 0.20471106 0.46573663 0.50640154 0.61031485 0.58589166
8 0.19249552 0.34032208 0.48873273 0.39594442 0.55503565
8 0.16854374 0.13051438 0.47302510000000003 0.21491551 0.54751664
8 0.11688230000000001 0.012184165 0.41579953 0.13750765 0.61527765
8 0.08351114400000001 0.031294999999999996 0.43174922 0.17609546 0.5990839
8 0.07463167 0.22609597 0.48634079999999996 0.29321688 0.55370134
8 0.07385707 0.76399606 0.47880548 0.82169324 0.5332655
8 0.071935706 0.67576146 0.5026016999999999 0.7696115 0.5533805
8 0.06507084 0.9176771 0.5207056 1.0 0.57334536
8 0.061487846 0.86783195 0.04178797 0.9863790000000001 0.17069851
3 0.057015903 0.9243138000000001 0.51793 0.98292935 0.5591604
8 0.05589397 0.46566024 0.4885849 0.62206733 0.5968813000000001
3 0.04835249 0.85939515 0.039981443 1.0 0.19565395
8 0.04092774 0.043319903 0.4014906 0.2722967 0.64975864
8 0.03188813 0.08278392 0.45076773 0.41996276 0.9237108
8 0.018010406 0.9143646000000001 0.5164552 0.9828974 0.5636878000000001
8 0.01689125 0.056787193 0.41897157 0.3106575 0.8727695
8 0.015283225 0.8090988 0.46636720000000004 0.87017316 0.5218059
3 0.012755734 0.03190399 0.4114392 0.21437016 0.64675814
8 0.01135715 0.022721432000000003 0.18457897 0.24308363 0.6702001999999999
13 0.009553685 0.0 0.4557219 0.20169544 0.6194303000000001
8 0.008731402 0.13641751 0.45523086 0.20872903 0.511247
13 0.008240355 0.837176 0.030270662 1.0 0.19939497
7 0.007832322 0.0 0.45372784 0.1688711 0.6256195
13 0.0073841535 0.33578074 0.5121452999999999 0.39936548 0.55765945
8 0.006788004 0.61027694 0.5062362 0.65509045 0.5660516999999999
13 0.006593533 0.1436267 0.4087785 0.22412024 0.47305685
3 0.0063932836 0.09269422 0.46655694 0.53518975 0.9751101999999999
8 0.006143176 0.8123819999999999 0.44576508 0.8717942 0.50205433
8 0.005942315300000001 0.6251563 0.50219804 0.67957664 0.5592576
6 0.005798498000000001 0.0 0.45129755 0.1900353 0.6179814
3 0.005639036 0.65385926 0.5072604000000001 0.7065526 0.5438979
8 0.0049030245 0.78656065 0.47133726 0.8537146000000001 0.52739286
9 0.004867888 0.007299401 0.43637076 0.19173369 0.58808374
3 0.0046942136 0.63454366 0.5098701 0.6768534 0.5521107
13 0.0046898355 0.0 0.43994704 0.13193128 0.59218323
13 0.004393236 0.12288043 0.49366972 0.23245129 0.5621222
4 0.00421183 0.045064062 0.43737465 0.18568973 0.62193286
7 0.0040906677 0.0029732063 0.41736546 0.1921942 0.592169
3 0.003911343 0.6192377 0.5111905 0.65700036 0.5598394
2 0.0038297276 0.014922686000000001 0.42281383 0.19104713 0.5475996999999999
1 0.0037972275 0.0 0.46039698 0.13910538 0.5881958
3 0.0035920695 0.3632276 0.48795685 0.40409356 0.5371905
8 0.0034241285 0.46839220000000004 0.51211727 0.5801857 0.5857277
12 0.0034202311999999998 0.02438803 0.43624544 0.20733374 0.5864628000000001
7 0.0032845709999999996 0.3345518 0.47909350000000006 0.40067786 0.5426036999999999
13 0.0032843049 0.33209318 0.49399899999999997 0.39460492 0.54385287
7 0.0030434744 0.12068319 0.49010378 0.21502715 0.57330465
7 0.0029855762 0.0 0.48600885 0.15547088 0.6654361
12 0.0029838792999999997 0.031136237 0.4211995 0.14803723 0.5633760999999999
3 0.0029429835 0.15412214 0.41777632 0.21960771 0.49340513
5 0.0029272952000000004 0.10527349999999999 0.5078412 0.22846945 0.56310314
13 0.002919165 0.47610253 0.5079196 0.62956256 0.6466670999999999
9 0.002907078 0.14446694 0.48882252 0.22968128 0.55701977
13 0.0028662877 0.010374621 0.41193068 0.16885547 0.63899386
5 0.0028009675 0.31528920000000005 0.5173179 0.405509 0.5621818000000001
8 0.0027538883 0.14495766 0.4276224 0.20711079 0.47539663
3 0.0026940075 0.14989789 0.43868923 0.22502510000000003 0.5249955
1 0.0025848218 0.014193676 0.48608553 0.14676338 0.60981685
6 0.0025471738 0.0032597333 0.4573235 0.13617656 0.6026925
8 0.0024682847 0.35543227 0.4833714 0.40065962 0.5373762
3 0.002434979 0.14135604 0.40684217 0.23476337 0.56697196
13 0.002407636 0.1354678 0.4767234 0.21026945 0.58109885
9 0.002353365 0.34472555 0.48439422 0.40702128 0.53131366
9 0.0023129839 0.0067782253 0.42940566 0.13060919999999998 0.56687075
8 0.0023059784 0.009396806 0.31006774 0.21511123 0.76347053
5 0.0022728804000000003 0.0 0.47017446 0.15186536 0.5950109
13 0.0022705514 0.2266696 0.5101306999999999 0.29245659999999996 0.55823624
7 0.0022529620000000003 0.31709912 0.49435636 0.40313622 0.5712965
8 0.0022509308 0.64520305 0.49878496 0.71189016 0.5537098000000001
13 0.0021478361 0.14942896 0.44085159999999995 0.23353547 0.5044225
9 0.002141639 0.14671448 0.45417818 0.20149565 0.55718887
4 0.0021184294 0.024883952 0.43501627 0.13059153 0.5752255999999999
10 0.0020479863 0.0 0.44707933 0.13388759 0.59451675
13 0.0020096581 0.12632735 0.44988373 0.27581298 0.58459455
2 0.001976861 0.032551102 0.38478953 0.19917974 0.51506597
13 0.001972492 0.11681154 0.46568415 0.21996823 0.55406284
9 0.0019474083 0.13922551 0.46751037 0.22567892 0.5383437
12 0.001944588 0.02369637 0.38622156 0.21453467 0.52621347
10 0.0019378436999999999 0.0 0.41600290000000006 0.16617042 0.55770844
11 0.0019342217 0.7029364 0.4878174 0.7612909999999999 0.56158996
9 0.0019303887 0.86933047 0.034503546 1.0 0.17927101
4 0.0019161626 0.14079137 0.48330635 0.21916308 0.57537884
10 0.0018911331 0.0 0.43009886 0.119142994 0.5543463000000001
9 0.0018908828 0.49823222 0.51395696 0.6312393 0.62578154
1 0.0017221675 0.33518228 0.494867 0.38809840000000007 0.5324456
8 0.0017191431 0.066460475 0.13352095 0.32993257 0.59928024
13 0.0016960491 0.22315259999999998 0.49290195 0.28769505 0.54429144
11 0.0016836335 0.68739957 0.48462927 0.74479777 0.5642774
13 0.0016560467999999998 0.7027366 0.50799954 0.76720655 0.56573856
13 0.0016552991 0.7575008000000001 0.4744927 0.83782226 0.52269024
2 0.0016516303 0.33756024 0.50450075 0.42239588 0.54814905
12 0.0015787235000000001 0.14487779 0.46197 0.23885182 0.5298231
4 0.0014967360999999998 0.14868717 0.47132299999999994 0.21725429999999996 0.5418215999999999
7 0.0014929534 0.40550256 0.48558167 0.6609154 0.66160506
8 0.0014880546 0.8474739 0.001707481 0.97320634 0.18417893
13 0.0014786307000000001 0.9277745000000001 0.5356479000000001 0.9969648999999999 0.58638805
8 0.0014734903 0.02477222 0.17479855 0.18737528 0.58350736
2 0.0014723079999999999 0.13993841 0.46482890000000004 0.23569974 0.52040315
2 0.0014701620000000001 0.47016507 0.47267818 0.6751372 0.6104468000000001
13 0.0014651442 0.0016585588000000001 0.43021850000000006 0.24978879 0.7229647
8 0.0014533557999999998 0.74387455 0.14465888 0.91195905 0.5600259
5 0.0014359503 0.13493375 0.49926367 0.20770885 0.5850291999999999
13 0.0014169862 0.9173140999999999 0.53860885 0.98068076 0.582331
7 0.0014081611999999999 0.032813154 0.35500512 0.16266462 0.6549871
8 0.0013939529 0.24173892 0.48682743 0.29481494 0.5345674
11 0.0013499645000000001 0.3541101 0.49210826 0.40228853 0.56370884
9 0.0013478873000000002 0.23272417 0.48532423 0.29717666 0.5334888000000001
2 0.0013412434 0.3452712 0.47787067 0.41509387 0.5197143
1 0.0013412032 0.44824067 0.5142869999999999 0.61273754 0.61916625
7 0.0013410622 0.22231519 0.47494808 0.29372309999999996 0.5436819
3 0.0013218421 0.94645387 0.5191057 0.99758726 0.5603832
12 0.0013199318 0.14769067 0.48726904 0.23926048 0.5513534000000001
10 0.0013063119 0.12409261 0.4902728 0.223438 0.5632995
5 0.0012837863 0.0 0.45459434 0.21187648 0.5721480999999999
6 0.0012737601 0.12972346 0.49824396 0.24322173 0.56714207
8 0.0012640824 0.63450444 0.13189335 0.85733604 0.57158387
12 0.001263861 0.3370103 0.47846508 0.40420988 0.52281284
1 0.001248238 0.81581235 0.06919893 0.9652351 0.18028927
11 0.0012473760000000001 0.50510275 0.44457892 0.64278066 0.6323203000000001
7 0.0012456788000000001 0.0035403036 0.42317954 0.12334885 0.5991343000000001
3 0.0012433232 0.04644382 0.38473913 0.19923106 0.5912196999999999
7 0.0012400114 0.81044936 0.024118192000000004 0.9893881 0.19998275
3 0.0012288393 0.25012127 0.48814700000000005 0.30218459999999997 0.5314188
5 0.0011971613 0.20382299 0.5152159000000001 0.2930615 0.56390446
4 0.0011898478 0.047403007999999996 0.40378338 0.18009156 0.5542003000000001
13 0.0011831545 0.021141662999999998 0.43573704 0.21916974 0.5961693
5 0.0011773602 0.4323437 0.5328323 0.61052954 0.6431764
8 0.0011602923 0.08040908 0.31550834 0.4011638 0.8054706
2 0.001152456 0.040590435 0.368496 0.15739003 0.59683424
10 0.0011373150999999999 0.14582035 0.44349417 0.20199946 0.5382159000000001
6 0.001121868 0.0 0.41328076 0.17761803 0.5713154
11 0.001117543 0.9413233 0.51446307 0.99473774 0.59421724
1 0.0011123015 0.13054939 0.5109013 0.21099381 0.5654233
5 0.0011120297 0.13112557 0.48602545 0.21278029999999998 0.5566434
13 0.0011119007 0.2129317 0.5184774999999999 0.2785205 0.5578975
4 0.0010937115 0.16050704 0.47942793 0.23248722 0.5717432
11 0.0010814924 0.15434954 0.45530632 0.19579929 0.5533254
10 0.0010621443 0.12109807 0.46622908 0.21612114 0.52512664
9 0.0010576748 0.09950328 0.43180758 0.27023768 0.57549703
11 0.001039602 0.92713434 0.51564753 0.97834665 0.5937009
11 0.001021135 0.15179041 0.49946179999999996 0.20642242 0.57664925
5 0.0010186987 0.90555876 0.54137635 0.9787064 0.5869814999999999
4 0.0010059318 0.35396087 0.50168926 0.4086613 0.56360894
9 0.0010018761 0.34358793 0.5024317 0.41116655 0.5503258000000001
9 0.0009954623 0.14484587 0.48630658 0.20165971 0.5822092
13 0.0009907509 0.9290938 0.5161720000000001 0.9947937 0.57051414
8 0.0009878562 0.5811746 0.07112227 0.8742498 0.32107729999999995
1 0.000985485 0.1295299 0.4722234 0.19954017 0.5538166999999999
7 0.0009849785 0.1312845 0.46078100000000005 0.22316754 0.5460299
11 0.0009795964999999998 0.24415916 0.48409018 0.29665422 0.56720746
3 0.0009765170399999999 0.78171885 0.47008786 0.83251595 0.5379775
9 0.0009689394000000001 0.01809851 0.35992312 0.17233351 0.62783414
12 0.0009480111 0.15218464 0.45676973 0.21484882 0.5474836999999999
2 0.0009472852 0.8160675000000001 0.036025062000000004 1.0 0.19197129
11 0.0009416684599999999 0.15593356 0.4662022 0.19801581 0.5934369
5 0.0009198555499999999 0.3233557 0.49892533 0.40556768 0.532211
8 0.00091450504 0.68564546 0.48665127 0.75215673 0.53865886
4 0.00089060795 0.14761989999999997 0.44815853 0.20593783 0.5588546999999999
5 0.0008825460699999999 0.9211074 0.5444686 0.99539864 0.5914369
11 0.00087808573 0.04552217 0.4836218 0.14321919 0.6314109
1 0.00085425045 0.119574375 0.48057619999999995 0.20467988 0.5366678
9 0.0008465363 0.00922551 0.43858698 0.24730873 0.6881688
11 0.00084145885 0.028535712999999997 0.45501408 0.09957792 0.58411413
8 0.0008372794 0.5185821 0.24601147 0.78355956 0.8495164000000001
7 0.0008242863700000001 0.0 0.26632273 0.18317853 0.7246444000000001
7 0.0008166232000000001 0.20411982 0.49462453 0.30025274 0.57253027
1 0.00081610435 0.22079265 0.4928687 0.27987449999999997 0.53052306
5 0.0008102009299999999 0.0 0.43945724 0.19909054 0.6178229000000001
13 0.0008097062 0.03181541 0.5252375 0.49998462 1.0
2 0.0008081087 0.12484847 0.49054274 0.22373529 0.5504677
8 0.0007674556699999999 0.47301474 0.50280654 0.5704368000000001 0.56792504
7 0.0007660085 0.13220851 0.47280994 0.2059779 0.5939833000000001
1 0.00076094636 0.13623187 0.5046255999999999 0.20105493 0.58682865
2 0.0007552245500000001 0.22780119 0.4999085999999999 0.31022334 0.5453106
9 0.0007523482000000001 0.93324023 0.5153289000000001 0.9973025 0.5640323
11 0.00074759166 0.22296555 0.48066214 0.27485067 0.5684291
5 0.0007463424700000001 0.10147384 0.49463055 0.227081 0.5355225
9 0.00073684275 0.13879941 0.43425176 0.31236923 0.5709198
13 0.0007308552 0.67996424 0.51172185 0.7483558000000001 0.565605
8 0.0007304246499999999 0.59977096 0.5031253 0.64491147 0.5680313
8 0.0007289344 0.05485271 0.45075163 0.19840445 0.6273847
1 0.0007073122500000001 0.33459228 0.5162657 0.3913796 0.5620782
5 0.0007046598 0.0 0.47718462 0.21357587 0.64841104
6 0.00070213963 0.32097359999999997 0.5072683 0.41794977 0.56111354
8 0.0006995537599999999 0.6016829 0.18205269 0.86909485 0.84593594
1 0.0006981378 0.43901867 0.49196476 0.60305434 0.5869414000000001
9 0.0006965491999999999 0.16846263 0.45781565 0.2219792 0.5531118
13 0.0006798177499999999 0.34780818 0.48860693 0.40929216 0.53848463
8 0.0006734796 0.023366615 0.22807339 0.31888205 0.83710295
13 0.00066943304 0.47427709999999995 0.5316494 0.5936739000000001 0.59643734
3 0.0006689806 0.82618517 0.4095511 0.87877256 0.48218626
13 0.0006679327999999999 0.44141954 0.5342712 0.59201545 0.63881814
11 0.0006661551299999999 0.040614698 0.45883888 0.13252124 0.5937283
8 0.0006634369 0.81688565 0.42388436 0.87476903 0.47149554
13 0.00066238834 0.7844004 0.0077609685 0.97401875 0.18217257
6 0.0006616819999999999 0.13206086 0.46919570000000005 0.23291484 0.5447316999999999
2 0.00065853534 0.93041134 0.5236331 1.0 0.5771573
13 0.0006540307 0.47074154 0.5072964 0.5637448 0.57688075
11 0.000653526 0.03351956 0.48260805 0.108787365 0.61575305
13 0.0006372458 0.08546936 0.4392821 0.26153064 0.55915654
7 0.00063404057 0.0 0.40028945 0.25193119999999997 0.76682115
12 0.00063354213 0.22419693 0.47425609999999996 0.29270890000000005 0.5236824999999999
2 0.0006306221 0.007757321 0.46209207 0.13320243 0.57886666
9 0.0006200026 0.45882264 0.51137894 0.5806832 0.62882024
11 0.0006128606 0.06512758 0.39799973 0.14332922 0.6278090000000001
1 0.00060954306 0.3918118 0.50882584 0.569874 0.6045385999999999
7 0.0006092745 0.9150735000000001 0.5263843 1.0 0.5927848000000001
12 0.0005867942 0.42757657 0.47579378 0.6743235 0.6015669
4 0.00058346643 0.35773033 0.48376954 0.40468204 0.5302266
10 0.000581378 0.14472479 0.47233602 0.20783829999999998 0.57702225
7 0.00058046327 0.67779344 0.49537346 0.76799077 0.5734736999999999
6 0.00057861285 0.32326412 0.48438105 0.40820432 0.5328505
9 0.0005765264 0.030159257000000002 0.38034186 0.26520324 0.6295876
8 0.0005714118 0.0041881353000000005 0.3667698 0.13944785 0.5237395
2 0.0005705793 0.23647921 0.47682878 0.30514369999999996 0.51824886
2 0.0005662209 0.002429217 0.3699998 0.28434265 0.69302326
8 0.00056228996 0.94098747 0.51269084 0.98942673 0.5664537
7 0.0005615506 0.051977344 0.42111668 0.25151265 0.6150576999999999
2 0.0005568148 0.12632683 0.40736735 0.31343955 0.5634633000000001
4 0.0005523658 0.37261525 0.49578285 0.42388000000000003 0.5665513000000001
11 0.00054431165 0.4585606 0.43488225 0.58722675 0.63596505
10 0.0005434389499999999 0.04091289 0.35082379999999996 0.15456215 0.58859783
8 0.0005379714 0.7418443 0.25357226 0.92605364 0.842785
4 0.0005307040400000001 0.5013995 0.4974547 0.6652845000000001 0.6318811
5 0.0005267742 0.21107337 0.497691 0.29984334 0.53364784
1 0.0005265836 0.6847234999999999 0.51848584 0.7520219 0.5593988
9 0.00052299496 0.047006287 0.41672426 0.22627643 0.5604649
5 0.0005051732 0.65761185 0.51846105 0.754231 0.5628974
13 0.0004973959 0.91524893 0.5164757000000001 0.9781360999999998 0.56745607
13 0.0004962825 0.0 0.37979409999999997 0.13439289 0.5688686
4 0.000489474 0.17050532 0.44044524 0.22193006 0.54606295
1 0.0004878588 0.15000303 0.51083183 0.22860943 0.5619345
6 0.00048522307999999996 0.8177429 0.06411734 1.0 0.18970658
9 0.000484754 0.028406315 0.38976339 0.1556722 0.5660506999999999
11 0.00048171112 0.05628461 0.49534914 0.1613082 0.6681699999999999
9 0.00048148337999999994 0.020657718000000002 0.40761918 0.20056549 0.5242089
5 0.00047847035000000006 0.3844427 0.5269056 0.557142 0.63895404
7 0.00047845405 0.92533433 0.5054255999999999 0.9933357 0.56716377
13 0.0004724917 0.8130229999999999 0.42223126 0.8832462999999999 0.46685505
6 0.00046618407999999997 0.9249225000000001 0.53772384 1.0 0.58789694
9 0.00046511400000000003 0.02582848 0.3793807 0.20235029 0.71019113
1 0.00045513864999999996 0.66427606 0.5145702999999999 0.73613113 0.5556091999999999
5 0.00045387127 0.11589629 0.491183 0.19083437 0.5799536999999999
10 0.00045288665999999997 0.7017114999999999 0.49129048 0.7710604999999999 0.55762815
3 0.00045253578000000003 0.058622062 0.4549867 0.35939735 0.9452775
5 0.0004405462 0.77676135 0.06246956 1.0 0.16207957
11 0.00043824315000000005 0.35498515 0.48358679999999993 0.3873473 0.5333405
8 0.00043575498 0.7236625 0.022922643 0.92991185 0.24486749
11 0.00043558152 0.9455594 0.50348455 0.99152577 0.55878836
11 0.00043439344000000007 0.87794816 0.10555338 0.97465074 0.2385335
11 0.00043384992999999996 0.24286588 0.48013824 0.2799482 0.5341011999999999
9 0.0004323981 0.70044005 0.51283795 0.7641789999999999 0.5560927
10 0.00042818554000000005 0.007268898 0.4472853 0.17092952 0.64066404
8 0.00042206663 0.76419795 0.45489700000000005 0.8207078000000001 0.50697875
11 0.0004149049299999999 0.13884193 0.46574253 0.18200758 0.5968445
12 0.00041451456 0.33305 0.49900308 0.41843832 0.54516697
1 0.00040804897 0.91972774 0.51567525 0.9846454 0.552168
5 0.00040573190000000003 0.044395185999999996 0.48576742 0.27021056 0.58949476
6 0.00040160812000000003 0.21214946 0.5059779000000001 0.31243712 0.56099826
8 0.0003998074 0.68338114 0.102043815 0.8819404000000001 0.70143616
5 0.0003982893 0.0 0.514293 0.27030525 0.72459066
11 0.00039666542 0.095636025 0.4069326 0.45510470000000003 1.0
10 0.000396601 0.16327041 0.43649474 0.21594182 0.5384634
5 0.00039370712999999994 0.009568542 0.5812823 0.50046253 1.0
12 0.00039239163999999995 0.0 0.28689092 0.16961321 0.56820685
8 0.00038915116 0.037464336 0.58275974 0.18040489 0.73789775
13 0.0003886051 0.086101934 0.49343878 0.25181288 0.60649085
2 0.00038846017999999996 0.14880015 0.44369355 0.20898263 0.53336996
4 0.00038636572 0.24054584 0.49580756 0.29994616 0.5653508
11 0.00038308012999999997 0.12087919999999999 0.3934637 0.25019222 0.6009871
1 0.00038241775 0.0 0.41368264 0.1447616 0.6435936
7 0.00038131836000000004 0.15206638 0.44665617 0.21902412 0.5631706
9 0.00038069315000000003 0.23525666 0.5042103 0.30231002 0.55226177
1 0.00037914613 0.06789715 0.45175496 0.24403146 0.5676683000000001
12 0.00037893599999999996 0.5137777 0.52486753 0.59625846 0.5868373
1 0.00037120807000000003 0.82129496 0.10087216 0.9629675999999999 0.20626889999999998
3 0.0003709177 0.82941735 0.41855302 0.89264953 0.5155915
3 0.00036295809999999996 0.06910427 0.40953717 0.31648237 0.64735526
10 0.00036162117999999994 0.34451598 0.48914543 0.4084639 0.55696017
13 0.00036155427000000005 0.80969775 0.45382145 0.8937715 0.49464136
9 0.00035853297 0.11063628 0.40455487 0.26627594 0.54011136
12 0.00035838806000000004 0.16668327 0.48533508 0.22461878 0.56830305
2 0.0003539903 0.0010075867 0.47543090000000005 0.16486976 0.59774196
12 0.00035360875 0.8764719999999999 0.022601472 1.0 0.14839692
12 0.00035240730000000005 0.014085017 0.35437512 0.21145526 0.4883081
4 0.00035183794999999997 0.2462354 0.48013222 0.29679474 0.5296309
12 0.00034568392 0.016025893 0.3653388 0.1636895 0.56384295
10 0.00034497102 0.93653965 0.5010109 0.9982892 0.5565299
8 0.00034392167999999996 0.6327368 0.38349926 0.88388216 0.88464123
11 0.00034090265 0.7283305 0.48700562 0.7811018 0.5549801
1 0.00033689017 0.11183842 0.5070149 0.17667821 0.5713031
