8 0.39437327 0.26935267 0.31743258 0.32175797 0.3689932
3 0.21685879 0.017666723999999998 0.5352832 0.10838289599999999 0.68128884
13 0.13876229999999998 0.006229736 0.5192920999999999 0.14151457 0.66817856
8 0.098383844 0.008485913000000001 0.5559198000000001 0.08888817 0.65521383
8 0.09223847 0.8836234000000001 0.2496609 0.9934272 0.37857929999999995
3 0.03682707 0.27958497 0.31831494 0.32307312 0.36496416
8 0.027127132 0.0 0.5453971 0.102130756 0.6735985999999999
13 0.020389646 0.0032617821999999996 0.5486631999999999 0.11153132 0.6822689000000001
3 0.018037405 0.88547415 0.25650692 1.0 0.37811857
8 0.01746706 0.7563234000000001 0.23633313 0.8041093 0.27476525
13 0.011679621999999999 0.0060890242 0.56327194 0.10968476 0.6366485
13 0.0055756085 0.0 0.53799784 0.08755584 0.6311109
8 0.0047275773 0.012768406000000001 0.5838025 0.07363215 0.6415529000000001
8 0.003697207 0.832218 0.25367346 0.98518306 0.38315192
8 0.0034975111 0.90064436 0.27651513 0.98049766 0.34582964
2 0.0022751875 0.0 0.5266999 0.15407449 0.6881665
3 0.0022204601999999997 0.0144043 0.3943223 0.044033054 0.43802979999999997
2 0.0016106826 0.0 0.54171234 0.10619207 0.68222886
7 0.0014414216 0.0 0.48287344 0.09326312 0.7076925000000001
3 0.0012483306 0.76437384 0.23260389999999997 0.8221386 0.27765673
13 0.0011930874000000001 0.26758352 0.32279173 0.31338874 0.3630472
9 0.0011479529 0.018772423 0.49311024 0.0876933 0.6762840999999999
11 0.0010857001 0.025075200000000002 0.5395995 0.06856455 0.7013312
5 0.0010315832 0.0 0.5668023 0.08287877 0.672686
12 0.0010269914999999998 0.0 0.4956670999999999 0.17228946 0.6248378000000001
1 0.0010164873 0.0 0.5929525 0.07771482 0.6897795999999999
9 0.000904327 0.28237647 0.3263375 0.32858032 0.35605872
8 0.0008872857400000001 0.014452718 0.3902384 0.039820775 0.43514627
7 0.0008533638 0.0 0.4919263 0.14810927 0.6874749
12 0.00075844314 0.010600295 0.5035494 0.10967708 0.6317001
2 0.0007406907400000001 0.27216777 0.31196252 0.33613309999999996 0.35335457
9 0.0007150457000000001 0.03981911 0.52262 0.15436396 0.6745612
13 0.00059807627 0.8924777 0.2639647 0.9910843 0.39082417
1 0.0005722153599999999 0.2668384 0.32764256 0.31402484 0.35801342
1 0.00055504433 0.0 0.55158275 0.08035162 0.6534083
13 0.0005369187000000001 0.0 0.49390188 0.11950375 0.64837956
8 0.0005046266000000001 0.90906304 0.2721342 0.9707621 0.37027308
1 0.00048802050000000004 0.0012747347 0.5623256 0.115390144 0.67259514
12 0.00048451294 0.013338421000000001 0.5365367 0.11540481400000001 0.6655492
10 0.0004695753 0.024946053 0.5572928 0.10276115 0.6503871
1 0.00046179639999999997 0.0051032790000000005 0.59461206 0.11994517 0.7005563
2 0.00044563523 0.0041694604 0.50939834 0.10346764 0.6488175
10 0.0004408069 0.02083018 0.48633692 0.09665507 0.6555161999999999
7 0.00041730527000000004 0.0010087416 0.5660284000000001 0.082599215 0.65598196
8 0.0004129992 0.7875503 0.14510748 0.9649007 0.4224724
11 0.00040120567000000005 0.048688895999999995 0.53467447 0.11788244 0.68163794
2 0.0003918548 0.0 0.57435334 0.097352535 0.71245754
13 0.00038548314 0.2779882 0.318146 0.32850182 0.3616962
8 0.00035349594 0.0 0.41942704 0.08643323 0.77160245
4 0.00034418676 0.05237201599999999 0.53771836 0.16575047 0.6579
3 0.00032785945 0.9016335999999999 0.26670632 1.0 0.34764475
8 0.0003113404 0.051401153 0.3846766 0.35302967 0.87062645
4 0.00030641939999999997 0.01831283 0.5445774 0.103277 0.6547864999999999
8 0.00030430724 0.0023258515 0.51602596 0.08884241 0.70350677
8 0.00030403674 0.02042909 0.51660377 0.17081627 0.77225137
5 0.00030173085 0.0 0.5936629 0.07376921 0.7015298000000001
8 0.00028944919999999996 0.03458166 0.13518792 0.2606751 0.6940844
6 0.00028811377999999997 0.0 0.5701646 0.120266676 0.6992239
10 0.00027315764 0.038671445 0.45256844 0.15365203 0.6943571999999999
6 0.00027277943 0.26656840000000004 0.32464445 0.32891533 0.35839899999999997
5 0.0002526859 0.0 0.5598645000000001 0.14387399 0.65052134
2 0.00024908343999999996 0.0 0.47343227 0.12348616 0.6985639
12 0.00024451618 0.27570748 0.31775835 0.3326578 0.35004595
2 0.0002420953 0.28874570000000005 0.30809295 0.3508442 0.35635707
9 0.00024034182 0.025886022 0.54868704 0.09211696 0.72631556
12 0.00023563563999999998 0.029390901 0.57698274 0.11987126 0.6370571
11 0.00023243572999999998 0.28085288 0.31448856 0.31168850000000003 0.36631712
8 0.00022425692000000003 0.6141454000000001 0.1504603 0.9052143 0.7861312
9 0.00021952078999999997 0.030977406000000002 0.5671308 0.10402601 0.65495044
9 0.00020776146 0.027185257999999997 0.5047287 0.11594881 0.72927606
5 0.00020584869999999998 0.24967495 0.32974496 0.32275596 0.35648003
4 0.00020576368999999998 0.28537379999999996 0.31867722 0.32369035 0.3614303
10 0.00020473909 0.28139886 0.3131016 0.33011523 0.35704494
13 0.00019764968999999997 0.7616050999999999 0.23425688 0.8186467 0.27251866
13 0.0001943119 0.013113358 0.3899921 0.03944229 0.44669962
9 0.00019216058999999998 0.29659104 0.32556555 0.34655446 0.35606924
6 0.00018806128 0.0 0.53270227 0.113233164 0.66089755
6 0.00018789945 0.0 0.5713048000000001 0.17340916 0.71490455
4 0.00018565996 0.028779559 0.5681379 0.10208542 0.63756186
5 0.00017184533 0.0 0.5845186 0.09275685 0.6408368
8 0.00017132857 0.014438976000000001 0.55669314 0.0761234 0.6314232
8 0.00017006476000000002 0.0 0.51148254 0.12388651 0.74713147
12 0.00016869330000000003 0.032729074 0.5468586999999999 0.12985286 0.60653543
4 0.00016010771 0.023142751 0.5149725 0.10764792599999999 0.62258303
11 0.00015874735 0.038908143 0.59575486 0.082946 0.65752494
7 0.00015754318000000002 0.26753172 0.3142062 0.32460102 0.36598125
1 0.00015643441000000002 0.0 0.61743236 0.07789568599999999 0.71723914
11 0.00015543898999999999 0.034112062 0.4913193 0.09294449 0.71706533
8 0.00015166555 0.6264168999999999 0.062571146 0.87391603 0.33870900000000004
10 0.00014735374 0.019732356 0.5431212 0.102307715 0.61386913
11 0.00014125301000000003 0.9342007 0.23832971 0.9929593000000001 0.39722604
8 0.00013755425 0.47768876 0.2831007 0.77701855 0.8771094000000002
8 0.00013624309 0.7279477 0.20230801 0.93711483 0.45323983
8 0.00013574853 0.07657179 0.16460020000000003 0.3588146 0.841532
10 0.00013117788000000002 0.9259575000000001 0.20763236 1.0 0.37159446
8 0.00012695571000000003 0.68967474 0.25971666 0.9347805 0.97665447
9 0.000118936754 0.9147708000000001 0.2636254 1.0 0.37140983
13 0.00011832193 0.0007663369 0.24857084 0.33944735 0.9865248
13 0.00011411538 0.89247036 0.27210614 0.9778701999999999 0.33335605
3 0.000107354696 0.063759446 0.5072978 0.3681897 0.9767283000000001
8 0.00010727959999999999 0.01564911 0.13877977 0.19986875 0.8659931000000001
5 0.00010697173999999999 0.0 0.5743963000000001 0.104656875 0.70620245
12 0.000106089174 0.0 0.4540267 0.13347702 0.6531855999999999
8 0.00010565171399999999 0.012092426000000002 0.4105601 0.21079609 0.8992331
13 0.00010283266 0.0018704347 0.5055111 0.07895817 0.67639714
2 9.843715e-05 0.0036949142999999998 0.58022535 0.09364444 0.645185
6 9.247455e-05 0.0104259625 0.5903049 0.112500705 0.6477638000000001
2 9.0455236e-05 0.016257126 0.54769725 0.11047967 0.6152407
10 8.582328000000001e-05 0.026247311000000002 0.54814774 0.11520144 0.7133893
1 8.283654500000001e-05 0.28080344 0.32585388 0.3280027 0.35925245
4 8.217741e-05 0.3034415 0.32006174 0.34159544 0.36333868
2 8.15995e-05 0.90361625 0.23873387 1.0 0.402109
8 8.070838e-05 0.7226982 0.16412346 0.95147026 0.76494527
13 8.046868000000001e-05 0.02525698 0.5314896 0.104721755 0.6265246
4 8.025927e-05 0.017385252 0.56522536 0.09538081 0.6842468
13 7.949986999999999e-05 0.8391951999999999 0.24983878 0.98212594 0.37532383
13 7.786588000000001e-05 0.88121086 0.22752889 0.98494405 0.42812046
8 7.536917e-05 0.0 0.3761489 0.12224466 0.8111715
1 7.465101e-05 0.0031502545 0.5993455 0.08804465 0.653647
10 7.337182e-05 0.9324223 0.23891030000000002 1.0 0.40970337
1 7.183305999999999e-05 0.0 0.5810894 0.102449335 0.7309432
11 6.8919115e-05 0.042105300000000005 0.50592786 0.11190842 0.7575531
13 6.809434e-05 0.89999616 0.25711676 0.97297883 0.3514215
3 6.79711e-05 0.22937714 0.27389124 0.6136216 0.9863168999999999
10 6.626791e-05 0.30273643 0.30908957 0.3459938 0.35770234
8 6.591236999999999e-05 0.38038449999999996 0.20867269 0.66476804 0.9009997
3 6.577367500000001e-05 0.03629002 0.22382422 0.31408137 0.92301816
9 6.539662e-05 0.026025739 0.55612683 0.10961823 0.622047
8 6.473484e-05 0.0013024136 0.57895416 0.071658574 0.70750743
13 6.337154000000001e-05 0.3836841 0.05158398 0.71952385 1.0
3 6.332987e-05 0.4583562 0.28345840000000005 0.8631620000000001 0.962942
8 6.328951e-05 0.027751721 0.10382843 0.18719438 0.64094734
8 6.0963997e-05 0.008226381999999999 0.5147543 0.07035366 0.6653009
8 5.9651753e-05 0.23051672 0.28383708 0.5131393 0.8661087
8 5.7029750000000004e-05 0.9035301 0.25989252 0.9778328000000002 0.31441396
9 5.6492787e-05 0.9204865 0.29257956 1.0 0.40075567
4 5.50142e-05 0.03893894 0.5059583 0.1259028 0.66556937
10 5.3083328000000004e-05 0.031678054 0.4099402 0.12515485 0.7411623
6 5.28971e-05 0.021934062 0.57309335 0.10569267 0.6229059
4 5.2711027999999994e-05 0.921458 0.24560066 1.0 0.4179738
13 5.063187e-05 0.24803305 0.17407036 0.5597119 1.0
4 5.0596103e-05 0.93207216 0.21577121 1.0 0.38572112
3 4.8433692e-05 0.9057876 0.25691736 0.974347 0.40044707
13 4.7937334e-05 0.46101737 0.15962908 0.81243503 1.0
7 4.734906e-05 0.28045473 0.31540242 0.34156105 0.36413172
8 4.6917524999999994e-05 0.022288992999999997 0.5554496999999999 0.24935500000000002 0.9195049999999999
11 4.6831312e-05 0.30232054 0.31412733 0.33362705 0.36517444
1 4.608880999999999e-05 0.0 0.56638783 0.0834103 0.61824065
3 4.5873824999999996e-05 0.123446584 0.3561269 0.46862936 0.9950836999999999
8 4.5791858e-05 0.6303389 0.12383076 0.88305044 0.5480871999999999
8 4.3509015e-05 0.77421886 0.296541 0.9513226 0.9875127
8 4.3454467000000005e-05 0.88885593 0.21048403 0.9809439 0.35218087
4 4.28025e-05 0.038848985 0.55571365 0.10095015 0.6124754
7 4.1626845e-05 0.8925572 0.2338391 0.9995367000000001 0.38381138
8 4.0806120000000004e-05 0.19876689 0.14506681 0.45566599999999996 0.6450921
5 4.0774332e-05 0.26532367 0.33067465 0.34044436 0.35857117
13 4.0438754e-05 0.0 0.0 0.22592728 0.7973073
3 3.9846929999999995e-05 0.74092275 0.20122808 0.9910247999999999 0.4093837
8 3.9203587e-05 0.42091042 0.13161322 0.6862548 0.7246951
13 3.8613758e-05 0.0032477154999999997 0.44448566 0.103560336 0.74239975
3 3.7761170000000005e-05 0.38071954 0.24761245 0.7607888 0.98957413
1 3.6118990000000004e-05 0.8875078000000002 0.28674194 0.9940846999999999 0.39073452
13 3.5670986e-05 0.5604805 0.0 0.923169 1.0
3 3.3067812e-05 0.022325422999999997 0.5075831000000001 0.12468222 0.7827046
13 3.2603602e-05 0.015112303 0.5424748 0.08252366 0.6597708000000001
3 3.2514945e-05 0.5974423000000001 0.22453237 0.9595663000000001 0.97664195
13 3.1790973e-05 0.6760943 0.0 0.9622371 0.9684571
8 3.0894444e-05 0.15311566 0.38770932 0.46044388 0.90336037
1 3.062999e-05 0.88271654 0.25570753 0.9924871999999999 0.35959345
13 2.9340603e-05 0.0 0.24613049999999997 0.21196199999999998 0.93629676
7 2.9331500000000002e-05 0.008841619 0.53696966 0.09994015 0.6302472
13 2.7660657e-05 0.8993583 0.28495803 0.9736445 0.36927024
12 2.737981e-05 0.0016848147 0.4653732 0.16406389 0.60171187
13 2.7283926000000003e-05 0.07768977 0.2733369 0.40629852 1.0
12 2.607673e-05 0.03982918 0.5422114 0.10660715400000001 0.6261714
8 2.5891506e-05 0.8879529 0.2816479 0.9503064 0.34323390000000004
5 2.5650179e-05 0.8757959000000001 0.29068130000000003 1.0 0.3998381
4 2.5581305000000002e-05 0.04309432 0.5422146 0.14049728 0.7185971999999999
12 2.5339185000000002e-05 0.8986575000000001 0.22996460000000002 1.0 0.35627595
6 2.4469766e-05 0.8865940000000001 0.29695678 1.0 0.40635234
10 2.4254616e-05 0.04778585 0.5533821999999999 0.11343017 0.65196896
10 2.3836988000000003e-05 0.9219706 0.27819002 0.99526167 0.33432546
5 2.3659217e-05 0.00035535917 0.58277494 0.07502946 0.65487325
13 2.3621295e-05 0.15718682 0.30342194 0.50116795 1.0
3 2.3504022e-05 0.08010155 0.20255038 0.40465397 0.7516345
3 2.2712858000000002e-05 0.03983412 0.26330832 0.22037265 0.95920837
11 2.2282184e-05 0.0321317 0.57688034 0.07781376 0.62957394
8 2.2164661999999997e-05 0.8251097 0.18327144 0.9755886999999999 0.46291733
9 2.1430908e-05 0.039092712 0.569873 0.15193963 0.7232456
2 2.0931497e-05 0.77271855 0.22572218 0.82628036 0.27328125
3 2.0631769e-05 0.8048575 0.18105327 0.99736845 0.3807459
13 2.0596322e-05 0.0 0.0 0.34228146 0.6913381
8 2.0592716999999997e-05 0.48959136 0.14992227 0.7768743 0.7059563
10 2.0429145e-05 0.0521776 0.5279894 0.09993305 0.65872693
8 2.0349587e-05 0.2705648 0.1250843 0.5291686999999999 0.65583277
3 2.0140533e-05 0.62677217 0.20356056 1.0 0.7468393
13 1.9907929999999998e-05 0.0045394152 0.5461351999999999 0.064354114 0.6503776
9 1.9804198e-05 0.044612865999999994 0.57377225 0.11966692 0.6504287
3 1.8861505e-05 0.01833022 0.45557657 0.09225069 0.8248287000000001
5 1.8829376e-05 0.0 0.5663474000000001 0.09527677 0.6076279
5 1.8801170000000003e-05 0.052645624 0.52725935 0.33779580000000003 1.0
10 1.8549914000000002e-05 0.049884885999999996 0.51438314 0.09539245 0.62498033
13 1.8478020000000003e-05 0.004416164 0.32835773 0.09947814 0.8685533000000001
3 1.7835671e-05 0.9036466000000001 0.28693235 1.0 0.37825456
2 1.7722165e-05 0.011124033500000002 0.38810626 0.049070752999999995 0.43661276
12 1.7709019e-05 0.7746148 0.23466559 0.8304367 0.26719356
13 1.7010298e-05 0.8854947 0.29673459999999996 0.9850165999999999 0.40719905
5 1.6958758e-05 0.032132327999999995 0.3956524 0.26599340000000005 1.0
11 1.6385675e-05 0.930801 0.18071057 0.9964841999999998 0.45730442
12 1.6310852999999998e-05 0.0424758 0.57238513 0.10178725400000001 0.6592091
10 1.627959e-05 0.04432928 0.5389431 0.11219929999999999 0.6159555999999999
6 1.609037e-05 0.88496995 0.26003972 1.0 0.36816436
13 1.5632922e-05 0.0 0.45159552 0.19918260000000002 0.7601151999999999
4 1.5618734e-05 0.051657576 0.5673831 0.114307866 0.63411963
3 1.5384363e-05 0.6600326999999999 0.1093047 0.94744986 0.35853952
2 1.5305472e-05 0.75705624 0.22865656 0.8152914000000001 0.26954502
12 1.5069964e-05 0.76227045 0.23245332 0.81835425 0.2659933
3 1.4885684000000002e-05 0.9063618 0.2549331 0.99934375 0.3120797
10 1.4769811e-05 0.92918134 0.26683049999999997 0.9790418 0.34234095
8 1.4627402e-05 0.34727979999999997 0.13329697 0.60557187 0.65300465
11 1.4427493999999999e-05 0.048237300000000004 0.55991745 0.12531248 0.7308873
10 1.4055504e-05 0.7886444 0.22446439 0.82677406 0.26718000000000003
13 1.3934287e-05 0.9095705 0.2517969 0.9599723 0.37409684
13 1.3749782e-05 0.0010923333000000001 0.5224955 0.08411738 0.59022874
12 1.3722957e-05 0.90466845 0.26093704 1.0 0.3811506
11 1.3611072999999999e-05 0.7755701 0.23527469 0.801894 0.2817284
8 1.3326095e-05 0.04133705 0.04432346 0.21377367 0.43350908
8 1.3077230999999999e-05 0.91605216 0.19681183 0.9847159 0.42214713
3 1.27393505e-05 0.046225645 0.5300763000000001 0.19818896 0.81234634
10 1.2423447e-05 0.7713018 0.22910163 0.8092939 0.26740637
3 1.2204336000000001e-05 0.4152035 0.19949524 0.8222026 0.7828813
3 1.1580867000000001e-05 0.14916715 0.20644641 0.52881145 0.9406359000000001
9 1.1540056999999999e-05 0.047026798 0.5601864000000001 0.09642452 0.664905
12 1.1532763e-05 0.0032478197999999997 0.5451454000000001 0.18939638 0.6864486999999999
8 1.14930635e-05 0.022164956 0.047286645 0.28799653 0.31425568
13 1.1475956000000001e-05 0.5532908000000001 0.0 0.96288484 0.34934643
5 1.126723e-05 0.0 0.59775513 0.12423393 0.6933906999999999
2 1.1153472e-05 0.021836385 0.47282982 0.14909449 0.6300617
13 1.1116299e-05 0.15727004 0.0 0.5158746 0.7292343000000001
5 1.0930229e-05 0.4148151 0.41715893 0.6989571 1.0
9 1.0921001e-05 0.04314786 0.54395413 0.10092462599999999 0.6411576999999999
10 1.0866767e-05 0.03671655 0.5296538000000001 0.08378011 0.62047017
4 1.0819242999999999e-05 0.048538875 0.58408576 0.15669776 0.70631915
10 1.0597963999999999e-05 0.9544546 0.16169405 1.0 0.41690600000000005
4 1.0014889999999999e-05 0.05172846 0.5481295 0.09687966 0.6285851
5 9.949224e-06 0.0039433390000000006 0.29536358 0.2694552 0.6914399
9 9.678241e-06 0.7658446 0.24146229 0.8084208 0.27459463
3 9.672063e-06 0.21288656 0.18277378 0.572929 0.69960195
7 9.384366e-06 0.004231695 0.38897917 0.04372238 0.44776186
5 9.225866999999999e-06 0.26913244 0.42836848 0.5537736999999999 1.0
4 9.169397e-06 0.05555939 0.5267036 0.09928665 0.6077710999999999
3 9.081079e-06 0.0048529357 0.5535085999999999 0.10876232400000001 0.7444831000000001
3 9.036970999999999e-06 0.7267133000000001 0.14986975 0.97743595 0.4754226
9 8.998953500000001e-06 0.78303707 0.24023366 0.82735336 0.27318338
9 8.858286000000001e-06 0.9155313 0.28821886 0.99559116 0.34274814
11 8.684308e-06 0.93007123 0.28114775 0.9746959000000001 0.34525838
10 8.448657e-06 0.15497049999999998 0.20524761 0.43956593 0.99058384
1 8.336708999999999e-06 0.8225013000000001 0.25730810000000004 0.9792619 0.35215290000000005
8 8.153095e-06 0.014484346 0.45422015 0.22449169 0.708445
5 8.047465999999999e-06 0.0006791353 0.56284237 0.076466575 0.6290869
7 8.013719999999999e-06 0.009742403 0.5403249 0.07105672 0.67511207
4 7.770214e-06 0.78858185 0.23320276 0.8211379999999999 0.27114925
2 7.720478e-06 0.9023921999999999 0.26866564 0.9970744 0.33037677
2 7.646635e-06 0.8669741 0.2118522 1.0 0.3789828
11 7.637999e-06 0.038734958 0.5725375 0.07158353 0.66787547
9 7.5564499999999995e-06 0.062108442 0.024033282000000003 0.31587547 0.95857364
8 7.363371400000001e-06 0.00082719326 0.4314665 0.15675083 0.68116224
13 7.3219667e-06 0.89224356 0.30539703 0.98067385 0.35576242
3 7.303366e-06 0.016497232 0.53418565 0.10278348 0.6106111
5 7.2850203e-06 0.12451647 0.5112343 0.39474845 1.0
5 7.219235e-06 0.50957257 0.4696305 0.78992766 1.0
11 7.200688e-06 0.7949624 0.23108011 0.8227488000000002 0.27935679999999996
5 7.1202844e-06 0.73816943 0.24922125 0.8062526999999999 0.27717954
5 7.0470905000000005e-06 0.006045921700000001 0.40430307 0.035933405 0.45659378
7 7.01985e-06 0.0 0.46607718 0.14353663 0.63576096
5 6.857991e-06 0.017040268 0.32523268 0.20576568 0.8788851000000001
7 6.7331976e-06 0.7690419 0.23317228 0.8178021 0.27579618
7 6.619499e-06 0.0 0.3488628 0.43559104 1.0
13 6.471578e-06 0.0 0.55397964 0.14073533 0.7081677
11 6.407772999999999e-06 0.9286508 0.26462695 0.9660302 0.36423135
10 6.367487e-06 0.94195 0.2572139 0.99254197 0.345806
13 6.350884e-06 0.92107856 0.24450605 0.9733721 0.36999115
8 6.339757e-06 0.014060973999999999 0.35378292 0.1698063 0.6137312
13 6.197968599999999e-06 0.0 0.0 0.33026457 0.35154158
2 6.190644999999999e-06 0.10618448 0.31212148 0.41669350000000005 0.84333557
3 6.1771498e-06 0.0069507174 0.5923436 0.10784864400000001 0.6728211
8 6.1624282e-06 0.87350845 0.1370099 0.9801686 0.56113154
1 6.066414999999999e-06 0.76458466 0.24225852 0.8174578 0.27017066
13 6.0490815e-06 0.8997136 0.24803409999999998 0.97459406 0.30780226
12 5.9939184e-06 0.91629916 0.2750765 0.99334675 0.33341578
3 5.902631e-06 0.2876687 0.20548183 0.6666393 0.75757873
3 5.855483e-06 0.010090094 0.5443595 0.07532433 0.69228125
4 5.842365700000001e-06 0.059569500000000004 0.551511 0.11500246 0.6094215000000001
7 5.823035e-06 0.75460523 0.23427756 0.80078775 0.27541193
7 5.745728699999999e-06 0.87483597 0.21134803 0.99511814 0.42866588
3 5.6273952e-06 0.49994862 0.20938931 0.89716387 0.7184574
3 5.6218773e-06 0.04283364 0.17286682 0.22481565 0.73449486
1 5.5959235e-06 0.0070891976 0.4008406 0.037831385 0.43915808
9 5.5229706999999995e-06 0.026982842000000003 0.54596883 0.07997318 0.6759259
8 5.4661928e-06 0.017551528 0.5579384000000001 0.05232726 0.6610491
