3 0.9986854 0.836065 0.60719764 1.0 0.73908424
3 0.9836289 0.003947749699999999 0.5940439000000001 0.27348690000000003 0.780225
8 0.6777454 0.5026115 0.6176401999999999 0.56284845 0.6797744000000001
3 0.67205226 0.65078723 0.6186297 0.8313937 0.70022774
3 0.6654703000000001 0.28328833 0.59960073 0.3785542 0.7096199000000001
3 0.5291786 0.39586487 0.6240366 0.43405667 0.663988
3 0.30318870000000003 0.51162446 0.6182807 0.5613619000000001 0.6800441999999999
8 0.091132745 0.39029062 0.6195782 0.43988597 0.66679174
8 0.057944897999999995 0.2771787 0.6120804 0.3728239 0.6999868
3 0.030289674 0.8361689 0.6318453 0.89809656 0.71666557
8 0.025379682 0.012597501 0.56791306 0.29525807 0.80414456
8 0.024002252 0.27033308 0.5826806999999999 0.40287647 0.7239526999999999
8 0.021996493 0.5200357 0.6142092 0.57357055 0.6751973000000001
8 0.017783593 0.63983154 0.6041123 0.8296950000000001 0.71465915
3 0.014026291000000001 0.83895344 0.64821184 0.9199901 0.73212177
8 0.013993038000000001 0.83048207 0.59752685 1.0 0.759023
3 0.009221859 0.7726909000000001 0.6335679 0.8501648 0.6938588000000001
3 0.008643489 0.524338 0.6169174 0.576408 0.67440814
13 0.0062433314000000005 0.3916375 0.6236098000000001 0.44431835 0.6723601
13 0.005416354 0.25506923 0.61107856 0.36798343 0.6910308000000001
13 0.004243676 0.8130609000000001 0.66813654 0.9844531999999999 0.77263623
2 0.0038712907 0.2844349 0.60103196 0.37627643 0.6608145999999999
13 0.0038518894 0.0052598340000000006 0.62330097 0.21229377 0.78765476
3 0.0030258573 0.77737767 0.6172565 0.84590906 0.6812710999999999
13 0.0028349075 0.278054 0.5999306 0.43415564 0.7465045
8 0.0027755962 0.019011818 0.8346253 0.15717795 0.9371304
3 0.0025027073 0.8249546 0.63882715 0.889236 0.70439035
13 0.0023691738 0.67241114 0.62141716 0.85556465 0.76806337
13 0.002348371 0.2794191 0.5978227 0.35120693 0.7007941999999999
12 0.002345146 0.28424117 0.59875214 0.39156792 0.67684585
6 0.0023193508 0.26618624 0.6038578 0.38381594 0.67985487
1 0.0022605385 0.25524294 0.62141615 0.3478732 0.68191427
13 0.0021376060000000002 0.27422565 0.6352608000000001 0.38968635 0.69751674
8 0.0021367017 0.02352275 0.61427087 0.24764027 0.77487016
13 0.002055827 0.056906886 0.6595531 0.30181152 0.7788954
7 0.0019693532999999997 0.38115305 0.61512595 0.4514376 0.6746585
11 0.0018551764000000002 0.28516617 0.6175531 0.33764222 0.6864026999999999
8 0.0018184121 0.66208583 0.6197435 0.76991767 0.7058141
7 0.0017979229 0.26212022 0.59488565 0.36537823 0.6912539000000001
2 0.0017291654 0.39352125 0.61495197 0.45338684 0.65474415
13 0.0016335270999999999 0.02375932 0.5942649999999999 0.36206752 0.9117758
5 0.0016081982 0.7650615 0.63889605 0.9554609000000001 0.77945143
11 0.0015888696 0.82180196 0.57515514 0.955731 0.7817225
1 0.0015625404 0.7782851 0.6601126 0.9498753000000001 0.76799995
5 0.0015606901 0.4598308 0.63298583 0.5700459 0.6644724
9 0.0015439898 0.26552358 0.60637075 0.37043026 0.67478925
9 0.001536778 0.5000727 0.615169 0.5610839 0.66345865
12 0.0015235545999999999 0.30132407 0.6088237 0.41347265 0.6806389
5 0.0014941101000000001 0.37298232 0.63214177 0.4550088 0.66606754
2 0.0014647573999999998 0.49770990000000004 0.61355895 0.5731022 0.65797895
5 0.0014267339000000002 0.23281498 0.6195734 0.38282806 0.6712198
13 0.0014086702 0.49970818 0.62068254 0.5722678000000001 0.6716751999999999
7 0.0014013188 0.27706978 0.62544113 0.37394604 0.7163301
7 0.001308388 0.29917866 0.5965284000000001 0.39327252 0.6890141
2 0.0012625094000000001 0.311302 0.6015031 0.40236998 0.67591965
3 0.0012521341 0.30853212 0.6040188 0.3997745 0.67487085
6 0.0012311923 0.7694357 0.64558434 0.9900908000000002 0.77369183
1 0.0012162637 0.39035708 0.63251376 0.43714595 0.6664503
8 0.0011995064999999999 0.6770851999999999 0.18300992 0.8773579 0.68842953
11 0.0011990431 0.5026835999999999 0.6169416 0.544177 0.6730366999999999
3 0.0011967815 0.679615 0.6039340999999999 0.8053459 0.68146706
9 0.0011304662 0.2941994 0.59529924 0.44481057 0.71149045
10 0.001127618 0.25703996 0.6051377 0.3621331 0.6619109000000001
7 0.0011143626 0.74004394 0.62027836 0.979008 0.80843663
13 0.0011099216 0.66076577 0.64302886 0.7812413 0.7123268
9 0.0011093782000000001 0.26902068 0.5921608 0.40586734 0.7180845
9 0.0010807058 0.8287603000000001 0.63097644 0.9644436 0.75184804
13 0.0010722124 0.2850417 0.62750924 0.36938447 0.71727014
2 0.0010682406 0.25204328 0.5779878 0.46630314 0.7158542
12 0.0010357264 0.08038854 0.61356735 0.24463952 0.7699333
1 0.0010245785000000001 0.29346472 0.62323886 0.38538486 0.68179774
10 0.0010076738 0.29659393 0.5929111 0.38223359999999995 0.65960824
9 0.000976732 0.29927057 0.6093710999999999 0.40321493 0.6707184
1 0.0009518614 0.0 0.66603345 0.16151032 0.7691748
6 0.0009456421 0.37336388 0.6192929 0.46513727 0.6682984000000001
4 0.000944265 0.31293476 0.59323096 0.39912552 0.67686427
3 0.0008983712 0.8771658999999999 0.60096157 0.9943296 0.6679675
9 0.0008972345 0.29380774 0.63140786 0.38715112 0.6920440999999999
9 0.0008930314999999999 0.5081621000000001 0.61764616 0.5854338000000001 0.66524345
9 0.0008922566999999999 0.83174443 0.5878431 0.9685855 0.71787363
11 0.0008917719000000001 0.40439445 0.61791325 0.44093502 0.6687034000000001
1 0.0008748731 0.48422253 0.6290245 0.55088747 0.6699215999999999
11 0.00087317755 0.29692373 0.57635224 0.34041104 0.69045
7 0.0008593275 0.49914548 0.6082286 0.5812913000000001 0.6803185
12 0.0008413114 0.29606313 0.5881016 0.36187863 0.6965077
7 0.0008072431 0.48238853 0.6098091 0.5581743 0.6816448
6 0.0007542812400000001 0.28326443 0.63377947 0.39856216 0.703021
9 0.0007519207400000001 0.39751923 0.6197748000000001 0.45650095 0.6684404
4 0.0007406903999999999 0.2766866 0.5956392 0.37458652 0.6750363
11 0.0007232732 0.042086642 0.60472244 0.15730004 0.7750946999999999
11 0.0007231955999999999 0.6795238 0.5612038 0.8034718000000001 0.7481797
4 0.00071506185 0.52470285 0.6139404 0.5849361 0.6761843000000001
11 0.0007020462 0.32434773 0.6055884 0.37694246 0.67661273
10 0.0006868038000000001 0.28513527 0.62918764 0.37778735 0.69702035
4 0.0006825800999999999 0.50537354 0.61578214 0.56220704 0.67335993
13 0.00067958416 0.29714159999999995 0.60134053 0.38016079999999997 0.6987059
5 0.00066929386 0.0 0.6149729 0.18682033 0.7585967
13 0.0006683517999999999 0.01970853 0.81035525 0.21478955 0.92887795
4 0.0006519267 0.40550265 0.619104 0.45277372 0.6680768
5 0.0006505627 0.61427814 0.64759284 0.7893707 0.75409776
1 0.00063785346 0.78650177 0.60771376 0.9648776 0.71406245
7 0.00063659274 0.58230436 0.5853775 0.8297683000000001 0.7807172
12 0.0006323459 0.38575873 0.6157682 0.45500025 0.6592901
4 0.0006298932 0.28877085 0.6021615 0.38497758 0.7103884
7 0.0006278612400000001 0.0 0.543265 0.31086975 0.96160966
7 0.0006276918599999999 0.7650049 0.58940417 0.95639825 0.7746217
1 0.0006258115 0.047376655 0.6579583000000001 0.22365543 0.7760228
2 0.0006244256500000001 0.8030853 0.61560124 1.0 0.7381499
11 0.0005877875 0.84852546 0.5709619 0.95530444 0.7099075
12 0.00057717314 0.3072062 0.62829435 0.39346772 0.693803
3 0.0005684255000000001 0.030338615 0.82346576 0.17869122 0.9451628000000001
12 0.0005642652 0.7014585999999999 0.6314590999999999 0.78832674 0.70338887
9 0.0005595055 0.07091536400000001 0.5806741 0.3101312 0.8372953000000002
10 0.0005476966599999999 0.3976625 0.60869753 0.4544486 0.6673074000000001
11 0.0005407394000000001 0.7024368000000001 0.616664 0.7648339 0.70200735
5 0.0005405125 0.0 0.6595890999999999 0.35251695 0.8982788
13 0.0005390916 0.09962455 0.61602795 0.25788394 0.81275696
1 0.0005352283999999999 0.22956145 0.6093348000000001 0.39517725 0.73813325
7 0.0005347980000000001 0.17008510000000002 0.5974415 0.43603159999999996 0.778321
8 0.00053208374 0.7412914 0.15426524 0.9030528 0.67352307
5 0.0005165706400000001 0.66597646 0.6438284000000001 0.8498841 0.76212716
6 0.0005130115 0.48452765 0.6150253999999999 0.57267064 0.6706719
9 0.000499503 0.6754741999999999 0.6206341999999999 0.8026907 0.74849224
11 0.00049590477 0.28336838 0.5384644000000001 0.43170318 0.75888675
5 0.00048813198 0.19389445 0.6337385 0.3951779 0.75344765
3 0.00048536405999999993 0.022993326 0.58625597 0.25926602 0.72160345
3 0.0004797786799999999 0.8526896999999999 0.59751225 0.95710033 0.7214716
13 0.00047198574999999995 0.37688592 0.63095295 0.43145487 0.67299026
5 0.00047160082999999996 0.25808305 0.61926967 0.41454327 0.68042594
1 0.00045785947999999995 0.10009665 0.64916825 0.27696002 0.7616149
5 0.00045706856 0.26752275 0.60603476 0.35798514 0.6917065
1 0.0004536196599999999 0.67325604 0.6266944999999999 0.83757925 0.73671913
11 0.00044610900000000003 0.29836264 0.59320575 0.34357128 0.72846174
2 0.00044114227 0.6865659000000001 0.56631595 0.8640548000000001 0.71989477
1 0.00042758625999999997 0.61240685 0.62524277 0.7836460999999999 0.72627014
11 0.0004188649 0.5200576 0.61727864 0.56675464 0.67512304
1 0.00040896976 0.50494045 0.63229984 0.56498426 0.67377937
6 0.00040432103999999997 0.0 0.6451465999999999 0.22520454 0.7430956999999999
10 0.00040242774 0.29153082 0.5935234 0.3470072 0.6806471
12 0.00040190587999999993 0.81519496 0.5601687 0.9927995000000001 0.70196027
1 0.00039605133 0.0 0.602693 0.25693136 0.7916191
8 0.00038867160000000003 0.055372000000000005 0.17340504 0.31291878 0.7065285
12 0.00038563405 0.6159405 0.56063426 0.8190009 0.6934564000000001
1 0.00038406139999999997 0.6418698 0.6020141999999999 0.7899997 0.6904206
11 0.00038236123999999997 0.30868262 0.6343115 0.36767077 0.7164699999999999
12 0.00038187235 0.49410915 0.6154052 0.5710664000000001 0.6611011999999999
1 0.00038162898 0.26300484 0.5935210999999999 0.42613047 0.71329236
8 0.00037958138 0.030650392000000002 0.34646073 0.33656186 0.8666386999999999
1 0.00037741922999999993 0.27415705 0.64503765 0.34076732 0.7142401999999999
6 0.0003766051 0.035178795 0.6351076 0.25962347 0.77262646
8 0.0003717293 0.8299984 0.6266034 0.8878139000000002 0.72150916
5 0.00036871512000000005 0.7905786 0.61919165 1.0 0.72770864
5 0.00036586364 0.24962774 0.6416513 0.3975636 0.6993401
7 0.00036474896 0.24854523 0.5722539000000001 0.45785470000000006 0.7580836
9 0.00036419186 0.7099147 0.61962575 0.85889924 0.7367079000000001
3 0.00036339993999999997 0.3015595999999999 0.5907127 0.37571833 0.64304453
12 0.00035300370000000003 0.6529379 0.58530545 0.8810498999999999 0.71984226
13 0.00035151665 0.87465835 0.63853645 1.0 0.7680806
13 0.00034469579 0.48117962 0.6258156 0.54386735 0.66674834
8 0.00033881684000000003 0.109987184 0.4092493 0.49689883 0.8592076999999999
9 0.00032970196 0.30116513 0.59795237 0.35935745 0.6901389
9 0.0003250347 0.13862629999999998 0.62375957 0.29663077 0.73801124
12 0.00032371192000000003 0.1391156 0.64089906 0.2718144 0.7686778000000001
2 0.00032059025 0.2843423 0.5384245 0.47443682 0.70346355
1 0.00031854745 0.28792876 0.6502163000000001 0.37177694 0.7045682
8 0.00031466928 0.29982185 0.60619664 0.38409668 0.6823632
5 0.00031381776000000003 0.27146646 0.61914563 0.35015026 0.71655655
8 0.00029652134999999996 0.017234102 0.21064062 0.2703994 0.91511947
2 0.00029206756 0.28004047 0.6321739000000001 0.37833622 0.6926300999999999
9 0.00028632312999999997 0.8702386000000001 0.59403336 0.99744004 0.7139443
11 0.00028452315 0.7346913 0.55515397 0.8613573 0.74037004
10 0.000282644 0.31144062 0.56969464 0.35828498 0.6791666000000001
6 0.00027560367 0.18958677 0.6172865 0.4494651 0.7446873
11 0.00027270307 0.31927907 0.5762164000000001 0.35605806 0.6826882
5 0.00027257067 0.20671597 0.61654097 0.41299137 0.7265999
9 0.00027005564 0.30474392 0.62927616 0.36337397 0.7078729
4 0.0002700491 0.71825695 0.60181653 0.87282026 0.74614424
1 0.0002699077 0.28740079999999996 0.6063546 0.36328330000000003 0.6906372
2 0.0002649032 0.0358541 0.48649576 0.39044046 0.8077736
1 0.0002639223 0.6721789 0.65382344 0.7683218 0.7055465999999999
8 0.00026241806 0.019476682 0.6329654 0.1869921 0.791158
8 0.00025939877 0.833774 0.6505954 0.9003984 0.732488
1 0.0002561796 0.0 0.67204773 0.24881327 0.8776617
2 0.00025250720000000003 0.52999514 0.61254334 0.58905977 0.6622624
10 0.000250855 0.5065792 0.6093418 0.57322615 0.6610109000000001
11 0.0002489994 0.3855484 0.6110279000000001 0.4241985 0.66957057
11 0.00024586526 0.49511218 0.61500394 0.53042614 0.6711741
3 0.00024543464 0.79831827 0.6359208000000001 0.8660015 0.6981058000000001
12 0.00024395863999999997 0.81409115 0.61075944 1.0 0.7482656999999999
8 0.00024072627999999996 0.044188723 0.49035063 0.39587456 0.90733135
9 0.00023798298 0.28121266 0.5975507 0.341525 0.698002
13 0.00023639045 0.6492904 0.6379405 0.75353783 0.7026045999999999
10 0.00023600989 0.29513147 0.6287014 0.35099146 0.7095859
4 0.00023570117000000002 0.13080433 0.565547 0.28735040000000006 0.7424291999999999
1 0.00023432474999999999 0.47315335 0.62502533 0.533859 0.66061527
8 0.00023362167000000002 0.6357364999999999 0.18703985 0.8473417 0.8222841000000001
1 0.00022913865000000002 0.36413783 0.6247716999999999 0.42116475 0.66200995
10 0.00022666633999999998 0.31129694 0.60373765 0.36359787 0.7055908000000001
7 0.00022590671 0.28860778 0.6093133000000001 0.35857373 0.7372187
4 0.0002251794 0.12618257 0.567724 0.4437263 0.87293303
12 0.00022349072 0.31641707 0.6053887 0.38126776 0.6951371999999999
7 0.00022221402999999997 0.08206401 0.5977528 0.25326103 0.80561954
10 0.00021789408 0.6823045999999999 0.6331441 0.7688484 0.6898810000000001
13 0.0002178111 0.22380817 0.63486403 0.3720644 0.74140054
11 0.00021350838 0.082714096 0.60639733 0.18752842 0.75626075
11 0.00021223542999999998 0.12500507 0.47828403 0.36208979999999996 0.88083154
10 0.00021141027999999998 0.49125704 0.6120888000000001 0.55684733 0.6599163
4 0.000210642 0.32801664 0.57713443 0.48380917 0.7284389
11 0.00020996490000000002 0.06870046 0.51864856 0.25966018 0.9193747
8 0.00020990385 0.56733745 0.12624760000000002 0.8212554 0.7522760000000001
8 0.00020988664 0.0 0.45578575 0.2584055 0.8693002000000001
9 0.00020764278999999998 0.050074823 0.6328325 0.23088545 0.7552041
13 0.0002074868 0.27732965 0.5901621 0.38745209999999997 0.78448874
12 0.00020748339 0.0 0.49761239999999995 0.41448942 0.7774345
5 0.00020457098000000002 0.65579623 0.6365288 0.7890224 0.70338756
2 0.00020357127 0.80893254 0.56923944 0.9983337999999999 0.6984548
7 0.00020120897 0.27815965 0.5749354 0.34313992 0.71276695
5 0.00019998084 0.2856241 0.63326395 0.36721766 0.7239244
12 0.00019708938 0.25078398 0.55142367 0.47358936 0.691307
13 0.00019498156000000003 0.7796165 0.62325144 0.8506570999999999 0.68686366
1 0.00018907443 0.29197085 0.63559324 0.36226302 0.7161086999999999
11 0.00018420837 0.3321548 0.53569305 0.45827323 0.72034454
13 0.00018366417000000002 0.6251608000000001 0.030923923 0.9960625 0.74100834
2 0.00018247738 0.013510346000000001 0.55138576 0.3300721 0.82708436
12 0.00018003705000000001 0.30562649999999997 0.6184821 0.36294568 0.7134640999999999
10 0.00017113042000000003 0.017259069 0.64097065 0.19000545 0.74344224
7 0.00017109136000000003 0.35649142 0.61628795 0.4306076 0.68247527
12 0.00016990796000000002 0.12259812 0.5964458 0.28894627 0.7403671
9 0.00016753409 0.32063 0.5998353 0.37808353 0.6803958000000001
7 0.00016717633 0.03638736 0.61568516 0.20441666 0.7953698
6 0.00016374917 0.61890745 0.6212496999999999 0.89965224 0.7522661999999999
1 0.00016334995 0.09708744 0.6213814000000001 0.26502994 0.7334467
11 0.00016035911 0.8861614999999999 0.58159477 0.9756084 0.7064941
4 0.00015940279 0.29226884 0.57500625 0.43620273 0.72133315
8 0.00015655188 0.78708214 0.17761214 0.92170256 0.62781334
4 0.0001514141 0.81463724 0.62107056 0.995423 0.76454896
7 0.00015098093999999998 0.6690432 0.62540466 0.7660099 0.71326
8 0.00014793937 0.3186075 0.11848373 0.56278646 0.6042206
12 0.0001449464 0.14238043 0.58517045 0.24388911 0.7711209
6 0.00014462692 0.7951204000000001 0.56870365 1.0 0.721671
2 0.00014353891000000002 0.29723155 0.61134756 0.3616051 0.7099028000000001
5 0.00014144565 0.0 0.63887006 0.22866917 0.81511116
6 0.0001406042 0.08250738 0.6341872 0.32617566 0.79097986
6 0.00013871274 0.66210294 0.6356414 0.7987642 0.6983655
13 0.00013729191999999998 0.8255681 0.6687185 0.92461514 0.73280764
4 0.00013287191 0.06187035 0.5947818 0.36105245 0.8961809999999999
4 0.00013272458 0.055282235 0.5992778 0.25707367 0.7595188
8 0.00013255943000000002 0.27589294 0.5909587 0.36052790000000007 0.6514207
7 0.00013049518999999998 0.84788424 0.55069953 1.0 0.76205444
8 0.00013030108 0.77164054 0.6135871 0.8272474 0.68358177
12 0.0001286426 0.06839934 0.57863164 0.23859674 0.7381966
10 0.00012860537 0.68616945 0.5521035 0.8363083 0.73868185
1 0.00012792091 0.17848158 0.6049342 0.35550946 0.7149289000000001
7 0.00012488406 0.517496 0.6139391 0.5926471999999999 0.6712634
5 0.00012468678999999998 0.3492294 0.6300835 0.43390584 0.66956276
7 0.00012299128999999998 0.80928236 0.60672706 1.0 0.80604786
6 0.00012285697 0.47582823 0.6229149 0.55697125 0.66476244
11 0.000121801866 0.09574298 0.62338394 0.20721039 0.7959483
13 0.000121730896 0.83684677 0.6435236999999999 0.8920998 0.7429933000000001
10 0.00012146382 0.32823956 0.5621326999999999 0.37079346 0.67709076
4 0.00011946601000000001 0.30026698 0.5670289000000001 0.37048262 0.6858042
4 0.00011727101000000001 0.06504074 0.5449204000000001 0.39699059999999997 0.8225280999999999
6 0.00011427416000000001 0.0 0.5997653000000001 0.43898568 0.86007655
9 0.00011424997 0.9181046999999999 0.58279246 1.0 0.70623434
13 0.000112945534 0.76390696 0.6463187 0.84125996 0.70752156
4 0.00011113306 0.6611399 0.6046246999999999 0.827131 0.7332665
1 0.00010980541000000001 0.8438918 0.6158698 0.9839043 0.7200468000000001
1 0.00010972402400000001 0.5250362 0.6288614 0.58144915 0.66792053
12 0.00010836359399999999 0.2330025 0.58641934 0.48075986 0.7141765999999999
13 0.000108006665 0.31148916 0.6142479999999999 0.39937997 0.6837045
10 0.00010779004999999999 0.03442684 0.61058486 0.22612159999999998 0.74417543
9 0.00010647218999999999 0.2918234 0.5904895 0.38520294 0.77037007
6 0.00010577083 0.5101832000000001 0.622104 0.6090213000000001 0.6660849
7 0.00010379605400000001 0.30883315 0.57886785 0.36865345 0.7158906999999999
9 9.813766999999999e-05 0.28308645 0.62421495 0.34533373 0.7167493
10 9.801809999999999e-05 0.7362936 0.5591008000000001 0.8789471999999999 0.75461453
4 9.557531999999999e-05 0.69124055 0.58414745 0.8533591999999999 0.7079308000000001
10 9.421296999999999e-05 0.8143336999999999 0.62023336 1.0 0.7724965
13 9.420189000000001e-05 0.8187131 0.678938 0.8988851000000001 0.7284861
9 9.417986999999999e-05 0.0624125 0.6146522 0.24028805 0.8642219999999999
10 9.357839e-05 0.12651995 0.582308 0.27707195 0.7500017
4 9.215189500000001e-05 0.5463843 0.6101936 0.5920051 0.67058355
4 9.212451e-05 0.84476215 0.5748721 1.0 0.70357394
3 9.02252e-05 0.6562372 0.6081112 0.76792115 0.67182976
1 8.8490924e-05 0.0 0.6289414000000001 0.16415396 0.7370545000000001
13 8.845222e-05 0.86134386 0.64070576 0.9683368 0.7107585999999999
9 8.8289926e-05 0.5333911 0.62102497 0.6030109 0.664233
1 8.790824e-05 0.89886135 0.6461941999999999 0.99836844 0.7490960999999999
12 8.765568000000001e-05 0.7283156 0.6411916 0.8027896999999999 0.7028953
2 8.740415e-05 0.2935472 0.57738733 0.35903029999999997 0.6634277
12 8.7328495e-05 0.5302885 0.61953473 0.59461683 0.66339004
9 8.721238000000002e-05 0.8598165000000001 0.62841064 0.9969872999999999 0.74635136
3 8.638767e-05 0.84578174 0.6573414000000001 0.9548931999999999 0.7328321999999999
6 8.59093e-05 0.17888576 0.57389504 0.44512224 0.7193271999999999
8 8.102559e-05 0.25316393 0.38736892 0.45689076 0.8547126
12 7.992166500000001e-05 0.90580297 0.57894796 0.9946671999999999 0.7155469
10 7.98504e-05 0.81171244 0.5627451 0.97375613 0.71238065
7 7.9532925e-05 0.47008595 0.6163401999999999 0.5412568 0.67648166
8 7.763043e-05 0.8186074999999999 0.6289604 0.87750465 0.70589006
4 7.7206874e-05 0.32472068 0.56379443 0.38126308 0.68727714
