3 0.9669439000000001 0.019014407 0.25292507 0.13331626 0.3372883
3 0.7109807 0.51529443 0.27113062 0.55327284 0.30708757
8 0.06517991 0.80754304 0.6476044 0.9712038000000001 0.7880208000000001
8 0.05478947 0.01867555 0.24579515 0.14409415 0.34628847
8 0.0420261 0.5096818000000001 0.26837540000000004 0.55438805 0.31037092
13 0.041376800000000005 0.017389118999999998 0.45193365 0.16458899 0.57851833
3 0.04102439 0.8161755 0.645339 0.9956158000000002 0.7962651999999999
3 0.04101434 0.024198376 0.45333582 0.14687532 0.5774523
8 0.03354381 0.0028911382 0.46811125 0.13461569 0.5596406999999999
8 0.024810573 0.031847514 0.24952766 0.12826154 0.32715538
13 0.005080894 0.51864445 0.26752213 0.56621635 0.3138715
3 0.0039621787 0.51399827 0.28288206 0.5530838 0.31567675
8 0.0033413006 0.31408134 0.25261396 0.36538115 0.28991026
13 0.002606642 0.50986916 0.27282697 0.5539934 0.31315506
13 0.0019159103 0.019048337 0.25620475 0.121462405 0.32868725
13 0.0018604873000000002 0.024934642000000003 0.25758200000000003 0.15788138 0.38794017
9 0.0018312612 0.5127478 0.2660926 0.55842 0.30514959
7 0.0018144266 0.50007117 0.26161572 0.55525005 0.31278333
5 0.0015336464000000002 0.0 0.26197020000000004 0.13068616 0.31215188
13 0.0014204627 0.81079966 0.65576005 0.96764165 0.7822321
1 0.001372763 0.50201696 0.27307838 0.54855126 0.30292517
11 0.0013004739 0.5187767 0.26195088 0.5476884 0.30254808
5 0.0012742233 0.49688488 0.27483743 0.5589263000000001 0.3050208
1 0.0012251802 0.020636454 0.27189386 0.10260255 0.3210555
9 0.0012145169 0.059041996 0.2484498 0.16048896 0.30328062
13 0.0011627888 0.047957648 0.25860578 0.13275903 0.34769
9 0.0011424071 0.03873746 0.26315022 0.16783006 0.36880022
11 0.0011373699000000001 0.042914957000000004 0.25366503 0.09603086 0.3132886
2 0.0010627509 0.5116207 0.2597575 0.56491 0.29328233
3 0.0010538353 0.32144629999999996 0.26049024 0.3638221 0.29168057
6 0.0010106536 0.02334391 0.25044376 0.1319981 0.31739986
7 0.0010058237 0.51598775 0.2607514 0.5733917 0.31246746
2 0.0009781179 0.0047524273 0.21561772 0.21446943 0.3616189
13 0.0009570605 0.0 0.41192907 0.17099793 0.55996084
12 0.0009380278 0.03736456 0.25221863 0.12959993 0.31232634
9 0.00091900525 0.07749976 0.2363179 0.13564189999999998 0.31113577
3 0.0009054477 0.020088843999999998 0.27975103 0.09559924 0.32826582
1 0.00090408185 0.5184810999999999 0.27474990000000005 0.56294626 0.30518618
8 0.0008995495 0.9503125 0.20571633 0.9896716 0.24796547
9 0.0008945914500000001 0.52477616 0.26665708 0.57871443 0.30457428
2 0.00085526746 0.5254788 0.25738487 0.57637686 0.2956065
11 0.0008510810400000001 0.047888644 0.18451892 0.17774355 0.38366762
1 0.0008361703999999999 0.0 0.26979023 0.13855866 0.37394634
9 0.0008235796 0.024596128999999998 0.25327602 0.11577069999999999 0.30918065
5 0.00079724425 0.0 0.28129753 0.15108958 0.38843217
5 0.00079315243 0.021579228 0.26257485 0.106618084 0.33840433
12 0.0007905452 0.5026617 0.26183474 0.56197524 0.2993917
3 0.0007830224 0.045205142000000004 0.2467609 0.1402162 0.32482597
2 0.000776433 0.0 0.45245993 0.18109927 0.6043208000000001
8 0.0007711663000000001 0.014161658 0.25167367 0.107803464 0.7250678
7 0.0007634072 0.022405777 0.24138018 0.10454477 0.32850724
8 0.00075887976 0.027056515 0.2515041 0.09561743 0.3317472
1 0.00075424806 0.05416745 0.26987657 0.13565333 0.32409993
11 0.0006439787 0.049369294 0.2074542 0.09411745 0.33295065
8 0.0006432836 0.060273364 0.26730317 0.3328576 0.73772323
6 0.0006183873000000001 0.49720946 0.26346657 0.5611794 0.3061035
8 0.0006168184999999999 0.33103818 0.25645450000000003 0.38788712 0.29361114
12 0.0005931215 0.042552955 0.23896085 0.10750506 0.32999167
13 0.0005759871 0.026833579 0.26530397 0.10740034 0.35879472
12 0.0005741786 0.056057494000000006 0.24884377 0.15804358 0.31773588
7 0.0005681576999999999 0.051177762 0.23198064 0.14015394 0.3339247
2 0.00056499493 0.041285075 0.24460676 0.12827331 0.3004142
12 0.0005623465 0.06845787 0.24948928 0.13036577 0.32834035
8 0.0005579484 0.0 0.21384321 0.1464228 0.3648133
7 0.0005308817 0.0 0.22775517 0.17881763 0.4224361
4 0.00052802113 0.063060306 0.23362504 0.1583103 0.3185401
8 0.0005212987 0.51665324 0.27159205 0.5653710999999999 0.32025704
5 0.0005189039499999999 0.51324403 0.2753138 0.57824576 0.3086514
10 0.0004909701999999999 0.026338052 0.25127068 0.10912184400000001 0.30268008
13 0.00048118852999999996 0.01389214 0.28155327 0.11303064 0.34114429999999996
4 0.0004202163 0.031465147 0.24457145 0.12797750000000002 0.31550512
11 0.0004098115 0.029513378 0.19159822 0.11492123 0.39953829999999996
11 0.00040607847 0.07764599 0.24414696 0.12957591 0.3116753
12 0.00037524087 0.0 0.22150476 0.21290839 0.34964722
4 0.00037340074999999995 0.5170703 0.26423964 0.556739 0.30172083
10 0.000347017 0.05995962 0.23413044 0.13910742 0.3039741
8 0.00033937489999999996 0.765927 0.6371899000000001 0.94443494 0.7981535
5 0.00033334394999999994 0.024340026 0.2613447 0.16986266 0.3237222
11 0.0003257741 0.53759784 0.25917637 0.5697743000000001 0.30159894
3 0.0003171239 0.33594075 0.26235586 0.38770702 0.2945475
1 0.00031648506 0.059693918 0.27792966 0.124022916 0.35037070000000003
8 0.00030982436 0.014918342 0.38772163 0.13269160000000002 0.6688701
5 0.0003096302 0.022470802 0.27921787 0.09748119 0.36509266
2 0.0003089609 0.06427412 0.23351969 0.14451329999999998 0.31387365
4 0.000297745 0.5343489 0.2637704 0.57491094 0.3054795
9 0.0002972117 0.07702735 0.2653409 0.13235605 0.34175605
4 0.00029163316000000003 0.05395729 0.24103314 0.19605926 0.39131844
8 0.00028949147000000003 0.023871534 0.29453979999999996 0.19378152 0.87126976
12 0.00027318333999999997 0.070734374 0.27098479999999997 0.13019067 0.35035145
4 0.00027163126 0.07350013 0.22610892 0.12570435 0.34481758
10 0.00027104863 0.08306727 0.19632979 0.12567260000000002 0.31924543
10 0.00026066828 0.049125064 0.23447005 0.09584217 0.31964287
8 0.00025774914 0.030360319 0.18076068 0.20602727 0.7065664
9 0.00025182599999999997 0.03448287 0.2611953 0.11546731 0.3629002
7 0.00024662779999999997 0.019796822 0.25403228 0.13117144 0.36411762
10 0.00024459837000000004 0.5107065 0.25583696 0.55686575 0.30169725
8 0.00024032882000000002 0.8292354999999999 0.6663986999999999 0.8935911 0.7648931
8 0.0002369012 0.09579018 0.23455755 0.3843145 0.8627836999999999
1 0.0002362926 0.0 0.5060729 0.13800354 0.5990371999999999
11 0.00023548778 0.02797927 0.263626 0.094836935 0.36298
1 0.00023404552000000004 0.0 0.24855855 0.14115797 0.34659308
8 0.00023143465 0.6591133000000001 0.19249885 0.93083453 0.9565098
1 0.00023112021 0.007550846999999999 0.26974088 0.07855137 0.30853662
9 0.00022424324000000002 0.04735905 0.46932453 0.17936903 0.6064807
13 0.00022383577000000001 0.24118687 0.04981751 0.5683909 1.0
10 0.00022332077999999997 0.5321256 0.25147498 0.57320845 0.30439568
11 0.00021982797000000002 0.060138874 0.26477912 0.12260998 0.35332647
7 0.00021712459999999998 0.0 0.42116827 0.17177409999999999 0.6070094
8 0.0002156957 0.06568065 0.14213766 0.29639336 0.67144036
5 0.00021225557 0.0047912896 0.2856103 0.15591337 0.34729135
8 0.00021051078999999998 0.22890198 0.24726765 0.50736475 0.86550945
9 0.00021027906000000001 0.04857629 0.27103472 0.14411063 0.335771
8 0.00020991497000000004 0.31575653 0.29118538 0.5910953 0.8664643
4 0.00020688873 0.050634794000000004 0.24751659 0.1470908 0.34837762
5 0.00019880087 0.01284207 0.256863 0.084711224 0.32903403
1 0.00019846835 0.03942216 0.2603461 0.11154264 0.33015248
8 0.00019802112 0.0 0.26556435 0.14560996 0.5299897
2 0.00019757196 0.005416780699999999 0.42254686 0.19605277 0.5683928
3 0.00019698317999999998 0.81568307 0.66007775 0.9281495000000001 0.78631496
11 0.00019241933 0.08857839 0.21456122 0.12498440000000001 0.32596305
11 0.00018989900000000002 0.8523296 0.67318594 0.9479165 0.82684976
7 0.00018713185 0.06037251 0.20943947 0.11905315 0.36190137
5 0.00018630116000000003 0.048502665 0.28651884 0.13151923 0.3777192
5 0.00018517657 0.0 0.26582322 0.1008541 0.30473104
5 0.00018376476000000002 0.047198477999999995 0.2703828 0.14765060000000002 0.35579374
1 0.00018148002 0.024779731 0.28513956 0.08645774 0.35192958
1 0.00018037159 0.0 0.28733164 0.095726185 0.37543790000000005
4 0.00017731014 0.05351824 0.46551934 0.16805653 0.58472186
1 0.00017691578 0.08050915 0.258546 0.13566487 0.3295741
11 0.00017620802 0.056232072 0.45643902 0.13091406 0.6119998000000001
9 0.00017560206000000002 0.8431 0.6808721999999999 0.9848688 0.7867798
3 0.00017313933 0.2301087 0.2430382 0.5891765999999999 0.9582184000000001
11 0.00017308324 0.07229224 0.2083841 0.10870607 0.33243784
10 0.00016441773999999998 0.08233018 0.22019202 0.1307514 0.34670115
13 0.00016343582 0.5056208 0.29510108 0.5493775 0.32805192
8 0.00016238813 0.018180706 0.44403909999999996 0.09986143 0.5755374
8 0.00016132747 0.7539353 0.5112742 0.9781962 0.8213895
11 0.00015822708999999998 0.030874781 0.21880718 0.07793308 0.33342355
10 0.00015428588 0.06915504 0.2125741 0.113590926 0.31895882
3 0.00014979315 0.3198012 0.27019313 0.68914795 0.9299248
9 0.00014684342 0.055900402 0.24337707 0.11523085 0.3241651
13 0.00014622304 0.3209402 0.1752605 0.6349241 1.0
13 0.00014343146 0.027608246 0.15656029 0.35446823 1.0
13 0.0001430381 0.05306087 0.4616634 0.14609282 0.5380722
9 0.00014065485 0.03462304 0.24684186 0.0960155 0.33204833
10 0.00013896986999999998 0.01926284 0.28695944 0.10864496 0.33529833
8 0.00013742958000000002 0.38485444 0.30401114 0.67906463 0.86855286
2 0.00013410945 0.012860611000000001 0.23036554 0.149339 0.3473908
6 0.0001330515 0.0 0.26194805 0.20915377 0.38758844
7 0.00013042348999999997 0.029881716000000003 0.22000672 0.090600185 0.35478678
9 0.00013021816000000002 0.021678988 0.43730630000000004 0.13095252 0.5860278
8 0.00012781013 0.06344465 0.03188931 0.2951149 0.32512164
8 0.00012776999 0.50387394 0.32883629999999997 0.81703794 0.9199896999999999
10 0.0001260202 0.054074205 0.41070509999999993 0.18836760000000002 0.6057815
6 0.00012525362 0.02319919 0.26723436 0.14765379999999997 0.34717923
10 0.00012305598999999998 0.02674434 0.2631965 0.093026996 0.3009142
13 0.00012217378 0.39764887 0.18034665 0.71828574 1.0
5 0.000122002675 0.0 0.49375668 0.13970552 0.58928317
3 0.00012078828000000002 0.5154181 0.315687 0.874973 0.96255237
10 0.00011936033000000002 0.05093893 0.2558524 0.09971687 0.34253320000000004
3 0.00011865117 0.9516190999999999 0.20120093 0.99811846 0.25028320000000004
2 0.0001154392 0.06348057 0.24136348 0.120309785 0.35777146
13 0.000112288864 0.66639745 0.0 0.9571451999999999 1.0
12 0.00011177841 0.0048343985999999995 0.44407913 0.20423613 0.5692009
6 0.00011127258 0.012343846 0.26083806 0.117222585 0.30811995
8 0.00011077938999999999 0.69608784 0.13283695 0.92122924 0.7514936
5 0.00010805225 0.0 0.2857082 0.11290008 0.33791259999999995
13 0.00010687827 0.0 0.44637436 0.122246124 0.56831
13 0.00010549572 0.055522012999999995 0.2574303 0.14741378 0.32280690000000006
13 0.000105195606 0.0 0.21435104 0.19804296 0.9210328000000001
13 0.00010052860000000001 0.8233401 0.6695869000000001 0.90293556 0.771004
10 9.930899e-05 0.83074284 0.6214244999999999 0.99636936 0.8089812
3 9.8643315e-05 0.6733731 0.24517733 0.9580723 1.0
3 9.481623400000001e-05 0.07114293 0.29117718 0.40588152 0.9494949
8 9.472724e-05 0.4253085999999999 0.49855390000000005 0.89397967 0.98354405
3 9.437351000000001e-05 0.018615425 0.26714653 0.081382364 0.34063593
13 9.210381499999999e-05 0.50404114 0.18867333 0.8322858 1.0
8 9.06874e-05 0.008883484 0.1603628 0.15917578 0.64655495
10 8.912763600000001e-05 0.029319182000000003 0.26456818 0.13632329 0.33357403
8 8.898699e-05 0.54120356 0.26843703 0.5764738 0.30144086
8 8.867636e-05 0.01968932 0.26562107 0.07095437 0.33376786
9 8.860874400000001e-05 0.8395298000000001 0.6602383000000001 0.99731714 0.761191
13 8.772596999999999e-05 0.31710857 0.26096955 0.36236632 0.3006014
13 8.572942e-05 0.51286495 0.29132414 0.5633974 0.33108038
6 8.430286e-05 0.0 0.49564567 0.2079815 0.6193615
8 8.245280999999999e-05 0.44103980000000004 0.15470494 0.72723305 0.773621
13 8.184113e-05 0.025411628 0.25208515 0.13162407 0.44580692
6 8.137289e-05 0.04177034 0.23760329 0.14741367 0.34025213
1 8.014983e-05 0.7655733 0.6770285 0.96438235 0.7936358
11 7.9633035e-05 0.046742346 0.44489002 0.1019572 0.5786107
10 7.902114000000001e-05 0.06288664 0.19584453 0.2014185 0.39291176
4 7.854057e-05 0.09424655 0.20926632 0.14417227 0.3223643
7 7.652739000000001e-05 0.043911655 0.21668588 0.10538386 0.36284859999999997
10 7.608366e-05 0.03565041 0.25547102 0.08185647 0.3173937
8 7.583491999999999e-05 0.016892627 0.42698109999999995 0.17996031 0.6906933000000001
10 7.544122500000001e-05 0.04008081 0.40226355 0.14574906 0.5545368
12 7.52638e-05 0.04353671 0.27075425 0.14721395 0.3320038
8 7.51715e-05 0.0 0.18840213 0.16168341 0.47597945
1 7.3953204e-05 0.041143965 0.29213944 0.121039495 0.34564707
7 7.362541500000001e-05 0.77280396 0.65793175 0.9715294 0.80811197
8 7.261096499999999e-05 0.34583359999999996 0.10631958400000001 0.6033244000000001 0.64357746
12 7.2356146e-05 0.04601096 0.25924873 0.10836369 0.35546413
8 7.099144e-05 0.5898128 0.13971557 0.8898985999999999 0.6685981
7 7.044343e-05 0.0 0.26680776 0.09676991 0.35114565
8 6.7400935e-05 0.5710166 0.6656731 0.8941485 0.97158283
3 6.640591e-05 0.45179662 0.23630305 0.8131956 0.8330277
2 6.479379e-05 0.044410776 0.24717705 0.108996496 0.33057752
5 6.3969375e-05 0.0 0.2791574 0.08271235 0.38512492
10 6.341186e-05 0.10073005 0.20531638 0.14170988 0.32853746
8 6.233147e-05 0.56116915 0.26995959999999997 0.9063419 0.8129675999999999
2 6.0913466e-05 0.0685438 0.21376191 0.123201646 0.33649042
4 6.073335e-05 0.84084976 0.62896806 0.9932059000000001 0.7936259
6 6.0157967e-05 0.0 0.28069672 0.12698022 0.3345019
7 5.719406e-05 0.024848107 0.24727842 0.09682289 0.3775142
1 5.698761e-05 0.0 0.29553779999999996 0.07600194 0.33303636
3 5.529708000000001e-05 0.5434788 0.26787785 0.5882071999999999 0.30637524
5 5.5156623e-05 0.0 0.48094103 0.117555395 0.56607693
8 5.508143e-05 0.7702974 0.20930478 0.957775 0.9336747
12 5.368512e-05 0.0 0.41418320000000003 0.22546860000000002 0.53288007
8 5.2604148e-05 0.6342736 0.049228735 0.88805765 0.32587793
8 5.2452095e-05 0.13038781 0.15013398 0.38838938 0.62660104
1 5.2390096e-05 0.0 0.26245084 0.07088934 0.34542492
13 5.225131500000001e-05 0.1476772 0.0 0.48496866 1.0
8 5.218629e-05 0.75387746 0.5935764 0.95523745 0.91130704
6 5.1662029999999996e-05 0.7549459 0.6737955 1.0 0.7848594
7 5.1321985999999996e-05 0.074135855 0.21793154 0.1334266 0.34850094
1 5.1133786e-05 0.0 0.46933928 0.11277529 0.54986274
8 5.109e-05 0.26497847 0.12045196 0.5425858 0.6550429
8 5.0692262e-05 0.56463104 0.36854783 0.9299415999999999 0.9641923000000001
8 5.023427e-05 0.48636556 0.10919682 0.77405083 0.69045687
2 4.9647657e-05 0.03855222 0.26637778 0.13644446 0.32596165
9 4.9411217e-05 0.054726955 0.26975247 0.11113216 0.35266218
3 4.938368e-05 0.49515527 0.48774582 0.94317275 1.0
2 4.9197067999999996e-05 0.5063171 0.28450435 0.5701576999999999 0.3224208
2 4.760038e-05 0.045704633 0.22226259 0.11143157 0.30517143
1 4.723037999999999e-05 0.0010391884 0.28682894 0.06851977 0.34327576
3 4.6302288e-05 0.36207685 0.19307637 0.7233212 0.7036724
13 4.5978177e-05 0.76520914 0.6764689 0.9204814 0.7906411999999999
5 4.5675029999999994e-05 0.0 0.30506859999999997 0.110147655 0.45429558
12 4.3971890000000004e-05 0.0 0.24028853 0.14398135 0.35197106
13 4.3831344e-05 0.43397936 0.026897961 0.7692100000000001 0.9671958
4 4.222657999999999e-05 0.02719554 0.2438141 0.14252958 0.37697908
12 4.2035316999999994e-05 0.8059257 0.63387173 1.0 0.7675671
5 4.0781706e-05 0.06945802 0.48566332 0.34198576 1.0
11 4.0182979999999997e-05 0.90005124 0.66568506 0.99320614 0.8224676
4 3.9730145000000004e-05 0.054257747 0.21395783 0.12459013 0.3240137
9 3.9577975000000005e-05 0.023141086 0.27780715 0.101429075 0.33511034
4 3.9492883e-05 0.07579459 0.4331713 0.183906 0.5576671
2 3.918115e-05 0.8039159 0.6373504 0.9908698 0.7864543
2 3.8910349999999996e-05 0.32138312 0.25648585 0.3773821 0.29773003
2 3.881365e-05 0.024659537000000002 0.20021912 0.17759523 0.39061072
7 3.813211e-05 0.01810812 0.23902245 0.07752332 0.33841258
3 3.8117854000000004e-05 0.03633576 0.33768564 0.21903256 1.0
1 3.7767266e-05 0.0 0.47780296 0.14240023 0.5742699
13 3.7598109999999996e-05 0.0 0.32743993 0.15873757 0.6743886
5 3.7489666e-05 0.49495494 0.29582873 0.547053 0.3381495
3 3.641118e-05 0.14294773 0.25954944 0.49116329999999997 0.9534146000000001
11 3.522558e-05 0.018940456 0.16425464 0.08361698 0.39105567
10 3.510545e-05 0.87456286 0.6198744 1.0 0.79571706
12 3.3745262e-05 0.017108858 0.41265914 0.16051605 0.5399936
9 3.337695e-05 0.04661673 0.26190346 0.13684918 0.42451686
10 3.2485714e-05 0.037744492000000004 0.2739572 0.08917330000000001 0.34677579999999997
7 3.2398726e-05 0.0029698163000000002 0.39511040000000003 0.12968501 0.5817482
3 3.1464308e-05 0.47158024 0.16706859 0.8299962 0.64260113
4 3.118961e-05 0.052918565 0.23565595 0.11555304 0.34420759999999995
11 3.1161497e-05 0.51970994 0.2712792 0.55953205 0.33769593
8 3.083778e-05 0.038549 0.15884164 0.22184867 0.41076840000000003
13 2.9107761e-05 0.02673192 0.47176138 0.13863908 0.5294514
13 2.8365967000000002e-05 0.0 0.096879326 0.42601344 0.7926724
7 2.7371274e-05 0.48469114 0.28869343 0.5580379 0.33789867
5 2.7139884e-05 0.35421664 0.42057553 0.62096816 1.0
5 2.6452675e-05 0.27994525 0.4195383 0.5248263000000001 1.0
3 2.5939047000000002e-05 0.031321935 0.43950029999999995 0.14873734 0.7598589
13 2.583449e-05 0.0 0.024551842 0.23966396 0.81039554
13 2.4786468e-05 0.022195179 0.45488814 0.12638673 0.546431
4 2.440194e-05 0.017735984 0.26328197 0.110298365 0.3423231
9 2.3850203000000002e-05 0.037220694 0.42429247 0.21800575 0.57209766
3 2.2581235000000002e-05 0.6131981 0.17021792 0.9623111999999999 0.70702726
10 2.2274586e-05 0.034229465 0.22408178 0.1486904 0.37850618
4 2.2256518000000002e-05 0.8631286 0.5957645 1.0 0.7697531999999999
6 2.2130100000000003e-05 0.76514286 0.64825326 1.0 0.74895245
6 2.2097773000000003e-05 0.0 0.22971909 0.21940142 0.35692525
3 2.2090268e-05 0.05192911 0.26956448 0.27003333 0.8000195999999999
5 2.1462181e-05 0.44139480000000003 0.44986000000000004 0.70391965 1.0
4 2.1316568e-05 0.049803275999999994 0.42257535 0.13224559 0.53516406
7 2.1158741e-05 0.010997497 0.2570108 0.08282943 0.36765274
4 2.1064692e-05 0.03607968 0.24685338 0.10148457 0.35043088
9 2.0997532999999997e-05 0.022852529 0.23260124 0.11427314599999999 0.41556764
13 2.0959698e-05 0.33021100000000003 0.26437172 0.37972584 0.3033093
4 2.0935031e-05 0.021716263 0.25377837 0.10537268 0.31092462
6 2.0731713e-05 0.0 0.46086428 0.22010815 0.5891662
9 2.0512007e-05 0.511421 0.29125702 0.5590076999999999 0.3271105
13 2.0503560000000002e-05 0.45889962 0.46636146 0.89956605 1.0
1 2.0332187e-05 0.49711257 0.29340229999999995 0.5481468 0.32488373
8 1.9270410000000002e-05 0.7216941 0.07047289999999999 0.9206803 0.43898818
7 1.9199508e-05 0.17091088 0.14467923 0.66333044 1.0
1 1.8835597e-05 0.7778991 0.6422189 0.97976166 0.76202947
13 1.8530410000000002e-05 0.79352397 0.0 0.9755773000000001 0.99050546
11 1.8480514000000002e-05 0.10642919999999999 0.2202706 0.14237924 0.30917805
8 1.827e-05 0.6515593000000001 0.5827533 0.94020754 0.97945625
