3 0.9928184999999999 0.059475802 0.70610124 0.12867945 0.7522689
3 0.98529786 0.83972424 0.6352879 0.9471379000000001 0.70896155
3 0.9850509 0.48162183 0.68301415 0.55620503 0.7317193000000001
3 0.71545064 0.13210283 0.84762603 0.5728415 1.0
8 0.35752612 0.11037491 0.68643016 0.18243466 0.74669504
3 0.3182978 0.11912558 0.6958985 0.170535 0.7404946
3 0.2992517 0.7678058000000001 0.6431456999999999 0.8405024999999999 0.6949392
8 0.28405887 0.74953854 0.6426702 0.8525193000000001 0.7069972
8 0.08651614 0.12145005 0.68605506 0.1726562 0.7325571
8 0.06807299 0.6783619000000001 0.13340111 0.9144188 0.369141
8 0.0364666 0.7827475 0.11008126 0.9449736999999999 0.31968567
3 0.035060417 0.6734106 0.088563 0.9686795 0.36309794
8 0.03146366 0.059002396 0.6885835 0.14047769 0.7616949000000001
3 0.025399266 0.12879583 0.6869839 0.1761229 0.7283316
8 0.016675073999999998 0.8378521999999999 0.6304228000000001 0.95008236 0.7087475000000001
8 0.010841162 0.4817326 0.66971457 0.55852735 0.72966975
3 0.009620543 0.13063002 0.72145396 0.67157894 0.9808833
8 0.009486296 0.11521120000000001 0.7059887 0.60516673 1.0
8 0.008937289000000001 0.7732722 0.14356013 0.93384784 0.38546816
3 0.0084139155 0.79245305 0.083984 0.98217213 0.39944172
8 0.00834238 0.05002408 0.6994074 0.120474234 0.75271803
13 0.007009495500000001 0.77594185 0.63875824 0.8498843 0.70618373
3 0.006688495 0.8565818999999999 0.6232099 0.9453534 0.6860979
13 0.0047063166 0.7942767 0.017682765 0.9951745000000001 0.3729817
3 0.004342184 0.13230589 0.69567466 0.18035179999999998 0.73843664
13 0.004198333 0.49811409999999995 0.6793182 0.5697385 0.7387415
8 0.003723353 0.62461674 0.045356803 0.89992654 0.32140395
13 0.0034652420000000003 0.82270217 0.6439522 0.9218291 0.71171296
13 0.0033154078 0.073446415 0.6972746999999999 0.15149051 0.7656044
13 0.0032928556 0.68856597 0.048019845 1.0 0.4016205
13 0.0031588203000000002 0.76338625 0.64430773 0.83356833 0.7026296999999999
3 0.0028680717 0.7815667 0.6417415 0.85745174 0.70067436
8 0.002608938 0.8348760000000001 0.59983134 0.95801276 0.72724086
8 0.0025891769 0.46958867 0.6744817 0.53956485 0.72880846
13 0.0022713388 0.2553584 0.8688103000000001 0.6104901999999999 1.0
8 0.0021041974 0.5233073 0.12924959 0.86779416 0.5463751
11 0.0020327182000000003 0.8377176 0.62850523 0.89450294 0.7091061
3 0.0019893798 0.7913531 0.088380136 0.97346866 0.28589198
13 0.0019880792000000003 0.12003974 0.70176107 0.18250847 0.75116247
8 0.0017384548 0.90744454 0.6037733000000001 0.9606214 0.7000893
11 0.001705834 0.13214421 0.679901 0.18649057 0.75831616
8 0.0015763607999999998 0.7790765000000001 0.124961615 0.93222314 0.25204879999999996
2 0.0015269043 0.12127404 0.69094634 0.19942106 0.74057955
13 0.0015015292000000002 0.76667976 0.07971068 0.9627392 0.26352
13 0.0014419685999999998 0.047304045 0.7087711 0.11211489 0.756975
2 0.0013649141 0.777455 0.6271478 0.8601186 0.69458455
11 0.0013380651 0.11232291 0.6744571 0.16600664 0.75971675
5 0.0012749978 0.092613585 0.71222734 0.1891827 0.7538913
1 0.0012667521000000001 0.81041193 0.6573604000000001 0.900911 0.7093709
8 0.0012580525 0.18386704 0.8217763000000001 0.5459285 1.0
3 0.001218743 0.8322787 0.6532013000000001 0.92591393 0.70789576
8 0.0012139208000000001 0.78641254 0.18511103 0.9358254 0.5222906
13 0.0011954136 0.85154 0.63658184 0.96208996 0.71391064
8 0.0011294171 0.7718686 0.6290543000000001 0.83356595 0.6764643
8 0.0010807739 0.679409 0.16805315 0.9094639999999999 0.55556893
13 0.0010656811 0.84562826 0.63160616 0.9119139 0.7375414
13 0.0010545681 0.10355471 0.70550144 0.17046149 0.7530293
9 0.0010468342999999998 0.79066443 0.6516693 0.8734 0.6963933000000001
8 0.001040942 0.84809804 0.62093604 0.9380419 0.6837538000000001
5 0.0010323619 0.79952836 0.64198655 0.9241867 0.6986441
1 0.0010070818 0.77809656 0.6554948 0.84660184 0.70313054
8 0.0009930994 0.5844349 0.21945865 0.8588676 0.87583077
3 0.0009893308 0.91670406 0.61611825 0.96542704 0.69141346
1 0.0009773453 0.7616881999999999 0.6556890999999999 0.8322678 0.6972678000000001
13 0.0009154864 0.48756215 0.0 0.9664507 0.5945165
7 0.0009015896400000001 0.80620974 0.62401056 0.90664726 0.72303355
11 0.0008109777000000001 0.8567536 0.59851134 0.9056002000000001 0.729691
9 0.000807137 0.7539456 0.07619294 1.0 0.368675
8 0.00080103043 0.08316684 0.46723187 0.36841556 0.89627767
7 0.0007972056599999999 0.7712180999999999 0.62976533 0.8639447 0.7091265
8 0.00078261795 0.054691553 0.7147849000000001 0.36063713 0.9643594999999999
7 0.0007642794 0.071359634 0.68418163 0.15979908 0.7663539
11 0.0007575986 0.7906959 0.63191056 0.8344437 0.7026811
11 0.0007506473 0.05911655 0.6931575 0.09640204 0.7514718
3 0.0007249449 0.2840796 0.8382222 0.69488627 1.0
4 0.0007205741999999999 0.12967502 0.6974094 0.18647866 0.7573755
8 0.0006687186 0.030992255 0.49547884 0.17006944 0.9287030999999999
7 0.00065184827 0.099376395 0.6886504 0.18558939 0.76271194
11 0.0006479746 0.10108401 0.6815591999999999 0.15210666 0.75119025
8 0.000622299 0.10464434 0.8093673000000001 0.42256343 0.9955860000000001
10 0.0006200634500000001 0.80028075 0.6188283 0.8677053 0.7055564000000001
10 0.0006110592 0.09132017 0.6826379 0.16133751 0.74950737
6 0.000605877 0.805984 0.63793975 0.94025016 0.70315176
11 0.0006052661299999999 0.8095379 0.6268982 0.8549200000000001 0.7043559
3 0.00059836253 0.54421973 0.12372621 0.9570658000000001 0.5648105999999999
4 0.0005981662 0.09333525 0.68283087 0.16183576 0.75838125
8 0.0005969840599999999 0.70215166 0.60930604 0.8528564000000001 0.73208004
13 0.0005904616 0.6117705 0.08995216 0.963441 0.42675522
9 0.00058559945 0.12674597 0.70333594 0.1908884 0.7470479999999999
6 0.0005854531 0.7475699 0.6444807 0.864872 0.69978756
3 0.0005788373 0.6506841 0.14176004 0.95997036 0.45660535
4 0.000565438 0.79875576 0.6330274 0.86485016 0.7089361
1 0.00055862014 0.50486827 0.68419373 0.5658082 0.72598296
7 0.0005584739 0.49505020000000005 0.6644646 0.5749116 0.73690516
8 0.00055075285 0.7787934 0.6254085 0.8511192 0.7095833
13 0.000548776 0.6791469 0.0 0.9740175999999999 0.32368767
8 0.00054676825 0.042340457000000005 0.7763982 0.21910855 0.9755212999999999
12 0.0005440544999999999 0.7649111 0.6386173 0.8525415999999999 0.69266
10 0.0005345922 0.7788373000000001 0.623788 0.8495482 0.70156366
5 0.0005286271 0.027561195 0.71067196 0.11862434 0.7471335
8 0.0005270022 0.9570987 0.5818376999999999 0.9860351999999999 0.70390433
13 0.0005187301 0.11975519 0.6852029000000001 0.17775361 0.73219854
2 0.000515974 0.83022004 0.63025075 0.91928047 0.6851257
1 0.0005051318 0.08286147 0.70909214 0.1453876 0.7555847
11 0.00049495336 0.48352376 0.66458434 0.5347861999999999 0.727388
12 0.00049076974 0.07202797 0.690364 0.15740284 0.75153774
6 0.0004907059999999999 0.08881462 0.7014916 0.18474197 0.7525685000000001
2 0.00048637413 0.08100349999999999 0.6838907 0.15270816 0.7488616
8 0.00048609724 0.049779527000000004 0.7325229999999999 0.17067358 0.9717918
11 0.00048263405999999994 0.8752671999999999 0.5990677 0.92069024 0.7248464
7 0.00047764330000000003 0.8591904 0.6195807 0.95216185 0.72096866
12 0.00047119421999999996 0.8383809999999999 0.6294976999999999 0.9254287 0.69798094
8 0.00045826857 0.95191324 0.62007284 0.98307765 0.707353
8 0.00045492052 0.9293706 0.60838985 0.9748394 0.68856704
1 0.00044937013 0.09162731 0.70502454 0.15962657 0.7455179
5 0.00044588433 0.46208230000000006 0.6844756999999999 0.55292773 0.7310614000000001
9 0.00044467879999999995 0.091824375 0.7016393 0.16744024 0.74968857
13 0.000440258 0.47608748 0.6872449 0.54535407 0.74204993
7 0.00043877065999999997 0.45457070000000005 0.6663764 0.54251647 0.7455303000000001
13 0.00042588887 0.83683836 0.6240259 0.97315145 0.7705998000000001
11 0.00042191494000000005 0.89150053 0.6270449 0.9433729999999999 0.70223767
9 0.00042161037000000004 0.13084905 0.6893175 0.19273017 0.72343093
5 0.00042034040000000003 0.8349045 0.6418283 0.91288096 0.7297630999999999
5 0.00041513832000000003 0.62874734 0.10399281 1.0 0.29041064
5 0.00041305734 0.7358706 0.65594494 0.8539671999999998 0.70126164
3 0.00041136559999999995 0.8857148000000001 0.6209164 0.9564876 0.6782226
13 0.00040902707 0.46719962 0.6865296 0.5267279 0.7366307
3 0.00040740764 0.06445646 0.80611116 0.42051712 0.9971075
1 0.0004065239 0.036102027 0.71340895 0.09776527 0.7491866
12 0.00039861599999999997 0.6801877 0.017927237 1.0 0.27970314
1 0.0003939966 0.6355542 0.10581905400000001 0.93590367 0.31483835
1 0.00039252616000000004 0.8532599000000001 0.6427712 0.9202502 0.7106353
9 0.00036634365 0.82915825 0.637251 0.9116116 0.70269054
12 0.00036543832 0.5020553 0.6685415 0.5760453000000001 0.72018266
12 0.00036504809999999996 0.8643264999999999 0.6204430999999999 0.92594707 0.7167680000000001
1 0.00036389622000000004 0.11543421400000001 0.6872617 0.17207833 0.71818906
7 0.00036201720000000003 0.6262559 0.0014292134 0.9943513 0.3526915
9 0.00036037672999999994 0.47817314 0.6789673 0.54109704 0.72846323
4 0.00035530815000000003 0.78152364 0.6351245 0.8448749 0.7035765
8 0.00035259078000000004 0.676121 0.24509938 0.88863444 0.91625893
1 0.00035176094 0.86529785 0.6593831 0.95424706 0.7118549
1 0.00034692508 0.7478956999999999 0.65173036 0.8164059 0.6924508
2 0.00034293538 0.13467517 0.67184883 0.19829639999999998 0.71177506
13 0.00033954336 0.0 0.7001321 0.7182896 1.0
10 0.00033865005 0.87876713 0.6081 0.9269943000000002 0.7167246
11 0.00032556648 0.5252444000000001 0.65942186 0.5722590999999999 0.722061
10 0.00032388857999999995 0.520329 0.6568651999999999 0.5763855 0.7213854999999999
9 0.00032314312000000003 0.84771323 0.07331349 1.0 0.3943311
11 0.00032275904 0.86738104 0.6291298000000001 0.9274178 0.70685375
10 0.00031953896000000003 0.8584928 0.6231363 0.91354877 0.7186494999999999
3 0.00031884926 0.5275215999999999 0.67520016 0.5868809 0.7208091
9 0.00031272176 0.51172346 0.67492026 0.5814685 0.7205194
1 0.00030898117000000003 0.111953564 0.7089215999999999 0.1706572 0.74965453
12 0.00030863512000000004 0.31030527 0.7786065 0.6021861 0.98431695
11 0.00030558158 0.49678272 0.6653001999999999 0.5503901999999999 0.72754276
10 0.0003041861 0.8232386999999999 0.6350626 0.91855437 0.69857574
13 0.00030316302000000004 0.8545405999999999 0.62437147 0.9439992 0.6903417
9 0.00030283505 0.76785034 0.65559393 0.83160406 0.69519866
5 0.00029635616 0.059249822 0.70901483 0.17089799 0.7602026
3 0.0002943811 0.8230700999999999 0.63414323 0.91365343 0.70341265
2 0.00028941137000000004 0.6841915 0.013932877 1.0 0.36115879999999995
3 0.00028863954 0.7805875 0.6288293 0.8398382999999999 0.67000437
11 0.0002843007 0.76129603 0.10376791 0.9419360000000001 0.39896159999999997
9 0.00028032355 0.8734945 0.6379608 0.9667094 0.69263476
5 0.00027733197 0.55184233 0.14457698 0.9873818000000001 0.3315393
8 0.00027641066 0.093145296 0.62306964 0.43462926 0.92961514
3 0.00027511847999999996 0.116043925 0.51967007 0.45051646 0.9360371999999999
1 0.0002680117 0.45861486 0.68273866 0.53464437 0.72525954
10 0.00026764747000000005 0.7220935 0.027738307 1.0 0.35932064
3 0.00026191783 0.046812005 0.7754326 0.27500525 0.9864497999999999
10 0.00025668208 0.87104124 0.6136783 0.9571994 0.69209903
7 0.00025646223 0.03241844 0.6959604 0.10408796 0.75952125
9 0.00025591895 0.8653363000000002 0.6355338 0.92407143 0.7214055
4 0.0002546373 0.14542481 0.6849261999999999 0.18703315 0.72266245
4 0.00025386835 0.51914215 0.662129 0.5808996999999999 0.72586334
10 0.0002486041 0.13040166 0.6864909 0.19538306 0.74906594
2 0.00024811996 0.7563273 0.63822293 0.83794713 0.6847101
7 0.00024755814 0.8352956 0.61040354 0.91031855 0.7431554
5 0.00024670947 0.49616409999999994 0.68258786 0.58895504 0.7336140999999999
4 0.00024650987999999996 0.7833805 0.08217338 1.0 0.35485324
9 0.00024303342999999996 0.34082979999999996 0.8213704 0.6669951 0.9796535
12 0.00024280304 0.86898285 0.6370741 0.9638204 0.70220435
9 0.00023965591 0.84983903 0.6377669 0.9487949000000001 0.6980373000000001
6 0.00023628022999999998 0.4752911 0.6699674 0.5991602 0.72639006
6 0.00023411756 0.033579126 0.7021888000000001 0.12862061 0.7472485
2 0.00022942312 0.80033267 0.030566467000000003 1.0 0.44589037
8 0.00022898472999999999 0.04639399 0.80435586 0.30934545 0.9717421999999999
4 0.00022735025000000003 0.8745674999999999 0.6138650999999999 0.9668709999999999 0.70552045
10 0.00022171767000000002 0.89735246 0.59489006 0.9394188 0.7118838000000001
12 0.00022054373 0.24630003 0.7712265 0.5220878999999999 0.9947674000000001
9 0.0002204721 0.49284536 0.6773333 0.56177217 0.726795
9 0.00021981806 0.24873206 0.82768387 0.5732322 0.9860837
8 0.0002164064 0.77881396 0.22208445 0.92680943 0.70582664
3 0.00021589706000000003 0.8399918 0.62073195 0.9114261999999999 0.66674554
5 0.00021562852999999999 0.83909655 0.6444703 0.9799894 0.71006805
10 0.00021450438 0.85181814 0.0 1.0 0.37936
1 0.00021238741 0.8709478 0.64108723 0.9367376000000001 0.7110139
13 0.00020890913 0.042192995999999997 0.8352586 0.45571566 1.0
8 0.00020855317 0.52712876 0.67169964 0.58525354 0.72305036
13 0.00020016504 0.7861304 0.13287851 0.9807353999999999 0.2866167
11 0.00019751916000000002 0.06562422 0.6936554 0.11144912 0.7515348000000001
11 0.00019712561 0.5046503 0.6279209 0.54427963 0.7519464
8 0.000197091 0.031692452999999995 0.44351354 0.2321133 0.97763073
11 0.00019574081 0.47705749999999997 0.6648710999999999 0.5192728 0.7229241
2 0.00019573639 0.8683360000000001 0.6256469 0.9493162 0.6999464
8 0.00019528990000000003 0.052106187000000005 0.6299469 0.30331379999999997 0.93698525
2 0.00019401639999999998 0.5064721 0.65957177 0.5747671 0.716935
13 0.00019190618000000003 0.48813865 0.6788175000000001 0.5491816999999999 0.7683722
12 0.00018991197 0.46649775 0.66439724 0.55253816 0.72101456
8 0.00018974763 0.1217376 0.15306616 0.39960229999999997 0.8586128000000001
9 0.00018838892 0.88633484 0.63179994 0.94251376 0.711924
9 0.0001857436 0.8492864999999999 0.6344751999999999 0.90585154 0.7298709
3 0.00018209657 0.23563728 0.87708443 0.57319474 1.0
1 0.0001800811 0.76439685 0.14569779 0.95193654 0.35020477
9 0.00017959878 0.49898762 0.67247695 0.54649264 0.746554
10 0.00017757926 0.050377987 0.70598054 0.10998591 0.74301285
7 0.00017751301 0.20681855 0.81130683 0.593961 1.0
1 0.0001760191 0.19982299 0.84430164 0.59589016 0.9758601999999998
11 0.00017446984 0.77718544 0.6385884000000001 0.8159715999999999 0.70179796
6 0.00017269468 0.5556562 0.12610133 1.0 0.39056253
12 0.00017267204 0.81378293 0.03169848 1.0 0.34132656
7 0.00017244199 0.76354885 0.028279742000000004 0.98810565 0.38389996
1 0.00017226426 0.09383692 0.68420064 0.15833808 0.71670663
7 0.00017056831000000002 0.122869484 0.676462 0.18498664 0.72712076
8 0.00017036445 0.024668507000000003 0.6713811 0.16781557 0.7804221
6 0.00016922803 0.62409365 0.07403796 1.0 0.34481397
10 0.00016754430000000001 0.109891385 0.6914746999999999 0.178776 0.74954
1 0.00016641394 0.4774032 0.68584776 0.5490554 0.73037565
12 0.0001637346 0.107987106 0.69704974 0.19909805 0.7442754
6 0.00016321619 0.8505607 0.63370097 0.9842132 0.7053113
13 0.00016249731 0.08886188 0.8025158 0.19120952 0.8545472
10 0.00016137885 0.29335198 0.77921855 0.6339524999999999 1.0
7 0.00016095312 0.8703284 0.60984486 0.9339086999999999 0.73809445
5 0.00015985426 0.48232263 0.69484353 0.5479674 0.7629106999999999
8 0.0001572933 0.8396858 0.64584506 0.9124781 0.7104938000000001
1 0.0001572369 0.8886177 0.6522920999999999 0.9634178 0.7060633000000001
13 0.00015567694 0.7742933000000001 0.0 0.9784868 0.49903426
5 0.00015327895000000002 0.10637049400000001 0.69480795 0.19209792 0.72232276
12 0.00015174362 0.122620985 0.6761196 0.18467329999999998 0.71635526
9 0.00015171707000000002 0.8027968000000001 0.09687601 0.9803924999999999 0.25729504
7 0.00015106033000000002 0.7773309 0.12264698 0.94756293 0.28606632
8 0.00015009337 0.7427844 0.6076393 0.9033421 0.74371177
8 0.00014905095 0.5364344 0.1585687 0.8071288000000001 0.82132787
7 0.0001482207 0.04379980000000001 0.6899889 0.1263374 0.7633462
10 0.00014684352 0.8996468000000001 0.61364526 0.9674414000000001 0.69949424
8 0.00014442074 0.7888151999999999 0.5968669 0.92833024 0.73445725
8 0.0001439674 0.13736823 0.6878261 0.18213275 0.7254716999999999
1 0.00014259163 0.7626387 0.10581335 0.9398103000000001 0.24039909
5 0.00014207918 0.6777655 0.12716082 0.9726285 0.36837837
3 0.00013527616000000002 0.15047589 0.41568995 0.53812516 0.97586805
6 0.00013516899 0.15603012 0.8301982 0.74867994 0.9918263
12 0.00013504997 0.6977898 0.09078932 1.0 0.340645
8 0.00013392557 0.0067897886 0.031753912999999995 0.2785362 0.31237876
8 0.00013362940000000002 0.9346424000000001 0.61955863 0.9799828000000002 0.7046354
1 0.0001314022 0.6419022 0.15690967 0.91682136 0.37163925
4 0.00013139412 0.8211396999999999 0.6299691 0.9274966999999998 0.7033973000000001
10 0.00013084483999999997 0.7698554 0.63769025 0.8282629000000001 0.6947669
13 0.0001303771 0.105701394 0.6892560000000001 0.16300255 0.7338682
5 0.00012926885 0.44993785 0.6860643 0.53062516 0.7269126
8 0.00012920916000000001 0.8387812 0.6205639000000001 0.91579443 0.7010460000000001
5 0.00012723063 0.0 0.7845093000000001 0.7025677 1.0
13 0.00012669581 0.7915838000000001 0.6350268 0.84856 0.73006654
11 0.0001264833 0.13710998 0.67938983 0.1734234 0.72431976
10 0.00012584159 0.80713415 0.09123769999999999 0.97416294 0.22735783
4 0.00012217383 0.87994796 0.10667479 1.0 0.3619927
6 0.00012174921999999999 0.1144318 0.6772952 0.19010147 0.7189227
1 0.00012115919 0.79374224 0.6505877 0.862649 0.69785464
12 0.000120905825 0.054722607 0.6959408 0.11727214 0.74697036
5 0.00012059798999999999 0.8655209 0.6520815999999999 0.9420231 0.7398385999999999
9 0.00012056671 0.8605524 0.6313725 0.9958983 0.7421754
1 0.00011934105 0.7767662 0.14008978 0.9395094999999999 0.26746790000000004
4 0.00011735719 0.107786156 0.6938864 0.16572312 0.75331396
11 0.0001169091 0.89763826 0.6003497 0.93629795 0.7140281999999999
11 0.000116413 0.07938911 0.68972284 0.13100451 0.7525939
13 0.00011528819 0.90576464 0.6180237 0.966952 0.70158744
1 0.00011309254499999998 0.1023653 0.8497103000000001 0.5145989000000001 0.9803354999999999
10 0.000112952206 0.20662275 0.79843885 0.5595474 1.0
5 0.00011222865599999999 0.7567555 0.13148749 1.0 0.3445861
1 0.00011129871000000001 0.048839793 0.71360713 0.11533517 0.75509685
3 0.000110964036 0.06681090599999999 0.64067197 0.4894529 0.9558138
10 0.000110571804 0.134212 0.6752551 0.18531458 0.7191270000000001
4 0.000108015956 0.88574845 0.59935963 0.9434894 0.7058179
13 0.00010786736999999999 0.67608434 0.0 1.0 0.6038597
4 0.00010745485000000001 0.30746496 0.79081416 0.7119285 0.9802459000000001
13 0.00010649351000000001 0.8014706 0.64576095 0.95212084 0.7585957
5 0.00010586137 0.7298348000000001 0.14282931 0.999509 0.2512203
8 0.000105650615 0.04323083 0.38759920000000003 0.299161 1.0
9 0.0001051778 0.07300904400000001 0.70257884 0.14522447 0.75290066
6 0.000105144834 0.45195848 0.6676091 0.5657025 0.72951204
11 0.00010472123999999999 0.71835077 0.11267563 0.9056398999999999 0.42119667
2 0.000104177554 0.05631701 0.6971016999999999 0.11644205 0.7319404
2 0.00010320556000000001 0.8397194 0.5698865 1.0 0.7246005
12 0.000102933445 0.71306247 0.02908226 0.99055904 0.37679568
8 0.00010266788 0.049274266 0.13092668 0.20906636 0.86733323
11 0.00010233523999999999 0.8701938 0.13800392 0.9652974 0.42916638
4 0.00010136684400000001 0.8086849 0.14318235 1.0 0.41707852
9 0.00010128361999999999 0.11443629 0.68628806 0.17423788 0.7260519
7 0.00010079612 0.0 0.67957604 0.6632024999999999 1.0
9 0.000100715406 0.76769793 0.05155419 0.9758384 0.47922966
1 9.888769e-05 0.06555318 0.71151406 0.12885216 0.7600034999999999
