3 0.9950304 0.6429176999999999 0.6812355999999999 0.733592 0.727431
3 0.9942771999999999 0.8457030000000001 0.6330100000000001 0.9534738000000001 0.7063835
3 0.98830044 0.0670401 0.70510113 0.14301804 0.7514107
8 0.9558976999999999 0.45754623 0.6645994000000001 0.53269345 0.71376884
3 0.71740526 0.15721288 0.8494700000000001 0.56682324 1.0
3 0.7135345999999999 0.78287256 0.6324201 0.84760857 0.69695187
8 0.6066142 0.12298941599999999 0.6829241 0.18750551 0.74745876
8 0.417407 0.77012426 0.62759286 0.8462768 0.70678616
3 0.12927360000000002 0.12735180000000001 0.69330627 0.17929302 0.73994255
8 0.10568872 0.69279504 0.05989508 0.9324466 0.32397392
3 0.076672815 0.69619215 0.07355981 0.9809834000000001 0.37521473
8 0.06092875 0.070735425 0.68699867 0.16438010000000003 0.76731795
3 0.03384822 0.7899036 0.6240048 0.8499312 0.6795518
3 0.028909797 0.4697933 0.6669708000000001 0.52227044 0.7178861
8 0.02863193 0.7703583 0.13067709 0.94203925 0.36570647
8 0.0220806 0.75231737 0.6328361 0.83183175 0.7102411
3 0.016022125 0.8643949000000001 0.62390405 0.95439386 0.6896091
8 0.012534305 0.44959205 0.6539446999999999 0.51082474 0.7081555
8 0.012355275 0.7767149 0.62402564 0.8391199 0.6875323
8 0.01055498 0.063877255 0.6995066 0.14535107 0.7566105
8 0.008673313 0.8351784 0.62978554 0.9335418 0.7043936
8 0.008370709 0.645938 0.11507622 0.9171359 0.40702295
13 0.008247576 0.7856029 0.63718444 0.87409973 0.7017565
8 0.0076024197 0.11838102 0.70432264 0.6326967 0.98974156
13 0.005817859399999999 0.69947493 0.0 0.9819355 0.45067057
8 0.005268574 0.1318351 0.68283606 0.18540409 0.72900194
3 0.0044524875 0.14887595 0.7293758 0.6926091999999999 0.99008685
8 0.004286682 0.6391757 0.6696651 0.7307094 0.7261996000000001
13 0.004093901 0.6640884 0.67992556 0.7451659 0.73726755
3 0.0039546345 0.78869236 0.0825634 0.98395073 0.46617645
13 0.0036499158000000004 0.86475897 0.6407455 0.97342396 0.71101904
3 0.0029465570000000003 0.65091217 0.11093846 0.975191 0.45493644
8 0.0029315213 0.6909019000000001 0.16702554 0.91180885 0.5471845000000001
8 0.0027906884999999997 0.7228119000000001 0.60478145 0.88100857 0.73205894
13 0.0027421084 0.79274976 0.6275921 0.8557935999999999 0.7245318000000001
13 0.0024633459 0.773335 0.034840863 0.9946485999999999 0.41632906
8 0.0023824808 0.74211514 0.63719934 0.8046093000000001 0.7076764
13 0.0023008608 0.76267684 0.64667547 0.8447610000000001 0.69614726
13 0.0022837028 0.11813339999999999 0.7053134 0.18420884 0.7495654
13 0.002218915 0.82170486 0.640416 0.9217839 0.7091623
8 0.002147985 0.6191732 0.1587396 0.8830522 0.6211336999999999
8 0.001929618 0.047916632 0.73587316 0.17251186 0.97636306
13 0.0019273303 0.6367076 0.68324673 0.7058137 0.73458725
13 0.0018954587 0.1299296 0.6968340999999999 0.19594315 0.7485331999999999
8 0.0018696852 0.95743924 0.58819366 0.988043 0.69548285
13 0.0018079531 0.061983395 0.7094722 0.12943405 0.758521
2 0.0017972714000000002 0.7942471999999999 0.62719345 0.8754751000000001 0.6932282
11 0.0017928113 0.7886807 0.62746924 0.8333603 0.7056579000000001
11 0.0017236873 0.8405195 0.62876743 0.89439493 0.70563203
13 0.0017000682000000002 0.20869319 0.88559514 0.5710919 1.0
11 0.0016934226000000002 0.12666257 0.6735218000000001 0.18327756 0.7599566
9 0.0016625132 0.74871194 0.06682721 1.0 0.37079087
8 0.0016613888 0.78444326 0.20119983 0.9368770000000001 0.53211385
4 0.0016246372 0.8106572 0.62715423 0.87905854 0.7092884
13 0.0015746849 0.60932684 0.10660924 0.9762138000000001 0.43361345
13 0.0015655387 0.08547033 0.6959165 0.17160074 0.76167035
10 0.0015306519 0.80515236 0.621849 0.8773882 0.70049226
2 0.0015263404 0.7621180999999999 0.6333707 0.8600646000000001 0.68532073
8 0.0015097942000000001 0.7686401999999999 0.60053277 0.92956895 0.7368215
8 0.0014968734 0.5163525999999999 0.12641941 0.8646514999999999 0.5696483
8 0.0014865929 0.031050018999999998 0.47686794 0.18053907 0.91890526
2 0.0014781328 0.11724929 0.69117165 0.20415250000000001 0.7444630999999999
8 0.0014049587 0.7280171999999999 0.6469411 0.78565335 0.70290995
3 0.0013909878 0.76459116 0.63652754 0.83230525 0.7016064000000001
7 0.0013584 0.7854802 0.6293906 0.87826675 0.7081233
8 0.0013353492 0.052668244 0.69792885 0.116176456 0.75051945
8 0.0012757047 0.06741609 0.70708287 0.40006226 0.9659890999999999
11 0.0012354255 0.8254879999999999 0.63062394 0.872409 0.7033799
3 0.0012318131 0.4761289000000001 0.6547969 0.5268155 0.7088315
8 0.0012109255 0.76200056 0.1754113 0.9281169 0.41802797
13 0.0012107885000000001 0.08311619 0.69434065 0.14571632 0.79182845
11 0.0012083066000000001 0.80198216 0.6323938 0.8501985000000001 0.70587707
3 0.0011894127 0.8546464 0.6183692 0.93579894 0.6784541000000001
1 0.0011592298 0.8012911 0.653461 0.86718345 0.70543844
8 0.0011066173 0.85053414 0.6224919 0.93853325 0.68799853
13 0.0010987496 0.08505202 0.8023334 0.19663146 0.8563366
5 0.0010900289 0.08397882400000001 0.7089373999999999 0.18589517 0.7520155
8 0.0010497597 0.14867188 0.8278933 0.53798425 1.0
6 0.0010460671000000002 0.7787921 0.6423462 0.89588577 0.69987226
8 0.0009994467 0.7132850000000001 0.22665463 0.91250485 0.82109755
13 0.0009794665 0.84698606 0.6341901 0.9155134 0.7323109
12 0.00095426384 0.79343796 0.6402475999999999 0.8810098 0.69398063
7 0.000903113 0.6386377 0.00654557 0.9997726 0.35658664
3 0.0008874172999999999 0.7909089 0.08476075 0.9850655 0.28715172
8 0.0008850942 0.81792295 0.5914216999999999 0.9551864999999999 0.73058355
2 0.00083508564 0.8018451999999999 0.6105315 0.86047494 0.7093341
11 0.00083022 0.801774 0.6042754 0.84194756 0.7317077
9 0.0008258878 0.12820776 0.7017015999999999 0.19379179 0.74672234
9 0.0008167183999999999 0.80339086 0.64314705 0.88705945 0.6948643
13 0.00080984295 0.45381942 0.6789619 0.5124079 0.7152293000000001
8 0.0007895996000000001 0.63097465 0.2508791 0.86133015 0.8893631
8 0.00078891125 0.062382214000000005 0.6852618 0.30343595 0.9402898000000001
13 0.0007823114999999999 0.86504847 0.63578415 0.9424036 0.7315878
11 0.0007682194 0.87344205 0.59832317 0.9202596 0.72953606
8 0.00076343515 0.10599381 0.6821388 0.1664846 0.7355022
8 0.00075766485 0.95275736 0.6229901999999999 0.98585176 0.70483124
13 0.0007516122 0.77287847 0.07706515 0.9687756999999999 0.2561587
12 0.0007304465400000001 0.6885288 0.005455454300000001 1.0 0.27364809999999995
7 0.0007224919 0.7522984 0.6272561 0.84510905 0.7132433000000001
1 0.00071155914 0.6397559 0.10516681 0.93413264 0.32219732
13 0.0007110303999999999 0.7768206999999999 0.6230978 0.8426449 0.6827801
8 0.000707829 0.039877012 0.793248 0.22797139 0.9738824
8 0.00069549587 0.088593856 0.8105643 0.16924386 0.8589220999999999
6 0.00068888546 0.75903624 0.64002657 0.8548803 0.69663966
1 0.0006871297999999999 0.8893530000000001 0.65557706 0.9672613999999999 0.7067733
11 0.0006851116000000001 0.1518496 0.6785451 0.20692062 0.7567406999999999
3 0.0006711395 0.27437526 0.84188485 0.6848423 1.0
8 0.00066217704 0.8589918 0.6348362 0.9485741 0.70934075
7 0.00065215473 0.87420285 0.62093276 0.96181536 0.7150141
5 0.0006442182 0.7501413 0.65222085 0.87281114 0.70152295
8 0.0006267289 0.7891909 0.100371204 0.94062126 0.24543837
5 0.00062476227 0.853718 0.6415907 0.9260847 0.7317045
1 0.0006168528 0.7689712 0.6553576999999999 0.8347011999999999 0.7022586999999999
9 0.0006161085299999999 0.09346063 0.70131344 0.14322701 0.77061105
8 0.00061544526 0.08186594 0.45188057 0.3624854 0.89211696
5 0.00061444426 0.6149264 0.09299759 1.0 0.27821895
1 0.00061433093 0.78027874 0.6488916 0.83540505 0.7187975000000001
4 0.0006125983 0.15164766 0.69786257 0.207198 0.7608560000000001
7 0.0006028222 0.7709713 0.6109569 0.8494718000000001 0.7412075
1 0.0005934246 0.10540215 0.70363265 0.17344248 0.74721795
7 0.0005879306 0.06754534 0.6827786 0.16507456 0.7688856
11 0.00058602524 0.09890868 0.65580904 0.14291826 0.7750068
5 0.0005804197 0.8040088000000001 0.6439824000000001 0.9231115 0.6981014
11 0.0005717668 0.07069069 0.6920248999999999 0.1144748 0.7529639
6 0.0005593645 0.10388285 0.70199114 0.19715974 0.7515107
5 0.0005402668599999999 0.7667076999999999 0.65282184 0.84600264 0.72500294
9 0.0005348143 0.7945813 0.6398416 0.8462726 0.7091841
1 0.0005265208 0.8143431999999999 0.6574625 0.90292156 0.7041755999999999
11 0.0005171937999999999 0.85659283 0.5952809 0.90395623 0.7309167
1 0.00051687803 0.7971182 0.6431126 0.8529841 0.71470666
10 0.00051008613 0.8950634 0.6139545 0.9692019000000001 0.69703555
3 0.00050927914 0.08634433 0.7963718000000001 0.20076457 0.86530566
8 0.0005084242 0.945983 0.53969437 0.97876984 0.5836431
1 0.0005036538400000001 0.62129796 0.68869734 0.694788 0.72370607
2 0.00050289516 0.6823 0.031968727999999995 1.0 0.34862992
13 0.0005013176 0.46213059999999995 0.0 0.9686329 0.6077840999999999
9 0.00049753475 0.13998191 0.7063948 0.21054812 0.74666846
1 0.00049448194 0.073410355 0.6995376 0.13166627 0.76605076
11 0.00049038697 0.64543086 0.6663306999999999 0.6890746 0.7250371
8 0.00048940803 0.7799176999999999 0.23113148 0.92561376 0.69069356
4 0.0004851095099999999 0.78080034 0.6290119000000001 0.8445405999999999 0.70912075
13 0.00048358685999999997 0.852187 0.62369174 0.9464448000000001 0.6986574000000001
7 0.00047633669999999997 0.0920552 0.6876545000000001 0.18445826 0.76674354
5 0.0004744533 0.06953996400000001 0.71958774 0.14323798 0.78191006
1 0.00047374162000000003 0.7847637 0.6560418 0.8489046 0.7082404999999999
4 0.00046115543 0.7729206999999999 0.07147284599999999 1.0 0.35146666
5 0.0004609319 0.6280723000000001 0.68272835 0.70549196 0.7247373
13 0.0004581114 0.87400025 0.6254199 0.9643337 0.6919436
1 0.00044874664 0.83403724 0.6468741 0.9015655999999999 0.71027786
11 0.00044845953 0.094290204 0.68270224 0.15220116 0.7558401
5 0.00044746905999999996 0.0408821 0.71029073 0.14302184 0.7481751
9 0.00044496817000000004 0.7843378000000001 0.6443842 0.8494944999999999 0.6906866999999999
10 0.00044315580000000004 0.109715044 0.6811472 0.17951202 0.7475187
1 0.0004395564599999999 0.6740644 0.6850501 0.73911405 0.7243881999999999
3 0.00043458247000000005 0.8054051999999999 0.6344088999999999 0.8921829 0.6972282
9 0.00043353304000000005 0.8076704 0.638258 0.86824924 0.7109713000000001
3 0.00043076867999999993 0.8327690999999999 0.6289519 0.90912706 0.6982649000000001
13 0.00043022407999999994 0.9398459000000001 0.5313293 0.9910624 0.58476365
9 0.00043021962999999994 0.10346193 0.69910884 0.18261093 0.7493825
3 0.00043016627999999997 0.54290676 0.11688465599999999 0.9689926 0.58166075
7 0.00042864334000000003 0.8110212 0.62760866 0.90571165 0.7195649000000001
3 0.00042844744000000007 0.1409287 0.68491936 0.19125636 0.72201496
7 0.00042455478 0.07234141 0.67151195 0.14659631 0.7917531999999999
11 0.00042000014000000005 0.75346845 0.12303469 0.93775886 0.41330343
2 0.00041754506 0.08088422 0.68499243 0.1613536 0.7442284
10 0.0004152317 0.7048265 0.03850754 1.0 0.35774893
9 0.00041442472000000004 0.088476524 0.7043384 0.16388415 0.75278765
8 0.00041162377 0.950127 0.60550594 0.9844574 0.6849335
6 0.00040267212999999994 0.62621295 0.07236295 1.0 0.35700226
13 0.00039340364 0.46754637 0.65272915 0.53468996 0.6972613000000001
1 0.00039153284 0.8546386999999999 0.64683086 0.91763294 0.71318084
5 0.00038757361000000005 0.5612363 0.12905474 0.97213835 0.319394
10 0.00038434129 0.81806785 0.5939939000000001 0.8658019 0.72946215
9 0.00038262421999999996 0.7941026 0.6257286999999999 0.8618937 0.67014104
10 0.0003825299 0.74294585 0.0051032174 0.9811395 0.42479120000000004
6 0.0003811889 0.81105506 0.6398173 0.94086397 0.69925094
4 0.00038087965 0.8961392 0.60900813 0.9702894 0.6968518
2 0.00038045737999999995 0.088024855 0.6686621 0.15024725 0.75304794
13 0.00037480760000000005 0.114901215 0.68470573 0.17792428 0.7316315999999999
7 0.0003743051 0.78840816 0.61590767 0.8639722 0.73150223
12 0.0003718473 0.8907444 0.64297074 0.9662724 0.70056194
8 0.00037119443999999996 0.09925513 0.6064909 0.48561279999999996 0.9298552
5 0.00036072059999999996 0.86991197 0.6498421999999999 0.94229764 0.73868746
3 0.00036008435 0.052883312 0.79598045 0.29946882 0.9835472
13 0.00035894875 0.67934334 0.0 1.0 0.59290737
1 0.00035709212999999996 0.047435977000000004 0.7133978 0.11618406 0.7518927
7 0.00034625879999999995 0.85248876 0.6097598000000001 0.9257591000000001 0.7424208000000001
7 0.00034243905 0.48572117 0.09574657 0.9761403000000001 0.44829443
9 0.00034207339999999995 0.4645943 0.6517951999999999 0.5333384 0.6974693000000001
12 0.0003415108 0.26461095 0.7798176 0.5386707 0.980605
10 0.00034005067000000003 0.77397573 0.6234036999999999 0.85428417 0.69814795
12 0.00033648352999999994 0.86487865 0.6200135 0.92791414 0.71701336
5 0.00033495117999999993 0.6748148 0.10312307 0.9634391999999999 0.3599115
2 0.00033360175000000003 0.7288888000000001 0.039347477 1.0 0.45930856
8 0.00032351722000000004 0.8060496 0.6174891 0.86894333 0.70619404
11 0.00032015116000000003 0.89532775 0.59619695 0.9354863999999999 0.72167015
12 0.00031821209 0.7140348000000001 0.016575933 0.9879658000000001 0.37051207
7 0.00031063223 0.6668682 0.6598831999999999 0.7435931 0.73551285
2 0.00031059182999999997 0.45242217 0.66964525 0.5289016 0.7100652
9 0.00031051034 0.6896888000000001 0.6738960999999999 0.75387573 0.71923584
8 0.00030664607999999994 0.0753592 0.7543484 0.202423 0.87931705
7 0.00030619622000000005 0.047284234 0.693075 0.12374388 0.7607974000000001
10 0.00030442737999999996 0.8958261999999999 0.6020259 0.9419881999999999 0.71134794
11 0.00029911383 0.82174194 0.6019788 0.8627535 0.72268754
1 0.00029706242 0.87306386 0.64470017 0.9345518 0.7136916999999999
4 0.00029505466 0.086963505 0.68978584 0.16841128 0.7606801
9 0.00029218558 0.7689574 0.047830105 0.97786283 0.48091576
4 0.00029064607000000003 0.7930624 0.62355584 0.84959835 0.73271877
7 0.00029018766 0.7809959 0.6100161000000001 0.8584879000000001 0.6839636
3 0.00028941472000000004 0.89460564 0.628846 0.96279776 0.7014762
13 0.00028581647 0.7662199000000001 0.6300872 0.8290854999999999 0.68029004
4 0.0002796497 0.124028385 0.69605196 0.18750653 0.7560642
10 0.00027915067 0.79677105 0.59722275 0.8526404000000001 0.734705
13 0.00027387426 0.047414795 0.7084332 0.11178889999999998 0.7544677
10 0.00027033882 0.8754997999999999 0.617442 0.9282345 0.71765786
5 0.00027017042 0.42138842 0.6873927 0.5206661 0.71960485
6 0.00026732503 0.86439764 0.6406947 1.0 0.7036283
9 0.00026656626 0.29190725 0.82859975 0.6064965 0.9838614999999999
1 0.00026592397 0.77712506 0.62676233 0.8396018 0.6679903
11 0.00026404436000000003 0.46184796 0.65832216 0.505175 0.7335941
3 0.0002632989 0.10432072 0.6340682 0.5858684000000001 0.96427643
1 0.00026158555 0.6343399000000001 0.15656467 0.92062426 0.37550396
2 0.00026125473 0.7892566 0.60503066 0.8680476 0.659097
6 0.0002582642 0.6264576999999999 0.16952948 1.0 0.4258595
12 0.0002571894 0.7808609000000001 0.60909885 0.85903656 0.6704088
11 0.00025626417 0.9117463 0.6252715999999999 0.9566385000000001 0.69528794
10 0.00025583213 0.82521504 0.6397054 0.91514903 0.69315356
6 0.00025391080000000004 0.7692068 0.63395107 0.8607896 0.7208713999999999
12 0.0002523547 0.07074149 0.6766563 0.14658442 0.7581032
12 0.00025161332 0.7930789 0.62433714 0.8622396000000001 0.7069763000000001
2 0.00025006240000000003 0.83165544 0.6325774000000001 0.9171378000000001 0.6845638000000001
5 0.00024723948 0.7838776 0.6547883000000001 0.86654115 0.7304406999999999
13 0.00024662387999999997 0.8073224 0.6379617 0.9746469000000001 0.7559220999999999
11 0.00024536997000000003 0.076329805 0.68937343 0.1303722 0.75605106
8 0.00024329640999999998 0.11292286 0.8059470999999999 0.44118756 0.9966146
9 0.00024000130000000002 0.8852694 0.6314456999999999 0.94046986 0.71369636
10 0.00023948077000000002 0.10405007 0.6654356 0.1533497 0.77690667
9 0.0002388685 0.8509464 0.08957609 1.0 0.42102328
5 0.00023521161 0.055317577 0.7102709 0.17435606 0.75881684
12 0.00023252821 0.6702435 0.6681872 0.74559975 0.7214721
10 0.00022716697999999996 0.6935161999999999 0.6557438 0.7517018 0.72198755
12 0.00022611057000000001 0.7695347 0.63906497 0.8590405999999999 0.6905693
8 0.00022514709 0.92556375 0.5994573000000001 0.96778435 0.6941354999999999
1 0.00022250474 0.12970527 0.70691127 0.18445204 0.7491239000000001
9 0.00022246152 0.8657401 0.63341266 0.9204598 0.7219966
9 0.00021820547000000004 0.7824141 0.62474424 0.84139395 0.66830003
7 0.00021536682000000001 0.11959021 0.68904716 0.20507388 0.7609056
12 0.0002138277 0.64449155 0.66814166 0.70923054 0.7201061
2 0.00021365763999999998 0.62097734 0.11374019 1.0 0.43260437
13 0.0002109339 0.46069846 0.6725449 0.5320939 0.7154523
1 0.0002075697 0.10639502 0.68372476 0.1717631 0.71579707
10 0.00020701051 0.15054865 0.6839217 0.21121044 0.7469264
7 0.00020574291000000002 0.62413305 0.6665486999999999 0.6973235999999999 0.7359276
2 0.00020034822 0.8786646 0.62736005 0.95586884 0.7020486
4 0.00019703846000000003 0.7784897 0.13872166 1.0 0.41162702
3 0.00019581003 0.046974674 0.74482566 0.20854293 0.9681193000000001
9 0.00019395539 0.8959940999999999 0.639458 0.9794219000000001 0.6921351
10 0.00019308257 0.12890291 0.68630934 0.20002377 0.74888116
1 0.00019253203999999998 0.7615965 0.62444824 0.8252086 0.66465497
11 0.00019049698 0.8659298000000001 0.62832177 0.9256366 0.70664597
4 0.00018905846999999997 0.094257936 0.68739456 0.14630006 0.7750594
2 0.00018869046000000002 0.46701809999999994 0.63824016 0.5510251 0.68773687
9 0.00018834212 0.13157895 0.6864499 0.19443166 0.7247806
8 0.00018707017 0.8985556 0.6072337 0.95404726 0.69452846
12 0.00018610833999999998 0.11782361599999999 0.69583076 0.21526260000000003 0.74244004
3 0.00018572413 0.46659622 0.656762 0.51304734 0.7026021
8 0.0001822425 0.76905155 0.12516071 0.90619826 0.25767946
10 0.00018037827 0.08862772 0.68367624 0.16728127 0.75416803
12 0.00017728646 0.84976274 0.6334439000000001 0.9263435 0.69975406
4 0.00017406087 0.6844347 0.65839577 0.75565964 0.7224083
8 0.00017385023 0.33082643 0.12331022 0.61847854 0.6612260999999999
4 0.00017187717 0.8827378 0.60419667 0.94473714 0.70926124
12 0.00017163409 0.08943927 0.69484615 0.17342561 0.75429547
2 0.00017080363 0.88457096 0.61107635 0.9381976000000001 0.7100965
6 0.00016737354 0.04333373 0.69977254 0.14992622 0.75086254
3 0.00016733799 0.9520498 0.5301563 0.9875075000000001 0.58879215
10 0.00016448754 0.8467695 0.029341394 1.0 0.39370072
5 0.00016375586999999999 0.8689401 0.64424396 0.98360634 0.7126245
10 0.00016282605 0.22954902 0.7937797 0.5829359000000001 1.0
13 0.00016253565 0.0 0.69574153 0.71077496 1.0
2 0.00016157837 0.13154909 0.6687601 0.20145857 0.7105726
8 0.00015606829 0.96128976 0.6222753000000001 0.98934364 0.74393827
3 0.00015361712999999999 0.10898024 0.6865638000000001 0.17030597 0.72649175
1 0.00015228032 0.058152683 0.71200097 0.13380003 0.75750476
7 0.00015120928999999997 0.16986592 0.8111742 0.5465164 1.0
13 0.00015094722 0.32832325 0.0 0.6921301 0.7473076999999999
3 0.00014597416 0.11822750000000001 0.52588063 0.45447445 0.922731
11 0.00014489572 0.70199126 0.12234219 0.8981505999999999 0.42490566
3 0.00014289306 0.65552735 0.16259809 0.9580646999999999 0.65115947
8 0.00014060354 0.54340345 0.14460331 0.8004704 0.81345654
3 0.00013974633 0.8218075 0.62029976 0.8850584 0.6666498000000001
6 0.00013658081 0.13730615 0.82137614 0.67302513 0.9904124
10 0.00013615115 0.85767865 0.6306965999999999 0.9155042 0.7167932
10 0.00013565921 0.06664258 0.7041998 0.12947685 0.74606824
6 0.00013449110000000002 0.055850677 0.6886309 0.18406922 0.76011354
9 0.00013278984 0.45922238 0.6749598000000001 0.5150455 0.717154
12 0.00013213873999999999 0.45754582 0.6444833999999999 0.5371704 0.6877085999999999
6 0.00013145671999999998 0.6455371 0.67233837 0.7771210999999999 0.7272236999999999
9 0.00013114988 0.48127982 0.6531013000000001 0.5537605 0.6970826999999999
3 0.00013098578000000002 0.74196655 0.6487305999999999 0.8001055 0.700507
