3 0.99598324 0.6840877 0.56060773 0.9198130999999999 0.7364066999999999
3 0.9916135 0.20296805 0.6419638000000001 0.31864026 0.7045121999999999
3 0.7889418 0.05099973 0.67114156 0.110056266 0.7070685
3 0.62988746 0.11168774 0.6471172 0.16191609 0.69759923
3 0.6167590000000001 0.05054128 0.656618 0.11261076 0.70135105
8 0.40420365 0.11443024 0.63855886 0.16434251 0.7002364999999999
8 0.07355537 0.039680466 0.65709764 0.12525666 0.7157688
3 0.022407752000000003 0.0976347 0.770788 0.6073363 1.0
8 0.018071372 0.70271826 0.10382184 0.9181792999999999 0.3689854
8 0.017178057 0.77285236 0.17190793 0.9393106 0.54799694
8 0.01662764 0.7817215999999999 0.10889289999999999 0.9291215 0.3758385
8 0.01229385 0.6659361999999999 0.04119196 0.90570325 0.3243802
3 0.010770512 0.86170983 0.59550077 0.94538736 0.6957249
13 0.0074334885 0.11372560000000001 0.64678645 0.17647451 0.6980017
3 0.006814195 0.17895392 0.6492933000000001 0.22481385 0.6922733
8 0.004811359 0.6348156 0.520988 0.95450485 0.7798577
8 0.004709438 0.77850825 0.24265875 0.9444254000000001 0.6581715
3 0.003783728 0.8713398000000001 0.58681434 0.9375099 0.637155
13 0.0037569017 0.22849593 0.6474699 0.3262271 0.7102559
3 0.003440341 0.69297445 0.046110604000000006 0.9795674999999999 0.36351997
13 0.0033830659999999997 0.66851056 0.62022257 0.8821535 0.75773555
8 0.003310748 0.68570703 0.57196355 0.89486104 0.74039173
13 0.0030432423 0.6685611 0.014745738999999999 0.98925424 0.38613304
2 0.0027933528 0.12553902 0.6360855 0.19048913 0.68795437
13 0.0027238965999999997 0.04796515 0.65001166 0.119627655 0.7097406999999999
8 0.0027147827 0.70975655 0.15083507 0.9257267 0.6014099
8 0.0027126044 0.20100236 0.64032423 0.3110323 0.7036908000000001
13 0.0024017869 0.20073104 0.6493338000000001 0.28797436 0.7146574
8 0.0023402167000000002 0.9147544 0.28868309999999997 0.9876275999999999 0.40239125
13 0.0021812357 0.051177982000000004 0.6702986 0.12500261 0.7272058000000001
11 0.002084535 0.11338858 0.63858914 0.16134171 0.6995418999999999
8 0.0020586415 0.6895927 0.2296084 0.9403254000000001 0.7967308000000001
7 0.002039163 0.09367973 0.636792 0.17373234 0.70435834
3 0.0019531205 0.75128376 0.051984683 0.97309244 0.53188306
13 0.0019228670000000002 0.09197807 0.6569581 0.15578821 0.6997962
4 0.0017900958999999999 0.14132719 0.64386183 0.19105817 0.7020458
9 0.0017606552 0.10833047 0.64731073 0.1747662 0.69552004
2 0.0015925258999999999 0.109775975 0.6415017 0.17835973 0.6852081999999999
9 0.0015417124 0.12705334 0.65025675 0.19609477 0.69267374
13 0.0014301834 0.7285735 0.59565324 0.95410365 0.74589837
11 0.0014108623999999998 0.099704236 0.63647974 0.14640079999999997 0.6985205
8 0.0013338045 0.62603855 0.30528885 0.91544116 0.89662296
1 0.0012793697 0.07957656 0.65222305 0.14587197 0.69377273
1 0.0012575197 0.12295046 0.6580519 0.17178233 0.6969274999999999
3 0.0012379073 0.18280594 0.64494944 0.24052067 0.6973775
1 0.0011959199 0.10143822 0.65719384 0.16068342 0.6969903000000001
5 0.0011112879 0.07567616 0.6573562 0.18445863 0.69410115
11 0.0011089309 0.13670622 0.6356755000000001 0.18288998 0.69831496
8 0.0011023714 0.071759984 0.3570708 0.4747557 0.8843171999999999
4 0.0010421305 0.115801044 0.64440966 0.17394567 0.69809157
8 0.0010410955 0.86278415 0.58335394 0.92696464 0.6430083000000001
3 0.0010095163000000001 0.77473277 0.05709092 0.9856823 0.28696877
7 0.0009766010000000001 0.04881565 0.6376553 0.13083111 0.70739084
12 0.00097385474 0.114650905 0.64156276 0.1913031 0.68647075
9 0.0009623753999999999 0.04786075 0.6557949000000001 0.10583996 0.6966539
8 0.0009604374000000001 0.0567798 0.4634188 0.37137443 0.91277057
9 0.0009006707 0.095554456 0.6465271 0.15561225 0.6946574999999999
8 0.00083450094 0.48616928 0.11672241 0.843043 0.52341634
8 0.0008294503 0.6315608 0.22188766 0.88270986 0.71538746
8 0.00081591634 0.8665413000000001 0.59966975 0.9339485999999999 0.69538957
7 0.00081035355 0.07066090400000001 0.6416057 0.15528893 0.7072026
1 0.0007562250999999999 0.03093597 0.6576747 0.099532485 0.6934679
8 0.0007532851299999999 0.79069775 0.089202516 0.9285565999999998 0.22627836
2 0.00074323255 0.05551097 0.66291887 0.13293964 0.71604264
3 0.00073416386 0.91466784 0.26719879999999996 0.9874693000000001 0.42756152
8 0.0007298637599999999 0.17201526 0.64597684 0.21514760000000002 0.6972732
11 0.00072290684 0.21084320000000004 0.6355767 0.26887044 0.6983619000000001
6 0.0006886041 0.10432960000000001 0.64428097 0.19794516 0.6963664
9 0.0006525935 0.059789818 0.65517074 0.1269246 0.6984857
6 0.0006340621599999999 0.072804786 0.6466075 0.16848421 0.6948025
2 0.00062707963 0.060136314 0.6391818 0.13147843 0.6877343
1 0.00059022 0.19305189 0.6571718000000001 0.27907807 0.7002592
11 0.0005716554599999999 0.05835933 0.6536616 0.10296269999999999 0.732378
7 0.00054839783 0.037681885 0.64290756 0.10816502 0.70434266
13 0.0005365572 0.71021587 0.55701584 0.9774930000000001 0.86306846
1 0.0005253817 0.045820355 0.65903634 0.11000277 0.69778657
10 0.0005097831 0.13105626 0.6325421999999999 0.18791492 0.692493
12 0.00049959193 0.21867633 0.6338825 0.29356158 0.6984844
2 0.00048753254999999996 0.050965425 0.64326006 0.11774717 0.68079245
11 0.00048441795 0.07189239 0.65114486 0.124220185 0.73040146
5 0.00048226624000000004 0.020770319 0.68385094 0.10912738 0.7221685
12 0.0004632056 0.041752502000000004 0.6414299 0.1137024 0.69113624
7 0.00045733435999999997 0.038745827999999996 0.659425 0.12883282 0.7358904000000001
5 0.00043510837999999997 0.023425285 0.6602831 0.11653346 0.69218403
13 0.0004323757 0.63310957 0.59801656 0.8449421999999999 0.7408522
11 0.00042757232000000005 0.057059556 0.645239 0.095566735 0.6956654999999999
5 0.00041260016999999997 0.62469095 0.59377575 0.8422069999999999 0.7278953
7 0.00040321564 0.19090146 0.62989014 0.27500945 0.7140947
13 0.0003988325 0.8712576 0.59209186 0.9403158000000001 0.64764816
10 0.00037984987 0.06145927 0.6390060000000001 0.12705827 0.6976852
5 0.00037939558 0.18661565 0.6454228 0.2986581 0.70014066
13 0.00035801608 0.7826562 0.07522934 0.9656239999999999 0.23553224
1 0.000357139 0.24452674 0.65525407 0.32546628 0.7025798000000001
1 0.00035430796999999997 0.7493181 0.6039384 0.9265280999999999 0.7235339
3 0.00035306165 0.6747928000000001 0.5747812 0.7468007 0.687042
13 0.00035125019999999996 0.7620394 0.0 1.0 0.5663357
3 0.00034299033 0.0844993 0.4394872 0.5150520000000001 0.91757053
10 0.00033862237 0.10282027 0.6394719 0.17147473 0.6921564
11 0.00032425585 0.07069379 0.6449015 0.11338025 0.69767445
6 0.00031114244 0.028943617 0.64653647 0.13193427 0.6970656999999999
8 0.0002992939 0.06220448 0.63435346 0.28752315 0.88637763
13 0.0002979584 0.08521859 0.74703664 0.19122781 0.79676545
9 0.00029397514 0.79030097 0.57495075 0.9505271999999999 0.68786114
3 0.0002875793 0.6701099 0.55215317 0.8486751 0.68555623
8 0.00028594906 0.5236156 0.2559759 0.87416697 0.9193851999999999
12 0.00028041896 0.09186748 0.64095855 0.16325581 0.687321
6 0.0002776979 0.18409112 0.63837177 0.3173292 0.69690484
7 0.00027309777000000004 0.23266558 0.6261384 0.32000154 0.7154185000000001
1 0.0002711055 0.62946326 0.6453631 0.8110468000000001 0.73995686
10 0.0002588456 0.050489858 0.64777064 0.1100858 0.6933746000000001
10 0.0002536857 0.068345234 0.65810925 0.13846827 0.7267501999999999
9 0.0002529185 0.06493236 0.6797778 0.13011701 0.7227846
13 0.00025229994 0.63487375 0.61902463 0.95157015 0.8556312
6 0.00024944843999999996 0.63273275 0.61677575 0.8945998 0.7275111999999999
13 0.0002492401 0.8865074000000001 0.28059974 0.99192107 0.39928109999999994
11 0.00024828073 0.6823458 0.5665669 0.8079154000000001 0.7635728
4 0.00024584220000000004 0.064962536 0.64355475 0.13124618 0.7007233
13 0.00024325853 0.15119693 0.8192801 0.53091884 1.0
4 0.00023989566000000003 0.062779844 0.6620951999999999 0.12977423 0.7342486
8 0.00023870645 0.17157528 0.6174663 0.34129503 0.7227331
13 0.00023472511000000002 0.44096127 0.0 0.94921637 0.55930555
9 0.00023401415 0.6854856 0.5318024 0.9437175999999999 0.80316967
8 0.00022960617 0.086802185 0.75849336 0.5073436 0.9950413
13 0.0002294766 0.17237785 0.6536049 0.22281572 0.70287293
12 0.00022827134999999998 0.78677934 0.5693515 0.95071775 0.71135944
8 0.00022584148999999997 0.08502796 0.75268465 0.15838195 0.8015526999999999
9 0.00022550407000000003 0.057641335 0.6786722 0.11047808 0.7184291
13 0.00022355002999999997 0.74622095 0.0 1.0 0.80894345
12 0.00022329928 0.24871781 0.6416949000000001 0.32833043 0.7002976
4 0.00021924987999999998 0.098646775 0.6421664 0.15795685 0.6935833
10 0.0002183652 0.26262373 0.619175 0.33040857 0.6974720999999999
1 0.00020601126 0.05034887 0.68390244 0.11217081 0.72817093
10 0.00020154084 0.20261827 0.64309794 0.28793195 0.69500655
9 0.0001986156 0.2596693 0.63798016 0.33917403 0.6926972
10 0.00019618174999999998 0.77587056 0.0 1.0 0.45683664
11 0.0001921422 0.24469236 0.63045937 0.30237487 0.702773
9 0.00018790655 0.84539133 0.10588969 1.0 0.43120820000000004
4 0.00018531962 0.25718224 0.6220358 0.33352350000000003 0.69244796
12 0.00018474522 0.7174731 0.52575547 0.9054056 0.6854974
2 0.00017962314 0.7044189000000001 0.038472045 1.0 0.39369574
10 0.0001784855 0.07784781 0.63127947 0.14113146 0.6955798000000001
6 0.00017825203000000002 0.037150994 0.6760381 0.15106502 0.7289785
4 0.00017762548 0.050428383 0.6466678000000001 0.111778386 0.6948727
1 0.00017618299 0.061396692 0.65549165 0.12970038 0.6960807
7 0.00017508383000000002 0.7558187 0.53968835 0.91598296 0.7458952
7 0.00017026615000000002 0.6195773 0.037168067 1.0 0.3802256
6 0.00016742917000000002 0.7333002 0.5748344 0.98283374 0.73106885
1 0.00016671619 0.5244161999999999 0.5788317 0.8999915 0.8020453000000001
12 0.00016284823 0.72015244 0.57796544 0.8767635 0.7302829000000001
13 0.00016229131000000002 0.70092344 0.57774025 0.8896238999999999 0.7374203
9 0.00015859044 0.23864824 0.6386539000000001 0.32014441 0.69580144
11 0.00015791351 0.09013595 0.6431023 0.14223202 0.7300541
9 0.00015594279 0.78103065 0.06275748 1.0 0.39349195
3 0.00015344398 0.037311986 0.81151754 0.36315602 1.0
13 0.00015196535 0.86897206 0.5961661 0.93543196 0.7069541
10 0.00014823288 0.08862205599999999 0.6529195 0.15184188 0.7250358
1 0.00014178 0.038301997000000004 0.6870761 0.09932002 0.722642
10 0.00014032045 0.8241265 0.04145732 1.0 0.40378466
5 0.00013481069 0.5470658 0.63294333 0.8662576 0.875784
8 0.00013287143 0.055954 0.15129812 0.28280753 0.87289935
5 0.00012916516000000003 0.599705 0.12859759 1.0 0.30338505
3 0.00012857902 0.51302594 0.09675942 0.9649287 0.55526805
10 0.00012346874 0.056050353 0.66923046 0.120276116 0.7232590999999999
4 0.00012191601 0.87818974 0.1204568 0.99620825 0.3817977
1 0.00012101643999999998 0.7929633 0.6243976 0.956953 0.73771346
4 0.000119652446 0.08130514 0.6551174 0.13911156 0.73081636
1 0.00011904211000000001 0.56956357 0.51059824 0.9121502 0.70812106
9 0.000118494645 0.20138976 0.63952106 0.27864099999999997 0.70385975
4 0.00011655358000000001 0.7783975999999999 0.53450227 0.96323425 0.69856346
1 0.00011566703000000002 0.59864306 0.539179 0.92494774 0.7718234
12 0.00011522374 0.060749265999999996 0.6412299 0.13740414 0.69403815
5 0.00011252663 0.5754853 0.07837328 1.0 0.2606475
9 0.00011021027 0.70318323 0.5891178 0.9677841 0.8486231
7 0.00011011211000000001 0.76842767 0.07806422 1.0 0.38578287
12 0.000108441556 0.7640805 0.5827448000000001 0.91680944 0.7329458000000001
4 0.00010838424999999999 0.04583432 0.6655044 0.10972148 0.7253288
10 0.00010703323 0.77815956 0.5405609 0.93031126 0.6922679
11 0.00010701273000000001 0.27227056 0.630132 0.31765026 0.6911531999999999
1 0.00010598133999999998 0.062199894000000006 0.6801391999999999 0.12860316 0.7221058000000001
2 0.000105130835 0.23884374 0.62809974 0.31787992 0.70214504
5 0.000104450046 0.042709652 0.68292546 0.14059602 0.7320524
7 0.00010288856 0.63270986 0.58567464 0.8232603999999999 0.7696298
2 0.00010233774999999999 0.20930964 0.6290752 0.29421579999999997 0.68191165
3 0.000101479185 0.17160031 0.28075466 0.5591079000000001 0.9538416
1 9.9935394e-05 0.63371444 0.12723653 0.9106841 0.33913606
13 9.978199500000001e-05 0.19232358 0.6279676 0.3420778 0.76984245
7 9.93382e-05 0.5418151999999999 0.533406 1.0 0.89440995
6 9.8655975e-05 0.67113197 0.13905065 1.0 0.38260794
4 9.67344e-05 0.08409604 0.63366115 0.14314225 0.69737405
6 9.505455e-05 0.21907216 0.64375645 0.3590188 0.7076988000000001
5 9.477074e-05 0.6494486 0.57523847 0.88052696 0.70300454
1 9.457619000000001e-05 0.6616662 0.5690213000000001 0.8346073 0.6887215
3 9.416436e-05 0.7466855 0.1779731 0.9497452 0.7136387
3 9.405263e-05 0.65872586 0.5812531 0.85957885 0.72402364
5 9.350734000000001e-05 0.21579368 0.64810705 0.33477515 0.71239096
8 9.308225e-05 0.03986972 0.48384136 0.26625590000000005 0.93002933
9 9.295799000000001e-05 0.80238044 0.0059579215 1.0 0.5102809
13 9.2711554e-05 0.84369314 0.61293525 0.9301332 0.6785376999999999
9 8.814452e-05 0.07770234 0.67608595 0.14925712 0.72297037
8 8.763032e-05 0.097087115 0.20746894 0.37414899999999995 0.8516630999999999
13 8.645393e-05 0.7508507 0.099489294 1.0 0.42601842
9 8.633396999999999e-05 0.7373132 0.6059482 0.89806503 0.7203682
1 8.628792999999999e-05 0.65055555 0.61622363 0.8280478000000001 0.7257093000000001
4 8.621700999999999e-05 0.79988223 0.09259208 1.0 0.36786216
12 8.606848e-05 0.80758 0.6173311 0.9560888000000001 0.7394068
3 8.496802999999999e-05 0.08081554 0.7429438 0.19095586 0.8123148
8 8.339162e-05 0.036277026000000004 0.33721617 0.19264111 0.88539
5 8.3224586e-05 0.73858553 0.5872799 0.97125345 0.7298171999999999
1 8.214778e-05 0.17381024 0.6583211999999999 0.25780970000000003 0.6966074999999999
12 8.135787e-05 0.6826283000000001 0.0 1.0 0.25162914
12 8.120770999999999e-05 0.038691524 0.6645687 0.14043877 0.71665984
1 8.110055e-05 0.713407 0.6423504 0.8946151 0.7550949
2 8.068416e-05 0.7698050000000001 0.0 1.0 0.49217796
10 7.974844e-05 0.7106756 0.0 1.0 0.32893842
6 7.9018115e-05 0.6276315 0.06019693 1.0 0.3106691
12 7.7820034e-05 0.7266029 0.05977695400000001 1.0 0.315062
1 7.718233e-05 0.76714504 0.1662132 0.94858825 0.36819613
11 7.582255e-05 0.70505476 0.41633198 0.95601547 0.89317405
2 7.5427e-05 0.6643475000000001 0.47621217 1.0 0.797619
1 7.533225000000001e-05 0.6038314 0.59923166 0.7905694000000001 0.7083833
5 7.43245e-05 0.61441356 0.60976917 0.91920334 0.84842503
1 7.352195e-05 0.59141576 0.06393621 0.91604984 0.2715357
8 6.976996e-05 0.7821454999999999 0.14178103 0.91330516 0.26831633
9 6.8648944e-05 0.75820374 0.5593293 0.9902613000000001 0.79900575
1 6.86259e-05 0.7058854999999999 0.609344 0.886999 0.73584414
10 6.835007e-05 0.23261724 0.6204513 0.32157737 0.6976989
1 6.754901e-05 0.6735675999999999 0.52807295 0.94431 0.7337255
12 6.621869e-05 0.8227353999999999 0.06591552 1.0 0.37617028
10 6.55086e-05 0.83211136 0.5237157 0.96796525 0.70293015
7 6.417922e-05 0.8404499 0.5817505000000001 0.9356514000000001 0.6536983000000001
1 6.379810000000001e-05 0.7499222 0.10929981 0.9165929 0.23100042
8 6.366916999999999e-05 0.31139603 0.084707975 0.58256507 0.6003775
3 6.361303e-05 0.093606934 0.54990077 0.40731937 0.95399964
3 6.269343000000001e-05 0.62105334 0.56962544 0.96613276 0.7575061
13 6.206661e-05 0.857183 0.60613465 0.91993034 0.69840604
12 6.107058000000001e-05 0.7559752 0.0 1.0 0.37560055
7 6.0804916e-05 0.6598183000000001 0.49267918 1.0 0.8451375
9 6.0503804e-05 0.8178367 0.60190517 0.98282665 0.7228568
7 6.036746999999999e-05 0.7729638000000001 0.12371497599999999 0.9468679 0.2713241
5 6.007464299999999e-05 0.04417449 0.6610469 0.15726210000000002 0.6988418000000001
12 5.9337093000000006e-05 0.8393594000000001 0.06513004 0.9959853999999999 0.21176703
3 5.9329737e-05 0.88778645 0.6012529999999999 0.9564101 0.67310005
4 5.7505316000000004e-05 0.83536005 0.5241918 0.96598125 0.7285041
5 5.6539393e-05 0.68820864 0.59407 0.90589756 0.7382519000000001
5 5.556833e-05 0.74121976 0.14283401 1.0 0.33902806
3 5.5098066e-05 0.051241502 0.6794875 0.36606878 0.96815175
6 5.4704615000000006e-05 0.6728269 0.5558379 0.8998630999999999 0.68286085
7 5.421222e-05 0.6973221 0.58780855 0.8905614 0.76062375
11 5.3887146e-05 0.74889976 0.40614605 0.9704216 0.7715544
11 5.331081e-05 0.8586132 0.1820761 0.9668886 0.46741498
11 5.2834566000000004e-05 0.8097470999999999 0.5553118 0.9023346 0.7035154
10 5.205781e-05 0.66770566 0.61233836 0.864308 0.72707874
6 5.189814e-05 0.71511596 0.10685498 1.0 0.46312755
12 5.1135020000000006e-05 0.59014034 0.46853820000000007 1.0 0.7623945
8 5.092628e-05 0.12486534 0.13267756 0.37871987 0.6335128000000001
10 5.013662999999999e-05 0.80287254 0.08462597 0.96901035 0.24058989
6 4.8414633000000006e-05 0.6805259 0.64178956 0.9373473 0.7597678000000001
5 4.7808233e-05 0.71562004 0.11353103 0.9665004999999999 0.22026144
12 4.7280245999999994e-05 0.53813004 0.42760226 1.0 0.6913891
8 4.7127232000000006e-05 0.9051761 0.32740885 0.9807244 0.440475
6 4.622174e-05 0.50860345 0.63773537 1.0 0.8477861999999999
4 4.5290308000000004e-05 0.19980949 0.6311926 0.30528945 0.69406205
9 4.5200257000000004e-05 0.7332489999999999 0.57430196 0.89433163 0.6958936
9 4.504523e-05 0.6809748000000001 0.594383 0.8256958000000001 0.7353528
8 4.4690656e-05 0.7587301 0.111389436 0.8906818000000001 0.25069645
8 4.4357282999999996e-05 0.19430348 0.43514246 0.5000011 0.8908043
11 4.3236013999999996e-05 0.8194212 0.15544583 0.9207133 0.2738954
3 4.225034000000001e-05 0.762363 0.57423633 0.87681025 0.6371764
1 4.2071417e-05 0.8434862 0.59097296 0.9183296000000001 0.642417
9 4.1925410000000004e-05 0.80428946 0.08118768 0.9465687 0.25475425
12 4.174195e-05 0.22042388 0.6899795 0.5348562 0.9765351000000001
10 4.0893200000000003e-05 0.8582929 0.0 1.0 0.5542505
13 4.0751100000000004e-05 0.7754757 0.1243066 1.0 0.27476300000000003
13 4.052126e-05 0.29966265 0.0 0.6436145999999999 0.69045
2 4.0327343999999996e-05 0.76561606 0.5340296999999999 0.91810095 0.7204674
11 4.0320879999999994e-05 0.7482331 0.09403063 0.92935896 0.37891135
6 3.9449645999999995e-05 0.7905389 0.1606807 1.0 0.4166505999999999
11 3.7923495e-05 0.77225375 0.5862219 0.8965671000000001 0.7813047
7 3.7604637e-05 0.67716956 0.5471285 0.851722 0.71459025
1 3.7381436e-05 0.70695066 0.5610805999999999 0.8784658999999999 0.69468147
13 3.7251262e-05 0.019074096999999998 0.28625634 0.46772885 1.0
8 3.7089274e-05 0.9247829 0.55363876 0.9873860999999999 0.7594342
7 3.6665973e-05 0.1582269 0.64151317 0.22813511 0.70150197
8 3.6067515e-05 0.036095052999999995 0.07763574 0.26036742 0.58462644
7 3.6006884e-05 0.86904603 0.5856387 0.9370306 0.7060502
8 3.5510104e-05 0.94784814 0.5993678000000001 0.9828591999999998 0.6842964
8 3.4961933e-05 0.42436898 0.15189584 0.7063705 0.65122366
8 3.4640677999999995e-05 0.049040638 0.6761696999999999 0.16874745 0.8202613999999999
13 3.4022270000000006e-05 0.41054540000000006 0.0 0.8171305 0.7248667
6 3.3655742e-05 0.7652774 0.109730706 0.9807004 0.22464885
6 3.2896765e-05 0.73483336 0.61807996 1.0 0.75790614
2 3.2813463e-05 0.87654245 0.57452416 0.96081805 0.63373375
10 3.281016e-05 0.91595745 0.23162110000000002 1.0 0.41389894
13 3.2801927e-05 0.66353524 0.5614677 0.8813313 0.9051587999999999
11 3.250537e-05 0.7569561 0.55915284 0.84893763 0.7041891
11 3.2397045e-05 0.75601476 0.5816071 0.8620684999999999 0.74826604
1 3.2064745e-05 0.87008625 0.5909747 0.93391615 0.6453634
5 3.2030133e-05 0.7168734999999999 0.30661651 0.99690545 0.63316584
12 3.1880107e-05 0.70860326 0.5521284000000001 0.85829437 0.6995679
7 3.153212e-05 0.8370968000000001 0.60174656 0.9353950000000001 0.6871387
