3 0.9908749 0.21558326 0.38415173 0.27978402 0.43964106
8 0.041956227 0.0 0.5473232 0.14617860000000002 0.64975166
3 0.025918871 0.6181399000000001 0.39239624 0.6936154 0.43940842
8 0.017333252 0.8085555999999999 0.7140254 0.9654056999999999 0.8429945
13 0.01623023 0.0010716245 0.50289017 0.18898502 0.6560155
3 0.015648268 0.80772704 0.7077745 0.9841468000000001 0.85036165
3 0.013144016000000001 0.024291173 0.52505314 0.16475224 0.6659773
8 0.012696553000000001 0.6108066999999999 0.3910031 0.69394815 0.43670002
8 0.010684602 0.21598452 0.37249324 0.28378573 0.43270284
8 0.008259393 0.003692571 0.5741437 0.12455818 0.6805633000000001
8 0.0065156219999999996 0.013790315 0.41527382 0.051177673 0.47040284
3 0.0032883384 0.017013978 0.4248234 0.051573914000000005 0.46532002
8 0.0030068618 0.0 0.5132954000000001 0.16172683 0.7384722
8 0.002361399 0.004775308 0.3907303 0.14475298 0.7959217
3 0.0018732982 0.23987228 0.37617412 0.29452795 0.42398800000000003
13 0.0014262864 0.2014921 0.40377802 0.26943094 0.44572517
13 0.0012626867 0.21402152 0.37788140000000003 0.29095873 0.44040343
13 0.0011280407 0.0 0.5454939 0.17475194 0.6930263000000001
8 0.0008650821400000001 0.92945063 0.5095184 0.97547615 0.5596182
8 0.00080885156 0.034093432 0.43090194 0.2777433 0.90734047
8 0.0007905917599999999 0.20960768 0.37754235 0.26629376 0.42389256
13 0.0006811997 0.21040419 0.401853 0.26559177 0.47407594
7 0.0006756122500000001 0.22169173 0.36159012 0.29734176 0.43467290000000003
9 0.0006413289 0.21858457 0.37442693 0.27928677 0.41953057
3 0.0006274463400000001 0.020243116000000002 0.5385091999999999 0.18163863 0.7156471
5 0.0005825941 0.19886771 0.40219483 0.25720957 0.47711670000000006
5 0.0005762454 0.1863453 0.40223366 0.26740116 0.4456446
8 0.0005654362000000001 0.23079978 0.3768655 0.2941469 0.44394773
7 0.0005646093 0.21030155 0.36531392 0.27654824 0.43410808
13 0.0005405381 0.8017986999999999 0.7173443 0.94772696 0.84171647
11 0.0005373831400000001 0.21377797 0.376972 0.25744075 0.4524111
13 0.00052364863 0.21574269 0.3974842 0.29699764 0.45358384
13 0.00051605824 0.6358659999999999 0.3934922 0.6939334 0.44057113
11 0.0005135275 0.22438279 0.37401184 0.2606281 0.42139897
8 0.0005021551 0.071299374 0.42052934 0.37036416 0.87430286
8 0.0004955102 0.0 0.43493408 0.16290220000000002 0.65133816
5 0.00045354204000000003 0.19994213 0.38490608 0.28383207 0.42095190000000005
12 0.00044297002 0.21897507 0.3638125 0.29975419999999997 0.4175438
13 0.00043541470000000004 0.22261469 0.39305472 0.28030708 0.47933329999999996
8 0.00042934322999999995 0.04126188 0.15334933 0.3887624 0.797802
1 0.00042192457 0.20554814 0.38270918 0.26847193 0.42098352
9 0.00041340292 0.23264462 0.37427053 0.3018431 0.42064777
5 0.00039247202 0.21576788 0.40499154 0.27535877 0.48235550000000005
1 0.00035131237 0.22603844 0.38341913 0.28351024 0.4244693
13 0.00034649516 0.0 0.40068337 0.18397298 0.722712
11 0.00032897474 0.24129537 0.36999756 0.2817252 0.42107022
8 0.0003284343 0.783533 0.6934371 0.9385232 0.85755426
2 0.00031647217 0.0 0.5274257 0.20481674 0.6898082
8 0.00031509885 0.009167433000000001 0.15382083 0.20778756 0.82203406
6 0.00030511388 0.19069256 0.39666247 0.28140777 0.44431186
5 0.00029952748 0.21337663 0.38433313 0.3030389 0.42667118
11 0.0002859309 0.22229797 0.33561984 0.26366606 0.48143667
8 0.00027674256 0.019323528 0.22490783 0.29434305 0.89165944
4 0.00027549432999999997 0.23618726 0.36628208 0.30303627 0.42240247
7 0.00027340036 0.18865341 0.38502753 0.26502284 0.4605936
7 0.00026987049999999997 0.21461122 0.34089115 0.28701007 0.47366038
1 0.00025734902 0.19738874 0.40459222 0.25336179999999997 0.46216398
2 0.000256065 0.22441739 0.36518613 0.2898844 0.40777963
2 0.00024020934 0.2359632 0.36145429999999995 0.3042033 0.41128182
10 0.00023668468999999998 0.22603238 0.36113226 0.28865266 0.41863135
9 0.00023596263999999998 0.23610115 0.37013888 0.2811796 0.44160396
7 0.00023137642999999995 0.18870947 0.37078979999999995 0.27690533 0.49741834
8 0.00022795638999999998 0.010276601 0.29090154 0.096202016 0.8175098000000001
6 0.0002227168 0.20431857 0.37068486 0.28961065 0.42484176
8 0.00022039947999999995 0.0 0.30724296 0.17987919 0.88921887
8 0.00019853789 0.0038574338000000002 0.49429238 0.25849345 0.7722977
4 0.00019586783 0.22002378 0.367806 0.28299179999999996 0.41773984
1 0.00019156928 0.19836226 0.38056192 0.25738734 0.43181458
11 0.00019011788000000002 0.23906 0.34316754 0.27771357 0.439512
13 0.00018488136999999998 0.2346587 0.37736085 0.30028299999999997 0.43434522
1 0.00018001304 0.21938312 0.3789884 0.27485722 0.43535846
12 0.00017689867 0.21183205 0.35257009999999994 0.28097126 0.42968848
8 0.00017465287000000001 0.59739834 0.20041241 0.9100395 0.925869
8 0.00017116651999999998 0.009887049 0.42888644 0.045775025999999996 0.48280764
8 0.00016913003000000002 0.23500642 0.36488286 0.28850988 0.4272665
10 0.0001643696 0.20969698 0.36947626 0.27553508 0.4150986
7 0.00015752605 0.19791993 0.34812394 0.2674429 0.47313416
13 0.0001537661 0.036682844 0.22489333 0.3818634 1.0
13 0.00015167915000000002 0.20205036 0.3823502 0.26118436 0.42881948
7 0.00015074510000000001 0.19809133 0.37590638 0.3040172 0.46687284
11 0.000150433 0.22272535 0.377166 0.27448654 0.45342028
3 0.00014966827 0.04691594 0.43029773 0.23414761 0.95902234
5 0.00014954715 0.20623927 0.38866723 0.26883670000000004 0.45010614
1 0.00014930955 0.21816908 0.40565223 0.27110195 0.46990020000000005
9 0.00014916708 0.050880283 0.5230447 0.21264169 0.6703577
5 0.00014654886 0.22115041 0.39204207 0.28519809999999995 0.45970038
2 0.00014416124 0.2136834 0.37198645 0.28301847 0.44762862
5 0.00014253963 0.2082156 0.40317526 0.29920083 0.45590106
13 0.00012807242 0.0 0.2608489 0.28108704 0.9749167
5 0.00012568374 0.0 0.5791470000000001 0.11174511 0.65979296
2 0.00012440409 0.20479053 0.39185533 0.27369034 0.43107120000000004
12 0.00011802316 0.0 0.50099665 0.23434025 0.6236243
3 0.00011785768 0.041163962000000005 0.48503584 0.16598953 0.75205195
7 0.00011559475 0.0 0.49925566 0.19541177 0.6832656
10 0.00011536448000000001 0.1988624 0.39353764 0.2719828 0.44294146
9 0.00011500504999999999 0.21256867 0.39146653 0.26559240000000006 0.44267097
13 0.000113202725 0.013599805500000001 0.42337020000000003 0.042997405 0.47395277
9 0.000112859714 0.031725243 0.5431133 0.13178316 0.69464207
8 0.00011244298999999999 0.05638826 0.2252373 0.50990576 0.71849304
1 0.000108443426 0.19848822 0.38030840000000005 0.25274312 0.41153085
3 0.00010591031999999999 0.079768255 0.38289586 0.4131148 0.9507277
13 0.00010431318000000001 0.004217215 0.25560156 0.16254118 0.83728504
9 0.00010276261999999999 0.23879361 0.38866177 0.28184986 0.45638794
8 0.00010161121999999999 0.6302614000000001 0.10907327 0.8954728999999999 0.59428716
11 9.548545e-05 0.24058685 0.37329778 0.296069 0.45307362
9 9.462398e-05 0.2226145 0.3927063 0.2613036 0.46405023
4 9.448120500000001e-05 0.20463043 0.38708475 0.2689528 0.44286695
4 9.170936e-05 0.07821546 0.5169054 0.20737353 0.6436357
4 9.078527400000001e-05 0.23463209 0.35578367 0.29406703 0.43841144
3 9.055733e-05 0.04714495 0.30713725 0.3244882 0.93657285
10 9.013319499999999e-05 0.06547017 0.45577613 0.20552906 0.6718058000000001
6 8.9360095e-05 0.19672847 0.39885813 0.28136474 0.47502756
13 8.802820999999999e-05 0.057251300000000005 0.5291021 0.1466787 0.62982213
1 8.396640999999999e-05 0.0 0.58078355 0.11035022 0.659704
10 8.390214e-05 0.23435993 0.3375037 0.28474970000000005 0.44541445
11 8.274393599999999e-05 0.83405894 0.7272758 0.9312218000000001 0.8758513000000001
4 8.242519e-05 0.22856094 0.37294406 0.28927985 0.4705568
8 8.143996999999999e-05 0.004908502 0.36998913 0.16311122 0.5978034999999999
4 7.640344e-05 0.23244146 0.38208482 0.31039938 0.45569766
12 7.615571e-05 0.21240066 0.37729493 0.2889573 0.45147535
10 7.535655e-05 0.22263198 0.3753253 0.28208098 0.47678837
9 7.490265e-05 0.22231366 0.3903216 0.28775686 0.44099748
12 7.416304e-05 0.21554534 0.38729027 0.27520978 0.43768206
4 7.2336145e-05 0.21385758 0.383324 0.2936514 0.45011009999999996
11 7.141301999999999e-05 0.044223465 0.54057544 0.105228685 0.6971347
10 6.870496e-05 0.23987842 0.35584499999999997 0.293975 0.47840834
11 6.853161e-05 0.07342699 0.52831614 0.15997405 0.6692961
2 6.770814e-05 0.62793154 0.39040256 0.6860381 0.43537557
3 6.510031999999999e-05 0.07785161 0.26119024 0.50635064 0.83799744
1 6.463436e-05 0.0 0.55546814 0.15643889 0.66166157
2 6.2971165e-05 0.22131746 0.38348013 0.3101767 0.43347207
2 6.0727154e-05 0.64386123 0.38748140000000003 0.6995731 0.44125020000000004
12 6.023634699999999e-05 0.21343333 0.3665864 0.26450288 0.41533590000000004
2 5.8207894e-05 0.009169191 0.54976094 0.14531889999999997 0.66683453
3 5.80493e-05 0.9317761 0.50361043 0.98182625 0.56005263
5 5.7861445000000005e-05 0.0 0.5675276 0.17577538 0.65175354
10 5.4366876000000004e-05 0.04623951 0.54116195 0.15447564 0.6640421999999999
4 5.427399e-05 0.07484891 0.55078226 0.20489970000000002 0.6748124
11 5.4079686e-05 0.6456616 0.39279997 0.67816985 0.45119682
6 5.3859465e-05 0.20192385 0.39380404 0.31841493 0.45599768
13 5.3576113999999995e-05 0.0 0.0 0.42937040000000004 0.8796569
1 5.1522390000000006e-05 0.0 0.5910917 0.15781826 0.69155365
12 5.096367e-05 0.03613874 0.5263302 0.15476288 0.66311675
5 4.9121994000000005e-05 0.19346583 0.38593066 0.2598263 0.41780928
10 4.897200799999999e-05 0.6412163000000001 0.39289105 0.69415224 0.44258443
8 4.6897774e-05 0.54573786 0.37476644 0.87979007 0.94892526
8 4.6558205e-05 0.5152902 0.21200114 0.80640393 0.9350318000000001
11 4.6537363e-05 0.21850592 0.37078816 0.24718732 0.41624293
13 4.637962000000001e-05 0.7538769000000001 0.73412687 0.90478504 0.84356266
8 4.6296107000000005e-05 0.22828089999999998 0.37349072 0.51339525 0.86965877
10 4.560004e-05 0.21589634 0.3574733 0.27211845 0.4430388
12 4.5154073e-05 0.0 0.53240633 0.25114828 0.65742606
5 4.4930406e-05 0.0 0.5582023 0.117557295 0.6418498
10 4.251674e-05 0.040470142 0.49945095 0.1430487 0.63645774
9 4.0500872e-05 0.6555345 0.40324855 0.70901465 0.44180328
1 4.0462095e-05 0.22582844 0.40774494 0.28613225 0.4574008
1 3.9767240000000004e-05 0.0 0.54084414 0.11511165 0.6276233
3 3.8746934e-05 0.034535356 0.2560965 0.23513019 0.8621521999999999
8 3.8334506999999996e-05 0.70118624 0.20671296 0.9362872 0.9684722
9 3.7191367e-05 0.6362509 0.4049165 0.68896216 0.4448567
1 3.6926653e-05 0.6170661999999999 0.40739003 0.6808204000000001 0.44253016
13 3.647232e-05 0.0 0.39229179999999997 0.25153288 0.70851475
6 3.6073132e-05 0.0 0.58142406 0.17486389 0.6782031
10 3.5336638e-05 0.019737093 0.42111117 0.04557991 0.47050726
8 3.5232988e-05 0.29819462 0.37132767 0.5956204 0.87815034
8 3.5025674e-05 0.019846138 0.5196634 0.10187681 0.6614335
2 3.5011853e-05 0.0 0.5642374 0.17645109 0.7179511
8 3.4755565e-05 0.7799088000000001 0.24001223 0.96725667 0.9288896000000001
9 3.4296165e-05 0.820409 0.74649 0.9606214 0.8550247999999999
10 3.4216573e-05 0.6593064000000001 0.3882226 0.70832455 0.4396064
11 3.409465e-05 0.019854285 0.41525498 0.03923364 0.47873607
6 3.3342192e-05 0.61725026 0.40391064 0.7161284000000001 0.44464055
7 3.3199845e-05 0.19807878 0.3699441 0.2565761 0.42544684
7 3.3156393e-05 0.0 0.5519925 0.16264224 0.7037974
3 3.265528e-05 0.009215381 0.44341367 0.051017053 0.48478714
11 3.2309334e-05 0.88105655 0.7281213000000001 0.9791331 0.8785960999999999
2 3.2212847e-05 0.23258470000000003 0.3406431 0.29073352 0.42486778
1 3.20571e-05 0.63445354 0.40744509999999995 0.69644046 0.44028690000000004
5 3.1906744e-05 0.60655004 0.4074784 0.67977434 0.44860506
4 3.1543946999999996e-05 0.03190639 0.53367776 0.12895456 0.64220196
1 3.117608e-05 0.24510507 0.40568832 0.30235845 0.44780459999999994
6 3.0983909999999994e-05 0.0 0.5396485 0.23262465 0.6731543000000001
3 3.0961866e-05 0.42014940000000006 0.34356147 0.80383164 0.9876621999999999
9 3.0788957e-05 0.050363004 0.5595747 0.18703406 0.723475
9 3.0528416e-05 0.030622042999999998 0.5054484 0.1796003 0.648393
4 3.0526957e-05 0.25629324 0.37632865 0.3134467 0.4510263
10 2.9710456e-05 0.22247057 0.37766093 0.30693823 0.4477744000000001
12 2.9525881e-05 0.6456326 0.39753428 0.7105199999999999 0.43582907
13 2.8910376999999997e-05 0.0 0.4760202 0.20323339 0.7723263000000001
5 2.8890168e-05 0.09289919 0.5659539000000001 0.36116165 1.0
9 2.8129998e-05 0.21007381 0.37488356 0.25993723 0.42066184
7 2.8089584e-05 0.618779 0.39608073 0.68230706 0.44869587
12 2.7414864e-05 0.21358041 0.38304320000000003 0.31913614 0.43747870000000005
6 2.728307e-05 0.19477348 0.36081030000000003 0.28502038 0.44329079999999993
12 2.6419953e-05 0.62962884 0.39607432 0.69904894 0.43904483
8 2.6238259999999996e-05 0.41053593 0.35370624 0.71509326 0.9096805
8 2.6052237e-05 0.6175623 0.0662304 0.86575747 0.3317843
3 2.5790358e-05 0.31255385 0.35810533 0.6925453 0.9998896
6 2.520105e-05 0.0021181703 0.5710900999999999 0.23367932 0.71036196
11 2.5007917e-05 0.66366476 0.39480105 0.6961451 0.44835246
13 2.4933943e-05 0.0 0.45115387 0.24346057 0.92158914
8 2.4747013e-05 0.77057916 0.63158715 0.9748079 0.9246238000000001
7 2.4576346e-05 0.75220644 0.7128253000000001 0.9532603000000001 0.8711784
13 2.4499187999999998e-05 0.40792677 0.22497961 0.7560302 1.0
13 2.4029765000000003e-05 0.0 0.0679538 0.2044124 0.9109405999999999
4 2.3766652e-05 0.65395164 0.39100337 0.70125175 0.44245806
5 2.3324032000000003e-05 0.0 0.6015841 0.13011396 0.6824566
2 2.2866082999999998e-05 0.21382315 0.36840674 0.273892 0.40617904
10 2.2699517999999998e-05 0.25519457 0.37312305 0.3132703 0.45176062
3 2.2380469e-05 0.039239794 0.5446084 0.19848914 0.81318283
8 2.2110236e-05 0.059591934000000006 0.10102267 0.32749546 0.63342696
10 2.1753613e-05 0.8207048000000001 0.6714445 0.9802948 0.86427647
3 2.1218513e-05 0.23237024 0.34511536 0.5950656 0.9639405999999999
3 2.1090156000000003e-05 0.529226 0.25771698 0.8890367 0.93144906
6 2.0847407e-05 0.0 0.5433898 0.16575032 0.6399989
1 1.9609224e-05 0.7386413000000001 0.7295005 0.9338681999999999 0.84128934
8 1.9412526e-05 0.14449236 0.21573843 0.43727782 0.8740360999999999
8 1.9397225e-05 0.82483315 0.72443813 0.8875146 0.8246017
2 1.9190991e-05 0.019425489 0.51192564 0.14702722 0.6294569000000001
8 1.8834638e-05 0.3454653 0.20416167 0.6227899 0.84111553
13 1.8450295e-05 0.51771486 0.18733613 0.8905258 1.0
1 1.8105517e-05 0.24501178 0.37990576 0.30081418 0.4190834
8 1.801277e-05 0.807341 0.7436513000000001 0.8723655999999999 0.80682874
12 1.7802935e-05 0.7885975000000001 0.6927246 0.9980969000000001 0.8130874
1 1.7759618e-05 0.0053774565 0.43011153 0.040239755 0.46787882
4 1.7064676e-05 0.63214254 0.39238718 0.6876478 0.44301128
2 1.680757e-05 0.22005749 0.34380504 0.28075844 0.41547516
3 1.6435057e-05 0.6287515 0.16923264 0.97394156 0.6186986
13 1.6155795000000002e-05 0.20167637 0.28832507 0.5342783 1.0
5 1.5988906e-05 0.025530063 0.5776246 0.24380429999999997 1.0
10 1.5834114e-05 0.038257322999999996 0.5530288000000001 0.19331324 0.7116366999999999
9 1.5591287999999998e-05 0.24702910000000003 0.39441472 0.320904 0.44244495
8 1.5487391999999998e-05 0.03117226 0.017581569 0.283655 0.32442945
11 1.5125595000000001e-05 0.2643937 0.37298816 0.31445503 0.44559267
13 1.5048891000000001e-05 0.28967935 0.26057035 0.62721634 1.0
9 1.4922851e-05 0.06764233 0.13119227 0.47936392 1.0
3 1.4788270000000002e-05 0.80464864 0.7385126000000001 0.9030725000000001 0.81795335
5 1.4732728e-05 0.032287404 0.33764294 0.429021 0.86715364
2 1.4335378e-05 0.79282224 0.69810516 0.9780328000000001 0.84029365
2 1.4144813999999999e-05 0.04074139 0.46918404 0.17225039 0.6999071
3 1.40351485e-05 0.9363604999999999 0.49981144 1.0 0.5624969
5 1.3704566999999999e-05 0.0050671455 0.43852399999999997 0.04253465 0.47851133
7 1.3176249e-05 0.0005914308 0.48933336 0.12477949 0.66229427
10 1.2858146999999998e-05 0.03505254 0.4527423 0.15845223 0.62684
3 1.2818991e-05 0.055507972999999995 0.5417016 0.27823043 0.99021256
4 1.2755330000000002e-05 0.8303124 0.69433635 0.97947097 0.8448443999999999
10 1.26769355e-05 0.08013897 0.404978 0.17520614 0.7048266
9 1.2521401000000001e-05 0.08838539 0.53860885 0.24835302 0.6831049
3 1.2489446e-05 0.0671386 0.50061685 0.31335515 0.7947844000000001
8 1.2436695e-05 0.89291054 0.33414614 0.977001 0.45987532
8 1.236743e-05 0.29418898 0.14107153 0.5595232 0.71272826
12 1.230615e-05 0.024460837000000003 0.47584220000000005 0.19578418 0.6018729
13 1.2124995e-05 0.0 0.5131314 0.11036962 0.6271779000000001
8 1.1756622e-05 0.69054854 0.11293822 0.89213836 0.47862209999999994
4 1.1463472999999999e-05 0.051311325 0.57163215 0.15367876 0.69086516
13 1.1423860999999999e-05 0.13311583 0.13216813 0.4638782 1.0
7 1.1190077000000002e-05 0.0 0.35121688 0.46502045 1.0
8 1.0949366e-05 0.40574694 0.1751296 0.6827430999999999 0.717121
4 1.0676822999999999e-05 0.041831754 0.5010677 0.13728806 0.6095031
13 1.0545124e-05 0.81792784 0.731891 0.90108645 0.81772316
8 1.0394095e-05 0.008744299 0.012113671000000001 0.14484397 0.17557243
12 1.0302016000000001e-05 0.01605457 0.0 0.6318645 0.59622616
3 1.0190583e-05 0.04870233 0.45603848 0.21118096 0.7009239
8 1.0024717e-05 0.021725386 0.5409964 0.21149160000000003 0.84620523
6 9.942769999999999e-06 0.21559699999999998 0.37460809999999994 0.33281866 0.42102915
13 9.932385e-06 0.029115732999999998 0.54449576 0.14012332 0.6135891
12 9.870999e-06 0.030260012000000003 0.55926204 0.20997684 0.69614035
9 9.778989e-06 0.018447762 0.42906108 0.04770057 0.47161838
4 9.648428e-06 0.21086851 0.36885563 0.26700136 0.4139504
6 9.6015965e-06 0.0062361304000000005 0.42660010000000004 0.053086497 0.46315613
6 9.584099e-06 0.7287705 0.7316659000000001 1.0 0.8387247999999999
8 9.5037e-06 0.46092910000000004 0.1480592 0.7519701 0.7668024999999999
13 9.46122e-06 0.074043974 0.5162422999999999 0.13423254 0.6359003000000001
8 9.436228999999999e-06 0.2323507 0.13078879999999998 0.4827134 0.63826644
2 9.402908999999999e-06 0.025370434 0.36623612 0.20208356 0.7383907
13 9.387832499999999e-06 0.09187318400000001 0.5136407000000001 0.14775723 0.63871735
8 9.3806875e-06 0.52058554 0.11391380400000001 0.78366125 0.6318352
7 9.322051e-06 0.009143105 0.41770159999999995 0.041320182000000004 0.47739846
8 9.252926e-06 0.7638811 0.54880387 0.96126795 0.8744564
3 8.963749000000001e-06 0.12849393 0.28696394 0.66045904 0.75254184
13 8.960637e-06 0.0 0.1129344 0.54082054 0.75922066
13 8.958102e-06 0.56203645 0.0 0.9596055 0.62490463
3 8.932188999999999e-06 0.41209543 0.18496762 0.7987207 0.7554736
11 8.841177e-06 0.048136983 0.5776456 0.13192248 0.7401667
13 8.80558e-06 0.0 0.4757976 0.302274 0.7783795
4 8.7964545e-06 0.864159 0.6766276 1.0 0.8492114
9 8.7202625e-06 0.036967173 0.44226828 0.20770961 0.81761825
5 8.686893e-06 0.0071410313000000005 0.5790906 0.14387524 0.7075015
1 8.621523e-06 0.0 0.121756345 0.43317163 0.66850924
5 8.504676e-06 0.026862822 0.43218154 0.26990855 1.0
13 8.443526000000001e-06 0.0 0.29118654 0.17121688 0.6157927
2 8.37837e-06 0.03561876 0.49561802 0.21447915 0.6620736
8 8.327238e-06 0.16880610000000001 0.34335002 0.3118355 0.48103338
10 8.110051e-06 0.21578872 0.21676761 0.48434353 0.97015256
13 8.058156e-06 0.36491105 0.0 0.76881623 0.7890385
2 7.818999e-06 0.14314364 0.29887667 0.43113100000000004 0.82872254
9 7.805397e-06 0.25140226 0.37427813 0.31863195 0.4188928
12 7.6951e-06 0.24104618 0.3658544 0.31261295 0.41348407
13 7.641232e-06 0.0 0.0 0.34771106 0.34512103
3 7.3987812e-06 0.80848384 0.71516114 0.9275546999999998 0.84053886
