3 0.9903392 0.09103377 0.6201225 0.16242291 0.68525016
3 0.977874 0.82944584 0.61624366 0.96432424 0.6964038
3 0.918357 0.290218 0.6185736 0.34259033 0.67576885
3 0.8265018 0.3438173 0.62204593 0.3860436 0.66551656
3 0.7409376999999999 0.22481513 0.6196 0.29137290000000005 0.678948
3 0.5027824000000001 0.72051007 0.5832052 0.7790161999999999 0.6698313
8 0.5013343 0.028080506 0.6088111999999999 0.08901239999999999 0.6597890000000001
8 0.44728273 0.21840124 0.6180485 0.29208127 0.68313277
8 0.31250817 0.7109521 0.5775225 0.7787575 0.6745179
8 0.21659392 0.005101882 0.8289713 0.15142682 0.93665695
8 0.09535691 0.33898818 0.6156865 0.39179188 0.6683687
8 0.09128061 0.38091663 0.6223318 0.4296179 0.6633416
8 0.07097977400000001 0.027688205 0.6007388000000001 0.07698262 0.6518491
3 0.06997089999999999 0.037367895 0.61389005 0.08495318 0.6582785
3 0.064387284 0.3888115 0.62500894 0.42818198 0.65694517
8 0.05892712 0.2799041 0.6143416 0.35047266 0.68340164
3 0.058574613 0.24736372 0.61745435 0.3159453 0.67483836
8 0.058170546 0.0849072 0.6208029 0.16211948 0.6861123
3 0.036444887999999995 0.027209043999999998 0.8235208 0.15249933 0.93555474
8 0.028838607000000002 0.15808302 0.61669266 0.22274867 0.6615873999999999
8 0.025472643 0.23341185 0.61518466 0.31960744 0.68259376
3 0.025207935 0.16222909 0.61993307 0.21810794 0.6597086
3 0.024721755 0.76309115 0.60159147 0.8256684000000001 0.66720873
3 0.01791592 0.3671578 0.6228172 0.41277722 0.6599639
8 0.017839996 0.36023965 0.6192649 0.41625032 0.6652234
8 0.013686845 0.8175425000000001 0.59422904 0.98391753 0.71103215
8 0.012881006 0.44417143 0.36598483 0.48218679999999997 0.41446382
8 0.008772081999999999 0.052898645 0.6084670999999999 0.11172536 0.6700746999999999
8 0.0069376873 0.5192337 0.3710187 0.55237937 0.41983205
8 0.00684704 0.042125333 0.6010758 0.0848683 0.6483304
13 0.006740921600000001 0.015972994 0.817029 0.19135055 0.9329540999999999
13 0.0063884347 0.29465562 0.6129584 0.3667853 0.6834996
8 0.0061377757 0.2124618 0.6161 0.2657344 0.6748069999999999
13 0.0060752598 0.22858526 0.6153545 0.3068171 0.6788069999999999
8 0.005994608 0.8402545 0.6251469 0.93974346 0.6926318
8 0.0056798575 0.67436355 0.58237654 0.7191276 0.6495985
3 0.004437618 0.038702294 0.5996199000000001 0.08972525599999999 0.6477874
8 0.0042005945 0.75667787 0.6008864 0.821283 0.6661857
3 0.0039515235 0.06136001 0.61291146 0.11254535 0.66705555
3 0.003816893 0.14262305 0.616626 0.20049395 0.66213703
8 0.0035442743 0.009938251 0.5959004 0.033832658 0.6328271
13 0.0033463271999999997 0.700546 0.61602664 0.78071034 0.6627052
13 0.0027268971000000003 0.2733538 0.6275326 0.34355822 0.6771539000000001
3 0.0027139978000000004 0.22161558 0.61782974 0.26995754 0.6751689999999999
9 0.002690262 0.23367314 0.6185784000000001 0.32209635 0.6694849
13 0.0025552676999999998 0.044644712999999996 0.6234569999999999 0.10580978 0.66628695
11 0.0025434317000000003 0.2839375 0.60897934 0.3294205 0.67588603
11 0.0024036904999999997 0.33274284 0.60977024 0.3743985 0.6706236
13 0.0023533297 0.102717355 0.6162377 0.18198244 0.68855125
13 0.0023195217 0.22206397 0.64453644 0.29837704 0.68758476
3 0.0023178202 0.68216634 0.5891504 0.7195014 0.64198476
13 0.0021686172 0.34325394 0.6197372 0.39664027 0.67211926
13 0.0021574579 0.3302682 0.63097167 0.3863091 0.6726969
2 0.002106284 0.2387581 0.6045593 0.31574464 0.6659444
7 0.0020162996 0.26885375 0.6055658 0.36501607 0.6851239
3 0.0020082835 0.73619205 0.5946758000000001 0.8103916999999999 0.67219466
13 0.002001491 0.71731776 0.6034623 0.7810294 0.68575877
7 0.0019894084 0.22701187 0.6039143 0.31887394 0.6843645
13 0.0019883433999999998 0.44155502 0.37600484 0.48387640000000004 0.4102023
13 0.0019596 0.30088159999999997 0.6142001 0.35477164 0.70969343
13 0.0019458752 0.21188372 0.6250511999999999 0.27555943 0.672646
13 0.0019449714000000001 0.38299823 0.6235316 0.42787296 0.66492736
8 0.0019159876999999999 0.7050162 0.5537594 0.8342574 0.68741333
9 0.0019053044 0.21604456 0.6187636999999999 0.27933764 0.6653518
2 0.0018149245999999999 0.2164893 0.615495 0.29199558 0.6567505
11 0.0017700978 0.22560945 0.61735517 0.26640826 0.6709614
8 0.0017165297 0.72650427 0.5966229000000001 0.8052549 0.6720164000000001
13 0.0016634609 0.8405493 0.63809603 0.9417468000000001 0.7023294
8 0.0016598962 0.13830747 0.6097193000000001 0.20189391 0.6671013000000001
12 0.0015836795000000001 0.22869562 0.61005807 0.31962323 0.6705744
13 0.0015163035999999999 0.21594684 0.6474645 0.27914122 0.6834679
8 0.0014804723000000001 0.89393306 0.13885008 0.9646698 0.24668561
8 0.0014550547 0.021945037 0.813395 0.10560044 0.94343174
13 0.0014278156 0.23558438 0.6118185 0.29543948 0.7020086
1 0.0014099984 0.23224041 0.623871 0.30311677 0.6741301
13 0.0013975807 0.51381874 0.38158894 0.5521393 0.40665987
11 0.0013875273 0.72503144 0.60664773 0.7746193 0.6836624
1 0.0013532370000000002 0.31464000000000003 0.6258263000000001 0.37497329999999995 0.66616184
3 0.0013184389000000002 0.52032787 0.36936894 0.54402345 0.41396087
11 0.0012916514 0.25399387 0.6072094 0.30878073 0.67441386
13 0.0012530485 0.09132442 0.6441778 0.1747289 0.69484454
4 0.0012294483999999999 0.24942207 0.6070808000000001 0.32325440000000005 0.6774049
13 0.001200774 0.69112384 0.59515697 0.7700664 0.65682536
6 0.0011978557 0.7106621999999999 0.6191166 0.7921179 0.670744
13 0.001195041 0.06944143 0.6252703000000001 0.13985807 0.6799576999999999
8 0.0011904036 0.6093993000000001 0.05151563 0.87711024 0.3256452
2 0.001188913 0.3018118 0.60307735 0.37052613 0.6620523
13 0.0011883511999999999 0.032239575 0.62538475 0.08939448 0.66133523
5 0.0011710131 0.18703805 0.6309812 0.29104352 0.66528326
5 0.0011591036 0.23977967 0.6261079 0.3499377 0.6691415
9 0.00114956 0.73231864 0.58277136 0.78460026 0.66156554
2 0.0011462892999999999 0.28614283 0.6094904000000001 0.3613764 0.6577850000000001
7 0.0011459392 0.33361918 0.6125552 0.4041832 0.67495304
1 0.0011378611999999998 0.20311052 0.62758666 0.26847553 0.6681199000000001
13 0.00113722 0.29218397 0.623253 0.34217092 0.70734483
5 0.0011017789 0.20819959 0.65081817 0.29451302 0.6980316999999999
7 0.001101675 0.20170483 0.6122628000000001 0.28020266 0.6823357
5 0.0010918247 0.30199876 0.6269276 0.38751903 0.6698536
13 0.0010801764 0.7109575 0.5934461999999999 0.76617944 0.67411315
8 0.0010765134 0.6193755999999999 0.09868292 0.88275564 0.47164977
13 0.0010677013 0.28914186 0.6468251 0.35244307 0.6904796999999999
6 0.0010583882 0.21292655 0.60912067 0.3327489 0.67130643
1 0.0010363217 0.27975222 0.62619793 0.34594765 0.6766441999999999
2 0.001015984 0.22615744 0.6399816999999999 0.30495572 0.6848662
11 0.0010157025 0.35414422 0.615586 0.39364862 0.6667418
11 0.0010070328 0.29949144 0.61171067 0.34720472 0.6747859
10 0.0009984941 0.24321574 0.60062486 0.31435823 0.66683966
1 0.0009823277 0.25627246 0.6256282 0.33148405 0.6729212
7 0.0009805831 0.30576068 0.61425066 0.38362179999999996 0.68210703
2 0.0009772882 0.031862855 0.6149533 0.10422079 0.6574281
8 0.0009713156599999999 0.71079296 0.15261653 0.88659805 0.6614773
2 0.0009710974400000001 0.34501854 0.61258453 0.40406367 0.65465355
11 0.0009708623 0.24396835 0.6300358 0.29475904 0.70378304
5 0.0009610664 0.20842272 0.6291845 0.3329442 0.67689645
9 0.00094918004 0.28646603 0.6178597 0.36746046 0.6742355999999999
7 0.0009336032 0.21031661 0.6352446999999999 0.29730064 0.7029771
6 0.0009291480000000001 0.25499552 0.61096746 0.35287076 0.67351055
11 0.00092561304 0.85874647 0.62187356 0.9187115 0.7069462
6 0.000904548 0.20499478 0.6161595 0.29472992 0.6671104999999999
1 0.0009033850500000001 0.30060402 0.6286949000000001 0.36216274 0.67612153
9 0.0008900742999999999 0.2988695 0.6187159000000001 0.34341794 0.69335806
4 0.0008742667 0.7161824999999999 0.59610295 0.78182006 0.67956173
9 0.0008700327 0.27579045 0.6157678000000001 0.3441112 0.6710357
12 0.0008603168499999999 0.29470032 0.6065244000000001 0.37781167 0.6667903000000001
2 0.0008553025999999999 0.43294823 0.36708775 0.506145 0.40853164
11 0.0008498058300000002 0.3027073 0.576919 0.33938015 0.69559467
11 0.0008488502999999999 0.7396653 0.5603303000000001 0.7816263000000001 0.6718829000000001
5 0.0008467398599999999 0.67396873 0.6197651 0.78850824 0.6689666999999999
8 0.0008422353 0.06557326 0.45623383 0.30377722 0.88971955
8 0.00084036787 0.6134502 0.14435737 0.84288377 0.6143327
9 0.0008302701 0.30200303 0.6187058000000001 0.38956213 0.67021936
11 0.0008288123599999999 0.7212293000000001 0.55546933 0.7629461 0.67307913
13 0.00082387147 0.8204127 0.6224692 0.91415125 0.69006234
3 0.0008215802 0.03291195 0.5988710999999999 0.07911919 0.6391018
5 0.00081729307 0.32529944 0.62930316 0.40913975 0.66858846
9 0.00080444093 0.24669945 0.61461186 0.30306578 0.6842782
6 0.0008028064 0.2719551 0.610999 0.40139166 0.6726371
9 0.00079491746 0.23172668 0.61676246 0.2816436 0.68543017
8 0.0007942212 0.010225422 0.6118406 0.033507068 0.6527374
1 0.0007823363 0.34159708 0.6308676999999999 0.39094615 0.66758597
2 0.0007789308 0.71261454 0.577191 0.791983 0.6296545
9 0.0007709489999999999 0.33371556 0.62030697 0.38967824 0.668771
3 0.00076769985 0.4453775 0.3626922 0.47299309999999994 0.41098204
10 0.0007612116999999999 0.7058343 0.6020074000000001 0.78719133 0.66987085
12 0.0007605765 0.7152955 0.57303715 0.7895126 0.6558121
13 0.0007604930400000001 0.85641617 0.6198918999999999 0.9646650999999999 0.68688536
6 0.0007537430499999999 0.31132376 0.619008 0.39313442 0.6704391
11 0.0007529782 0.2360428 0.57858735 0.28045422 0.7015285
2 0.0007485554 0.72364646 0.5853234 0.7872686 0.6775436
12 0.0007434888 0.21645734 0.6133483000000001 0.2893485 0.66639364
4 0.00073683815 0.31523743 0.6027968 0.38176385 0.6743893
10 0.0007355326 0.23498552 0.636981 0.30431822 0.6929385
4 0.0007332447999999999 0.23362257 0.6339964 0.3004347 0.7005736
9 0.0007331574 0.34670368 0.6228627 0.4090689 0.664553
13 0.0007137521 0.82162505 0.6356392 0.96933335 0.7502913
2 0.0007133481599999999 0.7052189999999999 0.60639966 0.79096824 0.6610275
1 0.0007008622 0.70864505 0.62358207 0.77403563 0.6676951
7 0.00068776007 0.69325286 0.6057049 0.7803512 0.6828024
7 0.0006846902 0.71823794 0.57446575 0.8071849 0.6596008000000001
11 0.0006763164 0.042841032 0.6067673000000001 0.08828623599999999 0.6732634
4 0.0006717213 0.73631585 0.58829194 0.799592 0.68347937
3 0.0006683087599999999 0.6886725 0.5865916999999999 0.7327375 0.6499864000000001
11 0.0006601742 0.23638506 0.6125198000000001 0.28693372 0.6749986
7 0.0006450361 0.2725338 0.59325856 0.34855154 0.71729153
1 0.00063977554 0.71573645 0.589653 0.77452856 0.6608042
8 0.0006363768 0.101594225 0.6113479 0.39205235 0.91167176
11 0.0006348321299999999 0.08453001 0.61364055 0.122457325 0.676399
4 0.00061554334 0.29456574 0.606974 0.36293733 0.67215914
6 0.0006070242 0.22036299 0.6461404000000001 0.30752440000000003 0.6936517
4 0.00060591253 0.3552657 0.6141641 0.40753332 0.66718894
3 0.00060059514 0.28910464 0.60891324 0.34097475 0.64026874
1 0.0005906015 0.6992118 0.59664744 0.76160675 0.6454143
6 0.0005885535 0.6931419 0.5878791999999999 0.7867746 0.6504484
9 0.0005862271 0.72260433 0.59110296 0.8098801 0.6457056999999999
11 0.00058439 0.39334378 0.6189458000000001 0.42574158 0.6626291
13 0.0005821930000000001 0.36160493 0.62447274 0.41445756 0.66683143
9 0.00058039447 0.71746343 0.61328804 0.78818625 0.6614137
1 0.0005731431299999999 0.37593645 0.6296951 0.42399799999999993 0.65816355
11 0.0005607289499999999 0.7423006999999999 0.6082013000000001 0.7930996 0.68490773
4 0.0005528423400000001 0.22273265 0.6140426 0.28388408 0.67283326
7 0.0005524513 0.102776185 0.6021638000000001 0.18886043 0.68272585
3 0.0005522416000000001 0.7046071999999999 0.5862975 0.7653479000000001 0.65917987
10 0.0005491954 0.21204963 0.6142514 0.27988923 0.6603832
13 0.00054598995 0.51986647 0.3759203 0.5655638000000001 0.41226277
11 0.00054268 0.2320242 0.63210034 0.27738333 0.70443326
5 0.00054172426 0.68826413 0.59865564 0.77587247 0.6647812
5 0.0005392879 0.009730775 0.6317347 0.09705025 0.6640366
13 0.0005333566999999999 0.22634785 0.61552984 0.28018478 0.69828224
10 0.0005277423 0.727645 0.5548313 0.7808172 0.662441
9 0.0005263713 0.23034927 0.64406526 0.30342528 0.6884292
11 0.00052330823 0.25746882 0.5770363000000001 0.29999852 0.6954291
12 0.0005100961 0.72130835 0.58010083 0.8063371 0.6408119000000001
9 0.0005075565 0.3127698 0.6187588 0.36406700000000003 0.6893739000000001
5 0.0005059882499999999 0.82646936 0.63850087 0.9317339 0.6973894
2 0.00050190365 0.5035175000000001 0.36743337 0.57383466 0.40740296
8 0.0004986526 0.21631256 0.5913324999999999 0.37136236 0.7005244
7 0.000496736 0.23061621 0.59680486 0.30160344 0.7087825
12 0.0004955606400000001 0.33823502 0.6141098 0.40468472 0.66018784
13 0.000491918 0.61506045 0.0 0.95626616 0.5258691999999999
5 0.0004890991 0.36964375 0.63430494 0.43681679999999995 0.6631071
11 0.0004866186 0.098806255 0.62928486 0.15158135 0.70760983
5 0.0004850623 0.06595509 0.64991057 0.1621425 0.69957846
5 0.00047759624 0.7021148 0.61526215 0.7859349 0.6944967
13 0.00047717892 0.078672275 0.649373 0.14052647 0.6880607
2 0.00047395707000000005 0.003219016 0.8003091 0.19976106 0.95408994
12 0.00047133529999999997 0.7274014 0.61027294 0.8094268 0.659578
7 0.00046846255999999993 0.058277097 0.6106968 0.13423770000000002 0.6835414000000001
7 0.00046722782999999995 0.069731124 0.6302498000000001 0.15475014 0.70726883
5 0.00046251997 0.7851332 0.6416525 0.954516 0.75840104
2 0.00045964449999999995 0.38549882 0.61826646 0.43688315 0.6535105999999999
7 0.00045955862 0.29232034 0.59147155 0.36326679999999995 0.71022385
9 0.000455175 0.734727 0.6049908 0.78682363 0.6813324000000001
11 0.00045353142 0.8554493000000001 0.54103494 0.9954635000000001 0.7461818
6 0.00044230802 0.32757777 0.6159231 0.41588324 0.6669616
9 0.0004393152 0.042446934000000006 0.8441421 0.1884011 0.953686
5 0.0004303249 0.0458755 0.6303101999999999 0.15060613 0.6702528
13 0.0004298702400000001 0.16028878 0.619807 0.20960029999999996 0.67227054
5 0.00042964447999999995 0.27118146 0.6334719 0.34519482 0.6938166
12 0.0004228452 0.26782456 0.6087629 0.35400006 0.6648491999999999
13 0.00041967636 0.088625245 0.6240033 0.1456129 0.71162426
11 0.00041403025 0.11658202 0.6273023 0.17186402 0.7044089
10 0.00041076317000000005 0.22413409 0.642484 0.2870311 0.6953670999999999
8 0.00040965568 0.05749172 0.56753474 0.19311824 0.70486337
2 0.00040947491999999996 0.24334653 0.5882094 0.30287677 0.6738648
4 0.00040854453 0.10938852 0.6241153 0.17660111 0.7064133
7 0.00039824057999999997 0.7331085 0.5956553000000001 0.9914881 0.7820887
4 0.000393361 0.7331127 0.56386364 0.7877363000000001 0.67147595
8 0.0003900631 0.050898463 0.25207840000000004 0.31826377 0.8727386999999999
10 0.00038957807999999997 0.34952238 0.6087245 0.40801802 0.66493374
4 0.0003767037 0.7441148 0.57401705 0.80048615 0.6544260000000001
5 0.00037486373999999994 0.22446504 0.63774747 0.30989906 0.7036904
7 0.00037366577000000003 0.21365196 0.5912558000000001 0.28703916 0.7171550999999999
4 0.0003729318 0.728414 0.58340293 0.7883443 0.70500666
10 0.0003656720200000001 0.1048854 0.6311689 0.1747703 0.6920937
7 0.0003630508 0.71824104 0.5542186 0.7886749 0.6907098
13 0.00036169922999999994 0.024151407000000003 0.59895104 0.0813129 0.6443799
11 0.00036114803999999994 0.719341 0.5893076999999999 0.75840765 0.6502098000000001
8 0.00035858602 0.30178756 0.621987 0.3534279000000001 0.69084525
11 0.00035771306000000004 0.83947515 0.6046278 0.8945898000000001 0.6757057
1 0.0003571839 0.7248019 0.62329984 0.7908689 0.6713524000000001
11 0.00035654444999999997 0.05639373 0.8036653 0.15519497 0.9817949
9 0.00035360115 0.71642387 0.5813957 0.763649 0.6633589
1 0.0003509845 0.21278772 0.62223005 0.27485573 0.6830208999999999
2 0.00034733127999999995 0.07769804 0.61373484 0.14810435 0.6572140999999999
3 0.00034696714 0.62744695 0.07938348 0.956206 0.34069386
7 0.00034077300000000005 0.018801555 0.6127825 0.0883795 0.6690351
7 0.00033524146 0.37668616 0.6205616 0.43145329999999993 0.6669055
8 0.000332905 0.68660367 0.594209 0.734053 0.66652167
1 0.00033017027 0.71895784 0.6149906999999999 0.77757746 0.6917066
1 0.00032508586 0.29504868 0.6217736999999999 0.35041317 0.6852433000000001
7 0.00032484327999999997 0.27117579999999997 0.6372246 0.35389899999999996 0.7037119000000001
6 0.00032400806 0.08269393 0.6090525 0.21705735 0.67676276
7 0.00032253462000000004 0.83187157 0.63117087 0.9257075000000001 0.7116649
11 0.00032160658 0.8453039000000001 0.62123466 0.90292954 0.7069405
1 0.00031904773999999995 0.11368325 0.63074315 0.17793655 0.676546
10 0.0003177359 0.71540827 0.5775942 0.7924996999999999 0.64065295
11 0.0003173915 0.86444205 0.6066312 0.9257168 0.6753368000000001
1 0.00031695387 0.05954888 0.62873846 0.12773307 0.6709876
1 0.00031641385 0.7831621999999999 0.6298623000000001 0.9449757 0.7269634
10 0.00031611396 0.39404559999999994 0.61817044 0.43914336 0.6603382
6 0.00031440778 0.37478015 0.6238168000000001 0.442014 0.6587693
4 0.00031027474 0.7225458 0.57723266 0.7796115 0.64927465
9 0.00030933862 0.040034600000000004 0.60077184 0.09910039999999999 0.63933885
11 0.00030786467999999997 0.09453688 0.58045983 0.13534407 0.6998164000000001
12 0.00030550794 0.85514975 0.6036548 0.9501833000000001 0.67537767
2 0.00030100462 0.1148268 0.60448915 0.1834338 0.66257685
8 0.00030096542 0.062680826 0.1505555 0.30545175 0.6470583000000001
10 0.00029872439999999997 0.30730125 0.59694153 0.3776454 0.6701036
8 0.00029700785 0.7112746 0.0982073 0.9079013000000001 0.45526490000000003
4 0.00029676498 0.04143548 0.6213611 0.08687502 0.6673326
2 0.00029658867 0.10002975 0.6353849 0.17805485 0.6850988
2 0.00029254932 0.8144121 0.578793 1.0 0.7148800000000001
9 0.00029101825 0.110326 0.6136067 0.15844533 0.6877880000000001
12 0.00028677375 0.23119803 0.5967382 0.298656 0.6799069999999999
3 0.00028255403999999997 0.6227602 0.1303117 0.94323397 0.48608828
4 0.0002819957 0.061039555999999995 0.6153875 0.10828304 0.6723526
9 0.0002812629 0.07076445 0.61585647 0.13877109 0.6702051
6 0.00027939702999999996 0.05704158 0.61464703 0.16269325 0.6725217
8 0.00027867794 0.5983815 0.23913879999999998 0.8377031999999999 0.8948036
1 0.00027859740000000003 0.06827698 0.6231331999999999 0.13405204 0.68221545
2 0.00027692923 0.28887182 0.5889492 0.35653716 0.666743
6 0.00027642142999999996 0.07438181 0.6428981 0.17585050000000002 0.6954036
8 0.00027510314 0.2831945 0.6066891999999999 0.33393076 0.64867663
4 0.00027497407000000003 0.22135302 0.63861454 0.28077003 0.6979470999999999
5 0.00027376517999999996 0.6616306 0.59923124 0.7896188000000001 0.6413358
4 0.0002726947 0.25337178 0.6030772 0.30550700000000003 0.69208264
5 0.00027164613 0.07218756 0.6303584 0.1493165 0.6976614000000001
13 0.00026744304 0.6667104 0.5994815 0.72257125 0.64402246
8 0.00026698544 0.13345313 0.42949268 0.526029 0.86055243
11 0.0002659531 0.3215965 0.57832617 0.35897118 0.68744445
2 0.0002633614 0.28789309999999996 0.6383880999999999 0.36710426 0.68503934
4 0.00026115318 0.08739696 0.6287821 0.16002476 0.7022939
6 0.00025613884999999996 0.50711936 0.3835032 0.5493998999999999 0.4126103
12 0.00025420878 0.29011750000000003 0.59149915 0.36340952 0.6751435
3 0.00024904124 0.30454266 0.62942785 0.3590448 0.6836468000000001
5 0.00023863902999999998 0.29047209999999996 0.6357001999999999 0.36134654 0.6982727
9 0.00023695517999999997 0.38877073 0.62560225 0.43566403 0.66292757
2 0.00023371830000000002 0.036686406 0.58665216 0.10198070000000001 0.6302574000000001
4 0.00023342481 0.3335009 0.61469114 0.38590285 0.6659864000000001
10 0.00023340078999999997 0.25830984 0.57475215 0.30584937 0.69063914
