3 0.9915285 0.6011715 0.63261056 0.7195351 0.6940389
3 0.97706497 0.82328445 0.60278875 0.9302464 0.66907614
3 0.87372607 0.11395666 0.6490306 0.16419578 0.69760984
3 0.8484716 0.047553405 0.67093354 0.113747045 0.7105994000000001
3 0.6182013000000001 0.74032974 0.6120504 0.82207024 0.6672416
3 0.41063392 0.05462733 0.80372036 0.59135973 1.0
8 0.22980411 0.11323197 0.6432485 0.16897003 0.69934756
8 0.1662469 0.7272393 0.60690135 0.83108026 0.67345
8 0.12865882 0.037182804 0.66101253 0.12882417 0.71977407
3 0.082319275 0.10092977 0.7153929 0.6558069000000001 0.9928199000000001
3 0.022417635 0.05359259999999999 0.6578344 0.11863174 0.700521
8 0.015506795 0.83090013 0.6009764 0.9349734000000001 0.6680264
3 0.015312692 0.8056714 0.6067902 0.89355546 0.6714929000000001
8 0.015054778999999999 0.74570256 0.08163353 0.924099 0.33890990000000004
8 0.014139575 0.6820871999999999 0.103479415 0.9078598 0.3678126
3 0.010829698 0.10505291 0.6623024000000001 0.16639552 0.70547086
8 0.009890266 0.90862036 0.56803805 0.9538764000000001 0.6704722
8 0.009204641999999999 0.78574425 0.16812028 0.9362777 0.5690092
3 0.007900611 0.61884975 0.62100345 0.7209413 0.6823795
3 0.007843238 0.27094746 0.79353756 0.72177905 1.0
3 0.007740098000000001 0.86110437 0.5914158 0.9424999 0.6558321
3 0.007332666 0.7566953000000001 0.59950864 0.82246923 0.6453416999999999
8 0.0072098095 0.60813284 0.6288789 0.69524455 0.689182
8 0.006989201 0.0401798 0.652871 0.11545347 0.70840764
3 0.0052163717 0.6965929 0.042154007 0.9752997 0.35104409999999997
8 0.004817793 0.09741149 0.64356166 0.16126761 0.70684683
3 0.0048088063 0.8210413000000001 0.5883556 0.9036538000000001 0.6487873000000001
13 0.004465834 0.11789407 0.6485648 0.17717098 0.70053667
8 0.0044316985 0.8499783999999999 0.5896544 0.92971987 0.6548503000000001
8 0.004395888 0.7120116 0.010589943999999999 0.9164587 0.26117125
13 0.00425212 0.16214447 0.85131276 0.5241452999999999 1.0
8 0.0041828714000000005 0.744922 0.5951529000000001 0.8179558000000001 0.6567348000000001
3 0.004148601599999999 0.8055033 0.60136086 0.8683242 0.66343975
13 0.0038630584999999997 0.60117894 0.6452392 0.68364936 0.7043182
8 0.0035658795000000003 0.6180549 0.061214644000000006 0.88485676 0.33712190000000003
13 0.0031886590000000004 0.74242944 0.6071644 0.81961423 0.6788848000000001
3 0.003170413 0.7664923 0.03319286 0.9816 0.45137840000000007
8 0.0029835340000000004 0.048611045 0.6751670999999999 0.5466474 0.9987763000000001
3 0.002933854 0.89970726 0.5847443 0.9521931999999999 0.65659744
8 0.0025200741000000002 0.721797 0.17143258 0.90601504 0.608987
13 0.0023750341 0.057685666 0.6703413 0.13886812 0.72890204
8 0.0022419435 0.61937034 0.20895699 0.86724806 0.8913375
3 0.0021883184 0.7682032 0.61320436 0.8530639999999999 0.66942817
13 0.0021357983 0.689181 0.0 0.9788249 0.42793757
3 0.0020545707 0.91644716 0.5697906 0.9533665000000001 0.65646356
13 0.0019098421 0.8385152 0.6128675 0.94241375 0.67909145
8 0.0016099982000000001 0.8870722 0.5804986 0.9455110999999999 0.65389454
13 0.0016021981 0.8254471 0.5913064 0.92127824 0.6716411999999999
2 0.0015058145 0.12789875 0.6390861999999999 0.18910798 0.6859274000000001
7 0.0013931368 0.116429195 0.6383218 0.19005816 0.70334375
13 0.0013417143 0.8088289000000001 0.610823 0.9053068999999999 0.68132484
8 0.0013297393 0.48737929999999996 0.10792509 0.8394520000000001 0.5162104999999999
8 0.0013126227999999999 0.81380266 0.59390026 0.8840268 0.66988593
13 0.0012963933 0.62409216 0.65070915 0.71979994 0.7041457
11 0.0012808257 0.7563404 0.60263723 0.80706453 0.6755892
13 0.0012418964999999999 0.045075223 0.6735354 0.113726854 0.7191934
11 0.0012380480999999999 0.11352796 0.6402287 0.15842916 0.6990509
7 0.0012283538 0.091249526 0.63769907 0.17083338 0.7071206999999999
11 0.0011435346 0.6077704 0.6285563 0.66632324 0.70089835
11 0.001131692 0.82317215 0.6008548 0.88122195 0.6819069000000001
2 0.0011117965 0.7482363000000001 0.6001841 0.8331995999999999 0.66144854
11 0.0010605949 0.13577145 0.64084464 0.17971529999999997 0.6961075
9 0.001005917 0.84203005 0.59088826 0.92816067 0.6519523
3 0.0009902308 0.76356375 0.055381375999999996 0.98894227 0.27740690000000007
4 0.0009879434 0.139623 0.64555234 0.19114943 0.6990092
1 0.0009701734 0.7461026 0.6268724 0.817006 0.67484903
1 0.0009546611 0.096369505 0.65823257 0.16085294 0.6971212
1 0.0009544286 0.12179551 0.6605993 0.17175052 0.69591767
13 0.0009325128 0.8582563 0.592396 0.9492609000000001 0.6621418
11 0.0009314178999999999 0.7738889 0.60082656 0.82464665 0.67527455
8 0.0009309330999999999 0.07698558 0.6477064 0.15257122 0.72323287
11 0.0009154935 0.8536823 0.58439714 0.9082966 0.6525531999999999
7 0.0008613661 0.8284187 0.57868034 0.92540556 0.6609862
9 0.0008558510499999999 0.12825052 0.6536639 0.19435339 0.69317806
8 0.000851324 0.037998437999999995 0.50030357 0.20322973 0.93065834
8 0.0008352158 0.7986189 0.5695365 0.94362116 0.689997
8 0.00081738 0.9240959999999999 0.52217495 0.9830815999999999 0.6880147
9 0.0008076091000000001 0.112586245 0.6502871 0.17481516 0.69436944
3 0.0008031741000000001 0.0774628 0.6644045 0.14787045 0.7124836999999999
2 0.00079791213 0.109575674 0.64303416 0.1788926 0.68362176
1 0.0007746373 0.5875663000000001 0.65795434 0.66444784 0.6968599
8 0.0007716469 0.9322429 0.5790599 0.98005974 0.66180485
12 0.00076645915 0.11472157 0.64246625 0.18918097 0.6882203
12 0.0007545889 0.8366680000000001 0.5721038 0.9363651 0.64642876
5 0.00074741547 0.08132703599999999 0.65708804 0.17825566 0.6943029000000001
8 0.0007410637299999999 0.048117146 0.3250659 0.38007587 0.89361405
7 0.00069086044 0.84391814 0.59478307 0.93617934 0.68552274
8 0.0006787227499999999 0.7286587 0.26390052 0.9116998 0.8906566999999999
10 0.0006785502000000001 0.7604506 0.593019 0.83612204 0.67598444
7 0.00067579723 0.7358161 0.59764075 0.83518314 0.68472475
2 0.0006670228299999999 0.06507222 0.65589505 0.13996905 0.719734
1 0.0006605722 0.8232917 0.59341824 0.9135110000000001 0.6461236
5 0.0006450193 0.586287 0.6447389 0.68226755 0.6938549
13 0.00064144644 0.20744303 0.82212204 0.58984876 1.0
8 0.0006405102999999999 0.89514387 0.25689328 0.9746715 0.7651498000000001
10 0.0006362893599999999 0.12846354 0.636126 0.18872401 0.69131166
3 0.0006361104 0.8085460999999999 0.58985883 0.872482 0.63722676
9 0.0006349511 0.7451793999999999 0.62311196 0.81646657 0.6675592
11 0.0006336933599999999 0.08914744 0.6455529999999999 0.14153329999999997 0.7301486
8 0.0006239604599999999 0.7988006999999999 0.5898536 0.86206996 0.6692335
8 0.0006227361 0.09302832 0.81212693 0.46686453 0.99171525
9 0.0006208929 0.7596403 0.6206911999999999 0.8391255999999999 0.66746455
5 0.0005996706299999999 0.70552725 0.62563825 0.82716876 0.67307836
10 0.00057509175 0.74572724 0.6025145000000001 0.81978935 0.66996604
13 0.00057470554 0.76073027 0.0132586425 1.0 0.41041076
8 0.00057314226 0.030444673999999998 0.6432656999999999 0.1874274 0.888099
6 0.0005716245 0.10723517 0.6436485 0.19738498 0.6947074000000001
8 0.00057131634 0.056790999999999994 0.6450779000000001 0.28559840000000003 0.8783696
8 0.00056786824 0.75389385 0.5722721 0.91500425 0.6989129
13 0.00056775706 0.03891304 0.7307861 0.64407885 1.0
7 0.0005639589499999999 0.5830978 0.63208705 0.6725899999999999 0.7145866999999999
11 0.00055920245 0.06998581 0.65417856 0.12067777 0.7319770999999999
13 0.0005520053700000001 0.08980115 0.6577824000000001 0.15511218 0.7034138000000001
8 0.0005514682 0.79766107 0.06538622 0.93630266 0.21037608
6 0.0005511471499999999 0.7222171 0.6139233000000001 0.8374646000000001 0.6696294
7 0.0005460856 0.7946995 0.5962041 0.8935841 0.69283074
13 0.0005427947 0.46121049999999997 0.0 0.9545988999999999 0.5516661
4 0.00053703674 0.08204507 0.656313 0.14230227 0.7339262
4 0.00053283054 0.75879645 0.60320187 0.83249426 0.67894673
2 0.0005256009 0.84798175 0.5732809 0.93710774 0.6337363
12 0.0005159699 0.74711305 0.61216736 0.83864075 0.6685541
13 0.0005157245 0.6053284000000001 0.6290406 0.6987992 0.69477516
13 0.00051411684 0.9044778 0.5835746999999999 0.9636046 0.6709175
8 0.0005055342299999999 0.07709089 0.6579732 0.41192463 0.9677696
12 0.0005012888599999999 0.25052297 0.79080755 0.5238479 0.9982665000000001
10 0.0004966010500000001 0.08484865 0.6538381 0.15271908 0.7224571
5 0.00049487903 0.014256537 0.6826505999999999 0.11734760000000001 0.7191321999999999
11 0.0004901053 0.8777598 0.5981755999999999 0.92683065 0.6753246999999999
6 0.00047806050000000005 0.58327305 0.64457333 0.7008724000000001 0.69452465
13 0.00047722045999999994 0.76943153 0.04463836 0.96316284 0.21833913
8 0.00047481566 0.63346434 0.17194653 0.85724664 0.6307583999999999
1 0.0004574708 0.646007 0.65350866 0.7193031999999999 0.6981955
11 0.00045551517 0.057138056 0.65847546 0.099974975 0.7320746
9 0.00044580916 0.06478098 0.6770222 0.13026987 0.72255737
8 0.0004456244 0.13989379 0.6473641 0.19013079 0.6889068
8 0.00043593452000000005 0.92772967 0.56696934 0.96704787 0.6765353000000001
10 0.00043372318 0.8614155000000001 0.5932588000000001 0.94223344 0.6677364
13 0.000430565 0.7176905 0.6142433 0.79379684 0.6712659000000001
12 0.0004269024 0.650061 0.63961744 0.72022355 0.6947549
6 0.00041848962 0.8151393 0.581041 0.9435741 0.6511389
9 0.00041826357000000004 0.07908924 0.67664653 0.15173136 0.7218975999999999
10 0.00041308484 0.8386806999999998 0.575446 0.92168766 0.64085907
7 0.00040865544000000004 0.62779313 0.62918955 0.71446055 0.71363
4 0.0004065744 0.11562995599999999 0.64436895 0.17527209 0.6947964
1 0.00039112283 0.096787125 0.8576729999999999 0.49447963 1.0
9 0.00038790083 0.05365925 0.6786569 0.11116147 0.7183014
8 0.00038370857 0.7652374 0.6003132 0.8509595999999999 0.67689186
5 0.00037086412000000005 0.7871196 0.61729 0.91231227 0.6722665
3 0.000366803 0.7848968000000001 0.59338313 0.85330814 0.6393283000000001
5 0.0003660614 0.8133736 0.6012900999999999 0.9293749 0.6506666999999999
1 0.00036112154999999997 0.85501295 0.6266094 0.93855006 0.67839295
4 0.00035899825 0.86099654 0.5905934 0.9447532 0.6686525
11 0.00035807025 0.8547966999999999 0.599942 0.910225 0.6762997
10 0.00035551612 0.78290814 0.58823264 0.8498209000000001 0.6824591999999999
12 0.00035400482 0.86130387 0.6091970999999999 0.944485 0.66883975
1 0.00034932413999999996 0.7997917 0.6268646 0.88654566 0.6749271
13 0.0003476269 0.047021385 0.6526725999999999 0.12018780400000001 0.7090774999999999
11 0.00034318885000000004 0.7915684000000001 0.59422266 0.8432535 0.67381346
2 0.0003338287 0.8534513000000001 0.6039929 0.9328279 0.66763985
5 0.00032977977999999996 0.035257767999999995 0.6820636999999999 0.15149485 0.72771335
2 0.00032764455 0.05083949 0.66888165 0.115913205 0.7094552
10 0.0003275071 0.6010496999999999 0.6453121 0.6792901 0.69460166
4 0.0003267286 0.6449019 0.62073976 0.7244036 0.6905039000000001
12 0.0003241153 0.6221029 0.6341995 0.6873531999999999 0.6952638000000001
1 0.00031932155 0.061439067 0.6831008000000001 0.12907821 0.72519696
12 0.00031893564 0.6239157 0.60677654 0.7118595999999999 0.6718861
13 0.0003177072 0.31550938 0.8137788 0.7192221 1.0
1 0.00031753976000000004 0.075985774 0.6527270000000001 0.14474189999999998 0.69259167
8 0.00031545849999999997 0.9066396000000001 0.2846891 0.98384523 0.40321812
4 0.00031239862 0.78306884 0.59930766 0.8467415999999999 0.6842741
13 0.00031151457000000004 0.83871377 0.6040247 0.9085909 0.69821864
6 0.00030795493999999997 0.7355839 0.610256 0.87060165 0.67673254
13 0.00030576604 0.87976545 0.5954469 0.9599412 0.6513707
6 0.00030384693 0.05060795 0.6768644 0.16184485 0.7255100999999999
5 0.00029881563 0.83767545 0.61289984 0.90590954 0.70250666
4 0.00029635328 0.06307572 0.6623941 0.13057616 0.7345716999999999
6 0.00029509860000000003 0.08419147 0.83762467 0.6315944 0.9847450000000001
8 0.00029249517999999997 0.7018308000000001 0.5784523 0.85205346 0.69717056
7 0.0002920749 0.043572396 0.65806806 0.12622273 0.73621255
3 0.0002919824 0.80673087 0.58600473 0.94396126 0.6755055999999999
4 0.00029139305 0.8466545 0.5748217 0.9299603999999999 0.6460481
2 0.00028531313999999997 0.605792 0.6311023 0.68560547 0.6810313
5 0.00028381529999999997 0.8397266999999999 0.6204105999999999 0.9500959999999999 0.6792057
10 0.00028267968 0.6459913 0.6248553000000001 0.71673787 0.692647
11 0.00026448667999999997 0.6605920999999999 0.62899655 0.70783186 0.69219536
3 0.00026009456000000003 0.5215191 0.09458264 0.96340066 0.5449363
8 0.0002566046 0.9536046 0.5587432 0.983907 0.6751550000000001
11 0.00025218224999999997 0.86084527 0.5699347 0.90445954 0.6971443
8 0.00024703203 0.57592493 0.5921243 0.7377661999999999 0.7253877
6 0.0002417982 0.83926165 0.61362374 0.96742153 0.6736085
6 0.00023587712000000004 0.79079926 0.6132199 0.93110824 0.67261696
3 0.00023341652999999999 0.20509031 0.69540817 0.9153539 1.0
13 0.00023244685000000002 0.10138704 0.6765601 0.16488396 0.7251977
7 0.00022849279999999998 0.6182568 0.61682236 0.70295954 0.6838153
11 0.0002267833 0.74561876 0.6123947 0.79016036 0.6715682
10 0.00022503392000000004 0.81004465 0.6114427 0.9040966 0.6661235
9 0.00022032655 0.6540016 0.639231 0.7254088000000001 0.68636495
13 0.00021458918 0.7616588000000001 0.5966499 0.82777417 0.656375
2 0.00021365459999999999 0.81661737 0.60551846 0.9051408999999999 0.6571557
10 0.00021005098999999998 0.066057764 0.6601108 0.13865337 0.72308904
7 0.00020871277 0.08949718 0.82238215 0.49133804 1.0
3 0.000206664 0.60198087 0.61852974 0.6966348000000001 0.6698123
9 0.00020567580000000003 0.62903637 0.62199754 0.70843476 0.6728326
9 0.00020303046000000002 0.8649941999999999 0.6119412 0.948234 0.6656316999999999
13 0.00020252619999999998 0.89133245 0.5918711 0.9503699000000001 0.67181593
13 0.00019926168999999998 0.7463274999999999 0.6001771 0.8108833000000001 0.6554439999999999
5 0.00019895271 0.73848385 0.6237695 0.8511115 0.68042
1 0.00019520939999999998 0.048251264 0.6853078 0.11318273 0.72766894
11 0.00019273868999999998 0.6379249 0.6287368 0.6948265 0.70038414
11 0.00019062299 0.8439825000000001 0.5687979000000001 0.89093643 0.70151407
6 0.00018936997 0.6269640999999999 0.6427548000000001 0.7361673000000001 0.7017727
11 0.00018544473 0.6392828 0.61808807 0.6876128 0.6715819000000001
10 0.00017895031000000002 0.10644266 0.6407413000000001 0.17763424 0.6949809
1 0.00017766337 0.71819615 0.6257092 0.7840686 0.6663856
12 0.00017761975 0.054527945999999994 0.6672983 0.14666444 0.72010446
1 0.00017670883000000002 0.03564016 0.6872823 0.09918699 0.7216964
13 0.00017546894 0.7697114 0.616041 0.85430574 0.68186074
11 0.00016853558 0.10129058 0.637552 0.1459965 0.6963096999999999
10 0.00016808476 0.6253254 0.6106414000000001 0.69993347 0.6687677
8 0.00016552136000000001 0.7809271 0.17574795 0.92558724 0.42740429999999996
13 0.00016115665 0.8049746999999999 0.5959810000000001 0.8863976 0.664435
13 0.00016055963 0.78164774 0.60673714 0.9389101999999999 0.7272890999999999
9 0.00015962447 0.74335885 0.012510021000000001 1.0 0.334436
5 0.00015952512 0.626031 0.64561075 0.7300671 0.7033154
13 0.00015401011999999998 0.03983419 0.6574393 0.10315314 0.70453554
1 0.00015254151 0.6134483000000001 0.6229569 0.69680744 0.6707890999999999
12 0.00015227408000000002 0.27148917 0.6765344 0.58481336 0.95654666
13 0.00014990244 0.56968606 0.0 0.9867444 0.76604205
13 0.00014881871 0.79388905 0.07382313 0.9872328000000001 0.23941131
10 0.00014735153000000002 0.19745387 0.7992229000000001 0.5396861999999999 0.998497
7 0.00014715857 0.8615235000000001 0.5787401 0.94605565 0.6574883
10 0.00014687971000000002 0.8381704 0.5984996 0.92775726 0.66703594
11 0.00014665567 0.11453678 0.64067405 0.17216264 0.73236984
8 0.00014611184 0.94627714 0.59717876 0.9797336999999999 0.6814562
1 0.000141087 0.84037524 0.61279905 0.90121204 0.68008006
1 0.00013792486999999998 0.6277875 0.6565119 0.70533264 0.7034975
10 0.00013747101 0.86487526 0.5903376 0.9140591999999998 0.69144344
12 0.000136594 0.8286209000000001 0.5967081 0.91387224 0.67208403
5 0.00013456040000000001 0.6551951 0.10480836 0.9645771999999999 0.3335098
13 0.00013285865 0.75046176 0.0 1.0 0.5671547
8 0.00012920291999999998 0.017877646 0.7338675 0.151454 0.8679421
9 0.00012764498 0.60204184 0.6389974 0.66799676 0.696054
2 0.00012751317 0.63509125 0.62836075 0.7125998 0.69798356
7 0.00012711716 0.06921014 0.6422737 0.154916 0.7074106
10 0.00012708404 0.73405856 0.6137155 0.8025705 0.6639991
2 0.0001264088 0.69007176 0.039261658 1.0 0.38983290000000004
6 0.00012627248 0.07068393 0.6490306 0.17306027 0.6928814999999999
7 0.00012545571000000002 0.6140193 0.04226796 1.0 0.38039628
1 0.0001252665 0.82290727 0.61528426 0.8858585999999999 0.67926234
9 0.000124611 0.28558752 0.75427294 0.6237756 0.9856181999999999
7 0.00012417207 0.83205205 0.5834969 0.91145474 0.70968753
8 0.00012410438 0.30021667 0.79919577 0.6322371999999999 1.0
9 0.00012279196 0.6314856 0.63971066 0.70540047 0.68967354
9 0.00012239728000000002 0.08740303 0.69557106 0.6043048000000001 0.9944311
8 0.00012222867 0.7758143 0.10705141 0.91800356 0.23369344
9 0.00012083042 0.09622638 0.64896584 0.15788801 0.6970013
11 0.00011995690000000001 0.16265805 0.694447 0.58311456 1.0
8 0.00011985364 0.5673194 0.1490773 0.8262949 0.5893147
3 0.000118052056 0.06341788 0.67797166 0.36134046 0.9510536
10 0.00011731362 0.76996726 0.0 0.9852901 0.38661265
9 0.00011718676000000001 0.06405957 0.6596549 0.12965088 0.6997819000000001
10 0.000116478055 0.055853482 0.67051554 0.11918068 0.7187156
7 0.00011452066999999999 0.0 0.65134495 0.6059909000000001 1.0
2 0.00011446723 0.09954709 0.6626989999999999 0.18610501 0.7146304
5 0.00011412209 0.57978666 0.07352745 1.0 0.2621147
13 0.000114044 0.8143531999999999 0.6018368000000001 0.8778485999999999 0.7060736999999999
11 0.0001139308 0.23035229999999998 0.8203715 0.45000994 1.0
5 0.000113249574 0.08128165 0.67979413 0.16067304 0.7320338000000001
13 0.0001118181 0.043621927000000005 0.6911219 0.45707986 1.0
4 0.00011141261999999999 0.048451968 0.6656746 0.112656645 0.72567177
9 0.00010869026000000002 0.81708294 0.6112236 0.8958978000000001 0.67647105
8 0.000106274805 0.776204 0.59144306 0.8407775 0.64668393
3 0.000106171145 0.063207656 0.5450085 0.41364852 0.9559215
3 0.00010502583000000001 0.12807587 0.46294826 0.532284 0.93385106
10 0.00010488077 0.7926509 0.0 1.0 0.45753193
9 0.00010393212 0.82323426 0.021097183 1.0 0.40616408
4 0.00010249614 0.630421 0.6073535 0.7143325 0.66539663
4 0.00010088146999999999 0.17246178 0.79318124 0.5966140999999999 0.9807818000000001
1 0.000100660254 0.7444746999999999 0.5962533 0.8085979999999999 0.6346949000000001
3 9.941408000000001e-05 0.14571476 0.6487741 0.19634736 0.68879634
8 9.815496e-05 0.046146125 0.18215853 0.28066784 0.88289106
2 9.7931435e-05 0.7304931 0.6092703 0.8123459 0.65100783
3 9.723425999999999e-05 0.048747547 0.56320786 0.22727531 0.95955956
10 9.670540999999999e-05 0.26015815 0.7098673000000001 0.5923753 1.0
3 9.619981e-05 0.035838768 0.6908306 0.20899455 0.91509765
5 9.557472e-05 0.13902357 0.81504023 0.5324422 1.0
9 9.287763e-05 0.7631886999999999 0.60053444 0.83124375 0.64430016
9 9.203724e-05 0.21560958 0.8214305000000001 0.51872313 0.9723938
12 9.144372e-05 0.6933196999999999 0.0 1.0 0.24888992
1 9.093142e-05 0.5989838000000001 0.06774395 0.9126956 0.27918175
9 9.0289366e-05 0.8748549000000001 0.5886295 0.95380855 0.64506274
8 8.956533000000001e-05 0.6780497 0.015031893999999999 0.89470685 0.18822941
13 8.7966975e-05 0.8025331 0.5944444999999999 0.8540030000000001 0.68185455
4 8.566221e-05 0.59543484 0.6366104 0.6886839 0.6953220999999999
6 8.534569499999999e-05 0.610341 0.61315644 0.7202284999999999 0.6747288
13 8.530211e-05 0.073995665 0.6153683000000001 0.54675657 1.0
7 8.401719999999999e-05 0.073252894 0.66063863 0.16973194 0.7405526
12 8.2017374e-05 0.032924026 0.5530604 0.6647446 0.94875973
10 8.1865284e-05 0.84604603 0.59902614 0.9007738000000001 0.68559086
13 8.0022226e-05 0.8057793000000001 0.6118640000000001 0.85611004 0.70303196
