3 0.9962716999999999 0.38865554 0.31789290000000003 0.6105221 0.46741226
8 0.9588781 0.6668565 0.33994165 0.9801921999999998 0.6606339
3 0.95256585 0.31939936 0.32593718 0.39743465 0.4202166
3 0.45135626 0.68247133 0.18913871 0.96620136 0.7098626
8 0.42694476 0.5613294 0.28161517 0.9639979999999999 0.81749326
3 0.41531557 0.2545054 0.33027446 0.31055492 0.40967265
8 0.3122656 0.6234138000000001 0.2668124 0.95773923 0.6195629
3 0.22973025 0.051353786 0.31666702 0.13266891 0.35612112
8 0.22734718 0.24891624 0.3271632 0.31655659999999997 0.41509250000000003
8 0.13332639999999998 0.6859329000000001 0.31203163 0.99842083 0.86114144
8 0.11759761 0.03913905 0.31362233 0.13323772 0.36407274
8 0.11043387 0.23735630000000002 0.33004406 0.29577994 0.3972091
8 0.05929434 0.30997857 0.33913909999999997 0.39100644 0.42684814
3 0.05303988 0.63485813 0.31984159999999995 1.0 0.65524155
3 0.03214993 0.5333985 0.26720905 0.9731803 0.69712913
3 0.02337193 0.2938215 0.32282615 0.35770857 0.41023284
8 0.020128233 0.015405782 0.31805520000000004 0.09447021 0.36549473
3 0.019653052 0.026956803999999997 0.32126436 0.101972185 0.36272454
3 0.018106302 0.33628600000000003 0.32235694 0.43612415 0.41402364
3 0.01448147 0.89617676 0.20737366 0.9939051 0.2959491
3 0.01432905 0.8379716999999999 0.20655495 0.9962598 0.31879250000000003
8 0.011151636999999999 0.3976528 0.3083035 0.6236977 0.4821107
8 0.009376563000000001 0.8881396999999999 0.21821825 0.9798143 0.29096183
8 0.007925989 0.45652464 0.20312087 0.88778734 0.8278802
3 0.007390998 0.30467513 0.29939684 0.41530207 0.41658524
8 0.0065934528 0.8110161 0.20789878 0.98447895 0.33682290000000004
3 0.0059827846 0.24830714 0.33391157 0.297623 0.39550486
8 0.0059367055 0.6470001 0.28552428 0.8827478999999999 0.75833946
8 0.0058995676 0.29993844 0.28575945 0.42715859999999994 0.43879345
13 0.0057671415000000005 0.23880629 0.34119684 0.31629297 0.40095929999999996
13 0.004934238 0.5350727 0.36568743 0.9978882 0.60288817
13 0.004878363 0.43219256 0.36844444 0.64441407 0.48676836
3 0.0046516107 0.32374978 0.29743794 0.46360500000000004 0.41539362
13 0.004501215 0.38149762 0.35580029999999996 0.57551974 0.49351190000000006
13 0.003428632 0.30462918 0.36035118 0.40271488 0.42231134
2 0.0032093234 0.24958083 0.32991909999999997 0.33857462 0.38127009999999995
13 0.0029215816999999997 0.24710695 0.36548242 0.32103193 0.41337404
3 0.0028945384999999996 0.6199919 0.31041756 0.9653560999999999 0.85491735
7 0.0026777706 0.23770195 0.3245926 0.3315677 0.41484573
5 0.0026184218 0.3899045 0.40222248 0.9277610999999999 0.5932569999999999
13 0.0024487593 0.89223725 0.2158239 0.9917347 0.27806404
8 0.0023438054999999998 0.3583699 0.25321066 0.8106331 0.8835415999999999
13 0.0022894635 0.07362235 0.31750062 0.13397142 0.36827534
13 0.0022500698 0.6511215 0.29396042 0.9652059000000001 0.67223364
13 0.0022413929 0.26320451 0.32759312 0.31826657 0.4269478
13 0.0020585475 0.533985 0.26747309999999996 0.94689333 0.57986706
13 0.0020104318 0.6796128 0.16399908 1.0 1.0
9 0.001936813 0.24983309 0.33748785 0.33873028 0.3928653
8 0.0019207292000000002 0.28810138 0.32349688 0.35826623 0.41565377
9 0.0018970534 0.6719254 0.27096279999999995 1.0 0.5192349
13 0.0016745185999999998 0.29163975 0.33455542 0.39032924 0.41566944
8 0.0016332247 0.5619419 0.24252470000000004 0.86880106 0.5880759
12 0.0016077062 0.24233006 0.32473892 0.33560485 0.38599217
8 0.0015585395 0.6838824 0.22074121 0.9402252000000001 0.4976004
3 0.0015495849 0.02824333 0.33449468 0.11275487 0.37235868
9 0.0015167429999999999 0.30318525 0.32815972 0.39801183 0.39091129999999996
13 0.0014966957999999998 0.53383684 0.44234386 1.0 0.6494907
6 0.0014924351 0.3010446 0.32169452 0.40754756 0.39987192
7 0.0014876428 0.29213279999999997 0.3437887 0.38553983 0.44047835
5 0.0014560035999999998 0.27323616 0.36600974 0.40640748 0.42634055
11 0.0014351172 0.2561756 0.33396113 0.29461643 0.39967632
5 0.0013600192000000001 0.2676844 0.34216633 0.4099812 0.39357403
7 0.0013589321 0.30407667 0.31317154 0.39117140000000006 0.41555879999999995
6 0.0013063562 0.23170884 0.3328107 0.3394353 0.39880824
8 0.0013019423 0.37433177 0.31332737 0.56263584 0.45806858
13 0.0012962169 0.7052649000000001 0.120394334 1.0 0.8041027
9 0.0012462029 0.7779744000000001 0.14785382 1.0 0.6396033
5 0.001245264 0.5468837 0.39364922 0.9238992 0.6533642
9 0.0012425276 0.6220256 0.15180646 0.91880155 0.71675086
12 0.0012329247999999999 0.6042429 0.20647126 0.9909015999999999 0.47417557
1 0.0012246436 0.24090679 0.34875417 0.30733153 0.39948928
2 0.0012098742 0.07621727 0.30880490000000005 0.14776918 0.35526323
2 0.0011960985 0.31517735 0.32541814 0.40360108 0.3818268
8 0.0011942330999999999 0.05328712 0.32503557 0.2769452 0.86790323
11 0.0011888429 0.3291173 0.34548023 0.38578212 0.44556385
7 0.0011483346 0.05861918 0.30693424 0.13948789 0.37542215
4 0.0011481411 0.3094829 0.3325011 0.38901892 0.43913640000000004
13 0.0011389467 0.33458474 0.32021433 0.40649202 0.43683735
5 0.0011225787 0.49512216 0.28741333 0.9493108 0.65817565
11 0.001119417 0.32460117 0.3317417 0.3693409 0.40405366
13 0.0011176681 0.31360602 0.32826713 0.41428196 0.41636769999999995
11 0.0011152849000000001 0.060929142 0.30395582 0.11543902 0.36909232
9 0.0011052733 0.595661 0.3429782 0.9204158000000001 0.63831526
13 0.0010629275 0.03768448 0.31447303 0.11163081 0.37140504
13 0.0010601537 0.408394 0.32896304 0.5979711 0.47867632
11 0.0010550752 0.044854134000000004 0.3060083 0.097162455 0.3676
2 0.0010344977000000001 0.7295345 0.0001733568 1.0 1.0
6 0.0010334976 0.29583332 0.35416190000000003 0.41040203 0.42376074
7 0.0010150947 0.619985 0.07245244 0.98120487 1.0
11 0.0010103068 0.6071635 0.31788367 0.8565219999999999 0.70260346
8 0.0009952979 0.069341384 0.14759175 0.31818888 0.672013
9 0.0009860174 0.5756184 0.318973 0.98668635 0.7686069999999999
8 0.0009725764999999999 0.45306396 0.26685157 0.76072145 0.6030996
13 0.00091764616 0.592795 0.14749047 0.9426838 0.7604171
5 0.0009148616 0.44441962 0.34939778 1.0 0.5087053
9 0.0008917390400000001 0.83362275 0.11592563 1.0 0.56546795
13 0.0008903332000000001 0.30352670000000004 0.3309399 0.36130744 0.43175042
12 0.0008677460000000001 0.4496352 0.28036612 0.62593144 0.43502265
5 0.0008582391 0.031307645 0.3280059 0.13332236 0.36663765
5 0.0008451422300000002 0.21182233 0.35090703 0.33425945 0.39831259999999996
1 0.0008403804400000001 0.46454206 0.29103518 0.86819136 0.5153204
12 0.0008353064999999999 0.31571950000000004 0.32368812 0.4066258 0.39943147
11 0.0008108055 0.27090812 0.33267197 0.31367564 0.40543023
9 0.0007974411999999999 0.31389720000000004 0.3520913 0.4042529 0.41619053
11 0.0007863238000000001 0.083336756 0.30253696 0.13181706 0.3655049
2 0.0007680771000000001 0.043630775 0.31014234 0.11827773 0.35143468
11 0.0007679889 0.33077878 0.29790518 0.37262255 0.41593546
1 0.00076717336 0.43983907 0.15042008 0.89284736 0.56916475
1 0.00076380884 0.6498311999999999 0.20579119 0.97152865 0.59769356
8 0.0007563655999999999 0.22282222 0.28488582 0.35242382 0.43416166
13 0.0007563602 0.32244644 0.34728098 0.39215776 0.44796625
1 0.0007543386999999999 0.29513870000000003 0.34838954 0.37830314 0.40516078
4 0.0007433894 0.26581094 0.32319933 0.32965059999999996 0.40398973
10 0.00073089864 0.08905315400000001 0.30632702 0.14927387 0.36405373
1 0.0007263239 0.47289163 0.40188820000000003 0.846826 0.6294401
3 0.0007085456 0.30254558 0.33603063 0.3677856 0.42061135
4 0.0007057272 0.31017065 0.31672516 0.39205295 0.40571356
5 0.0006984033 0.40739405 0.44876862 0.8895854999999999 0.6697307
1 0.00069505663 0.45187438 0.35831878 0.83439314 0.56524265
9 0.0006915656 0.45510920000000005 0.3171903 0.6200988000000001 0.4376923
9 0.000686211 0.7470857 0.30654234 1.0 0.9794723
10 0.0006861563 0.07143687 0.31063268 0.13737674 0.36312902
9 0.0006806116400000001 0.50191975 0.32137394 0.65725315 0.4344496
8 0.0006774352000000001 0.34315848 0.24648629 0.63377374 0.5190983
5 0.0006736882 0.29615098 0.4379388 0.9236991 0.8002755
5 0.0006713162 0.30194673 0.35783747 0.3811117 0.44748703
13 0.00066078804 0.46041623 0.35065874 0.97104514 0.8509452
11 0.0006566790400000001 0.3172612 0.29442042 0.3551748 0.41778198
1 0.0006543737 0.06589812 0.32648683 0.13054006 0.362627
13 0.00065035553 0.8365779000000001 0.1996848 0.9810616 0.32882859999999997
7 0.0006466652 0.021717552 0.30883247 0.106902614 0.37685385
5 0.00064136105 0.47209650000000003 0.49188940000000003 0.935543 0.70639616
12 0.0006367964 0.67026246 0.3021828 0.9393914000000001 0.62634975
4 0.0006353226999999999 0.66840523 0.27109852 1.0 0.59049493
8 0.0006269558000000001 0.33862334 0.33047643 0.4181071 0.41535515
8 0.0006219891400000001 0.26635513 0.13412587 0.5563861 0.7312309
5 0.0006186312 0.6624701999999999 0.47324902 0.9476644000000001 1.0
1 0.00060908974 0.4509826 0.35566285 0.62029165 0.45467123
1 0.00060369336 0.45992276 0.3728873 0.63548785 0.47980034
2 0.00059824117 0.5521983 0.33475086 0.96257794 0.6032145999999999
1 0.0005913147499999999 0.3420866 0.39400333 0.5280569 0.48777259999999995
13 0.0005870390499999999 0.73895293 0.24464737 0.98235744 0.93262416
9 0.0005758455400000001 0.08296844 0.31803957 0.14832373 0.3607198
6 0.00057477213 0.061348464000000005 0.31955993 0.15845354 0.36459503
7 0.0005707153500000001 0.23216896 0.35727814 0.32536328 0.43395224
8 0.00056308444 0.02684873 0.3215155 0.107347205 0.37360784
10 0.00056282047 0.25276309999999996 0.3173807 0.3301577 0.39618185
7 0.00055884157 0.71619326 0.0 0.9631190999999999 0.77998257
3 0.0005531145999999999 0.7138013000000001 0.21042937 0.99561125 0.47772494
10 0.0005421183299999999 0.29955435 0.32054964 0.39357388 0.38472587
5 0.0005380122 0.34670229999999996 0.34970933 0.5603305000000001 0.48014417
11 0.0005306744999999999 0.39950007 0.29483965 0.53541374 0.5118697
1 0.0005295857 0.040702272000000005 0.32496729999999996 0.115846634 0.36296138
1 0.00052532123 0.59716463 0.2558494 0.92281747 0.87119156
2 0.0005249486400000001 0.6282916000000001 0.26225996 1.0 0.5286071999999999
9 0.00051642593 0.061339222 0.31828097 0.12796748 0.36387402
2 0.0005157879 0.24897997 0.35986979999999996 0.336217 0.40867743
10 0.0005104321 0.6023524 0.34035438 0.9414787 0.61274296
9 0.00050859817 0.6746025999999999 0.33511314 1.0 0.6096451999999999
1 0.0005075883999999999 0.41351196 0.31693184 0.59037936 0.42822993
13 0.0005065067 0.31252518 0.32463875 0.37805745 0.43825063
13 0.0005064762 0.6092887 0.2178962 0.94376385 1.0
9 0.0005035143 0.043744597999999996 0.31530777 0.10703908 0.36700067
12 0.00050307525 0.6871915 0.062436897000000005 0.9768546999999999 0.5867376
10 0.00048790487999999995 0.050500605 0.31115824 0.1202912 0.3595511
4 0.0004785918599999999 0.07912208 0.3142527 0.14116502 0.36445679999999997
1 0.0004769618700000001 0.28178862 0.34300175 0.35629234 0.39782572
5 0.00047615083 0.29646885 0.33983693 0.39406896 0.41988230000000004
4 0.00047258084 0.599232 0.34346974 0.9183348 0.68870664
4 0.00047018784000000006 0.24895519 0.32476255 0.30804276 0.3980704
10 0.00046751432999999997 0.30013627 0.35078797 0.3945607 0.42363527
8 0.00045755456 0.2475104 0.35672209999999993 0.58846533 0.8283246
12 0.00045189197000000003 0.5808751 0.27726778 0.94794196 0.5446561
5 0.0004390455 0.53918076 0.40942755 0.90861344 0.983549
7 0.00043838785000000006 0.55599815 0.2030307 0.9343663000000001 0.59685564
5 0.00043537595999999996 0.47009116 0.38063177 1.0 0.5535483
5 0.0004325029 0.6838665 0.34541485 1.0 0.80227846
12 0.00042927562000000003 0.49036437 0.35441092 0.63864225 0.48597425
12 0.0004274903599999999 0.34365594 0.33052972 0.43428558 0.39842147
1 0.00042588904000000004 0.27416825 0.28081423 0.8774413000000001 0.69575864
9 0.00042422087 0.31470326 0.32521716 0.37399366 0.4101833
13 0.0004206517 0.60644245 0.28616682 1.0 0.60390484
6 0.0004197778 0.030930817000000003 0.32060155 0.12788107 0.36634627
11 0.00040829935 0.7282936 0.19002968 0.8894976000000001 0.77382535
6 0.00040647678999999995 0.53732145 0.29374346 1.0 0.53142464
13 0.00040195332 0.22543386 0.34584317 0.28686079999999997 0.38734585
10 0.00040130440000000003 0.34646043 0.3136625 0.41909096 0.38834563
3 0.0003948744 0.65801525 0.31168222 0.88935554 0.73178583
12 0.00038840607000000004 0.65305984 0.29577363 1.0 0.5548654000000001
7 0.00038658056000000007 0.3190111 0.320079 0.39157859999999994 0.46048567
6 0.00038495724 0.52519184 0.41153848 0.98780876 0.6286553
7 0.00038341682999999997 0.3094334 0.29715034 0.37535882 0.44253477
12 0.00038322337999999997 0.91463214 0.21801079999999998 0.9969129000000001 0.28533152
9 0.0003827207 0.66208154 0.24942456 0.9464645 0.9368370999999999
9 0.00038159988 0.70488566 0.23510748 0.9923584000000001 0.7399534999999999
13 0.00037508662 0.2712806 0.34801748 0.35823584 0.40817198
7 0.00037014312999999994 0.4418210999999999 0.31572706 0.6210319999999999 0.5175847
7 0.0003687137 0.49935585 0.33300298 0.88422555 0.68770266
9 0.00036465412 0.6670271 0.44076228 1.0 0.70778316
11 0.00036347378 0.31258422 0.33047247 0.3576249 0.40213373
8 0.00036195144999999994 0.11026421 0.11920015 0.44791391 0.79203224
6 0.00035550059999999996 0.35573602 0.36895904 0.6127908000000001 0.48061049999999994
9 0.00035489467000000005 0.02993616 0.3154843 0.08878596 0.36795062
12 0.00035078413 0.32291496 0.34640136 0.40824240000000006 0.41745546
1 0.00034937274 0.26074544 0.34618038 0.32702366 0.39996877
13 0.00034934137 0.6455081 0.38183737 0.9944270000000001 0.9397296999999999
13 0.00034869942 0.2845184 0.33916265 0.42339113 0.45599616
7 0.00034543135999999996 0.3400342 0.31774166 0.42434984 0.4092072
12 0.00034494762000000003 0.07123931 0.31446415 0.1470094 0.35937944
1 0.00034448367999999997 0.59085 0.36466664 0.88102615 0.65560246
7 0.00033778092000000005 0.29127420000000004 0.30186582 0.36144143 0.44123563
7 0.0003325598 0.5343711 0.0 0.90875775 0.76230735
11 0.00032980248 0.64379966 0.33480355 0.8986721999999999 0.8018609
2 0.00032584422000000004 0.26692998 0.30329117 0.33210975 0.4018719
12 0.0003212078 0.039772436 0.30875477 0.11907968 0.3670036
10 0.00031877654999999997 0.4555763 0.29739222 0.5951958 0.41676024
3 0.00031711746 0.8745751 0.22235605 1.0 0.3088169
11 0.00031535293 0.033694904 0.31464416 0.07899016 0.3674731
2 0.00031423700000000003 0.2993316 0.35383797 0.40266544 0.41269648
9 0.00030676683 0.27583334 0.3343369 0.33933428 0.40754604
7 0.00030468617 0.28924802 0.18790129 0.9587021000000001 0.91162354
12 0.00030459583 0.56164217 0.0 0.9562353000000001 0.500409
6 0.00030282975 0.49912703 0.35141072 0.9951129000000001 0.58160776
13 0.0003023818 0.8182884 0.22870071 0.97220975 0.35448948
11 0.0003022389 0.34540504 0.31564304 0.38646424 0.45481172
11 0.0003020136 0.6599716999999999 0.25938046 0.8512554 0.57720715
6 0.00029814776 0.42221925 0.2970704 0.6366582 0.43920338
8 0.0002971063 0.16704018 0.35325690000000004 0.495121 0.8814438
11 0.00029455987 0.6864236 0.37300116 0.9423959999999999 0.87027705
1 0.00029260985 0.5226274999999999 0.34700823 0.93573225 0.5757342
10 0.00029248075 0.6134968000000001 0.27930054 0.92833817 0.5406820999999999
4 0.00029213415 0.7988353 0.047504477 1.0 0.7149426999999999
1 0.00029088737 0.3393531 0.34430715 0.39978257 0.41885152
7 0.0002885301 0.3441918 0.29474837 0.4057635 0.43811417
10 0.00028236955 0.9132806999999998 0.21388213 0.9903195 0.27639654
1 0.00028163617 0.3083614 0.37620679999999995 0.38665193 0.42846012
4 0.0002798656 0.6947478 0.31522742 1.0 0.71375924
10 0.00027916473 0.7220656 0.25789824 0.9383159 0.59038043
2 0.00027909857000000003 0.6769173 0.26223913 0.9420645000000001 0.6239509
4 0.00027900832000000005 0.48934096 0.29846048 0.6515871999999999 0.46998453
8 0.00027896534 0.02780766 0.2166214 0.20339435 0.89372224
6 0.00027389167 0.4341522 0.36237590000000003 0.6886167 0.5103888
9 0.00027047104 0.31766859999999997 0.34548303 0.3742362 0.43577015
10 0.00026562976 0.85689217 0.0 0.9972686 0.61317253
1 0.00026292462 0.307548 0.33959737 0.37268388 0.41982028
7 0.00026197854 0.26461485 0.32697693 0.3557317 0.4111781
6 0.00026100897 0.2682981 0.3324939 0.3781634 0.39616278
12 0.00025982034 0.26435542 0.31379840000000003 0.32909846 0.39718616
7 0.000258639 0.6848041 0.24900055 0.9942938 0.63245213
6 0.00025724084 0.23242338 0.36463895 0.34192777 0.42121282
6 0.00025693304 0.32696820000000004 0.33003990000000005 0.4382710999999999 0.4016384
13 0.0002551959 0.31527632 0.32193285 0.45332313 0.46213055
9 0.0002497014 0.3375871 0.31938103 0.3948377 0.40189785
10 0.00024866936 0.32067224 0.29907626 0.37560555 0.4015989
12 0.00024842666 0.31787083 0.31385225 0.38612399 0.41828388
9 0.0002481176 0.3532774 0.3247696 0.41545070000000006 0.4026407
9 0.000248069 0.34064096 0.335487 0.43708175 0.39158916
1 0.00024744595 0.7243018 0.39694363 0.9558504999999999 0.9305278
2 0.00024631078 0.22700337 0.33538225 0.30721024 0.37932935
11 0.0002454853 0.48407823 0.30204570000000003 0.5749988 0.43163338
7 0.00024417214 0.79115295 0.02943688 0.96648276 0.7267399999999999
12 0.00024325014 0.3465463 0.32027897 0.40866030000000003 0.41063893
7 0.00024299927000000004 0.50900435 0.031008614 0.9414991 1.0
10 0.0002429736 0.8074326000000001 0.0 1.0 0.72925663
10 0.00024276601000000001 0.27640359999999997 0.3091743 0.34213692 0.39793482
10 0.00024269669999999998 0.49698946 0.29388785 0.63799655 0.44526207
9 0.0002417854 0.33661044 0.34356084 0.3965034 0.4319313
4 0.00024013127000000001 0.055850744 0.31318787 0.1257644 0.36486283
2 0.00023992462000000002 0.32663625 0.33497867 0.39376265 0.42441404
5 0.00023953362000000001 0.0018721372 0.33012572 0.09805127 0.36107188
10 0.00023755769 0.35901982 0.28864548 0.40809453 0.40923718
9 0.00022283047999999999 0.25449318 0.3609791 0.34040034 0.41430634
7 0.00021987818999999998 0.8976675999999999 0.21670103 0.9793138000000001 0.2892131
11 0.00021883710999999999 0.34944338 0.3025678 0.38428414 0.411764
4 0.00021863478 0.2862048 0.31425846 0.34667763 0.40531543
7 0.00020853861 0.5309974000000001 0.43054375 0.9305934000000001 0.78134763
10 0.0002078399 0.67578155 0.24196185 0.9994286 0.53192747
9 0.00020698779999999998 0.4123963 0.31847894 0.5746127 0.44914246
10 0.00020669795 0.24142562 0.32515147 0.31163192 0.39150786
3 0.00020624412 0.053574382999999996 0.3636972 0.32883283 0.90390474
2 0.00020441986000000002 0.34138516 0.31751692 0.43107072 0.39340618
10 0.00020387983 0.2668441 0.34678006 0.33309279999999997 0.42866350000000003
7 0.00020293343000000002 0.9143885 0.21986304 0.9950114 0.28230816
6 0.00020160968000000002 0.31847784 0.35276878 0.41216412 0.4508197
1 0.00020069005000000002 0.33221492 0.366656 0.3916265 0.44848877
1 0.00019896268 0.010663856000000001 0.32448990000000005 0.08284156 0.36237445
5 0.00019832567 0.22112346 0.36713520000000005 0.3258512 0.42527902
4 0.00019790357 0.2634551 0.34290668 0.32797104 0.42978069999999996
9 0.00019443637999999998 0.9167594000000001 0.2284103 0.99172187 0.28494050000000004
8 0.00019413676999999999 0.090463504 0.17464249 0.35374498 0.84869015
1 0.00019409043000000002 0.5331433000000001 0.2106196 0.9294388000000001 0.644098
11 0.00019317011000000002 0.24523085 0.33104008 0.28312856 0.3986245
10 0.00019258798 0.66006094 0.43099102 1.0 0.732667
1 0.00019117664 0.24555747 0.37023848 0.30997595 0.4212554
6 0.00019059562 0.5745636 0.48089823 1.0 0.7203689
10 0.00018851603 0.31792894 0.33006942 0.38236406 0.43488540000000003
12 0.00018786479 0.63460296 0.07252058 1.0 0.7665656999999999
8 0.00018505639 0.3320794 0.22057100000000002 0.65560645 0.8560007
2 0.00018402775 0.89283705 0.21693303 0.98921406 0.28255123
1 0.00018296064999999997 0.31283215 0.36639258 0.3724099 0.44751263
