3 0.7174281 0.63407654 0.185845 0.6811957 0.21952683
3 0.6344408 0.6803888000000001 0.17706145 0.74919176 0.21649006
8 0.25477177 0.46464220000000006 0.17800803 0.5206456 0.22892645
8 0.23005669 0.6683245 0.16917878 0.76458323 0.21958733
8 0.22629176 0.016080007 0.36401245 0.13205929 0.46116924
3 0.20126668 0.03025847 0.34641817 0.14807817 0.4715606
8 0.06380977 0.45643905 0.19130649 0.5094737 0.23617080000000001
13 0.03965283 0.016338535 0.34693822 0.15441418 0.46994686
3 0.03626925 0.6441333 0.18264604 0.69756806 0.21859415
3 0.03554149 0.66294587 0.1819161 0.7152491999999999 0.21777876
8 0.01937137 0.63393044 0.18524253 0.6757455 0.22063956
3 0.015518628999999999 0.46021202 0.20065899 0.5066372 0.23473944
8 0.010141695 0.6589592 0.17642629 0.7176395000000001 0.22029610000000002
8 0.00628395 0.011285138 0.2241491 0.037364703 0.26261842
3 0.00524817 0.47638956 0.18285121 0.52424884 0.22164246
13 0.0045538354 0.6359833 0.18582755 0.68349594 0.2254219
13 0.0045353444 0.0067771077 0.33672872 0.22169789999999998 0.47362299999999996
13 0.0043586334 0.013429254 0.30950776 0.16738944 0.5142379
3 0.0038376042999999998 0.46966517 0.20179294 0.52388877 0.23449731
8 0.0037776113 0.0 0.32548088 0.1292193 0.55983865
8 0.0035485493 0.01582922 0.35146058 0.17530927 0.5782566
8 0.0030777734000000004 0.64306366 0.1823625 0.69114053 0.22110482
7 0.0027411855 0.6345289000000001 0.17908283 0.68531203 0.22628981
2 0.0022093626 0.64154255 0.18165179999999997 0.68709624 0.21363823
13 0.0020882392 0.6700863 0.17817163 0.73950654 0.22525284
11 0.0018131642000000002 0.69220716 0.16414924 0.74358076 0.23093282
8 0.0017956139999999998 0.020651467 0.20901257 0.18720418 0.8098681
2 0.0017708648 0.0 0.3350789 0.19133298 0.49888262
3 0.0017609948000000002 0.5284837 0.27792284 0.9094878000000001 0.9625597
13 0.0017189904999999998 0.6929489000000001 0.17812823 0.7657458 0.22351594
11 0.0016409915 0.68213844 0.16929711 0.7282996 0.22730425
8 0.0015830947 0.53198135 0.30451027 0.8509151 0.93612057
1 0.0013904607999999999 0.63826007 0.19436556 0.67722994 0.22098984
8 0.001280517 0.037539996 0.26157323 0.2734626 0.86856484
8 0.0012737653 0.0039182565999999995 0.2032325 0.09678748 0.61161035
8 0.0012552735 0.031351022 0.34705403 0.26083145 0.58164924
8 0.0012281934 0.06442702 0.2232545 0.37577206 0.6701998
5 0.0011788796 0.6644541 0.18831767 0.7592126 0.22590418
2 0.0011768441999999999 0.6867585999999999 0.1731701 0.76055354 0.21701188
7 0.0010289885000000002 0.66827154 0.16539684 0.75169444 0.23747768
8 0.001024046 0.020701215 0.41423097 0.35453713 0.9110406999999999
13 0.0009578944300000002 0.00035750866 0.33721718 0.12615663 0.4548513
8 0.00094190985 0.0 0.25484179999999995 0.16107833 0.6235233
8 0.0008977116699999999 0.019309788999999997 0.38334417 0.16079259 0.4845258
5 0.0008970908 0.62730265 0.19078954 0.6869464 0.21887735
5 0.0008944767999999999 0.0 0.38044125 0.11684342 0.46941388
12 0.0008587934 0.63787806 0.18231231 0.6859509 0.21394804
8 0.0008289681 0.034189545 0.16862538 0.24502721 0.6018453
9 0.0008211867 0.64256346 0.18711641 0.6875385 0.2175938
9 0.0008140236 0.043573855999999994 0.33202502 0.18038905 0.47197643
11 0.0008119719000000001 0.71140915 0.16578583 0.7564196999999999 0.22611544
10 0.00081194215 0.71333843 0.16989301 0.77510387 0.21987541
8 0.0008112514599999999 0.61661553 0.21860899 0.900465 0.9453681
10 0.0007598038 0.67910504 0.17511332 0.7458253 0.21713232
9 0.0007543859 0.029501755 0.3216364 0.1232622 0.46290293
6 0.00074353465 0.6336403 0.18485415 0.6925911 0.21947883
13 0.0007433616 0.47097963 0.18617125 0.5238480999999999 0.21899490000000002
7 0.0007398392 0.0 0.30066678 0.17636898 0.50425035
13 0.0007111413000000001 0.05594851 0.03656022 0.38064647 1.0
10 0.0007053261500000001 0.6937553000000001 0.16922775 0.76233214 0.21914335
10 0.0007012136 0.6419541 0.18025742 0.68786734 0.21886942
11 0.00068609585 0.03659185 0.33714423 0.09796088 0.5112484
13 0.00067801913 0.6619510999999999 0.18457761 0.7164088000000001 0.22612871
3 0.0006753221400000001 0.014370637 0.22689610000000002 0.04523933 0.27466163
8 0.0006363035 0.0017605126 0.32557446 0.14000306 0.45612659999999994
13 0.0006348204 0.6476324999999999 0.18396309 0.6983876 0.22575946
4 0.00062990224 0.64559233 0.18360633 0.6855265 0.22042835
9 0.0006209786 0.6893213 0.18086787 0.757414 0.22124912
1 0.0006135122 0.6603618 0.1862051 0.7264151 0.22177938
1 0.0006124202 0.0 0.40253136 0.10521233 0.49046937
1 0.00061121746 0.6749579000000001 0.1870108 0.7425467 0.22467253
11 0.0005852492 0.054331607999999997 0.33588016 0.14405319 0.51517063
8 0.00056693447 0.6468848 0.16194208 0.90894735 0.70809364
13 0.00056055957 0.55188596 0.20404106 0.8736689000000001 1.0
11 0.0005537771499999999 0.64972854 0.18455987 0.6768863 0.21670727
1 0.0005525075 0.6955339 0.19004877 0.758165 0.22391109999999997
6 0.0005389133999999999 0.67262584 0.17942779999999997 0.7701239000000001 0.22294003
3 0.0004991672 0.05965951 0.24597293 0.3933407 0.9581073
13 0.0004962410299999999 0.0052900165 0.0 0.28750938 1.0
12 0.00047887082000000003 0.0 0.3044815 0.20312253 0.43686002
13 0.00043384577000000004 0.0 0.22434871 0.34850824 0.9733003
3 0.0004332567 0.71143645 0.17766841 0.7714769 0.21146338
5 0.00042130874000000004 0.0 0.37014362 0.1297819 0.44764027
9 0.00041324255 0.67587334 0.17917891 0.73699313 0.22111112
8 0.0004101736 0.017149732 0.19644406 0.17964053 0.41553628
4 0.00040043402 0.7076795 0.17420296 0.7688674 0.22402123
3 0.00037956892999999997 0.42839944 0.29759213 0.80797243 0.9647914000000001
4 0.00037212413999999997 0.68699664 0.17571979999999998 0.7573474 0.2257935
13 0.00036011575 0.45613837 0.2082505 0.50436217 0.24293478
8 0.00035744797999999993 0.335005 0.20140767 0.6276395 0.863925
9 0.00035616167999999996 0.48425478 0.18725143 0.5324245 0.22094676
3 0.00035270477999999994 0.0318771 0.2279585 0.20247144 0.9196081
3 0.00034146357 0.28716773 0.25345029999999996 0.67069936 0.95405084
8 0.00032953522000000004 0.28491494 0.307165 0.5854858000000001 0.9012905000000001
8 0.00032935120000000004 0.4126624 0.3064985 0.71540487 0.9284844999999999
1 0.0003252205 0.0 0.36487404 0.10327304 0.4565867
2 0.00032466082000000003 0.48098794 0.17019719 0.5418316999999999 0.21875605
8 0.00031882338 0.7674095000000001 0.22346857 0.9457075 0.94776046
13 0.00031626687 0.0 0.0 0.19714767 0.94530815
10 0.00031575202999999997 0.03431717 0.30066302 0.13241257 0.45688024
9 0.00031151026 0.70788085 0.17919056 0.77677906 0.21856615
4 0.00030448756 0.05931484 0.35843769999999997 0.19328320000000002 0.49565688
13 0.00030278153 0.33868533 0.026930967000000004 0.6767401 1.0
10 0.00028789009 0.041979656 0.3229276 0.15163459 0.483544
8 0.00028742565 0.0037750006 0.40383565 0.13229218 0.51943016
2 0.00027274742 0.016032457 0.31180477 0.14130682 0.45568392
12 0.00026822966 0.015580668999999998 0.31668225 0.14862165 0.43639854
13 0.00026079602 0.6115469 0.0 0.96053827 0.9849059000000001
12 0.0002510403 0.6736335999999999 0.17218573 0.7516649000000001 0.21889779
13 0.00024668922 0.24612294 0.009657118499999999 0.59193856 1.0
3 0.00024484587000000004 0.65062654 0.30071190000000003 0.961218 1.0
2 0.00024062533 0.46017396 0.20159656 0.5237674 0.24275909999999998
13 0.00023221432999999997 0.45744583 0.18370944 0.51054025 0.21977629
13 0.00022697745999999998 0.045170017 0.37107614 0.13295257 0.45149443
7 0.00021906634 0.0 0.28367177 0.12201446 0.48076309999999994
13 0.00021812383999999998 0.011174143999999999 0.21974236 0.044757612 0.2711901
3 0.00021806822 0.020135496 0.35174417 0.13002637 0.43576586
8 0.00021708313 0.48989835 0.17121978 0.76760757 0.8093185
13 0.00021390362 0.0 0.020329475 0.39945185 0.7676965
12 0.00021055699 0.700308 0.17550977 0.7729842 0.21565342
8 0.00020953138 0.12627187 0.17802127 0.41097566 0.8017463
2 0.00020435457999999997 0.015860334 0.2990408 0.14822288 0.5431835999999999
10 0.00020156613000000002 0.050400400000000005 0.29938126 0.20989707 0.5074499
3 0.00020026886000000003 0.5763249 0.17071414 0.94828457 0.71509767
13 0.00019999093999999997 0.44497079999999994 0.21385238 0.48664147 0.24173829
3 0.00019871879 0.081064045 0.1623358 0.41115779999999996 0.69835746
13 0.00019644226000000003 0.41772429999999994 0.25545660000000003 0.7496619999999999 1.0
12 0.00019569186999999997 0.018974394 0.35058883 0.1588935 0.47040978
8 0.00019130808 0.014551788999999999 0.31490108 0.11190373 0.5055097
8 0.00018155713 0.19562231 0.29484987 0.49827063 0.89595604
8 0.00017710241000000001 0.619855 0.15384692 0.7702306 0.2450112
4 0.00016620718999999998 0.030029188999999998 0.35005805 0.13973746 0.47347218
5 0.00016530478 0.0 0.39173302 0.11969735 0.5194300000000001
5 0.00016356523 0.02864252 0.5086722 0.3105157 1.0
11 0.00015862858 0.6750387 0.17515527 0.71223116 0.22161062
10 0.00015806341 0.49369255 0.17928697 0.5328748000000001 0.21405216
4 0.00015314057 0.036991882999999996 0.3257555 0.14127833 0.44272518
9 0.00015234096 0.049948078 0.34395906 0.14495206 0.5404683000000001
8 0.00015015154 0.42845017 0.15984637 0.69697136 0.5976434
3 0.00014808463 0.034509122 0.30536044 0.13560867 0.59369856
6 0.00014642993 0.0 0.36902905 0.21389297 0.5111492999999999
12 0.00014432026000000002 0.4766792 0.18216643 0.53837025 0.21629226
2 0.00014326948 0.6629598000000001 0.1776276 0.7268486999999999 0.21445079
5 0.00014280195 0.086309105 0.42149317 0.3541621 1.0
2 0.00014279809 0.6494812 0.17990102 0.7058101999999999 0.21529147
5 0.00014095389999999999 0.44279313 0.21563704 0.5035460999999999 0.25151910000000005
7 0.00013571483 0.6471499 0.17395456 0.72074234 0.23260768
3 0.00013493284 0.62997466 0.20389456 0.6807645999999999 0.23197384
3 0.00013443471000000002 0.03442265 0.3703344 0.19752534 0.50683546
11 0.00013423441999999998 0.47223318 0.19444118 0.5109918999999999 0.25430688
1 0.00013413245000000001 0.64859307 0.19296601 0.6921927 0.2215335
3 0.00013012392 0.6355829000000001 0.16910177 0.7806276999999999 0.23375337
5 0.0001290154 0.0 0.40633592 0.10281862 0.49294594
13 0.00012725468 0.4677523 0.20993678 0.51882833 0.24392499
11 0.00012485065 0.48722902 0.18074749999999998 0.5230827 0.22479115
10 0.00012403635000000001 0.67052245 0.17663084 0.72462964 0.2217646
8 0.00012368073 0.7349178000000001 0.1279068 0.9326459999999999 0.6804051999999999
8 0.00012210348 0.14266993 0.11839945 0.40649676 0.54807055
13 0.00012008716 0.7666484 0.0 0.9724169 0.94744354
1 0.00011599068000000001 0.4687286 0.18437478 0.51981896 0.21482216
13 0.00011422492399999999 0.49116403 0.024826473999999998 0.84251267 1.0
5 0.00011277381000000002 0.45184097 0.19263485 0.5345033 0.2171968
2 0.000112462076 0.004605703 0.37496132 0.13251767 0.5263781999999999
5 0.00010953625 0.5445588 0.41744688 0.8164875 1.0
8 0.00010939476500000001 0.6284877 0.19184099 0.672871 0.2314074
13 0.000108664986 0.043744307 0.34539285 0.12582755 0.43381283
6 0.000107147374 0.0 0.34301555 0.15405375 0.45780468
4 0.00010396366 0.48904523 0.18532147 0.5304501 0.21890749
5 9.870701999999999e-05 0.045814812 0.34700793 0.32307312 0.9152724
5 9.699198000000001e-05 0.0012907684 0.39183542 0.19979507 0.47722387
10 9.543908499999999e-05 0.47799766 0.18120009 0.5173230999999999 0.212905
10 9.530164e-05 0.6570153000000001 0.17682785 0.70413077 0.22245911
13 9.514781999999999e-05 0.014518976000000001 0.35597634 0.11334948 0.41239926
7 9.3558476e-05 0.0 0.25256422 0.14449802 0.5583509
8 8.931955e-05 0.6220983 0.19686434 0.66138685 0.22995077
13 8.858675e-05 0.0 0.0 0.26942724 0.680095
11 8.657433000000001e-05 0.057446095999999995 0.30342759999999996 0.12392747400000001 0.5678659
3 8.498591000000001e-05 0.45432526 0.19918816 0.8440593000000001 0.7228486999999999
8 8.3903346e-05 0.61605847 0.11572471 0.87200844 0.55295736
13 8.370470999999999e-05 0.0 0.26127464 0.21231893 0.5750334
3 8.36734e-05 0.050181888 0.21285152 0.29779086 0.6657344000000001
8 8.211989e-05 0.022365242 0.22641574 0.23137537 0.47838509999999995
1 8.199625e-05 0.0 0.38745490000000005 0.115739614 0.52441627
3 7.768067e-05 0.043630295 0.35878405 0.19189483 0.61990166
2 7.6086966e-05 0.46875376 0.1761468 0.5269201 0.21350403
3 7.5304226e-05 0.7680326 0.21292278 0.9761407 1.0
10 7.514473000000001e-05 0.47691187 0.19755776 0.52708524 0.24566346
5 7.405729999999999e-05 0.6443340999999999 0.19171226 0.72348416 0.22244541
5 7.370816e-05 0.3835345 0.34186643 0.65879935 0.99977195
9 7.2994444e-05 0.669289 0.18289593 0.7201867 0.21956599999999998
3 7.280456e-05 0.063645415 0.3572453 0.2998571 0.6243901
13 7.24937e-05 0.13601568 0.21996893 0.46989426 1.0
8 7.245981e-05 0.7425746999999999 0.50641805 0.9337859000000001 0.6486206
3 7.10845e-05 0.14459313 0.2772837 0.51739264 0.9825719999999999
2 6.8389134e-05 0.44663262 0.20388308 0.5095299 0.24119398
6 6.821359e-05 0.64549595 0.1832402 0.73607343 0.2199866
6 6.749461999999999e-05 0.4707192 0.1889917 0.53086936 0.21558514
7 6.7377805e-05 0.48628426 0.12604587 0.96531856 1.0
5 6.468301999999999e-05 0.012712918 0.38987297 0.15972820000000001 0.92446464
2 6.407787e-05 0.47606823 0.19903529 0.53677076 0.24313718
11 6.222422e-05 0.47147822 0.18054755 0.5060112 0.22627316
12 6.0215454e-05 0.6641975999999999 0.17399625 0.7267130999999999 0.21664205
3 5.97768e-05 0.6243485 0.20742086 0.66844094 0.23180501
13 5.8831516000000005e-05 0.0 0.20674165 0.14393982 0.5891116999999999
8 5.8124845999999995e-05 0.052712545 0.06854912 0.29558206 0.29979193
9 5.77549e-05 0.031532634 0.30977154 0.12955719 0.5319759
7 5.6132325e-05 0.44601393 0.20460501 0.51284665 0.25275147
13 5.5533356999999995e-05 0.6351243000000001 0.15893936 0.79142165 0.28791708
11 5.5219414e-05 0.66430193 0.18037273 0.6946164 0.21699870000000002
3 5.4160384e-05 0.048439242 0.40150616 0.27136809999999995 0.9860694
12 5.3813703e-05 0.64934415 0.17787455 0.701145 0.21587179999999997
8 5.3037947999999994e-05 0.017576071999999998 0.36492217 0.10821272400000001 0.42072222
8 5.2866388e-05 0.018811706 0.35798353 0.099761024 0.48048365
7 5.281095e-05 0.0 0.34117800000000004 0.12781098 0.5221562
8 5.2769730000000006e-05 0.36982912 0.14441885 0.62659967 0.5848585999999999
8 5.1481886e-05 0.025501866 0.3887558 0.10788511 0.45186138
12 5.0517737999999996e-05 0.4625367 0.17878036 0.5220945 0.21759981
12 4.896733e-05 0.009061441 0.30607924 0.16571446 0.488975
4 4.8318867e-05 0.6612116 0.17965288 0.7014437 0.22076823
4 4.828049e-05 0.6734611 0.17882483 0.7209499 0.22227325
5 4.7071557e-05 0.079371095 0.27589205 0.35964397 0.7167066
13 4.6882659999999995e-05 0.014223244 0.37915093 0.1265251 0.4394605
9 4.6725127000000005e-05 0.043067545 0.37492505 0.13032919 0.5142501
5 4.5756056e-05 0.43020478 0.21448791 0.48580638 0.2527804
9 4.5670484e-05 0.6557951 0.18431619 0.7041944 0.21990752
9 4.461976e-05 0.467588 0.212792 0.5161703 0.24525029999999998
5 4.4360299999999996e-05 0.25600004 0.4203182 0.5298217 1.0
9 4.42755e-05 0.07351385 0.34727478 0.2294846 0.48184147
10 4.384600000000001e-05 0.058115993 0.23871306 0.17062947 0.5541914000000001
13 4.344455e-05 0.06726128 0.0 0.4392116 0.6494055999999999
1 4.3362357e-05 0.0 0.38971075 0.17283326 0.48934233
8 4.3195487e-05 0.13470757 0.106841184 0.4738778 0.42731297
1 4.3123124e-05 0.45084608 0.18460868 0.50396544 0.21535443
11 4.29014e-05 0.45686233 0.19281445 0.49317765 0.2536341
1 4.2743199999999994e-05 0.0 0.37556663 0.084026635 0.50083166
10 4.1934733999999996e-05 0.70471406 0.07236576 0.9676901 1.0
13 4.1072435e-05 0.14829043 0.0 0.5144985 0.94536906
13 4.0308525e-05 0.0 0.36358815 0.19288477 0.5187853
2 3.9749135000000004e-05 0.10943793 0.16421887 0.43643516 0.8081416
10 3.973047e-05 0.64078444 0.12407795 0.9029860000000001 1.0
5 3.9488076999999996e-05 0.12148371 0.33304524 0.39387849999999996 0.9283341
8 3.8812631999999996e-05 0.041600984 0.36322147 0.10947026 0.44697815
13 3.875962e-05 0.4995553 0.3932542 0.8377591999999999 1.0
1 3.8707465e-05 0.4408361 0.19956027 0.87426615 0.84996206
9 3.8034155e-05 0.70943946 0.0674697 1.0 1.0
5 3.7522434e-05 0.4604897 0.21553564 0.52078825 0.24986877
1 3.7478367e-05 0.0 0.43694893 0.0998794 0.5207527
11 3.7455226e-05 0.02408326 0.32249787 0.07574038 0.5114399000000001
2 3.6530324e-05 0.07421695 0.32602894 0.39397442 0.8586768
8 3.6465837e-05 0.09494953 0.07045597599999999 0.55904233 0.30026537
10 3.645871e-05 0.09751018 0.3016241 0.23640081 0.48413128
9 3.6373116e-05 0.63141114 0.16913547 0.94968456 1.0
9 3.6243317e-05 0.46598148 0.18641545 0.51634175 0.22372752
8 3.5934187000000003e-05 0.13602908 0.43322626 0.47359568 0.9370639999999999
2 3.5906465e-05 0.635574 0.19182570000000002 0.91612065 0.88207895
4 3.5003453e-05 0.054374762 0.32486737 0.15293986 0.5153219
9 3.493377e-05 0.060683765 0.38115093 0.193665 0.5159366
12 3.4463825e-05 0.5633535 0.07284284 0.9931155999999999 0.7577050000000001
5 3.4378074000000004e-05 0.65555435 0.40594533 0.94138294 1.0
6 3.4226396e-05 0.45575723 0.21307749 0.51823294 0.24572523
1 3.4216955e-05 0.22462599 0.08909302 0.64858896 0.75147134
12 3.2805285e-05 0.029868491 0.34335536 0.25851518 0.4679096
6 3.268342e-05 0.55899477 0.3157414 0.9631295 0.94453937
7 3.2484959999999995e-05 0.0 0.09950548 0.3553437 0.9731814000000001
2 3.226157e-05 0.011762075 0.22237822 0.04910591 0.27414817
8 3.2104872e-05 0.032184042 0.094009176 0.22366798 0.44661555
13 3.142777e-05 0.6323459 0.013606257 0.9735121999999999 0.65450543
13 3.133366e-05 0.0 0.10162519 0.19168007 0.42761272
8 3.108242e-05 0.011953092 0.20697998 0.035342403 0.24697004
13 3.0306406e-05 0.2994733 0.37920323 0.63876754 1.0
11 3.0177913e-05 0.4889441 0.19484821 0.5261118 0.25394455
8 3.0062701999999998e-05 0.71102136 0.1723687 0.7679798000000001 0.21597584
4 2.9808984e-05 0.46883690000000006 0.20468183 0.51428646 0.2501699
11 2.9793724e-05 0.03411278 0.29178515 0.09240529 0.57984054
3 2.9583467000000002e-05 0.14159785 0.17311873 0.48161990000000005 0.6377626000000001
8 2.9390295999999998e-05 0.6478201 0.06473037 0.87877166 0.32077658
5 2.9252087000000002e-05 0.02439776 0.30366740000000003 0.29398173 0.7492199
7 2.8954120000000003e-05 0.47497886 0.18034704 0.5272045999999999 0.22283560000000002
2 2.8176932999999998e-05 0.041786496 0.27010092 0.15849158 0.5090138
5 2.7781215999999998e-05 0.6062695 0.38524509999999995 0.8755933000000001 0.97943103
13 2.7138967e-05 0.54384863 0.17072636 0.9207748 0.79191166
8 2.7137894e-05 0.0 0.6876439999999999 0.29498369 0.99511135
10 2.7008000000000003e-05 0.14248295 0.18316548 0.41939026 1.0
10 2.6942215999999998e-05 0.49517380000000005 0.19960691 0.5419954 0.24405909
3 2.6888232e-05 0.01720827 0.37270879999999995 0.10929503 0.45740876
8 2.6630632e-05 0.22747365 0.14742285 0.5011569 0.62201184
10 2.5202729999999997e-05 0.57476366 0.15060721 0.84044576 1.0
3 2.4784824e-05 0.03767833 0.25560093 0.17184101 0.6671776
1 2.4553789999999998e-05 0.0 0.18830602 0.2675054 0.863326
3 2.4324767e-05 0.03682795 0.26397648 0.16718766 0.5194542999999999
1 2.4049743e-05 0.0 0.3798261 0.31973335 0.90840626
11 2.3986923999999998e-05 0.09411445 0.34179299999999996 0.18427387 0.50501794
10 2.3964103e-05 0.45058107 0.14430325 0.7015326999999999 1.0
1 2.3808576e-05 0.45326778 0.20939922 0.50014234 0.24537161
1 2.3653921999999997e-05 0.16342911 0.21098323 0.60040545 0.82985854
4 2.3435185999999997e-05 0.036800034 0.37422459999999996 0.13030365 0.4949175
6 2.3248833e-05 0.01611124 0.2890437 0.4735527 0.85492426
7 2.3063712e-05 0.28000808 0.032147992 0.7576958 1.0
13 2.2874697999999998e-05 0.0 0.0 0.32955205 0.31809682
8 2.26265e-05 0.29405865 0.13223827 0.55476654 0.57038337
