3 0.9984773000000001 0.0026881695 0.52157223 0.10973735 0.6083748999999999
3 0.9618846 0.19361697 0.5183008 0.2602507 0.5979938
8 0.10189979 0.19360957 0.51127 0.2646175 0.59422165
8 0.030414853 0.0 0.49827066 0.12200035 0.6169545
8 0.010803773000000001 0.10086581 0.5572143 0.4610333 0.9271941999999999
8 0.00957906 0.009033304 0.5337352 0.09089056 0.6071458000000001
8 0.0071300226 0.7948681 0.47738305 0.8571706 0.52935034
8 0.0039491802 0.065350935 0.65730125 0.32921004 0.910761
8 0.0032058607000000003 0.04974184 0.54730445 0.24923986 0.883186
3 0.0029189282 0.00899896 0.5092072 0.107623145 0.579086
13 0.002847082 0.17502534 0.54115516 0.26124686 0.58892125
11 0.0027465086999999997 0.18807518 0.5196789 0.24186839999999998 0.5943526
5 0.0026571453 0.15437016 0.5374486999999999 0.2686867 0.5887212
13 0.0025430426 0.016917769 0.5347039000000001 0.12519080000000002 0.608499
8 0.002393196 0.05810485 0.3181505 0.25328258 0.96126443
8 0.002371893 0.18555121 0.5132228 0.24562617 0.57631385
9 0.002210487 0.19651912 0.51050705 0.2680145 0.55925167
8 0.002135595 0.09719618 0.31310308 0.43698794 0.8923525
8 0.0020534103 0.79797643 0.46515295 0.8621711 0.50878865
13 0.0019721654000000003 0.01664991 0.52351385 0.13567424 0.66266036
8 0.0018803792999999998 0.04529684 0.64914674 0.24125326 0.9293927
8 0.0018244085 0.036054246 0.5884505999999999 0.19861364 0.90172714
9 0.0017650813 0.21400979 0.4972276 0.27038595 0.57204837
13 0.0016434429999999999 0.0037593283000000003 0.5169640999999999 0.07572599 0.6214035
13 0.0014471665 0.19046119 0.53361213 0.2865803 0.59416443
13 0.0013811073999999998 0.20091997 0.50960654 0.2668295 0.60373914
8 0.0013752093 0.057446554000000004 0.43800405 0.34820253 0.9116433
13 0.0013728249 0.17941187 0.54027313 0.24324773 0.6093896
8 0.0013690229999999998 0.81477356 0.4743807 0.8604244000000001 0.52623737
1 0.0013101774 0.17344317 0.54346526 0.24096659 0.5927574000000001
7 0.0012754096000000001 0.16210726 0.51751345 0.24997039999999998 0.6061316
9 0.0012443155000000001 0.19819002 0.50317657 0.24953993 0.5770875
9 0.0011411173 0.027637102 0.5194531 0.13532671 0.6356191
11 0.0011097607 0.18696587 0.47398950000000006 0.23057641 0.6181755
12 0.001085451 0.2008366 0.48899799999999993 0.27106038 0.57808125
9 0.0010416532 0.1847574 0.5242909 0.25520718 0.5775437
5 0.0009917613 0.1642928 0.5386224000000001 0.23499312 0.61532515
11 0.0009661755000000001 0.042054243 0.44303513 0.136978 0.63749367
8 0.0009523195300000001 0.19779189 0.5197205 0.2470377 0.60287595
12 0.000903382 0.18650071 0.49733093 0.27519083 0.55796874
6 0.0009013369000000001 0.1712614 0.5265095999999999 0.26262290000000005 0.5886843
8 0.0008994224 0.03941139 0.25147524 0.20082173 0.9090521999999999
11 0.00088830123 0.22367719 0.48207787 0.26560482 0.5739132
1 0.000836352 0.20227349 0.5122064000000001 0.26135585 0.57710075
2 0.00080792047 0.17992979999999997 0.52637655 0.2647492 0.5748791
3 0.0008060167 0.10986614 0.5902819 0.53088385 0.9569128
7 0.0007882853999999999 0.18533893 0.5015388 0.2623207 0.5778230999999999
11 0.00071892806 0.20467712 0.49000263 0.24592413 0.5784055
1 0.0007118183999999999 0.17985445 0.516879 0.24776024 0.56231666
8 0.0007047989599999999 0.9606243 0.43886986 0.9946633 0.4996224
13 0.0006849144 0.17399192 0.51757807 0.253958 0.5866722
8 0.0006803295699999999 0.72274715 0.26341408 0.9346741 0.88734996
1 0.0006703659299999999 0.16716605 0.5373488000000001 0.22559810000000002 0.6021145999999999
2 0.00066883466 0.20305118 0.49784783 0.28500244 0.5474666
7 0.00064982905 0.20306617 0.47906527 0.26889038 0.6031741
12 0.0006220666 0.18863958 0.52492356 0.26025862 0.5808262
1 0.00061378104 0.0 0.5217351 0.11504581 0.6249978
4 0.0005828385 0.18738168 0.5206841 0.2616443 0.5904718000000001
8 0.0005828253299999999 0.034016437999999996 0.7017153 0.18980953 0.8302497999999999
7 0.00058008515 0.18396273 0.51123863 0.28922418 0.609471
13 0.00055935874 0.010028429 0.55735177 0.11088342 0.6104941999999999
7 0.00052046805 0.0 0.47300255 0.13741826 0.6780596999999999
4 0.00050732977 0.22039711 0.49006155 0.27652818 0.57978696
5 0.0004899028 0.1663927 0.5258568 0.2667001 0.56373984
10 0.00048509412000000005 0.21414149 0.47145027 0.26211274 0.5657631999999999
5 0.00047998704000000003 0.0 0.54336077 0.13598621 0.65420073
5 0.00047852602 0.19229808 0.52445227 0.2839772 0.5935629
4 0.00047091345 0.20654677 0.5018887 0.26788476 0.5613004
10 0.00045508042 0.16848193 0.5241186 0.25292236 0.5803594
11 0.00045042494000000003 0.012097681 0.48827553 0.05920621 0.6206225000000001
12 0.00044888697 0.0 0.44435817 0.12832944 0.5843291
5 0.00043964245999999997 0.17449057 0.5408641 0.3062315 0.59836674
6 0.00042971800000000005 0.17763864 0.50534505 0.26969853 0.5664485
1 0.00042865583 0.03510609 0.5449837 0.11769293 0.5978945
11 0.0003987255 0.21605232 0.51687956 0.27793026 0.59824866
9 0.0003938392 0.04707476 0.52550596 0.14346005 0.58359003
12 0.0003931521 0.0 0.46924558 0.15250444 0.61525315
4 0.00039294932999999995 0.04893849 0.503342 0.13810161 0.5915243
4 0.0003925671 0.19429156 0.5161815 0.28468332 0.5978760000000001
7 0.00039176035 0.028463937 0.50950885 0.12287646 0.60809267
1 0.00038499082 0.0 0.54473305 0.054602318 0.6014629
9 0.00038324037000000006 0.20200145 0.5240288 0.29821193 0.57991815
2 0.00038069292000000003 0.18268703 0.5056898 0.25177124 0.5837659000000001
5 0.00037248462 0.0 0.520436 0.07454631 0.6043414
8 0.00035304707000000004 0.5984685000000001 0.24056461 0.8830659 0.9033252
13 0.00035217497000000005 0.013602853 0.5427895 0.49103779999999997 1.0
11 0.00034348894 0.20170127 0.48165327 0.24478741 0.6241194
2 0.0003338416 0.20314036 0.52211505 0.29124177 0.5773418
9 0.00033033057 0.18632893 0.51735765 0.23167412 0.6012536999999999
1 0.00032956453 0.183673 0.5460986 0.26046243 0.60219043
5 0.00032655045 0.1784036 0.5409567 0.25911033 0.6178614
4 0.00032530632 0.044641074 0.49000029999999994 0.158953 0.641224
10 0.0003232549 0.18029502 0.496809 0.25587097 0.5527263000000001
8 0.00032289507 0.64840966 0.41562444 0.92354554 0.9496266
6 0.000318173 0.020840384 0.52395874 0.14806679 0.6005723000000001
1 0.0003133428 0.0 0.49798617 0.11049344 0.58108544
8 0.00030478442 0.39326662 0.48118073 0.82147557 0.93630475
7 0.00029547786 0.014136612 0.5414026999999999 0.10670816 0.62608814
7 0.00029339682 0.16245171 0.50384766 0.2367711 0.63551617
12 0.00029052098 0.04553513 0.52342075 0.13496019 0.59384984
5 0.00028820816000000004 0.0 0.5424774 0.08261764 0.6688352
7 0.00028345876 0.20210356 0.5047991 0.27793404 0.56994367
13 0.0002784223 0.022247791 0.66524345 0.24252757 0.81809133
7 0.00027232055 0.18555246 0.48053440000000003 0.2506742 0.60681474
2 0.0002678261 0.015846251999999998 0.45489454 0.15793692 0.6056023
13 0.00026776787 0.0039764716999999995 0.53472906 0.06896804 0.5956505999999999
10 0.0002618688 0.04160457 0.5103348 0.12329442 0.58540016
13 0.00025842377 0.0071742496999999995 0.53782785 0.08951534 0.66365427
5 0.00025713467 0.005569555 0.5267899 0.09476338 0.6189927
8 0.00024578758 0.5183243 0.26189104 0.8266148999999999 0.88995457
8 0.00024495827 0.04893723 0.6667616999999999 0.7622278 0.96281075
3 0.00024391459 0.0018771365 0.5242943 0.06397782 0.5895815
11 0.00024336045 0.016095404 0.5261698 0.06825572 0.5990974
5 0.00023706461 0.1952385 0.54125834 0.27926078 0.625736
11 0.00023104419 0.030782765 0.49089608 0.073710315 0.6181448
2 0.00022959666 0.21621820000000003 0.47487503 0.2761383 0.56887746
9 0.00022816006000000002 0.21654594 0.51684237 0.27179593 0.5892894000000001
1 0.00022397182999999996 0.008196535999999999 0.5430299 0.07393044 0.6089498999999999
13 0.00022383068999999998 0.006245725 0.6200328 0.20572680000000002 0.8472398000000001
9 0.00022237492999999998 0.20295332 0.5207992 0.2495714 0.5977643
3 0.00022181966 0.15042567 0.70263225 0.90924287 0.98438096
4 0.000220438 0.036121055 0.52583385 0.11702056 0.6168271
12 0.00021662802000000004 0.024034362000000004 0.50539666 0.086924195 0.6110409000000001
2 0.00021244651000000003 0.004206039 0.48401833 0.18728721 0.63038623
5 0.00020922479 0.0 0.5278457 0.10272388 0.58642226
11 0.00020789029 0.018832345 0.45438665 0.08514400000000001 0.68892145
12 0.00020751363000000002 0.19560592 0.5208691 0.29676247 0.58218896
13 0.0002034114 0.011683068999999999 0.7154339 0.22130573 0.83719057
13 0.0002016977 0.021001997999999997 0.55297667 0.09869945 0.6299274
1 0.00019328529999999998 0.026964426 0.53709126 0.0953339 0.60796154
3 0.00019177636000000003 0.04566052599999999 0.63096017 0.23391816 0.91721565
12 0.00018762156999999998 0.038076742999999996 0.51233935 0.096452564 0.60400844
11 0.00018754583 0.059932843 0.5189858 0.10986525 0.5932295999999999
8 0.00018715723000000003 0.66669905 0.14842473 0.8902191999999999 0.6841921
8 0.00018654738999999997 0.7681473000000001 0.19993427 0.9374941999999999 0.7405354999999999
1 0.00018388228 0.0 0.5172234 0.07208459 0.6038448000000001
2 0.00018332878000000002 0.21190153 0.49469438 0.26984963 0.595743
6 0.00018096009999999998 0.18985571 0.48322758 0.27779657 0.5816520000000001
6 0.00018034977 0.18410161 0.5224104 0.29741266 0.59649074
1 0.00017990526000000002 0.043863035999999994 0.53337723 0.10598465 0.60431415
9 0.00017898418000000002 0.04131695 0.51206887 0.10169955 0.601795
6 0.00017776892 0.0026764795 0.5241545999999999 0.106308654 0.5919449999999999
1 0.00017650754000000002 0.0 0.5502642 0.12863556 0.6551461999999999
3 0.00017423382 0.061281964 0.592604 0.39895159999999996 0.9426011999999999
3 0.00017096804 0.079224646 0.40089825 0.5179458 0.94059163
13 0.0001690957 0.19331244 0.5271501999999999 0.25706375 0.6146020000000001
10 0.00016826776999999998 0.19240396 0.48372418 0.24905945 0.5687191999999999
10 0.00016600473999999998 0.19560355 0.51352483 0.2846885 0.58379173
9 0.00016458104 0.0412111 0.55077726 0.12661095 0.60342246
5 0.00016162988 0.015754908 0.68532866 0.44218215 1.0
10 0.00016148467 0.044669546 0.48219088 0.09535811 0.60242444
10 0.00016009137 0.034175396000000004 0.545713 0.10802396 0.6129336999999999
11 0.00015756927 0.03825241 0.5490573000000001 0.09548944 0.63420904
8 0.00015454044 0.15460908 0.47415918 0.28248809999999996 0.61567813
6 0.00015439522 0.0 0.55331844 0.11844519 0.60872066
12 0.000149174 0.18386754 0.5057298 0.24586645 0.59682614
2 0.00014336995000000001 0.038520522 0.5069402 0.12134863 0.5896829
10 0.00014163481 0.02515762 0.5039157 0.0803435 0.6029029
10 0.0001414364 0.036835466000000004 0.45425993 0.14921999 0.64410436
9 0.00013777053 0.031367987 0.5436003 0.15786329 0.6470732
9 0.00013576404 0.024414397999999997 0.5530519 0.106404476 0.6072451
1 0.00013438724 0.0 0.5653262 0.07259785 0.65351576
11 0.00013262204 0.05017768 0.4899191 0.08920637 0.6143564
5 0.00013148343999999998 0.017620053 0.53698945 0.113955006 0.62871677
5 0.00013017633 0.0062383264 0.53081703 0.15051292 0.60236627
8 0.00012893698 0.016291719 0.49932137 0.13632773 0.846722
10 0.00012793827 0.06605681 0.4737424 0.10736204 0.6011798
1 0.00012488326999999998 0.16897453 0.5141179 0.23362012 0.5545401
8 0.00012486646 0.7967326 0.15717967 0.93742925 0.5981692
10 0.00012463233999999998 0.010104045 0.52698284 0.06636857 0.59967774
3 0.000123656 0.07680535 0.65023315 0.30492085 0.90804607
10 0.00012329508999999998 0.21056020000000003 0.4948455 0.2721658 0.55369973
9 0.00012272187 0.01963344 0.51315725 0.07804483 0.64283526
10 0.00012252283 0.016935546 0.55851614 0.09661624 0.6171325
9 0.00011871901000000001 0.18719135 0.51129055 0.24718479999999998 0.5623151
13 0.00011851343999999999 0.0 0.5655581999999999 0.32629990000000003 0.8442679
4 0.00011725908000000002 0.2227208 0.50447774 0.2806809 0.56166935
8 0.00011333909 0.0932664 0.101408616 0.34263256 0.75820047
12 0.00011297203000000002 0.046580724000000004 0.5327214 0.10323327 0.6104746999999999
1 0.00011189894599999999 0.0 0.56627125 0.3826943 0.9070689000000001
10 0.00011093243 0.18472803 0.50946444 0.24250731 0.60105246
5 0.00010993169400000001 0.18831638 0.5230710999999999 0.28440392 0.56790274
13 0.0001091531 0.0 0.64756584 0.27457166 0.8954880999999999
13 0.00010799191000000001 0.0 0.66228503 0.37884736 0.9155324
11 0.000105681196 0.051941722999999995 0.4556991 0.16834357 0.6586959
11 0.00010535816999999999 0.054998785 0.54227 0.104350105 0.628482
4 0.00010332139000000001 0.21517825 0.5044945 0.27549666 0.61880934
2 0.000102872684 0.20231771 0.47852817 0.26523978 0.5556284
5 9.7673874e-05 0.19496293 0.5367082 0.2338344 0.6480563
8 9.756775e-05 0.05006004 0.67538476 0.17906561 0.87092954
13 9.7367665e-05 0.0 0.22507602 0.47153950000000006 1.0
13 9.715185e-05 0.009551905 0.44371873 0.21524265 0.9803366
4 9.6482385e-05 0.061611757 0.4659399 0.11145212 0.5993708000000001
9 9.616427e-05 0.05997454 0.511514 0.116115466 0.59204525
7 9.527366e-05 0.011833139 0.48566738 0.07948211599999999 0.63387656
8 9.05643e-05 0.34927133 0.2614743 0.65469396 0.85156196
6 8.5001266e-05 0.0 0.49115452 0.16838282 0.63516307
11 8.473700000000001e-05 0.023667261000000002 0.52149606 0.058383292999999996 0.5941298
13 8.295662e-05 0.06843957 0.44040394 0.40434673 1.0
5 8.113020999999999e-05 0.0 0.5537551 0.10976659 0.6135528
2 8.1114435e-05 0.18692032 0.50125957 0.2661226 0.54875296
3 7.943179000000001e-05 0.8061401999999999 0.45822605 0.87339926 0.504748
4 7.896658e-05 0.037906207000000004 0.48454183 0.10675391 0.60668063
3 7.842694000000001e-05 0.23095423 0.8179528 0.8060970000000001 1.0
8 7.756225999999999e-05 0.012109935 0.52390724 0.07196887 0.588148
9 7.6386066e-05 0.07902773 0.5411194 0.4713558 1.0
7 7.5102515e-05 0.0 0.51117486 0.07707434 0.6103228
11 7.340935e-05 0.19630095 0.5047232 0.2317268 0.56266326
7 7.224733e-05 0.16945712 0.50453293 0.24160079999999998 0.5744333
8 7.089567e-05 0.052794485999999995 0.13923295 0.25993425 0.7076735
13 7.075338e-05 0.16240224 0.54310024 0.23969239 0.58490753
7 6.867159000000001e-05 0.043800503 0.48328263 0.10131477 0.6325126
3 6.776024999999999e-05 0.06297019 0.6866118 0.23952743 0.8298045000000001
12 6.6775116e-05 0.0012613833 0.47320569999999995 0.08732188 0.6217176
4 6.520598000000001e-05 0.04773724 0.51274306 0.18279395 0.67329264
6 6.504648600000001e-05 0.0 0.5400564 0.20432952 0.66481054
8 5.711099e-05 0.0 0.5088676999999999 0.08445081 0.5750907
8 5.6797315e-05 0.95655906 0.42326003 0.98960674 0.48344135
10 5.6704714000000004e-05 0.01963051 0.48139086 0.09817383 0.6306094
10 5.5189204e-05 0.21556419 0.48330805 0.27168763 0.59730583
3 5.270581e-05 0.3926624 0.510319 0.9029654 0.9645162
10 5.255656e-05 0.0034041256 0.5313988000000001 0.082083054 0.5845044
11 4.9985249999999994e-05 0.13148597 0.45687994 0.41879043 1.0
13 4.9659673e-05 0.7891322 0.45400292 0.86762685 0.4991665
13 4.8805195999999994e-05 0.0 0.5145871 0.0884558 0.5825371
8 4.730458e-05 0.56108797 0.6765787 0.96712637 0.9712948
8 4.7136935e-05 0.021835417000000003 0.6610090999999999 0.1601136 0.82128453
1 4.5325814e-05 0.19029304 0.5165349 0.23188019 0.5918361999999999
1 4.51499e-05 0.027710702 0.5708928000000001 0.10437831 0.6135421999999999
13 4.4644905e-05 0.0 0.68302625 0.18421373 0.8172472
8 4.3695116e-05 0.03445036 0.6838298 0.19227260000000002 0.9673875
11 4.369268200000001e-05 0.031423636 0.5260894 0.093064375 0.6003385
8 4.345817e-05 0.7273586999999999 0.6406124 0.94935954 0.88793504
3 4.3357429999999995e-05 0.7944193 0.46502516 0.877826 0.5336474
2 4.2845793e-05 0.009896311999999999 0.49864542 0.10402162400000001 0.6201276
9 4.2533477000000006e-05 0.006881371 0.52425563 0.08357327 0.5892195
8 4.2217263000000005e-05 0.57044363 0.4320215 0.8646296 0.9305966
6 4.1483872e-05 0.0 0.5375654000000001 0.115398504 0.6657029999999999
5 4.0999459999999997e-05 0.020657651000000003 0.55285436 0.09473936 0.64442205
2 4.0737177000000004e-05 0.014647018000000001 0.54927427 0.09606995 0.6113793000000001
8 3.9685237e-05 0.52611315 0.14789005 0.7823899999999999 0.66665584
13 3.9581329999999995e-05 0.0007197410000000001 0.20569934 0.25725514 1.0
6 3.947623e-05 0.015327558 0.503657 0.120070055 0.61386985
12 3.9156104e-05 0.20166062 0.49908268 0.23901363 0.62255937
3 3.8865146e-05 0.32622033 0.46430036 0.74739236 0.9190073000000001
13 3.8048845000000004e-05 0.1977065 0.51996547 0.2406341 0.6302776999999999
11 3.7825004e-05 0.20856543 0.44827816 0.23678766 0.63820773
13 3.7662365e-05 0.60446274 0.0 0.9702331 0.7328591
8 3.7627276e-05 0.43917817 0.24325211 0.75114924 0.87283355
4 3.7235270000000004e-05 0.19646318 0.5070473 0.2620449 0.6130272
3 3.70759e-05 0.17903544 0.5105737 0.23254152 0.5494774
13 3.6870337e-05 0.9482334000000001 0.45532963 0.9955655999999999 0.49296013
3 3.672795e-05 0.08011294 0.40588582 0.30158559999999995 0.9760583
3 3.6625846000000003e-05 0.6132149 0.29201168 0.93516725 0.9135414000000001
4 3.6577443e-05 0.18101607 0.5111521 0.24268515 0.60441077
13 3.6254754e-05 0.009392556 0.51274616 0.11438449 0.7119339
7 3.5409850000000005e-05 0.0 0.49636164 0.46301508 1.0
8 3.5154182e-05 0.16842039 0.5069208 0.21692292 0.55431557
1 3.4626883e-05 0.007044587299999999 0.5727852 0.08408365 0.6162039
3 3.3507116e-05 0.040455278 0.5143697 0.12594154 0.6018153
13 3.3306216e-05 0.71938837 0.011328643999999999 0.9827168 0.9213440999999999
1 3.1779982e-05 0.0 0.55189186 0.054436855 0.5937941
12 3.175593e-05 0.010622703 0.51006204 0.09944999 0.6415563
13 3.1215583e-05 0.78825015 0.47644314 0.87558323 0.5191125
10 3.1128788e-05 0.049074232999999995 0.5201625 0.09753561 0.6252907
8 3.0950236e-05 0.010187712 0.4801462 0.09065212 0.8866284
3 3.086006e-05 0.20961308 0.56694555 0.7503029999999999 0.99395734
2 3.0356041e-05 0.066912785 0.40573913 0.5130518000000001 0.88048077
10 3.0079735999999998e-05 0.19676226 0.49537393 0.261919 0.6001723000000001
12 2.9945895e-05 0.009708554 0.39197373 0.5735866999999999 0.88592595
6 2.9395913e-05 0.000695955 0.5342286999999999 0.08419801 0.57947916
3 2.9298114999999998e-05 0.9661403000000001 0.44133353 0.9995177 0.5083742
5 2.8796872e-05 0.0 0.52908844 0.06498177 0.5871145999999999
11 2.7970102e-05 0.048329893 0.57212186 0.16948548 0.9551898000000001
13 2.7481577000000002e-05 0.00015892088 0.5219467000000001 0.05583068 0.6113928000000001
8 2.7176242e-05 0.22852558 0.23799072 0.5130325 0.8220769
13 2.7104932e-05 0.09930837 0.6906521999999999 0.790095 1.0
9 2.7062028e-05 0.03820861 0.50823337 0.19284245 0.6283344
4 2.7013656999999998e-05 0.0049216077 0.517629 0.10403647 0.5904404000000001
6 2.6687752e-05 0.18283705 0.5141728 0.26626 0.61741525
9 2.6531095999999996e-05 0.060006455 0.26802707 0.47370738 1.0
13 2.609178e-05 0.6366864000000001 0.30931213 0.9566197 0.9267894
10 2.5653866e-05 0.21351963 0.4883595 0.23861253 0.6192546
9 2.5517435e-05 0.00382399 0.51196134 0.05940824 0.6196520000000001
11 2.5453697000000002e-05 0.071826436 0.48422903 0.10688131 0.5882779
12 2.5383720000000004e-05 0.030839456 0.52151 0.075556144 0.5935715
1 2.5383373e-05 0.028198052 0.55834204 0.09240343 0.6301386999999999
3 2.5190050999999997e-05 0.7209338000000001 0.30509096 0.96314275 0.9165709000000001
10 2.4855015e-05 0.16997582 0.42591363 0.5411083000000001 1.0
8 2.4686646e-05 0.012417953 0.5004267 0.08810830000000001 0.5955598000000001
6 2.3879002000000002e-05 0.0 0.5879137 0.56002945 0.9467795
8 2.357959e-05 0.22228737 0.8156288 0.58022004 0.98302156
4 2.3367680000000002e-05 0.014348749 0.5118305999999999 0.10273327 0.65263814
9 2.2948636e-05 0.044104252000000004 0.5476137 0.09837091 0.62616783
10 2.2053842e-05 0.023977242000000003 0.5068837 0.11218341400000001 0.6719559
10 2.195873e-05 0.0150834955 0.53949463 0.06186456 0.5827593000000001
4 2.1905170000000003e-05 0.1921109 0.50203806 0.24629441 0.5610878
3 2.1867736e-05 0.65675366 0.44428614 0.95567024 0.9705674000000001
1 2.1842043e-05 0.0 0.26892072 0.40746728 0.79470974
11 2.1799196000000002e-05 0.07332885 0.60870737 0.23438811 0.9585551999999999
