8 0.0125 0.33055555555555555 0.09427083333333333 0.4027777777777778
8 0.08854166666666667 0.32592592592592595 0.17708333333333334 0.4
3 0.18802083333333333 0.3388888888888889 0.23697916666666666 0.38981481481481484
3 0.2921875 0.3425925925925926 0.3182291666666667 0.37407407407407406
3 0.31927083333333334 0.3388888888888889 0.3494791666666667 0.37222222222222223
3 0.3651041666666667 0.3277777777777778 0.396875 0.36666666666666664
3 0.39166666666666666 0.3425925925925926 0.4114583333333333 0.3638888888888889
3 0.4109375 0.3453703703703704 0.4203125 0.36203703703703705
3 0.45208333333333334 0.34444444444444444 0.4671875 0.35833333333333334
3 0.496875 0.3453703703703704 0.5166666666666667 0.37037037037037035
3 0.6677083333333333 0.3472222222222222 0.6875 0.36944444444444446
3 0.7088541666666667 0.34074074074074073 0.7369791666666666 0.362962962962963
10 0.5703125 0.3111111111111111 0.5791666666666667 0.31851851851851853
10 0.584375 0.31296296296296294 0.5921875 0.3194444444444444
10 0.5989583333333334 0.31296296296296294 0.6046875 0.3212962962962963
