10 0.285 0.3620178041543027 0.3 0.4094955489614243
10 0.3516666666666667 0.3738872403560831 0.3666666666666665 0.4272997032640949
10 0.4583333333333333 0.3798219584569733 0.4683333333333333 0.43026706231454
10 0.5316666666666666 0.3857566765578635 0.5416666666666666 0.4362017804154303
10 0.6666666666666666 0.486646884272997 0.6783333333333333 0.5578635014836796
10 0.8766666666666667 0.1869436201780416 0.8883333333333333 0.27596439169139464
10 0.9266666666666666 0.13353115727002968 0.9433333333333334 0.2344213649851632
3 0.09166666666666666 0.6142433234421365 0.16333333333333333 0.6884272997032641
3 0.16166666666666665 0.6379821958456974 0.18833333333333327 0.6646884272997032
3 0.2283333333333333 0.6112759643916914 0.2933333333333333 0.6943620178041543
3 0.2883333333333333 0.6083086053412463 0.31166666666666665 0.6706231454005934
3 0.2983333333333333 0.6261127596439169 0.35 0.6913946587537092
3 0.3516666666666667 0.6379821958456974 0.37833333333333335 0.6676557863501483
3 0.38 0.6350148367952523 0.4033333333333333 0.6617210682492581
3 0.44333333333333336 0.6468842729970327 0.465 0.658753709198813
3 0.075 0.6261127596439169 0.09833333333333333 0.6528189910979229
3 0.42 0.6439169139465876 0.445 0.6676557863501483
3 0.4683333333333333 0.6468842729970327 0.4766666666666667 0.6646884272997032
3 0.48 0.6468842729970327 0.4916666666666666 0.6676557863501483
3 0.4916666666666666 0.6468842729970327 0.51 0.6646884272997032
3 0.5883333333333334 0.6409495548961425 0.5983333333333334 0.6617210682492581
3 0.5766666666666667 0.6350148367952523 0.5866666666666667 0.6498516320474778
3 0.7 0.6083086053412463 0.7216666666666667 0.6439169139465876
3 0.8166666666666667 0.6142433234421365 0.97 0.6943620178041543
