3 0.004166666666666667 0.40370370370370373 0.0890625 0.4740740740740741
3 0.27395833333333336 0.37962962962962965 0.2953125 0.4027777777777778
3 0.31927083333333334 0.375 0.3359375 0.39537037037037037
3 0.3359375 0.36666666666666664 0.34739583333333335 0.3824074074074074
3 0.3536458333333333 0.362962962962963 0.36302083333333335 0.375
3 0.35989583333333336 0.3509259259259259 0.36770833333333336 0.36203703703703705
3 0.36770833333333336 0.3453703703703704 0.3734375 0.35555555555555557
3 0.3734375 0.3490740740740741 0.3802083333333333 0.3574074074074074
3 0.4114583333333333 0.36574074074074076 0.428125 0.3851851851851852
3 0.4197916666666667 0.325 0.4244791666666667 0.33055555555555555
