10 0.2984375 0.37222222222222223 0.3125 0.42407407407407405
10 0.36666666666666664 0.37777777777777777 0.3770833333333333 0.42685185185185187
10 0.46770833333333334 0.3814814814814815 0.48125 0.43425925925925923
10 0.5411458333333333 0.38981481481481484 0.5536458333333333 0.44166666666666665
10 0.6791666666666667 0.49444444444444446 0.6880208333333333 0.5574074074074075
10 0.8864583333333333 0.1935185185185185 0.9098958333333333 0.2796296296296296
10 0.9359375 0.14351851851851852 0.959375 0.22962962962962963
3 0.0765625 0.5990740740740741 0.37864583333333335 0.7842592592592592
3 0.0890625 0.6231481481481481 0.22447916666666667 0.6842592592592592
3 0.33489583333333334 0.6138888888888889 0.39114583333333336 0.6962962962962963
3 0.37135416666666665 0.6203703703703703 0.3963541666666667 0.6620370370370371
3 0.08489583333333334 0.6268518518518519 0.11875 0.6592592592592592
3 0.43333333333333335 0.649074074074074 0.4588541666666667 0.6759259259259259
3 0.4953125 0.6175925925925926 0.5276041666666667 0.6777777777777778
3 0.525 0.6314814814814815 0.5432291666666667 0.6731481481481482
3 0.5755208333333334 0.6351851851851852 0.5901041666666667 0.6620370370370371
3 0.7114583333333333 0.6092592592592593 0.7369791666666666 0.6462962962962963
3 0.8901041666666667 0.612037037037037 0.9359375 0.6601851851851852
3 0.7661458333333333 0.6101851851851852 0.9036458333333334 0.7083333333333334
3 0.9421875 0.6018518518518519 1.0 0.7018518518518518
