10 0.2791666666666667 0.3675925925925926 0.2911458333333333 0.42407407407407405
10 0.3484375 0.3768518518518518 0.36041666666666666 0.42777777777777776
10 0.4505208333333333 0.3814814814814815 0.4625 0.4361111111111111
10 0.525 0.39166666666666666 0.5375 0.44537037037037036
10 0.659375 0.4962962962962963 0.6708333333333333 0.5555555555555556
10 0.8677083333333333 0.2 0.8911458333333333 0.2740740740740741
10 0.9197916666666667 0.13518518518518519 0.9385416666666667 0.225
3 0.0859375 0.6203703703703703 0.16197916666666667 0.6851851851851852
3 0.2265625 0.6092592592592593 0.2869791666666667 0.687037037037037
3 0.2911458333333333 0.6305555555555555 0.340625 0.6907407407407408
3 0.2828125 0.6166666666666667 0.30625 0.6796296296296296
3 0.06927083333333334 0.6240740740740741 0.09427083333333333 0.6583333333333333
3 0.15833333333333333 0.6370370370370371 0.17916666666666667 0.6694444444444444
3 0.42552083333333335 0.6425925925925926 0.44479166666666664 0.6712962962962963
3 0.44895833333333335 0.6462962962962963 0.4630208333333333 0.6694444444444444
3 0.475 0.5888888888888889 0.6578125 0.7240740740740741
3 0.6494791666666667 0.612037037037037 0.7458333333333333 0.700925925925926
3 0.8677083333333333 0.6157407407407407 0.9161458333333333 0.6777777777777778
3 0.8984375 0.5944444444444444 0.9421875 0.6842592592592592
