10 0.3390625 0.4 0.35052083333333334 0.4537037037037037
10 0.4036458333333333 0.40370370370370373 0.4192708333333333 0.45740740740740743
10 0.5046875 0.4027777777777778 0.5192708333333333 0.4648148148148148
10 0.5833333333333334 0.41388888888888886 0.5932291666666667 0.4666666666666667
10 0.721875 0.5203703703703704 0.7348958333333333 0.575
10 0.9380208333333333 0.19722222222222222 0.9614583333333333 0.28888888888888886
3 0.0010416666666666667 0.5592592592592592 0.203125 0.812037037037037
3 0.1890625 0.6388888888888888 0.22708333333333333 0.7222222222222222
3 0.290625 0.637962962962963 0.3453125 0.7092592592592593
3 0.22083333333333333 0.6592592592592592 0.24427083333333333 0.7018518518518518
3 0.35572916666666665 0.6425925925925926 0.40260416666666665 0.7101851851851851
3 0.4708333333333333 0.6416666666666667 0.6572916666666667 0.7453703703703703
3 0.6432291666666666 0.625 0.784375 0.737037037037037
3 0.8791666666666667 0.6203703703703703 1.0 0.7333333333333333
8 0.7598958333333333 0.612037037037037 0.8739583333333333 0.7296296296296296
