3 0.0005208333333333333 0.562037037037037 0.013541666666666667 0.575925925925926
3 0.04479166666666667 0.549074074074074 0.0890625 0.5666666666666667
3 0.13854166666666667 0.55 0.175 0.5851851851851851
3 0.20989583333333334 0.5333333333333333 0.22760416666666666 0.5564814814814815
3 0.190625 0.525 0.20625 0.5416666666666666
3 0.26145833333333335 0.5185185185185185 0.275 0.5351851851851852
3 0.2760416666666667 0.5157407407407407 0.2833333333333333 0.5314814814814814
3 0.2828125 0.5175925925925926 0.29791666666666666 0.5351851851851852
3 0.4197916666666667 0.4935185185185185 0.4510416666666667 0.5333333333333333
3 0.596875 0.44907407407407407 0.6270833333333333 0.4703703703703704
3 0.8265625 0.4046296296296296 0.8734375 0.44074074074074077
