3 0.015 0.2522255192878338 0.14333333333333334 0.34718100890207715
3 0.2433333333333333 0.2670623145400593 0.2816666666666667 0.2967359050445104
3 0.32166666666666666 0.27596439169139464 0.3383333333333333 0.2967359050445104
3 0.3416666666666667 0.27596439169139464 0.3566666666666667 0.2937685459940653
3 0.3583333333333333 0.27299703264094954 0.375 0.2967359050445104
3 0.38166666666666665 0.2789317507418398 0.3983333333333333 0.2967359050445104
3 0.5183333333333333 0.2878338278931751 0.55 0.32344213649851633
10 0.4583333333333333 0.2195845697329377 0.4683333333333333 0.228486646884273
10 0.4816666666666667 0.2225519287833828 0.4933333333333334 0.2314540059347181
10 0.43 0.2166172106824926 0.44333333333333336 0.228486646884273
