3 0.1125 0.5111111111111111 0.2755208333333333 0.587037037037037
3 0.0005208333333333333 0.5074074074074074 0.05 0.5990740740740741
3 0.08229166666666667 0.5157407407407407 0.14114583333333333 0.5787037037037037
3 0.5291666666666667 0.5101851851851852 0.6473958333333333 0.5990740740740741
3 0.6578125 0.5055555555555555 0.8291666666666667 0.6268518518518519
3 0.8151041666666666 0.5231481481481481 0.8760416666666667 0.6101851851851852
8 0.31145833333333334 0.5064814814814815 0.3567708333333333 0.5740740740740741
3 0.35260416666666666 0.5194444444444445 0.3651041666666667 0.5657407407407408
10 0.346875 0.31666666666666665 0.36041666666666666 0.3768518518518518
10 0.4390625 0.33611111111111114 0.4505208333333333 0.3787037037037037
10 0.5057291666666667 0.34629629629629627 0.515625 0.3861111111111111
