10 0.4354166666666667 0.47685185185185186 0.4432291666666667 0.5018518518518519
10 0.46875 0.47685185185185186 0.47552083333333334 0.5055555555555555
10 0.5057291666666667 0.48055555555555557 0.5145833333333333 0.5027777777777778
10 0.58125 0.4351851851851852 0.5875 0.4675925925925926
10 0.6072916666666667 0.425 0.615625 0.4648148148148148
10 0.6338541666666667 0.42777777777777776 0.6421875 0.46111111111111114
8 0.2765625 0.4638888888888889 0.4859375 0.7796296296296297
3 0.11302083333333333 0.5842592592592593 0.19947916666666668 0.6296296296296297
3 0.1953125 0.5768518518518518 0.22291666666666668 0.6212962962962963
3 0.22135416666666666 0.5768518518518518 0.24114583333333334 0.6129629629629629
3 0.2453125 0.5740740740740741 0.27447916666666666 0.6092592592592593
3 0.51875 0.5537037037037037 0.6036458333333333 0.6601851851851852
3 0.5078125 0.5592592592592592 0.5390625 0.6342592592592593
3 0.4895833333333333 0.5592592592592592 0.5072916666666667 0.6175925925925926
3 0.5854166666666667 0.5574074074074075 0.6119791666666666 0.6231481481481481
