10 0.3104166666666667 0.3685185185185185 0.3234375 0.4185185185185185
10 0.8994791666666667 0.1925925925925926 0.9223958333333333 0.275
10 0.553125 0.39166666666666666 0.5661458333333333 0.44166666666666665
10 0.4791666666666667 0.3814814814814815 0.4921875 0.43148148148148147
10 0.3770833333333333 0.3731481481481482 0.39010416666666664 0.42314814814814816
10 0.6901041666666666 0.49537037037037035 0.703125 0.5527777777777778
10 0.9526041666666667 0.13518518518518519 0.9703125 0.2212962962962963
3 0.0026041666666666665 0.6055555555555555 0.0484375 0.7064814814814815
3 0.12291666666666666 0.6101851851851852 0.1921875 0.6833333333333333
3 0.1921875 0.6351851851851852 0.21458333333333332 0.662962962962963
3 0.1046875 0.625 0.128125 0.649074074074074
3 0.25416666666666665 0.6083333333333333 0.32708333333333334 0.6851851851851852
3 0.2953125 0.6 0.4578125 0.7064814814814815
3 0.5057291666666667 0.6194444444444445 0.5333333333333333 0.6759259259259259
3 0.5552083333333333 0.6092592592592593 0.6458333333333334 0.6953703703703704
3 0.653125 0.5962962962962963 0.80625 0.6925925925925925
3 0.759375 0.5981481481481481 0.9854166666666667 0.7555555555555555
3 0.9020833333333333 0.587037037037037 1.0 0.7083333333333334
