3 0.014583333333333334 0.25092592592592594 0.1421875 0.3453703703703704
3 0.24322916666666666 0.2657407407407407 0.28072916666666664 0.29444444444444445
3 0.3203125 0.27314814814814814 0.33697916666666666 0.2962962962962963
3 0.340625 0.2740740740740741 0.35625 0.29259259259259257
3 0.3567708333333333 0.2722222222222222 0.37395833333333334 0.29444444444444445
3 0.3802083333333333 0.27685185185185185 0.39791666666666664 0.29444444444444445
3 0.5177083333333333 0.2861111111111111 0.55 0.3212962962962963
10 0.45729166666666665 0.2175925925925926 0.46822916666666664 0.22777777777777777
10 0.48125 0.22037037037037038 0.4921875 0.22962962962962963
10 0.42864583333333334 0.21481481481481482 0.4432291666666667 0.22592592592592592
