10 0.4966666666666666 0.002967359050445104 0.5433333333333333 0.032640949554896145
10 0.5883333333333334 0.008902077151335312 0.6166666666666667 0.032640949554896145
10 0.66 0.014836795252225518 0.6916666666666667 0.04154302670623145
3 0.5933333333333334 0.20178041543026706 0.6283333333333333 0.2522255192878338
3 0.3566666666666667 0.2166172106824926 0.4 0.2611275964391692
3 0.2716666666666667 0.20474777448071216 0.3316666666666667 0.27596439169139464
8 0.32666666666666666 0.20474777448071216 0.36 0.2611275964391692
3 0.3933333333333333 0.2106824925816024 0.4133333333333333 0.2611275964391692
8 0.175 0.198813056379822 0.255 0.28486646884273
3 0.25 0.2166172106824926 0.2783333333333333 0.27596439169139464
3 0.4216666666666667 0.2314540059347181 0.43 0.2403560830860534
3 0.43 0.2344213649851632 0.43833333333333335 0.2433234421364985
