8 0.005 0.3976261127596439 0.145 0.6320474777448071
8 0.03666666666666667 0.3738872403560831 0.235 0.5756676557863502
3 0.2466666666666667 0.4985163204747775 0.2833333333333333 0.5578635014836796
3 0.35 0.4985163204747775 0.38666666666666666 0.5578635014836796
3 0.465 0.5074183976261127 0.6133333333333333 0.5964391691394659
3 0.2933333333333333 0.5074183976261127 0.3083333333333333 0.5252225519287834
3 0.23166666666666666 0.486646884272997 0.255 0.5400593471810089
3 0.2783333333333333 0.5103857566765578 0.29 0.5311572700296736
3 0.7066666666666667 0.516320474777448 0.76 0.5548961424332344
3 0.6833333333333333 0.516320474777448 0.7083333333333334 0.5519287833827893
3 0.6583333333333333 0.5222551928783383 0.6866666666666666 0.5519287833827893
3 0.67 0.5341246290801187 0.685 0.5519287833827893
3 0.6483333333333333 0.5252225519287834 0.66 0.543026706231454
3 0.93 0.5341246290801187 0.9916666666666668 0.5756676557863502
3 0.9166666666666666 0.5252225519287834 0.96 0.5548961424332344
10 0.3633333333333333 0.3768545994065282 0.3933333333333333 0.3976261127596439
10 0.45 0.3827893175074184 0.4733333333333333 0.4035608308605341
10 0.5033333333333333 0.3916913946587537 0.525 0.4094955489614243
10 0.9083333333333332 0.2611275964391692 0.95 0.3026706231454006
