8 0.6541666666666667 0.15092592592592594 1.0 0.6601851851851852
3 0.61875 0.37777777777777777 0.6734375 0.5879629629629629
3 0.3890625 0.32407407407407407 0.63125 0.475
3 0.3536458333333333 0.3148148148148148 0.4515625 0.4398148148148148
3 0.31875 0.33240740740740743 0.3723958333333333 0.42685185185185187
3 0.3026041666666667 0.37037037037037035 0.325 0.42407407407407405
8 0.25625 0.33611111111111114 0.3265625 0.412962962962963
3 0.24270833333333333 0.33611111111111114 0.2765625 0.3768518518518518
3 0.0005208333333333333 0.31296296296296294 0.06302083333333333 0.3824074074074074
3 0.0546875 0.32407407407407407 0.11510416666666666 0.3768518518518518
3 0.0578125 0.3175925925925926 0.12708333333333333 0.3768518518518518
3 0.11666666666666667 0.33240740740740743 0.14322916666666666 0.37037037037037035
