10 0.2869791666666667 0.3592592592592593 0.2994791666666667 0.41388888888888886
10 0.353125 0.3648148148148148 0.36770833333333336 0.41759259259259257
10 0.4546875 0.3768518518518518 0.46770833333333334 0.425
10 0.5296875 0.3787037037037037 0.5427083333333333 0.43425925925925923
10 0.8776041666666666 0.18981481481481483 0.8953125 0.2759259259259259
10 0.6671875 0.4888888888888889 0.6776041666666667 0.5564814814814815
10 0.9223958333333333 0.14074074074074075 0.9416666666666667 0.22870370370370371
3 0.09322916666666667 0.6092592592592593 0.16875 0.6842592592592592
3 0.228125 0.6064814814814815 0.2947916666666667 0.6805555555555556
3 0.29635416666666664 0.6157407407407407 0.34479166666666666 0.6759259259259259
3 0.1640625 0.6305555555555555 0.19270833333333334 0.6546296296296297
3 0.07291666666666667 0.6166666666666667 0.1 0.6583333333333333
3 0.33489583333333334 0.5981481481481481 0.5005208333333333 0.6981481481481482
3 0.47291666666666665 0.6101851851851852 0.6661458333333333 0.7231481481481481
3 0.7015625 0.6018518518518519 0.7197916666666667 0.6425925925925926
3 0.8692708333333333 0.6083333333333333 0.9203125 0.6694444444444444
3 0.8984375 0.587037037037037 0.9385416666666667 0.6601851851851852
