3 0.3411458333333333 0.5370370370370371 0.38125 0.5907407407407408
3 0.29739583333333336 0.5453703703703704 0.3255208333333333 0.5777777777777777
3 0.23697916666666666 0.5462962962962963 0.2755208333333333 0.5907407407407408
3 0.21875 0.5324074074074074 0.24427083333333333 0.5777777777777777
3 0.1734375 0.5425925925925926 0.23125 0.5879629629629629
3 0.11302083333333333 0.537962962962963 0.1703125 0.587037037037037
3 0.0020833333333333333 0.5212962962962963 0.0390625 0.5787037037037037
3 0.8875 0.562962962962963 0.9953125 0.6370370370370371
3 0.4786458333333333 0.5564814814814815 0.509375 0.5777777777777777
3 0.5432291666666667 0.5518518518518518 0.559375 0.575
3 0.6989583333333333 0.55 0.7510416666666667 0.5879629629629629
3 0.6770833333333334 0.5518518518518518 0.6979166666666666 0.5814814814814815
3 0.6635416666666667 0.5601851851851852 0.6770833333333334 0.5814814814814815
3 0.646875 0.5481481481481482 0.6682291666666667 0.5814814814814815
10 0.35572916666666665 0.4166666666666667 0.38645833333333335 0.43796296296296294
10 0.4427083333333333 0.4185185185185185 0.4671875 0.4388888888888889
10 0.4973958333333333 0.42685185185185187 0.5197916666666667 0.4444444444444444
10 0.8958333333333334 0.29907407407407405 0.9354166666666667 0.3287037037037037
