8 0.655 0.1513353115727003 1.0 0.6617210682492581
3 0.62 0.3798219584569733 0.675 0.5905044510385756
3 0.39 0.3264094955489614 0.6316666666666667 0.4777448071216617
3 0.355 0.3175074183976261 0.4516666666666666 0.4421364985163205
3 0.32 0.3353115727002967 0.37333333333333335 0.4272997032640949
3 0.3033333333333333 0.37091988130563797 0.325 0.42433234421364985
8 0.25666666666666665 0.33827893175074186 0.32666666666666666 0.41543026706231456
3 0.2433333333333333 0.33827893175074186 0.2766666666666667 0.3768545994065282
3 0.0016666666666666668 0.31454005934718104 0.06333333333333334 0.3827893175074184
3 0.055 0.3264094955489614 0.11666666666666667 0.3768545994065282
3 0.05833333333333333 0.32047477744807124 0.12833333333333333 0.3768545994065282
3 0.11666666666666667 0.3353115727002967 0.14333333333333334 0.37091988130563797
