10 0.2833333333333333 0.375 0.296875 0.43148148148148147
10 0.35260416666666666 0.3814814814814815 0.3651041666666667 0.4287037037037037
10 0.4546875 0.38981481481481484 0.465625 0.4444444444444444
10 0.5291666666666667 0.3925925925925926 0.5427083333333333 0.4462962962962963
10 0.6630208333333333 0.4981481481481482 0.6760416666666667 0.5638888888888889
10 0.8739583333333333 0.18888888888888888 0.8916666666666667 0.2851851851851852
10 0.9203125 0.13240740740740742 0.9432291666666667 0.23796296296296296
3 0.09427083333333333 0.625 0.1625 0.6888888888888889
3 0.228125 0.6166666666666667 0.29270833333333335 0.6953703703703704
3 0.30052083333333335 0.6342592592592593 0.3463541666666667 0.6925925925925925
3 0.2911458333333333 0.6277777777777778 0.31666666666666665 0.6833333333333333
3 0.075 0.6342592592592593 0.10416666666666667 0.6638888888888889
3 0.16041666666666668 0.6453703703703704 0.18645833333333334 0.6731481481481482
3 0.4166666666666667 0.65 0.44895833333333335 0.6805555555555556
3 0.503125 0.637962962962963 0.5317708333333333 0.6796296296296296
3 0.5526041666666667 0.6564814814814814 0.5708333333333333 0.674074074074074
3 0.7015625 0.6101851851851852 0.7229166666666667 0.6564814814814814
3 0.8640625 0.5962962962962963 1.0 0.6972222222222222
