3 0.06614583333333333 0.6638888888888889 0.13333333333333333 0.7129629629629629
3 0.1328125 0.649074074074074 0.18645833333333334 0.7018518518518518
3 0.46770833333333334 0.6518518518518519 0.490625 0.6796296296296296
3 0.5046875 0.6601851851851852 0.5166666666666667 0.6731481481481482
3 0.8244791666666667 0.5990740740740741 0.9416666666666667 0.6851851851851852
3 0.7401041666666667 0.6296296296296297 0.8364583333333333 0.687962962962963
8 0.5932291666666667 0.6138888888888889 0.721875 0.6953703703703704
10 0.2947916666666667 0.5027777777777778 0.32135416666666666 0.5203703703703704
10 0.38125 0.4981481481481482 0.403125 0.5194444444444445
10 0.4432291666666667 0.49907407407407406 0.46510416666666665 0.5166666666666667
