10 0.3026041666666667 0.3675925925925926 0.3182291666666667 0.4287037037037037
10 0.68125 0.49537037037037035 0.6958333333333333 0.5592592592592592
10 0.5463541666666667 0.3907407407407407 0.5578125 0.4444444444444444
10 0.4713541666666667 0.38425925925925924 0.48489583333333336 0.4388888888888889
10 0.3671875 0.3712962962962963 0.3828125 0.4324074074074074
10 0.8932291666666666 0.1935185185185185 0.9083333333333333 0.2759259259259259
10 0.9395833333333333 0.13703703703703704 0.9572916666666667 0.23148148148148148
3 0.0010416666666666667 0.5916666666666667 0.2864583333333333 0.7888888888888889
3 0.2671875 0.5907407407407408 0.38958333333333334 0.7101851851851851
3 0.4005208333333333 0.6268518518518519 0.4276041666666667 0.6759259259259259
3 0.4317708333333333 0.6518518518518519 0.465625 0.674074074074074
3 0.5046875 0.6138888888888889 0.5578125 0.687037037037037
3 0.6510416666666666 0.6194444444444445 0.8083333333333333 0.7055555555555556
3 0.7661458333333333 0.6157407407407407 0.8354166666666667 0.712037037037037
3 0.8333333333333334 0.5953703703703703 1.0 0.7379629629629629
