8 0.9733685999999999 0.18390955 0.3493675 0.76811284 0.85848033
8 0.9147748 0.33653075 0.40448883 0.82186764 0.8967138000000001
8 0.8071396 0.07954832 0.3441165 0.54063505 0.7974095
3 0.09655006 0.35313946 0.21815178 0.84592986 0.92503685
8 0.06793695 0.48958140000000006 0.26917240000000003 0.8175682 0.66895205
8 0.054783665 0.014069376000000001 0.47312978 0.3320256 0.7580057
8 0.04637406 0.42697832 0.39920658 0.8170213000000001 0.68425435
8 0.04228730000000001 0.047360707 0.22687025 0.40177214 0.81344056
3 0.021042995 0.46806112 0.24452676 0.849511 0.69137913
8 0.020395804 0.5172931 0.35753816 0.88934845 0.90944755
8 0.015801398 0.018082866 0.56138325 0.32348868 0.8036131
3 0.013365723999999999 0.20281813 0.24469635 0.7081531 0.8974072
8 0.013347521999999999 0.43183205 0.25487438 0.9087072 0.8141629
8 0.012234887 0.43115753 0.5079226 0.81208426 0.7589130999999999
8 0.01191704 0.38967603 0.6021941 0.77162415 0.84774196
8 0.011265728999999999 0.62542534 0.6595044 0.8082513000000001 0.8120911999999999
3 0.009147746 0.6472354 0.6039846999999999 0.83718765 0.8524859
13 0.0071459340000000005 0.3329348 0.26042235 0.8939419 0.5748416000000001
8 0.0070917974 0.8307101999999998 0.60693246 0.9060775 0.6931556
9 0.0062640123 0.3266038 0.055384524000000004 0.90568465 0.69679517
8 0.004674388 0.028049707000000004 0.37505025 0.29723594 0.6841735999999999
8 0.0042082807 0.43336099999999994 0.23856492 0.750008 0.61905175
12 0.0037219686999999998 0.45566183 0.21986233 0.9737322 0.48700196
8 0.00350478 0.39312199999999997 0.45932126 0.75835127 0.7236755
3 0.0033559253999999998 0.13200442 0.32410038 0.5261859 0.8699823
8 0.0030688918 0.14349167 0.4201706 0.32764468 0.5650578
12 0.0028667995 0.4570741 0.29148155 0.93447185 0.5509288
8 0.0027299644000000002 0.054931335 0.49722978 0.41879687 0.79101837
9 0.0027277741999999997 0.4926777 0.2571555 0.97512287 0.5408437
2 0.0025686258 0.49184063 0.24365745 0.99058396 0.54712975
13 0.0024383764 0.44189277 0.099503785 1.0 0.8959379000000001
4 0.0020621504999999997 0.51428515 0.32418109999999994 0.8969809000000001 0.61251974
8 0.0017947268 0.011092033000000001 0.6022208 0.43327013 0.8400178
13 0.0017444396 0.18714169 0.12288404 0.9331290999999999 0.8834634
13 0.0017244144 0.42160708 0.37600532 1.0 0.9307815
13 0.0016746579 0.11501653 0.41043118 0.3746552 0.5593975
5 0.0016481766 0.12291202 0.46876925 0.78264785 0.9546863999999999
10 0.0016217695999999999 0.43521798 0.30006436 0.8577294 0.5520595
9 0.0014834399 0.41049007 0.0859596 0.76035625 0.8146738
9 0.0014793904 0.3149467 0.19887136 0.6738837 0.9157363000000002
4 0.0014231585999999999 0.4186451 0.08867638 1.0 0.7667672
9 0.0013938809 0.39854398 0.31730127 0.8191995 0.873295
12 0.0013610297 0.21439117 0.06509569999999999 0.9771991 0.632149
7 0.0013440442 0.42508698 0.27456420000000004 0.8897799000000001 0.62493926
3 0.0013365713 0.13072933 0.39998249999999996 0.44501904 0.8039848
8 0.0013232019 0.54563755 0.49647936 0.86872596 0.7859045
4 0.0012948385000000001 0.29698309999999994 0.18521978 1.0 0.708101
5 0.0012917672 0.04067871 0.42303923 0.60766965 0.9363094999999999
13 0.0012847187 0.35312453 0.37851036 0.9266521000000001 0.63588655
1 0.001231787 0.0 0.14257348 0.9257173000000001 0.63032603
8 0.0012227042 0.12504499 0.46911165 0.31857909999999995 0.57638305
13 0.0011396377 0.33909354 0.18164745 0.84764695 1.0
6 0.0011289205 0.41948405 0.3458001 0.87853086 0.5817180000000001
8 0.0011084775 0.6212033 0.24850816 0.91821223 0.90906173
5 0.0010882125 0.0 0.28661479999999995 1.0 0.6313854999999999
7 0.0010822532 0.06886394 0.1430263 1.0 0.7398339
13 0.0010699155 0.0 0.44170243 0.41591987 0.7249963
9 0.0010443704 0.48761797 0.34065574 0.94089997 0.8643324
1 0.0010198865 0.3247428 0.27938554 0.77734303 0.55403906
1 0.0009639655000000001 0.13604954 0.396171 0.64968306 0.927016
5 0.0009603849000000001 0.23240569 0.30569637 0.928053 0.46901450000000006
8 0.0009576435000000001 0.21633613 0.22244428 0.625058 0.7946462
3 0.0009512753999999999 0.16821563 0.42743587 0.3820368 0.5908821
9 0.0009238907400000001 0.25976193 0.011451798000000001 0.65743613 0.8070864999999999
13 0.00092136365 0.13977762 0.13669255 0.6539925999999999 1.0
8 0.0009181478999999999 0.5355036 0.37673473 0.8658476999999999 0.68977654
3 0.0008814815 0.09457897 0.29012334 0.39977092 0.8649323
1 0.0008813128 0.056749667999999996 0.14574857 0.6741216 0.7266013000000001
5 0.00086030364 0.2671926 0.5270444999999999 0.98910755 0.9992867
10 0.00085207785 0.33933884 0.0 0.8280620999999999 0.68997145
2 0.0008389013000000001 0.18839607 0.013023706999999999 1.0 0.7284795000000001
4 0.0008120423 0.52565694 0.3268488 0.8945489999999999 1.0
12 0.0008052808000000001 0.42178813 0.15716533 0.96785307 0.41533816
9 0.0007879046000000001 0.5096828 0.08186552 0.8829016 0.8106859000000001
4 0.0007846632000000001 0.3968399 0.32557476 0.77483475 1.0
5 0.00077496795 0.21557620000000002 0.36312783 0.95070267 0.54377353
3 0.00077479647 0.8537174000000001 0.60344815 0.9109801 0.6991281
5 0.0007545998700000001 0.0 0.36612353 1.0 0.7488066
12 0.00075369066 0.3470767 0.115143865 0.79901147 0.7875637
13 0.0007364788 0.0 0.47155559999999996 0.42741525 0.94802535
5 0.0007292088 0.10722107 0.37352404 0.78007287 0.8240575000000001
9 0.0007098770599999999 0.5524709 0.03650515 0.9672691999999999 0.69302434
7 0.00066441955 0.24894558 0.042908682999999996 0.94077927 0.83510137
1 0.0006598171000000001 0.21687296 0.183876 0.77220434 0.84849304
13 0.0006538215 0.14481376 0.5248999 1.0 0.92950726
9 0.00064702827 0.4399484 0.31784934 0.8805434999999999 0.6302001
2 0.0006468799 0.4623749 0.3254358 0.9423828000000002 1.0
10 0.0006462776999999999 0.19617897 0.035290733 0.93079877 0.6713020000000001
9 0.0006415856 0.13155532 0.22546631 0.5347133000000001 1.0
13 0.00063212105 0.2086303 0.43354112 0.70790315 0.9624616
10 0.0006289982 0.31625956 0.31929177 0.72560394 0.8816966
1 0.00062875275 0.0 0.31495064 0.48761899999999997 0.9196711
4 0.0006268033999999999 0.33815315 0.41494706 0.9768792 1.0
12 0.00059274153 0.47609705 0.36009845 0.95433545 0.6079549
8 0.0005915732 0.61052376 0.62844855 0.8025964 0.77099615
3 0.00055486045 0.5011177 0.16782616 0.9239859 0.7631126
10 0.00054615154 0.41700035 0.3235923 0.83124393 0.91024446
9 0.00053745543 0.22321357 0.37141815 1.0 0.91902333
13 0.0005185338 0.39045703 0.16948457 0.881669 0.51650304
5 0.0005163316000000001 0.0 0.48212380000000005 0.4873545 0.9936826999999999
3 0.00046891072999999996 0.6267919 0.65016824 0.75219613 0.7245734
12 0.00044512082 0.11621303 0.11291209 0.833636 0.74041647
2 0.00044258937000000005 0.33187896 0.24066435 1.0 1.0
5 0.0004293718 0.0 0.60260165 1.0 0.98960036
13 0.00042862858 0.23249036 0.32604540000000004 0.7690709 0.5787705
13 0.00041451372000000003 0.14808773 0.46801099999999995 0.40681362 0.58507824
4 0.00041223922999999996 0.5237741 0.21045299 0.8891409 0.48390758
8 0.00041124207 0.33317074 0.25577894 0.67726547 0.6388109000000001
12 0.00040656244 0.48053786 0.42753708 0.9404876 0.8632308000000001
2 0.00040184715 0.31597063 0.37651557 0.8648241 0.99249476
1 0.00040143865 0.2974915 0.46019414 0.78141797 0.95304525
13 0.00039436440000000005 0.44921768 0.2902145 0.83749616 0.6622188
11 0.00038793692000000003 0.17982231 0.0 0.5212113 1.0
1 0.00038669864000000003 0.12901179999999998 0.3086506 0.94629943 0.7899175
12 0.00038631968000000003 0.41746923 0.011877493000000001 0.94143194 0.58555734
11 0.00037166174 0.43765020000000004 0.0 0.7263647 1.0
4 0.00036519443 0.45155105 0.048622335999999995 0.8598628 0.9916393
6 0.00036321117999999993 0.0 0.18112509 1.0 0.6341836
7 0.00035015412000000004 0.33455795 0.30543888 0.9341764000000001 1.0
10 0.00034800038 0.46365175 0.0 0.7871808000000001 0.85414636
9 0.00033980398 0.079215676 0.42046767 0.46623564 0.7414081
2 0.00033970914 0.35680464 0.0 1.0 0.8391721999999999
2 0.00033914937999999996 0.030370465 0.39410365 0.56325454 0.6927986
4 0.00033403843 0.58493054 0.2383408 0.97952527 0.52347624
11 0.00033149762999999996 0.31076214 0.0 0.6556869000000001 1.0
12 0.00032960146 0.17229679 0.2705772 1.0 0.72710705
1 0.00032227357999999994 0.020238455 0.47128287 0.5284156999999999 0.89526635
12 0.00032157198 0.29500002 0.34647846 0.7197604000000001 0.87864757
2 0.00031907787 0.41117853 0.35770652 0.96871394 0.64084274
4 0.00031346060000000004 0.5714295 0.05740003 0.97026634 0.68169516
4 0.00031198064 0.60066026 0.1901005 0.9821359000000001 1.0
10 0.00030526507000000003 0.52314657 0.0 0.87053597 0.6320088
5 0.00030321322000000003 0.25707507 0.26998794 0.91120774 0.42034557
10 0.0003005306 0.5466633000000001 0.23182198 0.92479694 0.8999867
3 0.0002955191 0.47198385 0.21876237 0.721532 0.3488584
6 0.0002938807 0.37669188 0.29664272 0.8517935 0.5285383000000001
11 0.00028995637 0.5510553 0.16675441 0.89607924 1.0
5 0.00028556955000000003 0.20621249 0.4269604 0.95600003 0.62148833
10 0.0002853661 0.3990641 0.214304 0.81378293 0.47989905
1 0.00028472467 0.21293221 0.10044713 0.79959136 0.579188
11 0.0002762991 0.40386679999999997 0.041863684 0.8165102 0.7685778
4 0.00026985502 0.5305648000000001 0.039469300000000006 1.0 0.9484264000000001
13 0.00026934634999999996 0.55983394 0.6432248 0.84793395 0.7874873
2 0.00026612525 0.36907476 0.21507620000000002 0.8913983 0.48958257
13 0.0002583166 0.0 0.3266304 0.40380102 0.6442057
5 0.0002528236 0.39540523 0.39013338 1.0 0.9410200000000001
10 0.0002481299 0.23097672 0.1591813 0.64189863 0.8922066999999999
9 0.00024556348 0.05101284 0.31032145 0.44850270000000003 1.0
1 0.00023997642000000004 0.40539634 0.4594232 0.8991906 0.98486567
13 0.00023948796000000002 0.17303409 0.2903317 0.68015546 0.5452839
7 0.00023759202999999997 0.44755559999999994 0.19171728 0.94479805 0.5520778000000001
1 0.00023121083999999998 0.0 0.17804544 0.44954849999999996 0.7704224000000001
13 0.00022782339 0.5531338000000001 0.010929616000000001 0.9947521 0.7333913000000001
8 0.00022717845000000002 0.27853882 0.582016 0.69797254 0.84015423
12 0.00022695974999999998 0.37533537 0.30058736 0.8564200000000001 0.84140617
5 0.0002195557 0.33313724 0.27370754 1.0 0.70819527
7 0.00021480735 0.43587017 0.4177119000000001 0.8496263000000001 0.70513046
13 0.00021212082000000003 0.47744277 0.31298459999999995 1.0 0.6000397
1 0.0002077305 0.20607547 0.23619886 0.6875453 0.49396709999999994
3 0.00020760491 0.53919584 0.269598 0.8747020000000001 0.97920007
10 0.0002072605 0.49020734 0.19883534 0.9313290000000001 0.5032122
13 0.00020247243999999999 0.7955055 0.61139935 0.9072918 0.66965824
13 0.00019988445 0.0082361605 0.15772898 0.41117817 0.89622045
10 0.00019720089 0.52250206 0.0 0.9721383 0.81498295
7 0.00019427827000000002 0.0 0.41680983 1.0 1.0
12 0.00018708273999999998 0.045932445999999995 0.43398774 0.6152981 0.6663093000000001
12 0.00018487484 0.31959438 0.39094463 1.0 0.85151726
9 0.00018382767 0.14043017 0.04617485 0.55656195 0.8360581
7 0.00017966810000000002 0.0 0.42221450000000005 0.47733450000000005 0.7392399000000001
7 0.00017845389 0.2091521 0.085212305 0.7703369000000001 1.0
11 0.00017740931000000002 0.50518346 0.0 0.78367776 1.0
12 0.00017549012 0.5083289000000001 0.42739493 0.96657735 0.66520286
2 0.00017482282 0.25799972 0.33575904 0.7276149000000001 0.9266688
8 0.00017386371999999998 0.6333194000000001 0.58736974 0.8257013000000001 0.7194895
8 0.00017091043000000002 0.6699185000000001 0.17444985 0.9338098 0.78260756
1 0.00016555314 0.37635452 0.19176626 0.90811765 0.7760522
1 0.00016547448000000001 0.37223190000000006 0.38232398 0.8284200999999999 0.6430391
4 0.00016539503 0.27970144 0.32979307 0.65130436 1.0
13 0.00016338962 0.28288776 0.18644023 0.75790375 0.52186614
4 0.00015862905000000002 0.31423579999999995 0.0456898 0.7443196 0.90345746
13 0.00015855732 0.024255122999999996 0.5129011 0.5428390999999999 0.7751214
3 0.00015609773000000002 0.48211247 0.23140126 0.7642324 0.39058304
2 0.00015568681 0.8290314000000001 0.6070798000000001 0.9314962 0.6615156
7 0.00015353733999999997 0.35297728 0.38636425 0.76313436 0.6866805
10 0.0001466995 0.18505597 0.027507681000000003 0.56180495 0.76997197
13 0.00014668053 0.28045390000000003 0.45730156 0.86697894 0.72161746
2 0.00014597379999999998 0.22688416 0.13799365 0.6373137 0.8464111999999999
8 0.00014533653 0.70780534 0.29020009999999996 0.8997609000000001 0.88652927
3 0.00014527781000000001 0.49522528 0.28569192 0.72764295 0.42336008
11 0.00014335364 0.32834598 0.268495 0.9904751 1.0
12 0.00014156377 0.18188377 0.17944278 0.5854081999999999 0.84669864
11 0.00014120627 0.48421627 0.33608162 0.74067795 0.5915478
2 0.00013966841 0.54685193 0.0 0.9854127 0.9509556
6 0.00013947778 0.27455437 0.47107299999999996 0.90755516 1.0
3 0.00013877252000000001 0.4966765 0.32249048 0.71681714 0.48098186
12 0.00012449059999999998 0.18794319 0.03889178 0.6464038000000001 0.6711126000000001
3 0.00012437503000000002 0.4054897 0.20789699999999997 0.76186794 0.5948511
5 0.00012358124 0.0 0.34317553 0.40754667 0.8309895
2 0.00012325277 0.10419815 0.24727435 0.8084704 0.9069808000000001
4 0.00012253677 0.44267982 0.34353063 0.8084566999999999 0.6557516
8 0.00012251816000000002 0.05057229 0.12102283 0.2928614 0.930359
11 0.000121625475 0.104114145 0.0 0.43913367 1.0
10 0.00012009803999999998 0.32929194 0.0 0.69349134 0.5572005999999999
13 0.00011857643400000001 0.6313111 0.6668055 0.7317632 0.72531825
2 0.00011751430000000001 0.03987352 0.30819416 0.5102644000000001 0.9221385
11 0.00011646854 0.5011954000000001 0.0 0.95342636 0.9263133
9 0.00011564763 0.0375288 0.095916346 0.35834438 0.9277655999999999
9 0.00011425511999999999 0.53009313 0.21004736 1.0 0.46499250000000003
1 0.00011397591 0.0 0.43370494 0.34925142 0.9079056999999999
10 0.00011210976 0.41202307 0.35653967 0.7983864 0.6458791
9 0.00011133431000000001 0.8219583 0.6148166 0.9193008 0.67313516
4 0.00011099173 0.52261823 0.39206904 0.875265 0.7495079000000001
12 0.00010995114 0.53165776 0.26398590000000005 0.8513487 0.63812655
10 0.000108912405 0.69486725 0.1332958 1.0 0.9558156999999999
6 0.00010775909 0.37842014 0.40441079999999996 0.9417184000000001 0.6891739
1 0.00010668021999999999 0.0 0.46471247 0.38440368 0.7181860999999999
6 0.00010634868 0.28436485 0.3246841 0.7684916 0.5527068
1 0.00010425886000000001 0.29031944 0.34642056 0.7178061 0.60814196
13 0.00010155915999999999 0.013576173 0.34939159999999997 0.29901300000000003 0.90391505
1 0.000101542595 0.1423391 0.4922098 0.9202942 0.93457544
7 9.819864e-05 0.0 0.17707118 0.63745594 1.0
6 9.683073599999999e-05 0.14739135 0.26840067 1.0 0.7788155999999999
12 9.5242656e-05 0.023292713 0.38427714 0.58257455 0.60682374
9 9.516056999999999e-05 0.38594259999999997 0.24463613 0.83286065 0.5337449000000001
2 9.466232e-05 0.29359978 0.0 0.8029999 0.76074165
12 9.267878000000001e-05 0.37843418 0.2576081 0.8282280999999999 0.51723295
10 9.226383599999999e-05 0.6349146999999999 0.0 0.9875995000000001 0.87839013
10 9.175844999999999e-05 0.5157489000000001 0.37054312 0.8569034 0.68492156
10 8.8620836e-05 0.37555520000000003 0.34414452 1.0 0.9998264000000001
4 8.7339475e-05 0.15555759 0.49241292 0.47583884 0.75633484
8 8.672768e-05 0.35632959999999997 0.15305637 0.7124861 0.5242029
2 8.4534884e-05 0.53125453 0.14780597 1.0 0.45428630000000003
12 8.3433806e-05 0.27177355 0.023572057 0.77232635 0.60213125
2 8.317788e-05 0.13965186 0.398149 0.43110594 0.5640497
9 8.159031999999999e-05 0.17565519 0.43213135 0.41015159999999995 0.5659558000000001
3 8.0818674e-05 0.4817103 0.48463768 0.85457885 0.9154018
11 7.595541e-05 0.5805649 0.0063733165 0.8554930000000001 0.6998926
6 7.532428600000001e-05 0.13675743 0.45722413 0.79556924 0.96318644
10 7.4258205e-05 0.15219988 0.25613987 0.754876 0.9313855
13 7.407856e-05 0.0 0.56402504 0.3924764 0.7940805000000001
3 7.3447045e-05 0.50964093 0.34936583 0.73980635 0.51618224
12 7.227439e-05 0.19198711 0.39483052 0.4164218 0.5169231
3 7.183951e-05 0.63241035 0.6521085 0.736762 0.7720616
11 7.108537e-05 0.65042675 0.09336950000000001 0.99888474 1.0
5 7.052124e-05 0.0 0.42254567 0.30490765 1.0
6 7.0459115e-05 0.028953666 0.24787618 0.74299836 0.8953040999999999
6 6.6209504e-05 0.35346007 0.11121694 0.9690549999999999 0.6831887
7 6.535259e-05 0.2867465 0.20450893 0.79982656 0.5508876
9 6.41514e-05 0.36488098 0.39390475 0.82958436 0.70911676
13 6.32599e-05 0.46612474 0.22242145 0.72210735 0.34685346
1 6.3005326e-05 0.41354492 0.29976615 0.8699256999999999 0.58127606
4 6.24818e-05 0.5571789 0.27212566 0.8119006 0.65604746
2 6.1664745e-05 0.037556436 0.47255692 0.54016006 0.7492273
6 6.166348e-05 0.09860714 0.1356937 0.8201931999999998 0.7702508000000001
2 6.148544e-05 0.65059906 0.6446314000000001 0.86342406 0.7783071
4 6.141511e-05 0.18917945 0.1807908 0.62763685 1.0
5 6.1029008e-05 0.25104418 0.48839056 0.98680115 0.70986956
3 5.9798174e-05 0.54816324 0.3026359 0.79794884 0.45712465
4 5.834379e-05 0.60734046 0.18112914 0.99677783 0.45146948
9 5.768340999999999e-05 0.0632905 0.50264144 0.5551872 0.8195976999999999
7 5.7247013e-05 0.45145053 0.49786577 0.89678955 0.7597523
7 5.6853760000000005e-05 0.0 0.5305895 0.54505354 0.8406347
9 5.50552e-05 0.6314926 0.6510281 0.81979 0.78811866
1 5.4062275e-05 0.0 0.09865222 0.36362659999999997 0.6550574
1 5.3734566000000006e-05 0.33752272 0.19255550000000002 0.84480464 0.4528835
2 5.349604e-05 0.30799183 0.28718140000000003 0.86331373 0.5448835
6 5.2339703e-05 0.23744982 0.08014847 0.9145810999999999 0.9194443999999999
3 5.2088041999999995e-05 0.84474915 0.59359473 0.895849 0.700226
8 5.1647334e-05 0.57462853 0.66280466 0.7505218000000001 0.8096268
8 5.110741e-05 0.31985527 0.6154696999999999 0.6489151999999999 0.8925165999999999
1 5.085835e-05 0.29861129999999997 0.45880455 0.76555824 0.67576975
6 4.9827893000000005e-05 0.0 0.49767718 0.5352295 0.7473396999999999
7 4.947485e-05 0.5002913 0.24548991 0.7855882 0.6679844
2 4.9159340000000005e-05 0.32549796 0.44450909999999993 0.88401634 0.7157773000000001
3 4.9043712e-05 0.43826225 0.2933099 0.6630904000000001 0.45764202
7 4.898142e-05 0.81881696 0.61364555 0.92941344 0.685602
3 4.884594e-05 0.6332364 0.33459488 0.83267516 0.49622616
8 4.8667151999999996e-05 0.49151328 0.36380175 0.69312626 0.50174475
10 4.8001122e-05 0.5614384 0.20664039 0.8018919 0.5635486
10 4.7811477999999994e-05 0.18835273 0.39572229999999997 0.39562678 0.5347244000000001
5 4.7383845e-05 0.16144031 0.28846812 0.7951062 0.65679485
4 4.660898e-05 0.6627994 0.6460348000000001 0.840752 0.8072484999999999
13 4.6171506e-05 0.54247135 0.6840288 0.798617 0.7983425999999999
4 4.6073455e-05 0.13162667 0.5456218 0.43650642 0.8338029
6 4.57743e-05 0.41233984 0.22999173 0.90606695 0.47543368
12 4.5056717e-05 0.10287687 0.29123452 0.7347846 0.8618610000000001
9 4.4932123e-05 0.06550149599999999 0.34962425 0.51947 0.65713096
11 4.453307e-05 0.5235439000000001 0.37902182 0.8321815 0.676316
6 4.3336328000000004e-05 0.48608306 0.51364195 1.0 1.0
10 4.2993528e-05 0.6265318 0.6403147 0.8183640999999999 0.7886346
5 4.2488936999999993e-05 0.40313956 0.33735982 0.8468800999999999 0.62917876
4 4.208009e-05 0.12582043 0.38662124 0.5492376 1.0
3 4.152161e-05 0.61892277 0.61352587 0.7832131 0.8231860000000001
4 4.1418779999999996e-05 0.42389220000000005 0.41077664 0.75903785 0.7578139
12 4.134048e-05 0.012038211000000002 0.0 0.43203238 0.65374434
6 4.120528e-05 0.30717203 0.46744227 0.88510525 0.75560707
3 4.088195e-05 0.14580168 0.43810517 0.62168473 0.9275527
10 4.0751314e-05 0.6687219 0.0 1.0 0.60592884
7 4.070584e-05 0.6009091 0.65642554 0.85757124 0.8059553
13 4.049927e-05 0.6030474 0.6683296999999999 0.70086807 0.7232755999999999
