3 0.9878577 0.18096122 0.49955234 0.24656755 0.5749024
8 0.28503048 0.36386722 0.23650901 0.40973032 0.26568264
3 0.16867407 0.3706016 0.23154229999999998 0.40485102 0.26793036
3 0.08441214 0.48175138 0.23408320000000005 0.5127795999999999 0.26658124
3 0.074745834 0.28921852 0.5073889 0.37616292 0.5572512
13 0.06764239999999999 0.36830634 0.23632452 0.41734606 0.26293284
13 0.055369455 0.47825113 0.23450154 0.52671415 0.2634324
8 0.046671882000000005 0.47577044 0.23786868 0.52100384 0.26498646
8 0.039966255 0.18462525 0.4890857 0.25499472 0.5749295
2 0.018687168 0.36321590000000004 0.22752039999999998 0.43077758 0.27744994
8 0.016921291 0.9599894 0.40463725 0.993243 0.48572659999999995
8 0.0151891215 0.37706799999999996 0.23672526 0.421339 0.2688877
2 0.010003408 0.47412669999999996 0.22744825 0.5386199 0.27900603
13 0.008181362 0.18752766 0.50916815 0.27815688 0.57329804
13 0.007841036 0.37311503 0.23416921 0.43022200000000005 0.26770982
3 0.00539537 0.95253664 0.37464187 0.9955105 0.42748153
8 0.004541221 0.28785503 0.5054919 0.36370623 0.55141956
8 0.0038961729999999997 0.95583415 0.38894470000000003 0.9911679 0.47197744
13 0.0037259914000000002 0.9458332 0.35428232 1.0 0.42610165
13 0.003715713 0.19577637 0.5002812 0.26486194 0.5928828
11 0.0034792653999999998 0.37925879999999995 0.22679362 0.40723616 0.27778473
8 0.0033428215000000003 0.08122046 0.53827816 0.38614345 0.9283568000000001
13 0.0029955597 0.16092783 0.52138776 0.24199453 0.5686763000000001
7 0.0029577587 0.35015368 0.22570708 0.41464847 0.27015054
9 0.0028615615 0.3784012 0.23604962 0.42001059999999996 0.27224013
11 0.0028515504999999997 0.17817758 0.5000698 0.22023596 0.5647196
3 0.002569334 0.96279454 0.40995938 0.99930084 0.49370366
13 0.0024101571 0.29034558 0.5003671 0.36165532 0.56676424
5 0.002389698 0.14077815 0.5140765 0.24525109 0.56246555
8 0.0023102001 0.054442316 0.64408976 0.43354353 0.95813584
13 0.0022575378 0.17281069 0.5339107 0.26091138 0.58073133
3 0.0020489889999999998 0.38016674 0.23308429 0.41828164 0.27091324
3 0.0020486595999999998 0.13513005 0.6904751 0.8707794 0.99604964
5 0.001974322 0.3490052 0.24636042 0.41480920000000004 0.27568802
7 0.0019503264000000002 0.4622156 0.22593664 0.5244584 0.27187616
13 0.0019030505999999999 0.94153154 0.373048 1.0 0.44710705
3 0.0019014995 0.19945118 0.49317092 0.25604272 0.5407940999999999
8 0.0018101519 0.48627093 0.23850445 0.5300560000000001 0.26918072
8 0.0018031216 0.6942299 0.1907231 0.92700356 0.84361756
1 0.0017337506 0.16234404 0.5183787000000001 0.22333339 0.5662383000000001
3 0.0016707547 0.24490702 0.8252202 0.808311 1.0
8 0.0016459217 0.037108958 0.65820944 0.17871085 0.79335946
9 0.0016292728 0.48796695 0.23681535 0.52585095 0.27260366
12 0.001624665 0.36561957 0.23353672 0.42263964 0.26100817
8 0.0014778838 0.95303255 0.37365168 0.9901331 0.41946685
8 0.001375089 0.06736120599999999 0.20445867 0.32962096 0.90562713
8 0.0013750041 0.96055824 0.43467966 0.9892736999999999 0.49291506
1 0.0012873564999999999 0.3654364 0.24316195 0.40520594 0.27330333
6 0.0012064901 0.15820724 0.5042291 0.24196154 0.56111735
7 0.0012034816 0.15040277 0.49929333 0.22893505 0.5758522
8 0.0011970428 0.95104635 0.39279136 0.9900398000000001 0.44767684
3 0.0011905582 0.080558196 0.6513055999999999 0.5133803 0.98861563
11 0.0011571291 0.49151027 0.22958916 0.51716447 0.27297702
4 0.0011497989 0.37563238 0.23855798 0.41893592 0.27040988
8 0.0011239778999999998 0.046539687 0.47803605 0.25433427 0.9171357
5 0.0010184194 0.46133262 0.24559332 0.5209364000000001 0.27406934
2 0.0009678363999999999 0.17028764 0.5007563 0.24727670000000002 0.54649466
6 0.0009456621499999999 0.36264876 0.24174617 0.42867985 0.27395007
12 0.000938228 0.17688399999999999 0.50121534 0.24154079 0.55381554
1 0.00088021776 0.4746298 0.24245284 0.51472056 0.27348918
7 0.0008628063400000001 0.16183637 0.5230445 0.2430429 0.5981139
7 0.0008010894 0.19173492 0.48684385 0.28208062 0.57549524
3 0.0007808208500000001 0.95677626 0.38513288 0.99963534 0.4829625
3 0.0007787037 0.41870427 0.806439 0.8758055 1.0
4 0.0007606210400000001 0.22009656 0.4835755 0.29202566 0.57081014
9 0.0007273537299999999 0.17019291 0.49954367 0.23531128 0.55310845
10 0.0006991723 0.38357443 0.22712897 0.42405546 0.2734702
12 0.0006951013 0.47338230000000003 0.23007572 0.5314221 0.26111963
8 0.0006818066000000001 0.015314906999999999 0.6620060000000001 0.7345225999999999 0.9696357
13 0.00065534515 0.956844 0.40965435 0.99848735 0.48548722
8 0.00064612215 0.037092573999999996 0.16081676 0.20947036 0.9198249
1 0.0006393287 0.20922063 0.5198559 0.27341193 0.5733417
6 0.0006363801 0.46927485 0.24189608 0.53710145 0.27420953
8 0.00062652974 0.9125681000000001 0.37665322 0.98161924 0.49501863
3 0.00062256615 0.489374 0.23619157 0.526892 0.27071288
4 0.00056906784 0.48746243 0.23932065 0.5298001999999999 0.2698791
8 0.00054405234 0.184866 0.49866930000000004 0.23426498 0.5813943
7 0.0005355836 0.19903721 0.47142893 0.2655989 0.59744054
2 0.00052961585 0.20526695 0.49130609999999997 0.28138778 0.55499995
8 0.00051068136 0.76630235 0.22811706 0.9372560999999999 0.8108821999999999
10 0.00047822045999999996 0.15792169 0.49972844 0.23485906 0.55378795
5 0.00047192915 0.18594994 0.51049066 0.3002988 0.57540345
11 0.00047053394 0.22758768 0.45863770000000004 0.26863793 0.57787895
4 0.00046772556 0.18127412 0.50754184 0.2558053 0.59157676
11 0.00045912236 0.22834989999999997 0.48936832 0.27909675 0.5648151
8 0.00044718812999999997 0.19211513 0.48810682 0.24390817 0.5422776999999999
10 0.000437331 0.21285966 0.48095299999999996 0.27753162 0.55901486
6 0.00042535775 0.16733727 0.5283726 0.26087960000000004 0.5849091
6 0.00041788458 0.17774189 0.4997073 0.30165702 0.56592727
9 0.00041678036 0.21636704 0.49482438 0.27412042 0.5613729000000001
8 0.0004053551 0.64868987 0.17045610000000003 0.89756775 0.6871574
11 0.00040293406 0.19788305 0.51602834 0.24810825 0.6002937
5 0.00040102995 0.19959354 0.51353306 0.27959502 0.60335356
5 0.0003996585 0.15511686 0.53422266 0.2538223 0.5902384
11 0.0003786562 0.18884687 0.46180558 0.23034517 0.5891554
5 0.0003778889 0.16704103 0.5131359000000001 0.24255985 0.5893550000000001
12 0.0003610154 0.20471242 0.50090945 0.28625533 0.5578390000000001
10 0.00034617822 0.22260623 0.4537615 0.26839063 0.5716952
3 0.00032914837 0.276362 0.50684404 0.34382623 0.5508420999999999
8 0.00032734824 0.5389835 0.24923505 0.83614165 0.88763326
12 0.00032548356 0.20310567 0.48921493 0.27102557 0.57185346
9 0.00031504457 0.20738085 0.50419295 0.29599229 0.55314654
4 0.00031031124 0.17487754 0.49504024 0.23939423 0.5594932
9 0.00028881683999999996 0.38927114 0.23611048 0.43896455 0.27405894
2 0.00028829786 0.20951639 0.46934402 0.26654667 0.573548
8 0.0002876928 0.049145645999999994 0.6335446 0.23695385 0.9210553
13 0.00025407888 0.16435775 0.5196735 0.22834718 0.58880025
8 0.000251259 0.27645734 0.50101775 0.33289012 0.5505855
10 0.00024989687000000004 0.1798385 0.5243508000000001 0.25965247 0.58930856
13 0.00024726383999999996 0.18021569 0.5158484999999999 0.23897916 0.5996365
3 0.00024487007999999996 0.06591004 0.8082395 0.48804027 1.0
11 0.00024220419999999997 0.200888 0.49839187 0.25823396 0.56768525
7 0.00023905346 0.28316840000000004 0.4995282999999999 0.35773084 0.56416523
13 0.00023200682000000002 0.008698717 0.49225417 0.42929977 0.99326885
10 0.00022847936000000002 0.4940651 0.22459179999999998 0.5328965999999999 0.27641246
9 0.00022799896 0.18714711 0.5255373000000001 0.25812328 0.5782768
1 0.00022209865 0.28033727 0.5192548 0.3497131 0.5541007
8 0.00022023785 0.64124835 0.4207229 0.9301475 0.9369795
13 0.00021114985 0.024775647 0.6382717 0.20941243 0.7856270000000001
3 0.00020737438000000002 0.6201406999999999 0.2717585 0.9517828000000002 0.92256814
7 0.00019095830000000002 0.16378942 0.47321656 0.23568088 0.6100368
5 0.00019037696 0.28118166 0.515134 0.35856 0.55322903
9 0.00018652175 0.18631303 0.499583 0.23220706 0.5748004
9 0.00018577508 0.18765798 0.49690914 0.27906445 0.5524547
1 0.00018040346999999998 0.18754101 0.521355 0.25632647 0.5805309000000001
7 0.0001778087 0.1822692 0.46578148 0.25405455 0.60696524
3 0.000174384 0.31407493 0.32749167 0.7016886999999999 0.9647695
7 0.00016662976000000003 0.36377847 0.22911043 0.43130976 0.27257037
8 0.00016277986 0.30334002 0.28485024 0.602449 0.8538934000000001
8 0.00016240956 0.629637 0.05485243 0.8719324 0.34177813
2 0.00016197332 0.29891378 0.5016007 0.36478704 0.54473937
11 0.00015807155 0.20719825 0.46576104 0.24846120000000002 0.5852765
13 0.00015803504 0.7376785 0.0 0.98139834 0.94246817
9 0.00015475095 0.20209979999999997 0.49408543 0.2537238 0.5674201999999999
8 0.00014806679 0.6321988000000001 0.29944357 0.90948963 0.7822701
13 0.00014600104 0.5844902 0.0 0.9690223 0.7392261999999999
2 0.00014144376 0.17825156 0.5306314 0.25746047 0.5789083
3 0.00013487958 0.046156123 0.82005614 0.3573255 1.0
8 0.00013453812 0.36874664 0.46051790000000004 0.81345236 0.9307902
11 0.00013379294 0.30845624 0.50831324 0.34637225 0.5598541
3 0.00012959378 0.06377171 0.56512535 0.35980225 0.9803736999999999
4 0.00012794627000000002 0.3924973 0.23643802 0.43368345 0.2732073
3 0.00012553757 0.29511303 0.53675514 0.93534285 0.99326366
11 0.00012398613999999998 0.39589864 0.22595601 0.4275428 0.27704602
1 0.00012300578 0.14763503 0.50737697 0.21018617 0.5673135
1 0.00011993597 0.37763253 0.24107762 0.42004004 0.27508417
5 0.00011768878999999999 0.36690074 0.24740975 0.43384022 0.27920446
13 0.00011605953999999999 0.1859875 0.4962428 0.2539567 0.54694825
12 0.00011377758999999998 0.3789309 0.23161425 0.43643668 0.26297253
6 0.00011247141000000002 0.28173187 0.51399523 0.38546428 0.55826515
10 0.00011145957 0.30063379999999995 0.50565636 0.36888509999999997 0.55311453
1 0.000109649845 0.17814255 0.54104114 0.2400212 0.5835146999999999
4 0.00010770141999999999 0.20255510000000002 0.50690633 0.27013302 0.59323615
12 0.00010583701000000001 0.2997416 0.50425225 0.37478736 0.5552967
3 0.00010460272 0.18188475 0.49117777 0.23176251 0.52614486
8 0.00010417625 0.23940378 0.48518103 0.27868885 0.5268069000000001
12 0.00010383548 0.19181359 0.5170876 0.26120993 0.5741235
8 0.00010314803 0.43056297 0.26962018 0.7384850000000001 0.8720648999999999
8 0.00010293030000000001 0.10439062 0.3478834 0.48113059999999996 0.85892504
8 0.000102354315 0.18132187 0.23483154 0.45128858 0.82718295
2 0.000101696874 0.95959353 0.36823276 1.0 0.46145678
12 0.000101062265 0.17413227 0.48128918 0.24374698 0.5734044
11 9.952338e-05 0.9701093000000001 0.40394112 0.99637574 0.5020327
3 9.913224500000001e-05 0.07916397 0.3319523 0.39860246 0.9411896999999999
13 9.806690999999999e-05 0.22389442 0.8388066999999999 0.6274283 1.0
13 9.514245000000001e-05 0.10698134 0.6937456999999999 0.73531765 1.0
5 9.466026e-05 0.14773425 0.5152711 0.21827 0.589299
8 9.425365e-05 0.5328485 0.68864083 0.9897113999999999 0.97775596
10 9.379515999999999e-05 0.20171851 0.51718986 0.27331346 0.5871533
13 9.341581e-05 0.26776084 0.51030767 0.32966426 0.5555380999999999
8 9.3402254e-05 0.40840770000000004 0.8100636999999999 0.7687013 0.99403894
1 9.165758e-05 0.9429071 0.37324366 0.9935007 0.41338807
3 8.6241605e-05 0.07736354 0.6592498999999999 0.21204629999999997 0.7970073000000001
8 8.595261999999998e-05 0.23179450000000001 0.52843314 0.7846329000000001 0.9642274
1 8.581118000000001e-05 0.29627013 0.5173512 0.36883515 0.5522579000000001
11 8.315975e-05 0.21383098 0.51487255 0.2664227 0.5970504
2 8.304725000000001e-05 0.95205367 0.35535705 1.0 0.41726145
8 8.286492000000001e-05 0.15826109 0.46191227 0.28554288 0.6023063
13 8.204589e-05 0.9485224 0.42414024 0.9959288000000001 0.47267017
7 8.167648e-05 0.94412386 0.35262886 1.0 0.42618385
12 8.1170125e-05 0.95018363 0.3500719 1.0 0.40276062
2 8.0037185e-05 0.9560994 0.39352426 1.0 0.49896836
8 7.75796e-05 0.56115985 0.16085237 0.82450676 0.6751754
2 7.530735e-05 0.953017 0.3863968 1.0 0.44468006
9 7.4491065e-05 0.2987661 0.5081494000000001 0.35366420000000004 0.56486523
13 7.4335105e-05 0.31534588 0.1763043 0.67286056 1.0
9 7.3957264e-05 0.49946225 0.2367188 0.546183 0.27443716
10 7.2123104e-05 0.9666423000000001 0.35911307 1.0 0.46191270000000006
3 7.1890696e-05 0.045951173 0.32263288 0.2403303 0.95211643
12 7.13966e-05 0.9579025 0.36784935 1.0 0.43806480000000003
10 7.136658000000001e-05 0.17746663 0.48733974 0.27230904 0.5613759
2 6.969244e-05 0.31399104 0.4995834 0.3782144 0.5538069999999999
8 6.847735e-05 0.25317383 0.82369244 0.6073835999999999 0.9942008
11 6.844945e-05 0.17459972 0.45625585 0.21282600000000002 0.58457226
13 6.767525e-05 0.20215878 0.17846563 0.5748892 0.98615277
13 6.715371e-05 0.41880783 0.80987835 0.84876466 1.0
3 6.517635e-05 0.47934269999999995 0.31454828 0.8743221999999999 0.95175695
10 6.4639484e-05 0.40266916 0.22226663 0.43889257 0.27873259999999994
3 6.375011400000001e-05 0.63004225 0.20629838 0.9389499 0.700217
3 6.189890999999999e-05 0.020532161 0.8791973 0.24762711 1.0
3 6.0358833999999995e-05 0.008667909 0.87571263 0.15200111 0.99132633
8 5.9319158e-05 0.7936261 0.13617235 0.9280166999999999 0.5930415
9 5.7223380000000004e-05 0.9659009 0.38381574 1.0 0.476516
1 5.66774e-05 0.26662427 0.5203089 0.3307485 0.5509498
2 5.618625e-05 0.18220423 0.47323704 0.24883689 0.55786395
3 5.5961540000000006e-05 0.21563572 0.3548763 0.5819246 0.95024055
1 5.559257e-05 0.9526258 0.42228454 0.99526495 0.48225862
5 5.5301185e-05 0.0051489025 0.64703095 0.37746185 1.0
13 5.5059040000000005e-05 0.0 0.12392746 0.46491104 0.9888465
13 5.3225416e-05 0.59615123 0.006150924 0.9618675999999999 0.38200903
10 5.300293e-05 0.32104614 0.50000316 0.37932995 0.5512813
3 5.2218005e-05 0.18737343 0.576862 0.7210573 1.0
7 5.15414e-05 0.47275785 0.23006266 0.53947717 0.27378765
3 5.0761508e-05 0.6295493000000001 0.10340809 0.9581141 0.32144958
11 4.916683e-05 0.109848335 0.638425 0.3756804 1.0
8 4.8994287000000004e-05 0.05710484 0.79130447 0.35788512 0.97785646
8 4.8419435e-05 0.031043433 0.5894745 0.19235021 0.8587078000000001
1 4.779291e-05 0.94878525 0.39025143 0.9964232 0.4573874
13 4.7114620000000006e-05 0.64163053 0.25879794 0.9581771000000001 0.94389904
10 4.7031048e-05 0.17980662 0.47557914 0.24477822 0.5761841999999999
8 4.698334e-05 0.18950376 0.73961955 0.5883609000000001 0.9902483
11 4.5516517000000004e-05 0.2947557 0.5046379 0.3327605 0.5585055999999999
13 4.5283136999999995e-05 0.00807476 0.39196974 0.26606953 0.967886
5 4.5117355e-05 0.17963912 0.5155765 0.21805657 0.62040454
1 4.49079e-05 0.9431507 0.39981616 0.99651414 0.44125944
1 4.4299424e-05 0.0 0.5084485 0.43997824 0.87978387
3 4.4220094e-05 0.39814347 0.46385583 0.8146203000000001 0.9581337999999999
7 4.2514989999999995e-05 0.9451931999999998 0.38083859999999997 1.0 0.45692024
9 4.2455024000000005e-05 0.32240352 0.5090603 0.37658033 0.5615383
12 4.200996e-05 0.9569829 0.39498934 1.0 0.46906665
11 4.1994960000000004e-05 0.9687359 0.3744499 0.9925299000000001 0.42212832
9 4.1868014000000005e-05 0.9670688000000001 0.41847372 1.0 0.49961904
7 4.1515737e-05 0.9504258 0.39613327 0.9993052 0.50301266
8 4.138945e-05 0.36679559999999994 0.19510894 0.6396255 0.72295475
7 4.120749e-05 0.95169723 0.3629978 1.0 0.4753918
13 4.021147e-05 0.5335051 0.02775083 0.90249884 1.0
9 3.9858176e-05 0.9608481 0.3673491 0.9996582 0.43116713
8 3.9806786e-05 0.17010021 0.49080753 0.22087985 0.53207856
10 3.9616279999999994e-05 0.9627325999999999 0.34773952 1.0 0.43093053
8 3.9551516e-05 0.35230708 0.42942274 0.6710744000000001 0.8921877
10 3.8200706e-05 0.9677946 0.38845419999999997 1.0 0.49287817
8 3.7625316e-05 0.9030530999999999 0.41832185 0.96832794 0.5384114000000001
8 3.7367132000000004e-05 0.05112861 0.60372454 0.31762729999999995 0.8772838
8 3.631158e-05 0.29232913 0.20714773 0.56001604 0.72945994
5 3.619142e-05 0.4770637 0.24768247 0.54245734 0.27824077
13 3.5752575e-05 0.3722494 0.38824677 0.7463274999999999 1.0
4 3.5722907e-05 0.32157440000000004 0.5063470999999999 0.37648726 0.55113655
3 3.5379922000000003e-05 0.77676797 0.26430783 0.97492814 0.81579995
1 3.4936107000000005e-05 0.48389986 0.24237318 0.52988887 0.27328557
13 3.4748107e-05 0.17105421 0.497051 0.23741269 0.55074656
8 3.4706714e-05 0.21586476 0.48504830000000004 0.26309672 0.53525424
4 3.4449126999999996e-05 0.29534405 0.50842476 0.36475992 0.5535446999999999
8 3.369027e-05 0.22780108 0.18381532 0.49706942 0.72547203
13 3.3487322e-05 0.42983437 0.071622424 0.81914854 1.0
9 3.331388e-05 0.7498424 0.16751619 1.0 1.0
8 3.3056032e-05 0.044298187 0.105733536 0.25868470000000005 0.68056244
3 3.2913365e-05 0.60232127 0.7276587 1.0 1.0
10 3.2329594e-05 0.19555537 0.45545384 0.25663906 0.5749995
1 3.225758e-05 0.17346169 0.49217165 0.21700279999999997 0.56589735
6 3.1513828e-05 0.9561009 0.43081492 1.0 0.49705600000000005
6 3.1414136e-05 0.16270211 0.48342514 0.2493884 0.5871209
13 3.1217026999999997e-05 0.1848796 0.5018845000000001 0.22569227 0.6123031
8 3.0980977e-05 0.46817964 0.17549179999999998 0.7440397 0.69721127
13 3.0505315999999998e-05 0.7745085 0.0 0.9982697 0.6541139
3 2.9737154999999997e-05 0.0115198195 0.9471008 0.082221255 0.9923231
3 2.9409006e-05 0.11928244 0.43794772 0.48365247 0.97755235
6 2.7518823e-05 0.0 0.7305145000000001 0.54136896 0.9402659
3 2.6647340000000004e-05 0.44279578 0.7178108 0.94318306 1.0
1 2.6518153e-05 0.0 0.72666764 0.38181812 0.94071335
5 2.630446e-05 0.93728787 0.43198624 0.99933654 0.49258056
5 2.6136804e-05 0.63311493 0.4463415 0.93785024 1.0
13 2.6135823999999997e-05 0.0 0.061010238 0.22674677 0.94388324
10 2.5495174e-05 0.2901728 0.51057535 0.35285595 0.5520284000000001
8 2.5457548000000003e-05 0.41746712 0.15891464 0.67467165 0.6513485999999999
5 2.4885718e-05 0.19628441 0.52743506 0.23448163 0.6281800999999999
3 2.4516197000000003e-05 0.9156315999999999 0.38182232 0.99143213 0.49912176
7 2.4508119999999998e-05 0.14544123 0.48569837 0.21754652 0.60241616
9 2.4063164999999998e-05 0.6518121 0.020364167 0.9731976000000001 0.38969390000000004
11 2.3495784e-05 0.32847247 0.5092175999999999 0.36140564 0.5558867
5 2.3259063e-05 0.93654966 0.40023062 1.0 0.45883688
12 2.3150205e-05 0.19783798 0.47719583 0.23530679999999998 0.5916319
9 2.2899474e-05 0.065320835 0.45847353 0.47013092 1.0
4 2.2452512000000002e-05 0.9629394 0.36795256 1.0 0.4089375
13 2.2432127e-05 0.19339271 0.50469387 0.23944281 0.62014544
9 2.1733977e-05 0.1681474 0.49367857 0.21639352 0.576455
11 2.1668773e-05 0.9661296999999999 0.39954084 0.99560624 0.45268068
3 2.1460963999999998e-05 0.9096136999999999 0.4005922 0.99687386 0.52867675
13 2.1178395e-05 0.25869682 0.015225431999999999 0.6353934 0.7949663
4 2.1036725e-05 0.96611047 0.41146484 1.0 0.48841974
5 2.0961046e-05 0.67545414 0.37237665 0.96345997 0.91065025
6 2.0914189e-05 0.9575865 0.41168794 1.0 0.47555240000000004
12 2.0887639e-05 0.48568162 0.22789684 0.54608375 0.26225576
1 2.0440333000000002e-05 0.18926081 0.49140429999999996 0.2517442 0.5298418
5 2.0385756e-05 0.7643105 0.4327652 0.97044754 1.0
13 2.010731e-05 0.0919345 0.30274093 0.44528311 1.0
13 1.9833715e-05 0.94794804 0.44759586 0.9957207 0.48747444
7 1.9768218e-05 0.0 0.5183956000000001 0.4029124 1.0
5 1.9652476e-05 0.011527628 0.43590429999999997 0.44007623 0.9716113000000001
4 1.9597886e-05 0.9668022 0.38164359999999997 0.9997311 0.45638746
13 1.95647e-05 0.88965005 0.3508102 0.9969575 0.48450494
