3 0.99335736 0.6817515000000001 0.5605561 0.9257276 0.7393708999999999
3 0.94504386 0.046854865 0.65729034 0.12416569999999999 0.70697445
3 0.792705 0.11637298 0.64414954 0.16185993 0.6962015
3 0.78825086 0.18984473 0.6433061 0.31919359999999997 0.7058739
8 0.4137769 0.11753865 0.6348712 0.1634264 0.70207906
3 0.027535591 0.09475595 0.77521527 0.6046579000000001 1.0
8 0.01957705 0.6580579000000001 0.045810215 0.91348565 0.30793834
3 0.018343488 0.09991401 0.65057665 0.15836781 0.70047075
3 0.015802948 0.87075347 0.5889889 0.93885225 0.6338853
8 0.014844787 0.7267289000000001 0.0895164 0.9185940999999999 0.39127845
8 0.0143827675 0.04433901 0.6411183000000001 0.12206938 0.7120263000000001
3 0.013394304 0.25997826 0.7921977 0.70825887 1.0
8 0.013178763000000001 0.0918955 0.63333994 0.15657428 0.71070856
8 0.007808845 0.78424513 0.11259219 0.9298728999999999 0.38146678
8 0.006993255 0.78264385 0.17638120000000002 0.9377658999999999 0.58125037
8 0.0058834804 0.18190366 0.63994974 0.31301808 0.70671093
3 0.0057318364 0.67220026 0.05106719 0.96990114 0.3446161
13 0.0054765814000000005 0.11391172599999999 0.6478618 0.18027186 0.6977916999999999
3 0.0049616387 0.86876076 0.59872055 0.9477617 0.6924786999999999
13 0.00484578 0.66992563 0.6220948000000001 0.8834370999999999 0.76081085
8 0.0034977603000000005 0.6870264 0.5735986 0.8953694999999999 0.7396560000000001
3 0.0033933440000000004 0.7529355999999999 0.0516361 0.97980744 0.48610756
13 0.0032989732000000003 0.05465095 0.6479959 0.14157231 0.7172142
3 0.0032888340999999996 0.8968735000000001 0.60840935 0.9629257 0.66907984
3 0.0032104673 0.90268993 0.59347904 0.95559144 0.64748824
13 0.0031855695000000002 0.71168596 0.0 0.99129695 0.43570286
8 0.0022148454999999997 0.64225775 0.51661897 0.9521844 0.78783065
13 0.0021076575 0.19616663 0.64958644 0.286054 0.71621644
2 0.0020641220000000003 0.123269975 0.63860804 0.19419548 0.686435
13 0.0019269966 0.72238696 0.62857264 0.96150184 0.7581174
4 0.0018195169 0.1415201 0.64279115 0.19401084 0.7044279999999999
3 0.0017350597 0.07213305 0.7008466999999999 0.51473105 0.98482984
11 0.0016615816 0.11426787 0.6357614 0.16097687 0.7030958
7 0.0016315172 0.085655555 0.6348433000000001 0.17294388 0.70879006
3 0.0015771694 0.1826625 0.6628936 0.30505785 0.7110257
7 0.0015329958 0.10843402 0.6342154999999999 0.19451201 0.7083494
3 0.0013882098000000001 0.9231062 0.60523254 0.9747132 0.6740835999999999
8 0.0013665078 0.48273993 0.11437008 0.83832884 0.5130245
13 0.0013177901000000001 0.03718622 0.6563682 0.11076632 0.71289295
9 0.0011716358 0.111050025 0.6466381 0.17790793 0.6935048
5 0.0011704157 0.07134502 0.6557513 0.17841738 0.6953921999999999
8 0.0011607339 0.091022134 0.6588968000000001 0.42179996 0.9654734
13 0.0011507568 0.053787435999999994 0.6748241999999999 0.13828741 0.7330896
8 0.0011346017 0.8607155000000001 0.5864232 0.93231034 0.6427668000000001
2 0.0011273278 0.10440847 0.641755 0.18046522 0.68730915
8 0.0011012118 0.59029216 0.27469864 0.9093190999999999 0.8891834000000001
13 0.0010909252 0.08508369 0.6558928 0.15876134 0.7051411
9 0.0010842080000000001 0.12751183 0.649536 0.19901904 0.6923329
8 0.0010757716 0.7029183000000001 0.17591314 0.91290593 0.593675
3 0.0010323563 0.77552634 0.06157102 0.98255557 0.27821887
8 0.0009743614 0.7840475 0.08883793 0.9292468 0.22190353
11 0.0009294904 0.21351483 0.63659996 0.26983467 0.6988723000000001
8 0.0009104544300000001 0.035560608 0.65321404 0.095902696 0.703657
12 0.0008722312 0.21159014 0.6372348000000001 0.29900607 0.7019068
8 0.0008690853999999999 0.07778232 0.359711 0.46358180000000004 0.8769024999999999
7 0.0008510666699999999 0.05571436 0.6321398 0.14681175 0.7122885
11 0.0008470222 0.13670027 0.6376594 0.18026462 0.70076114
8 0.0008066261 0.6664166 0.21911813 0.88846165 0.68459356
13 0.0008009888 0.87363946 0.5940199 0.9449065000000001 0.6550133
13 0.00079619803 0.043523464000000005 0.6785169 0.11698705 0.7245191
1 0.00073763105 0.1890882 0.6543274 0.27831 0.7020327
7 0.0006896224 0.03048927 0.64171034 0.10838242 0.70615274
13 0.0006810094 0.6084888 0.0 0.96455586 0.34654692
1 0.0006619969500000001 0.09556926 0.6583809 0.16003599999999998 0.70105696
5 0.0006239463 0.08964825 0.6613924 0.19870824 0.69677836
3 0.00059438887 0.6719556 0.5928794 0.7277459 0.6800913000000001
12 0.0005630368 0.11062567 0.63938594 0.19350992 0.68512434
1 0.0005617976 0.12189047 0.660234 0.17004974 0.70108604
4 0.0005469056 0.11311726 0.64143616 0.17290829 0.7001284999999999
9 0.0005421425 0.07354389 0.64968425 0.15063007 0.69893974
8 0.0005413152 0.19613421 0.6451836 0.28639382 0.7008283000000001
8 0.0005378746 0.16516095 0.6166928 0.34009105 0.7234501999999999
6 0.00053750694 0.09229789999999999 0.64463323 0.1799004 0.70052254
8 0.0005331876000000001 0.048960075 0.5532505999999999 0.34030938 0.9476929000000001
7 0.0005323268 0.18982454 0.6320983 0.27847582 0.71494496
13 0.0005295857 0.46068454 0.0 0.9571122 0.562062
5 0.000525121 0.18457308 0.6479974000000001 0.2953315 0.7039813
5 0.0005139339499999999 0.626881 0.59245163 0.8422046999999999 0.7309373
13 0.0005054929599999999 0.63413525 0.60179245 0.8476949 0.73914933
2 0.0004952196 0.06528557 0.63412356 0.14149755 0.6930833000000001
13 0.00048972067 0.31452620000000003 0.82063985 0.71400666 1.0
11 0.00047908102999999995 0.05356314 0.64717215 0.09151954 0.69970787
3 0.00046723307 0.8623465 0.6085173 0.9538774 0.72636193
8 0.00045625184 0.93500394 0.55645233 0.99492794 0.75699526
13 0.00045211578000000003 0.79810977 0.07626415 0.9870783000000001 0.24190648
13 0.00044749837 0.7696672 0.046652142 0.9563158000000002 0.22467934
13 0.00042772822999999994 0.22476558 0.64389294 0.32999647 0.70577145
1 0.00042112422 0.06002917 0.6579924 0.13072577 0.704814
8 0.00041839492 0.020601645 0.63286805 0.15853688 0.74949443
1 0.00040687714 0.62789685 0.64640605 0.81107396 0.73993444
8 0.00040481097 0.8705560999999999 0.60081655 0.9387254999999999 0.69671965
12 0.00040292184 0.054397355999999994 0.63636106 0.14409904 0.69586
10 0.00039791144 0.069455266 0.63189006 0.1447697 0.6993581999999999
6 0.00039350754 0.1809139 0.6395156999999999 0.3187078 0.70026875
11 0.00039316685 0.08577491 0.63813746 0.13268535 0.7007003
3 0.00039196962999999996 0.0878557 0.45553926 0.5137594 0.9214953000000001
1 0.00038786416 0.028287336 0.65931493 0.09873466 0.6976345
9 0.00038144417 0.042410392000000005 0.6533477 0.10833572 0.70139986
13 0.0003794797 0.88702625 0.6009868 0.96214205 0.65709347
8 0.00037839769999999996 0.7724109 0.24293299999999998 0.9558472 0.8332885
3 0.00037525903 0.9456705 0.59149146 1.0 0.6970864
11 0.00037356486000000004 0.68358016 0.56432354 0.81043994 0.7638876
1 0.0003674229 0.75050724 0.6034111999999999 0.92890084 0.72524756
5 0.000364171 0.022588301 0.66023874 0.12155795 0.69486976
1 0.00035936013 0.07623307 0.65005016 0.1474376 0.694706
10 0.0003592994 0.20380309 0.6427722 0.28895968 0.6939531
4 0.00034858923999999997 0.07774855 0.6339307 0.14849964 0.70218265
6 0.00033597543 0.038773306 0.6413847 0.17003486 0.7035764
8 0.000335781 0.13322507 0.64342767 0.17619975 0.69405407
11 0.00032596974 0.06672948599999999 0.64905 0.12075357 0.7325553000000001
11 0.00032564116 0.09894134 0.6289796999999999 0.14885113 0.70119965
6 0.00032164142 0.6311576 0.6171499 0.89440256 0.72705275
3 0.00032009667 0.9187917999999999 0.5884397 0.96525407 0.64997417
12 0.00031889282 0.23135385 0.6405732 0.32191184 0.7033869
9 0.0003142756 0.096438825 0.64257765 0.16296118 0.6960419
11 0.00031359202999999995 0.054457933 0.6488522 0.10229592 0.7351262
5 0.00031014037 0.023429923 0.6804714 0.11237464 0.7248876
10 0.00031000577000000004 0.12876654 0.6325036999999999 0.19014289999999998 0.69564885
8 0.0003064789 0.042164615999999995 0.52818775 0.21101877 0.9382362
9 0.00030640509999999997 0.24270347 0.6408055 0.31921545 0.6986395000000001
2 0.0003010145 0.06188894 0.65685165 0.14388338 0.71873134
3 0.00029124698 0.50383425 0.0982199 0.95691633 0.5564965000000001
7 0.00029042930000000003 0.048044055999999995 0.6554576999999999 0.1456365 0.7410611999999999
9 0.0002882593 0.056147587 0.65123385 0.12990527 0.70228714
11 0.0002876892 0.085831806 0.6450085999999999 0.14163212 0.7322135000000001
1 0.00028501515 0.22089595 0.65322167 0.31428742 0.70404476
13 0.00028462167 0.65427256 0.58057964 0.97770643 0.86542416
7 0.00028205657000000004 0.21993321 0.6277626000000001 0.30845636 0.719746
9 0.00028116736 0.19992820000000003 0.6423295 0.2782157 0.7086543000000001
10 0.0002802947 0.24166153 0.62443876 0.31629413 0.6938704000000001
13 0.00027933164 0.1578114 0.82554024 0.52802783 1.0
11 0.00027898577 0.063264646 0.64664894 0.10968163 0.70297843
9 0.00027156799999999997 0.7905156999999999 0.5766832 0.9539376 0.6882914000000001
5 0.0002633161 0.04326868 0.6582524000000001 0.15995799 0.70337456
2 0.0002615227 0.049601297999999995 0.6428618 0.120271 0.6796094
8 0.00025932802000000005 0.8968138000000001 0.5889227 0.9478595999999999 0.651506
8 0.00025615195 0.08493991 0.7624104 0.52756965 0.9979955
3 0.00025386456 0.022527203 0.8019008000000001 0.38534474 1.0
13 0.00025248088 0.06035830000000001 0.7037217 0.48091233 1.0
10 0.00024584092999999996 0.07924397 0.6535635000000001 0.15453593 0.72868216
1 0.00024082807 0.7595871999999999 0.6331531 0.9393315999999999 0.7435676
3 0.00024022362999999997 0.9413976999999999 0.5618335 1.0 0.74956447
12 0.00023854176 0.78336287 0.5708581 0.9486655999999999 0.7128509
6 0.0002267486 0.031716656 0.64754003 0.1279865 0.7005464
1 0.00022202947999999998 0.043091986 0.65968996 0.11383493 0.7026671
8 0.0002208851 0.5473696 0.17451493 0.8324261999999999 0.7777626999999999
13 0.00021417752 0.19089402 0.62557364 0.34289438 0.7726913000000001
11 0.0002074735 0.24889664 0.63440514 0.29824603 0.697634
4 0.00020535756000000002 0.23547529999999997 0.6234288 0.32234794 0.6946396
7 0.00020428211 0.744062 0.5702856 0.9128719000000001 0.768122
1 0.00020273225 0.06377055 0.6822218000000001 0.1318983 0.729062
5 0.00020206188000000002 0.04701053 0.67984146 0.1419079 0.7344284000000001
13 0.00019858535 0.7635234000000001 0.0 1.0 0.5871873000000001
4 0.00019474271 0.076042 0.65444344 0.14433183 0.73453134
12 0.00018266421000000003 0.7253274000000001 0.58083487 0.8768326999999999 0.7319627
8 0.00017634644 0.94749886 0.6005053000000001 0.98394734 0.68748164
10 0.00017279247 0.7812473000000001 0.0 1.0 0.41419482
6 0.00017252087 0.72906333 0.5776983 0.9820896000000001 0.7319648
1 0.00017150154999999998 0.17113917 0.65918773 0.25649178 0.69745505
2 0.00016896502 0.20712215 0.6296258000000001 0.29505396 0.6859969
4 0.00016468119999999998 0.77421683 0.5411325 0.9558142 0.7254214
9 0.00016390505000000001 0.7422892 0.025550378 1.0 0.34187797
10 0.00016373271000000002 0.050458394000000004 0.6418908 0.12848046 0.7005401
3 0.00016098056 0.7487704000000001 0.56848127 0.9287273000000001 0.7013245
7 0.00015618063 0.8630787 0.5825698 0.9507617 0.6527975
3 0.00015341073999999998 0.04851459 0.67727804 0.3701871 0.9725013000000001
6 0.00014893498 0.047256995 0.67608935 0.16011207 0.7306121
10 0.00014849973 0.04318818 0.65133595 0.11056888 0.6940995
8 0.00014335386000000001 0.95221883 0.61558163 0.98231083 0.7232736
5 0.00014222483 0.5897628 0.0768183 1.0 0.26043552
12 0.00014140391 0.7290684000000001 0.52227485 0.9080756999999999 0.69397014
4 0.00013972702 0.05713612 0.6414268 0.13357429 0.700388
7 0.00013968978999999998 0.029660702 0.65992486 0.10637407 0.73730344
7 0.00013566698 0.6303916 0.58534503 0.8164909 0.7714772
8 0.0001338634 0.2932886 0.79905677 0.63397396 1.0
5 0.00013145589 0.21402982 0.6524607 0.3307248 0.71092737
10 0.00012153341 0.10603987 0.63701797 0.17882924 0.69714594
9 0.000118714925 0.80675435 0.036762922999999996 1.0 0.428724
7 0.000118559925 0.68051285 0.00492153 0.99666804 0.40352340000000003
8 0.00011544676000000002 0.06615292 0.11931816 0.29142964 0.7628381999999999
5 0.00011185958999999999 0.67807555 0.11006811 1.0 0.3305318
10 0.00011068441 0.7803412 0.53835493 0.9313596 0.6967930999999999
5 0.000109991226 0.6553696999999999 0.57241595 0.8779915999999999 0.704676
1 0.00010979472 0.6507305999999999 0.61405665 0.82672393 0.7228422
12 0.00010708526000000001 0.76409787 0.58306897 0.9156963 0.7363674
8 0.00010676198 0.9162146999999999 0.60258245 0.96915483 0.67842484
6 0.00010232677 0.6924880999999999 0.6162211999999999 0.9413767 0.7400226
2 0.00010001214 0.681126 0.0 1.0 0.31860003
9 9.925694e-05 0.07740338 0.67569494 0.14822102 0.7243501
8 9.792684999999999e-05 0.19738951 0.65972704 0.27098292 0.7103941999999999
8 9.762854999999999e-05 0.9460417 0.62807006 0.9800141 0.70505226
1 9.757731499999999e-05 0.7055547 0.6101163000000001 0.88708615 0.7371137
1 9.604071e-05 0.6036524000000001 0.5999943 0.7917592 0.70722926
3 9.470529e-05 0.18301535 0.6466519000000001 0.27190566 0.6910656
8 9.398994000000001e-05 0.6623026 0.59288925 0.7149749 0.6870214
4 9.335844000000001e-05 0.19709861 0.6323115 0.30303937 0.6954784
2 9.329926e-05 0.04558452 0.6663661999999999 0.12188245 0.710561
1 9.2359274e-05 0.5189998 0.5745828000000001 0.90430737 0.80430853
13 9.066212e-05 0.90756226 0.6253227 0.99498236 0.68068403
2 9.02891e-05 0.7571149 0.016173003000000002 1.0 0.45236689999999996
2 9.026882e-05 0.2256752 0.6270245 0.31056616 0.7006108
1 8.8443216e-05 0.8475372999999999 0.5927986999999999 0.92017674 0.6418165
4 8.809048000000001e-05 0.046088699999999996 0.6445574000000001 0.11456971 0.6936906999999999
12 8.683125599999999e-05 0.76320463 0.006306046 1.0 0.34827384
3 8.641379999999999e-05 0.13666731 0.64493126 0.18170568 0.6942041
13 8.619024999999999e-05 0.32921898 0.0 0.68943334 0.75542855
9 8.500964e-05 0.7414512 0.6026767 0.89735395 0.719638
1 8.491186600000001e-05 0.0341964 0.6876489 0.098760985 0.7272814000000001
4 8.462445e-05 0.056983344000000005 0.66084003 0.13156113 0.7341611
5 8.341935600000001e-05 0.7404884 0.5901241 0.9643610999999999 0.73179936
8 8.321997999999999e-05 0.05203016 0.31801632 0.27758217 0.9338758
1 8.280401e-05 0.59668 0.07211689 0.9155790000000001 0.27459645
8 8.0712816e-05 0.24448258 0.10513199999999999 0.52250856 0.6195022
13 8.030878e-05 0.7332523 0.60023206 0.90151286 0.78293246
9 8.007086599999999e-05 0.68799394 0.53548855 0.93305236 0.8033013000000001
12 7.9636775e-05 0.668806 0.0 1.0 0.25007087
6 7.939355e-05 0.028993707 0.680204 0.13616765 0.72499436
11 7.895715000000001e-05 0.74954724 0.074014254 0.939332 0.37393805
8 7.8915036e-05 0.91429454 0.5856666 0.9577735 0.65681666
10 7.823259e-05 0.09007762 0.6357294 0.16055422 0.6977890999999999
8 7.552758000000001e-05 0.9069398000000001 0.2966703 0.98095053 0.42822334
1 7.526662e-05 0.04873918 0.6863934 0.113702476 0.7339993
11 7.276744000000001e-05 0.04749772 0.64766425 0.0782747 0.6984836
12 7.260478e-05 0.08499281 0.6404173000000001 0.16206662 0.6899963000000001
13 7.251719e-05 0.24746379999999998 0.0 0.6018251 0.7207456
1 7.0955495e-05 0.68387103 0.109707855 0.9067848 0.34523392
7 7.003191e-05 0.021852985 0.6485810000000001 0.08856396400000001 0.7019715999999999
1 6.9949536e-05 0.7392955 0.07843896 0.9277040999999999 0.2025448
12 6.827303e-05 0.05781877 0.6608279 0.14921546 0.7214258000000001
6 6.8179856e-05 0.61578 0.051053546 1.0 0.31405900000000003
1 6.809544e-05 0.8699654 0.5959572 0.9349548000000001 0.64555
13 6.799409e-05 0.63098097 0.01856817 1.0 0.9233559000000001
10 6.792935999999999e-05 0.048803937 0.67121047 0.12201032 0.7245706999999999
3 6.7590954e-05 0.6694691999999999 0.58832717 0.7292566 0.6411821
7 6.7185974e-05 0.9513626000000001 0.63692445 1.0 0.729851
10 6.715619e-05 0.67092097 0.61338645 0.86393607 0.7297102
7 6.617338e-05 0.5215166 0.011723832 0.9632947000000001 0.3503717
13 6.587773e-05 0.19810852 0.6764888000000001 0.28129873 0.7291858
6 6.562285e-05 0.71961164 0.12096461 1.0 0.41623557
2 6.5526605e-05 0.8743735 0.5777445999999999 0.9554345 0.6321706
9 6.539004e-05 0.83786494 0.08997689999999998 0.98877937 0.25546393
1 6.500540600000001e-05 0.59530807 0.53418684 0.923892 0.7713161999999999
8 6.465109000000001e-05 0.4684906 0.20754679 0.7996689 0.92139685
7 6.283553000000001e-05 0.54447293 0.5400805000000001 1.0 0.8969886
4 6.24947e-05 0.8825754000000001 0.1222761 0.9941901 0.38035873
8 6.236166e-05 0.31092837 0.15125977 0.584757 0.6416889
9 6.2342675e-05 0.7040656999999999 0.5873602 0.96928155 0.8497975
3 6.2281484e-05 0.18303141 0.29510012 0.55963063 1.0
5 6.185772e-05 0.018536378 0.66418684 0.09269959 0.69420964
8 6.1409904e-05 0.39420164 0.12640071 0.6649338 0.60643494
4 6.1006666999999996e-05 0.83249116 0.0481932 0.9903892 0.39771023
8 6.059698e-05 0.89498943 0.6022923000000001 0.9590325000000001 0.6770381
5 5.9476580000000004e-05 0.54909015 0.63165796 0.86199284 0.87892526
6 5.901009e-05 0.6644028000000001 0.58075726 0.8904403000000001 0.70992357
3 5.8926805999999996e-05 0.04433562 0.66217846 0.1799345 0.73062307
7 5.8724945e-05 0.77007383 0.124620646 0.93496174 0.27521375
13 5.8374804000000007e-05 0.87066215 0.6012835999999999 0.9355825999999999 0.71049917
9 5.7920006000000004e-05 0.80037165 0.06377878 0.9556128 0.23591357
5 5.6320489999999996e-05 0.7192886 0.11975606 0.97090113 0.21867613
7 5.5996385e-05 0.7688257 0.08409761 0.9941508 0.3902656
5 5.5157840000000005e-05 0.6895915 0.59302765 0.9029716 0.7393608
1 5.4938806000000006e-05 0.755149 0.10759838 0.9225329 0.22834253
4 5.3382297e-05 0.78652203 0.04871598 1.0 0.32425117
8 5.2869727e-05 0.19139141 0.43505892 0.50252914 0.86861736
10 5.2294390000000005e-05 0.79441947 0.063788615 0.9664691999999999 0.19808255
11 5.1709684999999996e-05 0.81176436 0.5571071 0.9003024 0.7054548
6 5.0385926e-05 0.64801717 0.6435960999999999 0.9060838 0.7561107
7 4.9976356e-05 0.79274124 0.09701419 0.9546694 0.24961767
13 4.9941624e-05 0.551914 0.0 0.9632089 0.8086992
8 4.9787686000000006e-05 0.75433177 0.11389819 0.89163893 0.24780639999999998
9 4.9663788000000004e-05 0.05315642 0.67457587 0.10802488 0.7197335
11 4.9633894e-05 0.75847024 0.56067395 0.8499324 0.7046919
9 4.876559e-05 0.034113973 0.6558116 0.08939723 0.6989039
7 4.864356e-05 0.9416380999999999 0.6477863 0.9968264000000001 0.7114295999999999
11 4.854706e-05 0.09999443599999999 0.60269606 0.39645827 1.0
13 4.8390559999999994e-05 0.8850429 0.62237716 0.96267307 0.68244594
3 4.835308200000001e-05 0.6561792 0.5843085 0.8660760000000001 0.7287795
11 4.7912523e-05 0.7389606 0.5853191 0.8695076999999999 0.7950699000000001
9 4.7573702999999996e-05 0.67797244 0.5949754 0.82303417 0.73724353
1 4.7434227e-05 0.67422754 0.5659241 0.8478256 0.6940695
5 4.7343990000000005e-05 0.73665774 0.100012 0.9737531999999999 0.18994112
12 4.704303e-05 0.037491105 0.64139044 0.1014035 0.69159096
4 4.690144e-05 0.73778033 0.5686108 0.9289427 0.758687
6 4.6699115e-05 0.025390305 0.6541358 0.10727245 0.6958454000000001
3 4.6661124e-05 0.27707767 0.16821213 0.63151705 0.7122633
13 4.6601697e-05 0.9476841999999999 0.6219237 0.9999505999999999 0.7110092
12 4.5855926e-05 0.8336959999999999 0.062105596 0.9894774 0.21121047
11 4.556677e-05 0.8185481 0.15440977 0.92258155 0.27128759999999996
12 4.4816745000000004e-05 0.223821 0.6871508000000001 0.5377705 0.98810995
13 4.4305893e-05 0.89955294 0.63257843 1.0 0.7510144
5 4.3767508e-05 0.47730833 0.18510559 0.9739800999999999 0.4510135
9 4.3504754999999994e-05 0.75017947 0.63377565 0.91654235 0.7514834
8 4.3477764999999997e-05 0.52270305 0.33017009999999997 0.85067284 0.9792921999999998
5 4.3049786000000004e-05 0.6196911 0.6124529000000001 0.92583054 0.84678864
11 4.1798513999999995e-05 0.8051064 0.13633636 0.9349582000000001 0.48588148
2 4.0569266e-05 0.67837876 0.5739572 0.86398524 0.68959504
13 4.0143157e-05 0.6194487 0.0 1.0 0.702236
2 4.0056464e-05 0.66975856 0.47027674 1.0 0.7996591
10 3.9950009999999996e-05 0.8062710999999999 0.08775275 0.9717233000000001 0.23582971
3 3.9817758e-05 0.20430967 0.48385388 0.59255135 0.9628936
