13 0.18918431 0.0032441690000000003 0.5192599 0.11348158 0.67463017
3 0.13682146 0.45839924 0.30033073 0.48804885 0.3316318
3 0.0884807 0.018145483 0.53702885 0.10724105 0.70031655
8 0.054654405 0.45117337 0.29421648 0.48841798 0.3358399
8 0.040231752999999995 0.008135833 0.5664505 0.08418508599999999 0.6649009
8 0.03157782 0.2666686 0.32165876 0.31919768 0.3682565
13 0.025735723 0.008553885 0.5602215 0.10181872 0.6431646
8 0.013489977 0.7707495 0.23693307 0.8158124 0.27077493
3 0.008948036999999999 0.0 0.5582957 0.11437475 0.6696806
8 0.006742171 0.45234388 0.30805206 0.48938614 0.34417570000000003
13 0.0067021780000000005 0.0 0.52979535 0.08391921 0.6347656
13 0.006247759 0.45041037 0.29637179999999996 0.48928994 0.33321255
3 0.0048513454 0.4582308 0.31673026 0.48792374 0.34512818
3 0.004318752 0.27395590000000003 0.32473847 0.32448867 0.36277434
8 0.0035012155 0.011783253 0.5859411999999999 0.07154371 0.64398277
2 0.003052347 0.4612041 0.29215732 0.50013036 0.32424384
1 0.0024324134 0.45372700000000005 0.3037638 0.49013788 0.32743022
3 0.0022182504 0.7764576999999999 0.23752554 0.822311 0.27108790000000005
8 0.0020956355 0.8947308 0.25755605 0.98471344 0.38866138
8 0.0020852603 0.0 0.53798926 0.11654551 0.77773494
9 0.001989238 0.45740545 0.30051744 0.50150657 0.33202067
6 0.0018921645000000002 0.45051092 0.29558384 0.5025561 0.32890916
8 0.0018373979 0.0 0.546369 0.10682848 0.6748668999999999
13 0.0016164202 0.01476581 0.5165325 0.09501341 0.6463960999999999
7 0.0013497798 0.45027277 0.29407293 0.49706885 0.33251658
5 0.0011787356 0.44096553 0.3045731 0.5009514 0.3310012
12 0.0010856753999999998 0.45470884 0.2952386 0.49902776 0.32639453
11 0.0009801842 0.461844 0.29757166 0.49027017 0.3273817
3 0.00094865926 0.26609617 0.3358345 0.32308662 0.3786907
8 0.0008838909599999999 0.0073085614 0.55907804 0.07065669 0.6307243
2 0.00085226155 0.0 0.54024243 0.103886575 0.6712259
7 0.0008361994000000001 0.0 0.4785672 0.0939378 0.70307076
10 0.00081300543 0.45997757 0.29436868 0.49941653 0.32667434
4 0.0007127629400000001 0.46561298 0.29669353 0.5001763 0.32784697
8 0.0006801874000000001 0.0 0.57996047 0.08626433 0.6876664000000001
8 0.0006683274000000001 0.0030722693 0.533303 0.08562229 0.7241765
8 0.000668043 0.91854864 0.28872922 0.97145873 0.37511626
2 0.0006450415 0.0 0.5266867 0.15056935 0.68264425
3 0.0005864522 0.90192467 0.27222022 1.0 0.39617866
5 0.0005533277 0.0 0.56546664 0.08292104 0.6707247
3 0.0005432518 0.47409278 0.30018878 0.5133901 0.32760659999999997
13 0.00053208333 0.4524268 0.32283065 0.48761415 0.3530792
8 0.0005180866599999999 0.47139573 0.29743272 0.50713 0.3278762
13 0.0004307641 0.26872826 0.32229683 0.31487529999999997 0.36685684
10 0.00041064067 0.02635165 0.5519305 0.10664435 0.6510383000000001
1 0.00040581566 0.0 0.5981456 0.07538613 0.68478966
8 0.00039910627 0.048759624 0.3897454 0.35224283 0.85074586
3 0.00038451114 0.022331081000000003 0.55490875 0.12162734 0.8460641999999999
10 0.00038225102 0.032969218 0.49095103 0.1052784 0.6852488
12 0.0003663743 0.0 0.49140605 0.17923541 0.62096554
8 0.00035753223 0.0 0.43617427 0.08509711 0.7824217
13 0.00035634144999999997 0.77196234 0.23751478 0.8190432 0.2716083
8 0.00032771212999999994 0.8506908999999999 0.26344466 0.9738476999999999 0.3841452
11 0.00031426020000000003 0.02477394 0.54713887 0.0632242 0.6995049
7 0.00029842582000000003 0.0 0.5647346 0.08701784 0.6534669
9 0.00029336702 0.020160268999999998 0.49161655 0.094041005 0.6860724
8 0.0002892622 0.0038806609999999997 0.5002002000000001 0.09560752 0.84546834
12 0.0002882066 0.016145892 0.49919885 0.11128545599999999 0.6286658
13 0.00027829077 0.0 0.47994408 0.11933648599999999 0.6484833000000001
6 0.00026999734 0.0 0.5712025 0.13292581 0.7006161999999999
2 0.00023626797999999998 0.4539003 0.31676626 0.50521815 0.34845668
8 0.00023421261000000003 0.025660336000000002 0.52459186 0.22469968 0.7764882
2 0.00023382937000000003 0.0 0.49520594 0.12218283 0.7271062
12 0.0002285772 0.02963816 0.57570577 0.12079148 0.63781947
12 0.00022447127999999998 0.017350473 0.5313518 0.12001107 0.661825
7 0.00021847372000000003 0.0 0.46887198 0.14675733 0.6711355
8 0.00021449421000000002 0.009435661 0.5130884 0.15939614 0.7673529
8 0.00021403017999999997 0.7862140000000001 0.14130081 0.9441608 0.40435085
13 0.00020532541 0.008055493 0.40556872 0.1363376 0.8153260999999999
2 0.00020147482 0.005595792 0.50721294 0.10508539 0.64307135
2 0.00019092673 0.0 0.5708003 0.09837969 0.7108399000000001
8 0.00018796025000000001 0.6459608 0.14301005 0.9237356 0.7714548999999999
8 0.00018578008 0.010293700000000001 0.3773902 0.2022303 0.87984943
8 0.00018208369 0.27650976 0.33424428 0.3236091 0.37664068
13 0.00018131726000000003 0.009004906 0.23072776 0.33873070000000005 1.0
8 0.00018047457 0.020408332 0.13853012 0.22305007 0.8772603999999999
1 0.00017783124 0.0 0.5534564999999999 0.07700673 0.6463920999999999
9 0.00017355142 0.28013146 0.33023307 0.33054477 0.36073163
3 0.00017018647 0.053916603 0.35586336 0.37839428 0.9740281
9 0.00016697754000000002 0.036524403999999996 0.5212672 0.16049251 0.68110865
9 0.00016180688999999998 0.02784666 0.5699134 0.10471338 0.6587997
12 0.00016021715 0.0 0.520908 0.19207048 0.65114665
4 0.00015548865 0.016753778 0.5407283 0.10310133 0.64861965
4 0.00015388902 0.028493814 0.57276547 0.10564903 0.6340522
8 0.00015248344 0.014047351999999999 0.39895335 0.03815202 0.43435133
3 0.00015092418 0.3563812 0.24360622 0.7538279 0.9426879000000001
13 0.00014922461999999998 0.38810563 0.1608363 0.71761477 1.0
8 0.00014813131 0.9139540999999999 0.2827038 0.97296864 0.34300727
13 0.00014524418 0.0017812289000000002 0.41260603 0.10423069 0.7518812
13 0.00013444209 0.26995212 0.34556055 0.31517535 0.38291420000000004
8 0.0001316856 0.60888875 0.21219307 0.8950865 0.9064018
13 0.00013011647 0.28085986 0.3196652 0.3296952 0.36708134
11 0.00012705845 0.03528248 0.5982812 0.079279155 0.65779686
8 0.00012653018 0.4730969 0.28262940000000003 0.84792274 0.9763357
3 0.00012564461 0.014546456999999999 0.3993196 0.04178436 0.44048968
8 0.00011903371999999999 0.6343278 0.067862205 0.8794058000000001 0.32375538
8 0.00011618917 0.034258932 0.27178156 0.3101788 0.7613306
2 0.00011530341 0.27541292 0.3131857 0.33531594 0.35393393
6 0.00011483291000000001 0.0 0.53583264 0.11547643 0.65989685
8 0.00011312401000000001 0.36351824 0.3028267 0.6327961 0.8842118
8 0.00011145481000000001 0.72384864 0.08499115 0.9223066999999999 0.43550690000000003
1 0.000109512606 0.0 0.5639369000000001 0.11196923 0.6672570999999999
5 0.00010924161 0.0 0.5896353 0.07442872 0.6956966
3 0.00010855281999999999 0.24440102 0.3528183 0.61297333 0.96487254
11 0.00010702106000000002 0.02747763 0.5581792 0.07189113 0.7386621999999999
8 0.00010141361999999999 0.10047628 0.14091842 0.36071759999999997 0.58994246
1 9.887369000000001e-05 0.0 0.59865576 0.11449878 0.69652873
8 9.677098e-05 0.0 0.39677915 0.11776752 0.81626374
13 9.4986186e-05 0.29618156 0.16239624 0.6020403 1.0
6 9.475675e-05 0.0089771375 0.59160393 0.11842882 0.6492831
8 9.016063000000001e-05 0.013182193 0.5580991 0.24234405 0.90560806
10 8.965323e-05 0.043960698 0.44379482 0.15603146 0.69839317
12 8.815833e-05 0.27643505 0.31777126 0.32979992 0.35170883
8 8.625783000000002e-05 0.49535936 0.21677472 0.76890856 0.8867671
13 8.595841000000001e-05 0.89457154 0.2527342 0.9942049000000001 0.3879603
9 8.450981e-05 0.03568497 0.52502704 0.11799252 0.7425229
12 8.340613000000002e-05 0.034630037999999995 0.54482096 0.1307385 0.6062941
8 8.300697e-05 0.6931324999999999 0.24754992 0.9272368000000001 0.9301912
8 8.293394e-05 0.09027239999999999 0.1754984 0.39625746 0.8356414000000001
8 8.1910875e-05 0.7399388000000001 0.17318864 0.9477393 0.76727164
3 8.159871e-05 0.021117575 0.50377274 0.09769583 0.9396267
13 8.038248000000001e-05 0.060709164 0.0 0.3787737 1.0
11 8.017604999999999e-05 0.46404395 0.31375235 0.49771109999999996 0.35700494
8 7.807716599999999e-05 0.5602716999999999 0.16104934 0.83061236 0.80644315
10 7.756022e-05 0.024142947 0.5387608 0.10521114 0.6140198
3 7.6773445e-05 0.12416065 0.34946343 0.47162753 0.98733443
11 7.660437e-05 0.048491564 0.5472384 0.112750575 0.6868721999999999
13 7.624544e-05 0.02929001 0.5434817 0.08938165 0.66562676
9 7.603244000000001e-05 0.027629547 0.5521744000000001 0.09446434 0.73000157
8 7.4226286e-05 0.0023527704000000003 0.5868931 0.07266377 0.72961754
2 7.404944e-05 0.0014743581 0.58238256 0.09144076 0.6434880999999999
8 7.352529e-05 0.22185811 0.38458538 0.5238476 0.90716183
5 7.342939999999999e-05 0.0 0.58603364 0.09369522 0.6399905
4 7.305953e-05 0.05294952 0.53910017 0.16261593 0.65345854
1 7.262576999999999e-05 0.0 0.6237904000000001 0.07402813400000001 0.71608245
1 7.253214e-05 0.26264253 0.32412437 0.3129308 0.35575253
8 6.941354e-05 0.72648555 0.20914643 0.9331743 0.46227688
12 6.8119654e-05 0.005990206999999999 0.4861634 0.14411205 0.6894043000000001
5 6.711177e-05 0.0 0.5629743 0.1454354 0.6499998
13 6.698231e-05 0.0 0.49850267 0.08208481 0.67946535
1 6.302009e-05 0.0 0.59201986 0.086278096 0.72193336
13 6.0613253e-05 0.57686365 0.0 0.9341912 1.0
6 5.9884358000000004e-05 0.0 0.5402365 0.16662478 0.6831331
1 5.9719834000000003e-05 0.0035659336 0.60392934 0.08459456 0.6520531999999999
8 5.871528e-05 0.42631328 0.20250353 0.7024914000000001 0.87330645
6 5.8426000000000006e-05 0.0 0.60196936 0.12776282 0.72666717
3 5.4242507999999996e-05 0.60713094 0.24237047 0.9571267 0.974356
7 5.4121465e-05 0.43691307 0.31966686 0.49853688 0.36037645
5 5.3252465e-05 0.44544676 0.32606417 0.48903129 0.36099455
13 5.3067575e-05 0.9180370000000001 0.28954309999999994 0.98659915 0.36575016
6 5.2120373e-05 0.26280951 0.3271728 0.3271932 0.3568952
3 5.207823e-05 0.49802542 0.24367851 0.8645748 0.9446216999999999
13 5.0038564999999996e-05 0.0 0.16427398 0.21309683 0.94657177
8 4.966029e-05 0.71297854 0.10074073 0.92477554 0.6303209
2 4.700777e-05 0.7786198000000001 0.22842273 0.830367 0.27195257
4 4.643246600000001e-05 0.017754883 0.5688199 0.09746169 0.67973006
8 4.587897e-05 0.47567016 0.12650672 0.75049967 0.6895515
13 4.4265722e-05 0.0 0.5496835999999999 0.10299732 0.7091125
4 4.3621584999999995e-05 0.022455983 0.5149067 0.10625749 0.614765
2 4.3256954e-05 0.02245241 0.5503081 0.10531056 0.6148416
10 4.267410299999999e-05 0.28663522 0.31772086 0.3267607 0.35790688
11 4.2477266e-05 0.036512308 0.52841365 0.08894401 0.75537926
13 4.226652e-05 0.49681437 0.07648454 0.8196857 1.0
8 4.216285e-05 0.64045364 0.11150468 0.88379914 0.58214885
8 4.201224e-05 0.4073236 0.1259007 0.67067575 0.7267813
1 4.1758736e-05 0.44707543 0.32360587 0.48815334 0.35242087
3 4.1010889999999997e-05 0.05735001 0.5245505 0.26932126 0.8471421
13 4.074016e-05 0.21015157 0.16023995 0.535377 1.0
8 3.948124e-05 0.0051994175 0.5162684000000001 0.07961900000000001 0.6291399999999999
4 3.9394366e-05 0.28555024 0.32169949999999997 0.32175590000000004 0.35847202
3 3.9035018e-05 0.039696947 0.24754743 0.25291955 0.9596474
8 3.8254697e-05 0.4684247 0.31244734 0.49843273 0.34473434
8 3.7512379999999995e-05 0.13554926 0.38655058 0.45073897 0.89813966
2 3.6437556e-05 0.29034087 0.31105253 0.35020426 0.35594717
8 3.5668872000000003e-05 0.22551328 0.1851928 0.5075371 0.8250875
9 3.473837e-05 0.29446647 0.32802153 0.34580854 0.35989344
6 3.4445587999999995e-05 0.44887495 0.3251172 0.49950826 0.35330912
13 3.443212e-05 0.46787727 0.29689679999999996 0.5054007 0.33018294
10 3.4225184e-05 0.037008 0.41422355 0.13538776 0.76273257
3 3.4224096e-05 0.6542941 0.20234255 0.99521595 0.781154
13 3.4164477e-05 0.015131946 0.39249477 0.04039107 0.44570786
13 3.387756e-05 0.03369993 0.0 0.38058665 0.68353385
13 3.3072090000000004e-05 0.14328687 0.3027304 0.48666292 1.0
3 3.171732e-05 0.03589225 0.5210845000000001 0.18512756 0.8230907
13 3.159501e-05 0.0 0.44615045 0.23391223 0.79366136
3 3.108844e-05 0.85187477 0.2816885 1.0 0.40625414
5 2.8934553e-05 0.052994728 0.520349 0.33670026 1.0
8 2.8349636999999998e-05 0.78213435 0.2966362 0.95018035 0.96831447
11 2.802632e-05 0.28443325 0.31883553 0.3135178 0.36492914
4 2.7749087e-05 0.46035343 0.32058224 0.49734880000000004 0.35429004
13 2.7271505999999998e-05 0.0027281083 0.53941303 0.06570203599999999 0.6527253000000001
4 2.6967073e-05 0.035497963 0.5325969 0.12236749999999999 0.69903487
5 2.5400931999999997e-05 0.25358108 0.33273885 0.32614782 0.35725385
11 2.473087e-05 0.79397106 0.23259822 0.8212111999999999 0.27653494
5 2.4529078e-05 0.4015882 0.44971824 0.6773889 1.0
6 2.429788e-05 0.026433386 0.5731059000000001 0.11104252 0.6237262
4 2.4226383e-05 0.051546435999999994 0.56835294 0.11720447 0.6323512
13 2.3410479999999997e-05 0.9005301 0.27381232 0.9805666 0.33018544
9 2.3314810000000003e-05 0.45820266 0.32382312 0.49920255 0.3515722
12 2.297513e-05 0.7805724 0.23483627 0.8326448000000001 0.26545998
12 2.2634227e-05 0.041909438 0.5419401999999999 0.11113541 0.62807655
9 2.2609422e-05 0.024504095 0.5547131999999999 0.11198211 0.62871224
3 2.21071e-05 0.6554041 0.104106925 0.9608053 0.35321406
13 2.1732483000000003e-05 0.005293414000000001 0.3038028 0.10348563 0.8688914000000001
6 2.1576352e-05 0.0 0.5609441999999999 0.15273479 0.76221734
9 2.1446996e-05 0.044465683 0.5757306999999999 0.12429341 0.6542352
10 2.0923837e-05 0.052802827000000004 0.5254175999999999 0.101533055 0.6582355
10 2.0860589999999997e-05 0.47142619999999996 0.31585866 0.5016060999999999 0.35707614
13 2.0584483e-05 0.0010614358 0.6068855 0.107520536 0.6590465999999999
8 2.0075719e-05 0.024663447999999998 0.094702095 0.17172179999999998 0.64403635
8 1.9693844999999997e-05 0.06492762 0.07502321 0.39131248 0.44029966
8 1.9690304e-05 0.36620290000000005 0.13015464 0.6087108 0.6343163
3 1.9520345e-05 0.9139109000000001 0.27974752 0.99657744 0.35847425
10 1.9270341e-05 0.7957944 0.22968926 0.82882506 0.26749384
13 1.9201983e-05 0.55828756 0.0 0.96164185 0.36027277
13 1.8623561e-05 0.9114496999999999 0.2576909 0.98362064 0.34902266
3 1.8480425000000002e-05 0.5375193 0.21655850000000001 0.9095045 0.7224497
3 1.8245788e-05 0.91616464 0.29865924 0.99428165 0.3852264
5 1.804808e-05 0.30682966 0.45266837 0.57099736 1.0
5 1.8017585e-05 0.0 0.58310574 0.073793635 0.6547589
12 1.7565546e-05 0.0428879 0.5705089 0.10610993 0.6568908
7 1.7176984e-05 0.7741668 0.23533082 0.8188647 0.27474248
3 1.7157365e-05 0.47153264 0.319495 0.50572 0.3488144
3 1.6992586e-05 0.10385816 0.1736567 0.42011654 0.6820818000000001
3 1.5704907000000002e-05 0.42067474 0.19579425 0.8054809 0.79655504
9 1.5603113000000002e-05 0.7870222 0.24316171 0.8273365 0.27209884
4 1.5371614e-05 0.03682231 0.5564074999999999 0.09870932 0.6087505999999999
5 1.533577e-05 0.7607845 0.24739401 0.82068324 0.27535784
1 1.5058852999999999e-05 0.0 0.57211524 0.080464035 0.61675304
8 1.4968151000000001e-05 0.031757496 0.5542204000000001 0.081087805 0.6365742
3 1.4622715e-05 0.7361875 0.13746978 0.9815504999999999 0.4784880999999999
8 1.4175060000000001e-05 0.9140536 0.30500534 0.95851713 0.36568108
7 1.4075837e-05 0.26885873 0.31834559999999995 0.32646322 0.36321113
8 1.3590271e-05 0.04186459 0.02171903 0.2201422 0.43703809999999993
2 1.3563197e-05 0.27189624 0.33523652 0.33585572 0.38298953
12 1.3370242000000001e-05 0.0 0.44067267 0.16099742 0.64389914
4 1.32750065e-05 0.30268449999999997 0.32306716 0.3391397 0.35826832
2 1.3176976e-05 0.48042809999999997 0.29377335 0.5198535 0.32292777
5 1.3127486e-05 0.12486862 0.5068769000000001 0.3961333 1.0
3 1.2874527e-05 0.80052215 0.1836154 0.9898847 0.39646235
1 1.2771425999999999e-05 0.7725696999999999 0.24276264 0.8185969 0.26890224
3 1.2652184500000002e-05 0.6457199 0.15217623 0.9800296000000001 0.6029739000000001
1 1.2650257999999998e-05 0.4633178 0.30068398 0.5051003 0.32373598
7 1.2398325999999999e-05 0.005337257 0.53556436 0.09824626 0.6299349
13 1.2324372e-05 0.0 0.118777975 0.3081961 0.8289683000000001
7 1.2130156999999999e-05 0.32188788 0.18900962 0.8029696999999999 1.0
1 1.1776457499999999e-05 0.27679217 0.32263467 0.32704657 0.35723692
13 1.16231095e-05 0.0 0.0 0.24496305 0.6913156
10 1.1557292e-05 0.04615868 0.5322024999999999 0.11475094400000001 0.6166588000000001
4 1.1475598500000002e-05 0.049138325999999996 0.54861426 0.09811424 0.6274088000000001
13 1.1182035000000001e-05 0.67772734 0.0 0.9766809000000001 0.48209515
10 1.1063187e-05 0.15531506 0.19901529 0.44066733 1.0
1 1.070894e-05 0.24610071 0.20361932 0.69309753 0.8279714
8 1.0668664000000002e-05 0.0084129125 0.43589017 0.19723307 0.67290276
7 1.0667327000000001e-05 0.0 0.5379803000000001 0.15264502 0.7012734
7 1.0574160000000002e-05 0.0 0.3428186 0.44632518 1.0
5 1.0533669e-05 0.5226367000000001 0.40060452 0.8039897 1.0
8 1.0486236e-05 0.3004978 0.14542364 0.54375064 0.6734937
10 1.0386673000000001e-05 0.30473940000000005 0.31424528 0.34298012 0.35825452
13 1.0339372000000001e-05 0.7275428 0.0 0.9700398000000001 0.77760863
13 1.0178934e-05 0.0 0.0 0.16486263 0.8743056
13 9.951948e-06 0.83715236 0.25181523 0.98378396 0.38298923
10 9.943417e-06 0.03775638 0.52543646 0.086431324 0.6197173
13 9.922048e-06 0.0 0.0 0.44427955 0.48188132
3 9.793547e-06 0.26058966 0.17520439999999998 0.6119051999999999 0.6838954
13 9.785161e-06 0.020479351 0.5954433000000001 0.09803133 0.6682111999999999
12 9.727089e-06 0.45336735 0.31630840000000005 0.5109367 0.34743688
11 9.633603e-06 0.031160322999999997 0.58060795 0.07667919999999999 0.6334294
9 9.524745e-06 0.047640167000000004 0.5609149 0.09941632 0.6710491
13 9.313662e-06 0.43863094 0.030955652 0.8173324000000001 0.79959774
3 9.257173e-06 0.016203031 0.48310230000000004 0.10906312 0.8004571999999999
13 9.088525e-06 0.5611078 0.0 0.94763595 0.60954714
2 9.032404e-06 0.10311451599999999 0.32990864 0.42066565 0.8367993
12 9.01902e-06 0.40967447 0.072041124 0.7964384 0.7343369000000001
2 8.811900000000001e-06 0.9037245 0.25004315 1.0 0.40869805
8 8.503933e-06 0.04825905 0.016537251 0.34043520000000005 0.16506265
13 8.393583e-06 0.0 0.46268916 0.078839555 0.6360288000000001
3 8.3724835e-06 0.02922003 0.20248249 0.19242164 0.85691375
2 8.056357e-06 0.4350532999999999 0.19993359 0.74747306 0.90557957
13 7.971224e-06 0.0 0.38842377 0.16990738 0.7438661999999999
11 7.96584e-06 0.04540226 0.5042165 0.10634954 0.72580266
5 7.893403e-06 0.0 0.5698049 0.12135294 0.7081195
13 7.813318000000001e-06 0.90606093 0.30607477 0.9810101000000001 0.35299899999999995
9 7.712572999999999e-06 0.6917876999999999 0.10344514 1.0 1.0
5 7.630516e-06 0.6450756999999999 0.40966463 0.93222547 1.0
5 7.613553000000001e-06 0.020256653 0.398094 0.20693502 1.0
8 7.567815000000001e-06 0.16714396 0.15077902 0.439283 0.7015514
4 7.482716e-06 0.78971714 0.23829763 0.8205758 0.26901966
7 7.4815779999999995e-06 0.021093369 0.54352427 0.08751869 0.67309695
9 7.3662339999999995e-06 0.043440275 0.53895694 0.105137594 0.64671934
8 7.363512400000001e-06 0.0036466196 0.40010485 0.1536251 0.64592946
3 7.296882400000001e-06 0.019983854 0.43761350000000004 0.13772173 0.86285
11 7.2824980000000005e-06 0.040446524 0.5802641 0.07106592 0.6722465
5 6.977125e-06 0.0 0.56634945 0.09181857 0.6055586
5 6.9187868e-06 0.08169229 0.23858266 0.37818873 0.6127845999999999
3 6.893245400000001e-06 0.05112376 0.14967734 0.28068355 0.8066621
2 6.8825534e-06 0.036931716 0.532621 0.094598435 0.6432749
12 6.857503000000001e-06 0.47635216 0.29394644 0.5176559000000001 0.3243702
10 6.832799e-06 0.53830034 0.20368998 0.7915327 1.0
5 6.7970827e-06 0.20763184 0.50934887 0.48181660000000004 1.0
