3 0.98672396 0.09188531 0.6216411999999999 0.15839098 0.68640697
3 0.94843364 0.34520975 0.62138844 0.3887619 0.6696597
3 0.8366396 0.83445877 0.6227468 0.96485823 0.697294
3 0.792821 0.2951635 0.61954683 0.34163140000000003 0.6807048000000001
8 0.65749687 0.21898204 0.6164236999999999 0.28496940000000004 0.682599
3 0.48879540000000005 0.226753 0.6167953 0.28176332 0.6823166
3 0.24360572 0.35737103 0.6232241999999999 0.40067554 0.665493
8 0.22437889999999996 0.70804024 0.58340013 0.7847407 0.66585374
3 0.1998076 0.41749972 0.629532 0.45656544 0.6583211999999999
8 0.15641609 0.7468983 0.6054108 0.8331698000000001 0.670832
8 0.12087085 0.012642033 0.8384976000000001 0.14408195 0.9422370999999999
3 0.11969782400000001 0.2545187 0.6155743 0.30724317 0.67550415
8 0.09074291 0.28091186 0.6138985 0.3482476 0.6846409999999999
3 0.080112055 0.7624449000000001 0.6039949 0.82455486 0.67254746
3 0.07995479 0.40631887 0.62899965 0.44521590000000005 0.6580635
8 0.07711486 0.24759524 0.6103321 0.31539753 0.6814156
8 0.06472294 0.40914878 0.6254604 0.45850810000000003 0.66440016
3 0.050209537 0.71762353 0.5869408 0.77896637 0.6633786
8 0.040377613 0.086775795 0.62061787 0.15873955 0.68788826
8 0.028928377 0.88124406 0.20304543 0.91723347 0.24841137
8 0.023663852000000003 0.35593775 0.6151388000000001 0.40488157 0.66913366
3 0.018636685 0.43192407 0.62922424 0.4738352 0.6589219000000001
8 0.017919049 0.34167509999999995 0.61438227 0.39550048 0.67260164
8 0.01631359 0.3403343 0.36837468 0.3769278 0.41223794
8 0.014873868 0.09814143 0.6067701 0.16786429999999997 0.68256813
3 0.0114257 0.45301408 0.62888825 0.49424213 0.6584475999999999
8 0.011354533 0.42440385 0.6249434 0.47363597 0.66333854
8 0.011098301000000001 0.38140646 0.62229055 0.43253050000000004 0.6624909999999999
8 0.010468936 0.044147827 0.6033224 0.08217054 0.6487804
13 0.010396602 0.28367397 0.6298615 0.35517177 0.6820093
8 0.009669846999999999 0.03522388 0.6068777 0.08253648 0.6638159
3 0.009500559 0.38625824 0.62473786 0.43119645 0.65950763
8 0.007216219 0.44595367 0.62514776 0.49343407 0.6638241
8 0.0068301586 0.16083114 0.6181074000000001 0.20945515 0.66055155
8 0.0067633903 0.6970439 0.56412625 0.83653665 0.68089163
8 0.0063086159999999995 0.5180623 0.37201023 0.5523626 0.42239040000000005
8 0.006278547 0.44534835 0.3678269 0.48432240000000004 0.41552330000000004
13 0.0054910259999999995 0.23386714 0.6202018 0.307793 0.67818135
3 0.005411885999999999 0.029791854 0.82494164 0.15593058 0.9455921
13 0.005327696 0.33713406 0.377954 0.37838638 0.4061695
13 0.005272390300000001 0.29294770000000003 0.6195721 0.36920349999999996 0.6862986
8 0.004751373 0.81756806 0.59134907 0.9840504999999999 0.7134404999999999
11 0.004296924000000001 0.28275216 0.60459405 0.33348066 0.6765680000000001
13 0.0041853646 0.35704377 0.62212545 0.41203424 0.6732912
13 0.004035708 0.101805925 0.6203071 0.18169326 0.68693745
7 0.0037809233000000004 0.2657183 0.607347 0.3598952 0.6905982
11 0.0037303083 0.29821715 0.6084357 0.34791633 0.6769973000000001
8 0.0036808087 0.8374401 0.6231399999999999 0.9380937 0.69658875
8 0.0036697919 0.6999637 0.5854984999999999 0.76002014 0.65948284
8 0.0036369457 0.8927232 0.13896357 0.9654988000000001 0.24569443
13 0.0034842067 0.44134316 0.37560278 0.48508587 0.40986484
3 0.00325454 0.14613117 0.6187855999999999 0.19760571 0.6615231
13 0.0032281273 0.0094181 0.81582683 0.19394846 0.930198
2 0.0031194421 0.2866953 0.6102546999999999 0.364114 0.66093224
2 0.003086495 0.24160625 0.6106170999999999 0.31593853 0.66645503
5 0.0027167640000000004 0.26155683 0.6261528000000001 0.36328515 0.67733586
1 0.002691517 0.28041324 0.6255156999999999 0.34674057 0.6782494000000001
13 0.0026036098 0.41491494 0.6247643 0.46199378 0.66652364
9 0.0025203435 0.23754393 0.6173531 0.32212529999999995 0.66918874
9 0.0024203232 0.27490732 0.6119209 0.34354225 0.66946405
8 0.002175611 0.14128235 0.6104090999999999 0.2004906 0.6647635999999999
9 0.0021129537 0.21564262 0.61976707 0.28114647 0.6628113
11 0.0020010143 0.25303602 0.6014319 0.31194955 0.6771379
6 0.0019513711 0.25250745 0.60988057 0.35689658 0.67349523
7 0.0019215168 0.22387107 0.60868365 0.31569362 0.68693775
1 0.0018333028 0.25483328 0.6244436 0.33342487 0.67211616
13 0.0018214307 0.7595414 0.6172494000000001 0.8363311 0.6703564999999999
13 0.0017692898000000001 0.34372938 0.6269102 0.39840853 0.675139
13 0.0017486817000000002 0.22127405 0.64711267 0.29560152 0.6877066999999999
11 0.0017353154 0.22340772 0.61728585 0.26529990000000003 0.6735066999999999
11 0.0017332757999999999 0.33065903 0.6056428 0.37460809999999994 0.6739248999999999
8 0.0017234216000000001 0.61310387 0.05067871 0.87717485 0.328808
13 0.0017108925 0.081934676 0.64667696 0.16534248 0.69179064
2 0.0017070081 0.21632844 0.61892396 0.29062140000000003 0.66148734
9 0.0016887925 0.28626929999999995 0.6153192 0.36391622 0.6743735
13 0.0016571451 0.83270204 0.6221443 0.92991734 0.6976148
13 0.0015783046 0.30296013 0.6182885 0.35558847 0.7140869000000001
3 0.0015236959 0.34364703 0.36329398 0.37010106 0.41095707
13 0.0015029943 0.32610792 0.6339708000000001 0.38804520000000003 0.67774737
1 0.0014768498000000002 0.23314986 0.6253016 0.30222186 0.6719911999999999
13 0.001426173 0.06863349 0.63132095 0.14079168 0.6819850000000001
13 0.0013589079 0.51055354 0.38310185 0.5502483 0.40915490000000004
4 0.0013406114000000002 0.2543945 0.6074381 0.31558874 0.6795747
9 0.0013145916000000001 0.29766825 0.6159277 0.3408974 0.69225574
3 0.0013093973 0.16383275 0.6215429 0.20594713 0.66002995
13 0.0012936018 0.21105476 0.6274138000000001 0.2767022 0.67237484
2 0.0012744385 0.32586882 0.36760765 0.40191802 0.41212288
8 0.0012313338 0.67722505 0.59126914 0.7301541 0.6528297
1 0.0012239699 0.29839924 0.62938887 0.36029705 0.679562
12 0.0012214766 0.23153049999999997 0.6146768 0.32134998 0.6702037
5 0.0012050238 0.18017699 0.6327003999999999 0.29762575 0.6660915
8 0.0011961156 0.6704314 0.5888161999999999 0.71084964 0.6511631999999999
3 0.0011844728 0.30227792 0.6102074000000001 0.34762597 0.64495283
7 0.0011545903 0.32526055 0.61356646 0.4026269 0.6775894
13 0.0011337389 0.40018094 0.627256 0.44686729999999997 0.6654679
11 0.0011305300999999999 0.30248994 0.5699590999999999 0.34003538 0.6965361
5 0.0011102501 0.20302586 0.6329208000000001 0.33778769999999997 0.67805105
8 0.0011023779 0.25580302 0.60591716 0.30131242 0.6518151999999999
12 0.0010899702999999999 0.27900964 0.6069233 0.36806327 0.6666685
7 0.0010442939999999999 0.34825402 0.6147096 0.4180084 0.67327386
9 0.0010428895 0.29919672 0.6174178000000001 0.38789785 0.66956335
3 0.0010239573 0.2631492 0.6079102 0.3053422 0.6446935
1 0.001018719 0.2038941 0.6298201 0.26881948 0.6693697
13 0.0010125275 0.84440035 0.6435269 0.9557515 0.7081781999999999
13 0.0010119159 0.7145667 0.58042586 0.7811942 0.6676791
11 0.001004154 0.8462540000000001 0.60692436 0.9125078999999999 0.67531466
6 0.0010039788 0.21057531 0.6108811 0.33755657 0.67059207
7 0.0009977141 0.20398757 0.6127763 0.27918187 0.68205893
8 0.0009946505 0.6153988 0.10439382 0.88062507 0.47180188
1 0.0009691686000000001 0.3099648 0.62531483 0.3772147 0.6695920999999999
8 0.0009514755000000001 0.7481634 0.595963 0.81203693 0.6583628
4 0.00091980543 0.29530594 0.60810864 0.35962304 0.6736052
13 0.0008938669300000002 0.29336077 0.6339935 0.34270263 0.71363646
10 0.0008935449 0.2453212 0.5985813 0.31205508 0.6633789999999999
3 0.0008714262 0.5203997 0.37022153 0.5446999 0.41807225
13 0.00083684135 0.103962734 0.61713755 0.16844477 0.71311146
11 0.0008363703 0.21917501 0.5649857 0.2643163 0.7062753
4 0.000834671 0.22506599 0.6144401999999999 0.2836531 0.6755253999999999
13 0.0008306179700000001 0.86665124 0.20894158 0.9330093 0.23868677
4 0.0008076145 0.31575087 0.6057326 0.38215598 0.6783123999999999
6 0.0008024396 0.2680183 0.61187696 0.39867276 0.6751889
9 0.00078662805 0.23224045 0.61542904 0.28139493 0.68463814
7 0.0007863367 0.2968383 0.6158571 0.38166186 0.68670946
13 0.0007818409399999999 0.28727567 0.64954764 0.35153276 0.69301677
8 0.0007801685000000001 0.055853277 0.6101284 0.108414575 0.67211145
9 0.0007330113000000001 0.31051934 0.6165227 0.36070216 0.69166315
5 0.00072045106 0.27682889 0.6312609 0.3849808 0.68277395
8 0.00068054296 0.09615560000000001 0.42640343 0.31893742 0.87510455
5 0.0006803883 0.32331365 0.6303896 0.40484613 0.6712345999999999
2 0.00067507755 0.36138734 0.61392057 0.41714308 0.6568579000000001
7 0.00067399646 0.27142945 0.5960154999999999 0.34622106 0.7216292
2 0.0006731911999999999 0.43503267 0.36725911 0.5045234000000001 0.41106716
3 0.0006722215299999999 0.44621700000000003 0.36159256 0.4745236 0.41542643
13 0.0006576655 0.21584415 0.62773794 0.26629224 0.69389653
8 0.0006570403 0.740762 0.14942375 0.89561903 0.6655818
1 0.0006564761000000001 0.36000124 0.6324131 0.40765324 0.66746235
3 0.0006512948 0.04459623 0.6139903 0.09182319 0.6584435000000001
11 0.000642544 0.08253454 0.6152871 0.12110904 0.6773321999999999
8 0.00064207934 0.022127356 0.81777316 0.09961319 0.9514017
13 0.0006404574400000001 0.2369583 0.61794317 0.29497048 0.70605654
7 0.00063340703 0.10117278 0.60556847 0.18825436 0.6841025
8 0.0006238149 0.07703853 0.60637677 0.14140345 0.692976
5 0.0006077797 0.06692386 0.64900476 0.16205795 0.70080006
7 0.0006006515000000001 0.28899378 0.5904244000000001 0.3639862 0.7169960999999999
5 0.0005966718 0.27171242 0.635366 0.3439986 0.6987691
11 0.0005923517 0.09997196 0.6307235 0.15261462 0.7075969
8 0.000588159 0.9605608 0.5930924 0.9950851000000001 0.64525187
11 0.00058316963 0.2368221 0.6105343000000001 0.28969863 0.6795619
7 0.00057925243 0.06917369 0.6320357 0.15297168 0.7078211999999999
6 0.0005729382 0.20353308 0.61455214 0.29534164 0.66898686
12 0.0005723142500000001 0.84986156 0.60197705 0.9352189000000001 0.67495304
12 0.00056583685 0.217323 0.61585325 0.29097563 0.6653128
11 0.00055162696 0.352858 0.61524343 0.39261496 0.66980034
8 0.0005493519 0.64036953 0.1372735 0.84473574 0.68192255
9 0.0005331827 0.21922208 0.6160594 0.26480502 0.6847646
13 0.00053018663 0.42843553 0.62395376 0.47606406 0.6664996
11 0.0005283791000000001 0.42382264 0.62204236 0.45644683 0.6616013000000001
13 0.0005261895 0.08853458 0.62640023 0.1476501 0.71241415
3 0.00051793316 0.050604902 0.6036878000000001 0.09325341 0.6458373000000001
13 0.0005155336 0.07945442 0.65146995 0.14243719 0.68967724
11 0.0005121262000000001 0.23512134 0.57366574 0.28229788 0.7041465
11 0.00050869375 0.37443832 0.6147954000000001 0.41121998 0.6677403000000001
3 0.0005081138 0.6362628 0.081681415 0.9553746 0.3432893
1 0.00048502266999999997 0.33711338 0.6324638000000001 0.390212 0.6720856
9 0.00048343177000000005 0.33165342 0.61485404 0.39030743 0.6699381999999999
9 0.0004806579 0.24672115 0.6123859 0.3029685 0.68314993
6 0.00045724292 0.34344965 0.62007004 0.43469805 0.6668970999999999
1 0.00045294236 0.06284692 0.6300148 0.12749207 0.67315036
2 0.00044749197 0.22830832 0.64382493 0.30396622 0.68874526
1 0.00044678230000000005 0.8238777 0.63090646 0.91902924 0.67915046
5 0.00044289405999999997 0.82216686 0.62095577 0.94040054 0.67685187
11 0.00044103427000000004 0.87434894 0.61771876 0.9351768 0.70701253
5 0.00043800176 0.19878592 0.65478164 0.27819833 0.6962151999999999
7 0.0004379047 0.20369363 0.64420617 0.27897647 0.6998835
10 0.00043771707 0.20990208 0.61391824 0.27799392 0.65977967
6 0.00043707087999999997 0.3248119 0.61602974 0.41675314 0.6717086999999999
4 0.00043620274000000003 0.11198568 0.6245590999999999 0.17995328 0.7069495
2 0.00043468032 0.50337696 0.36960495 0.5738776 0.40853563
11 0.00043300407999999997 0.40856704 0.6213521 0.44044635 0.66126525
2 0.00042912777 0.34113568 0.6144619 0.40789628 0.65617436
1 0.00042348532999999996 0.1975397 0.6218121999999999 0.25724724 0.6795551999999999
5 0.00042246057999999995 0.05006741 0.6314691 0.1437845 0.6734201
2 0.00042217007 0.32336724 0.6135916 0.39669406 0.6611019
8 0.0004205635 0.7235333 0.59402066 0.7964333 0.6593146
11 0.0004193071 0.3196996 0.5732904999999999 0.3604542 0.68750787
1 0.00041782964 0.3923929 0.6311062 0.44239572 0.6560208000000001
4 0.00041763345000000004 0.08837139599999999 0.62780195 0.16337648 0.7031805
1 0.00041571812000000004 0.41086373 0.63316494 0.4574618 0.65946335
4 0.00041551852999999997 0.22470832 0.63884544 0.28073293 0.69773346
13 0.00041329247 0.042948167999999995 0.6264841999999999 0.10608831 0.66656244
7 0.00041108714999999997 0.05555426 0.61492854 0.13369039 0.682649
13 0.00040973937999999995 0.38030875 0.6261501 0.43234402 0.6671246
5 0.00040894083 0.18651046 0.6334261 0.2764264 0.691736
8 0.00040850163 0.23412268 0.5919977 0.37633866 0.698455
13 0.00040520226999999997 0.61417747 0.0 0.95817196 0.5308430000000001
7 0.00039767646 0.40951738 0.6230503000000001 0.46087888 0.6676361
4 0.00038917165 0.2775054 0.6086851 0.34049022 0.6700027
8 0.00038573392999999994 0.70973873 0.09792941 0.90722024 0.46165973
2 0.00038494056000000005 0.41854020000000003 0.6215407 0.46649423 0.6536346
11 0.00038280937999999996 0.11779221 0.6280005 0.17383683 0.70499516
13 0.00037858620000000005 0.20254391 0.6302036999999999 0.2615332 0.6687481
5 0.00037571523 0.34313497 0.6331595 0.4261848 0.6704066
9 0.00037430786 0.73224294 0.5884645000000001 0.7887447 0.66520965
9 0.00037411752 0.22848085 0.64370483 0.30386534 0.68687505
1 0.00036874330000000004 0.21501102 0.6315739 0.2840982 0.67559004
12 0.000366255 0.87108433 0.6032848000000001 0.96201766 0.6809126999999999
10 0.00036497915000000003 0.24220721 0.638133 0.30213332 0.69408864
5 0.0003623789 0.40242067 0.6367862 0.46999636 0.6650108
8 0.00036129646 0.31647956 0.6061671 0.37540830000000003 0.69241464
11 0.00035975943 0.7204689000000001 0.5625198 0.7597208000000001 0.6817474
10 0.00035554133 0.22479475 0.6439501 0.28375328 0.6937098
1 0.00035461790000000003 0.112694815 0.6322485999999999 0.17708524 0.6779923000000001
6 0.00035370394 0.07473165 0.6437183000000001 0.17144872 0.69627357
8 0.00034917335 0.19658932 0.58810925 0.34118977 0.6985034000000001
8 0.00034898715 0.06833542 0.15737844 0.30705994 0.6538684
11 0.00034792986000000006 0.25726533 0.5653794 0.30170488 0.7037238
11 0.0003435289 0.09561688 0.5808042 0.13603617 0.69903815
2 0.00034086555 0.11462127 0.6052517 0.18514879 0.664421
2 0.00033689877999999995 0.07514235400000001 0.6136621999999999 0.14916284 0.6595310999999999
9 0.00033251202000000006 0.11011939 0.6133295999999999 0.1572916 0.68832433
6 0.00033248044 0.07974059 0.6124124 0.21665153 0.6776404
5 0.00033078800000000005 0.20149201 0.6385896 0.29696867 0.69760203
13 0.0003299818 0.854117 0.6193299 0.9634674000000001 0.68968195
11 0.0003270339 0.88751984 0.60498285 0.9412478000000001 0.6729411999999999
6 0.00032643974 0.057077895999999996 0.6180842 0.15675673 0.67425436
4 0.00032446193 0.37370962 0.61481565 0.41961527 0.666872
4 0.0003228569 0.24015585 0.633328 0.29828075 0.7022520000000001
10 0.0003211717 0.26086742 0.5946307 0.3299541 0.6737515000000001
7 0.00032094904 0.8210438 0.60347277 0.9221527 0.691051
8 0.00031981638 0.68778545 0.12207048 0.8678314 0.81289124
9 0.00031461537999999997 0.34474522 0.6194145999999999 0.4087538 0.6671783
13 0.0003142123 0.6900513 0.59188795 0.76706684 0.64954525
2 0.00031216992999999997 0.30247486 0.5849476 0.37212490000000004 0.6735329999999999
8 0.0003080934 0.65775424 0.5619905 0.7987246 0.68309593
8 0.00030644872 0.23123723 0.6087939 0.2789929 0.6466758
10 0.0003043435 0.28226605 0.6005609000000001 0.35925415 0.67073476
5 0.00030144784 0.2903705 0.63751477 0.36040506 0.7045214
10 0.00030035965 0.73513985 0.5563403 0.78403354 0.66578525
13 0.0002984787 0.82010204 0.6358626000000001 0.966852 0.7537796999999999
5 0.00029786222 0.38596287 0.63594997 0.45478156 0.66378427
10 0.00029502148 0.83165056 0.6148965999999999 0.9245394 0.67029923
10 0.0002939712 0.42486617 0.6226055 0.46810820000000003 0.65934265
6 0.000293075 0.21213584 0.64910555 0.29434390000000005 0.69170576
13 0.00029241282 0.44963452 0.62670976 0.49231735 0.666067
8 0.00028909158 0.05770962 0.43878728 0.24818428 0.9003005999999999
11 0.00028891827 0.09075117 0.61178666 0.14210284 0.67956823
3 0.0002878812 0.32394 0.6227089 0.37467507 0.6805864
11 0.0002866602 0.23240978 0.63402456 0.2781471 0.7077969
12 0.0002864068 0.28884867 0.58745813 0.36576805 0.6778307
11 0.00028601394 0.21639061 0.6164316 0.24979493 0.6696367
9 0.00028566306 0.07151496 0.6168026 0.13875315 0.67164874
6 0.00028487123 0.40611127 0.62528616 0.47589269999999995 0.66027737
12 0.00028413124 0.72160256 0.57675064 0.78692293 0.6511555
9 0.00028379863999999997 0.093536235 0.6156056 0.13856706 0.69218105
5 0.00028312436 0.83825517 0.6413299 0.9471966 0.7063424
1 0.0002829909 0.19501948 0.6267413000000001 0.25113675 0.66149086
13 0.0002820886 0.6971765000000001 0.61469364 0.7735053000000001 0.6600106
3 0.00028164082 0.6245396 0.13356273 0.9434055 0.48381445
9 0.0002783875 0.4190707 0.62933373 0.46764907 0.6653796
7 0.00027805846000000003 0.21269308 0.5930395 0.28814402 0.71479857
11 0.00027673304 0.7663380999999999 0.61199903 0.81952477 0.68359095
8 0.00027161412 0.06957469999999999 0.6353343000000001 0.30215359999999997 0.93354535
8 0.00027147692000000005 0.29601148 0.60923284 0.3416274 0.65092194
6 0.0002682049 0.5069511 0.38546620000000004 0.54812896 0.41510640000000004
9 0.00026703806 0.36403427 0.6219056 0.42679784 0.6651892
3 0.00026423828 0.06878353 0.61802286 0.11837339999999999 0.6693823
10 0.00026353146 0.10458141 0.6322111999999999 0.17750391 0.69481003
4 0.000263504 0.34937462 0.6154034 0.40410343 0.66927314
11 0.00026301520000000003 0.854245 0.5402840999999999 0.9994367000000001 0.7410456999999999
10 0.0002616835 0.78522354 0.5995371 0.8483233 0.6740743
4 0.00025621810000000004 0.12976022 0.6040768 0.19625510000000002 0.6746748
11 0.00025572226000000005 0.111021645 0.5833253 0.15303054 0.69539106
2 0.00025382248 0.09973933 0.63675326 0.17978863 0.68580353
1 0.00025148367 0.6960441999999999 0.59078455 0.75977874 0.6533979
12 0.00024905102 0.107929274 0.6133378 0.19263844 0.6688156999999999
7 0.00024903246 0.8580017 0.5995404999999999 0.9516921 0.6956481
7 0.00024827328 0.087969445 0.5833138000000001 0.1606611 0.7176129
9 0.00024734746 0.8742188 0.6130583000000001 0.96117425 0.6726321
3 0.00024332586 0.7158196 0.57632685 0.8343173 0.6723963000000001
10 0.00024110258999999998 0.22117488 0.6049437 0.29862142 0.6654495
8 0.00023787743999999998 0.67120737 0.6041908 0.71599215 0.65925103
8 0.00023549865 0.0 0.7809418 0.15396905 0.9672786
12 0.000234558 0.35501415 0.6176851999999999 0.42122328 0.6592813
9 0.00023353567000000003 0.09587541 0.63876086 0.16350254 0.68808794
10 0.00023334883999999998 0.76525956 0.6047560000000001 0.83582526 0.67524683
3 0.00023329734 0.30429217 0.62765837 0.35506365 0.68673646
5 0.0002325672 0.08946684 0.6294816999999999 0.20613948 0.6811156
1 0.00023110965 0.5066614 0.37917286 0.53997207 0.40899068
5 0.00023007832 0.78675133 0.6429893 0.9490351 0.7596095
8 0.00022778069999999999 0.12758698 0.43918140000000006 0.49627364 0.88381064
2 0.00022652803 0.7672361 0.60513973 0.84092236 0.66661227
11 0.00022492085 0.24535546 0.6298957 0.29724517 0.7065691
10 0.00022469755000000002 0.8670618 0.59403396 0.9510614 0.6705946
7 0.00022342466 0.061836928 0.60752505 0.15360162 0.69285166
7 0.00022321365000000002 0.39368000000000003 0.6236728 0.44484332 0.6680292
6 0.00022101504 0.8243155000000001 0.6050525999999999 0.95170933 0.6747959
10 0.00022044644000000001 0.08485508 0.6396944 0.16444884 0.69584084
9 0.00021948157999999998 0.67515725 0.022877303999999998 0.99566954 0.39523607
7 0.00021915908999999999 0.26895207 0.64096266 0.35103846 0.70583063
13 0.00021766449 0.042951785 0.59908026 0.10033684 0.6480775
