3 0.9658924000000001 0.06990707 0.69914603 0.13843457 0.74145955
3 0.95382744 0.8427992 0.62636524 0.9504831 0.69680417
3 0.91111684 0.13434786 0.68044364 0.18707606 0.7295394000000001
3 0.7242156 0.19078316 0.8270543 0.6119892 1.0
3 0.31648059999999995 0.46371228 0.67063624 0.4996469 0.71654266
8 0.13311185 0.12873775 0.6742170999999999 0.1889762 0.744692
8 0.1306357 0.456693 0.66258276 0.50457877 0.71915907
3 0.107792266 0.15034497 0.6777685 0.1944682 0.72500795
3 0.09111566 0.86070603 0.6206826 0.9628324 0.6846378000000001
8 0.05773717 0.80161774 0.10347928 0.9576180000000001 0.32618743
8 0.04947377 0.14518721 0.66664356 0.19611849 0.72888297
8 0.041142296 0.8424534 0.62072384 0.94793695 0.69272643
8 0.03032376 0.67494285 0.07690114 0.9254466 0.32013220000000003
8 0.030310302999999997 0.06400077 0.68229645 0.14187093 0.75161445
8 0.029743848 0.74332476 0.6386298 0.8402965 0.69737375
8 0.02879486 0.68444246 0.121450715 0.90986997 0.38517573
3 0.018464528 0.33999678 0.87481743 0.5979358 1.0
3 0.01648227 0.072429046 0.6877883 0.13489783 0.729723
3 0.015877485 0.69132584 0.08249717 0.97522193 0.37400207
3 0.013589851000000002 0.13441172 0.7185768 0.7188797 0.9912101999999999
3 0.010466439000000001 0.80275214 0.06657073 0.98897314 0.4176647
13 0.0080659585 0.4586147 0.68290716 0.5040826 0.7199437
3 0.0070762425 0.79753774 0.07993212 0.972671 0.2854658
8 0.0069206688 0.11974749 0.69286895 0.6215043 1.0
8 0.006568337 0.60418195 0.0882012 0.88695556 0.3547234
13 0.0063430564 0.11915882 0.6909438 0.19117086 0.7328051999999999
13 0.0056686183 0.7978874 0.00738134 0.9939700999999999 0.37781929999999997
8 0.0048994105 0.7708269 0.62079763 0.83211964 0.67186254
13 0.0044783805 0.14592269 0.67820853 0.21005788 0.7278004
8 0.004477712 0.80113524 0.18461777 0.9410468000000001 0.5301117
13 0.0039646523 0.068328634 0.6829674 0.15136278 0.7466611999999999
8 0.003762428 0.8088044 0.09048364 0.94841814 0.23943530000000002
13 0.0037179124 0.86866415 0.6173392 0.96819067 0.6910945
3 0.0034700648 0.12622 0.69203234 0.18616901 0.7402280999999999
13 0.003113007 0.07664579 0.7002393 0.15859990000000002 0.76334375
8 0.0030974117 0.9545620000000001 0.62584794 0.9914666 0.7007869999999999
13 0.0030655337 0.27405375 0.8675994 0.62187815 1.0
13 0.0028877015999999997 0.6810649999999999 0.03868805 0.99960417 0.41074252
11 0.0027778244 0.12792902 0.6678403 0.1759529 0.7309646
13 0.0027669071999999995 0.7827133000000001 0.08808734 0.96689665 0.25453088
8 0.0026558433000000003 0.9587788 0.59291553 0.9890941999999999 0.69609
2 0.0025399781 0.45269337 0.6708182 0.52464896 0.7127348000000001
3 0.0024830853 0.96064764 0.62973976 0.99301535 0.7039377
7 0.0024266222 0.43558243 0.6703145 0.51160616 0.7317149000000001
13 0.0023547267 0.0836934 0.68198645 0.14623417 0.7697948
13 0.0023475708 0.4657335 0.67825985 0.51688933 0.723887
8 0.0023441568 0.17920515 0.6766033 0.22250271 0.7161350999999999
8 0.0023402118 0.9289627 0.5997880999999999 0.97470236 0.6963689000000001
7 0.0023193883 0.098129526 0.6695339 0.1907229 0.741949
13 0.0022091675 0.83009446 0.6218295 0.9248400999999999 0.69655055
1 0.0021414582000000002 0.10909183 0.6843903 0.17842124 0.7299529
7 0.0021341685000000003 0.8614535 0.60177904 0.95595783 0.6911655
9 0.0021255654 0.12560739999999998 0.6755385 0.19247866 0.7252149999999999
9 0.0021127658 0.14405893 0.6787923 0.18953227 0.74695075
13 0.0020130898000000003 0.06426067 0.7094665 0.13043979 0.75330186
5 0.002012669 0.43930929999999996 0.68377966 0.5088904000000001 0.72393113
9 0.0019077745 0.87136185 0.61551994 0.9601854999999999 0.6731789
5 0.0018663898 0.0943999 0.6845435999999999 0.19234690000000002 0.7270034000000001
11 0.0018039853 0.14296177 0.6351594 0.18362829 0.7483634
8 0.0017541372 0.46450603 0.65207267 0.50707895 0.70845675
13 0.0017376909 0.13720995 0.68034375 0.18848813 0.76227885
8 0.0017373122 0.8130953000000001 0.5941969 0.95964354 0.72502124
2 0.0017000327 0.12002570000000001 0.6714175 0.19695118 0.7144984000000001
7 0.00169748 0.12013915 0.6637109999999999 0.21206176 0.7374005
3 0.0016397211999999999 0.7523955 0.6431314 0.8417802 0.69593686
8 0.0015707139000000001 0.70210963 0.1787103 0.9035421 0.5752073
3 0.0015678329 0.8970074 0.6155691 0.96944994 0.67584586
8 0.0015406379000000002 0.14265426 0.829822 0.538035 1.0
11 0.0015267081 0.8862485999999999 0.6097997 0.9415138000000001 0.67751706
13 0.0014084195000000001 0.85293907 0.6422983 0.95973176 0.7069426999999999
1 0.0013972153 0.8225754999999999 0.6236716999999999 0.91512376 0.6744864
11 0.0013725485 0.46835423 0.66544557 0.5082477 0.7236885000000001
12 0.0013520808 0.8650926 0.6042771 0.9638315999999999 0.67905015
11 0.0013486610000000001 0.85125566 0.6088646 0.90811527 0.67873746
8 0.0012762754 0.9506382 0.60970896 0.9836799999999999 0.68567616
3 0.0012536878 0.10254998 0.684317 0.16964635 0.7346801
7 0.0011934228 0.0625892 0.6854226 0.16250770000000003 0.76826024
8 0.0011845338 0.74742365 0.5998018 0.9294869 0.72621846
7 0.0011277044000000001 0.07478221 0.6699969 0.16374248 0.73497283
6 0.0011154355 0.10130358 0.6723781999999999 0.19402438 0.7311945
8 0.0010868696 0.6115562 0.17033046 0.8699789000000001 0.6413966999999999
3 0.0010760684 0.079154275 0.6949566 0.15476966 0.7484491
7 0.0010760033 0.8235657 0.6058958999999999 0.92277694 0.69131017
1 0.0010610342999999999 0.8579576999999999 0.6253281999999999 0.950132 0.6820531999999999
3 0.0010275078 0.2955587 0.8329006 0.6960405 1.0
2 0.0010058502 0.8757159999999999 0.5999076 0.96286035 0.6696141
8 0.0009894616 0.060930415999999994 0.6913674 0.38006848 0.9764933000000001
7 0.00097009435 0.11800357 0.6506436 0.19212723 0.77016157
8 0.0009378425300000001 0.06653222 0.68765455 0.12376151 0.73292863
12 0.0009374548 0.8459365 0.60442626 0.9343448000000001 0.6749326
3 0.0009294236 0.46386254 0.66166896 0.50605285 0.7053246
3 0.0009076326 0.8358072 0.6140017 0.92135835 0.6755403
11 0.00090468227 0.14490916 0.6688044 0.19671921 0.72847694
10 0.00090090255 0.8669034 0.5950169 0.95266926 0.6682751
9 0.0008990625999999999 0.076667555 0.6855043000000001 0.14619008 0.73102474
5 0.0008955628999999999 0.11561464 0.69557637 0.18816762 0.750276
2 0.0008936214 0.0785702 0.6837595999999999 0.16374932 0.74435353
4 0.00088781584 0.8759731 0.5993314999999999 0.96626496 0.6764299
7 0.0008832591 0.07316883 0.6558918 0.14612639 0.76586574
9 0.00086474884 0.84269077 0.61619675 0.9226844000000001 0.67862165
2 0.00082607253 0.07817954 0.67169154 0.15594961 0.7126646
1 0.0008132797999999999 0.07906505 0.6813403 0.13514459 0.7405706999999999
8 0.0007979691000000001 0.78167856 0.11132255 0.92679536 0.45909822
8 0.00077508535 0.5022625 0.13838919 0.8469764999999999 0.5500476
11 0.0007670614999999999 0.07191973 0.6856059 0.115966685 0.7596248000000001
7 0.00076609355 0.85902345 0.62285817 0.9515101999999999 0.7163022
1 0.0007644197 0.45121409999999995 0.68613416 0.49831876 0.72584206
5 0.0007562622999999999 0.81602633 0.6283502 0.93038964 0.67588323
2 0.0007527122500000001 0.13294047 0.65354717 0.20071808 0.7309889
8 0.0007438807000000001 0.69089293 0.27577440000000003 0.88453245 0.9117940999999999
13 0.0007424797999999999 0.13399658 0.86137754 0.49246618 1.0
2 0.0007410113000000001 0.84825766 0.6040207 0.9433069 0.65886563
1 0.00073565403 0.1307511 0.6859419 0.19341278 0.7309011
2 0.0007287575 0.15683816 0.6686920999999999 0.21803378 0.7146334
5 0.0007009383999999999 0.8405905999999999 0.62735325 0.96868205 0.68150514
8 0.000700425 0.7747801999999999 0.22885862 0.9215804 0.69703794
11 0.00069473387 0.098366745 0.6769430999999999 0.15491736 0.7597154
12 0.00068400725 0.117699996 0.668289 0.19649743 0.71596694
8 0.0006806477000000001 0.5838338000000001 0.22651407 0.84975326 0.8578805
6 0.000678865 0.8210573 0.6093345 0.9454043 0.6770607
12 0.0006718574 0.06811814 0.6669475 0.14622179 0.71923786
9 0.0006697224 0.09443817 0.67959106 0.14620225 0.7507961
5 0.0006690356 0.04317028 0.7111556 0.13057786 0.7506789
6 0.00066659163 0.84457695 0.6039915 0.97646105 0.6814361
13 0.0006591291000000001 0.10100797 0.77402866 0.20640966 0.83398503
9 0.0006536663 0.45999238 0.67446613 0.51461285 0.71566564
9 0.00065334875 0.85093457 0.06850724 1.0 0.38854307
3 0.00064731814 0.9335815999999999 0.6147683 0.97692657 0.6863435
2 0.0006465247 0.08499969 0.66317225 0.16770652 0.7201590999999999
4 0.00063495256 0.14747435 0.66980636 0.2105667 0.7264406999999999
3 0.00058763195 0.18599132 0.6816359000000001 0.22549447 0.7169154000000001
8 0.0005867008599999999 0.04080595 0.67271996 0.17642856 0.9524687
4 0.0005817201 0.4663173 0.67173445 0.51423424 0.7272809
6 0.0005812645 0.44298792 0.67800045 0.5219612 0.7250288
1 0.0005655648400000001 0.06193915 0.68795174 0.12647533 0.72568905
13 0.0005620398999999999 0.3998782 0.91593266 0.5798002 1.0
8 0.0005596402 0.8926881 0.61007446 0.9596562 0.680013
13 0.0005590029 0.46773082 0.0 0.9648482 0.5926302
11 0.0005341233299999999 0.872195 0.62905675 0.93172085 0.70681125
4 0.00052950176 0.12954563 0.6710309 0.19259354 0.72385603
1 0.0005191083999999999 0.07736709 0.71015745 0.1429539 0.7606999
4 0.00051880535 0.17393182 0.66884613 0.21895711 0.72701347
11 0.0005089225599999999 0.8948735000000001 0.62753636 0.9453273000000001 0.70254177
8 0.0005003634999999999 0.092623085 0.6680781 0.16067585 0.7456632
13 0.0004840624 0.85474104 0.63387114 0.9244152 0.7258049
5 0.00046264625 0.058632687 0.7079725 0.16141163 0.76246655
1 0.00045096027000000004 0.15196069 0.68688977 0.20520778 0.72534555
1 0.00044667092000000004 0.7700673000000001 0.10296517 0.9409407 0.24075076
9 0.0004422832 0.75922376 0.05623290000000001 1.0 0.3664277
12 0.00043598152000000004 0.26828176 0.7800618 0.53960663 0.9954243
10 0.00043129940000000003 0.8365985999999999 0.0 1.0 0.38319656
13 0.000430971 0.12273186400000001 0.69225824 0.17752707 0.76228637
10 0.00042973767 0.8397994000000001 0.60704136 0.9262241 0.66909766
13 0.0004294636 0.09608795 0.6883598000000001 0.17244179999999998 0.7407615
4 0.00042261812000000005 0.87306696 0.617119 0.9620519000000001 0.69833195
13 0.00042163962 0.018382907 0.7092864999999999 0.7393092 1.0
6 0.00041720943 0.057040587000000004 0.69863427 0.17922164 0.76251304
4 0.00041530473 0.09160434 0.69017315 0.16232254 0.7635219
9 0.00041377105 0.08636533 0.7043242 0.16507335 0.7541781
12 0.00040759163999999994 0.33877122 0.78164136 0.61768097 0.98098516
13 0.00040720167 0.9410331000000001 0.64530337 0.99533963 0.7043111999999999
8 0.00040564424 0.791308 0.13469276 0.93215936 0.25608194
6 0.00040391233 0.13168383 0.67502207 0.23317152 0.72349685
12 0.00040330735 0.8772402 0.63888353 0.96057796 0.69610727
9 0.00040169417999999995 0.8370152 0.09516669 1.0 0.25631997
5 0.00040057172999999997 0.07689105 0.7009953 0.14576672 0.75791246
2 0.00040044147000000004 0.7985840999999999 0.038525406 1.0 0.4415743
11 0.00039439449999999996 0.17046042 0.6664663000000001 0.2154334 0.726713
9 0.00039032986000000006 0.12866023 0.6744505000000001 0.1729182 0.7501493
4 0.00038556237000000003 0.14407822 0.6683753000000001 0.1949566 0.7445358
9 0.00038418976999999996 0.15854731 0.67866486 0.22895724 0.72334886
10 0.00038242043 0.8736721 0.6247298000000001 0.95615995 0.6937463
11 0.0003713792 0.081489325 0.6796905 0.13470136 0.7604594
13 0.00037132634 0.78526384 0.0 1.0 0.5287310000000001
7 0.00036481043 0.76541376 0.04162729 0.9924350000000001 0.38569835
8 0.00035253297999999995 0.102362625 0.7915513000000001 0.18402207 0.83788157
1 0.00034897952000000006 0.8721226000000001 0.6544906999999999 0.9569804 0.7067732
12 0.00034689792999999995 0.14877012 0.670316 0.2217308 0.7155511999999999
12 0.0003465661 0.44989043 0.6722825 0.5247706999999999 0.7103297
8 0.0003459167 0.08080499 0.47292259999999997 0.35756242 0.8840623
8 0.00033735650000000004 0.82604986 0.6190815 0.90576404 0.6796021
10 0.00033406525999999997 0.093269356 0.679988 0.17118278 0.7568845999999999
7 0.00033373239999999997 0.6102949000000001 0.012756122 0.98224205 0.35300702
10 0.00033131486000000007 0.08931188 0.6651236 0.15810485 0.7310375
11 0.00032857392 0.1272652 0.62804246 0.16550620000000002 0.7532194000000001
10 0.00032487095 0.89660054 0.59238255 0.9700169 0.67199546
6 0.00032388046000000003 0.055573165 0.6722979 0.1783933 0.7313841
1 0.00032158237 0.10357738 0.67555624 0.16475064 0.7367876999999999
4 0.0003187628 0.10138601 0.6736151999999999 0.16278952 0.7282283
8 0.00031717080000000003 0.037799984 0.48468736 0.18341374 0.92212266
7 0.00031291612 0.049432765999999996 0.69173425 0.12126042 0.7639066999999999
11 0.00030805796 0.8762359000000001 0.59708065 0.92046076 0.7262859
3 0.0003059179 0.09401582 0.79579234 0.54518175 1.0
10 0.0003022014 0.8109629 0.09114784 0.97421706 0.23371986
5 0.00030103240000000004 0.85241324 0.6486847 0.96671885 0.70560914
13 0.00030098037999999995 0.062038615 0.69024205 0.12356694 0.7368766999999999
1 0.00030073503 0.05081157 0.7132979 0.11499411 0.7487946
5 0.00029015442000000004 0.45818087 0.68566984 0.5274911 0.7275001
2 0.00028869815 0.8673132 0.6325512 0.95093995 0.6965219
1 0.00028835327 0.22530903 0.8494596 0.62223345 0.9868953000000001
5 0.0002877423 0.73746794 0.12223603599999999 0.9938764999999999 0.21785384
1 0.00028367023 0.6347795 0.0989229 0.92468876 0.30464166
6 0.00028224965 0.857742 0.642464 0.9787565 0.70198536
12 0.00027994093 0.06329791 0.6877979000000001 0.17258132 0.7477595
8 0.0002798216 0.9641847 0.6195345 0.9929370000000001 0.7526980999999999
13 0.00027675173 0.80823016 0.6336156 0.96818745 0.74920434
11 0.00027540346 0.10129339999999999 0.6520307 0.13871478 0.7483045
4 0.00027500174 0.87490153 0.10813747 1.0 0.36791557
10 0.00027312737 0.4644522 0.65944713 0.5194483 0.7227876
6 0.00027237242 0.1290279 0.8278371999999999 0.6531935000000001 0.9854659
13 0.00026865777999999997 0.11623826599999999 0.7088175 0.18599692 0.75542605
5 0.00026833444 0.6257519 0.10024563 1.0 0.29589829999999995
5 0.0002655361 0.85358095 0.63569105 0.9225445 0.73066384
4 0.0002650757 0.84498763 0.6066482 0.9327339 0.6747812
1 0.00026501017 0.7747175000000001 0.14870943 0.952092 0.34525305
9 0.00026466118 0.25988033 0.82112885 0.58047795 0.9785079
5 0.00026456878 0.048849344 0.6925493 0.14618699 0.7240054
7 0.00026299007 0.22010422 0.8118489000000001 0.6212465 1.0
5 0.00026095734 0.12753773 0.687724 0.23217129999999997 0.7268606
8 0.00025590553 0.94743234 0.336262 0.9856468 0.39150995
3 0.00025551657999999997 0.7813179 0.6254887 0.8356177 0.667134
3 0.00025383987999999996 0.8293417 0.6240805 0.9029761000000001 0.6898371
7 0.00025175334 0.77647936 0.089193605 0.96074855 0.25575638
9 0.00024687295 0.35165623 0.8217207000000001 0.6851772 0.97356236
3 0.00024377832999999998 0.8169063 0.6160238 0.8789466 0.6816998000000001
8 0.0002418249 0.7893191999999999 0.620168 0.8581069 0.6716705
13 0.00024100671000000003 0.8031174 0.13194612 0.9939295 0.28430617
2 0.00024011034 0.6771653 0.024272872 1.0 0.35872447
6 0.00023930183999999998 0.77005255 0.10701906 0.9729530999999999 0.24064235
4 0.00023882717 0.094775334 0.6700513000000001 0.14953738 0.7451656999999999
4 0.00023672002 0.08032647 0.6782236 0.14255595 0.72502273
11 0.00023589673 0.9087385 0.60302943 0.96287787 0.6741425
8 0.00023075491000000003 0.8104303 0.6121276 0.8736254999999999 0.68988615
3 0.00023049315 0.10749726 0.77977186 0.20850433 0.84834236
11 0.00022893191000000003 0.085159265 0.68144256 0.12138026 0.73158175
3 0.00022385877999999996 0.19700918 0.69174737 0.89026475 1.0
12 0.00022043034999999999 0.692493 0.016458673 1.0 0.28272083
12 0.00022003622000000002 0.8185598000000001 0.039507195 1.0 0.34242347
9 0.00021954182 0.88073546 0.63877034 0.96368486 0.69232017
3 0.00021882597999999998 0.056568727 0.7710116 0.37752688 1.0
12 0.00021868307 0.8447024999999999 0.067704014 1.0 0.20437887
10 0.00021630566000000002 0.84627277 0.07483471 1.0 0.24264635
13 0.00021523437 0.9228586 0.61624277 0.9836019 0.70145226
3 0.00021211328999999997 0.5277826999999999 0.12962545 0.9504514000000001 0.5773304
10 0.00020697006 0.06999664 0.7023581999999999 0.13446505 0.7478591
4 0.00020595622 0.4865377 0.6696928000000001 0.53158534 0.72960216
5 0.00020437194 0.75799733 0.12757118 1.0 0.3193385
10 0.00020156797999999998 0.07111401 0.67571527 0.13971618 0.727431
3 0.00019843534 0.96401834 0.57787347 0.994663 0.7035805
10 0.00019780772 0.16097 0.6611296999999999 0.21995035 0.72035205
6 0.00019750381999999997 0.04742217 0.70901525 0.1454325 0.75159264
10 0.00019705558999999996 0.7320663000000001 0.012768051 1.0 0.36955762
10 0.00019602744 0.11914196 0.66667396 0.19265637 0.7276638000000001
11 0.00019259451 0.48648912 0.66532606 0.52689403 0.7222352
8 0.00019214465 0.787742 0.30491194 0.93614674 0.8937511
10 0.00018790255000000002 0.09931894 0.6461438 0.15079625 0.76105887
11 0.00018736471 0.85775423 0.14769085 0.95613825 0.43884888
8 0.00018361055 0.04131794 0.37679756 0.28474063 0.9453145000000001
2 0.00018246849999999998 0.0660516 0.6984557 0.13842362 0.7376903
7 0.00018026606 0.8068924 0.124462016 0.9708538000000001 0.28222509999999995
5 0.00017589696 0.1005817 0.6906062 0.16760576 0.75045055
11 0.00017474515 0.7625856 0.104686745 0.93472403 0.40006328
3 0.00017467061 0.78733456 0.1066703 0.9630723 0.58587646
13 0.00017323912 0.8260904 0.6442492 0.9136475000000001 0.7074182
10 0.00016920056 0.22627982 0.80336094 0.57216454 1.0
8 0.00016798779999999998 0.10906167 0.1733532 0.4106189 0.8638728000000001
5 0.00016737555000000001 0.060701735 0.6908156 0.16314101 0.7314628000000001
10 0.00016597786 0.3037446 0.780812 0.64660406 1.0
6 0.00016407305 0.62108636 0.08570872 1.0 0.3489696
3 0.00016359003 0.9673223 0.6048486 0.99851996 0.72736895
3 0.00016187782 0.95758414 0.6036229000000001 0.99010813 0.6874589
8 0.0001612753 0.052956708 0.5795274 0.23455662 0.97412705
8 0.00016091924999999999 0.04554882 0.7245617 0.22505787 0.97302437
5 0.00016046893 0.005756587 0.7722213000000001 0.72161615 1.0
9 0.00015939883999999997 0.06662756 0.7043210999999999 0.12296834599999999 0.74871606
8 0.00015599531 0.94644004 0.31245816 0.9830578000000001 0.3793581
6 0.00015378212 0.7844574000000001 0.117521204 1.0 0.40146679999999996
1 0.00015215915000000002 0.8586072 0.64332104 0.91881156 0.712021
3 0.00015200765 0.07916334 0.7135075 0.46899638 0.9860926
6 0.0001512325 0.11372976 0.6639347 0.19942884 0.7476550999999999
9 0.00014981563 0.47035575 0.67820954 0.5345254 0.7185726
1 0.00014875348999999997 0.75909364 0.07709833 0.93711436 0.20522536
8 0.00014769341 0.7689953 0.63054615 0.8638636000000001 0.6958028
4 0.00014673761 0.7770793 0.07858761 1.0 0.35173044
2 0.00014624633 0.1281978 0.69328463 0.21577103 0.7427598000000001
8 0.00014546247 0.09604092 0.76471627 0.48933697 0.99053204
11 0.00014393493 0.1017507 0.6728105999999999 0.14655781 0.73109716
11 0.00014148963 0.8268953000000001 0.15435614 0.9272600000000001 0.2782926
7 0.00014005213 0.84920466 0.6119794 0.92725015 0.7393426
9 0.00013825922 0.808511 0.07422508 0.98001325 0.23606277
8 0.0001376829 0.52386725 0.15702320000000003 0.78778946 0.83972263
8 0.00013673241000000002 0.086664066 0.6091335999999999 0.43309045 0.9377084000000001
10 0.00013653527 0.8791019 0.61713254 0.9315399 0.71805614
9 0.00013640021 0.11737466 0.6864474 0.7219116 1.0
1 0.00013433472 0.46652624 0.68603116 0.5130519 0.7254292
10 0.00013354626 0.14368599999999998 0.642187 0.19874772 0.75137603
5 0.00013216524999999998 0.6781351999999999 0.124320015 0.9591873 0.38076413
4 0.00013195533000000002 0.31814873 0.8015979999999999 0.7308018000000001 0.98924786
7 0.00013190316 0.09450355 0.6585631 0.17489079 0.7752234
11 0.00013102316 0.12918422 0.6689293000000001 0.186654 0.76274955
