3 0.98625886 0.019660175 0.24628538 0.13747813 0.33909490000000003
3 0.7058579 0.5205599 0.27103686 0.5538118000000001 0.30788538
3 0.24376102 0.8116199000000001 0.6387735 0.98900783 0.7973543000000001
8 0.16310254 0.8075238 0.645321 0.9758882999999999 0.7870176999999999
8 0.13230278 0.5182835 0.2647669 0.56179523 0.31241584
8 0.109436505 0.011113383000000001 0.23363431 0.14888883 0.34920840000000003
13 0.029010192 0.011756896999999999 0.45055634 0.15977629999999998 0.5778451
8 0.027217664 0.010504119 0.45798793 0.13049498 0.5561488
3 0.020654986 0.02537267 0.45597053 0.14305899 0.57818884
3 0.014218208000000001 0.33896872 0.26639912 0.38474765 0.29391477
3 0.011653483999999999 0.354736 0.2666995 0.4020199 0.29372209999999993
8 0.009100969 0.020611338 0.25478822 0.1260531 0.33926883
8 0.006687075400000001 0.33408654 0.2614195 0.3873219 0.2969808
8 0.0038416697999999997 0.79422617 0.5981972 0.9381634 0.8010212
13 0.00379155 0.022278525 0.2582354 0.15930519 0.38655344
3 0.0035384363 0.51816094 0.28204817 0.55387926 0.31547070000000005
13 0.0033912752 0.51998127 0.2688259 0.5662706999999999 0.31024015
8 0.0033824164 0.35140103 0.2617809 0.40368927 0.29708803
13 0.0027937798 0.8128489000000001 0.65407133 0.97342634 0.7903295
13 0.0021156734 0.03385926 0.2842922 0.1545167 0.34368920000000003
2 0.0017657881 0.0010158717999999998 0.21602823 0.20799758 0.35736445
9 0.0017458157 0.04133536 0.24932945 0.16544479999999998 0.35845393
13 0.0017260456 0.017080385 0.25721475 0.12403366 0.33099964
9 0.0016698232 0.51434124 0.268219 0.5581744000000001 0.30361748
13 0.0015900413 0.048161092999999995 0.27553973 0.13187781 0.35613403
5 0.0014996789 0.49581444 0.27660949999999995 0.5623630000000001 0.30399364
5 0.0014836047 0.0 0.27651626 0.15170379999999997 0.38907543
11 0.001452763 0.047519967 0.19610737 0.16997913 0.38565645
1 0.0014050025 0.0 0.27028862 0.13887979999999997 0.37904814
13 0.0013614410000000001 0.5119635 0.27496812 0.5535127 0.31019908
11 0.0012520336 0.5209288 0.26319376 0.549606 0.30352902
7 0.0012158129 0.0 0.22595547 0.17558005 0.4198571
8 0.0011838282000000001 0.089926794 0.28274894 0.41139847 0.73557436
1 0.0010907186999999999 0.5036208 0.27377886 0.5496263000000001 0.30230042
2 0.0010863149 0.5304333999999999 0.2590412 0.57822144 0.29626054
7 0.0010654080000000001 0.5024257000000001 0.26238236 0.55584633 0.31332788
2 0.0010294327999999999 0.51710886 0.2618348 0.56654304 0.29350471
1 0.0009677111 0.024494816000000003 0.27144036 0.103532195 0.32197815
7 0.000951892 0.5185895 0.2602868 0.5749533 0.3124435
12 0.0009503967 0.037741538 0.25133514 0.13153903 0.31196535
9 0.00094232906 0.52447903 0.26937458 0.5795872 0.30380222
5 0.00091356586 0.0 0.2595781 0.12656724 0.31304184
6 0.0009131674 0.02731819 0.25249210000000005 0.1264389 0.31792185
8 0.00086294394 0.065974325 0.33330563 0.3483718 0.9002363000000001
5 0.0008033561999999999 0.5090520000000001 0.2773164 0.58308 0.30814722
1 0.00080302986 0.51962996 0.27700764 0.5626241999999999 0.30592036
12 0.0007647354499999999 0.0 0.2186692 0.20922142 0.34795859999999995
11 0.0006468690699999999 0.04264442 0.25592574 0.09375856 0.31300515
7 0.0006106674 0.025312763 0.24307872 0.10683145 0.32914662
8 0.00060406857 0.004746385 0.47537896 0.11355046 0.58405155
4 0.0005552834 0.048038617 0.23538123 0.19921882 0.39130652
12 0.000548577 0.5046725999999999 0.263439 0.56022817 0.29804832
9 0.00054341886 0.026062146 0.25268328 0.118667364 0.30887827
9 0.00053592515 0.061134253 0.24987595 0.1634876 0.30301288
11 0.0005296607 0.53876895 0.2607449 0.57173425 0.30365866
9 0.00048264122 0.07859594 0.23519203 0.13708575 0.31035167
12 0.000472205 0.043261357 0.23745628 0.107184894 0.33141384
8 0.00046331194000000003 0.76305425 0.56832266 0.9895476000000001 0.84188795
2 0.00045664053 0.020027235 0.18127288 0.19582976 0.33231992
4 0.00045004585999999997 0.53804195 0.26330543 0.5763706000000001 0.30783567
13 0.000448384 0.027358461 0.26652762 0.108410254 0.35733593
12 0.00043693284000000007 0.06040953 0.24632032 0.15788418 0.31562734
1 0.0004239178 0.05868534 0.25977463 0.1266472 0.32739627
8 0.00042038833 0.06846018 0.15759161 0.3421039 0.6704266
5 0.00041804120000000003 0.021920215 0.25794157 0.10472825 0.33898497
13 0.00041069728 0.0 0.40983400000000003 0.17267469 0.5620991
13 0.0003833032 0.35198778 0.26552686 0.39704686 0.30604216
4 0.0003718923 0.5202760000000001 0.26385227 0.55917865 0.30185059999999997
2 0.0003661788 0.03961517 0.24260703 0.12689207 0.30083925
6 0.00036518407 0.50169045 0.26167387 0.56295234 0.3049713
12 0.00036142763999999993 0.07006456 0.24742153 0.12829636 0.32978487
4 0.00035922928 0.06395991 0.23617502 0.15451574 0.34171787
7 0.00035731983 0.03951969 0.25655672 0.13167918 0.35929382
13 0.00035154284 0.7726536999999999 0.67683643 0.9284446 0.7912729000000001
7 0.00033938105000000005 0.05101349 0.2352562 0.14179178 0.33306435
13 0.00033547037 0.33522964 0.26405004 0.38194937 0.30564395
9 0.0003087383 0.8459106 0.67450917 0.9832825000000001 0.7858918
13 0.0003064873 0.061526947 0.24980846 0.14361656 0.3389052
10 0.00030633382 0.022207427999999998 0.25275815 0.110240325 0.30673185
11 0.0003011458 0.05191452 0.20692566 0.09534543 0.33103603
11 0.00029782953999999995 0.8491174000000001 0.6655401 0.9455694 0.8259199
8 0.0002944673 0.5398508000000001 0.26850984 0.5758850999999999 0.3012997
4 0.00029022057 0.030232098 0.24123193 0.12930645 0.31392437
6 0.0002866154 0.0 0.25768320000000006 0.20333827 0.39027670000000003
9 0.00027870453999999996 0.06864662 0.27223270000000005 0.16155636 0.32822263
12 0.00027807147000000003 0.07367929 0.26902556 0.12808764 0.35439947
8 0.00027465372 0.009564999499999999 0.24073197 0.106489524 0.7275172
9 0.00027380347999999996 0.07921008 0.26296592 0.13367438 0.33783227
5 0.00026968255 0.0 0.27987912 0.13346468 0.34170765
8 0.00026533702999999997 0.026572276000000002 0.25184664 0.10418631 0.31886128
13 0.00026294935 0.013261229 0.05154817 0.36396757 1.0
11 0.00025907892000000005 0.86704695 0.66088176 0.9610528 0.79753536
1 0.00025468627999999997 0.061519783 0.27843896 0.12499675 0.35040197
10 0.00025060592 0.5339973000000001 0.25318939999999995 0.57269466 0.30355757
3 0.0002482918 0.075239405 0.31214032 0.37578595 0.94149524
4 0.00024597291 0.07438057 0.22300638 0.12715954 0.33948058
13 0.00024084862 0.015471931999999999 0.28401664 0.11381957 0.3409512
8 0.00024023405 0.034322754 0.26562129999999995 0.2551142 0.87072843
12 0.00023359228 0.06985773 0.270915 0.15330677 0.33379295
2 0.00022819906000000003 0.0 0.445871 0.20417833 0.6059135999999999
6 0.00022271441000000004 0.04413017599999999 0.25020560000000003 0.15560020000000002 0.32418585
7 0.00022244158 0.77204406 0.6470486 0.9678366 0.82109576
2 0.00022222139999999999 0.3594946 0.26140407 0.40919146 0.29532146
11 0.00021810086 0.04507918 0.26566753 0.10561729 0.35716426
13 0.00020947485 0.26184294 0.063808225 0.57686126 1.0
2 0.00020266976000000002 0.34377325 0.2610473 0.39222676 0.29612723
1 0.00018878471999999997 0.055596775999999994 0.2916086 0.13509366 0.3388401
9 0.00018847789 0.03411468 0.27466854 0.12248219 0.33609003
7 0.00018669270000000002 0.008833993 0.26061999999999996 0.1045904 0.3655446
13 0.00018395807 0.5067121 0.29627714 0.5502545999999999 0.32486293
10 0.00018081871 0.5139262 0.25779486 0.55619305 0.3005184
10 0.00018061129000000002 0.054367325999999994 0.23568789999999998 0.13592839 0.30907774
10 0.00017614702 0.07914613 0.20073317 0.124830365 0.32158762
8 0.00017570729999999998 0.24394974 0.26124924 0.5210296 0.8636575000000001
3 0.00017130932000000002 0.5159895 0.30282634 0.8828710999999999 0.95994973
10 0.00016936769 0.82730514 0.61835337 0.9981124 0.80386394
6 0.0001676107 0.032184012000000005 0.27254215 0.16788483 0.34749183
6 0.00016574163000000001 0.012022022 0.27486268 0.13178012 0.34451896
7 0.00015921603000000002 0.054701228 0.23545459 0.12097536 0.37949429999999995
10 0.00015842299 0.062405795 0.2579259 0.14499614 0.33841807
8 0.00015609278 0.5054189 0.3196932 0.8218837 0.9118042
10 0.00015465959999999999 0.047134824000000006 0.23528257 0.09556701 0.32161355
8 0.00015458020000000001 0.026992298999999997 0.415753 0.24392742 0.7048514
2 0.00014897525 0.06414141 0.23254846 0.14452386 0.31556785
11 0.0001464755 0.07956337 0.24766716 0.12601018 0.31226718
3 0.00014542386999999999 0.8161166999999999 0.6556241999999999 0.92939234 0.78766006
1 0.00014273836999999999 0.7626162 0.6820525 0.9604636999999999 0.8019056
10 0.00013971436 0.05809848 0.1969783 0.20131905 0.39536950000000004
13 0.00013320516000000002 0.0 0.44707420000000003 0.12388276 0.5612365
5 0.00013299687 0.023622137 0.27298218 0.09464717 0.3657858
9 0.00013059855 0.036756687 0.47264194 0.15202391 0.6077504
13 0.00013043794 0.8076182 0.654229 0.9244123 0.8286209999999999
11 0.00013027173 0.89918995 0.6598453000000001 0.9914049 0.8194011
5 0.000128453 0.021484144 0.25850347 0.1636849 0.32252509999999995
8 0.00012750995000000001 0.6328424 0.20548415 0.9325882 0.9288236999999999
9 0.00012442651 0.05254294 0.23688766 0.20147143 0.34536773
8 0.00012279111000000002 0.61877656 0.13033496 0.90569556 0.7414701
5 0.00012189648 0.05038835 0.27948059999999997 0.13260956 0.37636453
4 0.00012069191000000001 0.8298129999999999 0.63050514 0.99491024 0.80085933
2 0.00011374378000000001 0.7974439 0.6364371 0.98769003 0.784436
3 0.00011283446000000002 0.23946361 0.26251584 0.5985176 0.96107656
8 0.00011212579 0.27213424 0.1382168 0.53866905 0.6951026
6 0.000112051915 0.76100475 0.67191994 1.0 0.7957113
5 0.000111440895 0.34793067 0.2736421 0.39381826 0.30489054
8 0.00011119218999999999 0.5772819 0.66497266 0.8912652 0.9770315999999999
5 0.00011077451999999999 0.017697603 0.28043032 0.17001809 0.35103595
5 0.000110636414 0.33193317 0.27415723 0.37989232 0.30504668
13 0.00011000223 0.50657773 0.19405927 0.83240557 1.0
11 0.00010797351 0.82363605 0.6577375 0.9216416 0.7928334
11 0.00010700193499999999 0.08448881 0.26142532 0.13500236 0.34421524
12 0.00010656323999999999 0.058312262999999996 0.26091105 0.11943179 0.35835797
7 0.00010655549999999999 0.3459122 0.26343635 0.40062472 0.30874285
8 0.00010619488000000001 0.42895404 0.49175093 0.9067811 0.9812622999999999
7 0.00010568208 0.0 0.41979003 0.15484488 0.60655063
1 0.00010567951000000001 0.34702912 0.26711783 0.39462176 0.29758164
5 0.00010483329 0.0496023 0.26240194 0.14591627 0.35537820000000003
8 0.00010441481599999999 0.013846695 0.44228178 0.10018141 0.57382125
1 0.00010276681999999999 0.008202128000000001 0.2415136 0.16797712 0.33971965
13 0.00010263949000000001 0.5136997 0.29244566 0.56278044 0.32839409999999997
8 0.00010236181000000001 0.026894882000000002 0.13839613 0.20374323 0.70460385
1 0.000101430705 0.0 0.5057572 0.12842910000000002 0.5861984
8 0.00010080724 0.44464228 0.28548872 0.7437954000000001 0.9249286
11 9.985755999999999e-05 0.074050166 0.21069767 0.10925289 0.32804479999999997
10 9.801556e-05 0.06545451 0.21308039 0.112121 0.32224792
11 9.4068004e-05 0.03047306 0.19845599 0.10984432 0.40286058
9 9.378774e-05 0.056979199999999994 0.24294642 0.11614483 0.32213762
12 9.2673654e-05 0.80656415 0.6130788 1.0 0.7477199000000001
1 8.952613999999999e-05 0.33175337 0.26782290000000003 0.37916827 0.29891515
3 8.898514000000001e-05 0.6569313 0.23508787 0.96683526 0.93508196
13 8.478957e-05 0.6678142 0.017326448 0.95959073 1.0
2 8.403309e-05 0.046164147999999995 0.26415859999999997 0.1394288 0.33724704
8 8.355695e-05 0.30156750000000004 0.21175439999999998 0.59408444 0.8441540000000001
7 8.3523184e-05 0.3308801 0.262995 0.38502556 0.30892566
1 8.1644415e-05 0.02543027 0.28535408 0.08892240400000001 0.35288748
7 8.118576e-05 0.81128573 0.62305933 0.9861696 0.7922551999999999
1 8.1001264e-05 0.042649224000000006 0.28233993 0.10773654 0.35510853
4 8.0797945e-05 0.8560046 0.5954988 0.99748075 0.7733561999999999
13 8.0650614e-05 0.09777485 0.0 0.42588043 1.0
5 8.002267e-05 0.055923328 0.475102 0.31524359999999996 1.0
12 7.894903000000001e-05 0.03735254 0.26400596 0.13440138 0.33187535
3 7.849818e-05 0.09047718 0.29598776 0.47218567 0.7699344
8 7.812279400000001e-05 0.0076866895 0.39950383 0.17574906 0.6782326
8 7.794805e-05 0.5559025 0.27848247 0.91084194 0.8304874
11 7.7851044e-05 0.087799944 0.22011054 0.12133866 0.3233256
9 7.746093600000001e-05 0.050449677000000005 0.44564003 0.21074897 0.5894348
11 7.730347e-05 0.05415111 0.45189455 0.118039615 0.6155394000000001
9 7.605018600000001e-05 0.81591326 0.6516407 0.9603210999999999 0.7631063
4 7.378052e-05 0.043895002 0.45861447 0.14698587 0.5691871000000001
1 7.364241e-05 0.0049890466 0.26483172 0.07354011 0.31928107
6 7.295645e-05 0.0482926 0.27349162 0.14616099 0.37084907
7 7.184675e-05 0.032715946 0.22157219 0.08959754 0.35375565
1 7.154854400000001e-05 0.77881914 0.6497911 0.9754940999999999 0.77171177
6 7.116943e-05 0.34155387 0.27165958 0.41482399999999997 0.29983336
9 7.093079e-05 0.03925133 0.26101136 0.12062579400000001 0.36134323
2 6.918032e-05 0.011521362 0.43201947 0.15697393 0.5733114
6 6.889685999999999e-05 0.7780511999999999 0.6477861999999999 1.0 0.7589314
5 6.8845016e-05 0.0 0.5043101 0.12267202 0.59358716
2 6.645364e-05 0.05951419 0.23952202 0.11811179 0.36675698
13 6.621845e-05 0.0 0.14606148 0.42474395 0.82441515
13 6.391363e-05 0.0 0.26156664 0.19787005 0.9411908000000001
10 6.2940766e-05 0.043607634000000006 0.3903172 0.15567422 0.56265837
5 6.2846106e-05 0.013106264 0.267759 0.21308932 0.38100258
1 6.2779574e-05 0.020522919 0.2959175 0.10280946 0.34337032
13 5.9981972e-05 0.8228135 0.67009467 0.90240574 0.7756056
11 5.9958136e-05 0.52200586 0.27187434 0.5597574000000001 0.34123638
3 5.9732367e-05 0.5431824000000001 0.26787063 0.58679986 0.30616355
7 5.9568905000000005e-05 0.045874662999999996 0.21678808 0.10411111 0.36064428
8 5.9322494e-05 0.6346508000000001 0.048412132999999996 0.88136005 0.33290705
10 5.849925e-05 0.017980997 0.27447012 0.12671071 0.34052104
3 5.80934e-05 0.50199527 0.48544404 0.9515806999999998 1.0
5 5.780915e-05 0.0134860575 0.25261247 0.08313377 0.328007
8 5.7774825e-05 0.82916504 0.66775775 0.8923591000000001 0.7700039000000001
10 5.6924033e-05 0.35476837 0.26119116 0.39357916 0.30269470000000004
2 5.6700454e-05 0.5101585 0.28665727 0.57099384 0.32062736
9 5.582931e-05 0.035434573999999996 0.24626054 0.09792407 0.3297525
8 5.4904211999999995e-05 0.1358826 0.13535215 0.40527022 0.61823887
8 5.4696615e-05 0.39028287 0.13737175 0.6652063 0.73357415
11 5.4226402e-05 0.35234904 0.25864965 0.38210362 0.301792
8 5.375673000000001e-05 0.50411516 0.11876972 0.8031494 0.731878
10 5.3702784e-05 0.050910767 0.42533760000000004 0.16991886 0.5932616
5 5.2908526e-05 0.74881774 0.68343955 0.9750119 0.8064186
6 5.2248462e-05 0.0 0.5001768 0.20135136 0.6095995
9 5.1931806e-05 0.05638697 0.26899752 0.11219504 0.34859225
3 5.162902e-05 0.28643024 0.20570642 0.6479305000000001 0.7966399000000001
5 5.058085e-05 0.49657604 0.29696915 0.5488581 0.33630824
13 5.051406e-05 0.562345 0.043091778 0.8940804 1.0
11 4.9971665999999995e-05 0.030653661000000002 0.21209703 0.079612024 0.33199320000000004
12 4.9410413e-05 0.8154220999999999 0.64896286 1.0 0.77485335
13 4.8992362000000005e-05 0.027683519 0.22637187 0.13848063 0.43425554
8 4.8751945999999996e-05 0.18312636 0.17532413 0.47053173 0.7783398
10 4.851937e-05 0.073579185 0.36213097 0.20931542 0.5903106
11 4.7872344999999995e-05 0.36832678 0.2584761 0.39690298 0.30103716
9 4.7813486e-05 0.34562194 0.26843384 0.39118886 0.30034116
12 4.7658763e-05 0.0 0.41938636 0.23564498 0.53302026
10 4.6847657e-05 0.050155975 0.25610143 0.09937496 0.34278000000000003
1 4.678587000000001e-05 0.0 0.29249787 0.09678818 0.3814588
11 4.6710444e-05 0.07756901 0.43870586 0.1654838 0.58478355
13 4.6694895e-05 0.015524711 0.2688023 0.123125136 0.44615379999999993
9 4.657876e-05 0.3610649 0.26838225 0.4057294 0.3017207
10 4.5548346e-05 0.3704658 0.26116762 0.41041473 0.30230102
11 4.4491905999999996e-05 0.09203985 0.16318291 0.21370423 0.35621855
3 4.3243212999999995e-05 0.4025543 0.22206971 0.76338184 0.80418843
4 4.2987504e-05 0.08319783 0.43718946 0.20542872 0.5631371999999999
12 4.1100302e-05 0.021341473 0.44236759999999997 0.17552468 0.5734669
13 4.1087515000000004e-05 0.0 0.0 0.26871547 0.7512732
9 4.0908155e-05 0.037948877 0.23256311 0.13443306 0.4170778
3 4.0865085e-05 0.8013188 0.57270384 1.0 0.7846526
3 4.0483937e-05 0.01831853 0.28112862 0.09888358400000001 0.33178207
13 4.0326006e-05 0.030725997 0.45337700000000003 0.13600165 0.54254776
6 4.0091087000000004e-05 0.011744965 0.26255065 0.11191797 0.3066014
2 3.9949748e-05 0.024153497000000003 0.27005312 0.119586185 0.32826287
13 3.9568883999999996e-05 0.43678015 0.051330565999999994 0.7521356 1.0
5 3.8655537e-05 0.0 0.48565271 0.13014716 0.5722615
11 3.8626575e-05 0.79167485 0.6582131999999999 0.89376473 0.81468457
4 3.8356279999999996e-05 0.096203275 0.2168548 0.22302407 0.3734916
4 3.7239435e-05 0.073520005 0.46751106 0.20404494 0.59132785
5 3.6479294e-05 0.017822802 0.42932963 0.41672578 0.7984613
8 3.5544435e-05 0.21701784 0.122055 0.48147315 0.6056164
8 3.4798173e-05 0.75846356 0.1512321 0.9488551 0.7843161
13 3.4392047e-05 0.19048582 0.0244881 0.5165860999999999 0.9493415000000001
2 3.3552522e-05 0.06607953 0.21148801 0.122057185 0.34265265
9 3.3406817e-05 0.515476 0.29091868 0.56086135 0.32584277
4 3.311802e-05 0.052930015999999996 0.23066173 0.11729553 0.3403191
1 3.3014992e-05 0.0 0.4718587 0.12521915 0.5601993000000001
5 3.2033724000000004e-05 0.0054721794999999995 0.28693193 0.12216739 0.4328871
10 3.161515e-05 0.8114471999999999 0.6043470999999999 0.9659814 0.7721038
1 3.1437554e-05 0.71514183 0.6715419 0.9050198 0.7818016
3 3.1094147e-05 0.05293753 0.24760786 0.28977329999999996 0.78429604
5 3.100824e-05 0.0 0.29600155 0.09349326 0.44693387
10 3.0629748e-05 0.025379013 0.26300505 0.09153576 0.3050164
2 3.0413909999999998e-05 0.010044783 0.23029399 0.14605744 0.34964809999999996
3 3.0194659999999998e-05 0.03603808 0.35748459999999993 0.2234076 0.98448753
4 2.8763420999999997e-05 0.05548233 0.21002737 0.12666248 0.31894493
7 2.868318e-05 0.0 0.19941251 0.19601148 0.39234954
4 2.8604294e-05 0.0532332 0.42303959999999996 0.15233341 0.5440174
1 2.8312817e-05 0.08316226 0.25701088 0.13515095 0.32942352
8 2.7712942e-05 0.7573906 0.31143194 0.9573623 0.930348
8 2.7652593e-05 0.36205238 0.092467576 0.6202024 0.59647614
3 2.7608814e-05 0.46170372 0.18078908 0.8441914 0.73161304
8 2.6774146999999997e-05 0.65357673 0.5905998 0.94940484 0.98098487
13 2.6742937000000002e-05 0.30997184 0.006621678000000001 0.6479981 0.78258103
6 2.431292e-05 0.71345806 0.6780376 0.972993 0.78631026
10 2.4088744000000002e-05 0.034854054 0.25759047 0.082462445 0.31668922
1 2.2757462e-05 0.0 0.20269866 0.122643664 0.3447986
13 2.268118e-05 0.3902613 0.028249672000000003 0.70773697 0.92203236
11 2.204182e-05 0.8415894 0.57056344 0.91468376 0.8876408000000001
1 2.1905922e-05 0.0 0.24142125 0.10087103 0.3739387
1 2.1723725e-05 0.5002988 0.29355735 0.5478279 0.32299003
12 2.1426300000000002e-05 0.3398819 0.26073638 0.39394444 0.29885474
5 2.1140758999999997e-05 0.30311233 0.43775883 0.54547775 1.0
8 2.107303e-05 0.013956106999999999 0.0067752409999999996 0.15175927 0.17118019
3 2.0924355e-05 0.6356602 0.6711581 0.95587337 0.9932575000000001
9 2.0843670000000003e-05 0.03556721 0.26988435 0.09376563 0.35982576
8 2.0721212e-05 0.037818603 0.15839699 0.22643569 0.40122914
4 2.0474861e-05 0.097116806 0.20752656 0.14465532 0.31586334
13 2.0227791999999998e-05 0.4626495 0.47001284 0.89382374 1.0
12 2.0181466e-05 0.35537140000000006 0.26085210000000003 0.41152653 0.29772213
2 2.0123578e-05 0.04083849 0.24374120000000002 0.11009371 0.33585003
7 1.9793139000000002e-05 0.0 0.18871753 0.42706108 1.0
2 1.9792407e-05 0.044137202 0.21736839999999996 0.11269442 0.30716494
