3 0.9985879000000001 0.0008533336 0.52173525 0.11088319 0.6111023
3 0.9787633 0.19225849 0.52070504 0.26270079999999996 0.596112
8 0.04321245 0.19646233 0.51395726 0.26395714 0.59360284
8 0.03274551 0.0 0.4991420999999999 0.12353545 0.6201374
8 0.011644294 0.64337075 0.50295836 0.6843984000000001 0.56183827
8 0.009621053000000001 0.09828621 0.55526817 0.45627683 0.93513334
8 0.004935406 0.0071517862 0.5332395000000001 0.09022291 0.60910237
13 0.0036499382 0.20164935 0.5355739 0.2906577 0.59529525
13 0.0035033965999999995 0.1762832 0.54596806 0.2618625 0.5921451999999999
11 0.0029930365000000003 0.19016425 0.51839167 0.24457099 0.5944385999999999
5 0.0028391008 0.1545865 0.53817105 0.26723275 0.5915951999999999
3 0.0027593916999999997 0.008643892 0.5086265999999999 0.109598845 0.5797459
13 0.0022543314999999998 0.016220323999999998 0.5215247000000001 0.13754931 0.66659033
13 0.0021508685 0.013845666999999999 0.53506273 0.12547750000000002 0.61224484
8 0.0021077732 0.07218304 0.6565055000000001 0.3946353 0.95813704
3 0.0017589503 0.64964515 0.5084411 0.6842836999999999 0.5608285
13 0.0017550862 0.0028720945 0.51930356 0.07728554 0.6234441999999999
1 0.0015897308 0.17539752 0.54441404 0.24225381 0.5945749
3 0.0015891024 0.1974487 0.5138795 0.2562879 0.5734804
8 0.0015195869 0.04922834 0.5564647 0.25149210000000005 0.8931046
8 0.001512202 0.10012083 0.29485956 0.41643256 0.92211884
7 0.0014488806 0.1603819 0.5193451 0.24958612 0.6096307
9 0.0013536655 0.21378489 0.5005879 0.26887150000000004 0.57353634
8 0.0013046018 0.05682932 0.43232644 0.34257877 0.9175565999999999
9 0.0012862213 0.19462483 0.5135442 0.26641529999999997 0.5603607
9 0.0012403171000000001 0.030036144 0.51846015 0.13711047 0.63679194
13 0.0012217716 0.20111388 0.5166402 0.26770043 0.6076543000000001
8 0.001183979 0.041346087999999996 0.30148754 0.23957448 0.92804563
12 0.0011586369 0.2009391 0.48931006 0.26789847 0.57672715
9 0.0010747649 0.18475233 0.5259023 0.2539831 0.5794403
6 0.0010295307 0.16997315 0.52911353 0.26078698 0.5898846999999999
9 0.0010002758 0.19660683 0.50611967 0.24752159999999998 0.5785284
11 0.0009692386 0.04290934 0.44680902 0.13638212 0.6371073
3 0.0009136160400000001 0.10176732 0.59938306 0.5286903000000001 0.9709819
8 0.0009022921000000001 0.7355546 0.23956923 0.94056976 0.88585377
8 0.0008461930599999999 0.043587394 0.7156901999999999 0.20104542 0.8469540999999999
11 0.0008186245 0.22351478 0.48854923 0.26427690000000004 0.5745934
12 0.00071459945 0.1886942 0.49861622 0.27398932 0.55901265
1 0.0006867482400000001 0.20332143 0.5133366 0.2616734 0.5775956999999999
1 0.0006811583000000001 0.0 0.5227677 0.11585258 0.6295699
12 0.0006676973 0.18930405 0.5262893 0.25857225 0.58186686
11 0.0006659897 0.20628089999999996 0.492831 0.24798201 0.57928264
7 0.0006617911 0.20151186 0.48065802 0.26875773 0.60687214
2 0.0006497219999999999 0.18113783 0.52839476 0.26756614 0.57528377
7 0.0006455451999999999 0.0 0.46882632 0.13923144 0.6801191999999999
7 0.0006361946599999999 0.18702301 0.5037613000000001 0.26354066 0.57948375
8 0.0006101029599999999 0.19618645 0.5281362 0.24988028 0.60225856
13 0.0006041309999999999 0.17442477 0.5206065 0.25522897 0.5881159
7 0.0005593053 0.18089873 0.5116579000000001 0.28966358 0.6129840999999999
13 0.00054684107 0.17916462 0.5408071 0.24466154 0.6126291
5 0.0005463495599999999 0.0 0.5439763000000001 0.13825388 0.65531665
1 0.00054342294 0.18293066 0.5180520000000001 0.24787606 0.56227463
4 0.0005172379 0.18836027 0.52121925 0.26182985 0.59078836
12 0.0005171332 0.0 0.44356856 0.12906130000000002 0.58489925
3 0.0004992056 0.27510604 0.826542 0.79309964 1.0
8 0.00048153992999999993 0.1896447 0.5156170999999999 0.24358115 0.5730675999999999
2 0.00045907805999999995 0.20751202 0.4999419 0.28643638 0.547244
11 0.0004487122 0.012169562 0.48677114 0.05840344 0.621356
5 0.000445301 0.0 0.52114666 0.075185865 0.6049128
1 0.00042968295999999993 0.0 0.54585963 0.055493154 0.60440534
11 0.00042828215999999995 0.2028993 0.48276347 0.24658105 0.6237623000000001
13 0.0004282543 0.0054471343999999994 0.52393085 0.49814564 1.0
4 0.00042512955 0.2209699 0.49064916 0.27882105 0.57942283
12 0.00042218846 0.0 0.46955386 0.15544575 0.6153609
10 0.00040386462999999996 0.1690056 0.52504706 0.25407282 0.5840694000000001
8 0.00039710992 0.5879536999999999 0.23009461 0.8810339 0.90096456
11 0.00039021127 0.20774643 0.5133945 0.24646775 0.5665388000000001
10 0.00038970769999999996 0.21144602 0.47563812 0.26141706 0.57126886
2 0.00037210638 0.005270764 0.48563199999999995 0.1877151 0.6284285
11 0.00036890517 0.18838347 0.47547725 0.23139276 0.6165035
1 0.00035830852 0.22502409 0.5450956 0.28911638 0.59401894
4 0.00035809775 0.23926674 0.5089111 0.30250126 0.59478927
5 0.0003571006 0.16853657 0.5269455 0.26862738 0.56486964
4 0.00035418582 0.04222645 0.49094144 0.15999179 0.6410284
7 0.0003509869 0.027730182000000003 0.5112923 0.12401606 0.6099512
1 0.00034787675000000004 0.03679501 0.54645973 0.117961496 0.6010001
5 0.00034626434 0.17947079 0.541949 0.25838396 0.6208126
4 0.00034135617999999995 0.20900570000000002 0.50357723 0.26922506 0.5609831999999999
2 0.00033820455 0.016555168000000002 0.45646682 0.15912974 0.6043725999999999
5 0.00033798932999999995 0.19380355 0.52601725 0.28271836 0.59494734
4 0.00033138992 0.049111836 0.50265497 0.13709071 0.59232825
1 0.00031357462 0.0 0.4980973 0.112315536 0.5845074
8 0.00031244796 0.046002312999999996 0.6366042 0.3116259 0.90166557
3 0.00031116200000000003 0.002644224 0.5246989000000001 0.061642252 0.5911708999999999
1 0.0003095269 0.0009374394999999999 0.5500754 0.12989429 0.6576645999999999
5 0.00030686666 0.17223078 0.53826463 0.30688533 0.6001083
8 0.00030679192 0.3920616 0.47603166 0.82252276 0.9274575999999999
5 0.00030372714 0.16322497 0.5401203 0.23539019 0.617684
11 0.0003018321 0.21512175 0.52000105 0.2777917 0.59689224
7 0.00029082046 0.18462192 0.48407757 0.2501356 0.60857177
10 0.00028843942000000004 0.18076877 0.50220275 0.25315344 0.55554885
1 0.00028478345000000003 0.16590971 0.5349854 0.22562286 0.5988418000000001
6 0.00028399998 0.18047327 0.5076312 0.26736173 0.5673176999999999
13 0.00028268795 0.005734670999999999 0.5297192 0.0995405 0.65781695
5 0.00028043796000000004 0.0 0.54263055 0.08461407 0.6696791999999999
8 0.0002651868 0.35632020000000003 0.27032554 0.65843636 0.8534251
9 0.0002622035 0.20149364 0.5242318 0.29820627 0.5799155
6 0.00024953226 0.020465754 0.52527285 0.14855555 0.6023863
8 0.0002463657 0.6846951 0.15167297 0.9055816999999999 0.7188361
12 0.00024456282999999997 0.04676039 0.5233914000000001 0.13428982 0.59482414
10 0.00024410574 0.231383 0.50797695 0.2917181 0.58717257
9 0.00024383667999999998 0.045259025 0.5276907 0.14501026 0.58447593
8 0.00023140784 0.023254126 0.52051723 0.16097522 0.83132946
13 0.00022721116000000001 0.019039236 0.6703549 0.24632844 0.8204908000000001
5 0.00022615166 0.005490284399999999 0.5281130999999999 0.0952864 0.6191002
2 0.00022317752999999996 0.2187369 0.5250090000000001 0.29845370000000004 0.58176285
7 0.00021872062999999997 0.014461513999999998 0.5400428 0.10584894 0.6296257
1 0.00021701138999999999 0.0 0.5184116 0.073519595 0.60582006
13 0.00021696616 0.0032165423 0.5360736999999999 0.07151036 0.59759754
10 0.00021561631000000003 0.042497795 0.5104493 0.12142232 0.58811456
11 0.00021406137000000002 0.021669475 0.43251207 0.08145369599999999 0.6484489
11 0.00020830025000000003 0.016386265 0.52644056 0.066666506 0.5991042
5 0.00020786994999999998 0.016244441000000002 0.67948115 0.44718698 1.0
12 0.00020396056 0.023204087999999998 0.50566906 0.08719924 0.61120194
1 0.00020151944999999998 0.20309432 0.5469753 0.272498 0.6050631999999999
5 0.00019703835 0.0 0.5294498000000001 0.10252660000000001 0.5868413
11 0.00019459084 0.03140718 0.48894224 0.07347962 0.61838824
13 0.00019054223 0.63730115 0.5141584 0.6886361 0.5581391
9 0.00018921029 0.20225962 0.5224217999999999 0.24771978 0.6020244
13 0.00018901349999999998 0.012296528000000001 0.5484351 0.084986225 0.63188326
11 0.0001876891 0.0519057 0.4617314 0.16680999999999999 0.65865445
1 0.00018621206000000003 0.008588303 0.54440176 0.07358846 0.61122847
11 0.00017882643 0.24468793 0.516209 0.29599035 0.5896606
12 0.00017822412 0.038390808 0.5130225 0.09679652 0.6056433000000001
6 0.00017736726999999998 0.19657947 0.53010654 0.31486797 0.59087634
8 0.00017228069 0.06880671 0.67397684 0.19052139 0.8898734
1 0.00017031700000000002 0.027527992 0.5382494000000001 0.09524676 0.6119983
13 0.00016477484 0.04011316 0.6856555000000001 0.21371645 0.8684004000000001
9 0.0001645968 0.041667975 0.5127737 0.10261036 0.6017288000000001
13 0.00016397021000000002 0.0069003776 0.7110671 0.22423077 0.83455306
13 0.00016342159 0.0 0.5942930000000001 0.23712067 0.8536898999999999
13 0.00016241687 0.19483785 0.5317712 0.2567322 0.62011814
9 0.00016111146 0.020068595 0.5111342000000001 0.07910721 0.64231086
5 0.00015564486 0.19629636 0.5419937 0.27836192 0.6276971
11 0.00015275582 0.061974577999999995 0.5215747000000001 0.110313095 0.59447676
10 0.00015219086999999998 0.20582244 0.49998313 0.26881114 0.55745226
6 0.00015103277 0.0034259893 0.52680564 0.10600707 0.5932810000000001
12 0.00015086077 0.22274335 0.52965474 0.30158743 0.5829446999999999
1 0.00014863649 0.0 0.5533784 0.06938703 0.6013205
10 0.00014527584 0.045420863 0.4825612 0.09575831 0.6056560999999999
10 0.00014493102 0.19095726 0.48848316 0.24830209 0.57278407
10 0.00014421513999999998 0.06679034 0.47403878 0.10831614 0.6058541999999999
9 0.00014036166 0.21705963 0.51842093 0.27024105 0.59213305
4 0.0001398041 0.22338337 0.50546193 0.28271228 0.5617585
11 0.00013935498 0.03846466 0.54886115 0.095051974 0.6348545999999999
4 0.00013815207 0.034285787000000005 0.5220798 0.11639804 0.61866206
1 0.00013759923999999998 0.0 0.55813974 0.39197713 0.8951241
12 0.00013639871 0.19489822 0.51929224 0.29649428 0.5829401999999999
10 0.00013408219 0.03746583 0.45402062 0.14899535 0.6454085
3 0.00013391186000000002 0.064643785 0.5959683000000001 0.39711994 0.949335
2 0.00013337562 0.21644835 0.47658354 0.2773664 0.5692443
6 0.000130882 0.19178428 0.48406193 0.27633893 0.5857449
5 0.00012750510000000001 0.017995823 0.5375105 0.11451459 0.63036686
1 0.00012557101 0.0 0.5643276999999999 0.07472523 0.6559176999999999
10 0.00012430153 0.010689821 0.5273821 0.06634554 0.6001396
11 0.00012357593 0.05146993 0.49099097 0.08957463 0.6164784000000001
2 0.00012339729 0.18377951 0.50832385 0.2534578 0.5832794
4 0.00011983966399999999 0.045349434 0.5119284000000001 0.18524870000000002 0.6755479
8 0.000119488555 0.61358285 0.12125966 0.8722242 0.6632531999999999
6 0.000116859 0.0 0.5387281999999999 0.2019469 0.666896
2 0.00011628421599999999 0.037560407000000004 0.5079819999999999 0.12282115 0.5927502
13 0.00011542877 0.0 0.64753413 0.4421237 0.9484246999999999
6 0.00011480728 0.0 0.5547085 0.12142546 0.6114107
10 0.00011447832 0.026023557000000003 0.5061879 0.08059785 0.60421693
4 0.00011420788 0.061498538 0.46664733 0.1126501 0.6022128999999999
13 0.00011329268 0.9436614999999999 0.3793419 0.99669844 0.4460634
9 0.00011060258999999998 0.060022425 0.5127832 0.11773227 0.5928081999999999
8 0.00010726226000000001 0.6121678 0.4049321 0.9181537000000001 0.93775403
9 0.00010709608 0.02400516 0.55323774 0.10669269999999999 0.6080436
7 0.00010556812 0.043141358 0.48279357 0.10183712 0.63289803
2 0.00010398712 0.21196494 0.49708265 0.27169237 0.59631085
9 0.00010208693000000001 0.041273136 0.55097246 0.12792468 0.6043036999999999
10 0.000101986705 0.0329394 0.5457619 0.10669576 0.6171760000000001
3 9.875062e-05 0.08356673 0.6373661999999999 0.27934575 0.92566866
10 9.866791999999999e-05 0.015890777 0.5583151 0.09476315 0.61981016
9 9.774048500000001e-05 0.18432772 0.5176642 0.23052949 0.60415393
3 9.705087e-05 0.20661384 0.550559 0.7200104 0.9905429
10 9.591349e-05 0.19039808 0.51334697 0.2877935 0.58680636
3 9.558454e-05 0.38532424 0.51891977 0.8925233 0.97326547
5 9.468727500000001e-05 0.006269023 0.5308856 0.14932954 0.6037448000000001
12 9.369404e-05 0.00074322894 0.47409445 0.08696467 0.6227969
6 9.323311e-05 0.0 0.489525 0.16905572 0.63772005
3 8.810306999999998e-05 0.73444116 0.28279975 0.96773493 0.90280145
7 8.579623999999999e-05 0.012552947 0.48552349999999994 0.07972338 0.63540417
8 8.52542e-05 0.94153935 0.3976485 0.98076886 0.44077697
3 8.471697000000001e-05 0.6026324000000001 0.27279395 0.93488574 0.9177988000000001
8 8.4032945e-05 0.14925379 0.47895423 0.28150755 0.61611277
13 8.384962999999999e-05 0.74118483 0.009641857 0.9846239 0.92697734
13 8.0495614e-05 0.0 0.5355208 0.29857233 0.93332976
3 8.035948e-05 0.18617849 0.522764 0.24301492 0.58922535
8 7.954819999999999e-05 0.5303758000000001 0.68129313 0.9667838 0.9666299
9 7.9452606e-05 0.07430345 0.5375501 0.47135073 1.0
3 7.806206e-05 0.047438413 0.40623704 0.2904242 0.95760477
7 7.7479104e-05 0.0 0.49621457 0.06478949 0.62387174
2 7.709261e-05 0.20243241 0.48078698 0.26782140000000004 0.5565021
8 7.584741e-05 0.54870385 0.14689289 0.818332 0.6802709
4 7.5216245e-05 0.036810044 0.48271805 0.10701915599999999 0.6078726
8 7.512800999999999e-05 0.3177595 0.13423723 0.57816267 0.690581
8 7.244102e-05 0.011675172 0.5245031 0.07153484 0.590709
10 7.063345e-05 0.018662598 0.48178119999999997 0.09687914 0.6303043
5 7.0511625e-05 0.0 0.55390924 0.11258018 0.61445385
8 7.036763e-05 0.18007328 0.24928114 0.4577883 0.8488792
13 6.968109999999999e-05 0.18726942 0.5594720999999999 0.27035218 0.6034763000000001
4 6.9438094e-05 0.21543562 0.5045389 0.27721545 0.619947
12 6.903423999999999e-05 0.048133943 0.5467913000000001 0.120544255 0.61408454
11 6.720082e-05 0.055850446 0.5434495 0.1049096 0.6288781
13 6.616460999999999e-05 0.5702519 0.0 0.95479196 0.7461581
3 6.6006374e-05 0.08648072 0.37774462 0.48779577 0.96081823
8 6.571314000000001e-05 0.24637942 0.23920248 0.5229566 0.8255531999999999
8 6.2923034e-05 0.710708 0.6909447 0.9488907 0.95571536
12 6.223318e-05 0.1876535 0.50967354 0.26003793 0.60299313
13 5.6854245e-05 0.0 0.51406425 0.08991845 0.5833848
3 5.590049e-05 0.11683181 0.712601 0.91544235 0.99850833
8 5.5608662999999994e-05 0.0 0.50909317 0.08140867 0.57494545
8 5.5591359999999995e-05 0.20399147 0.8114522 0.5491307 0.98896855
11 5.4830906999999996e-05 0.024164228 0.5221342000000001 0.057738878 0.59399354
11 5.386291e-05 0.13650247 0.46457043 0.42938694 1.0
8 5.3313364e-05 0.088374496 0.12074813 0.34188807 0.7594935
1 5.296941999999999e-05 0.17507920000000002 0.5147606 0.23528314 0.5533415
8 5.2046515e-05 0.7540741 0.16603142 0.92174935 0.6916895000000001
8 5.042666e-05 0.18426046 0.51816165 0.22757554 0.5875274
3 4.970044e-05 0.06832699 0.6906395000000001 0.24449050000000003 0.82773983
10 4.8899329999999997e-05 0.0025877915 0.53300834 0.0810418 0.58557034
3 4.76301e-05 0.36591417 0.29001537 0.7277431999999999 0.9673620999999999
13 4.761995e-05 0.16546734 0.54487866 0.23813643 0.5860215999999999
3 4.618053e-05 0.040101565 0.518108 0.12656313 0.60399735
13 4.6116056e-05 0.20849626 0.5223418 0.25340152 0.639829
13 4.5969966e-05 0.001923807 0.43123716 0.22410351 0.96837646
10 4.3701579999999994e-05 0.18413551 0.50912005 0.24174823 0.60344326
8 4.346149e-05 0.04495278 0.12565759 0.23570862 0.6318726
5 4.327808699999999e-05 0.19542204 0.53627604 0.23247565 0.6487392
6 4.3010015000000004e-05 0.0 0.5063074000000001 0.10981707 0.6100913
13 4.2958738e-05 0.009072296 0.5113528 0.117187895 0.71417654
5 4.2717646000000005e-05 0.006951593000000001 0.5434585 0.078828156 0.64045537
2 4.2237927e-05 0.009938374 0.49977815 0.105158634 0.6213834
3 3.9847062e-05 0.03611014 0.55129814 0.23401679999999997 0.9826331
13 3.9721323000000005e-05 0.35495734 0.028268087999999997 0.7305788000000001 1.0
7 3.94377e-05 0.0 0.49930698 0.46272767 1.0
13 3.94019e-05 0.047202617 0.12825732 0.40741128 1.0
13 3.9386687000000005e-05 0.008252643 0.22161736 0.25484014 1.0
13 3.938602e-05 0.23093265 0.8473699 0.6419126 1.0
8 3.8966627e-05 0.2960147 0.44228894 0.59375226 0.8866816999999999
6 3.8742662999999996e-05 0.0 0.5397184 0.11548456 0.66741467
8 3.8347614e-05 0.19241726 0.48604578 0.32512329999999995 0.6170733
10 3.8131537e-05 0.21381348 0.48400158 0.27153143 0.60202837
11 3.80085e-05 0.033169795 0.52779835 0.093316644 0.6007737
8 3.5805482e-05 0.7242284999999999 0.5929856 0.93828464 0.8697501
12 3.5708465e-05 0.21470192 0.50654066 0.25240177 0.6192677
10 3.5602040000000005e-05 0.052929617000000005 0.46695888 0.18605739 0.68593454
13 3.5077657e-05 0.022589996 0.36691 0.36204046 1.0
3 3.4647925e-05 0.61269194 0.20265208 0.94611126 0.7232133000000001
8 3.3998924e-05 0.02217497 0.66916317 0.15376188 0.8390456000000001
12 3.3950506e-05 0.010275364 0.39126402 0.5814849 0.8930686999999999
2 3.3753779999999994e-05 0.6479539000000001 0.50267977 0.70753795 0.5502064
8 3.344847e-05 0.044773415 0.6814768 0.19925435 0.8159408
5 3.3139959999999995e-05 0.21084812 0.54695797 0.25113118 0.6545675999999999
13 3.3131008e-05 0.5182399000000001 0.048819315 0.90457386 1.0
11 3.291713e-05 0.07297036 0.4877893 0.107179254 0.5917579000000001
10 3.2776006e-05 0.19655746 0.49644405 0.26017413 0.60458106
9 3.2565993e-05 0.006271977 0.5249955 0.08472097 0.5890479999999999
12 3.2078082e-05 0.009371921 0.5100935999999999 0.100439265 0.6427404000000001
2 3.185965e-05 0.012161608999999999 0.54962397 0.09660633 0.61286795
8 3.1587042e-05 0.9571453999999999 0.44313329999999995 0.9895049000000001 0.5016512
2 3.1519935999999995e-05 0.07013722 0.40807876 0.5135031 0.8706238000000002
6 3.0984804e-05 0.0 0.58246005 0.5662824000000001 0.9419148
8 3.0507642999999997e-05 0.17416796 0.53468925 0.5690435 0.9277238999999999
10 3.0498175e-05 0.15996058 0.434119 0.53593016 1.0
8 3.0099452e-05 0.0077490658 0.50602484 0.059074222999999995 0.6053837
8 2.9834297999999998e-05 0.004677265999999999 0.68196565 0.72506726 0.96334994
1 2.9336265e-05 0.00922161 0.5740633 0.08460581 0.61862564
5 2.9326493000000002e-05 0.020240154 0.5517201999999999 0.09652912599999999 0.6441163000000001
12 2.905545e-05 0.029320175 0.5197374 0.07677886 0.59194165
8 2.8882458000000002e-05 0.5364804 0.37519 0.84392476 0.91939956
1 2.8804554e-05 0.028383352 0.5718880000000001 0.10494759 0.61611485
13 2.8799429999999996e-05 0.39772308 0.37085783 0.9049144 0.9899743000000001
5 2.7970268999999997e-05 0.0 0.5313234 0.064773306 0.587647
9 2.6855855999999998e-05 0.028524152999999997 0.51354504 0.118311845 0.691472
6 2.6467226999999997e-05 2.4754554e-05 0.53598094 0.08542095 0.5803934000000001
13 2.5524894e-05 0.27991438 0.0 0.64709234 0.76084965
9 2.5442885000000002e-05 0.003742572 0.51348835 0.060035992 0.6201108
6 2.5295736e-05 0.18029916 0.51435703 0.265054 0.61872214
3 2.5110100000000002e-05 0.34921685 0.21599516 0.6689630999999999 0.7653434
9 2.4354656e-05 0.64867085 0.5150498 0.7111295999999999 0.55890775
10 2.4108991e-05 0.032489053999999996 0.53407043 0.08323088 0.6263455
4 2.4010711e-05 0.004072733 0.51654613 0.10300673 0.5907687
10 2.4003042000000002e-05 0.048502892 0.51873326 0.09646143 0.6288632
1 2.374988e-05 0.63643545 0.52007025 0.6842504 0.55488926
4 2.3693961e-05 0.012488205 0.5112502 0.10243739 0.65439653
1 2.3315495e-05 0.18986325 0.5150947 0.23248942 0.5914036
5 2.3289292999999998e-05 0.017924264 0.48673669 0.4557945 1.0
1 2.2268761e-05 0.009717468 0.56615585 0.07459777599999999 0.6343446
13 2.2063618000000003e-05 0.19873911 0.5199060999999999 0.24006978 0.63113946
8 2.2000473000000003e-05 0.6565850999999999 0.5658946 0.9423877 0.93080634
6 2.1974813e-05 0.6294441999999999 0.5152012 0.71069914 0.5526385
9 2.183634e-05 0.043645076 0.51124275 0.19619653 0.62879753
8 2.1618368999999998e-05 0.41451508 0.1724032 0.69215757 0.7267604
11 2.1528764e-05 0.048075818 0.53835917 0.18182081 0.9284578000000001
2 2.1468053e-05 0.037586834 0.48576248 0.0939043 0.6005510000000001
3 2.1162416e-05 0.9502519 0.39872253 0.9969271000000001 0.45346743
13 2.0904881000000002e-05 0.22163513 0.017189199999999998 0.5987568 1.0
