3 0.9665581 0.6158173000000001 0.5071316 0.94765246 0.8161428000000001
3 0.94134724 0.037660345 0.4225731 0.35121399999999997 0.7491493
3 0.75754803 0.5717813 0.51912934 0.6197233 0.60314864
3 0.73511595 0.44185959999999996 0.48862845 0.47395808 0.5449919
3 0.72616595 0.49409682 0.49501990000000007 0.5221186 0.5384835
3 0.66220134 0.5345464 0.5108467000000001 0.5779046999999999 0.56978244
3 0.5923206 0.52960443 0.49480945 0.56755555 0.5443818
3 0.48018482 0.35718990000000006 0.47699678 0.43998420000000005 0.6131954000000001
3 0.38910142 0.57264465 0.53381276 0.6319104 0.65191996
3 0.33945695 0.88829905 0.541149 0.98188764 0.64420855
