3 0.9507353000000001 0.59004146 0.5992976999999999 0.88739747 0.9330004999999999
3 0.8692665 0.034770608 0.60461247 0.30500185 0.8903403
3 0.8335524 0.39050174 0.6090621 0.4834094 0.7045015
3 0.71430224 0.93001914 0.62675434 1.0 0.78223723
3 0.70168585 0.8222295000000001 0.6175881 0.9163201999999999 0.7290426999999999
3 0.6847006 0.37372106 0.60666096 0.45517808 0.71654224
3 0.5902324999999999 0.57384646 0.56022453 0.64159095 0.6539186
10 0.5667955 0.43116683 0.4195781 0.4561547 0.47372386
3 0.5066689999999999 0.47168395 0.53585553 0.55010873 0.6507869000000001
3 0.44953826 0.56861466 0.5846226999999999 0.6316089 0.70069665
3 0.44847354 0.46580487 0.6147184 0.51868206 0.6892304
3 0.39216733 0.12666142 0.55381215 0.22004452 0.62825584
10 0.33841065 0.62222195 0.4551704000000001 0.6341864 0.4885518
3 0.30321133 0.26858377 0.6212835 0.38955855 0.76417583
