3 0.95472574 0.31631282 0.38581243 0.39043316 0.45424074
3 0.87518054 0.866743 0.46785322 0.99784786 0.6607221999999999
8 0.8617878000000001 0.59746075 0.34316075 1.0 0.61981565
8 0.7965228 0.0 0.3326398 0.22017017 0.6635005999999999
3 0.6502828 0.031864934 0.32247326 0.17465097 0.46379498
3 0.6086234 0.06686695 0.35709313 0.17344379999999998 0.44288778
3 0.4486227 0.21501910000000002 0.41190612 0.28568649999999995 0.49271902
3 0.39518535 0.020839058 0.33808824 0.1661503 0.66128534
8 0.3743998 0.006950408000000001 0.26867712 0.19150920000000002 0.74628294
3 0.34247458 0.48325193 0.32515463 0.68082786 0.4582919
3 0.19806659 0.5783874 0.2999078 0.9424336 0.56576055
8 0.1884529 0.010968766999999999 0.42549267 0.13946196 0.65788835
8 0.17505018 0.58031666 0.24062008 0.97281444 0.70944804
8 0.10192636 0.8035154 0.35855440000000005 1.0 0.6689139000000001
8 0.07518756 0.0073690265000000005 0.32380548 0.17569916 0.4837361
3 0.060392756 0.38819736 0.3798212 0.43135804 0.47381708
8 0.058366474 0.8467061 0.48861530000000003 1.0 0.6412806999999999
8 0.054191373 0.3811623 0.39270926 0.43444908 0.47461549999999997
8 0.053552475 0.031618707 0.21707058 0.26284155 0.8498046
3 0.03172481 0.829513 0.36184190000000005 0.9856290000000001 0.6369694
3 0.026578916 0.47860068 0.35098732 0.6017595 0.44165444
8 0.022263711000000002 0.15329587 0.3841217 0.31080127 0.5516758
3 0.015372483999999999 0.19101913 0.39243084 0.30575886 0.5373095
3 0.014937798 0.4220816 0.23500572 0.531029 0.36866713
8 0.013849755 0.40911582 0.19573599 0.890651 0.73530066
13 0.012784737 0.029021397 0.32048485 0.1866149 0.47348502
8 0.012698006000000001 0.47225985 0.32809854 0.6596611 0.45425996
8 0.011127926000000002 0.71064866 0.38699812 0.9483731 0.53003985
3 0.010400259 0.87862056 0.42948973 1.0 0.62051517
3 0.009966902 0.043831185 0.32747337 0.29529659999999996 0.6153718
8 0.0072998080000000005 0.30653077 0.3890982 0.3936993 0.4555785
3 0.0069053173 0.7313579000000001 0.35369778 0.9595904000000001 0.5258476
8 0.00639047 0.48596752 0.28035316 0.9241419 0.5845178000000001
8 0.0063379523 0.035144552999999995 0.32266498 0.35040134 0.64111817
8 0.006060123000000001 0.20757435 0.41692194 0.29073885 0.48951447
3 0.005650969699999999 0.81067157 0.41246098 0.9987531 0.6872284000000001
8 0.0055334936 0.07275842 0.30432868 0.35417187 0.8830949
8 0.005182107 0.07097779 0.37771940000000004 0.16657862 0.45585870000000006
8 0.0049518340000000004 0.021080501 0.46033248 0.17161769 0.63757485
13 0.0043851263 0.005163394 0.44863159999999996 0.14303875 0.63495713
13 0.004190553 0.012756199 0.35088035 0.19296645 0.70961595
8 0.0040180753 0.5495312 0.34236968 0.9390936 0.9307823000000001
13 0.003879316 0.0 0.32539359999999995 0.23597154 0.63103294
8 0.0031115427000000004 0.40613422 0.22721538 0.53874743 0.36751556
8 0.0030830912 0.71598667 0.20673412 0.95625407 0.6619446
3 0.0030176656 0.21902135 0.39894456 0.29005972 0.46216822
13 0.0030007104 0.31205040000000006 0.39037544 0.3978443 0.46250477
3 0.0027210945 0.03536866 0.31416076 0.21317378 0.82161885
13 0.0027080807 0.20517609 0.41874832 0.27761149999999996 0.49098697
8 0.0026634946000000004 0.06647083 0.35382953 0.1554792 0.44751647
13 0.002499634 0.37012634 0.41974565 0.44773594 0.46869259999999996
13 0.0023003726 0.29390362 0.39457282 0.37829235 0.45652732
13 0.0021526825 0.83855754 0.51190263 0.9924392 0.64441645
8 0.0020479585999999997 0.52784383 0.32873157 0.88945556 0.70653474
13 0.0018632548999999998 0.0 0.3987612 0.2538196 0.67918646
13 0.0018615093 0.07902907 0.38467804 0.16938815 0.44996017
13 0.0017425001000000002 0.07089542 0.35836273 0.17001036 0.43669596
13 0.0017388844 0.3926458 0.25383705 0.5572741 0.38382047
3 0.0015366947 0.42893994 0.27152940000000003 0.53153324 0.35405394
3 0.0014771943 0.39283472 0.38761255 0.44187045 0.48612288
13 0.00146843 0.36281097 0.39811933 0.43814367 0.45972395
3 0.0014573594 0.4546942 0.16446494 0.93958455 0.6048365
2 0.001423205 0.0035636127 0.2715329 0.21642782 0.68790644
13 0.0014013863 0.45436317 0.32033998 0.6582423000000001 0.48316032
3 0.001301022 0.035491362 0.42660785 0.18597737 0.6487850000000001
9 0.0012657796 0.02626855 0.41275173 0.19984153 0.66228265
3 0.0012173931 0.6392587 0.20013657 0.95245177 0.61372846
13 0.0012114798 0.49216908 0.30462408 0.88779 0.59200996
9 0.0011976269000000001 0.025897532999999997 0.38674942 0.27800840000000004 0.63094026
13 0.001164593 0.0035767034000000002 0.30121738 0.16653696 0.8211279
3 0.0011470953 0.06019207 0.28804174 0.27662358 0.8304299999999999
3 0.0009986222 0.20593302 0.42295104 0.2867725 0.5225779
8 0.00097519375 0.27483448 0.34169444 0.4139978 0.49843696
2 0.0009665396600000001 0.01844059 0.29291746 0.19289546 0.45800969999999996
8 0.0009063254699999999 0.8758372 0.43896106 0.97428966 0.61329865
4 0.0009034669500000001 0.02469875 0.36323255 0.19482915 0.7269045
13 0.0008977286 0.6085522 0.29871127 0.89765227 0.6623814
8 0.0008950128999999999 0.69350135 0.35844222 0.97888374 0.8628468
2 0.0008557247300000001 0.8509701 0.4745549 1.0 0.60697496
13 0.0008536806 0.21589002 0.41506400000000004 0.27391207 0.51974654
7 0.0008397315 0.35245717 0.3893507 0.43396223 0.46873295
11 0.0008328074000000001 0.041529976 0.34608772 0.15512925 0.7588739999999999
3 0.0008141810000000001 0.6908995 0.3157968 0.92057705 0.49176642
4 0.0008137427499999999 0.04684788 0.3284857 0.2523786 0.72558784
9 0.0007621717999999999 0.69638914 0.31930953 1.0 0.536137
7 0.0007483795599999999 0.02636215 0.29816535 0.20902364 0.48850609999999994
7 0.00074289844 0.83497304 0.46739396 1.0 0.6620599
8 0.00068643707 0.68344724 0.33946759 0.88227654 0.50081843
3 0.00068204047 0.6692351 0.31025985 0.75136006 0.36505040000000005
6 0.0006798834700000001 0.36236940000000006 0.3974581 0.4578635999999999 0.4571339
13 0.0006691677 0.61255664 0.26753455 0.96860355 0.5834489
13 0.00064149883 0.15993112 0.40885732 0.31782967 0.5522449
1 0.00063488865 0.35006809999999994 0.40379584 0.41318279999999996 0.4535045999999999
4 0.0005916526 0.050778567999999996 0.30833299999999997 0.21295226 0.48426807
3 0.00058610516 0.19266954 0.45347570000000004 0.26979780000000003 0.54654783
9 0.0005749427 0.05821623 0.35042217 0.22069676 0.46127879999999993
2 0.0005677452 0.38032058 0.38259003 0.45938185 0.43763527
12 0.00056365714 0.022911712999999997 0.31431946 0.23611985 0.45394626
13 0.00056087074 0.8660034 0.41605914 0.9865761000000001 0.594666
11 0.00055765227 0.05293361 0.22470546 0.18115157 0.8533649999999999
9 0.00054061395 0.04363741 0.43505326 0.22224884 0.7270386
6 0.0005341167 0.0 0.41105294 0.25137475 0.7078477
6 0.0005310881 0.36913854 0.42984855 0.46606207 0.48034328
5 0.0005238988 0.34589908 0.41055810000000004 0.90933466 0.5839645
2 0.0005231545 0.037566796 0.2624324 0.39457196 0.60211843
5 0.0005198857 0.0 0.44114175 0.2774594 0.6244841999999999
1 0.00051415386 0.020302765 0.37257840000000003 0.17822263 0.47923672
9 0.0005074313 0.033297785 0.48771027 0.16887313 0.66272265
5 0.00050735206 0.0 0.4545295999999999 0.20155111 0.67138326
11 0.00050235115 0.88810915 0.51172906 0.9845271999999999 0.6896289000000001
7 0.00049458357 0.3622896 0.41973025 0.44255382 0.48758602
7 0.00048639645999999995 0.0 0.3268187 0.17676568 0.71954215
11 0.00048479795999999993 0.31626332 0.38727456 0.35857862 0.45643112
3 0.00048023099999999996 0.08659662 0.35626075 0.4015175 0.8838355999999999
8 0.0004771014 0.42806935 0.27781034 0.5160955 0.3377777
4 0.00047577515999999996 0.03946267 0.42864659999999993 0.14994998 0.70038855
6 0.00045651727 0.0 0.33534673 0.2772469 0.49224709999999994
3 0.00045481187000000005 0.03454663 0.34675515 0.19751768 0.51189554
9 0.00045056737 0.7014148 0.37734476 1.0 0.5798135999999999
12 0.00044797166 0.85133815 0.47096059999999995 1.0 0.6079074999999999
13 0.00044305233 0.07271601 0.3785318 0.14574379999999998 0.46955922
5 0.00044088197 0.2727321 0.40055240000000003 0.3778877 0.45433068
13 0.00044052652000000004 0.025666177000000002 0.32244596 0.40009162 0.6288689000000001
6 0.00043414405 0.8492415999999999 0.49867758 1.0 0.6436984
9 0.00043003620000000003 0.5783746 0.3525732 0.9030689000000001 0.5932203
9 0.00042502218 0.051228166 0.3728807 0.43779874 0.6203812
10 0.00042493062000000003 0.85398275 0.48295 1.0 0.6227348
2 0.00041905485 0.37028664 0.41501728 0.45862728 0.47222644
1 0.00041479553 0.0 0.48769152 0.16104013 0.7093823
11 0.000414524 0.8808481 0.4970104 0.96789473 0.6554239000000001
3 0.00040748055 0.29933414 0.36200887 0.4202431 0.47693926
11 0.0004071122 0.06078444400000001 0.316567 0.20352758 0.73249835
9 0.00040638677 0.03997037 0.33740696 0.32243285 0.58596784
10 0.0004044031 0.07475180000000001 0.28506184 0.22108734 0.47233376
1 0.00039923372000000003 0.0 0.44021314 0.20492466 0.6630491999999999
1 0.0003971171 0.3664678 0.4007128 0.42974707 0.45852489999999996
11 0.00039407483 0.08252232 0.30747738 0.17313991 0.48139653
13 0.00039093495999999997 0.7835448 0.3776963 0.9710525 0.64936423
5 0.00038541798 0.32936502 0.4035828 0.43452144 0.45191377
10 0.00038448692000000003 0.040233485 0.42184624 0.17293787 0.68065286
7 0.00038048776 0.0 0.3191907 0.38893503 0.6738884
2 0.000379496 0.011782348 0.38576695 0.29260466 0.6708463000000001
10 0.00037323589999999995 0.10194574 0.35352415 0.17634384 0.4221207
1 0.00036999117999999995 0.83671945 0.54034984 0.9882677 0.65377885
7 0.00036518714999999994 0.008567885 0.44529042 0.13648473 0.67423916
12 0.00035970002999999995 0.0 0.3246114 0.2749477 0.5847053000000001
9 0.0003584125 0.37364369999999997 0.38552418 0.43835717 0.44547539999999997
5 0.00034949678 0.42751530000000004 0.35685945 0.6199029 0.45559943
7 0.00034938354 0.31813344 0.37958315 0.4041935 0.46199120000000005
1 0.00034546052000000005 0.28546309999999997 0.40661064 0.36383325 0.4541512
9 0.00034219192 0.8728450000000001 0.5039670999999999 1.0 0.6321964
8 0.00033997822999999995 0.20738621 0.40016288 0.28174824 0.46438226
7 0.00033880776 0.2842898 0.38090643 0.37178740000000005 0.46631008
5 0.00033821608 0.0 0.5025345999999999 0.14716421 0.87645316
2 0.00033637419 0.010767795 0.43560207 0.15130538 0.64388925
8 0.00033190812000000007 0.33373576 0.32575235 0.45976782 0.48349490000000006
5 0.00032915827000000003 0.0 0.35943985 0.21458659 0.46365485
13 0.00032644689999999997 0.0 0.46810925 0.19548705 0.5874758000000001
7 0.00032472400000000003 0.43175915 0.29673648 0.6380155 0.49519932
5 0.0003176595 0.5781185999999999 0.42170218 0.9308974 0.68566644
10 0.00031553936 0.10486839 0.37600452 0.1821284 0.45591584
10 0.00031369587000000006 0.03421986 0.33379957 0.21445394 0.68032664
11 0.00031238137 0.05863676599999999 0.4663126 0.12964493 0.71291196
13 0.00031221425 0.7050982 0.37468547 0.93965 0.5126279
12 0.00031195552 0.21314758 0.40532929999999995 0.30543554 0.47430608
1 0.00030666168 0.40701675 0.37744132 0.8353789 0.5659901999999999
11 0.00030586545 0.37563238 0.39439583 0.41266122 0.45975658
7 0.00030317779999999996 0.20512176 0.40802032 0.29774785 0.49812108
9 0.0003004897 0.60917056 0.2889516 0.92089355 0.5475220999999999
13 0.00030048954 0.5382169 0.39237568 0.9295791999999999 0.6582561
4 0.00029936057000000003 0.13704224 0.32255024 0.42406785 0.6621066999999999
3 0.00029721392999999997 0.6151939999999999 0.32272280000000003 0.8253507 0.47419226
9 0.0002947409 0.71777123 0.35120603 0.9408743 0.62138367
9 0.00029054362999999996 0.3811071 0.38683408 0.45925635 0.45234996
2 0.00028614764 0.21110156 0.40670705 0.29376367 0.46785963
9 0.00028435534 0.03053093 0.46964854 0.29418492 0.69875354
5 0.0002827779 0.33432943 0.42719582 0.43072408 0.48115006
13 0.00028098075 0.014941178000000001 0.37978590000000007 0.19783065 0.5095835
5 0.00027728218 0.0 0.49623674 0.2713285 0.7000145999999999
2 0.00027248828 0.6300872 0.30085513 0.9838564000000001 0.60614395
8 0.00027106077 0.18968572 0.46222687 0.25531664 0.52290624
11 0.00026870700000000003 0.044238158 0.005910131 0.14403513 1.0
9 0.0002631472 0.38243234 0.4100058 0.46061949999999996 0.47518888
4 0.00026123950000000003 0.8488709000000001 0.48730928 1.0 0.64382154
5 0.00025982028 0.7816453000000001 0.5142767 1.0 0.62633556
1 0.0002580295 0.48681498 0.31660023 0.90583074 0.501816
8 0.0002578137 0.19645151 0.4317022 0.2782666 0.5047321
10 0.00025492452999999996 0.68605745 0.15765929999999997 0.9667423 0.51289916
12 0.0002543505 0.37842402 0.38426313 0.46245349999999996 0.44073987
1 0.00025117689999999996 0.0 0.38030076 0.31525266 0.5986113000000001
7 0.00025109402 0.077068165 0.37563379999999996 0.16796274 0.46764636
10 0.00025087615 0.38732892 0.40660533 0.45405924 0.48547533
12 0.00024789092 0.021494836 0.44405454 0.16399527 0.62499034
12 0.00024661774 0.0 0.35966079999999995 0.20848292 0.61274964
6 0.00024061447999999998 0.28622746 0.39712498 0.40149766 0.4534937
5 0.00024060886000000002 0.0 0.5020569 0.15098216 0.66201276
10 0.00023492181 0.6370628 0.24704693 0.92359746 0.57080245
1 0.0002340993 0.32164362 0.40774444 0.3904092 0.46005592
7 0.00023389218999999998 0.35086384 0.21737593 0.55033404 0.39912957
1 0.00023260275 0.3737937 0.42938180000000004 0.43792394 0.47824433
5 0.00023163002 0.7890550000000001 0.538744 0.9959556999999999 0.65861285
2 0.00022912477000000002 0.32184509999999994 0.38194948 0.3990367 0.44712758
5 0.00022807156000000003 0.43286779999999997 0.35117936 1.0 0.5241983
5 0.00022674962000000004 0.49047825 0.4165312 1.0 0.6267379
10 0.000225028 0.049076743 0.27173070000000005 0.2751726 0.6648470999999999
10 0.00022295267000000004 0.10599398 0.31285417 0.24691242 0.49709103
4 0.00022179325 0.3856024 0.40564606 0.4495263 0.49343792
1 0.00022112679 0.40760159999999995 0.43793902 0.8135494000000001 0.6357381999999999
6 0.00022079152000000003 0.009779088 0.47687984 0.18972224 0.6691054
5 0.00022052657999999998 0.37092933 0.44192737 0.82912827 0.6325291999999999
11 0.00021962916 0.62112606 0.23517455 0.82535934 0.678124
12 0.0002195217 0.0 0.28317675 0.46402615 0.56226635
1 0.00021949841 0.03330911 0.39780053 0.19413581 0.50443316
12 0.00021565505 0.32304654 0.38723302 0.40710452 0.44703066
3 0.00021554377 0.94714266 0.44003335 1.0 0.5282969
7 0.00021439257000000002 0.21629272 0.38456848 0.2805997 0.53049064
12 0.00021297955000000002 0.09755222 0.35518053 0.18010333 0.42827709999999997
2 0.00020821451000000002 0.29590148 0.3877516 0.38488036 0.43764615
3 0.00020758857 0.17891555 0.39002338 0.2765146 0.45442358
2 0.00020734406000000002 0.019269593 0.27722168 0.23294967 0.89658695
11 0.00020722558999999998 0.4949291 0.30612126 0.5882904999999999 0.48916578
9 0.00020511827000000002 0.040199377 0.45416176 0.17138642 0.8769454
1 0.00020458869999999998 0.84606904 0.57042354 0.9896166999999999 0.6783646
1 0.00020339746 0.20897011 0.43424183 0.28400016 0.49304417
6 0.00020301726000000002 0.45096368 0.3411284 1.0 0.61190325
12 0.00020266811999999999 0.21773714 0.39636225 0.28432822 0.49097496
10 0.00020192073 0.33964396 0.36687790000000003 0.41003734 0.45724404
2 0.00020062029999999998 0.38676918 0.21810395 0.59425855 0.36340037
10 0.00020020756 0.11608744 0.35745229999999995 0.16507208 0.46319795
3 0.00019875557 0.658168 0.32370165 0.7615499 0.38854545
13 0.0001973314 0.0 0.48600987 0.15523851 0.61185026
6 0.00019522503 0.0 0.37662292 0.5011045999999999 0.63530236
12 0.00019500339 0.098537445 0.37844533 0.18153071 0.4480585
2 0.00019422572000000001 0.5589945 0.28288245 0.90649325 0.53086877
9 0.00019313738000000002 0.6796548000000001 0.385525 0.9073139000000001 0.67137074
4 0.00019237176 0.39292046 0.38055809999999995 0.44903335 0.46573815
11 0.00019214362000000002 0.24240205 0.3878218 0.27484038 0.504981
13 0.00019176032 0.3548312 0.13896656 0.91977096 0.733704
9 0.00019021938000000002 0.024972647 0.24590309 0.18237285 0.78109205
1 0.00018916947 0.35847425 0.42707749999999994 0.42113262 0.47308072
3 0.00018903035 0.22647972 0.42030886 0.30175668 0.5188505
1 0.000188304 0.08049652 0.38238358 0.15963443 0.43905556
12 0.00018820533 0.10334228 0.37332237 0.15720882 0.46292382
10 0.00018776052 0.37506413 0.37833545 0.45292145 0.45343083
7 0.00018735878000000002 0.0 0.23401177 0.16688615 1.0
5 0.00018554316000000002 0.0663841 0.36965635 0.14677644 0.44090468
11 0.0001849208 0.37978065 0.41184354 0.4275849 0.4962759
6 0.000184492 0.06783617 0.36415938 0.19791776 0.43241745
12 0.00018348711 0.57779354 0.24475338 1.0 0.5122276
11 0.00018341481 0.24198160000000002 0.41189072 0.28201620000000005 0.49082693
6 0.00018215604 0.46225613 0.4279634 1.0 0.6624873
2 0.00018126014 0.5241813 0.34470442 0.8963848 0.5919843000000001
6 0.00018068166000000002 0.0 0.45665544 0.3500439 0.72608155
10 0.00018035523999999998 0.75536054 0.214961 0.93075556 0.66761595
10 0.0001798493 0.30580026 0.38797277 0.38534892 0.45336732
8 0.0001773722 0.1901111 0.42053738 0.2776553 0.47692412
10 0.00017550136999999998 0.07186999 0.3431796 0.301375 0.71985036
10 0.00017456574 0.22509545 0.39291420000000005 0.30056208 0.48977304
6 0.00017387902 0.1935456 0.42623794 0.33289385 0.49069384
1 0.00017282261999999998 0.008410375999999999 0.52402234 0.13267319 0.6952718000000001
3 0.00017185841 0.6170763000000001 0.26742926 0.7591566999999999 0.38433406
7 0.00017100075 0.09733017 0.35225597 0.17346253 0.43634766
10 0.0001697894 0.5942310000000001 0.32601056 0.9389348 0.6502689
13 0.00016793322 0.7433393 0.45678777 0.95573366 0.71859974
5 0.00016496971999999997 0.20678174 0.42771953 0.28790513 0.51218003
2 0.00016484315 0.14138813 0.3872441 0.31997788 0.52032685
4 0.00016234902 0.10005525 0.3439006 0.15935165 0.45621628
11 0.0001614896 0.70196986 0.21575072 0.8964409999999999 0.5906077
7 0.00016131366000000002 0.07813980400000001 0.34920029999999996 0.15603337 0.43719187
9 0.00016104807 0.10080199 0.36957082 0.18591376 0.42540416
10 0.00016030335 0.23451522 0.3692962 0.28673288 0.51042306
7 0.00015801351 0.0 0.39250037 0.23962307 0.74897575
13 0.00015630281999999998 0.20808354 0.39719018 0.27951655 0.46619835
1 0.00015603768 0.09170593 0.39680204 0.15870883 0.47913469999999997
1 0.00015580544 0.0 0.44779727 0.11975786 0.8506454999999999
7 0.00015575813 0.6475257 0.22917971 1.0 0.59368736
4 0.00015551629 0.68027073 0.21634246 0.96704143 0.55599016
1 0.00015056114 0.56426173 0.36960912 0.8433588 0.62520206
3 0.00015028789 0.07007302 0.21083316 0.32826942 0.6424105999999999
6 0.00014975517 0.077778116 0.38894323 0.20978235 0.4581924
4 0.00014818549999999999 0.22163428 0.40606412 0.29329273 0.4881346
10 0.00014566378 0.6978594 0.28812233 0.9919901 0.62643147
11 0.00014527704 0.73783857 0.25601482 0.9515732 0.7040791999999999
4 0.00014441347 0.37809566 0.38177806 0.43227306 0.45901522
3 0.00014433601 0.02235543 0.45462713 0.16380426 0.6924679
12 0.00014383749 0.5238491 0.29103425 0.9550283000000002 0.55150986
12 0.00014247821000000003 0.0 0.22121637 0.3792526 0.5164827999999999
4 0.0001424132 0.69627297 0.3082121 1.0 0.66098666
1 0.00014171487 0.55318654 0.36392626 0.92529464 0.55730927
2 0.00014145492000000001 0.6944007 0.24111241 0.9320584999999999 0.61357886
11 0.00013962893 0.39302412 0.4101665 0.44287685 0.50015616
6 0.00013877737 0.30422732 0.39408000000000004 0.43453124 0.45867974
12 0.00013545173 0.30728984 0.38670105 0.3813249 0.44687507
13 0.00013526357 0.0062327534 0.20733984 0.2641155 0.96178275
11 0.00013445865 0.115804605 0.38165826 0.16156925 0.45995525
4 0.0001340903 0.09902177 0.34612507 0.17958868 0.42519170000000006
10 0.00013180563 0.7550800999999999 0.16885822 1.0 0.5509135000000001
13 0.00013172919 0.47595614 0.36231852 0.57369155 0.43841309999999994
10 0.00013166995 0.92210734 0.42164552 1.0 0.5651614
11 0.00013075351 0.33208543 0.38902473 0.373087 0.45641616
