3 0.6063703 0.17033029 0.345727 0.21603012 0.3938798
3 0.15727572 0.0774004 0.33164668 0.15225582 0.41185364
8 0.04806892 0.07962764 0.34334219 0.16360775 0.41683450000000005
8 0.023444233 0.16682807 0.34166104 0.21948567 0.38897207
8 0.00410446 0.94935733 0.035419866 0.9871261999999998 0.088066235
3 0.0038666264000000003 0.79470164 0.41206726 0.92812485 0.51372635
8 0.0029179924 0.7814693 0.3891285 0.9533953000000002 0.5203803
8 0.0023537579 0.0 0.2900722 0.18291971 0.43136665
13 0.0018274185 0.16083616 0.34365842 0.20901445 0.39284936
8 0.0017699023000000002 0.046019927 0.33486012 0.15018098 0.40757355
3 0.0016569179999999998 0.94599533 0.026843894 0.99939775 0.099538766
3 0.0012025622 0.814071 0.44416636 0.9118851 0.5146507
13 0.0011419279 0.074860215 0.33274844 0.140286 0.42354718
8 0.0011347373 0.8598011000000001 0.06382487 0.9721392 0.23725542
8 0.0011275518 0.8110776 0.052591555 0.95314515 0.27396294
13 0.0009866648 0.07396564 0.36155117 0.14839421 0.41162829999999995
13 0.0009347304 0.93735796 0.020731421 0.99250525 0.08760806
8 0.0009248953999999999 0.06419496 0.32687545 0.14301282 0.4263665
8 0.0008198416300000001 0.0008435100300000001 0.12260241 0.10309212 0.5017242999999999
8 0.00074507494 0.8173767 0.42924583 0.89073163 0.5046132999999999
13 0.0007240514999999999 0.17063859 0.34217070000000005 0.22587615 0.39367002
8 0.00067696546 0.94123113 0.029236585 0.9869411 0.14521536
8 0.0006413493 0.009668580999999999 0.08139656 0.08087803 0.5508835999999999
2 0.0006098411 0.15934503 0.34237096 0.22012115 0.37803525
7 0.0005749002400000001 0.15374435 0.3420011 0.21404089 0.39804918
8 0.000511895 0.9321886 0.016998159 0.9905868 0.108653456
13 0.0004922845 0.7991564999999999 0.41300547 0.9405013000000001 0.53612286
13 0.00048731515 0.14663738 0.34909227 0.1960164 0.39214864
13 0.0004395152 0.086998224 0.33967215 0.15823013 0.40269363
3 0.00043896915 0.036826417 0.30071512 0.17349538 0.41250172
8 0.00043374031999999997 0.051333703 0.09422257 0.30035636 0.56293505
8 0.00041312972000000003 0.05334475599999999 0.13241135 0.34098867 0.8050609999999999
8 0.00041101197999999996 0.89465356 0.06298978599999999 0.9771662 0.19426037
8 0.00038685097 0.071496084 0.5533522 0.50638247 0.92322993
1 0.0003244567 0.15475388 0.35684976 0.20647173 0.39179996
8 0.0003186936 0.014922641 0.25135050000000003 0.087229505 0.4134392
13 0.0003103103 0.94391406 0.0038601209999999998 0.9949616 0.10446611
8 0.00030449624 0.044195272 0.13439600000000002 0.21118912 0.89448845
10 0.00028617299999999997 0.09870222 0.33178115 0.1599817 0.39139187
13 0.00027357689999999997 0.81795114 0.43967333 0.899882 0.49702504
1 0.00026991215 0.06864989 0.34132904 0.13524692 0.40449873
1 0.00026151855 0.071921505 0.3525833 0.14519164 0.39439803
11 0.0002554091 0.09996035 0.31448695 0.13950391 0.45746112
8 0.00025398677000000006 0.071877465 0.23552849999999997 0.37922984 0.95530057
5 0.00025333422999999997 0.06854989 0.3544098 0.14916521 0.41884220000000005
13 0.00025041302000000003 0.91845673 0.029331664 0.9888950999999999 0.08286119
2 0.00024831184 0.085246205 0.32891262 0.16180122 0.38801729999999995
8 0.00023641092 0.95157385 0.045160476 0.9875314000000001 0.12228832
10 0.00023610536 0.10037841 0.36107874 0.16881673 0.4240539000000001
2 0.00023405202 0.08146044599999999 0.35755190000000003 0.16741255 0.41493663
8 0.00023008784 0.008519470999999999 0.23842832 0.163693 0.5395688
8 0.00022885057999999997 0.011936478 0.12782675 0.15292594 0.4250859
6 0.00022310300999999998 0.06635939 0.33806393 0.1915294 0.39288196
8 0.0002197662 0.014487926000000002 0.70394826 0.091651484 0.8577514999999999
5 0.00020905767 0.06839044400000001 0.37321284 0.13979029999999998 0.44855776
8 0.00020857784 0.9512918 0.017513352 0.98497045 0.06722989
8 0.00020534453999999997 0.8102579000000001 0.036809605 0.95286846 0.1737141
11 0.00020455676999999998 0.10556192 0.3546265 0.15308295 0.43429613
10 0.00020362968 0.10300091 0.31791806 0.1496954 0.40980944
8 0.00019821408 0.13571154 0.19967556 0.43576324 0.88803506
3 0.00019682753 0.08306828 0.5894488 0.5524935999999999 0.97563237
8 0.00019620791000000002 0.8771404 0.041962914000000004 0.97289944 0.16321322
3 0.00019153532 0.05140292 0.32484606 0.19676405 0.41848615
8 0.00017715288 0.9476028000000001 0.052664377000000005 0.98541445 0.10529748
9 0.00017446447 0.09178802 0.35216279999999994 0.16527113 0.39395374
2 0.00017108305 0.17559463 0.34200790000000003 0.23624805 0.37945074
11 0.00017008766 0.17380053 0.3447015 0.20527837 0.39215842
5 0.00016828891 0.14880095 0.35426664 0.21505775 0.39156544
6 0.00016393242 0.14714772 0.3495225 0.24007934 0.38872188
3 0.00016125225 0.04170577 0.33265883 0.13570812 0.40032873
8 0.00016089096999999999 0.90446794 0.025141193 0.9859475000000001 0.13597527
10 0.00015516605 0.12127523 0.35708728 0.18082698 0.42480412
9 0.00015233477 0.17250937 0.3489534 0.21844059 0.38677612
1 0.00015157954 0.13343637 0.35157275 0.19113766 0.38632259999999996
7 0.00014614516000000002 0.16965646 0.34663979999999994 0.22749242 0.39582649999999997
12 0.0001439798 0.08537146400000001 0.34057495 0.1628634 0.39283323
8 0.00014316828000000001 0.8117217 0.082294315 0.9640753000000001 0.3533847
9 0.00014069212 0.09043105 0.34762654 0.14441998 0.41595778
2 0.00014004248 0.089425385 0.34479728 0.1527826 0.42244956
10 0.00013815035 0.12128967 0.33130527 0.17770168 0.39032435
8 0.00013233059 0.00473715 0.13394046 0.07110183 0.25890493
12 0.00012920833 0.08359418 0.32604623 0.14736634 0.40673423
10 0.00012349764 0.103867024 0.3505089 0.15397170000000002 0.43940565
3 0.00011674353000000001 0.8724200000000001 0.09188871 0.9554948 0.15658933
9 0.000114252485 0.094967216 0.37510318 0.16671598 0.42194244
8 0.00011403726000000001 0.053884900000000006 0.32546613 0.24766469 0.9148857
8 0.000110082765 0.75055164 0.046624175999999996 0.9164329 0.30802229999999997
6 0.00010812979600000001 0.07428621 0.36685705 0.18796621 0.41906103
3 0.00010790784 0.08836643400000001 0.39759505 0.46009445 0.9817999
12 0.000107291045 0.16530536 0.34117708 0.22510566 0.38191757
1 0.000102406375 0.0742689 0.3643906 0.13513824 0.43732762
7 0.00010232439 0.13102916 0.34339195 0.19621196 0.39945006
5 9.569332e-05 0.050873984000000004 0.37662625 0.15902622 0.4236537
8 9.451571e-05 0.11233111 0.1425606 0.38364840000000006 0.70442456
8 9.054673000000001e-05 0.6275299 0.14919221 0.9180389999999999 0.8670945
7 8.995386500000001e-05 0.066268384 0.3565531 0.15441391 0.43290597
1 8.990996e-05 0.09248422 0.35173994 0.15558353 0.39242855
5 8.692949e-05 0.049327407000000004 0.35362008 0.16684067 0.3946792
8 8.638987e-05 0.8708802999999999 0.122038715 0.92696446 0.16578774
4 8.459051600000001e-05 0.09122459599999999 0.33127806 0.16248725 0.39840603
7 8.371533999999999e-05 0.079929985 0.33095935 0.15455085 0.40331423
13 8.340011e-05 0.054238483 0.33555406 0.12684838 0.4211563
13 8.2835104e-05 0.04734622 0.34042963 0.13374464 0.3973521
1 8.106448e-05 0.1686643 0.3550414 0.22387022 0.39076316
3 8.0760314e-05 0.11356461 0.34026059999999997 0.18295908 0.39578256
11 7.8359255e-05 0.10871802 0.33566383 0.14566456 0.39829826
10 7.692516400000001e-05 0.1708955 0.3354503 0.22169186 0.39625153
1 7.676982e-05 0.07877147 0.37550712 0.14707614 0.4233915
2 7.432259e-05 0.9431638000000001 0.021495312000000003 1.0 0.087524205
3 7.285768e-05 0.8701733 0.11859525 0.9348791 0.18089142
8 7.2473544e-05 0.041973874 0.04227461 0.30210108 0.31644753
8 7.149856e-05 0.47727686 0.25651655 0.86860234 0.8217877
11 7.044284999999999e-05 0.15533546 0.33869088 0.18870029 0.39092540000000003
8 6.903848e-05 0.007132548000000001 0.7196878999999999 0.03675216 0.7937418
7 6.849238000000001e-05 0.07494300599999999 0.3150518 0.14158131 0.43599716
4 6.836578e-05 0.08869475 0.35228000000000004 0.16326246 0.43087974
8 6.810289e-05 0.9134871999999999 0.011088735 0.98214614 0.08175547400000001
2 6.593138e-05 0.8076409999999999 0.38608816 0.9954653 0.5356671
6 6.55354e-05 0.1273746 0.3506674 0.22280361 0.38454467
3 6.4704596e-05 0.9307668 0.015760468 1.0 0.116216585
3 6.3982225e-05 0.94095767 0.04468330400000001 1.0 0.121393085
13 6.3357766e-05 0.93687123 0.044261124000000006 0.9953068000000002 0.107259385
5 5.6682386999999996e-05 0.16495702 0.35657904 0.22755292 0.3931929
8 5.6647594e-05 0.040573187000000004 0.7119522 0.20522001 0.9397835999999999
13 5.6147666e-05 0.0 0.061799023 0.08123228 0.19435639999999998
8 5.550145000000001e-05 0.87419385 0.098412976 0.9386626 0.14359349999999999
3 5.4630156e-05 0.023746523999999998 0.7321810000000001 0.10714275 0.8627079
9 5.4064974e-05 0.11231434 0.3525893 0.18116832 0.3925178
11 5.398547e-05 0.08910374 0.35194024 0.13548423 0.4339219
9 5.384587e-05 0.09132218 0.36833182 0.14508365 0.44257299999999994
8 5.3310096999999995e-05 0.79668564 0.08638328 0.9624359 0.64383715
8 5.136983e-05 0.054027364 0.6449358000000001 0.38358802 0.9434606
9 5.1062267000000004e-05 0.9518120999999999 0.03383933 1.0 0.09384812
7 5.0753940000000005e-05 0.07090779 0.34301287 0.14561188 0.4610206
13 5.049736e-05 0.8343139999999999 0.44313800000000003 0.92250633 0.49572122
13 5.0153587e-05 0.86203134 0.10585493 0.9293232 0.17133772
11 4.765472e-05 0.96426374 0.032440346 0.9945758 0.093927726
3 4.5863882000000004e-05 0.010446485 0.72534764 0.042939122999999996 0.79261816
8 4.5784620000000003e-05 0.9254209000000001 0.033972237 0.9754229999999999 0.083357975
10 4.4897522e-05 0.19202489 0.33525217 0.23855236 0.39341128
13 4.3080065000000005e-05 0.042304114000000004 0.32526955 0.19123141 0.45299894
4 4.282585e-05 0.08990979 0.31166962 0.15097466 0.41608968
8 4.2775817e-05 0.89609176 0.05837435 0.9781539 0.3372564
9 4.2348936e-05 0.185891 0.35113984 0.23465571 0.38808000000000004
4 4.220831e-05 0.17069572 0.34394753 0.22136605 0.39003990000000005
13 4.1753487e-05 0.0 0.017581588000000002 0.3759136 0.9616642
8 4.1130865e-05 0.7397495 0.03568008 0.9284473 0.18212132
3 4.1040752000000004e-05 0.9393833 0.019928105 1.0 0.16077715
13 4.014255e-05 0.0 0.10115127 0.086403236 0.25711742
9 3.918673e-05 0.10943992400000001 0.37422022 0.18415616 0.41825655
8 3.8872535e-05 0.027336307 0.07808074 0.22445703 0.45572543
11 3.8079583e-05 0.12518635 0.3572232 0.17221877 0.42939824
8 3.7535516e-05 0.008123305 0.086721644 0.07435462 0.20275716
12 3.740235e-05 0.08288324 0.35815647 0.17355004 0.41137576
8 3.7218986e-05 0.02638127 0.11417460000000001 0.18239853 0.67801327
13 3.7152924e-05 0.9114671 0.0 0.98679996 0.10899542
12 3.706422e-05 0.17953959 0.34337708 0.24049902 0.38250548
8 3.6367506e-05 0.017025582 0.37689495 0.089638725 0.542532
7 3.6313075e-05 0.94246954 0.02198745 1.0 0.09070650000000001
8 3.6280166e-05 0.77344203 0.15078458 0.9583993000000001 0.8552791
13 3.5609686e-05 0.9272952 0.0 0.9916142 0.14749804
4 3.5222055999999996e-05 0.11019829 0.35286358 0.1788469 0.43122834
13 3.4813263e-05 0.40367013 0.1278088 0.88385504 0.8058491
11 3.4426976e-05 0.19391102 0.3440203 0.22450027 0.39305985
8 3.4320342999999995e-05 0.5780343000000001 0.44944042 0.93029153 0.94728076
13 3.4315795e-05 0.034025772999999995 0.32002172 0.37969857 0.9903812
8 3.423713e-05 0.95845646 0.029810607000000003 0.98720735 0.11108527
10 3.3934517e-05 0.96103656 0.013259648 1.0 0.092209205
10 3.3889606e-05 0.087199725 0.33302116 0.1431993 0.39001766
1 3.3882414e-05 0.09689391 0.37650838 0.16111866 0.42378180000000004
8 3.3873243000000004e-05 0.033083007000000005 0.24771276 0.27191067 0.5282711999999999
7 3.259601e-05 0.09772387 0.33556283 0.17070282 0.39891002
4 3.253008e-05 0.08271245 0.3396201 0.14867306 0.4422384
3 3.250468e-05 0.04842519 0.4152159000000001 0.28762284 1.0
5 3.2405675e-05 0.12948939 0.35386336 0.19579545 0.393519
12 3.216378e-05 0.95199615 0.014819084 1.0 0.07285797599999999
8 3.1692103e-05 0.77835304 0.42580748 0.96519715 0.9449200000000001
9 3.1503005e-05 0.15668909 0.34624964 0.20201333 0.38693747
13 3.0509513000000002e-05 0.86140823 0.077532716 0.94450605 0.14633295
13 3.0431233e-05 0.009756841 0.32785282 0.14965174 0.44563833
13 2.9926956e-05 0.0 0.24908088 0.18545905 0.88973933
11 2.9623243000000002e-05 0.8338571 0.44237408 0.8842011999999999 0.5166297000000001
1 2.9102846e-05 0.7343506 0.42493240000000004 0.91560024 0.52155256
8 2.9076356e-05 0.9026174000000001 0.11238411 0.9725383 0.25511605
13 2.8970911e-05 0.0 0.0 0.30565435 0.30090412
12 2.891462e-05 0.08666937 0.3487143 0.15532263 0.42855185
8 2.8552909999999996e-05 0.01022342 0.19892514 0.05659855 0.40416837
8 2.8515735e-05 0.06089903 0.35095679999999996 0.13309097 0.41887033
8 2.8206720999999996e-05 0.64796185 0.08265275 0.9017775 0.52599245
4 2.8012495e-05 0.9629119 0.031025792000000003 1.0 0.08311579
1 2.7888517999999998e-05 0.9453028 0.039762955 0.9934364 0.082947806
11 2.7864973e-05 0.12874678 0.33716187 0.16328132 0.3967334
13 2.765771e-05 0.0 0.53702396 0.46430528 0.992179
8 2.6917005e-05 0.32226968 0.17542145 0.36722898 0.21420966
8 2.6547928e-05 0.05505988 0.5430906 0.2702173 0.94695044
3 2.6546442000000002e-05 0.027544062999999997 0.21497811 0.140817 0.5275751000000001
3 2.6521602e-05 0.06428595 0.35499483 0.14066595 0.4194724
13 2.593124e-05 0.0 0.059121072000000004 0.11624904 0.45418337
8 2.5691776e-05 0.931623 0.012335789 0.9723488000000001 0.053792056
4 2.4864396e-05 0.11515344 0.33344743 0.17612678 0.39662382
13 2.4854186e-05 0.0 0.0 0.30810094 0.55874217
8 2.4317198e-05 0.182166 0.09550499 0.52299356 0.4600968
13 2.4191520000000002e-05 0.0 0.21572615 0.11174699 0.5309861
13 2.4157492999999998e-05 0.006529689 0.7061155 0.08247822 0.84694177
13 2.3993697999999998e-05 0.81519556 0.0 0.97002816 0.22207607
8 2.373834e-05 0.55486643 0.14724979 0.83719075 0.7123441
8 2.3551762e-05 0.038722 0.59440297 0.20448643 0.8905006
13 2.2912836e-05 0.7483116 0.0 0.9547873 0.24865589999999999
9 2.2599357e-05 0.84338367 0.42786065 0.9826319 0.5518732
6 2.2523211999999998e-05 0.7611424 0.43297058 1.0 0.5355755999999999
8 2.2517968e-05 0.11181806 0.338226 0.1744336 0.39328179999999996
2 2.2368116e-05 0.952247 0.007268716 1.0 0.10734656
10 2.1628397e-05 0.15561478 0.3368432 0.20824157 0.39468053
3 2.1407248e-05 0.94743156 0.013687613000000001 1.0 0.078573205
3 2.0957656e-05 0.8640386999999998 0.05431942 0.99914813 0.2570682
10 2.0876032e-05 0.08889248 0.32023108 0.13064836 0.40768087
11 2.0554171e-05 0.94826454 0.035999577000000005 0.98572 0.08909636
3 2.0513013e-05 0.017415568 0.24058919 0.115335 0.43872136
1 2.0235229999999998e-05 0.05943817 0.37078407 0.13213025 0.41784832
8 1.9797521999999998e-05 0.0063243527 0.700213 0.029314036 0.8087506999999999
11 1.964965e-05 0.840933 0.39267617 0.9394447 0.5631381
8 1.9436136e-05 0.0 0.12253266 0.018072683 0.21751471
10 1.8571127e-05 0.9689146000000001 0.0 1.0 0.10939058
4 1.8389093e-05 0.18623197 0.3431855 0.23749802 0.38794675
13 1.8334369e-05 0.5758246 0.0011579903 0.9172902000000001 0.7652624
12 1.8189052e-05 0.15273996 0.33996326 0.210458 0.38023075
8 1.7731618e-05 0.039160285 0.33676112 0.11561605 0.3956736
8 1.711825e-05 0.51566434 0.37729806 0.8465233 0.9113155000000001
11 1.697124e-05 0.9715671 0.019607726000000002 0.9982162 0.11159815
13 1.6797214e-05 0.59744555 0.2831296 0.9330179 0.92355716
8 1.670704e-05 0.022234137999999997 0.6073856 0.14114393 0.9375621999999999
1 1.6322814e-05 0.9197758 0.04086725 0.98662645 0.078947596
3 1.6225964e-05 0.07139145 0.15283592 0.3531655 0.60125345
8 1.6128089999999998e-05 0.6928023 0.38427094 0.9518236999999999 0.9330206
11 1.606849e-05 0.8192036 0.44208547 0.8686365 0.51422894
13 1.5851512000000002e-05 0.311373 0.17243174 0.37599128 0.21953000000000003
8 1.5826795999999998e-05 0.80933857 0.41105995 0.87340975 0.48047978
3 1.565986e-05 0.4603695 0.25177637 0.91095436 0.8307142
3 1.5240692e-05 0.08343761 0.21182024 0.40061240000000004 0.8521822
13 1.5218236999999999e-05 0.91589725 0.053270335999999995 0.9873381999999999 0.10744165
8 1.5165862e-05 0.21628976 0.1983158 0.5156058 0.84791136
3 1.5134753000000001e-05 0.068582654 0.70206237 0.45350474 0.97568566
6 1.5057488e-05 0.95000803 0.03401931 1.0 0.085999936
1 1.5054105999999998e-05 0.05017904 0.34907699999999997 0.13108289 0.39147785
8 1.486965e-05 0.35471916 0.15250848 0.6345168000000001 0.7832411
8 1.4254518e-05 0.71207005 0.07701329 0.92702943 0.7015807
9 1.4026481000000002e-05 0.079804495 0.3730162 0.14680678 0.4232262
13 1.3881993e-05 0.009759471 0.14186849999999998 0.077587456 0.19149770000000002
8 1.3858129999999999e-05 0.83374953 0.44059970000000004 0.8967618 0.49501953
9 1.3706961e-05 0.95805603 0.023901535 1.0 0.11544849
13 1.3567760000000001e-05 0.0 0.0 0.24006484 0.8001499
1 1.3549413e-05 0.7815589 0.44707283 0.8775263000000001 0.50030583
13 1.3187738e-05 0.86497194 0.025652722000000003 0.98078185 0.18635555
10 1.3120862e-05 0.8425984000000001 0.4576838 0.90968806 0.49914040000000004
8 1.294168e-05 0.75098234 0.07326423 0.93502635 0.48494196
7 1.2857014999999998e-05 0.91925114 0.028490413 0.99469274 0.08654873
8 1.2800517e-05 0.7525863 0.42879140000000004 0.95088655 0.74620897
13 1.2778556000000001e-05 0.022501796 0.0 0.56201947 0.46413264
6 1.2735235e-05 0.8047538000000001 0.45569940000000003 0.9198805 0.49230707
8 1.2598155999999999e-05 0.9281959000000001 0.008822308000000001 0.9772263000000001 0.036204066
8 1.2465522000000001e-05 0.088314876 0.06898145 0.5593935 0.31734943
8 1.2126724999999999e-05 0.008857995 0.44824246 0.08360177 0.94794524
8 1.1828985e-05 0.8583994 0.019632204 0.96203566 0.079073824
5 1.1711539e-05 0.9337843000000001 0.044932883 0.99946886 0.09712065
13 1.1599647e-05 0.87659305 0.00036483287000000004 0.9801895 0.13056678
8 1.14648265e-05 0.4437867999999999 0.14573294 0.7209465 0.71012217
10 1.1316428e-05 0.08816748 0.3557925 0.13599792 0.43684503
11 1.1218665e-05 0.08389492 0.30805287 0.126135 0.45773232
4 1.1196934e-05 0.9694086 0.019572064 1.0 0.097603366
3 1.1063106e-05 0.8594795 0.0860012 0.99276596 0.33086827
8 1.0517387000000001e-05 0.0012041535 0.12989531 0.045817777999999997 0.36339182
13 1.0462672e-05 0.0 0.0 0.09098373 0.50701743
7 9.899081999999999e-06 0.72450113 0.37847725 0.95999324 0.5751861999999999
8 9.886767999999999e-06 0.3343612 0.17225829 0.3807348 0.21472529999999998
3 9.584813e-06 0.3232441 0.17558117 0.38164884 0.22976357
3 9.530905000000001e-06 0.6144562 0.46706775 0.9547796000000001 0.9934511
13 9.428555e-06 0.7450346 0.029769672 0.9628818000000001 0.33975416
8 9.09065e-06 0.016094536 0.28717917 0.09503899 0.44620836
6 9.041003e-06 0.9283278 0.038187817 1.0 0.07993476
8 8.924443999999999e-06 0.0015741624 0.14581186 0.020120251999999998 0.24076867
13 8.7237595e-06 0.7744594 0.22903155 0.9709370999999999 0.85870326
13 8.568480000000001e-06 0.0031008162 0.7230255999999999 0.036167677 0.7868291999999999
3 8.549941999999999e-06 0.6227590999999999 0.17214873 0.95249593 0.8478529
3 8.517286e-06 0.9068693999999999 0.023440769 1.0 0.14223875
12 8.501863e-06 0.07165047 0.33064434 0.12955043 0.41133904
8 8.474786e-06 0.9139408000000001 0.06022865 0.9684986999999999 0.110713966
8 8.455022999999999e-06 0.504754 0.106366955 0.8417241 0.49507278
8 8.454897e-06 0.22001393 0.112148985 0.49020344 0.62437975
13 8.434434e-06 0.93341434 0.0 0.9855188 0.06728010599999999
13 8.3624755e-06 0.48977440000000005 0.024292393 0.8394956 0.74047446
3 8.349605e-06 0.8162323 0.10124829 0.9978466999999999 0.37902248
3 8.179259e-06 0.051449493 0.6161496999999999 0.32269847 0.9692139000000001
1 7.681836e-06 0.9509893 0.030894974 0.99461776 0.09774948
3 7.631061e-06 0.047412604000000004 0.08987641 0.34039822 0.35009447
8 7.4660657e-06 0.28940228 0.12714523 0.55291235 0.696687
8 7.3695646e-06 0.38999277 0.25220397 0.6954182 0.87968117
13 7.327477299999999e-06 0.063942075 0.0 0.43787829999999994 0.7216664
2 7.2822945000000005e-06 0.95187545 0.03794139 1.0 0.13568178
3 7.248067e-06 0.026357811000000002 0.40544125 0.11445214 0.5536916000000001
5 7.244593e-06 0.051788136 0.37545267 0.122736916 0.44959962
