8 0.9373098 0.47703484 0.48757875 0.625052 0.6584846999999999
8 0.6261674 0.20584352 0.51957524 0.31052583 0.60736424
3 0.55511 0.21993843 0.51885194 0.30255538 0.60616314
8 0.20135537 0.66492814 0.438849 0.75203735 0.6849582
3 0.18235591 0.64008874 0.45791540000000003 0.8021335999999999 0.70888686
3 0.16287996 0.49385545 0.47260627 0.6102274000000001 0.659718
8 0.074586645 0.6453009 0.47969595 0.7616013 0.6615962
13 0.07242805 0.8354984000000001 0.37354043 0.9091778 0.42425713
13 0.02609221 0.6671199999999999 0.46014318 0.79516536 0.70878804
13 0.014567071000000001 0.63494664 0.4372188 0.77354246 0.67050827
13 0.009270051999999999 0.6013251000000001 0.49331382 0.7960461999999999 0.6552504
3 0.009051036 0.8432424999999999 0.37170738 0.8893353999999999 0.42731044
8 0.008690261999999999 0.8478829999999999 0.38141832 0.90091956 0.42618746
2 0.008209226 0.67442393 0.42537070000000005 0.8260844 0.6376943
12 0.007483224 0.6983593000000001 0.41716075 0.847036 0.59598583
2 0.007220235699999999 0.6636751000000001 0.4805475 0.81484246 0.69484264
8 0.0066642812 0.490415 0.5076556 0.60181636 0.5772953000000001
13 0.0065313852 0.22991319 0.51762295 0.31693658 0.6099321
7 0.006169505 0.6620505 0.40514287 0.80969447 0.6754203000000001
7 0.006031211999999999 0.676187 0.40038413 0.76244605 0.7393387
13 0.005436504 0.45735370000000003 0.52791613 0.6496968000000001 0.63692623
13 0.005219408 0.20439358 0.5318527 0.31133133 0.5911554
7 0.0049510207 0.62564653 0.42858574 0.7808027 0.6887863000000001
10 0.004677638400000001 0.67763543 0.46958646 0.7902884 0.70627654
12 0.0045862375 0.67471325 0.3757423 0.7820102 0.6474101999999999
10 0.0045024390000000004 0.66204816 0.43805644 0.8121182 0.64295363
8 0.0043670293 0.6379151 0.38684559999999996 0.79716307 0.84386903
8 0.0043460317 0.22153787 0.53318375 0.29276493 0.60668576
13 0.004187757 0.41850927 0.5463665 0.6165725999999999 0.6315084
12 0.004120782 0.6754591999999999 0.39408183 0.8283453000000002 0.56943643
13 0.004092597 0.6305935 0.5287267 0.7732168 0.7216893
10 0.0040501407000000005 0.6999091 0.45057590000000003 0.83995044 0.67060184
9 0.0039879833 0.44969136 0.49341184 0.6269694 0.6139232
2 0.0034550545 0.22161599 0.52328914 0.32523116 0.5801202
2 0.0034389251000000003 0.47852513 0.47524562 0.6923165 0.6138167
8 0.0034013798 0.63457376 0.49918729999999994 0.74228734 0.7252526
4 0.0032364945 0.7044887 0.48836812 0.8143147 0.65699834
2 0.003224975 0.69213724 0.40441605 0.7845095999999999 0.714843
5 0.0031111727000000004 0.668555 0.48057988 0.7738045 0.7078273
13 0.003105927 0.45866972 0.49084750000000005 0.67711633 0.6261383
7 0.0030513517999999997 0.652736 0.40926635 0.7374911999999999 0.7271728
2 0.0028778499 0.48182479999999994 0.43844935 0.6958674 0.5805857
2 0.002700588 0.8323648000000001 0.36816394 0.9338421999999998 0.42767829999999996
9 0.0026715202 0.49094778 0.48461040000000005 0.67646754 0.5984655
4 0.00253011 0.6937724000000001 0.49143820000000005 0.7693215999999999 0.7020865
13 0.0023564564 0.42902228 0.48012468 0.62323916 0.6162739
13 0.0023479232999999997 0.65843415 0.48407736 0.7702258000000001 0.76044273
13 0.0023440165 0.6544769 0.39769638 0.83263487 0.9364264999999999
9 0.0023296399 0.22705741 0.534712 0.34558362 0.5886125
3 0.0023164926 0.5052876000000001 0.49168270000000003 0.6186291 0.5735509
6 0.0022106260000000003 0.20771895 0.54178 0.31044245 0.59390384
5 0.00215304 0.6014862 0.46089092 0.80207723 0.6319494999999999
11 0.0020927906 0.6172201999999999 0.5232195 0.7591465000000001 0.6537048000000001
1 0.002072188 0.64859575 0.49297538 0.7709929 0.6375748999999999
1 0.0020713757 0.6159949 0.46008033 0.7439673000000001 0.600402
12 0.0020390786 0.43611962 0.45894843 0.69870025 0.5740769
13 0.0020357547 0.49592587 0.47521709999999995 0.64280784 0.6615732
12 0.0020324707 0.68045425 0.31891729999999996 0.76836044 0.5969770000000001
2 0.0020262203 0.41986588 0.48376915 0.65302217 0.6112846
6 0.0019588715 0.66803575 0.52863926 0.79316604 0.75032455
10 0.0019067519 0.6670702 0.43215509999999996 0.75996757 0.6794256
1 0.0018362178 0.6460293 0.4675608 0.75254065 0.67907083
6 0.0017432414000000001 0.6301741999999999 0.51780146 0.8226568999999999 0.66915226
8 0.0017324839000000002 0.4972021 0.49092224 0.6003276999999999 0.5447094
9 0.0017026732 0.48385057 0.5177705 0.6984836 0.6482883
11 0.0016450947 0.66318613 0.49308473 0.75093704 0.733758
12 0.0016158893 0.21623337 0.5323111 0.31600356 0.5807171
9 0.0016075157000000001 0.68382084 0.43606213 0.76906985 0.7310598
4 0.001588644 0.6883322 0.45390666 0.7919116 0.6264215
13 0.0015734517999999999 0.62238157 0.54466444 0.81700534 0.6927218
2 0.0015622936 0.6257267 0.48599428 0.85574585 0.6188763
1 0.0015614779 0.2023375 0.54163927 0.28079492 0.5904371999999999
8 0.001490772 0.47253302 0.5659508000000001 0.55760837 0.6485280999999999
1 0.0014661888 0.6201393 0.52092135 0.75374806 0.6606183000000001
10 0.0014498279 0.70598304 0.4364983 0.80565196 0.7376919
13 0.0014189971 0.65649766 0.5597411 0.7683958000000001 0.63560647
5 0.0013984202 0.28613898 0.53230727 0.6304065 0.6138829
10 0.0013651338 0.21076296 0.5319615 0.30039778 0.58445776
5 0.0013427335 0.30270022 0.551153 0.6167451 0.64581937
8 0.0013223917999999999 0.63521534 0.4226126 0.7700435 0.60645705
3 0.0013209975 0.6390680999999999 0.37019718 0.7853195 0.79540724
2 0.0013140638000000001 0.64628863 0.45409929999999993 0.8619757 0.58985096
1 0.0013068584 0.370071 0.5177444 0.56343704 0.6200918000000001
9 0.0012604181 0.50767195 0.5048305000000001 0.73984987 0.61491686
7 0.0012519971000000002 0.59584016 0.46342954 0.74839246 0.7266696
4 0.0012516489 0.6605236999999999 0.4774812 0.7712682 0.63322574
8 0.0012324759 0.48606098 0.52860004 0.5929498000000001 0.6095543000000001
11 0.0011908385 0.6694551 0.53364044 0.80458945 0.6704707
2 0.0011686166000000001 0.403683 0.50986195 0.66424865 0.63914067
2 0.0011614962 0.24376301 0.500455 0.31206647 0.61056644
5 0.001154628 0.15798047 0.54926145 0.31099093 0.58414346
11 0.0011447628 0.22528578 0.5395236 0.28057137 0.59877723
11 0.0011157453 0.64558864 0.56681454 0.7751329 0.69740975
1 0.0010826235 0.21201326 0.54713696 0.29765582 0.5980063
9 0.0010723034 0.23448405 0.53120816 0.31152254 0.60183346
6 0.0010296711999999999 0.6336935 0.53709894 0.8616925 0.70231473
2 0.0010037262 0.613312 0.5156480999999999 0.85860556 0.6515689
13 0.0009683686 0.6652224 0.58313966 0.77336335 0.6525046999999999
1 0.00095981534 0.23834777 0.543037 0.3064639 0.60803056
9 0.0009279173 0.5137166 0.49428076 0.66786975 0.6382156
11 0.0009223497000000001 0.6534401999999999 0.43762574 0.74459904 0.6722812
13 0.0009097516000000001 0.8274906999999999 0.399613 0.92439675 0.44420758
8 0.0009095816 0.47048882 0.5506161 0.57060087 0.63221085
9 0.0009077452 0.2563047 0.5316996999999999 0.33477485 0.5989335
12 0.0009034164999999999 0.23670052 0.53244495 0.34829524 0.58394396
7 0.0008662556599999999 0.20471233 0.5201358 0.32814884 0.60569197
12 0.0008447277 0.4151986 0.49876654 0.6488073000000001 0.5962538000000001
11 0.0008327717 0.23915416 0.531721 0.2974476 0.6029482
3 0.00082821155 0.50491405 0.48171850000000005 0.6112294 0.5408533
10 0.00082250073 0.22203794 0.52033085 0.3251889 0.58865505
7 0.0008220642299999999 0.5882722 0.46997285 0.81556517 0.6503186
11 0.0008135098599999999 0.44670558 0.49069896 0.5859052 0.6939097
12 0.0008054836000000001 0.47263128 0.49521273 0.7380043000000001 0.61033654
9 0.0008051116599999999 0.6544592 0.41947526 0.82765126 0.6475923000000001
7 0.00080455095 0.6474324 0.46977133 0.7977409000000001 0.7349709
8 0.0007936761 0.13771762 0.48342340000000006 0.32846066 0.6390269000000001
4 0.0007910517 0.22100604 0.53261024 0.29487538 0.5946011
4 0.0007768933000000001 0.23311007 0.5269017 0.32214367 0.60291034
4 0.0007767328 0.5656591999999999 0.48220262 0.72152215 0.66302586
3 0.00076788804 0.6587303000000001 0.55797285 0.7810121999999999 0.6664495
6 0.0007594937 0.4126898 0.527172 0.6346274000000001 0.63311607
8 0.00075590616 0.6564858 0.4513345 0.7788691 0.6331619
1 0.00075586955 0.83750737 0.38586277 0.896159 0.42025340000000005
1 0.0007486386 0.38355008 0.54051316 0.56953603 0.64989936
13 0.0007452584700000001 0.5515219 0.5053088 0.8315191999999999 0.85495394
2 0.0007425649700000001 0.6755511 0.36331496 0.775246 0.6671204000000001
9 0.0007411147 0.67008257 0.45952743 0.8193235000000001 0.7012058000000001
5 0.0007345833 0.64146817 0.40025443 0.7691893 0.67096347
12 0.0007336294 0.24000719 0.5263436 0.31947923 0.5921049
13 0.00072537 0.49494398 0.50918925 0.6077613000000001 0.5563305000000001
9 0.0007099094 0.5068273 0.46977392 0.63376033 0.61761093
1 0.0007091025 0.44346622 0.51604176 0.61175686 0.6410983
5 0.00070245686 0.19412063 0.5444854 0.31356552 0.6130679
8 0.0006791392999999999 0.49814484 0.37634706 0.8061361 0.68908834
13 0.0006659067 0.6182129 0.45099625 0.8168831 0.62743235
11 0.0006622910000000001 0.24293585 0.50236994 0.2885909 0.6256163
4 0.0006594648 0.66814643 0.497546 0.7537674 0.6949346
1 0.00064940087 0.58839524 0.5086874 0.7303921999999999 0.6521176
7 0.00064848765 0.1966388 0.5291018 0.29794407 0.5976708000000001
3 0.0006477614 0.6366753 0.43681490000000006 0.7927788 0.60111606
13 0.0006464706 0.5875488 0.4330642 0.78022134 0.5993753
6 0.0006422443 0.41733637 0.55972797 0.63841784 0.6580293
12 0.0006324306 0.6551369 0.47251868 0.8819884 0.5817007
4 0.0006253708 0.51725835 0.48796353 0.67959815 0.6589371999999999
10 0.0006207858000000001 0.25936604 0.5180172000000001 0.33880585 0.588113
5 0.0006105726 0.59064585 0.49477682 0.76581323 0.68421763
12 0.0006074256 0.64943326 0.4446973 0.7922218000000001 0.62291676
1 0.0006008671 0.4262269 0.49138394 0.6044826999999999 0.6016234
8 0.000594557 0.8382765 0.40104863 0.91176057 0.44993588
2 0.0005877621599999999 0.50726444 0.40737838 0.6490273 0.6699283
8 0.0005784782 0.45188677 0.3809309 0.7445136 0.7964869000000001
4 0.0005576519 0.25660184 0.49755147 0.32278198 0.6203936
8 0.00054175855 0.8212311 0.56309634 0.87436146 0.6129239000000001
6 0.00053046655 0.43892676 0.5209556 0.6933406 0.64781415
7 0.00052678987 0.42916515 0.48556468 0.68279696 0.6641552
7 0.0005026932 0.8186931 0.35805014 0.92535675 0.43067312
13 0.00048639497000000005 0.6472391 0.5359649000000001 0.75710094 0.61549634
1 0.00048629877999999994 0.58803487 0.49769038 0.75802165 0.6124668000000001
10 0.0004752615 0.26566422 0.49116442 0.32274613 0.606139
13 0.0004620624 0.688902 0.5496015000000001 0.76628584 0.6501955
9 0.0004607682 0.6600691999999999 0.38620988 0.7502970999999999 0.7215319
12 0.00045896653 0.68983287 0.46374828 0.8612389000000001 0.65759104
5 0.0004470205 0.6879407 0.47146893 0.79347914 0.7444589
4 0.00044497685 0.26067492 0.5235774999999999 0.3372565 0.60110474
7 0.00042583769999999995 0.236512 0.5003104 0.31483933 0.62338144
4 0.00042240272000000005 0.46009216 0.4843948 0.6041310000000001 0.6433303000000001
1 0.00039356732 0.5925136 0.40414995 0.7345172 0.5555435999999999
5 0.00037569882 0.44622559999999994 0.5281298000000001 0.68508685 0.67732346
5 0.00037484826 0.6111827 0.53364116 0.7869913000000001 0.7085633000000001
7 0.00037154427 0.36819038 0.49082765 0.6104763000000001 0.66142374
6 0.0003601162 0.22080846 0.53829706 0.35313818 0.59685874
8 0.00034927952000000006 0.5835699000000001 0.44794643 0.80621105 0.8772911
9 0.00034896053999999995 0.5005041 0.51044405 0.64330155 0.67420495
12 0.00034039245999999997 0.40899432 0.5216398 0.6690554 0.61727226
10 0.00032768837999999997 0.6721609000000001 0.5470264 0.8121054 0.739187
11 0.00032492913 0.26772225 0.50025064 0.311689 0.610005
4 0.00032483306 0.23056970000000002 0.50543475 0.306858 0.6233449999999999
11 0.00032034348 0.5030633 0.49075195 0.65215796 0.69500196
12 0.0003187569 0.6379625 0.44782218 0.8882985000000001 0.556591
4 0.00031505650000000004 0.5423334 0.46339586 0.67203206 0.7210103
5 0.00031224109 0.34183604 0.51289004 0.6713806 0.589403
12 0.00030884074000000003 0.45351678 0.44881302 0.64058375 0.60856247
4 0.00030801468999999996 0.6734730999999999 0.42301047 0.75688654 0.6383883
1 0.0002975031 0.48507932 0.52063125 0.6234516999999999 0.6780441999999999
3 0.00029656652000000004 0.6609862 0.44273850000000003 0.8267928 0.6450967
11 0.00029581072 0.6925392 0.4627880999999999 0.7762484000000001 0.7133715
9 0.00029042637 0.7023026 0.44017774 0.79394495 0.72674555
10 0.00028531096 0.6807755999999999 0.5375304 0.77394897 0.62797934
2 0.00028420493 0.43716118 0.5333525 0.68120664 0.6711279
8 0.00028398327000000003 0.33930007 0.43265438 0.6652376 0.7919069999999999
12 0.00028080772999999995 0.8432209 0.36064708 0.9296926999999999 0.40512452
11 0.00027154592999999996 0.5498903 0.4071646 0.64426404 0.7072708000000001
12 0.00027104001 0.5060713 0.49843222 0.63086843 0.5615014
10 0.00027094912 0.24195206 0.49967185 0.30701774 0.6040665
8 0.00026953842999999996 0.26863232 0.40788615 0.6123871999999999 0.7118323000000001
8 0.00026558558 0.6607343000000001 0.52420205 0.7822168 0.66246986
9 0.00026525257 0.86002344 0.37967902 0.93133664 0.4290090999999999
4 0.00025775444 0.8537719000000001 0.38069233 0.9281643 0.42003366
6 0.00025607835 0.8325132 0.38622490000000004 0.94027764 0.42902429999999997
13 0.00025097677000000004 0.20178704 0.50789 0.29604086 0.57742286
5 0.00024956075 0.39022738 0.5371759 0.74494505 0.63297707
4 0.00024537125 0.7053798000000001 0.5261168 0.8179427 0.7008270999999999
6 0.0002313471 0.6231732 0.46237108 0.8004713000000001 0.61916226
6 0.0002294116 0.21723618 0.5213109 0.32453418 0.6151899000000001
5 0.00022832926 0.39025098 0.5278644 0.64357656 0.65581095
7 0.00022724939999999998 0.6258109000000001 0.49707290000000004 0.84611017 0.67385453
9 0.00022414193 0.47099334 0.54356 0.6900938 0.6854934
3 0.00022016965 0.84825337 0.37559906 0.9138218000000001 0.43375826
13 0.00021709887000000003 0.70818204 0.545187 0.781659 0.643754
8 0.00021459169999999997 0.66762686 0.55931574 0.73771864 0.62788796
11 0.00021074929 0.26635405 0.5278721 0.32623067 0.5958342
8 0.00020482155 0.10222242 0.32593882 0.70944923 0.8956666
12 0.00019623351999999999 0.69154984 0.540172 0.7824297 0.6134799
5 0.00019533959999999998 0.41236300000000004 0.5534374 0.64715815 0.69054955
13 0.00019374138 0.4984199 0.48308122 0.603485 0.5332161
11 0.00019057468000000002 0.6459278 0.5273693 0.78383446 0.6377816999999999
10 0.00018530364 0.55577713 0.44842997 0.7113695 0.6280538
3 0.00018184813999999998 0.8448068999999999 0.39568466 0.9111278 0.4627208
3 0.00017660159 0.49538904 0.5099834 0.6159220000000001 0.61603415
10 0.00017558293000000002 0.69139713 0.5611584 0.778674 0.65828204
10 0.00017452317 0.44382656 0.46705332 0.63349515 0.6289104
11 0.00017367824000000002 0.86192924 0.3750145 0.9020739999999999 0.42949727
3 0.00017177129 0.6817191 0.543067 0.77011114 0.65117913
8 0.00017135270000000002 0.38249877 0.38302526 0.7259621 0.69015014
1 0.0001707344 0.6545456999999999 0.5453066999999999 0.78129876 0.70287573
9 0.00016874193 0.66857684 0.48435432 0.86693966 0.6643349000000001
13 0.00016851522 0.48383695 0.53965473 0.6011382 0.5866746
4 0.00016597925999999998 0.66111135 0.4674183 0.8201210999999999 0.6022453000000001
13 0.00016322483 0.66362536 0.61148196 0.7658595 0.6642857
10 0.00016149919 0.49171567 0.45286816 0.6790501999999999 0.632706
4 0.00015530923000000002 0.5198625 0.44655102 0.64681727 0.68677473
7 0.000154991 0.6626986999999999 0.5784693000000001 0.7359389000000001 0.648014
13 0.00015422028 0.68916285 0.52693367 0.76281977 0.62479866
8 0.00015403407 0.6555621 0.5835931 0.7230151999999999 0.65102947
11 0.00015254327 0.49792758 0.41756213 0.58857036 0.72549546
7 0.00015224758 0.6636349 0.5542946 0.73516977 0.62483263
4 0.00014552148 0.6663744 0.41922033 0.7805978 0.5838628
5 0.0001444264 0.54676193 0.4971933 0.85430473 0.6275866
3 0.00014272782 0.6587546 0.527601 0.7743603 0.6146762
2 0.0001406953 0.6509754 0.5289710999999999 0.8296492 0.7356161
11 0.00014026687 0.51898533 0.42147258 0.6099588 0.68286437
5 0.00013659758 0.1881316 0.5461654 0.35630587 0.5939969
13 0.00013645986 0.20890583 0.5599241 0.30713254 0.5991477
2 0.0001345675 0.57349044 0.42579564 0.9363068000000001 0.8223998
10 0.0001338582 0.70273846 0.5212162 0.759943 0.64264494
6 0.00013378969999999998 0.64834917 0.58974934 0.80486333 0.755966
2 0.00013273561 0.65838116 0.5526943 0.763302 0.62535536
13 0.00013046912 0.70757174 0.57151604 0.75958383 0.68321544
9 0.00012783088 0.23659551 0.523814 0.3291774 0.56517535
6 0.00012740266 0.5274121 0.53783476 0.8477531999999999 0.8333278000000001
12 0.00012736507 0.22280972 0.5040886 0.32729852 0.5585184
7 0.00012706703 0.4878911 0.43394318 0.6516478 0.69572407
2 0.0001270107 0.47113940000000004 0.43642200000000003 0.6285328 0.65209246
5 0.00012643465 0.65206444 0.5314944 0.83252853 0.7218688
13 0.00012564291000000002 0.6886629 0.568207 0.74357706 0.6763832
10 0.00012556546 0.871566 0.36135700000000004 0.9343895000000001 0.4387474
7 0.00012495268 0.6814628 0.5540239 0.75628257 0.62625706
10 0.00012472716 0.5460636 0.3971366 0.6647337 0.6574886
5 0.00012146462999999999 0.8178379 0.38596379999999997 0.9130425999999999 0.43162706
8 0.00012130142599999999 0.49636167 0.14898056 0.8034139 0.7922551999999999
12 0.000120459146 0.4401768 0.42682365 0.6901813 0.5496868
11 0.000119697834 0.51298624 0.47577968 0.6213747 0.63219184
12 0.00011968233999999998 0.5132002 0.5328440999999999 0.6302664000000001 0.5894569000000001
3 0.00011665243999999998 0.5991485 0.42799765 0.8254360999999999 0.84210664
2 0.00011355643999999999 0.23320535 0.49875215 0.32296473 0.55691326
13 0.00011129647499999999 0.70737684 0.52530384 0.77859974 0.61697745
12 0.00010706276000000001 0.6995235 0.52519715 0.76380473 0.62485963
7 0.00010623682 0.57696605 0.5299560999999999 0.7991241 0.7149616999999999
11 0.00010613621999999999 0.6344927 0.46854573 0.73928785 0.60587025
8 0.00010572186000000002 0.42234856 0.31120694 0.8344041999999999 1.0
11 0.00010546726 0.6870445 0.56098706 0.80534065 0.7282484
9 0.00010506757 0.6272112 0.43359044 0.8801734 0.89040935
5 0.00010485119 0.5976736 0.43937334 0.78884447 0.5794475
6 0.00010442560600000001 0.43577155 0.5766323 0.6924443 0.68327767
2 0.00010271392 0.49304298 0.49981502 0.6303861 0.56679755
9 0.00010211832000000001 0.514757 0.5129612 0.61624515 0.5711824999999999
2 0.00010117495500000001 0.6323486 0.28921354 0.88912797 0.9550306000000001
9 9.9426914e-05 0.6355694000000001 0.46464407 0.76039594 0.7207958000000001
10 9.8277276e-05 0.70736456 0.54074043 0.78931695 0.62794673
11 9.699808000000001e-05 0.55570996 0.47034404 0.6849488 0.65081584
4 9.679511e-05 0.6902495 0.5337096 0.765315 0.6246605
4 9.639829e-05 0.50271875 0.49378917 0.6517398 0.7397052
6 9.495416499999999e-05 0.6637611999999999 0.56044996 0.7943365 0.6151998000000001
11 9.456804400000001e-05 0.69298095 0.24103127 0.82778186 0.93465304
9 9.299009e-05 0.6807066999999999 0.52340066 0.81899315 0.7573810000000001
4 9.160763000000001e-05 0.6908095000000001 0.5491996 0.7877174 0.72419673
5 8.920692e-05 0.6330800999999999 0.52381307 0.82526946 0.93189293
8 8.779095499999999e-05 0.6602899 0.53302884 0.72956204 0.6092255
13 8.7424894e-05 0.6962668000000001 0.5582359 0.7886287 0.6236873000000001
12 8.684031e-05 0.7017643 0.5644737 0.7911409 0.63712424
1 8.333930599999999e-05 0.21515048 0.5198528 0.29089147 0.56268233
12 8.3148756e-05 0.7039884 0.49382890000000007 0.9196918 0.617185
7 8.183105e-05 0.643241 0.45041707 0.8632103999999999 0.6121812
10 8.054611999999999e-05 0.6748899 0.52098644 0.7673532 0.5970970999999999
13 7.932357e-05 0.6784093000000001 0.50478864 0.77327764 0.57309055
10 7.917937e-05 0.72001576 0.5237177 0.77917045 0.64541656
1 7.6691686e-05 0.6344276 0.5546800999999999 0.74027556 0.6118165
4 7.614873e-05 0.5268563 0.49736848 0.60110396 0.5693359
13 7.47646e-05 0.5159125 0.49826574 0.6059963 0.5723916
1 7.4215306e-05 0.54280275 0.43221800000000005 0.80515605 0.77948165
