8 0.9194790999999999 0.0 0.35478848 0.24308689 0.6538142
3 0.9073565999999998 0.67084754 0.40628383 0.78065884 0.49575678
3 0.38380563 0.016441695 0.3538934 0.22781873 0.6639187
8 0.2399564 0.0 0.25126833 0.20400733 0.7348564999999999
8 0.11162511 0.01517237 0.16494274 0.24742997 0.6316079000000001
8 0.05068395 0.010238156 0.3199074 0.3188457 0.8172255
8 0.04574079 0.01624471 0.43327330000000003 0.17624773 0.6337151
8 0.028604953 0.6827821 0.40848202 0.77927333 0.48260978
8 0.0155140115 0.0 0.37610573 0.17771915 0.58341384
13 0.011657003 0.6793524999999999 0.3989149 0.752478 0.49582383
8 0.0101129925 0.0022852942000000003 0.33694997 0.057835887999999995 0.40160307
8 0.009747503000000001 0.003149204 0.35982794 0.058592446 0.42064830000000003
8 0.009303694 0.6559849 0.38130456 0.8071847 0.5072939999999999
13 0.009050415 0.67163956 0.41555464 0.7711234 0.48167488
8 0.008353839 0.0 0.32077143 0.070693575 0.46859288
3 0.0048526422999999996 0.005685374 0.34872225 0.07430631 0.417414
3 0.0047477824 0.0027766638000000002 0.37965316 0.124063835 0.6482486999999999
8 0.00461974 0.0 0.33386709999999997 0.11851549 0.4912299
8 0.0025675078 0.03961864 0.21095167 0.4498473 0.7203808
8 0.002069272 0.0 0.3832379 0.13360593 0.5321169
13 0.0020328308 0.010836243999999998 0.37217438 0.31794372 0.6572609
13 0.0019835770000000003 0.6556715999999999 0.41427929999999996 0.7845098 0.5270725
8 0.0019610059 0.035272196 0.10629512 0.38316542 0.63677406
8 0.0017524139999999999 0.00065657496 0.24003935 0.11437085 0.6766958000000001
9 0.0017129501 0.016009106999999998 0.34268153 0.27083224 0.5827197
9 0.0016015185 0.019245677 0.3019955 0.21387329999999996 0.63066435
13 0.0015994976999999999 0.0 0.48170868 0.24507365 0.6989426999999999
9 0.0012989568 0.021193817 0.41074452 0.3496058 0.66098267
3 0.0011713734 0.008322079 0.31286192 0.080287114 0.45082563
9 0.0011712597999999999 0.024211906000000002 0.48495245 0.27097476 0.7644305
13 0.0011537828 0.02969478 0.4253124 0.18418355 0.6179235
8 0.0011062094 0.0 0.4076035 0.10370505 0.67930055
3 0.0010549148 0.05311334 0.32169408 0.32720536 0.689144
5 0.0010386455 0.0 0.52078176 0.2116794 0.75184286
13 0.00099436 0.0 0.3552509 0.07320164 0.41218409999999994
5 0.00091162435 0.6696228 0.41551912 0.7434062 0.48932806
13 0.00085586007 0.0 0.44781458 0.21507573 0.5853325
1 0.0008145683 0.6617424 0.42208427 0.7283805 0.4858367
5 0.00079283345 0.64163476 0.4239379 0.7685289000000001 0.47002903
9 0.0007919587 0.040365048 0.45435056 0.23494756 0.6108697
4 0.000760606 0.032954276 0.41518623 0.23220879 0.81189907
2 0.0007455852000000001 0.009584129 0.42108896 0.31989409999999996 0.6947605
3 0.0006946582600000001 0.036158577000000004 0.35866750000000003 0.21905194 0.5445087
4 0.0006737347599999999 0.071167156 0.38115758 0.36105764 0.7387179
11 0.0006672176 0.68424946 0.38508192 0.7291449999999999 0.5054842
1 0.00066155166 0.0 0.3516989 0.15897726 0.5801696999999999
2 0.0006487323599999999 0.0006501525599999999 0.46220165 0.23593606 0.7384102
12 0.00063876784 0.69094896 0.40797886 0.78218174 0.47609940000000006
11 0.00063688494 0.029971982999999997 0.29921594 0.14536725 0.629576
12 0.0006228709 0.701576 0.3973277 0.76569355 0.49918503
9 0.0006134846 0.0270269 0.43280524 0.178574 0.7556795999999999
8 0.00059458375 0.59821707 0.27120838 0.92790264 0.9004472
8 0.0005678903 0.0005751252 0.47942429999999997 0.13139153 0.683426
11 0.0005666649700000001 0.68181145 0.41787833 0.7386079000000001 0.48713544
11 0.00056650647 0.021151245 0.22993635 0.17318092 0.9037324000000001
10 0.000562593 0.02088441 0.45264322 0.18387479 0.5997488000000001
8 0.0005577546 0.008642703 0.32819712 0.044509582 0.39326698
13 0.0005552199 0.0 0.32077116 0.070506625 0.39155567
12 0.0005528365 0.002631396 0.284044 0.21149206 0.55790764
11 0.00055114616 0.048707716 0.36406654 0.22636709 0.86720234
3 0.00054246845 0.57727176 0.2288415 0.91398877 0.92735356
5 0.00054202555 0.0 0.409771 0.21492139 0.5815561
4 0.0005334703599999999 0.059027052999999996 0.4349088 0.19352370000000002 0.6295624
2 0.0005160314 0.02251181 0.34135252 0.33936396 0.64031214
6 0.00051104766 0.6632226999999999 0.42671877 0.7831087 0.47665748
8 0.00050096377 0.5461385999999999 0.18853094 0.8655289 0.8538237
12 0.0005006425 0.0 0.27264777 0.29433393 0.53103817
8 0.0004994498000000001 0.012162514 0.39144670000000004 0.13372546 0.65563804
13 0.00049305026 0.5829719 0.0 0.9568749 0.90590364
3 0.0004920322000000001 0.016777702 0.35524577 0.17143294 0.52347803
13 0.0004865223 0.0 0.31158283 0.19176592 0.64053875
5 0.00048037522000000005 0.6853483 0.42268518 0.7523651 0.5012989999999999
4 0.0004731654799999999 0.062284976 0.31387666 0.28186890000000003 0.6323643
13 0.00046990977999999994 0.0 0.49090204 0.23968166 0.60798705
12 0.00045097269999999997 0.0 0.21659091 0.36101893 0.49328938
8 0.0004455542 0.5274880999999999 0.45216283 0.85488427 0.8960075999999999
8 0.00043910989999999995 0.40183282 0.40261185 0.75746477 0.8964029
13 0.00043094167000000004 0.0088338405 0.38562784 0.20126483 0.7298526
13 0.0004164694 0.010974072 0.16560191 0.21934137 0.8770747999999999
5 0.00041636676 0.0 0.49025357 0.27833968 0.713462
6 0.0004066469 0.03090065 0.47064716 0.23217571 0.6040597
9 0.00040645627 0.03318941 0.13550088 0.2377801 0.7165393
3 0.00039247837 0.015793815 0.43793416 0.17849545 0.6788861999999999
5 0.00038966449999999997 0.0 0.44498804 0.18936875 0.7042866999999999
8 0.0003885612 0.6289245 0.121248126 0.90644944 0.63091946
10 0.00037943726000000004 0.070418045 0.42849118 0.17931584 0.6220926999999999
6 0.00037901743999999997 0.0 0.5103957 0.29223627 0.7622812
13 0.00036855022000000003 0.035159104 0.47446388 0.19385836 0.6468982
12 0.00036814697999999996 0.058750294 0.44968185 0.24908099 0.5863115
2 0.00036634086 0.6777631 0.40684927 0.7708794 0.46807054
11 0.00035871405 0.04554082 0.40507838 0.14552957 0.6541629
5 0.00035530322999999996 0.0 0.41895312 0.27236750000000004 0.6556433
7 0.0003463698 0.675894 0.39988843 0.7621629 0.50288343
3 0.00033749145 0.5115697 0.45035222 0.89209324 0.94891286
1 0.00033253203999999997 0.67698103 0.42097049999999997 0.7452679 0.49493095
2 0.00033105983 0.020127937 0.36794109999999997 0.20119321 0.70555735
11 0.00032782347999999996 0.039262637 0.2514286 0.18039961 0.69628
11 0.00032103824 0.7036835 0.42084575 0.7526541999999999 0.48854068
13 0.00030534700000000003 0.5092055999999999 0.26571542 0.887058 0.99873704
2 0.00030033432999999996 0.06077327 0.25211173 0.29143143 0.6872772
5 0.00029557495 0.0 0.47829002 0.46223640000000005 0.6680885
7 0.00029441074 0.0 0.26613268 0.27328444 0.6726579
1 0.00028715617 0.0 0.46515563 0.12875046 0.6386685000000001
11 0.00028390685 0.70699 0.38417995 0.7460561 0.50481915
12 0.00028068054 0.101164505 0.45204735 0.21570127 0.6144191
10 0.00028006772999999996 0.68018013 0.42413354 0.76085156 0.46981769999999995
3 0.00027916767 0.38737309999999997 0.45743644 0.7780876 0.9415869
10 0.00027744507 0.023302436 0.28089204 0.16031508 0.5497731
1 0.00027643977000000003 0.007725239 0.41648406 0.26468465 0.6861911
10 0.0002758261 0.6895581999999999 0.41457559999999993 0.7431033 0.4817862
10 0.00026909562000000003 0.7091098000000001 0.40212600000000004 0.7595824999999999 0.47806603
5 0.00026619565 0.0 0.4929550999999999 0.23111543 0.59180564
4 0.00026585165 0.03538292 0.3287045 0.20153251 0.6229944000000001
4 0.00025116047 0.12695003 0.35308978 0.42898625 0.7223712
13 0.00025079658 0.0 0.41479442 0.17231481 0.5688295
12 0.00024978427 0.7186651 0.4162675 0.7873368000000001 0.47587034
2 0.00024947197999999996 0.034652844 0.26388305 0.2792074 0.55126536
12 0.00024597722 0.0 0.35667366 0.3731845 0.5989483
13 0.00024177057 0.0 0.41407740000000004 0.23598164 0.90399116
9 0.00023982007 0.054658934000000006 0.433967 0.18842799999999998 0.6406426
11 0.00023717791 0.06428084 0.34193736 0.29754415 0.7551283000000001
3 0.00023705527999999998 0.4464745 0.2561035 0.80687636 0.9285747
5 0.00023654267999999995 0.0 0.49404440000000005 0.18497294 0.9363425
7 0.00023542732999999998 0.0 0.34513474 0.33173270000000005 0.72747636
3 0.00023521369999999998 0.009776045 0.43293568 0.044186853 0.5026390000000001
7 0.0002330216 0.0 0.46293548 0.22354410000000002 0.820425
4 0.00023272482000000005 0.10647713 0.30434036 0.34479815 0.5816821999999999
1 0.00022973953 0.0 0.45691058 0.13210988 0.6994661
12 0.00022876161 0.027505636 0.32692140000000003 0.31191552 0.624425
9 0.000226425 0.022142552000000003 0.39939734 0.21132532 0.53096616
1 0.0002253832 0.0 0.51733816 0.2016396 0.73950994
5 0.00022483028999999998 0.0 0.46921745 0.15637027 0.6337246
5 0.00022408912999999996 0.0 0.46763209 0.36424735 0.7748381999999999
5 0.00022284127999999998 0.0 0.45076640000000007 0.38705736 0.62169385
9 0.00022161700000000002 0.012009896 0.37602466 0.14710999 0.71323687
12 0.00021682322999999997 0.05025933 0.43595964 0.17164198 0.6244151
3 0.00021434261000000002 0.6487833000000001 0.15826581 0.9643862 0.666135
12 0.0002138774 0.03986287 0.39498827 0.23680013 0.53912157
1 0.00021195419999999997 0.5905408000000001 0.40393275 0.7576948 0.49893337
9 0.00021135778 0.6952451 0.41495198 0.77266437 0.47974065
1 0.0002097954 0.0 0.3045848 0.25162446 0.5262919
1 0.00020298931 0.02869735 0.45927647 0.16751713 0.6358451999999999
4 0.00019954051999999999 0.10188512 0.37861067 0.20072103 0.65492046
5 0.00019928243000000002 0.0 0.41819686 0.3607099 0.5775064
7 0.00019853107 0.0 0.18520658 0.21859503 0.75369483
3 0.00019600017 0.09678966 0.19137049 0.42283052 0.67463607
7 0.00019587223999999997 0.6735357 0.38869974 0.7329574999999999 0.5152265
2 0.00019467334 0.013442889 0.26050472 0.2659734 1.0
3 0.00019460179 0.06605159 0.29738092 0.37575929999999996 0.8431194
13 0.00019276312 0.0 0.35507056 0.16773582 0.53457135
10 0.00018975943 0.054879323 0.46446705 0.20060493 0.6387622
10 0.00018614775000000002 0.039754495 0.44492882 0.27258265 0.7623206
9 0.00018550311999999998 0.08955002 0.44687024 0.22138298 0.6349533
10 0.00018415267 0.020137548 0.42692387 0.1737639 0.5612467
13 0.00018126678 0.7005154 0.0038904587 0.9744431 0.7992889
10 0.00017748972 0.106447786 0.39778772 0.20541757 0.6317577
2 0.0001729189 0.028223692999999998 0.45709994 0.19814458 0.5914683000000001
3 0.00017100236 0.019083198 0.32849208 0.14228210000000002 0.47975525
6 0.00016865423999999998 0.6974408000000001 0.4314604 0.79863614 0.48480162
2 0.00016627705 0.61295724 0.36549056 0.8442960999999999 0.5057206
4 0.00016588220000000002 0.12788534 0.31671175 0.3158203 0.76916885
6 0.0001630543 0.0 0.42037213 0.43217158 0.71974576
2 0.00015793416000000002 0.009267446 0.32542259999999995 0.08932921 0.39378825
13 0.00015681951 0.0 0.30966753 0.07516289999999999 0.44946182
7 0.00015630834999999998 0.55906963 0.35798937 0.78917205 0.5660469
2 0.0001561061 0.6323773 0.39329544 0.8643299000000001 0.53677887
11 0.0001560029 0.059821575999999994 0.0 0.18979006 1.0
4 0.00015456628000000002 0.09113036 0.42333373 0.21952985 0.6183613
9 0.0001532339 0.04647269 0.38063306 0.18343067 0.86832106
13 0.00015244396 0.0 0.24721135 0.325463 0.8693280000000001
2 0.00014799065 0.0 0.3560592 0.08720359 0.41960776
12 0.00014510370000000002 0.0 0.40687442 0.33490664 0.6508999
12 0.00014422598 0.06344923 0.36409983 0.26548764 0.5056148
12 0.00014353605 0.07607494 0.4829371 0.25885308 0.60634
13 0.00014112456 0.0014297515 0.41807959999999994 0.10361102 0.6844935999999999
12 0.00013807502 0.08251318 0.42252737 0.26920938 0.55860955
2 0.00013638416 0.027483157999999997 0.40277728 0.21408194 0.5254012
6 0.00013578426 0.016339398999999998 0.45364353 0.2069574 0.57512885
3 0.00013541194 0.08439392 0.37932384 0.16365239999999998 0.44147375
9 0.00013538523000000002 0.6765864 0.40550208 0.80212736 0.52382976
4 0.00013335703 0.045628815999999996 0.40799627 0.17612292 0.5679163
2 0.0001317391 0.056112117999999996 0.19636887 0.23133534 0.7679630000000001
8 0.00013009693 0.09349310400000001 0.29798338 0.4415264 0.8860619000000001
6 0.0001295435 0.0 0.30246216 0.23520023 0.5794904000000001
11 0.00012759786 0.07783957 0.41179222 0.17166547 0.64893085
9 0.00012754377 0.02812428 0.17172576 0.19684225 0.90345174
1 0.00012680292 0.0 0.39889267 0.14364508 0.517065
11 0.00012664888000000002 0.13506864 0.19778614 0.30523103 0.7990868
1 0.00012490505 0.6996100000000001 0.42736796 0.77525866 0.48480684
13 0.00012437355 0.42031090000000004 0.0 0.89241034 0.95696753
10 0.00012359383 0.7201485 0.41270167 0.7781258000000001 0.47389364
2 0.00012296981000000002 0.6875701999999999 0.39249524 0.7516227 0.47150746
8 0.00012249249 0.69767433 0.13592356 0.91642195 0.75276417
7 0.00012238481000000003 0.017115511 0.46841154 0.21262264 0.6152696
2 0.00012231575 0.046449557 0.22328688 0.35394043 0.52358085
13 0.000122013305 0.3768709 0.3132199 0.7463808000000001 1.0
13 0.00012152923999999998 0.05128932 0.02398125 0.40212336 0.7658434000000001
6 0.00011899431 0.03181681 0.5080498999999999 0.24101755 0.62610507
2 0.000118812895 0.7015656 0.40917507 0.78398395 0.48440775
1 0.00011561763 0.0 0.5052659 0.14799008 0.6667386
4 0.00011545257999999999 0.6886696999999999 0.4175718 0.78330433 0.48085429999999996
11 0.00011309897 0.6689621 0.3561272 0.7648673 0.5362332
7 0.00011214991000000002 0.69725174 0.41014108 0.770598 0.49302640000000003
1 0.00011201908000000002 0.0 0.32583788 0.16086107 0.7247805
9 0.000110816094 0.0152723715 0.44541672 0.14135113 0.6517463000000001
12 0.000109007255 0.011766288 0.33020914 0.08138329 0.38437608
13 0.00010793161 0.0 0.45158336 0.119545415 0.6463151
8 0.00010749228000000001 0.010421946999999999 0.43211576 0.22979029 0.9255795
11 0.00010630218999999999 0.12806168 0.31480749999999996 0.36724840000000003 0.737021
10 0.00010563200000000001 0.026232627999999997 0.3318449 0.078299016 0.3892663
4 0.00010557268999999998 0.0313556 0.41408318 0.14781627 0.6774927
11 0.00010445937 0.08060107 0.47671425 0.18145204 0.6292744
8 0.000103081235 0.41507992 0.15153639 0.7473879 0.8490088
4 0.00010128402 0.71779937 0.41436565 0.78471595 0.46634805
3 9.974695e-05 0.080090016 0.33165354 0.5237854999999999 0.74019915
9 9.829125e-05 0.070147134 0.47462309999999996 0.20944527 0.668729
12 9.6736105e-05 0.0 0.0 0.28341353 0.43658040000000004
8 9.5964024e-05 0.0 0.36311436 0.06777328 0.518659
10 9.487443999999999e-05 0.063820586 0.3895289 0.3279311 0.73946637
1 9.352775e-05 0.06776985 0.45630303 0.20346421 0.64181817
10 9.265567499999999e-05 0.030811876000000002 0.17680366 0.21030644 0.6082074000000001
1 9.090261000000001e-05 0.0 0.13241503 0.18408940000000001 0.6712199000000001
9 9.029101000000001e-05 0.6592591999999999 0.05650151 0.9890462 0.98106164
5 8.904941e-05 0.5959781999999999 0.43016000000000004 0.78260785 0.52515745
3 8.764600000000001e-05 0.6944163000000001 0.21512182 0.96129143 0.9856383
12 8.762313000000001e-05 0.0 0.3449487 0.26614177 0.57783765
10 8.673304500000001e-05 0.023227684 0.35836387 0.08143778 0.42523435
6 8.464466e-05 0.6785836999999999 0.41557232 0.77948064 0.49588194
1 8.3638886e-05 0.6149467 0.4253488 0.7712469 0.5382058000000001
9 8.278778e-05 0.06695409 0.44597429999999993 0.27014726 0.57992274
9 8.25711e-05 0.048556104 0.30960584 0.33825659999999996 0.85109985
3 8.220536e-05 0.685962 0.4367236 0.7841441 0.50233585
10 8.217056e-05 0.028667292999999996 0.37232965 0.17816705 0.49125165
2 8.212773999999999e-05 0.063009515 0.36072853 0.24112667 0.51145697
1 8.145878e-05 0.0 0.43126264 0.15616536 0.5747519
10 8.0815786e-05 0.045903444 0.32792312 0.22347766 0.75095665
5 7.851028e-05 0.0 0.60140234 0.18760277 1.0
2 7.797241e-05 0.030243956000000002 0.3012343 0.17810774 0.6151356
10 7.722606e-05 0.041963074 0.23149565 0.12771806 0.57602525
8 7.655509e-05 0.006182841999999999 0.4092588 0.11692746 0.57332534
10 7.59128e-05 0.14992557 0.17949834 0.32348692 0.69543904
10 7.5019874e-05 0.036653213 0.29879528 0.17883179 0.64322543
5 7.461151e-05 0.0 0.35292205 0.3659789 0.7059673000000001
1 7.412128000000001e-05 0.0 0.10300733 0.24515754 0.5214081
11 7.399233e-05 0.07631869599999999 0.28053793 0.24296598 0.6044102
11 7.1271636e-05 0.06854776 0.0 0.23979628 1.0
13 7.125925000000001e-05 0.0 0.37471464 0.12164335 0.49949053
9 7.0495924e-05 0.6950854999999999 0.4053622 0.74781454 0.5008287
4 6.92249e-05 0.07686361 0.4120525 0.18208644 0.6956542
9 6.89986e-05 0.7213028 0.42059344 0.78885466 0.47604862
3 6.858932e-05 0.060078606 0.39041984 0.23049815 0.6207722
3 6.832175e-05 0.22397253 0.27168632 0.60589445 0.9823492
11 6.819948000000001e-05 0.026076436 0.139842 0.12280078 0.6890525
12 6.769233e-05 0.6186651 0.36038828 0.84039044 0.48190132
6 6.6078e-05 0.0 0.36373743 0.42210066 0.64051616
12 6.593659e-05 0.0032775328000000004 0.38694313 0.20733052 0.69051903
9 6.560689999999999e-05 0.037673756 0.47316265 0.16353337 0.6727344
9 6.3969776e-05 0.6765437 0.4002153 0.7312093000000001 0.49977568
10 6.323012e-05 0.05891054 0.4133099 0.202182 0.5731935
5 6.314948000000001e-05 0.024164147999999996 0.48026764 0.22908536 0.65005726
9 6.158988e-05 0.0057862177 0.114732005 0.15726793 0.74684554
10 6.127726399999999e-05 0.007098317 0.37769023 0.25528297 0.6858446
13 6.0935493999999996e-05 0.0032802895 0.3243172 0.049661167 0.38663924
2 5.894437e-05 0.05681549 0.06971022 0.41746163 0.7731369
11 5.8659630000000005e-05 0.05845166 0.45386679999999996 0.16259581 0.59830284
10 5.8522757000000004e-05 0.052313738 0.20588125 0.28220755 0.5676018
5 5.773796999999999e-05 0.5876066 0.3397308 0.8842992000000001 1.0
2 5.7509613e-05 0.06425173599999999 0.4201013 0.22889866 0.57196176
5 5.7203048e-05 0.68732196 0.42886892 0.78092605 0.4766684
11 5.6952977e-05 0.72962034 0.42453432 0.76986575 0.47429323
5 5.683094e-05 0.5837519 0.6459736999999999 0.8556218000000001 1.0
8 5.6340483e-05 0.2844752 0.15539107 0.60470784 0.8544444999999999
6 5.5438373e-05 0.017879657 0.40055972 0.23238769 0.5345495
5 5.4522417e-05 0.6433246 0.24559844 0.9520681999999999 0.83307415
8 5.4319327e-05 0.68266517 0.43358752 0.75583893 0.49677956
2 5.3777887e-05 0.02610185 0.482267 0.20972669 0.63049453
3 5.360138000000001e-05 0.04934819 0.39654657 0.31098944 0.82375276
4 5.3002346e-05 0.08631688 0.37466368 0.21326816 0.5379474
7 5.2784606000000006e-05 0.0014113336999999999 0.3565558 0.07638211 0.42631220000000003
13 5.247602e-05 0.0 0.32426217 0.15033731 0.84425455
2 5.22719e-05 0.0 0.3025491 0.099419445 0.44998119999999997
9 5.1450494e-05 0.020393941999999998 0.37100357 0.086164296 0.42599052
5 5.0506194e-05 0.0 0.45166138 0.20011220000000002 0.5459016999999999
3 5.0205246e-05 0.011436854 0.33390465 0.08945055 0.49704874
7 4.941058e-05 0.033425495 0.42208523 0.17248689 0.6536223000000001
1 4.927572e-05 0.040029995 0.5018568 0.20459893 0.62569743
7 4.9105270000000004e-05 0.0011592507000000001 0.42992607 0.13979979 0.64860284
5 4.8818270000000004e-05 0.0 0.4070068 0.25209004 0.87019336
12 4.794897e-05 0.043033905 0.33102196 0.22711697 0.48112330000000003
3 4.785914000000001e-05 0.03793627 0.27292585 0.19824494 0.8105074000000001
9 4.768036e-05 0.025039557 0.34852704 0.08854985 0.39865234
7 4.760362199999999e-05 0.54855204 0.0 1.0 0.8498433000000001
10 4.7365553e-05 0.105319545 0.12561265 0.22862752 0.8449976999999999
4 4.6807847000000005e-05 0.022322455 0.35661814 0.07488739 0.43057048
6 4.6737713999999996e-05 0.5715148 0.4121438 0.8314684000000001 0.5270769000000001
9 4.67122e-05 0.073510386 0.55647665 0.24323225 0.99866956
11 4.6466404000000004e-05 0.05236858 0.41990036 0.16058528 0.5635584
7 4.6401517000000006e-05 0.0 0.0 0.2592845 0.7810335999999999
8 4.4805906999999996e-05 0.29188222 0.39909047 0.6328008 0.8907358
6 4.4755820000000004e-05 0.0 0.313442 0.384413 0.56404084
