13 0.0024746938 0.41753784 0.46469602 0.48573879999999997 0.5493241999999999
8 0.0019588242 0.42100879999999996 0.4778058 0.47721007 0.53154886
3 0.0012332395 0.7030288 0.51822954 0.7462802 0.56481403
8 0.0010981765 0.69573396 0.51580215 0.7433284000000001 0.562542
13 0.0006123559 0.40484709999999996 0.45403028 0.47530395 0.5116583
13 0.0006034155400000001 0.40777990000000003 0.48170050000000003 0.48804086 0.528818
3 0.00057231204 0.42660844 0.45742 0.49393082 0.56603605
8 0.00014983726000000001 0.41228563 0.45783484 0.47847936 0.5093147
13 7.7696524e-05 0.69134134 0.516538 0.7361041 0.56336606
8 6.143475e-05 0.35048667 0.44710955 0.52464527 0.56713915
2 5.4532302e-05 0.41718602 0.46100134 0.5076439 0.55314744
8 3.6732516e-05 0.693588 0.53477097 0.74229556 0.57221526
2 3.631284e-05 0.6997343 0.5119544 0.75996155 0.54930973
13 3.5964866e-05 0.39661620000000003 0.48537183 0.4733495 0.52259666
8 3.4556575e-05 0.13945922 0.12170906 0.46220338 0.70411116
8 3.2219683e-05 0.95666105 0.53202766 0.9944561 0.58745694
12 2.8117442999999997e-05 0.43027106 0.45243603 0.51735145 0.49190217
8 2.6377087e-05 0.6957131999999999 0.22970505 0.9466810999999999 0.9683722
3 2.6359392e-05 0.7002431 0.5432291 0.74893385 0.5823158
2 2.452869e-05 0.40086862 0.47922349999999997 0.50692725 0.53164524
1 2.4256255e-05 0.6882226 0.52493626 0.74512416 0.5517769
8 2.3339351e-05 0.16814968 0.20890789999999998 0.6269121999999999 0.8861812
8 2.0875974e-05 0.06837896 0.1816968 0.40144372 0.89952356
7 1.995796e-05 0.68731946 0.52008414 0.74859726 0.5608055000000001
8 1.8897053e-05 0.15689185 0.4301359 0.5171127999999999 0.9396040999999999
8 1.8478722e-05 0.25083148 0.43004659999999995 0.5982908 0.92796814
12 1.8475970000000002e-05 0.42707074 0.46739325 0.5221259 0.5275298
8 1.8307523e-05 0.6133874 0.30546117 0.9283515 0.8895394
8 1.8069826e-05 0.658967 0.49346402 0.9135286 0.9865843000000001
6 1.7510627e-05 0.69035435 0.5245163 0.75359696 0.5563792
8 1.6322208e-05 0.42330757 0.50313 0.47705626 0.54795605
10 1.6212666999999998e-05 0.45206308 0.44283605 0.50815135 0.5472136
3 1.4889448e-05 0.5390166000000001 0.22822002 0.92068815 0.96390027
8 1.4669206e-05 0.34403658 0.28772512 0.7091171 0.9422466
12 1.4268563e-05 0.7014518 0.5143386 0.761617 0.54740965
9 1.3683458e-05 0.7099149 0.52566344 0.76067686 0.55782235
10 1.2336642999999999e-05 0.43831885 0.45054847 0.5041157999999999 0.5022277
7 1.2149862e-05 0.4214536 0.45736477 0.49748555 0.569715
3 1.2132712e-05 0.6778367 0.21425289 0.970002 1.0
10 1.2080153e-05 0.42915790000000004 0.4676523 0.5032473 0.5342380999999999
8 1.1884213999999999e-05 0.06064323 0.5717962 0.49952525 0.97786826
8 1.0906514999999999e-05 0.55246973 0.23914538 0.87141824 0.94052523
13 1.0682256e-05 0.6357606 0.0 0.9408120000000001 1.0
2 1.008674e-05 0.40789232 0.45274192 0.5087022 0.5051338
11 9.958621e-06 0.7123791 0.5195856 0.742104 0.5617154999999999
3 9.88831e-06 0.40843686 0.47289973 0.49640846 0.5454679
3 9.821001e-06 0.13873254 0.21713156 0.5008468 0.7714548000000001
13 9.666687e-06 0.33275607 0.43838918 0.5074653 0.58382833
10 9.445246e-06 0.4501771 0.46409312 0.51939046 0.5351173
13 9.364779e-06 0.049697272 0.0 0.43650779999999995 0.8078337
12 9.280047e-06 0.43309513 0.48192766 0.5390323 0.5189505999999999
3 9.048698e-06 0.35910964 0.33722976 0.7659266 0.9759423
3 8.887392e-06 0.39235598 0.45288566 0.5397331999999999 0.590234
3 8.632918e-06 0.41138604 0.45888397 0.48934975 0.52730143
8 8.6141545e-06 0.04974818599999999 0.7055406 0.59624135 0.9820464
13 8.547163e-06 0.5501855999999999 0.29073986 0.9070552 1.0
1 8.495367999999999e-06 0.41959572 0.49069333 0.49080870000000004 0.54186255
3 8.45754e-06 0.19891031 0.26263179999999997 0.68061197 0.8998860999999999
3 8.326449e-06 0.093603455 0.6184899 0.58932483 1.0
9 8.321442e-06 0.42726590000000003 0.48897365 0.49349642 0.53232235
8 8.182657000000001e-06 0.13655831 0.29365453 0.7876089 0.8301628000000001
8 8.136501e-06 0.1368667 0.032312877000000004 0.66069835 0.29421840000000005
9 8.049960999999999e-06 0.43538517 0.48720583 0.49466452 0.5522769000000001
8 8.0207155e-06 0.043045245 0.33431745 0.35567757 0.9671671000000001
13 7.960606e-06 0.0 0.0 0.30006212 0.98590374
13 7.959007e-06 0.49344987 0.023098197 0.8889111999999999 1.0
11 7.674675999999999e-06 0.45590413 0.46814957 0.49345523 0.5579161
3 7.669816e-06 0.060186002 0.27973795 0.34821573 1.0
7 7.662636e-06 0.41044584 0.47886190000000006 0.4852728 0.5428354000000001
6 7.5457983e-06 0.43391612 0.4981827999999999 0.5189869 0.55568373
9 7.104288e-06 0.43850395 0.49235195 0.5126309 0.5346417
3 7.1041995e-06 0.10238318 0.36331713 0.5029867 1.0
1 7.044608e-06 0.40444937 0.46864006 0.48171952 0.4955059
13 6.582237e-06 0.0766309 0.019366354 0.5911466999999999 1.0
8 6.527350700000001e-06 0.074141026 0.032268997 0.47612122 0.31030545
13 6.4251767000000005e-06 0.027207848 0.14780441 0.3804717 1.0
8 6.294490000000001e-06 0.5281268 0.7174828000000001 0.86874056 0.9989074
3 6.171265e-06 0.960925 0.5301561 1.0 0.6015102
6 6.138603000000001e-06 0.42602113 0.49641943 0.50886893 0.53239226
6 6.063931299999999e-06 0.43011326 0.47446275 0.5091905 0.50495905
5 6.0122497e-06 0.4044143 0.4860094 0.4806669 0.56327695
9 5.686906700000001e-06 0.42566982 0.47238597 0.48920736 0.5117661
13 5.570332e-06 0.0 0.5225433 0.45024627 1.0
10 5.339325e-06 0.4607378 0.44689164 0.5177778000000001 0.50415677
3 5.3064396e-06 0.094642125 0.73760235 0.7158406 1.0
5 5.281982299999999e-06 0.68077815 0.52882826 0.7444263000000001 0.55842495
8 5.178251299999999e-06 0.054131165 0.7109726 0.36925235 0.9828674999999999
4 4.968469e-06 0.43808416 0.4752418 0.50923586 0.54160166
13 4.867439e-06 0.6911251 0.54117656 0.737969 0.5823383000000001
8 4.8162810000000005e-06 0.08882704 0.052598827 0.40353075 0.6455699
13 4.56563e-06 0.0 0.0 0.77054256 0.33410743
8 4.4007957e-06 0.9589175 0.49568686 0.99252915 0.5929998000000001
11 4.3524274e-06 0.44054195 0.4895349 0.48236486 0.539669
8 4.3161090000000005e-06 0.036199663 0.15383360000000001 0.22238885 0.96822107
1 4.200376e-06 0.40703657 0.4946844 0.4818397 0.52815336
13 4.147109e-06 0.3069133 0.12642726 0.6785793000000001 1.0
13 4.131627e-06 0.17480381 0.33834437 0.5592015 1.0
8 4.123783e-06 0.5187767 0.44945863 0.8361008 0.9757739
8 4.0222494e-06 0.6008087 0.09941409 0.8916375 0.7621633000000001
13 4.0103287e-06 0.46126932 0.38055727 0.8511921 1.0
3 3.954386e-06 0.1528839 0.07168654 0.89560825 0.30969483
3 3.948559e-06 0.2752079 0.44067740000000005 0.6589503999999999 0.97101575
8 3.5936755e-06 0.02285013 0.26110664 0.17440550000000002 0.99196464
4 3.4895957000000005e-06 0.45380098 0.48382250000000004 0.5234565 0.5320788000000001
13 3.335899e-06 0.0 0.0 0.49837866 0.3191982
13 3.1514359999999997e-06 0.53357816 0.6879649 0.9175472 1.0
3 3.1310024e-06 0.4233691 0.5024310000000001 0.49726403 0.56241727
13 2.9806990000000003e-06 0.4111375 0.5124002000000001 0.4777363 0.5522798000000001
8 2.9445532000000002e-06 0.20167658 0.14275238 0.53228396 0.76255727
10 2.9219074999999996e-06 0.7133714 0.5093042999999999 0.76056534 0.56118315
3 2.896219e-06 0.19293848 0.47526187 0.57012904 1.0
8 2.7918835999999997e-06 0.5493653000000001 0.097724155 0.8311728999999999 0.54677814
7 2.7046071000000002e-06 0.41764092 0.45190844 0.4928027 0.5186295999999999
3 2.6334178e-06 0.06739747 0.08202837 0.6193890999999999 0.32105744
5 2.5929472999999994e-06 0.37692484 0.49307920000000005 0.47891279999999997 0.5355404
8 2.575457e-06 0.22702318 0.40915418 0.5914783 0.6597164000000001
3 2.5659929e-06 0.44716692 0.4105361 0.86210644 0.97147685
3 2.5454506e-06 0.5669518 0.74424493 0.9819075 1.0
11 2.496441e-06 0.44197577 0.46646583 0.48034346 0.5128385
9 2.4676278e-06 0.44431525 0.4742742999999999 0.5089775 0.5119502
8 2.3750912999999997e-06 0.03803475 0.5716956999999999 0.24354373 0.9627851999999999
4 2.2960267e-06 0.7110219 0.5199085 0.7518488 0.55387753
8 2.2377785e-06 0.46172879999999994 0.19817993 0.8051224 0.9345019
8 2.22308e-06 0.41089076 0.50765145 0.46581092 0.5516217
1 2.1063686000000003e-06 0.42256477 0.47065544 0.49636334 0.49891940000000007
13 2.0965865e-06 0.3988558 0.26335695 0.7796932 1.0
1 2.0735890000000003e-06 0.42505488 0.4972929 0.49900228 0.5307717
8 2.0428329e-06 0.28783816 0.04338871 0.73504966 0.30223843
13 1.9441577000000002e-06 0.0 0.15381013 0.6991399 0.85230654
11 1.8253274e-06 0.46471876 0.48894966 0.5064592000000001 0.53942776
10 1.7318588e-06 0.42427412 0.47739235 0.48456407 0.52845854
13 1.5556133e-06 0.19687471 0.0 0.8975948 0.32314384
3 1.5152087e-06 0.088144585 0.7352308000000001 0.4376175 1.0
13 1.5107273000000001e-06 0.0 0.17151497 0.33729318 0.8494526
8 1.4551955e-06 0.9581869000000001 0.4643655 0.98931944 0.56676966
4 1.4101583e-06 0.43037048 0.45886633 0.5061876000000001 0.49466723
8 1.3705875e-06 0.70901006 0.14669345 0.92225283 0.7701161
13 1.3583358e-06 0.0 0.26299468 0.23181565 0.9523394000000001
3 1.3299763000000002e-06 0.046186794 0.4453293 0.27855992 1.0
8 1.2429473e-06 0.14882495 0.05458702 0.51302713 0.4482657
13 1.2128831000000002e-06 0.943744 0.53123635 0.98489255 0.587276
8 1.1509437e-06 0.39489028 0.080260366 0.76382124 0.45462418
8 1.1142483e-06 0.34169924 0.0867081 0.6522493 0.6627105
10 1.0952355e-06 0.42780495 0.45746028 0.48241737 0.49739507
4 1.0721866000000002e-06 0.4535175 0.45938748 0.518726 0.49869412
5 1.0593616000000002e-06 0.39299637 0.4732198 0.47418144 0.5098050000000001
13 1.0551656000000002e-06 0.0 0.64686495 0.34183422 0.9964144
7 1.0108944e-06 0.43333185 0.45368013 0.5150907 0.5182843
3 1.0051776e-06 0.074996665 0.2343971 0.40316516 0.81570184
8 9.988306e-07 0.42492375 0.069770075 0.7518646999999999 0.76041955
8 9.943378e-07 0.06966595 0.037275072 0.36665046 0.45531845
8 9.90656e-07 0.054775737000000005 0.048213832000000005 0.27115 0.7133989000000001
1 9.711932e-07 0.38944468 0.46704352 0.464343 0.49100390000000005
2 9.688993000000002e-07 0.6918528 0.53883386 0.7630916999999999 0.5762995
11 9.368578999999999e-07 0.42544609999999994 0.484796 0.46455505 0.5345006999999999
3 9.224725699999999e-07 0.61357564 0.17111842 0.976476 0.8119326
5 9.125800500000001e-07 0.54197925 0.4218129 0.87538743 1.0
1 9.07564e-07 0.5753037 0.10934998 0.9498036 0.78226656
13 9.0237955e-07 0.6488585 0.5615986 0.9383474 1.0
13 8.969669e-07 0.0 0.0 0.3656028 0.6248081
8 8.716694400000001e-07 0.056026563 0.8374949 0.41605349999999997 0.98092633
13 8.695591e-07 0.68721277 0.3058853 0.9374123 0.99953026
8 8.432640000000001e-07 0.9543395 0.50752664 0.98896575 0.57334083
11 8.024590999999999e-07 0.42885509999999993 0.46153358 0.46572939999999996 0.5067948
8 7.909496000000001e-07 0.5384669 0.05189092 0.83377856 0.32138249999999996
13 7.8973386e-07 0.0 0.49346 0.24881195 0.98394454
1 7.830183000000001e-07 0.5609765999999999 0.43584996 0.9363475 0.8572565000000001
5 7.777003399999999e-07 0.6809399 0.41804769999999997 0.9593790999999999 1.0
2 7.735028e-07 0.71628726 0.05511561 1.0 0.9121450000000001
1 7.644638e-07 0.68375725 0.54825175 0.74641716 0.57673097
9 7.558894599999999e-07 0.7238964 0.10930873 1.0 1.0
13 7.547534399999999e-07 0.49773359999999994 0.0 0.91893375 0.5505901
8 7.546495e-07 0.8916871 0.40727140000000006 0.9691309000000001 0.5693903
8 7.5216377e-07 0.51189506 0.07495038 0.8211969000000001 0.7200674
9 7.514496e-07 0.6924931 0.44548696 1.0 1.0
2 7.5046836e-07 0.7037496 0.42502722 1.0 0.9438338
5 7.382374e-07 0.027425114 0.36128744 0.38551638 0.9662907
3 7.312495e-07 0.21231097 0.17821348 0.5948479 0.6651575
8 7.268177e-07 0.9515950999999999 0.44849864 0.98727405 0.5129311
6 6.977992399999999e-07 0.41452926 0.47454435 0.49035433 0.500391
2 6.929259e-07 0.3694672 0.4205513 0.5880276 0.5688651
8 6.912676e-07 0.95635885 0.43331808 0.9897703999999999 0.5371693000000001
5 6.833672e-07 0.072592475 0.2897593 0.45807597 0.79826784
3 6.6195014e-07 0.68737257 0.6221646 0.98576653 1.0
6 6.448894e-07 0.6350235 0.21422021 1.0 0.8651716
13 6.252334399999999e-07 0.05085311 0.0 0.5880293000000001 0.47961172
8 6.229888e-07 0.027898327999999997 0.61400354 0.19387858 0.9215004000000001
2 6.211834599999999e-07 0.5886786999999999 0.107526295 0.9620658999999999 0.9043583000000001
1 6.120616999999999e-07 0.4005165 0.09857809 0.8690741 0.74051404
5 5.993039e-07 0.006507412 0.39157864 0.29531226 1.0
1 5.9414737e-07 0.38693875 0.4925429 0.4656402 0.52163357
8 5.892764000000001e-07 0.9554062 0.40770563 0.98969734 0.50428694
5 5.863848e-07 0.15769738 0.10127382 0.78122395 0.31765859999999996
5 5.7341754e-07 0.05464038 0.11002378 0.48598218 0.32105395
8 5.6359596e-07 0.029561947999999998 0.8339306000000001 0.1826136 0.98871475
11 5.603903e-07 0.46515426 0.46685946 0.5035156 0.5113373999999999
13 5.400849e-07 0.47604924 0.0 0.92402166 0.31695744
8 5.397471e-07 0.94840556 0.96194816 0.9841152 0.9948816999999999
3 5.3912174e-07 0.28603490000000004 0.19055417 0.71722156 0.7828164000000001
6 5.38109e-07 0.5454416 0.35485786 1.0 0.75162274
5 5.3626235e-07 0.15473992 0.39463437 0.6711712 0.98076665
9 5.248492699999999e-07 0.6427742 0.26004679999999997 1.0 0.94348806
5 5.198654e-07 0.60187924 0.55687284 0.9275486 1.0
6 5.153477999999999e-07 0.40734896 0.49929053 0.4927687 0.52794737
3 5.149339000000001e-07 0.7201217 0.42566934 0.9875415000000001 1.0
5 5.077781999999999e-07 0.119077876 0.51994294 0.47213396 1.0
7 5.071154299999999e-07 0.59366286 0.044010772999999996 1.0 0.96786356
3 5.0637357e-07 0.5772248999999999 0.12450338 0.9505440000000001 0.6071591
9 4.99476e-07 0.14798357 0.11811951 0.522965 0.9507341
13 4.911714e-07 0.21418177 0.0 0.6496025 0.7872482
1 4.8970315e-07 0.0 0.11656721 0.45376244 0.5591786999999999
1 4.895585999999999e-07 0.31691137 0.4789741 0.53314865 0.55112827
9 4.8348574e-07 0.58612216 0.13356593 0.9805815000000001 1.0
8 4.794813e-07 0.44644618 0.48550397 0.49672976 0.5297399
5 4.741655e-07 0.0 0.6868522 0.4529712 1.0
6 4.6458473e-07 0.6840045 0.5518642 0.7671659000000001 0.58026046
2 4.4251103999999997e-07 0.66967463 0.19646375 1.0 0.7826181
3 4.4196800000000003e-07 0.18223318 0.11738012 0.7058007 0.45531029
8 4.3996457e-07 0.9636616 0.93925273 0.9889155999999999 0.99596375
1 4.3781944e-07 0.0 0.0 0.7898736 0.21976294
1 4.3743782e-07 0.4673165 0.27796509999999996 0.94230205 0.6877428000000001
12 4.2131157000000004e-07 0.19088386 0.0 0.84129316 0.576155
6 4.1980379999999995e-07 0.48016706 0.2601148 0.97595865 0.8770415000000001
2 4.194979e-07 0.95624465 0.5304607 1.0 0.582175
9 4.1388946999999994e-07 0.23020896 0.21162532 0.7390502 1.0
1 4.1273702e-07 0.0 0.18969874 0.30907664 0.8176920999999999
3 4.070959699999999e-07 0.43336759999999996 0.10274613 0.95085156 0.49767408
8 4.0568173e-07 0.66237366 0.088492334 0.87044287 0.4616263
3 4.0333795999999997e-07 0.9627194 0.48458543 1.0 0.6118326
10 3.9700274e-07 0.7020294 0.0 0.9868800999999999 1.0
2 3.897777e-07 0.27459663 0.04657748 0.75769204 0.80655634
5 3.8856206e-07 0.23997006 0.6123986 0.5951590999999999 1.0
3 3.8633388000000004e-07 0.2674433 0.42516303 0.69269204 0.69368935
3 3.8570542e-07 0.44438455 0.19708578 0.856941 0.74658996
12 3.8564005000000003e-07 0.7033931999999999 0.0 1.0 0.6374986999999999
10 3.847947e-07 0.81397796 0.0 1.0 1.0
1 3.8080096999999994e-07 0.9362684000000001 0.5402695 0.9898521999999998 0.57503134
5 3.803709e-07 0.156358 0.34233979999999997 0.50832236 0.91710097
10 3.7775416e-07 0.30029324 0.1291135 0.6004129 0.9776473
9 3.7610886e-07 0.40953746 0.49070236 0.47061762 0.53283614
10 3.7551679999999995e-07 0.40389454 0.0 0.7664302 0.95881605
1 3.7427867e-07 0.0 0.17498483 0.60402846 0.7072695999999999
7 3.7390909999999996e-07 0.5823564 0.39119790000000004 1.0 0.98402447
13 3.7021556e-07 0.3924414 0.5147757000000001 0.46114117 0.55412805
12 3.6891509999999996e-07 0.09209467 0.51006657 0.7538701999999999 0.87079644
8 3.5670790999999996e-07 0.7393904 0.52458465 0.9187509 0.8121109000000001
8 3.5588366e-07 0.020190205 0.81555337 0.13069917 0.99663454
12 3.5382368e-07 0.14008138 0.0 0.63997805 0.44757336
13 3.4733773e-07 0.16629204 0.34480685 0.60705405 0.66098887
6 3.4602771999999997e-07 0.07758473 0.4094185 0.6118223 0.8594925999999999
6 3.4429732e-07 0.6108456999999999 0.50280195 1.0 0.91232413
2 3.4389325e-07 0.09619149 0.5497083 0.5825713 0.9161764000000001
6 3.4276266e-07 0.0 0.633654 0.6187348000000001 0.9230142
1 3.4078127e-07 0.0 0.620689 0.45417222 0.91354644
6 3.374152e-07 0.11386565 0.29717523 0.7674731 0.8295527
2 3.3619932e-07 0.15403599999999998 0.6896576999999999 0.716017 0.9482714
12 3.3357680000000004e-07 0.42469668 0.48243526 0.49586764 0.51887876
7 3.3105346000000005e-07 0.055697467 0.10877609 0.7638384 0.93099874
10 3.2402977e-07 0.17550264 0.0 0.48515025 0.96670747
6 3.2151092e-07 0.0 0.22984558 0.48847896 0.75600547
13 3.2137172e-07 0.43531913 0.48192444 0.5061051 0.5287061
10 3.1989444e-07 0.5481705 0.052713472000000004 0.8017393 1.0
10 3.1943813e-07 0.20765874 0.45857748 0.6141276 1.0
12 3.1544852e-07 0.69746137 0.33499485 1.0 0.78227264
10 3.1537185999999997e-07 0.12247602 0.0 0.38969684 1.0
1 3.1438705e-07 0.0 0.0 0.512401 0.20517327
10 3.1015523e-07 0.46783268 0.27423745 0.7284375 0.9841118000000001
12 3.0920702000000004e-07 0.63446224 0.21808487 1.0 0.7374324000000001
5 3.089007e-07 0.021010749 0.7836414 0.5664413 1.0
10 3.0651999999999997e-07 0.24624735 0.0 0.56285495 0.79825485
8 3.0403415999999995e-07 0.89291465 0.36120787 0.96931225 0.5105728
9 3.0318074e-07 0.20346728 0.0 0.9019543999999999 0.408086
8 3.0260946e-07 0.7570344 0.40644577 0.92824334 0.7089515000000001
6 3.016732e-07 0.037978622999999996 0.18103847 0.56607294 0.6231106
13 3.0086537e-07 0.0 0.81740034 0.40755585 0.98636967
12 2.992097e-07 0.053892616 0.0 0.5683939 0.5756593000000001
1 2.9781165e-07 0.39241078 0.40382233 0.8499169 0.82762474
2 2.9626653000000006e-07 0.34172925 0.34200352 0.6989343000000001 0.8941915000000001
5 2.91648e-07 0.5803095 0.44107962 0.95162284 0.883144
2 2.9077086e-07 0.22567442 0.36951435 0.5895929 0.8668322
9 2.8957058e-07 0.051382203 0.55488455 0.60433465 1.0
1 2.8603155999999997e-07 0.48499992 0.67845005 0.95085126 0.92107356
5 2.828189e-07 0.36706868 0.5038473 0.70918715 1.0
5 2.8272308000000004e-07 0.5131309000000001 0.61763173 0.83568347 1.0
9 2.823721e-07 0.59804046 0.6804292 1.0 1.0
12 2.794483e-07 0.096452095 0.6429335 0.88998795 0.9051473
9 2.7661088e-07 0.41503006 0.47227529999999995 0.5948932 0.5739838
7 2.747378e-07 0.51002485 0.23831860000000002 0.98826814 0.8482349
12 2.7296312e-07 0.36314377 0.42875353 0.63007325 0.5269226
5 2.7066196000000003e-07 0.16089743 0.65451443 0.49386376 1.0
11 2.6777835e-07 0.71191734 0.54213995 0.7486577 0.5875128000000001
9 2.605871e-07 0.06250339 0.12717931 0.4628429 1.0
12 2.5707373999999997e-07 0.10579627 0.07974312 0.57822746 0.6897751
6 2.550301e-07 0.94964874 0.54591465 1.0 0.5820034000000001
7 2.540895e-07 0.67682016 0.54238296 0.7490255 0.58983016
8 2.5317368e-07 0.89187914 0.46305844 0.9712924999999999 0.60787606
3 2.5312767e-07 0.5436926 0.070433706 0.95494854 0.34699932
9 2.5103287e-07 0.41327579999999997 0.47188184 0.47084546 0.5090789000000001
10 2.498264e-07 0.26575604 0.6216401 0.75942063 1.0
8 2.4811558e-07 0.080035016 0.01351073 0.4216345 0.1612979
