8 0.94567645 0.34803832 0.51532227 0.5133432 0.7337632
8 0.5332099 0.4458356 0.56976175 0.5394929 0.6896482
3 0.28483507 0.45968875 0.5731344 0.5374353000000001 0.7125579000000001
3 0.23906668 0.3698553 0.5368491 0.47726217 0.73056096
3 0.23105195 0.37463394 0.51469994 0.46304485 0.5967819000000001
8 0.11553435 0.36173546 0.5316951 0.46741915 0.6110003
8 0.089356475 0.41770798 0.5031969000000001 0.5649126999999999 0.7178359000000001
3 0.009594117 0.4192465 0.5422278 0.5324625 0.71629375
13 0.007642065 0.37458625 0.5281975 0.4608445 0.6132674
3 0.006365213000000001 0.3973923 0.5588273 0.46582470000000004 0.73931444
8 0.0058270019999999995 0.37425834 0.5752927 0.4602598 0.7160608
8 0.0055036303 0.46052283 0.5610674 0.51951855 0.6954794
3 0.0038847596999999996 0.37780246 0.5179871 0.5071064000000001 0.6971911999999999
3 0.0028075008000000004 0.44817722 0.53562367 0.5511001 0.70205486
13 0.0027237674 0.43839523 0.6047351 0.5410775 0.6790323
13 0.0025467686 0.44942170000000004 0.5786609 0.524221 0.7023149999999999
8 0.0022020421 0.36658618 0.5723246999999999 0.43406472 0.70186037
8 0.0021631077 0.35936034 0.61213386 0.4437731 0.7144824000000001
13 0.0018366317 0.3858173 0.5861435 0.55946213 0.74222755
2 0.0014977585999999998 0.37538314 0.5196389 0.47611547 0.60405684
11 0.0014383309 0.46723008 0.5577401999999999 0.510397 0.7501295
8 0.0012088367999999999 0.35200924 0.45310320000000004 0.4572947 0.7656012
8 0.0011736498 0.3698917 0.5192213 0.45758325 0.5795452
9 0.0011439392 0.40548155 0.52037334 0.57909614 0.6914618
13 0.0010350482 0.35624486 0.53888 0.43802005 0.6065505
9 0.0010037052 0.46887654 0.6037484000000001 0.5676728 0.68434924
9 0.0009940363000000001 0.39437849999999997 0.53796804 0.47704992 0.61186737
11 0.0009813992 0.46501034 0.60168195 0.51632327 0.7186446999999999
9 0.0009791194 0.32910663 0.52464813 0.47333944 0.69315475
6 0.00096549175 0.45301387 0.61031586 0.5514258000000001 0.69641393
13 0.0009615104600000001 0.31134814 0.59674484 0.4664327999999999 0.7346918
10 0.0009513589999999999 0.46070182 0.58775264 0.5467454 0.6856677
13 0.0009511893 0.3419142 0.5636325 0.50070816 0.73975956
13 0.0008722904600000001 0.38173115 0.5345637 0.5475661999999999 0.7150009
2 0.0008664671 0.44107237 0.587942 0.5393175 0.673848
13 0.0008650703999999999 0.37136483 0.48843157 0.49761766 0.79160666
1 0.0008520686 0.3765866 0.54797906 0.45514170000000004 0.6201127
13 0.0008469036 0.3693398 0.5221281 0.43955353 0.6313813
13 0.0008461141000000001 0.33756015 0.56240094 0.45574227 0.78989595
9 0.0008118913 0.36136436 0.5611643 0.5252697 0.7403082
8 0.0008107933 0.32565492 0.49279627 0.49278975 0.6784292
10 0.0007790201299999999 0.48440737 0.55189526 0.53720623 0.70601755
13 0.0007703631 0.38896364 0.59383404 0.4669177 0.71771276
12 0.0007650950599999999 0.38402593 0.5271667 0.48126978 0.6010363000000001
8 0.0007479878 0.45036450000000006 0.54849184 0.5218472 0.6093133000000001
8 0.0007295835000000001 0.35035229999999995 0.55886406 0.4482742 0.65595406
9 0.0007077844000000001 0.37716097 0.50679386 0.54050773 0.65953076
9 0.0007060734 0.47658044 0.59566414 0.54246813 0.7042555
5 0.0006595891000000001 0.35518324 0.5472857 0.46554822 0.6172366
4 0.0006585583 0.38987878 0.5209943 0.46960208 0.6263145999999999
1 0.0006495486 0.3542568 0.54933417 0.43583167 0.6178965999999999
11 0.000648977 0.48724636 0.56191444 0.5266528 0.7425852
9 0.0006386086 0.35526243 0.50955176 0.49355933 0.6706557
1 0.000629336 0.27131873 0.5506883 0.43719012 0.6864223
2 0.0006287851999999999 0.46877247 0.56429857 0.53104204 0.70014185
4 0.0006230605 0.47685079999999996 0.58579326 0.5474573 0.7086182
13 0.0006226654499999999 0.35196275 0.603182 0.5303840999999999 0.7570558000000001
5 0.0006142918 0.40459532 0.6201612 0.54317766 0.68669844
8 0.0006091788 0.34448683 0.43861026 0.68940735 0.7802541999999999
13 0.00060625834 0.44545135 0.5372793 0.5574693000000001 0.79392946
7 0.0006045377 0.43367308 0.59315926 0.5290163 0.7063574
10 0.00059794466 0.40730527 0.50139344 0.47857209999999994 0.6193932
5 0.0005977342400000001 0.28524083 0.6007296999999999 0.45268023 0.8083505
7 0.00059391867 0.37228936 0.51445824 0.46737570000000006 0.62421435
5 0.0005784458 0.4354527 0.6066507 0.52542585 0.71279603
13 0.0005585296 0.46623325 0.5899300000000001 0.54768276 0.6936718000000001
11 0.0005567533999999999 0.3235814 0.48964617 0.44206637 0.7914789000000001
10 0.00055120926 0.46777087 0.5776901 0.52402526 0.7043345
2 0.000545468 0.30428365 0.4943339 0.51661646 0.6585118000000001
9 0.00054297695 0.39362909999999995 0.51689947 0.5090011 0.73610896
13 0.00053717673 0.45644408 0.54862726 0.53229356 0.6819044
13 0.0005200629 0.43151945 0.5634760999999999 0.52637845 0.66566485
8 0.0005121615 0.19745451 0.5719223000000001 0.8169791000000001 0.91979396
11 0.00050651975 0.48564129999999994 0.608823 0.5336794 0.7154446
9 0.0005043794 0.37132373 0.5367046 0.46801588 0.75371754
3 0.00048613540000000003 0.46442700000000003 0.5458046 0.5207114 0.7001470000000001
12 0.00048357900000000004 0.46822622 0.5937913 0.57110465 0.68095976
2 0.00046706919 0.45808557 0.5569386 0.54478234 0.6303981
12 0.00045853612 0.4748705 0.59039205 0.5443664 0.6949662
9 0.000450639 0.47952017 0.5643104 0.5426835999999999 0.67589587
1 0.00044599248 0.44186400000000003 0.6138687 0.5210021 0.69263095
3 0.00044093370000000004 0.37258065 0.5971839 0.46621394 0.7447866999999999
2 0.00041992167999999996 0.40943578 0.51458746 0.5927956999999999 0.7361903000000001
11 0.00041561733999999996 0.36623996 0.50015897 0.49148518 0.81142336
11 0.00041535025 0.35480273 0.3717627 0.44488059999999996 0.9003885
2 0.00040214614 0.34756526 0.533071 0.5278397 0.7216103
1 0.00040001105000000005 0.28083587 0.5867829999999999 0.43558270000000004 0.72465664
9 0.00039892516 0.37836292 0.56788546 0.48225406 0.7963486999999999
9 0.0003979147 0.43776655 0.565963 0.6153438 0.73421186
11 0.0003958902 0.37594740000000004 0.39288667 0.45433506 0.84015256
5 0.00038815613 0.23562118 0.6028198 0.47150299999999995 0.74327797
11 0.00038134132000000007 0.41261438 0.5090456 0.46145758 0.62307966
9 0.00037891537000000005 0.45679408 0.57834816 0.54045117 0.6584525
5 0.00037191739999999996 0.4519793 0.6204663 0.5420728 0.7230309
5 0.00035909345 0.31541679999999994 0.6238578 0.4895202 0.8273819
3 0.00035260120000000004 0.46037787 0.54467976 0.52802926 0.6037893
9 0.0003503208 0.3529266 0.56215215 0.44807076 0.8058611999999999
6 0.00035029705000000003 0.36517859999999996 0.54108405 0.4979433 0.62743765
9 0.0003467146 0.34309029999999996 0.49169713 0.44294447 0.7381359000000001
9 0.00033442297999999995 0.4766724 0.58122534 0.5602857 0.65393364
5 0.00031599097 0.32300234 0.58691144 0.59936565 0.7102628000000001
5 0.00031505083 0.21671318 0.57499707 0.48808044 0.7004640999999999
1 0.00030280952 0.30274302 0.5753156 0.42893678 0.7794892
2 0.0003022491 0.34238124 0.48360428 0.480318 0.74787855
11 0.00029761656000000004 0.39307278 0.50336844 0.44105744 0.63126683
9 0.00029371274 0.37823692 0.53842944 0.45334563 0.6185496
13 0.00029244599999999997 0.37614965 0.45076945 0.46670246 0.86166334
12 0.00029179355 0.45618504 0.5555806999999999 0.54965955 0.6450201999999999
13 0.00027994273 0.30889884 0.5163577 0.47036287 0.71171266
11 0.00027536482000000003 0.4284411 0.45530698 0.5486799 0.74398565
7 0.00027324553 0.46043122 0.56868553 0.52970666 0.7337182
1 0.00026976147999999996 0.4634688 0.6003528 0.53219724 0.7168825
1 0.0002651329 0.35467437 0.5358394000000001 0.5473663000000001 0.6837439000000001
5 0.00026393740000000003 0.2980761 0.5577380999999999 0.46217543 0.731101
5 0.00026151066000000003 0.33614224 0.60199964 0.52106404 0.7993631
6 0.00025719672 0.27900898 0.5425689 0.5087403 0.70342946
2 0.0002562315 0.43292159999999996 0.4836808 0.62307256 0.6880658000000001
9 0.00025363063 0.45935607 0.59052837 0.5198937 0.7200106
10 0.00025348846 0.48529849999999997 0.5254397 0.5343055999999999 0.6565801
9 0.00024945202 0.41643983 0.5967435999999999 0.47526735 0.7100679
12 0.00024646425 0.41557159999999993 0.59611076 0.47453508 0.70869493
2 0.00023692287999999996 0.37327109999999997 0.5687331 0.55579585 0.76332766
11 0.00023394685 0.4433251 0.48456565 0.56459254 0.81219137
12 0.00022661395 0.33797988 0.41393617 0.49106154 0.68043745
1 0.00022541726000000002 0.28347582 0.49703443 0.4618883 0.63896126
10 0.00022485742999999998 0.44730222 0.5645854 0.53546184 0.6398185000000001
3 0.00022465021000000001 0.3698281 0.5516286 0.46045208 0.6542357
8 0.00022409404999999998 0.9592149 0.58821696 0.98890984 0.6725159
1 0.00022123548999999999 0.38694453 0.579866 0.5549493000000001 0.7239429000000001
6 0.00022020441000000004 0.44772267 0.5771034 0.54402035 0.65812963
11 0.00021934527000000003 0.39210290000000003 0.39602402 0.47778636 0.89242595
9 0.00021794876 0.37403715 0.6097471999999999 0.5743045 0.7709988
5 0.00021621763999999998 0.34348577 0.58247906 0.43837440000000005 0.9107361999999999
12 0.00021454987000000002 0.37080675 0.5089845000000001 0.5963418 0.6845055999999999
1 0.00021412004000000002 0.3499219 0.53223366 0.48187307 0.7314044
3 0.00021399028 0.45369208 0.5601049 0.5129021 0.73193663
11 0.00020709740000000003 0.41195917 0.47565895 0.532784 0.8073180999999999
7 0.00020498793 0.25441548 0.5069724 0.46361843 0.7792726
5 0.00019727665 0.34436136 0.6211646 0.601278 0.75820136
12 0.00019653657 0.328359 0.45932263 0.5521567 0.64233595
1 0.00019604509999999998 0.3244511 0.5525015999999999 0.45091343 0.7459124
4 0.00019303889999999999 0.37773153 0.5385687 0.52654225 0.7882246999999999
12 0.00019299689 0.39860296 0.6000112 0.48748255 0.6886448000000001
8 0.00019077270000000002 0.3734308 0.4742907 0.48370379999999996 0.74245507
12 0.00018252977 0.35776386 0.4634745 0.5100538 0.72662157
12 0.00018214261000000002 0.3048459 0.49609652 0.5058691 0.6604882
11 0.00018002128 0.49002853 0.54411834 0.5247946 0.6844733000000001
8 0.00017849258000000003 0.4346116 0.5660506999999999 0.517871 0.6613214
5 0.00017801425999999998 0.29754487 0.6414974 0.5639287 0.7846049
11 0.00017440811999999998 0.41859925 0.39692476 0.49307972 0.82883173
11 0.00017139873 0.46648744 0.5783318000000001 0.510201 0.6744169
4 0.00017089036 0.43337387 0.5070522 0.5635034999999999 0.7454523000000001
2 0.00017050543 0.47414514 0.52971095 0.53536105 0.6615189
13 0.00016817701 0.40069124 0.58002365 0.45804837 0.7493818
1 0.00016611013 0.33827478 0.5791406 0.46222842 0.7902404000000001
6 0.00016512026 0.46331686 0.56018615 0.5522 0.673153
13 0.00016396354 0.41712743 0.58045936 0.5335055999999999 0.82160497
2 0.00016332405 0.34103104 0.44643068 0.5304406 0.6227802
6 0.0001619915 0.28743345 0.58746225 0.51813525 0.7359241
13 0.00015952982 0.45730567 0.54490125 0.50987536 0.73037946
10 0.00015799257 0.4168115 0.5417874 0.4706749 0.70480454
13 0.00015738296 0.3540075 0.6070073 0.45294097 0.69768405
7 0.00015380405 0.31936422 0.45456278 0.47364387 0.8451025
8 0.00015256336 0.45127466 0.5948218000000001 0.51407033 0.70179564
5 0.00015139933000000001 0.32473195 0.5697985 0.50197715 0.75589037
6 0.00015062053 0.32401090000000005 0.5720195 0.56591594 0.7491378000000001
9 0.00015052145 0.38799545 0.6083365 0.47557340000000003 0.6919365
11 0.00015014788 0.46971765 0.5395449000000001 0.5077955 0.6930543
10 0.00014823583 0.47053304 0.5594726999999999 0.5486295999999999 0.63834816
2 0.00014746017 0.38929874 0.42181805 0.5004271 0.74266684
10 0.00014686212 0.38334113 0.5820028 0.46552968 0.6823637
7 0.00014519921 0.44331366 0.55642134 0.5354935000000001 0.6677611
13 0.00014427998 0.37795472 0.50436646 0.45811599999999997 0.5801816999999999
13 0.00014395266999999999 0.38905576 0.62820596 0.46964726 0.74141115
8 0.00013736281999999998 0.26173693 0.4226308 0.5471513000000001 0.8070829
7 0.00013231659 0.2981955 0.5432541 0.5176166 0.7986873000000001
4 0.00013194312 0.4824294 0.5405654999999999 0.53335726 0.6901155
13 0.00013140141000000003 0.36165246 0.5159252999999999 0.44635335 0.91600394
9 0.00013018148999999999 0.40168590000000004 0.5980327 0.45670038 0.71454984
10 0.00012989668 0.41614312 0.3555439 0.5139050000000001 0.7839196999999999
13 0.00012861677 0.35642335 0.6457556999999999 0.47471288 0.7178227
8 0.00012736753 0.9537558 0.53242826 0.9848896999999999 0.61815995
4 0.00012686044 0.42143998 0.52880454 0.46759143 0.7089586999999999
9 0.0001231788 0.3662327 0.604039 0.466106 0.8398289000000001
7 0.00012285763 0.35912755 0.50640637 0.5466521 0.76019245
1 0.00012156372 0.3254147 0.4711849 0.46961746 0.6757819
1 0.00012126991000000002 0.43441048 0.57606435 0.51063263 0.6478255
10 0.00012089058 0.40522403 0.48018685 0.5581516 0.7333871999999999
6 0.00012041633 0.36035162 0.5353147 0.60379475 0.6979021
12 0.00011894097 0.32413873 0.52599305 0.5463009 0.7081844
1 0.00011771933000000001 0.39733520000000006 0.59014726 0.46527317 0.705228
5 0.00011522118999999999 0.44751358 0.59397215 0.5432345999999999 0.6742895999999999
12 0.000114753755 0.36178792 0.3715671 0.45784354 0.6911768
10 0.00011470331 0.46598107 0.5464724 0.5210267 0.66076344
13 0.00011265145399999999 0.29872167 0.6335670999999999 0.46285778 0.75486964
4 0.000111879526 0.46279585 0.52338463 0.5823165 0.7797722
9 0.00011140423000000001 0.4574745 0.5235147 0.5736474 0.76004785
5 0.00011046013999999999 0.29909164 0.561457 0.5518284999999999 0.6728813
2 0.0001095517 0.44636023 0.53147787 0.6388595 0.7164465
9 0.00010907761999999999 0.39307392 0.47055998 0.46078509999999995 0.81807023
10 0.00010859453000000001 0.35660094 0.49579647 0.53860426 0.7540529
4 0.000108364344 0.41385096 0.5690201 0.54536027 0.81457335
3 0.00010764616000000002 0.47880265 0.5849462 0.54180706 0.6954115
12 0.000106618645 0.46332532 0.5386051 0.52968985 0.67277145
4 0.00010651355 0.46689102 0.564926 0.53067803 0.66030973
1 0.00010547821000000002 0.46072959999999996 0.5623723 0.52610165 0.67087364
11 0.00010337891600000001 0.3820659 0.24698305 0.4463228 0.98556453
10 0.000103295984 0.4280799 0.4331732 0.57428294 0.68826973
2 0.00010281540000000001 0.35103106 0.5243161 0.4574995 0.5925925
13 9.903530000000001e-05 0.35932148 0.57369024 0.48554623 0.8421504999999999
10 9.710982e-05 0.40348090000000003 0.54612434 0.4541576 0.6984661999999999
1 9.641157499999999e-05 0.31974542 0.60505396 0.4892282 0.7585725999999999
4 9.58078e-05 0.48910874 0.56691504 0.5458278 0.65800345
1 9.4819305e-05 0.35706663 0.5005638 0.5313298000000001 0.6362706
10 9.3896284e-05 0.407952 0.23742557 0.4712214 0.8142553000000001
4 9.250993e-05 0.45648488 0.57028246 0.52299887 0.731425
7 9.1585105e-05 0.46620524 0.5596681 0.5530337 0.66252303
5 9.108589e-05 0.40769425 0.59463185 0.5356973 0.6395234000000001
4 8.9436806e-05 0.4064752 0.4737 0.5114463 0.8185518
8 8.936113000000001e-05 0.40278694 0.5873689999999999 0.45083442 0.72922844
10 8.887153e-05 0.3681983 0.3786233 0.49067745 0.79861444
3 8.8781824e-05 0.4518764 0.5615316 0.5303435000000001 0.6600558000000001
8 8.875254999999999e-05 0.45129508 0.5471958 0.50149375 0.70655423
4 8.818799e-05 0.33494222 0.5374011 0.47502559999999994 0.7791289
5 8.721035e-05 0.36618865 0.53691894 0.4291939 0.65793186
10 8.720299000000001e-05 0.37399033 0.55183226 0.54351526 0.80164236
2 8.711315e-05 0.41015792 0.47079885 0.5263908 0.78787374
9 8.625029e-05 0.39739966 0.6384883000000001 0.48206663 0.72047865
8 8.555171399999999e-05 0.35938883 0.48111892 0.8044088 0.9102906
5 8.535014000000001e-05 0.41368735 0.5927306999999999 0.5630239 0.7994260999999999
1 8.360975e-05 0.35979545 0.43137777 0.44846088 0.6936929000000001
2 8.187244399999999e-05 0.3934737 0.49189743 0.4544061 0.62211156
7 8.185769e-05 0.29668078 0.48116475 0.49874285 0.7344485
10 8.175654e-05 0.38083735 0.41070557 0.5275116 0.66712236
4 7.99335e-05 0.41799834 0.48209202 0.5433680999999999 0.70364755
4 7.921747599999999e-05 0.39536586 0.57643014 0.46142605 0.69501513
12 7.844037e-05 0.39356163 0.51539284 0.45568123 0.61463916
7 7.8403515e-05 0.46752840000000007 0.54169434 0.5322689 0.69250226
4 7.824901999999999e-05 0.3738551 0.4839452 0.479971 0.82638425
10 7.70339e-05 0.5067752000000001 0.5498755999999999 0.55473083 0.7113595
10 7.633158e-05 0.41688412 0.5329946999999999 0.57554847 0.7748972
11 7.4647156e-05 0.37929964 0.50819767 0.42608863 0.62537915
5 7.434365399999999e-05 0.32927656 0.54224426 0.42558795 0.6149336
9 7.4052994e-05 0.37641686 0.5515167 0.4420054 0.88175184
6 7.390546e-05 0.30949804 0.6262413 0.57223976 0.78537196
5 7.3100426e-05 0.43442875 0.58437884 0.52164733 0.6662236999999999
2 7.3007235e-05 0.41826102 0.45103648 0.5934116 0.6397571
1 7.267571999999999e-05 0.45690718 0.58034885 0.52719504 0.6480281
10 7.244036e-05 0.4617657 0.46956065 0.6007722 0.7452628000000001
9 7.104875e-05 0.42746183 0.51866883 0.5425718 0.74623024
12 6.8750494e-05 0.42347142 0.58916795 0.45741585 0.72501636
11 6.8427245e-05 0.40533304 0.46160390000000007 0.511142 0.707254
1 6.839404e-05 0.4121223 0.5078834 0.53857493 0.7141394
10 6.7165434e-05 0.42039160000000003 0.45962337 0.45888606 0.64090383
8 6.6716944e-05 0.9578716 0.5533248000000001 0.9875867 0.647722
6 6.558995e-05 0.40230808 0.6091018 0.48766008 0.72377616
11 6.407834e-05 0.47548985 0.5114356 0.50307345 0.76686823
2 6.374491999999999e-05 0.46202552 0.53380454 0.52684236 0.63873935
8 6.367554e-05 0.104581624 0.38756654 0.73647666 0.93780494
11 6.3540385e-05 0.48679063 0.5748285 0.5294653 0.66690063
10 6.295591999999999e-05 0.31095153 0.46446615 0.48608106 0.708864
12 6.2371226e-05 0.37331107 0.52444255 0.4491367 0.6049479999999999
7 6.14515e-05 0.28724542 0.54932666 0.49199292 0.9214882999999999
9 6.0234112999999995e-05 0.42370605 0.5907087 0.46029526 0.7348361999999999
10 5.9836493e-05 0.40042067 0.34920675 0.4649129 0.8981725
7 5.9635843999999996e-05 0.40342224 0.45595753 0.5672698 0.83794993
6 5.8553862e-05 0.31396157 0.5723775 0.50590074 0.80415964
7 5.7741785e-05 0.40521599999999997 0.56756485 0.46517828 0.732402
10 5.7677913e-05 0.39388272 0.6228066 0.47594365 0.73525864
10 5.742028e-05 0.47809714 0.5565399999999999 0.50706184 0.72844714
2 5.732406e-05 0.3831486 0.5275973 0.5088808 0.81772906
12 5.7236814999999995e-05 0.35730517 0.46053990000000006 0.44970232 0.7812195
1 5.7072175e-05 0.34591922 0.53495765 0.41000070000000005 0.6217775999999999
6 5.680308000000001e-05 0.33021238 0.54363984 0.48004392 0.6157090000000001
10 5.6489134e-05 0.37893975 0.46192637 0.51397705 0.90302753
5 5.6067358e-05 0.3810568 0.5433326999999999 0.44651031 0.6618210999999999
9 5.3959677e-05 0.40085167 0.52657527 0.45688015 0.6396812
12 5.3788080000000006e-05 0.32858592 0.49500966 0.47574115 0.7448198
6 5.3095428e-05 0.30485046 0.4944808 0.577236 0.6573469
11 5.2607166999999996e-05 0.4048128 0.26003966 0.46137643 0.95639145
8 5.229848e-05 0.39035988 0.5838762 0.43748325 0.7250619
11 5.2184892e-05 0.47191679999999997 0.38477248 0.566991 0.7956495
10 5.1459803e-05 0.4039917 0.47992548 0.44609708 0.64707255
11 5.0952355999999997e-05 0.43517977 0.38442266 0.5173202 0.8680814
10 5.0696042e-05 0.42686224 0.49819145 0.45748365 0.7389687
13 5.023693e-05 0.45203194 0.53539073 0.52102435 0.60573435
10 4.9733884e-05 0.37811983 0.52576 0.45064873 0.616897
11 4.8970047e-05 0.39693132 0.46097106 0.43058607 0.6537081
7 4.8261718e-05 0.36540058 0.3483906 0.47419736 0.8612822
4 4.7198257e-05 0.35944194 0.55475134 0.47643024 0.87994903
8 4.7041915e-05 0.46764472 0.5736314 0.53940725 0.65788513
13 4.6746623e-05 0.35255346 0.62659127 0.42705175 0.73503083
6 4.648234e-05 0.32643983 0.6222493 0.5171685 0.8507619000000001
6 4.6227902000000004e-05 0.3818994 0.6169982 0.48371503 0.70096874
5 4.587703e-05 0.4555952999999999 0.5963075 0.50834197 0.7490901999999999
4 4.5701057e-05 0.46151724 0.478254 0.571206 0.687081
7 4.557305e-05 0.34290975 0.51921064 0.43723625 0.6290058000000001
10 4.518789000000001e-05 0.44733098 0.40108502 0.53562486 0.789593
10 4.4775512e-05 0.42163724 0.29558298 0.4832397 0.9088671999999999
5 4.3655123999999994e-05 0.36830820000000003 0.5980800000000001 0.46400410000000003 0.8887429
