3 0.9910904 0.9269398000000001 0.6374856 1.0 0.7870946999999999
3 0.9857013000000001 0.002805549 0.58774686 0.048508975999999995 0.65613806
3 0.8820921 0.43033808 0.5928299 0.50515455 0.69709563
8 0.85900223 0.010345646 0.62424886 0.34252340000000003 0.91069835
3 0.71077466 0.59898007 0.6131840999999999 0.89064807 0.9112068999999999
8 0.61924845 0.07049797 0.7271205 0.26824376 0.88111806
3 0.60855806 0.13304779 0.55881727 0.21051745 0.61270136
3 0.550618 0.8315425 0.6374734000000001 0.90025425 0.73575795
3 0.530025 0.028572507 0.64217114 0.20814029999999997 0.7602925
3 0.4128168 0.04603403 0.610003 0.13147347 0.6651705
8 0.39162470000000005 0.8059367 0.47644284 1.0 0.60667586
3 0.37841827 0.8354004 0.6292837 0.92147774 0.7211371999999999
8 0.3775814 0.5753351 0.6236765000000001 0.8956697 0.9546494000000001
8 0.3366587 0.57743084 0.5080234 0.6563644000000001 0.57682526
8 0.20713778 0.05664338 0.7383795999999999 0.22287114 0.9044091000000001
3 0.17682008 0.57915956 0.5048964 0.65280026 0.576299
8 0.1661384 0.027838526000000002 0.46901593 0.32346973 0.9364361999999999
3 0.14284606 0.5236522 0.65354496 0.6286864000000001 0.7204128000000001
8 0.121771626 0.7174589 0.36577308 0.9566203000000001 0.67973983
8 0.11358662 0.5715746 0.43643036 0.89453256 0.99047506
3 0.09001851 0.6319161999999999 0.6226381 0.88636005 0.77486914
8 0.08714924 0.5732662 0.52836424 0.6552965999999999 0.5851029999999999
3 0.08417175 0.8317609 0.46295756 0.9867659 0.60145885
3 0.07297101 0.38580635 0.617028 0.44473314 0.67654866
8 0.07044045 0.39922544 0.6043464 0.5085562 0.70012724
3 0.06974151 0.6965462 0.58052266 0.80703026 0.6275681
8 0.06902913 0.8101246 0.17953973 0.95778614 0.80448365
3 0.06721362 0.054404985 0.5585137 0.29325286 0.9843506
13 0.06573828 0.56809545 0.5035707 0.66494036 0.56390953
8 0.05921975 0.013117888000000001 0.39838722 0.22629005 0.9628224
8 0.0560519 0.36350402 0.5716232 0.5182371 0.72011846
3 0.051030774 0.07986033 0.5974997 0.32743257 0.87800366
3 0.05021385 0.058716804000000004 0.61948305 0.21450010000000003 0.7259714
8 0.04442608 0.37480032 0.6261363 0.45768267 0.6829776
13 0.040376384 0.54425824 0.7313008000000001 0.9553483 0.93794346
8 0.039679687000000005 0.005521664399999999 0.6441866 0.21159324 0.77103335
8 0.037852947000000005 0.37083033 0.6275095 0.4793814 0.70307875
8 0.030951839 0.38453153 0.6141406999999999 0.48736763 0.6913038
3 0.030719102999999998 0.0 0.58388925 0.06978956 0.6505099
3 0.024642985 0.80866385 0.6011201999999999 0.94925237 0.7362941
3 0.023526297999999998 0.74297196 0.602412 0.9091476000000001 0.7259099
3 0.020157987 0.4085078 0.60418236 0.49777314 0.70855635
3 0.019626914 0.62938255 0.6056261 0.7060774000000001 0.6744404
3 0.019374274 0.9582403 0.494645 1.0 0.5600046
8 0.019195471000000002 0.76023495 0.35076255 0.9786155999999999 0.9548629000000001
8 0.018784316000000002 0.09105091 0.8195157 0.19172725 0.8866562
8 0.018709411999999998 0.62479824 0.5586366 0.91895777 0.8884947
3 0.01843455 0.53505856 0.63127553 0.6287874 0.70765513
8 0.017698485 0.8256266999999999 0.63785136 0.9166175999999999 0.71845144
3 0.017690314 0.07961912 0.5503798000000001 0.23871315 0.66802275
13 0.017575713 0.56767243 0.5250336999999999 0.6811183000000001 0.57852966
3 0.016737256000000002 0.060512934000000004 0.63494706 0.19846904 0.6932391
9 0.01522798 0.5718541 0.683866 0.9779901 0.93907595
8 0.01520768 0.030903108 0.5493229000000001 0.25668138 0.69593114
9 0.01508576 0.6460279999999999 0.66135395 1.0 0.9071934000000001
8 0.014514331 0.47009206 0.31912732 0.85482764 1.0
3 0.013993166000000001 0.055179375999999995 0.5845036 0.19422281 0.68713796
12 0.013979908000000001 0.5876805 0.6109726 1.0 0.8875460999999999
8 0.013527098999999999 0.52819705 0.49714845 0.68326783 0.64063764
8 0.013004089 0.032605294 0.6102529999999999 0.13796332 0.67282695
9 0.012912636000000002 0.64119697 0.6117009 1.0 0.8575105
8 0.012379096000000001 0.8248873999999999 0.64195484 0.89524126 0.75011796
1 0.011750075 0.5804566 0.72955996 0.9370583 0.9575099
3 0.0115148015 0.5988478 0.57895374 0.68613094 0.6417319
8 0.011361722 0.9575508 0.49266509999999997 1.0 0.5578415
8 0.0110636195 0.70966566 0.18926637 0.94529545 0.9756761
3 0.010636652 0.38027775 0.62529045 0.45104668 0.6929979000000001
6 0.010511965 0.555575 0.6983421 1.0 0.9608518
12 0.010255292 0.5842574 0.52798855 1.0 0.8166760000000001
8 0.010063003000000001 0.010045234 0.5178863 0.2810433 0.8528348
2 0.010053969 0.60007215 0.62819594 0.99228925 0.90101564
9 0.009961872 0.5845659000000001 0.62198293 0.92861956 0.8874618000000001
13 0.009336093 0.53473914 0.62748444 0.92540145 0.9290276
5 0.00919737 0.37790516 0.7013493000000001 0.93293744 0.9420006
1 0.009126051 0.4162081 0.6974341 0.79391116 0.9153876
2 0.00910164 0.5776439999999999 0.49761406 0.6878846 0.5698255
13 0.008819798 0.5189934 0.6674368 0.6241593000000001 0.7282566
5 0.008564394 0.3538272 0.66033363 0.8874584999999999 0.8881869000000001
3 0.008110608 0.39412442 0.60177666 0.48711459999999995 0.6850943
3 0.00809938 0.115800954 0.70560336 0.27060673 0.8928408999999999
6 0.008046639 0.47710059999999993 0.6875479 0.9129583 0.9290021999999999
8 0.008038269 0.115902245 0.55686355 0.22187646 0.6226176999999999
8 0.008017985 0.55959326 0.5317571999999999 0.8519724 0.83836776
13 0.007858714000000001 0.80318785 0.46475583 1.0 0.58395016
3 0.0070429756 0.865617 0.62474275 0.9450518 0.7206579000000001
3 0.0069423243 0.5015649 0.6087798000000001 0.5498683000000001 0.6657857
3 0.006868546 0.65501595 0.60071766 0.86469585 0.73744416
8 0.006827909 0.52757716 0.65431046 0.6083105999999999 0.72020364
8 0.006516769 0.43223688 0.6154438 0.50660044 0.6981783
8 0.006437124000000001 0.06354177 0.28445026 0.36571628 0.9948267
7 0.0063947854 0.5199282999999999 0.65313923 1.0 0.99778056
1 0.0063115526 0.527506 0.6375873000000001 0.88954145 0.8698405
3 0.005849451800000001 0.6251465 0.5949566999999999 0.8208088 0.71702874
8 0.0056736837 0.90278757 0.6175816 1.0 0.79910046
8 0.005664169300000001 0.49244168 0.6000795 0.55177367 0.66924804
8 0.0056205922999999994 0.41531625 0.59355116 0.50126386 0.66414654
4 0.005542074 0.6635802 0.6281002 1.0 1.0
2 0.005394866999999999 0.45371574 0.60948044 0.94370854 0.8608657
4 0.0053535169999999995 0.5769114000000001 0.6467337 0.9576876 1.0
11 0.005295258000000001 0.6191087 0.6661995 0.900101 1.0
13 0.005227942 0.03449642 0.6155119000000001 0.12825647 0.67352664
13 0.005077288 0.4175775 0.6062281999999999 0.5247169 0.6839554
9 0.005074406 0.5925543000000001 0.5136901 0.69518703 0.5622214
7 0.005016647 0.39533108 0.61739725 0.8839561 0.9934896000000001
8 0.004686813 0.012561103 0.568707 0.20058246 0.7164781
8 0.0046719084 0.7145335999999999 0.59037817 0.90128535 0.7511551
3 0.004632934 0.04785275 0.5965646 0.1329992 0.65066797
3 0.0045751124 0.6433568000000001 0.56991374 0.9260191999999999 0.8598056999999999
11 0.004499448 0.53239256 0.63235813 0.7781047 0.95451754
6 0.0044702679999999995 0.53353536 0.6224114000000001 1.0 0.87949413
12 0.004430368499999999 0.5343064999999999 0.5906915 0.9377071 0.86168224
2 0.004215307 0.6125904999999999 0.54165673 1.0 0.808639
4 0.0038987363 0.6006543000000001 0.50471693 0.68130875 0.5672716
8 0.0038831425 0.5387812 0.6325525 0.61393327 0.71323365
13 0.0038033109999999998 0.018624175 0.66610897 0.18563633 0.79115546
13 0.0037819408 0.03915707 0.6145294 0.21101344 0.78340214
13 0.0037059844 0.12398692 0.56295705 0.2014674 0.6232611
12 0.0035253013 0.5747306999999999 0.50142807 0.68452805 0.55353856
13 0.0033879129999999998 0.00354492 0.6071266 0.050356556 0.6768301999999999
11 0.003340625 0.6751451999999999 0.6620154 0.96499586 0.99092966
3 0.0032623177 0.553595 0.5713224 0.69116384 0.7259926999999999
6 0.0030972879999999997 0.52840406 0.6629183000000001 0.6401749 0.72278243
8 0.0030709277 0.7594945 0.13593651 0.93070936 0.71280134
13 0.0030493609999999996 0.5252755 0.63357496 0.62978137 0.7071661
1 0.0030331285999999997 0.4061194 0.62866896 0.7994925 0.851599
13 0.0029325644 0.38568708 0.615737 0.49854326 0.6822097
8 0.0028671734000000003 0.01971483 0.6049995 0.21263169 0.74336225
10 0.0028670270000000003 0.60297143 0.49322113 0.6824041999999999 0.5654639
8 0.0028530355 0.03718005 0.18064897 0.21418624 1.0
3 0.0028147188 0.38417578 0.6132989999999999 0.4795933 0.7048492
8 0.0027986362 0.53903735 0.53797555 0.700034 0.6845834
1 0.0027313477 0.5814618 0.5197736 0.65080875 0.5682864000000001
3 0.002704186 0.048073646 0.6296937 0.16945721 0.6813415
13 0.0026928616999999998 0.66332895 0.65714353 0.84397686 0.7768725000000001
13 0.0026825168 0.6163181 0.5630261 0.9155001 1.0
9 0.0026376203000000003 0.54586864 0.66212803 0.63255304 0.72026
6 0.0025713835 0.44987398 0.6361220000000001 0.9241081 0.8667372999999999
8 0.0025073307999999997 0.7934809 0.59438133 0.9527310999999999 0.7469399
13 0.0024657722 0.9324443000000001 0.686247 1.0 0.78839403
13 0.0024387464 0.05185401 0.60200244 0.15789753 0.67375576
5 0.0024385892 0.46577070000000004 0.63657135 0.9871581 0.8657648000000001
13 0.0023849925 0.88504595 0.7191984 1.0 0.8196143
4 0.0023791186999999997 0.6722083999999999 0.55519 1.0 0.9080963
9 0.0023043160000000003 0.6188145 0.7175891 1.0 0.9721934000000001
13 0.0022034785 0.36915553 0.6192502 0.44686717 0.67699564
3 0.0021873997 0.66697645 0.5781324999999999 0.8488809000000002 0.68302363
9 0.0021798217 0.60870385 0.5568616 0.91257304 1.0
8 0.0021525712 0.51220757 0.5747568000000001 0.66483086 0.73772067
13 0.002131071 0.672025 0.39435163 1.0 0.6237180999999999
10 0.0021032551 0.53437 0.66014063 0.6236997 0.7270399000000001
8 0.0020896307999999997 0.0056502726 0.60176665 0.04555851 0.6619005
13 0.0020861877 0.40414053 0.6003451 0.48897478 0.7014894
3 0.0020818198 0.77464086 0.37837037 0.9813610999999999 0.6144478
8 0.0020398363 0.024434604 0.21646251 0.29717085 0.9438851999999999
8 0.0020195115 0.6274159 0.6316799 0.8447254999999999 0.7820309
6 0.0020009598 0.47091400000000005 0.76378405 0.9152802 0.9907821
8 0.0019944132999999997 0.58124673 0.58448553 0.6802656 0.6443491
8 0.0019851154999999997 0.5539514 0.5618356 0.73461694 0.7116169
7 0.0018852563 0.5809255 0.49048339999999996 0.6778849 0.5716708
3 0.0018723685 0.050296318 0.6054225999999999 0.17258110000000002 0.66656697
4 0.0018546422 0.52952707 0.59989494 0.89400893 0.9554411
8 0.0018298376000000002 0.805227 0.47389844 0.96715194 0.81230086
2 0.0018122941000000001 0.41147035 0.60497785 0.50742644 0.66179335
11 0.0018002698999999998 0.5992403000000001 0.6175215999999999 0.82068336 0.9278226
7 0.0017343865 0.5167382 0.6565358 0.62106556 0.73015255
7 0.0017173551 0.48515640000000004 0.549238 0.9560318999999999 0.9385075999999999
13 0.0017132214000000002 0.89849377 0.69340235 1.0 0.7686535
6 0.0017002716 0.39927399999999996 0.60823154 0.52138674 0.6785426999999999
3 0.0016710464000000002 0.120519415 0.8101681 0.19900791 0.8933828000000001
8 0.0016658976000000002 0.65717596 0.60339177 0.85686076 0.75137925
3 0.0016476910999999998 0.56899464 0.62728906 0.6439001 0.70573896
3 0.0016445392999999999 0.44197902 0.5898920999999999 0.5184726 0.6579225000000001
3 0.0015844782000000001 0.47895756 0.6041494000000001 0.5377865 0.67428815
8 0.0015810046 0.4975662 0.48865420000000004 0.77068675 0.80245376
7 0.0015659629 0.00032871458 0.6030968000000001 0.049980885999999995 0.6863812
2 0.0015413815 0.48369312 0.55592996 0.93855995 0.78527546
10 0.0015412916 0.6336599 0.57485 1.0 0.99832255
9 0.0014945057000000002 0.5895792 0.52923286 0.6965159000000001 0.5894891
12 0.0014750982999999999 0.5473934 0.654948 0.62252486 0.71255314
2 0.0014586470000000002 0.56709146 0.5259147 0.68442726 0.59538424
4 0.0014545229999999999 0.54091126 0.6553543000000001 0.620261 0.7245385
8 0.0014335510000000001 0.69242287 0.58119875 0.8009466 0.6403365
5 0.0013804398 0.4842044 0.6495572 0.9064834999999999 1.0
3 0.0013633646 0.55565697 0.64877725 0.6408383000000001 0.72492075
8 0.0013526629 0.6096281 0.610518 0.69285876 0.6765055999999999
6 0.0013406624 0.57305217 0.5082164 0.6951411 0.571232
2 0.0013088711000000001 0.4422939 0.6033470000000001 0.52955306 0.6666864
3 0.0012983913 0.0010456085000000001 0.59908515 0.08108605 0.67150944
2 0.0012961723 0.52901983 0.65656334 0.6329146 0.7113103000000001
5 0.0012794093 0.54498726 0.52012885 0.68540084 0.5595758000000001
8 0.0012753194 0.9272578000000001 0.65856904 0.98659587 0.77921826
3 0.001270028 0.59654975 0.5624418999999999 0.74717546 0.6849772
13 0.0012622265 0.69471866 0.5843593 0.7820045 0.6484217
13 0.0012407766 0.5124658 0.50565505 0.7036609 0.62120116
13 0.0012334968 0.8178605 0.66087645 0.89023405 0.75117624
2 0.001229828 0.81355107 0.44873917 1.0 0.58596575
13 0.0012256355 0.8174906 0.6622175 0.9185099 0.7329207
4 0.0012092947 0.5570974 0.651691 0.6372263000000001 0.730354
6 0.0011972878999999999 0.4198621 0.610733 0.5618914 0.6799259
9 0.0011893178 0.39936528 0.61677027 0.51367635 0.6744005999999999
13 0.0011875158 0.36138493 0.59907615 0.55015993 0.7242390999999999
13 0.0011634594 0.39012656 0.6390575 0.50440925 0.6943339
11 0.0011410742 0.68095624 0.60872126 0.91424805 0.9149430000000001
4 0.0011263886999999999 0.6263455 0.5359701 0.92637575 0.8583708000000001
11 0.0011186488000000001 0.60652316 0.50660974 0.6567368 0.5702316
13 0.0011164271000000002 0.58569074 0.5907136 0.6785354 0.6484485
9 0.0010773567 0.05711237 0.5924861 0.3046316 0.8535870000000001
3 0.0010721419 0.41104224 0.5667883 0.5252561 0.6952801
8 0.0010575113 0.6019425 0.59518766 0.79198563 0.74564177
3 0.0010414944 0.9402402 0.63370335 1.0 0.7190518
13 0.0010287628 0.06293286 0.5381684 0.23888979999999996 0.691103
4 0.0009950111 0.5991207 0.5225751000000001 0.6767036 0.5942645999999999
10 0.0009856017999999999 0.54238546 0.62495816 1.0 1.0
13 0.000977107 0.0032285098 0.5816576999999999 0.048287502999999996 0.66183525
13 0.0009645295 0.6274221 0.6726762 0.8003637 0.78657687
3 0.0009605245399999999 0.93586266 0.67704034 1.0 0.7965803000000001
2 0.0009458787400000001 0.023804534 0.6440255 0.21170156 0.76327354
11 0.0009325074000000001 0.5440168000000001 0.6718327 0.60740805 0.72903717
1 0.0009278247599999999 0.6081684 0.57791823 0.95583594 0.81389034
13 0.0009239525500000001 0.40475258 0.6844996 0.8289635000000001 0.9142539000000001
3 0.00091971405 0.6255541 0.5736704 0.8013905 0.6885313
10 0.0009189847999999999 0.5796664 0.52126837 1.0 0.9003536
7 0.0009162075999999999 0.56604105 0.51964486 0.6640062 0.5968719
7 0.0009151790300000001 0.8150374 0.6326046 0.889432 0.7638788000000001
1 0.00090915314 0.5356786 0.67325515 0.60415107 0.7262174
5 0.0009053904 0.34183133 0.627138 0.51851535 0.66946924
1 0.0009035614 0.43780640000000004 0.74932 0.80987847 0.96024996
3 0.0008951357 0.6307265000000001 0.58356607 0.71410936 0.6467341999999999
7 0.00089001865 0.43999448 0.59972537 0.54361826 0.6842441
7 0.00088685524 0.0 0.63449216 0.20685340000000002 0.81750524
12 0.0008737927 0.44090107 0.60410786 0.5505416999999999 0.6690319
13 0.0008472682 0.4234719 0.6369166999999999 0.5312653 0.6986219
13 0.00084449584 0.0 0.58376163 0.07545815 0.65793586
1 0.0008371922999999999 0.3882855 0.621911 0.48595017 0.6783724
10 0.0008365953 0.40560466 0.6003901999999999 0.50002754 0.6634201
8 0.0008241734 0.44851977 0.443772 0.7274533000000001 0.73031193
8 0.00082078367 0.92019635 0.6966931 0.9809075999999999 0.7767969
4 0.0008085945 0.41347623 0.59534436 0.48877665 0.6810961
13 0.0007978485 0.81446564 0.6364404 0.92182255 0.7159646
3 0.0007963352000000001 0.79094446 0.46990153 0.9818440999999999 0.84674346
13 0.0007880726 0.41165394 0.58987415 0.4987015 0.65916836
2 0.0007866753999999999 0.4609004 0.69075763 0.92850345 0.95593446
8 0.0007818825999999999 0.35165194 0.3820447 0.76555 1.0
13 0.0007808346000000001 0.8639334000000001 0.6884103 0.9995705 0.7988045
5 0.00076747016 0.39870048 0.617112 0.51380575 0.68644285
13 0.0007673978999999999 0.6073546999999999 0.6159384 0.69582677 0.67955875
12 0.0007630956 0.41240945 0.60503876 0.5191659000000001 0.6704185
11 0.00075404294 0.04742352 0.6294781 0.16895944 0.8174146999999999
10 0.0007526636500000001 0.44187167 0.5931805 0.5351066999999999 0.67303395
13 0.0007405252000000001 0.4841960999999999 0.62266046 0.5605191999999999 0.6708835999999999
3 0.000739513 0.05004303 0.44873774 0.24248149 0.93151474
7 0.00072064094 0.85159594 0.67301434 0.99396884 0.8550094000000001
7 0.0007097192599999999 0.81977934 0.6509421999999999 0.9233507 0.7402639
7 0.00069668604 0.8325565999999999 0.62577754 0.92580503 0.71815693
11 0.00069541455 0.052966599999999996 0.6072486 0.10602938 0.6818231
7 0.0006894328 0.90713084 0.7214484 0.9898994000000001 0.79437566
11 0.0006859708999999999 0.61237746 0.5310897 0.6645335 0.6024818000000001
11 0.0006595695 0.5956691999999999 0.5297824000000001 0.6433270000000001 0.60340905
6 0.0006593949000000001 0.9072530000000001 0.71235114 1.0 0.77316517
13 0.0006449669599999999 0.043261882 0.57550484 0.2217114 0.72120386
10 0.000641273 0.6007967 0.51580226 0.6801826999999999 0.59527993
6 0.00063920754 0.5325019 0.64513874 0.63412136 0.70050615
6 0.0006346713 0.8630169 0.6900446 1.0 0.8213957000000001
7 0.0006334365 0.03181161 0.61313355 0.27214333 0.7895276999999999
4 0.00063305156 0.45904085 0.5968983 0.53443664 0.68347436
13 0.0006323439299999999 0.95183414 0.5080084 0.9979036 0.55701935
11 0.0006317784 0.42728713 0.6144218000000001 0.47701579999999993 0.6871484999999999
9 0.000630818 0.43125042 0.61757827 0.554809 0.67468494
1 0.0006268908999999999 0.481969 0.47505775 0.8560574000000001 0.8973085999999999
7 0.0006260103 0.4009836 0.60064787 0.50446457 0.6850205
13 0.00062265724 0.0 0.58951175 0.2958013 0.8873770000000001
3 0.00062012905 0.043132044 0.64852476 0.19469503 0.71033484
8 0.0006112915 0.46778855 0.5948859999999999 0.53553855 0.67774856
9 0.0006066308999999999 0.43184847 0.60564023 0.50841826 0.68870854
7 0.0005891382 0.46379992 0.43436882 0.9211411 1.0
2 0.00058544875 0.028186874 0.61734354 0.21702932 0.7353033
13 0.0005795027 0.020175222 0.7815053000000001 0.2495134 0.87836695
7 0.00057553034 0.843858 0.61986816 0.99573314 0.8117774999999999
5 0.0005734001 0.5079892 0.668858 0.62765163 0.72259855
9 0.0005671142 0.82471406 0.4962875 1.0 0.6123126999999999
10 0.0005667030999999999 0.5305116 0.63720244 0.6200118 0.69496006
13 0.00056059 0.0 0.67720443 0.39415917 0.9297203000000002
7 0.00054991985 0.5401895 0.6345089 0.6382653 0.70250016
13 0.00054987817 0.36312217 0.64063823 0.45435813 0.6893335999999999
3 0.0005450456 0.82942975 0.16874838 0.98461026 0.6407735999999999
12 0.0005410114499999999 0.46895978 0.25502703 0.9727003000000001 0.8430025999999999
10 0.0005403514 0.54882365 0.6304078000000001 0.6374927 0.699331
4 0.0005395039 0.9511347 0.6333631 1.0 0.77100575
13 0.00053707254 0.6001814 0.628484 0.77540046 0.74534833
7 0.0005365768 0.93785834 0.6683945 0.9948275 0.794711
1 0.000531751 0.43594694 0.6272069 0.51329505 0.6825608
5 0.0005312818700000001 0.6916266999999999 0.4971603 0.9980528000000001 0.5881056
13 0.0005303797699999999 0.7149001 0.6333489999999999 0.9034853999999999 0.7585955
2 0.0005295056 0.034624822 0.6096385 0.13242286 0.6625951999999999
1 0.0005285344 0.0 0.687351 0.1714822 0.79905957
12 0.00052658335 0.04653177 0.60406566 0.29167519999999997 0.7555887
1 0.00052651064 0.64767605 0.64129275 0.8653086 0.7704291999999999
4 0.00052341894 0.43668082 0.59324294 0.5128937 0.6833083000000001
2 0.0005214058999999999 0.120234415 0.5539196 0.21884426 0.6078523
4 0.00052106066 0.56461936 0.6267388 0.63239634 0.7008819000000001
