8 0.97136074 0.3341987 0.56977016 0.50205827 0.75996083
8 0.8113719 0.32622886 0.54944843 0.56000197 0.80405563
3 0.17123011 0.34946245 0.5452161999999999 0.53654647 0.8009795999999999
8 0.16011067 0.33364898 0.6312618 0.49592635 0.79786885
3 0.01759728 0.35221753 0.5463125 0.49041462 0.7396143000000001
9 0.0074046375 0.3638401 0.56190276 0.5705774 0.67593193
13 0.007176780600000001 0.31859124 0.5978034000000001 0.5613102 0.7250385
9 0.0070949504 0.37544933 0.5861586999999999 0.59196204 0.6957023
13 0.006631769 0.24933991 0.5391054 0.5985437 0.7975819000000001
13 0.0054795127 0.28925622 0.53955525 0.5300906999999999 0.694869
13 0.0053136186 0.27676609999999996 0.5919889 0.48414013 0.7014845999999999
9 0.0047724894 0.3525406 0.60162157 0.56936634 0.7281420999999999
2 0.0047607967 0.35078308 0.5326114000000001 0.55568063 0.6763049
13 0.004318207 0.32087129999999997 0.5749558000000001 0.4921098 0.74256325
12 0.004101135 0.32929203 0.54648477 0.55950576 0.6475653
12 0.0040366175 0.35987294 0.5787760999999999 0.5735924 0.67701006
13 0.0039925626 0.22356729 0.6071922 0.5437142 0.81275195
8 0.0036289052 0.30538005 0.5420645000000001 0.46482435 0.7063225000000001
8 0.0033342709999999998 0.21592729 0.49474102 0.5461994000000001 0.8189791999999999
13 0.0032214771000000004 0.28647906 0.5478927 0.5313732 0.8523149
2 0.0030659959 0.28255665 0.5343431 0.5175247000000001 0.66011184
9 0.0030015090000000003 0.3711737 0.5524201 0.5082199000000001 0.7187525
13 0.0026957265 0.33018379999999997 0.66096425 0.5641635 0.75917614
12 0.002616964 0.30747646 0.5762636999999999 0.51950836 0.6742099
12 0.0025424126 0.37858513 0.60685146 0.58834386 0.7088053000000001
9 0.0025163353 0.32989138 0.55923 0.49541593 0.67489976
12 0.0022541387 0.336625 0.5160345000000001 0.47900927 0.68406296
2 0.0022316107 0.27711654 0.5653108 0.5159174 0.6933011
8 0.0021795712 0.31577098 0.42745417 0.53021896 0.79422563
9 0.0020504869 0.36914757 0.6284609999999999 0.61385965 0.7536153
2 0.0020388768 0.25917047 0.49483368 0.71327645 0.80005515
2 0.001991504 0.28718483 0.5973638000000001 0.5266536 0.7192851
13 0.0019054954999999998 0.35594276 0.60669833 0.5400063 0.7719969
9 0.0018479731 0.34096354 0.5490385 0.46873114 0.7206927
4 0.0018381256 0.37098369999999997 0.55369836 0.5316204999999999 0.69306654
9 0.0018376884 0.30652475 0.52958393 0.62082505 0.78742015
13 0.0018354114999999999 0.34622562 0.5408472 0.5966175 0.8802313
12 0.0017351952 0.3212728 0.5972896 0.5312641 0.70089287
4 0.0016197744 0.36494970000000004 0.5936355 0.52963895 0.75355715
9 0.0015908810000000002 0.33411425 0.64702564 0.5661499 0.77520823
2 0.0015858976000000002 0.34723026 0.5877104000000001 0.56650954 0.7409654999999999
9 0.0015029104999999998 0.31364775 0.5631646 0.52553993 0.84610945
9 0.0014748854000000001 0.34565422 0.6125474 0.5061737000000001 0.7876958000000001
9 0.0014574848999999999 0.34197742 0.5525315 0.7096574999999999 0.8142469
8 0.0013751739999999998 0.3674978 0.6244769 0.5152764 0.76590085
13 0.001260354 0.34060553 0.5203727 0.47064316 0.78305155
1 0.0012564202000000001 0.23731288 0.5702255999999999 0.43083185 0.6772841
4 0.0012223794 0.39067551 0.5782698000000001 0.5469735 0.72644615
9 0.001173395 0.39618775 0.61210185 0.5607418000000001 0.76649433
9 0.001137658 0.334055 0.57491285 0.48105820000000005 0.7684856
9 0.0011233777 0.34683326 0.58621997 0.5713592 0.8875030999999999
5 0.0010584298 0.26119006 0.6359828000000001 0.4859819 0.7852785
1 0.0010486591 0.29016262 0.57793486 0.4874438 0.69023633
5 0.0010460078 0.24580586 0.6113068 0.47343504 0.7394284000000001
2 0.0010212285 0.27730575 0.5060636 0.6076355999999999 0.87368125
1 0.0009765533999999999 0.16296814 0.5807353 0.44720256 0.8186749
10 0.0009595774499999999 0.39980698 0.5757884 0.5583229999999999 0.72841686
8 0.00094473804 0.07777588 0.5469682 0.75751466 0.94075525
10 0.0009184842999999999 0.32610694 0.5864941 0.50126135 0.72680724
8 0.0009150312400000001 0.35802478 0.552588 0.49070883 0.8271929
13 0.0008990983 0.29735383 0.6854180999999999 0.54075146 0.7773709
2 0.0008851560400000001 0.36133483 0.49524507 0.5174768 0.7194093
2 0.0008613564400000001 0.32092378 0.55371785 0.47916720000000007 0.7459064999999999
1 0.0008266612400000001 0.31215772 0.55256474 0.47262874 0.7140499
10 0.0008163389 0.34330636 0.60796773 0.5325439999999999 0.76536787
2 0.0008086686999999999 0.3173494 0.6170759 0.5316774000000001 0.75014627
5 0.0007998478999999999 0.1731789 0.6318178000000001 0.5125719 0.71478343
11 0.00078864064 0.36813676 0.5843304 0.46526438 0.8752833000000001
4 0.0007727947000000001 0.3345895 0.6012339 0.49382582 0.7430969000000001
5 0.0007608108599999999 0.13910936 0.6183888000000001 0.477434 0.8886455
7 0.0007527924000000001 0.10402348 0.49551687 0.61233675 0.84424055
1 0.00073898083 0.14317407 0.5339683000000001 0.518935 0.76165
5 0.0007368708999999999 0.18997166 0.66030514 0.55652326 0.74417275
1 0.0006905481599999999 0.23224545 0.6131545 0.50462556 0.8731183000000001
13 0.0006676229 0.25913423 0.6387526 0.4916481 0.731927
7 0.00066015136 0.33689177 0.543189 0.55990756 0.6972568
10 0.0006504539 0.37304790000000004 0.55131334 0.5429923000000001 0.69594836
4 0.0006339175 0.38467452 0.5320188 0.5070321 0.7265911999999999
1 0.0006255725 0.26585773 0.6085619999999999 0.44949478 0.73185635
4 0.0006234779 0.31945002 0.56031287 0.46581703 0.68881637
10 0.00061495707 0.37300304 0.5782418 0.50378436 0.7818941999999999
11 0.0006042048000000001 0.34440702 0.5604916999999999 0.44350690000000004 0.8333010000000001
7 0.00060068973 0.18878159 0.4998397 0.58390385 0.98521936
12 0.0005819672 0.34777367 0.5668726 0.49793825 0.7074744000000001
9 0.0005575825 0.37445766 0.64513224 0.5383220000000001 0.8264799
6 0.00055531337 0.2861759 0.6053670999999999 0.5144446 0.7178101
8 0.0005308085 0.31802133 0.5314781 0.4977144 0.668794
12 0.0005226243 0.391919 0.6269619000000001 0.6055309 0.73211837
6 0.0005211603 0.2998715 0.62753797 0.5240488 0.7442093000000001
7 0.0005160412 0.3484715 0.6036937 0.56958133 0.7415111999999999
1 0.0005117405000000001 0.20362008 0.56932944 0.54343957 0.80509746
5 0.0005068194599999999 0.052417014000000005 0.59300035 0.58374035 0.77270025
10 0.0005059912 0.34964883 0.5367156999999999 0.5123411 0.673027
12 0.0005037558999999999 0.17835028 0.47992215 0.6813562 0.6931304
5 0.00047821942000000005 0.253679 0.5848989 0.46692744 0.6956332
12 0.00047668564000000007 0.24869749 0.43164593 0.5923155 0.6960841
10 0.00046605273 0.39124109999999995 0.4891096 0.49310842 0.68743503
6 0.00046553785999999995 0.3352511 0.58167887 0.56370807 0.7006388000000001
11 0.00046423657 0.28816903 0.37748584 0.46013690000000007 0.96316975
1 0.00045253047999999996 0.33989403 0.6151504 0.52701414 0.73935205
5 0.0004512395 0.16768287 0.611305 0.48635373 0.686251
12 0.0004511558 0.33986294 0.50691783 0.5628509 0.6277902
7 0.00044886355000000005 0.24980019 0.4225278 0.6011751999999999 0.88103527
5 0.00044845015999999993 0.21009097 0.59059906 0.5401298000000001 0.6528913000000001
8 0.00044660032 0.40874824 0.69145346 0.47468844 0.778976
6 0.00044580453 0.3642947 0.6305448 0.58666176 0.7484561
2 0.0004449833 0.30946374 0.40178224 0.6170963 0.7755861999999999
11 0.00043735994000000005 0.35198098 0.53255737 0.43239483 0.75272954
4 0.0004344241 0.40770572 0.60959774 0.54461193 0.78251225
10 0.00042730867 0.30599076 0.56059897 0.48789573 0.6952001
9 0.0004243096 0.391065 0.6012503 0.64266646 0.8751564000000001
5 0.00040738627999999994 0.19318047 0.6799148 0.5296643 0.77951735
4 0.0003965737 0.35200992 0.5527343000000001 0.48995320000000003 0.7721569
2 0.0003932411 0.36961204 0.5851148 0.52225924 0.81339234
9 0.00038991207999999997 0.35612607 0.6820116 0.5848378000000001 0.815178
10 0.00037960336000000003 0.35321695 0.5132045999999999 0.46758792 0.69598156
12 0.00037568316 0.35616106 0.60469323 0.49572387 0.7534568
7 0.00036427053 0.26623073 0.6043926 0.49437356 0.7494555
9 0.00036357171 0.36254323 0.54361653 0.45977566 0.79473424
5 0.00036355876000000004 0.0 0.61284965 0.52797997 0.8191609000000001
12 0.00035814167 0.3677776 0.51744163 0.45365600000000006 0.74791026
12 0.0003518532 0.38249326 0.4893792 0.47108334 0.7303455
5 0.0003484639 0.2090033 0.5837332 0.5820764 0.8112005
6 0.0003430607 0.34580758 0.64801365 0.55591667 0.7706406
11 0.00033924709999999997 0.34324899999999997 0.6177991 0.46047089 0.7684853
4 0.00033740586 0.3424001 0.5352168 0.47238237 0.71981955
6 0.00033437455 0.13031457 0.54527956 0.61898357 0.8051951999999999
4 0.00032520520000000003 0.30476665 0.49365714 0.60133386 0.78570485
5 0.00031629490000000004 0.28999904 0.5951088999999999 0.5031883 0.7126018
11 0.0003088412 0.34182677 0.38166869999999997 0.49465233 0.9460079
1 0.00030805048 0.33545735 0.5691235 0.51854986 0.68097043
10 0.00029571759999999996 0.4377818 0.5358307 0.54910773 0.78036225
5 0.00029569599999999997 0.23681216 0.6390776 0.5936758000000001 0.72597694
7 0.00028203786 0.26491129999999996 0.5475534000000001 0.4889564 0.7025804
5 0.0002806199 0.32909540000000004 0.6109361 0.45398843 0.8139844
7 0.00027569616000000004 0.30477527 0.6366921999999999 0.5154246 0.7767495
9 0.000275329 0.3839964 0.50943726 0.47703192 0.77646405
11 0.00027300557 0.37650500000000003 0.42057043 0.53776634 0.88942856
11 0.00027140584999999997 0.38224109999999994 0.6499296999999999 0.4962066 0.81177765
7 0.0002571719 0.30868143 0.57491356 0.53146863 0.7230013000000001
11 0.00024863932 0.29912078 0.47264493 0.5148133 0.8463759
2 0.00024794662 0.35324743 0.6340115 0.56669706 0.7917121
13 0.00024700680000000003 0.35046479999999997 0.5362615 0.54142714 1.0
4 0.00024437805000000003 0.41845948 0.55450463 0.57052976 0.6852729000000001
4 0.00024134557999999997 0.37092143 0.4618179 0.6141628 0.84763616
5 0.00024071497000000003 0.30919248 0.6732073000000001 0.5135452 0.8272745000000001
4 0.00024007439999999998 0.4169318 0.54613316 0.52649564 0.8163170999999999
11 0.00023751531000000003 0.32133016 0.5924689000000001 0.42828122 0.72892606
12 0.00023501026 0.2424987 0.5280312 0.6184059000000001 0.78626066
5 0.00022765342 0.25594306 0.6565505 0.6015919 0.9144436
1 0.0002202995 0.30772173 0.63190037 0.46750587 0.7999689999999999
11 0.00021883799 0.40281615 0.53088474 0.47855794 0.73474634
10 0.00021216336 0.37234187 0.53480285 0.49034017 0.7178396
6 0.00021206924999999998 0.34312764 0.5476223000000001 0.5364842 0.72888577
8 0.00020870463 0.42302170000000006 0.69871706 0.49119399999999996 0.7884015
10 0.00020647413 0.40774867 0.5050636 0.5119931999999999 0.7119844
10 0.00020638925999999998 0.41573244 0.5878423 0.5356491 0.8203193999999999
7 0.00019814416000000002 0.35902894 0.5228009 0.49967238 0.74901134
12 0.00019670541000000002 0.40206397 0.6204377 0.5344471 0.76065445
4 0.00019159734 0.3529265 0.6302015000000001 0.49699906 0.82191116
2 0.00018759474999999998 0.36294362 0.5029070999999999 0.56872034 0.6416738000000001
11 0.00018703562 0.24272220000000003 0.47784909999999997 0.46239179999999996 0.8767009
11 0.00018471734 0.43107504 0.54850936 0.5205343 0.8445632
6 0.00018058084 0.17705095 0.5793682 0.5794441 0.8802123
8 0.00017664918999999997 0.27042058 0.47987290000000005 0.6420779999999999 0.9053399999999999
10 0.00017362666 0.41384634 0.624659 0.5855674 0.8044246
10 0.00017305183999999997 0.41129893 0.40853563 0.47462508 0.7435691
13 0.0001704469 0.25370234 0.66695935 0.49848345 0.7525177
4 0.00016870412 0.4097797 0.5471691999999999 0.65536106 0.959923
7 0.00016769806 0.31325024 0.5149185000000001 0.46445173 0.7583812
11 0.00016449546000000002 0.41161183 0.5823936 0.5023613 0.8868045
8 0.00015440109 0.41525644 0.6657417 0.46170002 0.7753009
11 0.00015420302 0.383446 0.41764978 0.43900546 0.8557621
1 0.0001536331 0.3188533 0.6454148000000001 0.49964312 0.7637090999999999
11 0.00015084431 0.36581597 0.56407714 0.44949502 0.78214407
11 0.00014964906999999998 0.39104116 0.5509878 0.48262364 0.8136316
4 0.00014399398000000002 0.33276802 0.5332259 0.5826149 0.92790186
11 0.00014098804 0.36104240000000004 0.49525636 0.6165303000000001 0.8897679000000001
1 0.00014037408 0.2813073 0.5379423000000001 0.4730032 0.6468451
8 0.00013656779 0.31757316 0.6011534000000001 0.80976737 0.9222934000000002
13 0.00013626386999999999 0.26351342 0.54000586 0.44521588 0.6688458
10 0.00013318955 0.41744602 0.52781975 0.55366856 0.67943543
7 0.00013223746 0.36631796 0.6040953 0.518031 0.8196034
11 0.00013210898000000002 0.42074537 0.64185363 0.5479042 0.85047877
7 0.00012760003 0.29731265 0.57322603 0.46168852 0.7955479
10 0.00012297009 0.3605381 0.39163384 0.57433534 0.91688335
3 0.00012222854 0.40946808 0.69434303 0.49328409999999995 0.78693855
4 0.000121031364 0.3900438 0.59705806 0.50926423 0.8418059999999999
1 0.00011419221000000001 0.36424850000000003 0.63302034 0.5245850999999999 0.79495627
7 0.00011372020500000001 0.32256132 0.65097773 0.5653531999999999 0.8059765999999999
11 0.00010709433000000001 0.42118514 0.61919355 0.5354541 0.7599415
8 0.00010538436000000002 0.10673357 0.40189615 0.6001896 0.94507337
12 0.00010526968999999999 0.176504 0.5468473 0.72264415 0.73811644
5 0.00010193742 0.23696913 0.70523816 0.52893406 0.82293284
6 0.00010111569999999999 0.32578337 0.6847215999999999 0.5398219 0.78378826
11 9.997157e-05 0.3792242 0.6606559000000001 0.5126681 0.8869899
2 9.944361999999999e-05 0.32026818 0.56237143 0.7953730999999999 0.8316207
11 9.926275400000001e-05 0.37141672 0.58591324 0.46892047 0.7129842
4 9.511691999999999e-05 0.38811672 0.5402209 0.53809506 0.6570104
4 9.5103074e-05 0.28599647 0.49672797 0.51343566 0.84876007
11 9.430964599999999e-05 0.39663795 0.60560316 0.5090592 0.7385118
1 9.423357599999999e-05 0.26347998 0.6608221 0.5221515999999999 0.9268097
10 9.304355e-05 0.39471632 0.31758532 0.6230458999999999 0.87806827
10 8.831965e-05 0.36880288 0.6583255 0.564177 0.8421504999999999
11 8.799013000000001e-05 0.43110904 0.41321588 0.60470283 0.99065155
8 8.243875e-05 0.42821318 0.66900104 0.47519964 0.77790105
3 7.648703e-05 0.19162884 0.5170039000000001 0.79500324 0.9705697
7 7.545928e-05 0.27247792 0.66609347 0.4853 0.8072807
8 7.467612e-05 0.043710288 0.45080322 0.42509013 0.95878154
1 7.371050999999999e-05 0.35854393 0.68652153 0.5432729000000001 0.78792685
9 7.185657e-05 0.3714372 0.6010810999999999 0.7711765 0.8472021000000001
1 6.794827e-05 0.22868943 0.5323895000000001 0.42258066 0.6379638000000001
6 6.6918394e-05 0.32584417 0.7035583000000001 0.56160086 0.80957323
8 6.682426e-05 0.46476454 0.6744579 0.5053175999999999 0.7788356
8 6.618119000000001e-05 0.52527964 0.18644570000000002 0.8776375 0.94229454
11 6.5059e-05 0.41745192 0.5468233 0.5003116 0.76014936
9 5.9952147999999996e-05 0.3018508 0.59717995 0.48424269999999997 0.7304852
1 5.9462378e-05 0.24424826 0.6326052 0.43250155 0.75239617
10 5.944611e-05 0.46507627 0.57594705 0.5708923 0.82580256
6 5.8692166999999997e-05 0.36008748 0.67841333 0.55017984 0.82988876
11 5.846438199999999e-05 0.40886348 0.42990094 0.46517600000000003 0.7634798
2 5.6560846e-05 0.2982866 0.5066068 0.51877564 0.63005275
10 5.5911507e-05 0.43336640000000004 0.3968968 0.71449405 0.8956414
2 5.2590076e-05 0.37133202 0.47061040000000004 0.46635622 0.7524635999999999
13 5.0724449999999995e-05 0.14988153 0.5228349 0.52158606 0.79687625
1 5.0690483000000006e-05 0.328139 0.70219034 0.51281464 0.8009185999999999
13 4.9532064e-05 0.5655398 0.09627777 0.9802320999999999 1.0
6 4.947911e-05 0.270067 0.6072009 0.70361114 0.93116164
2 4.6242603e-05 0.3856309 0.40765575 0.57023114 1.0
10 4.2698100000000004e-05 0.48351359999999993 0.36491308 0.6766788 0.9848986999999999
13 4.2306587e-05 0.0 0.39230666 0.71246547 0.99737155
4 4.152158e-05 0.38299206 0.49346468 0.66807353 0.76458967
4 4.0106373e-05 0.3194958 0.6182032 0.46810156 0.77085155
8 3.8802750000000004e-05 0.44640219999999997 0.67023164 0.49115896 0.7797689
12 3.820888e-05 0.43148643 0.62835073 0.56020635 0.7864629
3 3.78472e-05 0.42684165 0.68732995 0.51793575 0.7936966999999999
4 3.7628237e-05 0.43884718 0.5911105 0.54000473 0.8224597
3 3.6052945e-05 0.55487067 0.25774637 0.99447393 1.0
8 3.559334e-05 0.17124942 0.5423693 0.49937555 0.9056488000000001
5 3.5590263e-05 0.32519525 0.7006243000000001 0.52322054 1.0
4 3.5286128e-05 0.39260915 0.47789618 0.48286745 0.7558803000000001
9 3.52756e-05 0.39746848 0.61742467 0.57273537 0.99698937
4 3.494775e-05 0.37069175 0.4829414000000001 0.4663137 0.80213565
7 3.1968935e-05 0.35032959999999996 0.48718607 0.44914177 0.84866893
6 3.1755037000000005e-05 0.31730214 0.559161 0.5401672 0.66918105
3 3.0588188e-05 0.35868540000000004 0.5442733000000001 0.51046365 0.65970814
8 2.7860619e-05 0.42091447 0.18471843 0.77847 0.8864658000000001
13 2.6793436000000002e-05 0.35926038 0.6828566 0.5037205 0.83141845
8 2.5150088000000002e-05 0.043402425999999994 0.12819758 0.39226905 0.83941233
12 2.4649389999999997e-05 0.34478566 0.4748779 0.58603233 0.8240113000000001
7 2.3633404e-05 0.13593376 0.58959085 0.7399201 0.9052046
7 2.3539122000000003e-05 0.37163916 0.46309054 0.47078478 0.81464106
8 2.3485645e-05 0.42227063 0.6910454 0.4894751 0.75796026
8 2.3227175999999998e-05 0.44108748 0.69988173 0.5021057 0.78243035
13 2.2422651e-05 0.6030576999999999 0.030675 0.9799155999999999 0.6221507
7 2.2356176e-05 0.2350159 0.6447297 0.4624635 0.7793493
12 2.1474205000000002e-05 0.36588588 0.6551334 0.60181373 0.7756396
13 2.1418344e-05 0.29032979999999997 0.51752615 0.49477574 0.6426293000000001
8 2.05761e-05 0.26078102 0.46050072 0.48533109999999996 0.9095565000000001
5 1.983502e-05 0.35476527 0.67763287 0.55404603 0.8495628000000001
5 1.9053865e-05 0.15564425 0.66942406 0.66821826 0.86614585
13 1.898036e-05 0.7062976 0.067835644 0.99652946 0.97688705
1 1.8575878e-05 0.058502063 0.46117917 0.4995045999999999 0.6592785
8 1.8176492e-05 0.69344926 0.17869815 0.92281765 0.9764719000000001
9 1.7551686999999998e-05 0.37354162 0.5235354 0.5272677 1.0
8 1.6706889999999997e-05 0.4057416 0.65566784 0.44398654 0.77355915
8 1.5935295e-05 0.39697555 0.67069674 0.45709979999999995 0.76579595
13 1.5934665e-05 0.36133736 0.63354003 0.48786613 0.8666423000000001
8 1.5544769e-05 0.1728421 0.7065531 0.7659762 0.9561130999999999
10 1.554285e-05 0.33135778 0.6416805 0.51203436 0.80244005
5 1.5370606e-05 0.24029711 0.57533485 0.5373804 0.6369064
8 1.5159247e-05 0.40507543 0.7263367 0.46614045 0.78939724
11 1.51073755e-05 0.33640093 0.46197927 0.5690885 0.81243926
3 1.4945876000000001e-05 0.4196527 0.65763 0.47472829999999994 0.79014415
13 1.4879484e-05 0.40466484 0.7119649 0.49002743 0.79657805
8 1.4789908e-05 0.10242535 0.21716805 0.493655 1.0
13 1.4556206999999999e-05 0.45728996 0.10333781 0.8605324000000001 1.0
9 1.4512852e-05 0.073513925 0.45401612 0.7960243 1.0
13 1.4473534999999999e-05 0.33262783 0.4114710999999999 0.5186237 0.96662694
3 1.3642799e-05 0.059755817 0.26059997 0.37841877 0.9542495999999999
8 1.3632502999999999e-05 0.41848406 0.65908396 0.47801778 0.743931
11 1.3569766e-05 0.33236697 0.65081877 0.45978990000000003 0.8429167
11 1.2980336e-05 0.43610129999999997 0.5689918 0.5331416999999999 0.6936007
3 1.2962605e-05 0.43050906 0.6437816 0.49293157 0.7907791999999999
8 1.2824239e-05 0.23755229 0.20996302 0.6080717 0.87437785
12 1.2753906999999999e-05 0.15842813 0.41418335 0.6441492 0.62293833
8 1.2670489e-05 0.32800487 0.18320742 0.689836 0.9161239999999999
7 1.2535404000000001e-05 0.30029213 0.4546986 0.56931144 1.0
4 1.2439898e-05 0.41603583 0.5870852 0.7258190999999999 0.88676405
1 1.24037e-05 0.24716535 0.66988504 0.44401032 0.7722925
13 1.19744345e-05 0.0 0.07478424 0.31770635 1.0
8 1.1430728999999998e-05 0.6470744 0.48798850000000005 0.9180521 0.98812866
9 1.1271949e-05 0.40630814 0.6547665 0.6373866 0.78623056
13 1.1216652e-05 0.40178522 0.6868211999999999 0.48913029999999996 0.7699574
8 1.1117559000000001e-05 0.44385293 0.69353145 0.5058947 0.7555267
8 1.0871101000000001e-05 0.610672 0.090702616 0.8834770000000001 0.6346991
3 1.0232278e-05 0.47118416 0.4443745 0.92632675 0.9817324000000001
10 1.011341e-05 0.31715187 0.5122557 0.46314654 0.6498130999999999
9 1.0086615e-05 0.35401744 0.53436303 0.5229902 0.64260745
3 9.786544e-06 0.40509209999999995 0.64965916 0.9243157 0.9621516999999999
