3 0.8591184000000001 0.2533394 0.48693824 0.32858909999999997 0.61317164
8 0.73811823 0.5968521 0.47909006 0.7530150999999999 0.6319309000000001
8 0.7079585999999999 0.25098714 0.49860415 0.48007444 0.6523682
3 0.4509822 0.2643506 0.48085538 0.31869423 0.5403545
8 0.39247397 0.25012037 0.4157414000000001 0.47102422 0.55445594
3 0.22647779999999998 0.25880474 0.47189529999999996 0.31738046 0.5603564
3 0.16794476 0.32266724 0.3976381 0.46401277 0.51128995
3 0.16021407 0.61313826 0.4314563 0.78351766 0.7026973000000001
8 0.0637847 0.24096163 0.38838002 0.52316475 0.6827423
3 0.05816384 0.28002575 0.51056606 0.46350569999999996 0.6469009
8 0.05672641 0.2748773 0.3900765 0.46832138 0.52003956
8 0.04632161 0.58733195 0.40509823 0.77667695 0.8045593000000001
8 0.038451627 0.096826866 0.39859834 0.46123272 0.6952573000000001
3 0.03705787 0.013113923999999999 0.44450134 0.059290275 0.50474507
8 0.03488325 0.25124789999999997 0.48018393 0.32308832 0.54095703
8 0.0332528 0.24871714 0.47739503 0.31617498 0.5994873000000001
13 0.022914682000000002 0.24674182 0.4821179 0.3235368 0.54049397
8 0.022184799999999998 0.610372 0.45947840000000006 0.7375507 0.6981151
3 0.019872893 0.31642562 0.40692332 0.4806996 0.55812144
8 0.015556634 0.31915 0.5743216999999999 0.44702120000000006 0.64238995
13 0.013561415 0.28048474 0.4098840999999999 0.47040197 0.5184380000000001
13 0.008376297 0.61931854 0.45394552 0.7517016 0.67305577
8 0.007920698 0.2367525 0.47348583 0.42079824 0.64554983
8 0.006556354 0.010121195 0.43555692 0.05380356 0.5031460999999999
8 0.005818129 0.30884305 0.42090946 0.44746673 0.48371187
13 0.0053141187 0.60427374 0.5136156 0.74292886 0.6911348
8 0.005195435 0.030605992000000002 0.43529752 0.38313356 0.72797155
2 0.0046588359999999995 0.23002644 0.47927746 0.33539477 0.52954674
2 0.0044700713000000005 0.26596144 0.36711958 0.5069931 0.5019332999999999
3 0.0042901402000000005 0.32325506 0.41338995 0.44963223 0.48608029999999997
8 0.0037736322 0.5740231 0.5031352 0.7274038 0.65176046
13 0.0036340689 0.5765442 0.48209733 0.7685518 0.64576197
3 0.0034505595 0.60879576 0.41583207 0.8032988 0.8483016
2 0.003353622 0.28195548 0.38991043 0.52614105 0.53406024
8 0.0032445455 0.25628182 0.5104889 0.32810667 0.6136134
2 0.0031398846999999997 0.26136820000000005 0.48558727 0.33632994 0.56616336
13 0.0030916536 0.22942944 0.48919278 0.32141966 0.5946942
13 0.0027367628999999997 0.5667589 0.47683102 0.8312002000000001 0.83195907
3 0.0026167086 0.32237550000000004 0.5752594 0.46520278 0.6540560000000001
13 0.0022319732 0.62312776 0.37899786 0.7968418 0.92287964
3 0.0021366416 0.25810257 0.5150819999999999 0.34681952 0.62902844
3 0.0021345795 0.2480632 0.48665329999999996 0.32203930000000003 0.57276
7 0.0020893535 0.21897605 0.47311854 0.32361087 0.55121475
13 0.0020558110000000003 0.24717721 0.5307339 0.3294473 0.60987294
13 0.0020140263 0.30296504 0.40728644 0.5104375 0.5467144
8 0.001995334 0.24248092 0.52096325 0.32169592 0.59541446
3 0.0019405154 0.31011334 0.39645636 0.51693827 0.63068825
8 0.0019144735999999999 0.07747739599999999 0.41789845 0.50057465 0.9118992
3 0.0018830564999999999 0.29666838 0.46104300000000004 0.48303628 0.61908334
2 0.0018617496 0.24994168 0.45748502 0.337949 0.5469544
9 0.0015625199 0.31565329999999997 0.41184202 0.47799373 0.52739716
7 0.0014837885999999998 0.24049401 0.5061581 0.32385644 0.62897223
7 0.0014642171 0.22248305 0.37280774 0.4791036 0.55711323
1 0.0014572032 0.23599145 0.4164477 0.43762365 0.5215544
1 0.0014125042 0.21897092 0.49252525 0.30048308 0.53513396
1 0.0013873016 0.23867609 0.49336523 0.31935677 0.540922
8 0.0013793866 0.01947318 0.3172886 0.2576439 0.92538553
7 0.0013717074 0.24783193 0.47803107 0.33233142 0.60123634
3 0.0013455044 0.32376605 0.39225575 0.44489267 0.46755117
9 0.0012169657 0.6651104999999999 0.44935188 0.79627615 0.6216769
2 0.0012003108 0.63160384 0.3915088 0.8098159 0.6555422
12 0.001186139 0.25739065 0.4728567 0.34278107 0.5710221
13 0.0011839702 0.008523594 0.4564519 0.04779918 0.50613797
2 0.0011779492 0.5890305 0.47354972 0.8632339 0.6276343000000001
1 0.0011585881 0.24141687 0.5064894 0.30946743 0.58442056
8 0.0011581583 0.29265562 0.46737525 0.6680252 0.87497336
13 0.0011435418 0.23730342 0.44317695 0.43100366 0.5414536999999999
13 0.0011004453 0.24914384 0.4684289000000001 0.48700023 0.59526944
12 0.0010825575 0.65368915 0.41284412 0.8214079 0.5862804
13 0.0010490909 0.25237724 0.55753237 0.32640257 0.6300352
10 0.0010374554 0.6598955 0.3903454 0.8021491999999999 0.6019936
12 0.0009985692 0.24092634 0.47088630000000004 0.33288366 0.5247841
13 0.0009666311000000001 0.1797091 0.42292985 0.56392664 0.6670936
13 0.0009665419 0.22758737 0.53725946 0.3374481 0.5959264
8 0.00095717405 0.04282262 0.39407405 0.3598745 0.9163902
9 0.0009497856 0.31971332 0.43156892 0.50429523 0.55011374
11 0.0008978780000000001 0.6100817 0.49036822 0.725791 0.73513544
8 0.0008804652 0.010145534 0.47658142 0.30959440000000005 0.78613657
13 0.0008556227 0.27183070000000004 0.535778 0.47246045 0.647837
6 0.0008493166 0.2569744 0.5235293 0.34523836 0.6076687
12 0.0008404004 0.28110057 0.39626350000000005 0.54250187 0.5299311999999999
13 0.0008197562 0.25972283 0.5084175 0.48968938 0.6256823
13 0.0008175187400000001 0.28698272 0.5656251999999999 0.48749220000000004 0.66911274
12 0.0008079042999999999 0.24854678 0.4435699000000001 0.33361929999999995 0.5415651
9 0.0008055037 0.2506661 0.48015076 0.31901178 0.5366352
5 0.00078977924 0.19925720000000002 0.49077079999999995 0.31659594 0.5304661999999999
2 0.000763934 0.59650224 0.45847455 0.77813584 0.68339956
7 0.0007502055 0.22954945 0.53217155 0.3374571 0.60502756
8 0.0007428961 0.95877737 0.09567606 1.0 0.17341542
7 0.00073571986 0.5539031999999999 0.45354849999999997 0.7489973000000001 0.6968696
12 0.00071503426 0.2654572 0.502374 0.33661592 0.6003049
7 0.00071189 0.60479355 0.39657074 0.7703466999999999 0.68873525
8 0.0007074455000000001 0.24021710000000002 0.49355438 0.31123182 0.56330276
6 0.0006900017 0.25595972 0.50089556 0.3338653 0.5885445
6 0.00068562524 0.22751075 0.48920909999999995 0.339317 0.53971994
1 0.0006812044299999999 0.2488638 0.54545105 0.31839168 0.6122109
10 0.00067293143 0.24908942 0.5161518 0.33503590000000005 0.6091105
5 0.0006523768 0.2291509 0.5257263000000001 0.331268 0.6084301
5 0.0006415943 0.5604796999999999 0.5359630999999999 0.7653385 0.6689056999999999
9 0.00063912413 0.25853866 0.49535280000000004 0.33085626 0.5822076999999999
9 0.0006207392 0.2617813 0.48419553 0.34633723 0.54199594
12 0.00061530253 0.25493413 0.3744294 0.53162664 0.49715638
11 0.00061375875 0.25612634 0.4852089 0.29756087 0.5398114
5 0.00058489986 0.18002889 0.42119583 0.45205787 0.50801045
10 0.0005772108599999999 0.24866784 0.488346 0.32839522 0.5717871999999999
13 0.0005744644 0.5568765 0.4419218 0.74335116 0.61709017
8 0.0005672186 0.011502446000000001 0.40800425 0.09357183 0.5469854000000001
1 0.00056045956 0.26180997 0.44438574 0.45396024 0.54397434
8 0.0005586387 0.10936384 0.36615723 0.66662014 0.9021571
9 0.0005352172 0.32771268 0.49283296 0.54782695 0.5913071
7 0.0005289020500000001 0.23366916 0.5449461999999999 0.32428047 0.65845346
11 0.0005154162599999999 0.32917583 0.36515328 0.4501058 0.5455013000000001
2 0.0005132876000000001 0.21759512 0.40555716 0.48386022 0.528299
1 0.0005101977999999999 0.6145925999999999 0.4827651 0.75150436 0.63155407
9 0.0005054142 0.3249502 0.5238962 0.53745204 0.626584
13 0.0005023348000000001 0.23936775 0.5624339 0.34134936 0.6126326999999999
11 0.00050174515 0.33525170000000004 0.49361318 0.47227904 0.69329345
9 0.0004983797 0.63681376 0.47619265 0.7594380999999999 0.64687747
3 0.0004932519 0.19354549 0.41966036 0.5050482 0.6498101
1 0.0004931119599999999 0.22423042 0.38857523 0.43663016 0.48572883
12 0.00048049903 0.6344653 0.4694339 0.86058307 0.58971184
9 0.00047912594000000004 0.31726503 0.5557354999999999 0.5241876 0.6649585
8 0.00047778425999999997 0.24029419 0.5440762 0.32346028 0.61135334
10 0.00047473828 0.65644294 0.45116502 0.81090736 0.6477564
3 0.00047064043 0.96593386 0.08831589 1.0 0.18954621
6 0.0004609875599999999 0.21682616 0.41460618 0.53264636 0.5451338000000001
11 0.00044627985 0.2739189 0.49138796 0.4050248 0.65492666
2 0.00044601695999999994 0.5704531999999999 0.4131459 0.96966356 0.8094943
7 0.00044209257000000005 0.5318616999999999 0.4904338 0.788604 0.6671669
13 0.00043045857000000004 0.22667097 0.51077724 0.42341173 0.6292701999999999
12 0.00042743285 0.63215595 0.45824805 0.77955043 0.6402800999999999
13 0.00042005026 0.24938429999999998 0.35745686 0.51731175 0.69638866
13 0.00041493995 0.21870555 0.50160766 0.32904202 0.5641444
2 0.00041420225 0.25462615 0.51216143 0.33115359999999994 0.59729195
7 0.0004134973 0.25905272 0.50991315 0.34598938 0.6192938
6 0.0004122239 0.24855225 0.55209726 0.34199983 0.63884556
5 0.0004083524 0.57583946 0.5086676 0.8036715999999999 0.63505024
11 0.00039145967000000007 0.2655593 0.5270258000000001 0.31236297 0.6236052
10 0.00037746012000000004 0.6311972 0.4472451 0.78198624 0.611704
9 0.00037441266000000004 0.6268842 0.49828149999999993 0.73835695 0.6758677
13 0.00037352394 0.40843759999999996 0.46905184 0.5175112000000001 0.5331866999999999
8 0.0003699283 0.23566215 0.40354982 0.5937581999999999 0.8974832
9 0.00036669997000000003 0.6674648 0.5090911 0.79235 0.68089694
8 0.00036461877999999996 0.57919973 0.54158556 0.7256173 0.69637084
8 0.00036453592000000004 0.48734814 0.4030632 0.75479823 0.7605446
8 0.00036283856 0.018837001000000003 0.25524288 0.60598314 0.796284
11 0.00035748273 0.6682875 0.47514176 0.7628374 0.6558821
9 0.0003572893 0.2566373 0.514227 0.32657129999999995 0.6060810000000001
5 0.00035293985 0.22461751 0.5104032999999999 0.32594544 0.5700253000000001
8 0.00034925155 0.5074156 0.4745304 0.7954210999999999 0.8018344000000001
1 0.00034635385999999996 0.57700664 0.5347056 0.7081772 0.67584664
6 0.00034427970000000004 0.2772075 0.45546895 0.55921125 0.56742525
2 0.00034031972999999996 0.25006104 0.52528834 0.34635592 0.5836526
4 0.0003387943 0.26258513 0.4946473 0.32957658 0.5896418000000001
11 0.00032304984 0.27443707 0.48074383 0.32088208 0.54353935
2 0.00031988963 0.30709109999999995 0.45242932 0.52606285 0.6044647
10 0.00031842786 0.34565383 0.46981645 0.5436255 0.617904
4 0.00031724302 0.29939437 0.39409485 0.47819147 0.53567576
12 0.00031556933999999997 0.26752675 0.5152295 0.35895485 0.5834471
10 0.00031477946 0.6187331 0.48019803 0.77283996 0.6485753000000001
11 0.00031339919999999997 0.63400024 0.50503767 0.74482846 0.68876886
4 0.00031198785 0.25785565 0.47955686 0.34662285 0.541267
13 0.00031071107 0.31009424 0.41707253 0.43704045 0.47545722
10 0.0003077297 0.25637323 0.47146347 0.33161740000000006 0.5415385
9 0.0003014161 0.23760323 0.41222224 0.6263439000000001 0.65711766
6 0.00029686897 0.5688496999999999 0.5344142 0.81190705 0.69438255
8 0.00029628523 0.3104328 0.55923355 0.42375517 0.62646246
10 0.00029441048 0.2811789 0.49994794 0.34670553 0.6147275
1 0.00029286242 0.1912434 0.4350988 0.39680842 0.5365729
4 0.00028782058999999997 0.25146276 0.5106189999999999 0.32733756 0.6181528000000001
8 0.00028269950000000003 0.025215557000000003 0.16269916 0.37338397 0.80420524
9 0.00027713247000000005 0.6381796 0.4865492 0.82326764 0.62739146
10 0.0002764797 0.33009097 0.4977795 0.5518375 0.6574647
12 0.0002741603 0.29047003 0.48597749999999995 0.54615057 0.6068920999999999
12 0.0002730257 0.30658308 0.45352402 0.55376 0.57474476
4 0.00026999874 0.6713511999999999 0.45332724 0.79633653 0.63921356
13 0.00026975188 0.064153284 0.4324615 0.44370294 0.6707289000000001
8 0.00026936366 0.3192828 0.41218397 0.43842349999999997 0.458607
1 0.00026733262 0.5944921999999999 0.5136787 0.73880726 0.65419614
12 0.00026575426 0.6236145000000001 0.44576457 0.86668956 0.55757284
13 0.00026345777 0.0038738907 0.42830482 0.045617614 0.49100429999999995
9 0.00025725862 0.27741975 0.35492766 0.51726896 0.69039494
8 0.00024927355 0.55526245 0.33942965 0.918327 0.9350415999999999
10 0.00024819432 0.27361724 0.46639755 0.34898785 0.54497534
3 0.00024704315 0.6160464 0.53952587 0.67310566 0.665425
13 0.00024617385 0.33310845 0.5879864 0.45476540000000004 0.63850164
1 0.0002446771 0.2675711 0.5406854 0.33585754 0.61454767
7 0.00024329171 0.22658028 0.5573626 0.33652842 0.6319549
9 0.00023721995 0.23791933 0.5188656 0.43804765 0.6394843000000001
2 0.00023661064999999998 0.18800667 0.30549740000000003 0.68444765 0.62951314
2 0.00023487743999999998 0.30185935 0.49927807 0.51416475 0.6507486
10 0.0002306413 0.60230243 0.46929570000000004 0.8303610999999999 0.6223138
13 0.00022956329 0.57336056 0.54257 0.795454 0.6794673999999999
3 0.00022905098999999999 0.42030868 0.47549668 0.51621413 0.5510341999999999
11 0.00022812452999999998 0.02162061 0.43964297 0.050979922999999996 0.5222954000000001
5 0.00022411981 0.17894767 0.44533500000000004 0.47230875 0.5282036999999999
11 0.00022405775 0.26756272 0.50858176 0.30537143 0.5967534999999999
1 0.00022276627999999997 0.5592760999999999 0.5191167999999999 0.7271215 0.6240845
4 0.00022151478 0.24200778 0.48149008 0.32490006 0.534411
5 0.00021767324 0.20763609 0.5587185 0.5207124 0.66035837
2 0.00021723456000000003 0.005981549599999999 0.44510347 0.058719452000000005 0.50966716
4 0.00021702162999999997 0.32209983 0.43512446 0.50897497 0.56870115
13 0.00021680813999999998 0.32687375 0.39025113 0.45703074 0.45231345
7 0.00021274951 0.5911438 0.45405683 0.8373414 0.63458997
8 0.00021271555 0.0056122043000000005 0.38055277 0.1906767 0.63057876
2 0.00020912996999999998 0.2712748 0.5038657999999999 0.34706336 0.60111463
9 0.00020912198 0.2793363 0.43457246 0.44079998 0.5458364
7 0.00020376162 0.0 0.45383215 0.055765722000000004 0.5196486
12 0.00020249341 0.6504553000000001 0.3970067 0.76219183 0.6817363000000001
5 0.0002000266 0.22830749 0.48265982 0.31869188 0.5510565
7 0.00019841224999999997 0.44729057 0.42623362 0.8960196 0.9160988000000001
8 0.00019802261 0.6058619000000001 0.564666 0.66149527 0.6440887
10 0.00019632308000000002 0.25765494 0.49672577 0.46678075 0.62384856
6 0.00019600758 0.23926857 0.4777947 0.34523705 0.56158936
5 0.0001929185 0.57512784 0.5651203 0.78168064 0.68856996
4 0.00019205181 0.6502318 0.495463 0.7796496999999999 0.6581049
6 0.00019133679 0.20257652 0.45309398 0.49556378 0.55595773
4 0.00018975353 0.32946384 0.5084873 0.5095236 0.6912189999999999
4 0.00018722756 0.6755072 0.5128060000000001 0.7918946 0.6876825
11 0.00018662038 0.6609307 0.5095217000000001 0.76876956 0.7122261
2 0.00018652392 0.24512085 0.49996588 0.35243404 0.5593524000000001
3 0.00018401922999999998 0.3210312 0.5298491999999999 0.48420045 0.6539391
11 0.0001811386 0.27555868 0.46860576 0.31229368 0.5634511999999999
10 0.0001782057 0.34117156 0.38885117 0.53033906 0.5548601
1 0.00017347721999999997 0.11036479 0.40157357 0.5277303000000001 0.61971855
1 0.00017159383999999997 0.62344193 0.53273237 0.7530606 0.6822095
4 0.00017122866 0.6298815999999999 0.51087433 0.7536238000000001 0.6768823
13 0.00017088563000000002 0.05607215 0.48698163 0.40649864 0.70856386
9 0.00017075341 0.66012394 0.4606722 0.9238833000000001 0.8123543000000001
8 0.00016882291 0.13297884 0.549762 0.2899665 0.6978154000000001
9 0.00016871485 0.32985538 0.58428377 0.5423751 0.68725526
12 0.00016789151 0.26948273 0.5166628 0.5318170999999999 0.6258409
8 0.00016516754 0.31553254 0.44447678 0.43380806 0.50500304
1 0.00016362940000000002 0.25480549999999996 0.548007 0.45793065 0.64976585
13 0.00016265523000000002 0.42485870000000003 0.48186225 0.81423235 0.77926886
11 0.00016107205 0.6283784 0.5263674 0.750729 0.76073503
5 0.00015724186000000003 0.47447976 0.5195637 0.84087473 0.6063341
8 0.00015647726999999998 0.17410365 0.47765315 0.34410468 0.66407436
7 0.00015561895 0.10083552 0.37628886 0.6187771 0.71862227
10 0.00015537276000000003 0.25704724 0.5445380999999999 0.3326925 0.65401715
1 0.00015285893 0.19540717 0.50518596 0.40462807 0.61243194
6 0.0001510866 0.21361625 0.5141682 0.50536823 0.61636823
8 0.00015059467 0.04552475 0.23258 0.43360108 0.9511351
3 0.00015058882 0.33316824 0.4413367 0.44570604 0.5044679
4 0.00014851804 0.6628710999999999 0.55586475 0.7706049 0.71320444
7 0.00014812172 0.22664479999999998 0.5056005 0.3444497 0.57478774
6 0.00014777204 0.5909137 0.46798524 0.8466474 0.6517331999999999
12 0.00014745638999999998 0.25344983 0.47301728 0.4706767 0.6128882
2 0.0001461099 0.25855765 0.48297879999999993 0.46760252 0.6109139
6 0.00014519843000000002 0.23346749 0.53490365 0.3331587 0.5891764
12 0.00014313478 0.30758238 0.41880608 0.57107544 0.5508228000000001
5 0.00014287695 0.19785482 0.40735736 0.46059259999999996 0.48292404
10 0.00014131355 0.019206268999999998 0.44961720000000005 0.062959485 0.5198996
5 0.00014127733999999998 0.16927418 0.53410554 0.45173144 0.62257713
11 0.0001409848 0.36157346 0.5046579999999999 0.5049451 0.7198223000000001
6 0.0001404304 0.23967037 0.5647995 0.36227940000000003 0.61925465
2 0.00014014375 0.61954486 0.41814452 0.8807688 0.5824619000000001
8 0.00013980069 0.5345226 0.18484986 0.88470906 0.8158385
13 0.00013911554 0.14386414 0.50681174 0.50052935 0.72550684
9 0.00013806448 0.6413708 0.5340560000000001 0.76721483 0.71394014
5 0.00013769767 0.23210289 0.5482889 0.32347807 0.6436632
1 0.00013110461999999999 0.006504424 0.46738765 0.048295147999999996 0.51600116
3 0.00013028077 0.18415593 0.5764667 0.29016125 0.65759104
11 0.00012590409999999999 0.34908345 0.39628148 0.4774946 0.58249795
7 0.00012548987 0.16282631 0.41442645 0.44458944 0.5735431
3 0.00012247579 0.24869505 0.4694749 0.43128347 0.63066906
4 0.00012079428400000001 0.3571738 0.48059916 0.5255046 0.6494454000000001
7 0.000120365636 0.28413045 0.41501853 0.5438381 0.5604687
3 0.00011998563 0.26309314 0.4602458 0.32283682 0.52951735
1 0.00011860583999999998 0.24788160000000004 0.569738 0.31719378 0.6414969
10 0.00011670982 0.34212357 0.42907609999999996 0.44305083 0.48559412
8 0.00011566583999999999 0.951699 0.024220897 0.98977554 0.08812350000000001
11 0.00011565437 0.6688632 0.19187951 0.7942745 0.9872173000000001
11 0.0001146177 0.26349863 0.529145 0.31793734 0.6669173
8 0.0001135634 0.013911502 0.44072643 0.07299637 0.5141659000000001
10 0.00011320701999999999 0.36846995 0.42127788 0.55071104 0.5713553000000001
6 0.00011156107 0.21489067 0.39158398 0.516066 0.5085105
9 0.00011083893 0.15117656 0.41514359999999995 0.48456433 0.66487986
1 0.00011026339 0.2570288 0.5112842000000001 0.48468876 0.6142022
2 0.000108393324 0.2615607 0.4701674 0.36653164 0.53458816
4 0.00010763763999999999 0.28069884 0.50190103 0.34460458 0.61441636
10 0.000107213724 0.22755139 0.52914065 0.32481933 0.5929138
10 0.00010721076000000001 0.68629 0.38756093 0.77468127 0.64297855
9 0.00010420427 0.27173963 0.5205133 0.34536934 0.60424614
7 0.000103153034 0.24636284 0.51639533 0.50453264 0.6820269
5 0.00010136646999999998 0.053761974000000004 0.48522946 0.6330905 0.6406536999999999
12 0.000101005266 0.26863223 0.5262164 0.33650967 0.62585264
4 9.936584000000001e-05 0.32096145 0.37400138 0.48256317 0.5015742999999999
13 9.926611500000001e-05 0.54584605 0.5377493 0.7324582 0.6493283000000001
11 9.831413599999999e-05 0.36666256 0.4878148 0.49035665 0.6620655
1 9.828091999999998e-05 0.27000514 0.48643807 0.48832428 0.58567643
6 9.798143599999999e-05 0.29063404 0.50056344 0.56477845 0.60428023
1 9.739040000000002e-05 0.23391502 0.5104808 0.32110465 0.5614075
10 9.732363e-05 0.37187645 0.51670647 0.5661016999999999 0.6900643
10 9.731405999999999e-05 0.25031668 0.53200525 0.46192893 0.65374005
8 9.591190999999999e-05 0.22251035 0.42776674 0.37584788 0.5994578
11 9.571474e-05 0.02214456 0.42532983 0.048229758 0.49509862
9 9.4384784e-05 0.26292187 0.5411064 0.32493773 0.63765
2 9.248825999999999e-05 0.24700655 0.53711206 0.32882193 0.6209984000000001
8 9.183155000000001e-05 0.2540823 0.46041083 0.31518275 0.5239153
