3 0.99869174 0.71198654 0.41315526 0.99707556 0.7422201999999999
3 0.99718565 0.0049886853 0.4432189 0.25940531 0.8150416
3 0.95325166 0.45525813 0.43207416 0.53324366 0.5606810999999999
3 0.9268221 0.30255413 0.4701967000000001 0.36263633 0.5298076999999999
8 0.19813627 0.0 0.44050053 0.27404666 0.8377120000000001
3 0.18852203 0.44830403 0.4359418 0.51859754 0.51933265
3 0.08046539 0.20825679999999996 0.44971490000000003 0.26253492 0.49949887
8 0.07442559 0.72184014 0.44118214 1.0 0.7382635999999999
8 0.05815768599999999 0.45264090000000007 0.43545209999999995 0.5327645000000001 0.54174745
8 0.05615643 0.5296893 0.3672736 0.64599264 0.5392334
8 0.051745154 0.57472706 0.6198893 0.6276555 0.7172409000000001
3 0.048497107000000005 0.34214273 0.47321369999999996 0.40333459999999993 0.5170573
3 0.045394048 0.31573382 0.46247396 0.37712768 0.5155435
8 0.036571853 0.5629365 0.65930253 0.62942654 0.7317381
8 0.03314955 0.5628956999999999 0.607352 0.6187028 0.6839645000000001
3 0.03284474 0.5658319 0.45480087 0.6425984 0.5403983
3 0.026797025 0.42907253 0.45423909999999995 0.46579406 0.5092312
8 0.02550281 0.30648664 0.45912200000000003 0.37881175 0.5342825
8 0.022628965 0.6703781999999999 0.3895341 0.98709095 0.8393901
8 0.02033574 0.5646839 0.58472055 0.62224936 0.6668175999999999
8 0.017750327 0.013948724 0.3379813 0.22708392 0.8873578000000001
3 0.017499529 0.5559983000000001 0.43606990000000007 0.64910996 0.5179399
3 0.017415222 0.5443063 0.35524747 0.675516 0.5445706
8 0.015880845 0.44083264 0.4461271 0.51964635 0.51879245
3 0.015079823999999999 0.78070575 0.41986677 0.9951546999999998 0.5731389
3 0.011962377 0.43635163 0.44551748 0.4837602 0.5132797
13 0.009743965 0.49476552 0.3903389 0.6774703000000001 0.53275704
8 0.009389175999999999 0.20823874 0.44763923 0.26862988 0.50630164
3 0.007836888 0.5673151 0.5521979 0.63501704 0.7142915
8 0.007543804 0.5510384 0.57791466 0.65770507 0.7330426999999999
13 0.007099128299999999 0.42745587 0.47723407 0.548014 0.5424017
8 0.0068182945 0.55178607 0.44148675 0.6344930999999999 0.51272494
13 0.0059686094 0.63208276 0.5310185000000001 0.9925168 0.752808
6 0.005751295 0.44486117 0.46162020000000004 0.5449381 0.53629994
3 0.005581629499999999 0.7995048 0.40610108 0.97620994 0.5368141
8 0.0055435784 0.5619218 0.4606674 0.6327557 0.53395396
5 0.005257530600000001 0.51957643 0.47347340000000004 0.9356271 0.7527726
1 0.0051134396 0.5413901999999999 0.5105267 0.89491785 0.74513036
3 0.005013319699999999 0.013652928 0.44900340000000005 0.22343585 0.5919729
13 0.004987972 0.545669 0.46983400000000003 0.64565426 0.5433319999999999
13 0.0047737975 0.0 0.53760475 0.38678604 0.83893305
7 0.0045691677000000005 0.42906815 0.45970020000000006 0.53214186 0.54899305
13 0.0044971104 0.53413403 0.43894655 0.6457944 0.5225441
3 0.0043990677 0.5617 0.61496794 0.6491138000000001 0.74780476
13 0.0040722974 0.30695236 0.47486117 0.3862744 0.5447022
8 0.0038810056 0.45622718 0.46991298 0.52349913 0.55874765
13 0.003800888 0.55396146 0.6016395 0.6289895000000001 0.6968546999999999
13 0.0033957315999999997 0.5071458 0.42381442 0.6725691999999999 0.5610430999999999
13 0.0032821828 0.20420791 0.4448018 0.27133203 0.5152876000000001
2 0.003256251 0.45614973 0.4399375 0.5517729 0.48924243
13 0.003162554 0.5397666999999999 0.61366665 0.6360255 0.6806944
13 0.0030926957 0.28947783 0.45994863 0.36440468 0.5277385
13 0.0030808432000000003 0.28637052 0.48575047 0.36183262 0.536274
11 0.0030534078999999996 0.6237925 0.38197348 0.8588978 0.77038133
8 0.0029985178000000003 0.57639426 0.39882526 0.84536594 0.9112925
5 0.0029847329 0.40102259999999995 0.47873467 0.55128145 0.5434344
9 0.0029791037 0.67556685 0.42885706 0.93236035 0.7280581
8 0.00288207 0.44759345 0.40179499999999996 0.5534351 0.5817933000000001
7 0.0028553437 0.43407029999999996 0.42879269999999997 0.5344036 0.5276968000000001
8 0.002741187 0.5496810999999999 0.53418326 0.64801866 0.6982636999999999
13 0.0027115338 0.57125646 0.63174945 0.6448855 0.7173951
1 0.0026948245 0.43979546 0.48036367 0.5189587999999999 0.53935736
13 0.0025528210000000003 0.5433696 0.6409793 0.6482800999999999 0.6987608000000001
1 0.0024767816 0.51203316 0.4365988 0.8741707000000001 0.66129386
8 0.0021946016000000002 0.42983872 0.44512096 0.48537749999999996 0.5174594
3 0.0021639278 0.53629965 0.41763356 0.6850136 0.57387733
4 0.002117998 0.45359440000000006 0.44963863 0.53769016 0.54314214
9 0.0020652106 0.44735733 0.45773464 0.54496104 0.5301843
13 0.002032398 0.42620173 0.44804629999999995 0.52638423 0.53398687
8 0.002006499 0.7291016 0.2854556 0.9593790000000001 0.77495563
7 0.0019870332999999997 0.49108985 0.43102273 0.93760514 0.8349276
2 0.0019773396 0.59365445 0.39191177 1.0 0.6793776
13 0.0019680522 0.5212135 0.62637025 0.6784913 0.72679096
2 0.0019433451 0.44989589999999996 0.46923208 0.5470666000000001 0.52335244
13 0.0019360281 0.45367777 0.45989794 0.52372867 0.5602953
13 0.0019261885 0.0 0.4390339 0.36148506 0.81490207
7 0.0019133348 0.47272632 0.35725728 0.68169117 0.54104584
13 0.0018960033 0.3108647 0.459081 0.38145226 0.52409065
10 0.0018725207000000002 0.5680643 0.58902776 0.6259361999999999 0.6790349
7 0.0018637398000000002 0.5508075 0.61246747 0.62637913 0.6757848000000001
11 0.0018593012 0.46111610000000003 0.4758728 0.5146982 0.54676
12 0.0018576185 0.5766547 0.5780386 0.6326709 0.677353
6 0.001835931 0.56275177 0.48483452 0.9778030999999999 0.760443
10 0.0017776106 0.5503963000000001 0.43535587 0.63827944 0.5128687
6 0.0017586222000000001 0.43447465 0.43615443 0.5490316999999999 0.51569736
1 0.0017408018 0.42795837 0.46063109999999996 0.51571864 0.5155575
11 0.0017259348999999998 0.29960945 0.4572615 0.34913412 0.54159456
8 0.0017020482000000001 0.54458976 0.41937578 0.6400485 0.61443174
3 0.0017006482 0.0040826796999999995 0.44451147 0.16223241 0.569809
8 0.0016747863 0.11979529 0.45718518 0.41612116 0.9496268
7 0.0016711842 0.41432625 0.434413 0.509648 0.5270453
5 0.001646105 0.26438367 0.48265174 0.35939723 0.5364091999999999
7 0.0016286507999999998 0.29674083 0.4449792 0.37672925 0.5185407
7 0.001584062 0.5620949000000001 0.6015808000000001 0.61658394 0.69092876
4 0.0015721697 0.074601755 0.45304690000000003 0.3801114 0.8881433000000001
10 0.0015677769 0.58253217 0.60886705 0.63984036 0.7173121
7 0.0015653879999999998 0.0 0.5289168000000001 0.32336318 0.92950016
2 0.0015358080999999999 0.5626559 0.5967566 0.6325206999999999 0.67917985
1 0.0015293748999999999 0.55813235 0.60090554 0.6177147 0.6853467
12 0.0014731102 0.4613277 0.46136147 0.55361724 0.5345546
9 0.0014672320000000002 0.47492146 0.43372086 0.5399816 0.5174316
8 0.0014510963000000001 0.5492024 0.5813837 0.60851747 0.6499265000000001
5 0.0014479178 0.40664834 0.45712759999999997 0.5451560999999999 0.51057
13 0.0014227751999999999 0.54611593 0.58133554 0.63710624 0.65682006
9 0.0013747729 0.031001732 0.52626306 0.3757406 0.8091638000000001
3 0.0013653372 0.57599914 0.47469643 0.65477264 0.55327594
10 0.0013638220999999998 0.5714839 0.6297709 0.6485085 0.70594394
8 0.0013313643 0.42282674 0.45031786 0.46804282 0.5147162000000001
13 0.0013228509 0.54816324 0.67064255 0.6471998999999999 0.7220325
13 0.0013019037 0.44168549999999995 0.49999973 0.54875714 0.5514733
10 0.001282179 0.42503238 0.45870352 0.53654224 0.5336941
4 0.0012554023 0.569353 0.59019846 0.62329125 0.6983038
2 0.0012502407000000001 0.43970433 0.44304818 0.52808386 0.49750079999999997
6 0.0012484795 0.0 0.54219306 0.4057153 0.884583
7 0.0012476092999999999 0.29929584 0.46153682 0.39490187 0.5457960999999999
9 0.0012434904 0.5638574000000001 0.5916481 0.6247831 0.6877654000000001
8 0.0012433749 0.34056437 0.45947197 0.4042232 0.5270362
3 0.0012264961 0.5526406 0.40936565 0.6440268 0.48252878
9 0.0012247466999999999 0.30759302 0.4556688 0.37873253 0.5110307
7 0.0012218188 0.5646915 0.641506 0.6482876999999999 0.70352584
5 0.0012097006 0.5521333 0.61727434 0.6355562 0.6935903
8 0.0012015253999999999 0.3030156 0.2961047 0.6734958000000001 0.7992945
7 0.0011849431 0.5450009 0.6413765 0.62779963 0.7068394
3 0.0011595496000000002 0.7357695 0.41949004 0.92583036 0.56934696
5 0.0011232331 0.43478245 0.45084146 0.526435 0.52594846
13 0.0010945986 0.5057411 0.5986097 0.68036187 0.7080350000000001
6 0.0010775994 0.564345 0.5919641 0.63384473 0.684253
7 0.0010765599 0.26829702 0.46431535 0.3620801 0.549737
5 0.0010758225 0.44040290000000004 0.46544912 0.5268769 0.5514831
10 0.0010520701 0.5539263000000001 0.45683938 0.6438059 0.5424956
12 0.0010487159 0.47251564 0.42381573 0.5428246999999999 0.52527726
13 0.0010452197 0.4107246 0.46646768 0.5648920000000001 0.5879819000000001
12 0.001043063 0.63875556 0.43106880000000003 0.99886775 0.6779236999999999
9 0.0010329517999999999 0.45757259999999994 0.43243787 0.51975316 0.52809685
7 0.001032629 0.57607055 0.63134503 0.63518715 0.7162339
2 0.0010273802000000001 0.5191606 0.3642518 0.7176266 0.49483973
10 0.0010220869999999999 0.55839896 0.6640275 0.6357814 0.73330575
1 0.0010194591 0.44248426 0.44951072 0.5098259 0.5275629
6 0.0010012337 0.5532496 0.63231504 0.64972556 0.6953325
2 0.0009958481 0.5508023 0.43581894 0.64136046 0.5011151
8 0.0009756319300000001 0.5513872 0.4120312 0.62901545 0.48132650000000005
4 0.0009738117999999999 0.5866364000000001 0.59814245 0.63872087 0.73918563
1 0.0009681362400000001 0.46368974 0.4530066 0.52666944 0.5325515000000001
12 0.0009646036 0.5788671 0.6009508000000001 0.65351427 0.659292
7 0.0009637344 0.46947998 0.40589213 0.5317286999999999 0.5517406
7 0.0009438099000000001 0.0 0.37394 0.40156743 0.8288533000000001
12 0.0009326753999999999 0.44983777 0.43481547 0.55199856 0.50549227
1 0.0009316357000000001 0.5641656999999999 0.38683763 0.9095030999999999 0.61464864
7 0.0009205887300000001 0.5687786 0.61359066 0.64653283 0.67221403
6 0.00091568875 0.0 0.5871 0.29162353 0.88296217
6 0.0009153504499999999 0.5555149 0.6641587 0.6592279999999999 0.72162896
11 0.0009024959 0.4671274 0.43221363 0.50075734 0.5291707
8 0.0008999851 0.65170944 0.3171317 0.92508316 0.9310733
6 0.0008886448 0.46485429999999994 0.42483178 0.54231983 0.5329095
12 0.0008843885 0.57569975 0.5724117 0.65551776 0.63414806
9 0.00088210875 0.57986885 0.61867476 0.6430020000000001 0.7116812
6 0.00088189257 0.49007833 0.3944625 0.70159686 0.52790964
1 0.0008811352000000001 0.6133404 0.53702825 0.95426 0.7874196
3 0.00087891525 0.57527715 0.5663656 0.6432541 0.67805016
1 0.00086624944 0.2931853 0.46142536 0.35565418 0.50658005
2 0.00086117594 0.31434503 0.46606976 0.39464894 0.52557766
2 0.0008596398 0.46591229999999995 0.41854733 0.5295076 0.49608573
2 0.0008573349 0.5621986999999999 0.57703984 0.6514270000000001 0.63880765
11 0.0008570872 0.4663406 0.45175645 0.50666255 0.5594007
3 0.0008517289 0.74410367 0.42862248 0.9572120000000001 0.6156590000000001
2 0.000840802 0.5553866999999999 0.60975176 0.64437324 0.66840345
7 0.0008374595 0.44483429999999996 0.42681202 0.51750034 0.5805017
12 0.0008331434 0.29887462 0.4422745 0.37908006 0.503785
8 0.0008282574 0.048074886 0.328909 0.42626977 0.88219386
9 0.00082561705 0.014307453999999999 0.47450483 0.4318924 0.7379993
9 0.0008143028 0.5801982 0.6586453 0.65258116 0.724571
2 0.0008047546000000001 0.47970012 0.41540029999999994 0.5403358 0.51169974
9 0.0007845998599999999 0.55543876 0.601621 0.64097977 0.67215365
7 0.00077196053 0.5517908 0.58006054 0.6278897 0.6499205
9 0.0007693005000000001 0.039742254 0.5576091 0.27636900000000003 0.83463776
13 0.0007642078999999999 0.4204412 0.46564087 0.47132784 0.5152751
9 0.00076143246 0.55728483 0.58064187 0.6469418 0.6428672
7 0.0007599117999999999 0.55640286 0.46150202 0.63662285 0.5417178
2 0.00075822556 0.30954990000000004 0.44401112 0.38047877 0.49315387
9 0.0007531585 0.53855675 0.36680982 0.7025439 0.5271595
6 0.00075146894 0.27422556 0.47325712 0.37668964 0.5361318
10 0.0007359354 0.56557053 0.55161643 0.62654275 0.648436
5 0.0007355933 0.2981876 0.48709437 0.39465904 0.5438854999999999
10 0.00073389104 0.54859686 0.57124877 0.64226747 0.6448608
11 0.00072573655 0.45368475 0.43814078 0.5003539 0.51587874
13 0.00071854936 0.54040027 0.42004716 0.6372398 0.48421174
8 0.0007177355999999999 0.48845807 0.33886787 0.8064872 0.93147355
12 0.0007075470599999999 0.5735769000000001 0.5538501 0.6323806 0.653021
8 0.0007065703 0.55618614 0.62810224 0.61366147 0.7095725
2 0.00070514117 0.5472986999999999 0.46337748 0.64588875 0.53539133
11 0.00070304726 0.5726791 0.593513 0.6131186 0.7051651999999999
10 0.00069968693 0.5692854 0.41707122 0.62351906 0.52467895
13 0.00069849193 0.55704236 0.4570113 0.6285284999999999 0.5553258000000001
11 0.0006853402000000001 0.5477326 0.37936112 0.65381944 0.54287905
5 0.0006792714699999999 0.0 0.5782425999999999 0.29124948 0.8697436
6 0.0006753417999999999 0.5572286 0.60914016 0.6403082 0.67115825
3 0.0006717838000000001 0.55327326 0.5207805 0.66718715 0.7578488
1 0.00067174924 0.46785048 0.47442585 0.5340225000000001 0.56333315
11 0.0006632036999999999 0.33494985 0.45415029999999995 0.38627356 0.5367522
12 0.0006594338999999999 0.0 0.32616913 0.28048897 0.6296184
12 0.0006411373000000001 0.595444 0.6117538 0.64690095 0.69743675
5 0.0006401857 0.52361065 0.6285626 0.6547163 0.67489856
1 0.000639281 0.5479973000000001 0.6137342 0.6230127 0.67271197
3 0.0006387684 0.82187295 0.43521409999999994 0.93642914 0.50068915
2 0.00063697563 0.28785318 0.47218174 0.3707885 0.52133936
6 0.0006328025 0.5402871 0.43951434 0.655716 0.49760738
12 0.00063154113 0.5251218000000001 0.36590838 0.7215656 0.4813691
9 0.0006314936 0.56348306 0.6522241 0.6381565 0.7281346
10 0.0006270385 0.57313174 0.59811515 0.6487411999999999 0.6694314
4 0.0006227582 0.32664686 0.45848155 0.3926571 0.53742844
12 0.0006114331 0.47740859999999996 0.45463679999999995 0.5396510999999999 0.54915917
4 0.0006112082 0.47491586 0.41227105 0.5390271 0.52253395
7 0.0006095385 0.5609460999999999 0.62621766 0.61869717 0.7172767
1 0.00060191285 0.48577568 0.3983585 0.64809513 0.51634526
4 0.0005974856299999999 0.040609202999999996 0.49500278 0.28300408 0.89248264
9 0.0005930855 0.57018423 0.63115567 0.6560408000000001 0.70195675
13 0.0005920436 0.7644361 0.43180627 0.9962449000000001 0.9977391
11 0.0005801126999999999 0.48345432 0.44998208 0.52109987 0.5565445
9 0.00057740917 0.036224827 0.44158074 0.25298077 0.68633336
11 0.0005734765 0.48619375 0.43468854 0.51690334 0.5254175999999999
4 0.0005701883 0.45535314 0.43417520000000004 0.53467053 0.50990105
4 0.00056407513 0.5725799 0.5778416999999999 0.62770206 0.6500839
5 0.0005633653 0.0 0.615492 0.2645192 1.0
6 0.00055627583 0.28973612 0.47594655 0.42000917 0.5406181
6 0.0005474198 0.6343701999999999 0.509365 1.0 0.79795283
1 0.0005465286 0.0 0.51892346 0.2700538 0.79500353
1 0.00054438435 0.2830737 0.48524570000000006 0.35191885 0.5371071
4 0.00054280926 0.5826842 0.6211741 0.65029484 0.7164328000000001
9 0.0005427038 0.29618940000000005 0.47110072 0.3613986 0.5288941999999999
7 0.00054260425 0.0 0.21270731 0.27429938 1.0
7 0.0005417746 0.54484206 0.6693956 0.62955064 0.73487675
12 0.0005390931 0.5915722 0.6302094 0.6643167 0.6902604999999999
9 0.0005333996400000001 0.56389713 0.46337643 0.6421161999999999 0.5354876999999999
4 0.00053257594 0.5634026 0.61921585 0.63490087 0.71939343
13 0.0005323694 0.33487707 0.48759264 0.40038037 0.5382776
3 0.0005304268 0.42215969999999997 0.4659312 0.46803787 0.5199855999999999
6 0.00053021 0.5754012 0.6201749 0.6560434 0.71341264
12 0.000523508 0.6274556 0.36972412 0.99692774 0.61782587
11 0.00052336935 0.060417444 0.18894792 0.24554399 1.0
6 0.00052325637 0.52385557 0.41265920000000006 0.9577773999999999 0.70747167
6 0.0005230777300000001 0.4681018 0.45674905 0.5442663000000001 0.5603558000000001
2 0.000522788 0.5751204000000001 0.61979383 0.6427116999999999 0.71912533
1 0.0005182061 0.5804643 0.63524044 0.6361274 0.7161206999999999
6 0.0005141717 0.44614017 0.5023938 0.54493827 0.55247784
4 0.0005140248 0.56530994 0.64638925 0.63757294 0.74882185
12 0.0005051826000000001 0.0 0.37610194 0.4157763 0.69147396
9 0.0004989472 0.5612356 0.4374981 0.65041393 0.5095841
10 0.0004928730999999999 0.43266672 0.43144712 0.53365767 0.500633
2 0.00049195316 0.45876718 0.44391980000000003 0.5259902 0.5336462
9 0.00048665883 0.5627481 0.5715265 0.6278938000000001 0.6651104
4 0.00048566397000000003 0.5524766999999999 0.38163626 0.68244797 0.5203220000000001
13 0.00048124473 0.49033123 0.55956143 0.68375343 0.6899751000000001
1 0.0004664629 0.5544274 0.6479014 0.62701535 0.70022035
8 0.00046017623 0.33238238 0.40602675 0.55364746 0.9016215
11 0.00045924620000000003 0.5730666 0.47190845 0.62754893 0.5429345
7 0.00045922483 0.56403035 0.5687539 0.6158599 0.6598940999999999
7 0.00045912875999999994 0.5913685000000001 0.36669812 0.9753414 0.75469595
2 0.00045813882000000005 0.0074501485 0.52697635 0.34802347 0.7776841999999999
11 0.0004560133 0.45215043 0.43349034 0.49604693 0.56344336
10 0.00044398627 0.31874895 0.45729476 0.39467514 0.5311965999999999
7 0.0004421622 0.5702324000000001 0.57633704 0.6451328000000001 0.64413184
13 0.00043900730000000004 0.562387 0.50041485 0.64519274 0.56334823
1 0.00043880093 0.31964709999999996 0.48743075 0.38430149999999996 0.5397886
6 0.00043681872000000005 0.27898106 0.44855946 0.38766077 0.5127503999999999
11 0.00043179397000000006 0.68613356 0.4271548 0.92641324 0.79774183
2 0.00042937532999999994 0.5530486 0.6348163 0.6404754 0.70259917
11 0.00042613145 0.31479263 0.46000808 0.36559278 0.5387599000000001
3 0.00042564335 0.013807148 0.26136950000000003 0.26368475 0.7797645999999999
6 0.0004252851 0.0 0.43108850000000004 0.4340246 0.8038090999999999
2 0.00042219860000000003 0.5656051 0.5597572 0.6337716 0.6533808000000001
10 0.00042156238 0.46963316 0.40905285 0.5300106 0.512112
1 0.0004175289 0.42604840000000005 0.46777683 0.49269283 0.54518324
1 0.00041556472 0.5601929 0.6335236 0.61753637 0.70884013
13 0.00041376366 0.42365283 0.45641628 0.48998404 0.5192505999999999
7 0.00041274845999999995 0.5615486 0.434701 0.64471376 0.50870925
2 0.00041253545 0.5976839 0.3338784 1.0 0.60048366
2 0.00041251074 0.20570809 0.44292706 0.27897078 0.4946991
12 0.00041102282999999997 0.019056082 0.4728626 0.38994944 0.7649756
4 0.00040939370000000005 0.09962353 0.41041473 0.435438 0.7864185
13 0.00040809477999999993 0.009988397 0.2881242 0.2208741 1.0
5 0.00040792458 0.56126463 0.64172834 0.65672004 0.71989805
1 0.00040465004999999996 0.55293113 0.57219857 0.61224276 0.65551007
8 0.0004030608 0.45392278 0.3451691 0.6260344 0.6990241999999999
4 0.0004000936 0.58574814 0.6026975 0.648513 0.6792793
5 0.00039492766 0.42773515 0.40557942 0.7149399000000001 0.5044274999999999
2 0.00039299089999999994 0.047083035 0.36999878 0.37109768 0.6562701999999999
7 0.00039229912000000004 0.199312 0.44061956 0.28497297 0.5138543
9 0.00038550055 0.56211156 0.6130124 0.6247229999999999 0.7171407
5 0.00038314307999999997 0.0 0.5425994000000001 0.44055134 0.81288356
10 0.00038227008 0.29810888 0.44237584 0.36715072 0.5029912999999999
6 0.00037752525999999997 0.545691 0.47298270000000003 0.65997493 0.5231661
1 0.00037672294999999996 0.5391736999999999 0.5874736999999999 0.61573017 0.6442928000000001
5 0.00037311984 0.5274208 0.6485595999999999 0.65239984 0.70426506
5 0.00037184192000000004 0.2779139 0.46933872 0.37545374 0.5060321
11 0.00036136567 0.090540566 0.5540838 0.31315747 0.92101085
11 0.00036041846 0.6936352 0.3821616 0.87522614 0.6628437
8 0.0003583789 0.29986578 0.23718636 0.53754526 0.8681283999999999
7 0.000357984 0.031724215 0.34171882 0.30422282 0.9096822
9 0.0003575693 0.3206091 0.4731509 0.4014768 0.5314810999999999
8 0.00035669008999999997 0.55973065 0.48584929999999993 0.6198064999999999 0.56035984
