3 0.98711455 0.54549086 0.51107246 0.6033437 0.5705962
3 0.9774444999999999 0.27211875 0.46899650000000004 0.49146324 0.68911284
3 0.8115022 0.67076516 0.5074402 0.72016096 0.56097686
3 0.7598245 0.76044285 0.5002336 0.8706125 0.65686846
3 0.74854285 0.68515974 0.50624335 0.74233454 0.5711381
8 0.6337674 0.7537364000000001 0.48178092 0.89271224 0.6668153
3 0.52491224 0.6937184000000001 0.50165385 0.75655395 0.5799261
8 0.46453083 0.108871736 0.5432340999999999 0.20175728 0.6278526
8 0.27888575 0.06259592 0.49115634 0.22505869 0.6434445
8 0.16765153 0.6895044 0.49884826 0.7488793 0.60484517
3 0.166898 0.6271903 0.50685894 0.66788715 0.54991364
3 0.14190073 0.77345955 0.49970222 0.85700774 0.5475814999999999
3 0.111192755 0.6150018 0.50850594 0.659801 0.5496414000000001
3 0.110948645 0.5989785 0.5079625 0.6417871999999999 0.54749715
8 0.08820911 0.6684819000000001 0.5033721 0.7453278 0.57305014
8 0.06652758 0.28563896 0.44066653 0.5165721999999999 0.7108018
3 0.050646897 0.63932836 0.5078805999999999 0.6850188 0.55635464
3 0.04095817 0.12348543 0.5340439 0.20231219 0.6335784000000001
3 0.037408147 0.7472699 0.5025467 0.83461016 0.5960009000000001
8 0.036105767000000004 0.6618529000000001 0.500845 0.7185443 0.5654425000000001
3 0.034411523 0.56933475 0.5096956 0.62155557 0.56013066
3 0.029460267999999998 0.10068703 0.5131102 0.22273666 0.63652116
8 0.022901341000000002 0.7601833 0.50288033 0.8481955 0.55650264
8 0.021232706 0.61085534 0.49880537 0.66871154 0.5559599000000001
8 0.01681122 0.5373068 0.5073542999999999 0.60979736 0.5808151999999999
8 0.016730744 0.6361260999999999 0.49890208 0.6931123 0.5595793000000001
13 0.016695976 0.27049434 0.45785597 0.57200104 0.78643984
13 0.014387687 0.746119 0.5144877999999999 0.91093993 0.65442187
3 0.009675395 0.75275904 0.49893928 0.83341473 0.55454814
8 0.009380132 0.74972105 0.5390351999999999 0.8487655000000001 0.62878585
13 0.008509814000000001 0.7205090999999999 0.5343932 0.8810429 0.64960146
8 0.008124302 0.11197995 0.52607846 0.18476321 0.6127481
3 0.0075108493000000005 0.7403223000000001 0.5036008 0.8045680000000001 0.5911427
8 0.006961356 0.2959328 0.5229569000000001 0.46325740000000004 0.6729125
13 0.0056609297 0.7732049 0.49845290000000003 0.85816705 0.570128
13 0.0056569185 0.32328966 0.48440766 0.50232875 0.69550776
9 0.0053148456000000005 0.73803383 0.52020466 0.9043395000000001 0.6409548
13 0.004947539 0.689756 0.52196914 0.74944526 0.6159854
2 0.0049157925 0.76485044 0.48623097 0.94242984 0.6415599
13 0.0047965855 0.6800326 0.51047677 0.7537961999999999 0.5840058000000001
13 0.0046357587 0.19782656 0.50402725 0.51386625 0.7497736
7 0.004559326 0.18049258 0.4006735 0.582285 0.7935856
13 0.0044404245 0.6821531 0.53433114 0.7596257 0.5970859000000001
8 0.0039638625 0.5935563 0.49708077 0.6472882 0.5561871
9 0.0038659046 0.76413995 0.5298239 0.96504325 0.6424018
9 0.0038174214000000002 0.75768965 0.5020614000000001 0.9470671999999999 0.6214125
9 0.0037336046999999995 0.26988447 0.47505388 0.5412859999999999 0.7502718
3 0.003645317 0.72640675 0.5054615 0.7901587 0.5614826999999999
2 0.0035832090999999996 0.72028023 0.49888640000000006 0.9072703999999999 0.6382438
9 0.0034687921999999997 0.31389922 0.4475809 0.6138175 0.71890754
8 0.0034450851 0.68998486 0.47059116 0.82939845 0.629253
2 0.0032862255 0.19066004 0.40617752 0.57524693 0.6908456000000001
5 0.003265816 0.66891164 0.53927886 0.8892161 0.6572861999999999
13 0.0031860240000000004 0.11752665 0.55565405 0.20652238 0.61096656
13 0.003183565 0.6234878 0.51437837 0.682561 0.5623670999999999
5 0.0029278316 0.1599391 0.5141667999999999 0.49397582 0.76686436
1 0.0028261703000000003 0.21210636 0.5158936 0.53087145 0.7742661
13 0.0027873805 0.2638454 0.5352206 0.48969892 0.6718424
3 0.0026697433 0.6762322 0.5120555 0.7307235 0.58637905
7 0.0026378657 0.6743667 0.50452465 0.7545608 0.62288487
1 0.002583387 0.14552395 0.47278285 0.5019818 0.73044187
13 0.0025280004 0.28387508 0.56137013 0.53381985 0.69134486
13 0.0025058835999999998 0.21255074 0.5618675 0.5301255 0.81312716
13 0.0024134137 0.66908973 0.5359118 0.7470109 0.58627987
2 0.0023853060000000002 0.75665504 0.46408448 0.9251898999999999 0.60529476
9 0.0023007363 0.7132710999999999 0.50026 0.8567639000000001 0.62372696
9 0.002268248 0.73747987 0.48164853 0.88634855 0.6041877
2 0.0022281755 0.72262716 0.53247446 0.93561494 0.6578102
3 0.0021120806 0.49531767 0.787899 0.62105167 0.940982
3 0.0021107776999999997 0.74456394 0.5010564000000001 0.8079597 0.55365676
8 0.0020934716 0.7460391 0.51285166 0.8242927 0.60998845
7 0.0020410123 0.68555176 0.49487507 0.7713747 0.5724531
11 0.0020241763 0.75116384 0.486329 0.86196387 0.6812223000000001
13 0.0020071026 0.26839840000000004 0.5396223000000001 0.48445368 0.8848779
3 0.001995385 0.7690321 0.50588274 0.86074233 0.6117541
7 0.0019473011999999999 0.66410923 0.5186725000000001 0.7677897 0.5999912
13 0.0019033645999999998 0.70102334 0.5087307 0.76406753 0.6207268
1 0.0018861151 0.6766258 0.51927924 0.86347955 0.6324183000000001
13 0.0018252785999999998 0.23830631 0.47127154 0.43947783 0.6657109999999999
13 0.0018158332 0.76751465 0.48940018 0.8915648000000002 0.6998518
11 0.0018079998 0.29690105 0.38660320000000004 0.4990049 0.7615917
7 0.0017879016 0.6817343000000001 0.4956464 0.8814479 0.6862477
4 0.0017557073000000001 0.7940252 0.49061212 0.9687382999999999 0.69099635
11 0.0017086082 0.6882695 0.5274732 0.7397233 0.6060404
1 0.0016942426 0.7243114 0.5317512 0.88460404 0.64336956
13 0.0016736243 0.66220325 0.5088853 0.72507995 0.5707399000000001
6 0.001669541 0.7188249 0.5247161 0.92036885 0.6588177
7 0.0016181191 0.72778213 0.4656077 0.9203763 0.67091626
9 0.0016167325 0.7469803 0.5513229000000001 0.93195724 0.67793465
13 0.0015492263 0.6529333 0.5181903 0.714222 0.56616175
5 0.0015447722 0.720849 0.5516234999999999 0.9536533000000001 0.6743816999999999
6 0.0015389645999999999 0.118685424 0.47093973 0.59123534 0.75935423
13 0.0015342408 0.07316335 0.53870976 0.2048594 0.6445904
13 0.0015098535 0.66788054 0.5417244000000001 0.8474808000000001 0.65135497
8 0.0015090873999999998 0.7402014 0.50373065 0.82822424 0.562126
3 0.0015046906 0.31429434 0.44568986 0.49768633 0.6068683000000001
5 0.0015016253 0.25871020000000006 0.54299533 0.49354960000000003 0.8401095999999999
13 0.0014954375 0.59354705 0.5153332 0.6519696 0.5635707
12 0.001490449 0.7428175 0.501826 0.9667435999999999 0.64016664
11 0.0014874536 0.70037633 0.5262395999999999 0.7539756999999999 0.5992632
1 0.0014828207000000002 0.75113636 0.5485555 0.90396255 0.66759133
11 0.001440335 0.70291454 0.506548 0.7456164000000001 0.6214417
8 0.0014291379000000001 0.564583 0.49692926 0.6220704 0.5674259
1 0.0014127814000000002 0.6879196 0.5479308 0.86626065 0.66706043
2 0.0013574433 0.69610673 0.50429857 0.75709254 0.5981535
1 0.0013324106 0.646722 0.50843346 0.82953435 0.61778736
7 0.0013211942000000002 0.14911489 0.39944404 0.48034018 0.9285611999999999
13 0.0013023378999999999 0.5460044 0.51005256 0.6163789000000001 0.57670814
5 0.0012919044 0.23452969 0.49527344 0.58097345 0.7462585
12 0.0012783257 0.72691226 0.44451305 0.9346986999999999 0.579148
5 0.001257739 0.67131984 0.5615543000000001 0.9022870000000001 0.6902161
7 0.0012502059 0.052507535 0.4135481 0.45602304 0.7864626
5 0.0012488816 0.7074052 0.55165493 0.85773754 0.70800674
6 0.0012385002 0.69513535 0.49231303 0.9086851 0.6355227
7 0.0012129201 0.54385924 0.49556163 0.6262201999999999 0.5764220999999999
2 0.0012059505 0.698611 0.49442422 0.76328623 0.5496283000000001
5 0.0011815919 0.22010529999999998 0.5080934 0.44428974 0.65323895
13 0.0011807058 0.5348018 0.5362958000000001 0.60348123 0.58904237
2 0.0011730264 0.6887995 0.52346575 0.7755798 0.58206207
7 0.001165302 0.7570098000000001 0.48835313 0.8556398999999999 0.57640296
13 0.001156478 0.29968208 0.5223397 0.4706236 0.71532166
11 0.0011479021000000002 0.7736666999999999 0.49713670000000004 0.90749604 0.7214201
12 0.0011321645 0.3101006 0.49910975 0.4722267 0.6527826999999999
8 0.0011217047 0.77639747 0.52339536 0.83822596 0.64829844
2 0.0011213572 0.68001884 0.49784493 0.7500408000000001 0.5501977
11 0.001113678 0.6873219 0.5001236 0.7332261999999999 0.5687985
6 0.0011125453999999999 0.2583846 0.5279958 0.45777970000000007 0.65759313
13 0.0011035771000000002 0.7393867 0.5506251999999999 0.855409 0.6113028
1 0.0010990888 0.7194957 0.48923665 0.8901703999999999 0.59749687
5 0.0010933252 0.20778194 0.5241003 0.4295387 0.8640517
13 0.0010932364 0.6356201 0.50827545 0.6979628999999999 0.5665416999999999
1 0.0010801603999999999 0.08788338 0.45274717 0.44351736 0.67285365
6 0.0010590486 0.6701606999999999 0.50459504 0.78378016 0.5680236
11 0.0010340339999999999 0.5379991 0.50246257 0.57522327 0.55833286
9 0.001032886 0.33272618 0.48982790000000004 0.5284518 0.8188055999999999
13 0.0010326373 0.6092823 0.5116014 0.66869193 0.5613621
12 0.0010081999 0.19923522 0.3462783 0.6449438 0.6570123000000001
3 0.0010070232 0.70841265 0.49370623 0.8279264999999999 0.6127185
5 0.0009953912 0.6411739000000001 0.5169925 0.76392835 0.56578135
6 0.0009936947999999999 0.67554104 0.52626145 0.78839755 0.5917982
1 0.0009748592999999999 0.68753964 0.5291986999999999 0.7489913 0.6084116
2 0.0009734189 0.2900368 0.34965888 0.555756 0.76250225
5 0.0009707466000000001 0.6773376999999999 0.5397193 0.7545255999999999 0.6180456999999999
6 0.0009679537599999999 0.71320295 0.5610585 0.94189286 0.68597835
13 0.0009622363000000001 0.52303374 0.51860166 0.59069836 0.5731119
13 0.0009566395300000001 0.75774026 0.5354319000000001 0.8376386 0.6306351
1 0.0009424781300000001 0.26088249999999996 0.55002326 0.41978347 0.6732179
5 0.0009146409 0.63397187 0.52931935 0.84412795 0.6292559
9 0.0009125246 0.78609705 0.5161252000000001 0.90868354 0.67734057
1 0.00091243355 0.14875539999999998 0.41088375 0.5083475000000001 0.64570373
5 0.0009048458 0.74023604 0.5558354 0.8999046999999999 0.72790384
13 0.0009046417 0.5661285 0.51201963 0.6321713000000001 0.57197624
5 0.0008987234 0.16534021 0.47589666 0.540918 0.7078671999999999
1 0.0008949597 0.34801877 0.49906802 0.48099719999999996 0.6774044
2 0.0008889405 0.7748723000000001 0.4925335 0.8646395 0.5510703
4 0.0008785644 0.6955515999999999 0.50086033 0.75325924 0.6110800000000001
13 0.00087657955 0.744583 0.5179464 0.8625853000000001 0.70012057
9 0.0008737014999999999 0.13252757 0.56238693 0.21868582 0.6137931
10 0.0008665985000000001 0.13021918 0.552261 0.20600246 0.60952216
11 0.0008655813 0.8122831 0.47755978 0.9300378 0.6837691999999999
4 0.0008637806 0.7219293000000001 0.49081516 0.9089526 0.68030006
12 0.0008536059 0.30968416 0.43274399999999996 0.49977207 0.5811029999999999
7 0.0008501055 0.6511513000000001 0.493228 0.7335769 0.5748008000000001
8 0.0008485642999999999 0.29890347 0.45144409999999996 0.43945205 0.65973574
13 0.0008316361999999999 0.74274457 0.5098372999999999 0.81737494 0.6141536
7 0.0008147800999999999 0.6018479999999999 0.5041161 0.6808424 0.56595564
7 0.0008099077400000001 0.63655216 0.50089973 0.7149444 0.57329386
11 0.00079639413 0.35310359999999996 0.3806651 0.55320174 0.7270644
8 0.0007937134 0.696188 0.5033519000000001 0.7519698 0.57631147
7 0.0007899911999999999 0.5177649000000001 0.52404964 0.6077585 0.5981804000000001
9 0.0007811289 0.76123047 0.5213428 0.8637459000000001 0.6881027
2 0.000767475 0.77247345 0.45080817 0.8907225000000001 0.6837448
1 0.0007654198 0.5134776 0.5178723 0.5799076999999999 0.56047755
12 0.0007630113000000001 0.7050166999999999 0.47829568 0.91043895 0.6118041999999999
1 0.0007576935000000001 0.26435965 0.48162619999999995 0.41648108 0.6172281
11 0.0007459200599999999 0.23035738 0.37421279999999996 0.42631438 0.7204746999999999
9 0.0007346657 0.7788338 0.49740532 0.88261646 0.6545818
5 0.0007225041 0.5176845999999999 0.5392489 0.6062914 0.59533143
5 0.0007138002000000001 0.64560235 0.54037404 0.7577373000000001 0.59555936
11 0.0007101115 0.664553 0.5016586 0.7041603 0.56398505
2 0.0007086795 0.6218011 0.5039909 0.69034356 0.5466328
5 0.0007005280000000001 0.49959025 0.5173161000000001 0.59506315 0.5599733
1 0.0007000341400000001 0.30496174 0.48697802 0.45298195 0.6203793000000001
6 0.0007000101 0.29465204 0.5414198 0.49233228 0.6913559
1 0.0006960208 0.76191187 0.5103226 0.8467034 0.5653663000000001
11 0.0006941819000000001 0.5521543999999999 0.5113956000000001 0.60516727 0.595025
1 0.0006838425999999999 0.17344183 0.4969059 0.42848355 0.78928256
9 0.0006832391400000001 0.6790632 0.5014926 0.75233483 0.5668958000000001
12 0.00067065837 0.36714786 0.4847495 0.48421937 0.665242
8 0.0006618564999999999 0.08465071 0.54474735 0.16246574 0.62289256
3 0.0006456542 0.7137222 0.51161003 0.78805625 0.58481646
11 0.0006456143 0.14776072 0.55635124 0.19644725 0.6322223000000001
11 0.0006280803 0.72356045 0.47075483 0.82435036 0.6433022
9 0.0006276227 0.34907842 0.5375772 0.5060955 0.6678523000000001
7 0.0006256276 0.5119332000000001 0.5002835999999999 0.58763516 0.5763684
1 0.00061679416 0.23393604 0.42100057 0.462258 0.69448394
5 0.00061126525 0.24901354 0.5333576 0.49504143 0.7033239
7 0.00061085355 0.28273782 0.5284361 0.44386634 0.72677267
1 0.00060015696 0.6851182 0.51805353 0.74779236 0.5633256999999999
1 0.0005963184 0.66617703 0.5173321 0.7361008000000001 0.5614956999999999
1 0.0005886894999999999 0.67419374 0.48192433 0.86206996 0.5903443
12 0.00058670854 0.6920668000000001 0.49607837 0.7717763000000001 0.5623395999999999
2 0.0005847628 0.6926189 0.47519383 0.8952288 0.5945733
4 0.00058307196 0.13594274 0.5402477 0.21386625 0.6226779
9 0.0005830494 0.3849715 0.46716967 0.5011989 0.63812417
5 0.00055353617 0.6276419 0.51667076 0.7227397 0.56436557
1 0.00054418197 0.3117489 0.51935714 0.46965173 0.6594376000000001
6 0.0005436563 0.75389 0.5466531 0.85998374 0.62140036
11 0.0005383438 0.62267184 0.49451926 0.6602911 0.56245244
11 0.0005340171599999999 0.1268413 0.54868513 0.18369532 0.63569987
11 0.0005323125 0.35442185 0.31968975 0.50713545 0.8457300999999999
8 0.0005282917 0.7647520999999999 0.5276152 0.8591735 0.606092
5 0.0005215344000000001 0.75218886 0.51031536 0.84633785 0.56968445
10 0.00051873014 0.6930613 0.51740134 0.77180034 0.5870426999999999
5 0.0005122623000000001 0.7074897 0.51505107 0.92298377 0.6085151999999999
1 0.0005115357299999999 0.2760762 0.519892 0.42878252 0.6547691999999999
6 0.0005111836400000001 0.74524266 0.5085537 0.89583856 0.57374984
2 0.0005111175 0.6544684000000001 0.50208265 0.72073054 0.5474296
7 0.00050612754 0.7045798000000001 0.4625317 0.8809493 0.6333035
1 0.0005044419 0.6819291000000001 0.5394812 0.7558354 0.59333813
2 0.00050330773 0.18006153 0.47066858 0.608236 0.7668067
4 0.0005031247 0.33180624 0.41183206 0.65488994 0.7338616
10 0.0005029611 0.7001069000000001 0.5011682 0.7559800999999999 0.61598474
11 0.0004952646 0.79048926 0.47901836 0.8851109 0.65259606
2 0.0004872495 0.12180457 0.5446085 0.20696479 0.61393327
6 0.00048265365 0.6895034999999999 0.4693273 0.9655433000000001 0.5986164
7 0.00048109723 0.3568635 0.40245536 0.46973437 0.71692824
10 0.00048011914 0.6862921999999999 0.4902053 0.7631401 0.556091
12 0.00047925007000000007 0.34461540000000007 0.5349229 0.5103977 0.6721245
4 0.00047368507000000005 0.70449716 0.49240464 0.7593582 0.5553939
11 0.00046869004 0.70556325 0.51063025 0.7453163 0.5662978
7 0.00046769165999999997 0.037872314 0.48011390000000004 0.5566151 0.8772148000000001
4 0.00046653047 0.3831941 0.40607509999999997 0.49495900000000004 0.6355395
2 0.00046466052 0.742548 0.47653952 0.87381065 0.6652424
4 0.0004601278 0.33083403 0.47557262 0.49988459999999996 0.6924847
12 0.00045548510000000003 0.68668276 0.5110185 0.763411 0.5972914
5 0.00045224454000000004 0.10889496 0.52671534 0.42134297 0.79736274
12 0.00045159445 0.34742182 0.46733293 0.5132979999999999 0.62101763
12 0.00044781857000000005 0.781488 0.5560699 0.87639624 0.62493736
5 0.00044582157999999996 0.5880935 0.52294856 0.6674142 0.56248647
13 0.0004442355 0.4834807 0.7794482 0.6368588000000001 0.92981225
4 0.0004406978 0.7958465 0.45888045 0.9475860999999999 0.6118036
6 0.00043523955 0.27638507 0.48625666 0.45642436 0.61811763
6 0.00043473468 0.119609535 0.5556816 0.22644764 0.62122977
6 0.00043282384000000004 0.5117291 0.5052968 0.6057060000000001 0.5599925
6 0.00043068858 0.098263025 0.40899563 0.6023054 0.6850115
4 0.00042762199999999995 0.6843535 0.51020813 0.74232936 0.5925800999999999
12 0.00042586919999999996 0.5314007 0.5023011 0.5991385 0.552292
5 0.00042405093 0.71848404 0.55504054 0.8473437 0.62526286
6 0.00042386116999999996 0.65341777 0.5371556 0.881056 0.6504119
5 0.0004225756 0.07731775 0.5699326 0.22121355 0.61052537
5 0.00042185422999999994 0.607538 0.52002686 0.68164337 0.5666175
13 0.0004207421400000001 0.7409644000000001 0.5025936 0.82725585 0.5748901999999999
8 0.00041960642999999996 0.5367221999999999 0.28488576 0.83213997 0.9652843000000001
4 0.00041149059999999997 0.25843355 0.42882 0.5727800000000001 0.7418619000000001
6 0.00041011487999999995 0.60512656 0.5122585 0.7048704 0.5581609000000001
7 0.00040694943 0.2520082 0.49618828 0.41083843 0.69979966
2 0.00040669214999999994 0.078074835 0.48974484 0.25661376 0.6459732
11 0.00040667812999999997 0.6761731 0.50101864 0.7203915 0.56550205
1 0.0004063834 0.63985723 0.52894056 0.81636006 0.64452916
9 0.00040162972 0.7698448 0.55354005 0.8700674999999999 0.6212199
13 0.0003938870200000001 0.72244704 0.5224053 0.8337017 0.59915775
6 0.00039385867 0.5212141 0.5346803000000001 0.62788296 0.5889455
9 0.00039334252 0.33640623 0.5006980999999999 0.50690985 0.6344928000000001
8 0.00038974443999999995 0.6414591 0.47966048 0.77270174 0.622649
10 0.00038930922 0.80826163 0.47434747 0.95830405 0.6610451
9 0.00038756970999999997 0.6932069000000001 0.5042926999999999 0.7716193 0.5698517
2 0.00038742175000000003 0.5267406 0.4999853 0.6058994000000001 0.5425401999999999
6 0.0003861384 0.635554 0.5050112 0.73440415 0.56310713
11 0.00038577809999999996 0.30009547 0.31626627 0.44814232 0.88135946
11 0.00038364652 0.7616755999999999 0.42411426 0.8425417 0.7502939000000001
7 0.00037405427 0.52545255 0.49360360000000003 0.60751516 0.5817449
6 0.00036986660000000004 0.09845713 0.55722433 0.60959196 0.8106003
13 0.0003648196 0.65288347 0.53831905 0.7286642 0.58764726
12 0.0003639822 0.13657558 0.56109756 0.22274351 0.6104811
9 0.00036242072 0.29992324 0.5015925999999999 0.46743846 0.84071344
11 0.0003606468 0.6387849 0.49625569999999997 0.67810786 0.56200624
4 0.00036027837999999995 0.6831347 0.4919679 0.74601734 0.55969125
8 0.00036020277 0.02822189 0.4265036 0.23719884 0.7188274
1 0.00035921097 0.7462726 0.557299 0.833556 0.6187053000000001
8 0.00035802744 0.37641162 0.4576577 0.7027258000000001 0.95361966
8 0.0003572047 0.09383280599999999 0.5251747 0.16835652 0.60684705
11 0.0003521872 0.79951316 0.4894791 0.84685427 0.56859076
2 0.00035097656999999997 0.5533045 0.49922296 0.6257687 0.54922974
7 0.00034783192999999997 0.7431313 0.44256154 0.89099205 0.74177223
10 0.00034779453 0.75818026 0.54767513 0.8499074000000001 0.6181770000000001
5 0.00034667709999999997 0.7769251 0.5109731 0.86272657 0.56458765
9 0.00034423352999999994 0.69795036 0.5185799 0.7564229 0.604719
12 0.00034339924 0.5466515000000001 0.50006115 0.627076 0.55533576
1 0.000342322 0.61633176 0.5164075 0.6693259 0.556603
11 0.00034041059999999996 0.30285862 0.52002114 0.39483127 0.6698876
1 0.00033396384 0.7559013000000001 0.5410341999999999 0.8210506999999999 0.6375096
1 0.0003312736799999999 0.5516367 0.5217506 0.60847306 0.56956017
2 0.00033020132000000004 0.5349010000000001 0.52962285 0.61922145 0.5749082
11 0.00032267222 0.10709278 0.4747871 0.21891038 0.6857318
6 0.00032151103 0.31634682 0.50064903 0.50282097 0.6480060999999999
12 0.00032032427000000004 0.7880189999999999 0.4924372 0.8810349000000001 0.55450135
5 0.00031880345000000004 0.53079545 0.51541096 0.6307733 0.5687451
1 0.00031654892000000006 0.6431278 0.51665753 0.7050384 0.5592196
8 0.00031618722000000004 0.026817142999999998 0.39371604 0.16986175 0.88737583
