3 0.9290470999999999 0.46437606 0.39673442 0.525026 0.44955918
3 0.767339 0.04145267 0.37006864 0.25263032 0.6172245
3 0.5488868 0.42270535 0.39786947 0.4678535 0.43711945
8 0.53126717 0.25560826 0.41291288 0.32020986 0.47879654
3 0.46678296 0.3140675 0.40135062 0.36842307 0.4389659000000001
3 0.36439332 0.72079813 0.34356228 0.9843279 0.5900813
8 0.3617511 0.38001904 0.39326167 0.42201242 0.45253578
3 0.3151343 0.38184708 0.399884 0.41742867 0.4437522
3 0.3132948 0.83676773 0.33615205 1.0 0.5356095000000001
8 0.299681 0.019901276000000002 0.38713790000000003 0.2608823 0.63353235
8 0.27084488 0.6767728 0.38025036 0.9920394 0.6297752
3 0.2051402 0.4313588 0.39793193 0.48823005 0.44152918
3 0.1841467 0.61196727 0.34899193 0.8100016999999999 0.5081266
8 0.18211386 0.25264674 0.40105888 0.31289279999999997 0.4564366
3 0.14278907 0.14543499 0.36108008 0.25689155 0.42223367
3 0.13648707 0.263352 0.41265732 0.31971875 0.47007079999999996
8 0.117063895 0.29433718 0.4007115 0.35795996 0.44756540000000006
8 0.115777045 0.558187 0.34291992 0.90714455 0.61902165
3 0.11003419999999998 0.018957711999999998 0.4719005 0.10180289 0.5258487
3 0.10561581 0.024469756000000002 0.3851364 0.21545592 0.53904736
3 0.09902594 0.27799404 0.41743067 0.330665 0.46939814
3 0.084926486 0.26191527 0.3961809 0.3230465 0.45483235
3 0.06835469 0.5875305000000001 0.37227073 0.79902065 0.5451794
8 0.06746814 0.5665554 0.39365748 0.7931894 0.5366214
3 0.066580065 0.15448269 0.36576474 0.27996692 0.48323032
8 0.06025326599999999 0.052114278 0.39322367 0.22577265 0.56702906
8 0.048625354 0.6229534999999999 0.41836807 0.79685336 0.585229
3 0.039557907999999996 0.6104718000000001 0.33211490000000005 0.8438154 0.5581233
3 0.0372876 0.14994532 0.37559366 0.25928438 0.4537051
8 0.03213476 0.7836866 0.39444914 0.9925943000000002 0.5308431
8 0.031932164 0.29156706 0.4123825 0.345221 0.4731634
8 0.029735442 0.8246021000000001 0.36659425 0.98159945 0.51340795
3 0.029091673 0.026309847999999997 0.36452067 0.17873177 0.4682049
3 0.028161317 0.8616491 0.31178427 0.99644667 0.45289075
3 0.027370277999999998 0.6206291 0.30844918 0.78099453 0.43141654
3 0.023853463999999998 0.049925394000000005 0.36805528 0.24224845 0.48740649999999996
3 0.023781293999999998 0.091502175 0.36675814 0.27025807 0.5099956
3 0.022148147000000003 0.27844948 0.4012257 0.33917344 0.44884792
8 0.021834916 0.27122626 0.40422709999999995 0.3314561 0.44958952
3 0.020541117 0.29487670000000005 0.419151 0.34311932 0.46868350000000003
8 0.020469103 0.13104314 0.37319050000000004 0.2744007 0.5173125
8 0.016963191000000002 0.45677692 0.3957868 0.528069 0.45590833
8 0.015190895 0.41511000000000003 0.38876504 0.47024888 0.44601515
3 0.013041031000000002 0.8673613000000001 0.32781750000000004 1.0 0.40584016
3 0.01253011 0.113300905 0.36222544 0.18725167 0.42420256
13 0.010681935 0.81524086 0.3341703 1.0 0.5179807
3 0.009901756 0.38887757 0.398777 0.43180340000000006 0.445774
8 0.009552578 0.42661145 0.39079896 0.49062803 0.44996566
8 0.009281061 0.8461117 0.3314094 0.97165495 0.47017798
3 0.008592485 0.6758685999999999 0.43507529999999994 0.81391317 0.5906563
13 0.0085136695 0.24884418 0.42182672 0.32082316 0.46891996
13 0.0070389933 0.37157285 0.4005227 0.43170178 0.44621828
13 0.006979501999999999 0.26532690000000003 0.42190418 0.33627972 0.47499996
13 0.0069660745 0.30610722 0.39674783 0.37243068 0.44779167
3 0.0067164334 0.7945760000000001 0.29501158 0.99125654 0.50448537
13 0.0060584885 0.2894409 0.3978719 0.3567666 0.44791450000000005
8 0.0060507185 0.59056824 0.35633573 0.7795089 0.48491195
13 0.005626625400000001 0.53931797 0.39739865 0.8452504999999999 0.66534245
8 0.005583119 0.48559946 0.33292937 0.77012664 0.6146319
8 0.005381186 0.31823537 0.40044788 0.3736469 0.44652954
13 0.0051288707000000005 0.24274567 0.39077845 0.32012376 0.45335200000000003
13 0.0048484216 0.42038313 0.39787626 0.47734955 0.45461708
8 0.00441324 0.0 0.39079687 0.18442056 0.5392138000000001
8 0.0043674414 0.05007656 0.35763255 0.30636793 0.8431548000000001
2 0.0043063182 0.2582015 0.41851258 0.32823159999999996 0.46803376
13 0.004075530999999999 0.5807981 0.3628336 0.79614073 0.52901703
7 0.003960872 0.2470467 0.41694957 0.32180488 0.47988427
3 0.0036411534999999996 0.57219654 0.438101 0.6345764 0.50459003
8 0.0035683801 0.19679481 0.42974209999999996 0.2574303 0.50017136
13 0.003489564 0.0 0.33973926 0.30666777 0.69609934
13 0.0034538653999999997 0.11040416 0.37212282 0.2922332 0.52130526
2 0.003362585 0.2967478 0.3938525 0.35631490000000005 0.43553606
3 0.0031932625 0.12214606 0.3546716 0.26610625 0.46954003
2 0.0031646823 0.2661079 0.38583407 0.32145378 0.4370238
11 0.0031212112 0.26703167 0.42146477 0.31345767 0.48427153
13 0.0030721696000000002 0.42711392 0.39221090000000003 0.49525896 0.45843995
8 0.003055467 0.77538186 0.31716275 0.9857524 0.5639721999999999
5 0.0030281920000000003 0.2305991 0.4324465 0.32392132 0.47301809999999994
13 0.0028846532 0.6948960999999999 0.32012504 0.99209785 0.6466679
6 0.0027645409999999997 0.25909182 0.42622426 0.3365712 0.47492978
8 0.0025705511 0.60160184 0.32554343 0.77077556 0.44628158
2 0.002510019 0.31215248 0.3933282 0.37082740000000003 0.4362258
8 0.0024862313 0.029455572000000003 0.27326474 0.22387508 0.802758
7 0.0024018325 0.0 0.31740662 0.32426659999999996 0.71262515
10 0.0023910007 0.26575568 0.41200128 0.32888296 0.47364572
13 0.0023752325 0.0 0.39637990000000006 0.22701073 0.56023127
7 0.0022799543 0.28357595 0.39272490000000004 0.35362214 0.45185766
12 0.0022596992 0.25645593 0.4161195 0.32692406 0.46654096
2 0.002232053 0.38102305 0.39476043 0.43852007 0.43703774
3 0.0022304347 0.6404483 0.39019492 0.8127343 0.5640732
13 0.0022036232999999997 0.055318713 0.37587264 0.25431773 0.5581003000000001
13 0.0021170382 0.44702682 0.39932096 0.5143042 0.45835410000000004
7 0.002067137 0.2517776 0.3877826 0.32686484 0.45140725
13 0.002061093 0.15789841 0.3586924 0.24838169 0.43213195
7 0.0020506394 0.26501220000000003 0.41882673 0.3378374 0.4778227
11 0.0020425643 0.25053948 0.4204866 0.29536593 0.48402619999999996
1 0.0020311714999999998 0.2512687 0.43162242 0.3173026 0.47273278
3 0.0019949342 0.103302345 0.37968850000000004 0.19660304 0.43911812
8 0.0019302301 0.11339823 0.34587622 0.24987939 0.4919751
9 0.0019212882999999998 0.05547248 0.38344315 0.32748908 0.63174284
13 0.0018488754000000002 0.13190395 0.35914165 0.22301859 0.42530274
7 0.0018379679000000001 0.3025886 0.3936716 0.37211385 0.45010647
9 0.0018333069000000001 0.2613742 0.41758186 0.33121124 0.47024935
4 0.0018227770999999999 0.26249087 0.41230673 0.32006395 0.48015615
6 0.0018227609 0.28925052 0.40201667 0.37066236 0.45085412
7 0.0018212622 0.37007478 0.39405650000000003 0.43556187 0.45144293
13 0.0018206976999999998 0.60060734 0.32299587 0.8000965999999999 0.48445340000000003
5 0.0018204417000000001 0.27242953 0.40965379999999996 0.35440582 0.44342366
8 0.0017693222 0.059758633 0.35851362 0.23412135 0.5161505
13 0.0017651463 0.83906394 0.309852 0.9959396999999999 0.45281655
9 0.0017336445999999999 0.26212674 0.3936044 0.33301145 0.45349684
3 0.0016872410000000001 0.025309999 0.36696799999999996 0.12022439 0.41586369999999995
9 0.0016461384 0.38318357 0.40150159999999996 0.44294974 0.44612756
8 0.0016309106 0.14688426 0.3659035 0.24006817 0.42693865
13 0.001598574 0.41014937 0.4045297 0.4666308 0.44890553
7 0.0015958715 0.8388551 0.3195075 0.9993456000000001 0.5178819
2 0.0015917697 0.528051 0.31254464 0.9076226000000001 0.6102029999999999
12 0.0015796758999999999 0.2569731 0.38614312 0.3262987 0.45106456
13 0.0015678284 0.26502705 0.39345399999999997 0.34167683 0.45455977
10 0.0015620717000000002 0.2876464 0.41351643 0.3447832 0.47268152
6 0.0015497592000000002 0.25786462 0.39993116 0.33564970000000005 0.45238048
13 0.0015310097 0.50096846 0.36317632 0.8120036 0.61740154
11 0.0014691311999999999 0.28863806 0.42114350000000006 0.3315212 0.47985756
8 0.0014619853 0.011847399 0.36875063 0.21108353 0.49976435
2 0.0014532786 0.7286786 0.25827727 0.99295497 0.62135094
8 0.0014507325 0.0052411444 0.46773666 0.119357005 0.6592304
10 0.0014229461999999999 0.26268277 0.38663024 0.32542719999999997 0.4440338
3 0.0013932023000000002 0.5194041 0.35495773 0.82047147 0.56941634
8 0.0013545228 0.0 0.3721531 0.15981789999999998 0.49012628
7 0.0013472444 0.39736456 0.34608130000000004 0.88011533 0.72424173
1 0.0013239010999999998 0.0 0.39096129999999996 0.26764265 0.63833636
7 0.0013102603999999999 0.22837333 0.41815606 0.30568618 0.48303290000000004
5 0.0012900243 0.34882635 0.41061938 0.4411819 0.44197085
2 0.0012832449 0.83328104 0.33317032 1.0 0.48730909999999994
5 0.0012323244999999999 0.2916984 0.41076657 0.37066279999999996 0.44599164
3 0.0012309483999999999 0.07406557 0.34949136 0.30867988 0.59113604
7 0.0012260835000000002 0.6655599 0.32181835 1.0 0.67332023
7 0.0012010853 0.40445283 0.3912639 0.48331395 0.45375642
7 0.0011800806 0.4580035 0.3890398 0.53200924 0.45856607
9 0.0011687366 0.11579874 0.385835 0.2844983 0.5220035
12 0.0011631624 0.85417974 0.33550194 1.0 0.48792753
7 0.0011556458000000001 0.4380001 0.3903312 0.514526 0.45913809999999994
4 0.001153907 0.39167464 0.39407359999999997 0.43752579999999996 0.44734989999999997
9 0.0011528705 0.30202517 0.39642406 0.35887966 0.45089006
5 0.0011528054 0.0 0.4309152 0.34247506 0.61739683
7 0.0011181196 0.07286622 0.38590163 0.24747635 0.5682895
1 0.0011097444 0.3746099 0.41049686 0.42154783 0.44467166
13 0.0010889953 0.38120818 0.39600405 0.4473263 0.45034462
12 0.0010746665 0.0 0.28438914 0.41186184 0.5880733
11 0.001070017 0.45867762 0.39223415 0.49700249999999996 0.44958448
1 0.0010634899 0.28724527 0.40754545 0.34544426 0.44612646
2 0.0010548292 0.4171344 0.38796285 0.48160404 0.43566325
13 0.0010391329 0.016651116 0.47405058 0.08783110000000001 0.5374944
5 0.0010371659 0.2558354 0.43413702 0.34247422 0.47522408
11 0.0010257788 0.30456913 0.39822215 0.33903320000000003 0.45213386
1 0.0010227938 0.22848706 0.42831528 0.29588813 0.47117853
5 0.0010185378 0.42591190000000007 0.4035886 0.51841164 0.44571859999999996
9 0.0009998875 0.027454107999999998 0.33211890000000005 0.23045879999999996 0.60493463
6 0.0009963237 0.36648685 0.39880484 0.44696558 0.44623834
13 0.0009909597999999999 0.64092743 0.45437520000000003 0.81964374 0.58395094
3 0.000985602 0.018259745 0.37968257 0.12770614 0.438454
13 0.0009756798 0.10769557 0.36055085 0.18419397 0.42164972
1 0.0009669605000000001 0.44581145 0.38910064 0.8043515 0.63167024
3 0.0009569461699999999 0.5843644 0.31652266 0.78853023 0.46897206
5 0.0009547075999999999 0.21063972 0.42825240000000003 0.30614668 0.47441408
6 0.0009521807699999999 0.07985408599999999 0.41538125 0.2921875 0.56212896
1 0.0009483470300000001 0.27115965 0.43110198 0.33171266 0.4737822
1 0.0009455211999999999 0.6636025999999999 0.40889665 0.9677825000000001 0.62018245
1 0.0009405124 0.42963356 0.41011414 0.48786163 0.44918528
11 0.00093461474 0.08833137 0.31199970000000005 0.275851 0.68643695
1 0.0009341445399999999 0.24907574 0.4048527 0.30960372 0.44417822
1 0.000904269 0.06742504 0.41081452 0.256419 0.53197527
2 0.00089933677 0.017909706 0.28429145 0.32817826 0.5660509
9 0.0008913739 0.77361035 0.37732476 1.0 0.60967743
5 0.00088144065 0.22955506 0.40943792 0.32599732 0.44122717
4 0.0008592657 0.28475428 0.41065532 0.3371417 0.47767429999999994
9 0.00084962026 0.28048779999999995 0.42222577 0.3468075 0.47123787
4 0.00084785273 0.09780141 0.38178290000000004 0.24831307 0.5535376000000001
4 0.0008438351 0.26898438 0.39110959999999995 0.32334453 0.44912025
8 0.0008421587 0.6097406 0.32702470000000006 0.9399564 0.8925853000000001
3 0.00083975674 0.18732917 0.3922777 0.27283913 0.49725896
5 0.00081824925 0.43070559999999997 0.43260509999999996 0.8328486999999999 0.660647
9 0.0008111335300000001 0.56873107 0.39224902 0.8616780999999999 0.6734691999999999
9 0.0008056249000000001 0.6458263000000001 0.38375655 0.8122595 0.52993107
12 0.0007984156 0.098098 0.39848965 0.27777976 0.5443471999999999
3 0.00079750235 0.030898262000000003 0.43514390000000003 0.15216014 0.7059854
1 0.0007972058999999999 0.41505584 0.40948647 0.46924934 0.44851267
5 0.0007941613400000001 0.0 0.45209032 0.26604515 0.6845213000000001
12 0.00078881555 0.10386171 0.370029 0.3080558 0.51800495
13 0.0007839552000000001 0.89021665 0.3310135 0.9748207 0.40006587
9 0.0007738730999999999 0.08958839 0.40293646 0.26819456 0.54766256
1 0.0007698539999999999 0.8091415 0.39186296 0.9699966 0.4948525
12 0.00076605525 0.6586991 0.31845242 1.0 0.58547825
9 0.00076561444 0.8738248 0.35232776 1.0 0.48760936
2 0.0007638096 0.0 0.3642994 0.2789428 0.6253561
6 0.0007612910000000001 0.43649352 0.39530240000000005 0.53636795 0.44957754
12 0.00075212016 0.29266372 0.39422270000000004 0.36310378 0.44546685
6 0.0007520392999999999 0.3945172 0.40054968 0.5093653 0.44968385
4 0.0007447083000000001 0.09373562 0.35141277 0.3467269 0.67076397
12 0.0007385156 0.6255354000000001 0.3679347 0.8432904 0.53315264
8 0.00072665035 0.016084618999999998 0.47557145 0.087694965 0.52979106
5 0.0007091010300000001 0.44191965 0.40012902 0.8698024999999999 0.5909495
7 0.00070826325 0.23132367 0.38619354 0.3129651 0.45576120000000003
4 0.0007074057400000001 0.12210313 0.35833928 0.26624566 0.5193035
2 0.0006969722 0.063232265 0.39103845 0.24549413 0.52147985
12 0.00069380004 0.36993822 0.39535640000000005 0.43636724 0.43627566
5 0.0006914509599999999 0.0 0.43248057 0.22166057 0.54712456
8 0.0006873726 0.15532741 0.38267618 0.24424314 0.45369077
2 0.0006762221499999999 0.45312074 0.39205107 0.51637363 0.43505773
11 0.00066429406 0.39307509999999996 0.3967314 0.4271747 0.4498393
13 0.0006640745599999999 0.0 0.35497340000000005 0.18523374 0.5428371999999999
2 0.0006607440299999999 0.6262715999999999 0.34780570000000005 0.7884524 0.5010196
5 0.000657425 0.61798114 0.40759090000000003 0.9929554 0.6031141999999999
11 0.0006557150599999999 0.044247434 0.30429703 0.22383977 0.7601198
9 0.0006429449 0.31716633 0.39836094 0.37823975 0.45077807
1 0.0006416114599999999 0.30619884 0.41038877 0.36267477 0.4485774
8 0.000635465 0.02435673 0.16619071 0.19960672 0.6333217
9 0.0006278786 0.2475134 0.41427723 0.31362826 0.4730665
7 0.000621606 0.025185078 0.39329103 0.20009646 0.5643456
10 0.0006118747 0.06653398 0.36947972 0.25011134 0.54012084
3 0.0006046035 0.02555566 0.47988865 0.117624834 0.5655469
1 0.000601346 0.10086245 0.37680236 0.26754743 0.49091786
11 0.00059837895 0.27185947 0.40399104 0.30748403 0.45680790000000004
1 0.0005912686499999999 0.056415044000000004 0.44157785 0.23406848 0.5655927
1 0.0005878648000000001 0.22662874 0.40075606 0.29330122 0.44302326
5 0.0005786856 0.5127616 0.40950876 0.74303937 0.50709695
8 0.00057821727 0.11178883 0.36122805 0.17890224 0.42420724
7 0.0005672823999999999 0.10593096 0.36930594 0.31322956 0.54477084
8 0.00056589616 0.19088951 0.41205373 0.26164624 0.48267567
2 0.0005557253599999999 0.08760595 0.35953578 0.26056084 0.5011137
10 0.0005552797 0.034628198 0.39559692 0.21205045 0.54180753
1 0.0005512842299999999 0.45884532 0.41112879999999996 0.51951176 0.4504107
8 0.0005380364 0.5228697 0.37974712 0.6788901999999999 0.5111324
6 0.0005287553 0.43992043 0.42297840000000003 0.9337207000000001 0.6865794
13 0.0005232614 0.61787707 0.43670425 0.8049206 0.5597278
10 0.00052227086 0.3024307 0.39064357 0.36237997 0.44373640000000003
1 0.0005214408 0.0005334615699999999 0.44076002 0.18398544 0.565578
2 0.0005035197 0.8074952 0.3598139 0.99999267 0.5195194000000001
8 0.00050059106 0.5644933000000001 0.43769738 0.6325896 0.5035076
13 0.00049783906 0.61508083 0.39852527 0.82709885 0.5339484999999999
8 0.00049661525 0.7278453 0.23570754 0.95026183 0.72309536
3 0.00049490953 0.20517623 0.4141541 0.2663982 0.5214557
9 0.0004900942400000001 0.8609209000000001 0.38279495 1.0 0.51556116
11 0.00048993516 0.47405007 0.39312822 0.514443 0.44875112
13 0.00048336282 0.5489291999999999 0.39278516 0.75073254 0.5349225999999999
1 0.00048072669999999997 0.120483935 0.40861702 0.29016975 0.52554405
3 0.00048060252 0.032180876000000004 0.41031066 0.15885 0.6167803000000001
11 0.00047787497 0.41942048 0.3915916 0.45371932 0.45058355
2 0.00046192633 0.85481983 0.30130818 1.0 0.4595983
8 0.00045838996 0.7120046 0.52756995 0.7710921 0.5846044
11 0.0004574283 0.5985134 0.26871595 0.8311716 0.7253901999999999
9 0.0004563335400000001 0.2455928 0.39046288 0.3172699 0.4559829000000001
10 0.0004560309 0.46425033 0.3869344 0.5322458000000001 0.44462314
7 0.00045566197000000003 0.05667141 0.43115306 0.23965669 0.5923769
8 0.0004542952 0.74581015 0.41179553 0.97559893 0.88100684
2 0.00045279782999999994 0.029694252 0.39744055 0.20634902 0.50414395
5 0.00045257745999999996 0.40014377 0.40543878 0.4788991 0.44944718
8 0.00045126412000000006 0.22070889 0.40902272 0.28793204 0.4778157
1 0.00044349785 0.39677304 0.32837150000000004 0.73562807 0.5588663
2 0.0004430886 0.5904162 0.34860453 0.9755454 0.65459764
2 0.0004378343599999999 0.13528904 0.3493124 0.3088979 0.49495798
1 0.0004304504 0.80543953 0.42530745 0.98212034 0.53415823
2 0.00042832433 0.28194296 0.39145377 0.33678365 0.43566450000000007
9 0.0004254259 0.5522050999999999 0.3387545 0.8008881999999999 0.626879
9 0.00042254407999999996 0.28319737 0.39605045 0.343604 0.4538455
7 0.00042136277999999997 0.39085642 0.3970338 0.46404693 0.454481
12 0.00042015975 0.86389095 0.30012017 1.0 0.4510357
5 0.0004177025 0.022959754 0.40773043 0.27955145 0.5188334
6 0.00041576457 0.102495596 0.4004636 0.3630219 0.5330274
1 0.00041471902 0.0 0.46729535 0.23987089999999997 0.70997465
11 0.00040956763999999994 0.06922795 0.41412872 0.15374006 0.5674359
10 0.00040856077000000005 0.24590325 0.38852328 0.31210697 0.4468472
11 0.00040662885000000004 0.25336733 0.40071344 0.29270092 0.45758286
10 0.00040240568 0.38659596 0.38616472 0.43759799999999993 0.44438574
11 0.00040212309 0.8037135999999999 0.28946474 0.9577413 0.66459864
10 0.00040068832000000003 0.3195456 0.38737288 0.376704 0.4470227
2 0.0004000679 0.2936081 0.41839445 0.35778698 0.46719584
4 0.00039514428 0.038897805 0.39230543 0.19939059 0.55540985
9 0.00039019872 0.6134691 0.36038485 0.7577512 0.5143151
12 0.00038596755 0.46167958 0.3890903 0.5349309 0.449975
8 0.00038573766000000006 0.59610295 0.21570414 0.89801633 0.7249849
7 0.00038437737 0.28082708 0.42200714 0.3550934 0.47979164
6 0.00037549999999999997 0.07126857 0.3644301 0.34451687 0.50494856
1 0.00037066964 0.39781869999999997 0.40724856 0.45597854 0.44438505
11 0.00036435426 0.61845005 0.37649897 0.7078036 0.53531003
12 0.00036358382000000004 0.2757551 0.39163685 0.34203279999999997 0.45019236
10 0.0003623154 0.08822451 0.34350553 0.26992035 0.50482553
4 0.00036101907999999997 0.29724714 0.39709258 0.35248187 0.44439495
1 0.0003603964 0.81571126 0.35802752 0.9749836 0.45572429999999997
2 0.00035830995 0.123491086 0.31746435 0.2961998 0.45388982
7 0.00035829254000000003 0.63416886 0.3585014 0.7992047 0.5313074000000001
1 0.00035733002 0.52933383 0.40873584 0.70933485 0.5175472
9 0.00035383142 0.042862356 0.4195231 0.2550907 0.6911686
1 0.00035009282999999997 0.58722645 0.40488634 0.76428896 0.5242782
11 0.00035006632000000003 0.3237441 0.39648783 0.35890898 0.45103059999999995
9 0.00034674212999999995 0.041372112999999995 0.39910778 0.21270615 0.5556916000000001
9 0.0003426361 0.46476376 0.3945116 0.5331138000000001 0.45201963
5 0.00033799076000000003 0.75765586 0.4022412 1.0 0.49859557
6 0.0003360878 0.5764576 0.38950014 0.81246805 0.53204674
4 0.00033337998 0.24677968 0.4103064 0.3021083 0.47764093
