3 0.9816652 0.36666682 0.4160729 0.45456645 0.53985506
3 0.8658534 0.18672484 0.40985516 0.29959559999999996 0.5054964
3 0.7306874 0.30439365 0.43212822 0.35537297 0.49409154
8 0.60299516 0.48210496 0.42290020000000006 0.5465066 0.47749916
3 0.5741654 0.48651725 0.42282674 0.54298073 0.47032237
3 0.20062803 0.37811214 0.41365534 0.46433967 0.5089818
8 0.16456759 0.29064542 0.43614107 0.36903328 0.50298804
8 0.13080606 0.3705222 0.44642574 0.44288683 0.53752446
8 0.08659307 0.18976535 0.42907718 0.28644952 0.5071753999999999
8 0.07047938599999999 0.18447052 0.40013433 0.31751788 0.53139454
3 0.06262371 0.45219532 0.42660242 0.50119406 0.47153482
8 0.039248303 0.44572774 0.42499307 0.50575316 0.48024008
3 0.027935297999999997 0.20106786 0.41908842 0.3359881 0.5196601
8 0.027510311000000003 0.84060967 0.26076487 0.8938472 0.30190116
8 0.027275525 0.3701046 0.4071431 0.48677070000000006 0.5597809
3 0.021698104 0.31791252 0.42701387 0.3832959 0.48113877
3 0.01663197 0.85096973 0.2528163 0.89484626 0.30696398
8 0.012157293999999999 0.47746423 0.43292165 0.53636867 0.49418202
8 0.009008529 0.90952444 0.23098867 0.982967 0.27740207
13 0.008412635 0.48526263 0.42007637 0.55929124 0.47257340000000003
13 0.007201839200000001 0.29506323 0.44530562 0.377894 0.5027732
13 0.007075783299999999 0.8375652 0.25658533 0.89847386 0.30041376
13 0.0069687827 0.35097152 0.46633333 0.47876585 0.5322823
3 0.006811629499999999 0.63353485 0.25929835 0.7016185 0.3149748
13 0.005366918 0.2899651 0.4234156 0.36796027 0.49025673
8 0.0051442552 0.89176035 0.2098472 0.9926480999999999 0.30586877
13 0.0049403966 0.31065965 0.43382126 0.37831384 0.5326755999999999
3 0.0048843743 0.9074380999999999 0.21921578 0.98697764 0.28687277
13 0.004839965999999999 0.16428493 0.4204424 0.27524388 0.49642378
8 0.0047405120000000005 0.35180559999999994 0.40020582 0.45936194 0.59262705
13 0.0045414777 0.18524079999999998 0.40028208 0.343673 0.5580874
13 0.0041841213 0.16951907 0.43712038 0.31472757 0.5605026
13 0.0039602840000000005 0.19213176 0.4408531 0.30995917 0.51290345
2 0.0038890895000000003 0.49430218 0.41447392 0.56594837 0.4709563
11 0.0034801090000000003 0.29916564 0.44006127 0.34857002 0.5162869999999999
3 0.0033703567 0.35630015 0.41791397 0.42822966 0.47652546
5 0.0032945917999999998 0.16112258 0.4518723 0.2979213 0.50673133
13 0.0032449125 0.34856647 0.42137440000000004 0.511807 0.586198
13 0.0032174521999999996 0.46282822 0.42845829999999996 0.53627366 0.47269574
2 0.0031567697999999996 0.2969237 0.4422115 0.37595618 0.49469844
7 0.003042632 0.18963304 0.42663103 0.27733752 0.52114743
7 0.0029093485999999997 0.35787648 0.46604478 0.4365834 0.55034345
13 0.0028952907000000003 0.37797236 0.42252052 0.46044934 0.49811009999999994
6 0.0028118026 0.29465902 0.44643146 0.39286017 0.50914335
8 0.0027745059000000003 0.3768801 0.42880228 0.42543500000000006 0.5426265
13 0.0027563295000000002 0.44709817 0.42428574 0.50947267 0.48195302
3 0.0027103845000000003 0.3827207 0.40677702 0.4429496 0.43856356
7 0.0026687686 0.30200720000000003 0.417271 0.38104099999999996 0.48400959999999993
13 0.0026506346 0.36642653 0.45435378 0.43377084 0.5475555999999999
2 0.0026209478 0.31096327 0.41458106 0.3711419 0.46173188
9 0.0026109498000000003 0.20091426 0.4002682 0.35958773 0.51796806
13 0.002593678 0.20710412 0.41408718 0.28715855 0.52506983
8 0.0025724329000000002 0.50856245 0.42401695 0.5582768 0.47436094
5 0.0024972693 0.3235095 0.47724435 0.47365248 0.53603977
6 0.0024673642999999998 0.36702290000000004 0.46567179999999997 0.46560857 0.53663564
13 0.0023973435 0.20719002 0.4188094 0.31033665 0.49736753
3 0.0023706716 0.33071333 0.4303083 0.37932992 0.5047794
3 0.00232023 0.33732557 0.4208409000000001 0.39219729999999997 0.47751126
11 0.00231604 0.47508028 0.41590340000000003 0.51747537 0.48344192
5 0.002301787 0.25299132 0.45595068 0.35734576 0.50327903
13 0.0022403228 0.186274 0.41147906 0.26194120000000004 0.5155081
4 0.0022161852 0.37923932 0.43686855 0.45952427 0.5498548000000001
11 0.0021969732 0.31716347 0.44245857 0.3657217 0.5127425
4 0.002177107 0.30659232 0.43512574 0.37276956 0.5096953
13 0.0021276579999999997 0.28905633 0.44179273 0.3493007 0.52421594
5 0.0020979522000000002 0.43038717 0.4368043 0.5326892 0.47155252
7 0.002093895 0.28861493 0.43850216 0.37800429999999996 0.5111567
1 0.0020918685 0.16902964 0.43087533 0.25373968 0.48588726
2 0.002076655 0.46769702 0.42143536 0.53901756 0.4636751
2 0.0019509860999999999 0.15708113 0.38774434 0.36382264 0.52680856
5 0.001938695 0.14887659 0.42924586 0.28079712 0.47607365
12 0.0018744264000000001 0.19680877 0.4073642 0.28632537 0.48138618
2 0.0018044860000000001 0.19308323 0.4114598 0.2854177 0.46275428
11 0.0017942457 0.21629299 0.44147453 0.27297667 0.5200378
4 0.0017730481 0.21939909999999999 0.41504034 0.29722309999999996 0.5088899
9 0.0017132842 0.3765962 0.4586465 0.469513 0.5284698
8 0.0017120426999999998 0.36886618 0.41990116 0.44390753 0.5032177999999999
13 0.0016934345000000001 0.37041822 0.41690108 0.41764614 0.5499539000000001
12 0.0016840815 0.2226871 0.44210395 0.30683216 0.50516915
9 0.0016682063 0.30695120000000004 0.4285544 0.38405403 0.48334366
6 0.0016656537 0.19193977 0.44022194 0.30080807 0.5126892
7 0.0016467004999999998 0.17693852 0.40347916 0.26344258 0.49295932
6 0.0016383336999999999 0.29373795 0.42041412 0.38249964 0.48221549999999996
7 0.0016363642999999998 0.09583978 0.40009144 0.33329278 0.5839895
8 0.0016352733 0.31027406 0.42717913 0.37305433 0.48520106
3 0.0016271948999999999 0.28929654 0.428058 0.3523315 0.48288283
7 0.0016102 0.15867373 0.3729223 0.36159584 0.5630512
10 0.0016060763 0.20902708 0.42458272 0.29683325 0.50347674
6 0.0016035562 0.17584011 0.41729102 0.28682593 0.48561168
8 0.0015903627 0.24545732 0.38811037 0.38759074 0.5530035
2 0.0015632536 0.30352035 0.42697465 0.36341718 0.5130938
13 0.0015615582 0.37546855 0.4284254 0.46070950000000005 0.54727
12 0.0015599588 0.30328944 0.41501358 0.37792507 0.47799096
8 0.0015497368 0.30505407 0.39606702 0.43427193 0.5487535
12 0.0015487629 0.21196873 0.41102087 0.31316054 0.48562974
6 0.0015220754 0.36609169999999996 0.43855947 0.46943828 0.51698446
13 0.0014999394 0.38987556 0.41659656 0.44679698 0.559371
6 0.0014659105 0.45391053 0.42441174 0.54821223 0.47908947
9 0.0014607375 0.17744386 0.42145348 0.31443540000000003 0.5467031
3 0.0014521292000000002 0.48276654 0.44333386 0.5382020000000001 0.49375823
1 0.001438875 0.136952 0.42105812 0.30161774 0.5471140999999999
11 0.0014287360000000001 0.19432603 0.42332935 0.24029587 0.48795614
12 0.0013757423000000002 0.2971259 0.44080397 0.38561586 0.49974856
9 0.0013711545999999999 0.49702874 0.42802215 0.56854033 0.47253599999999996
13 0.0013645219 0.43670207 0.43466958 0.49539965 0.48316997
7 0.0013635957999999998 0.20930582 0.40038732 0.30035353 0.4938067
7 0.0013512112 0.4883795999999999 0.41396824 0.5643456 0.47771358
1 0.0013488163 0.29648009999999997 0.43312708 0.35730526 0.47827134
13 0.0013302617000000001 0.32598934 0.46096045 0.48868665 0.58461404
1 0.0013010356 0.27770844 0.45678509999999994 0.35163779999999994 0.5075174
3 0.0012774802 0.8964770000000001 0.20385557 0.99482024 0.31424594
8 0.0012715964 0.27408236 0.41925701 0.33805078 0.51925266
7 0.001253265 0.36438814 0.42620435 0.4578952 0.5258661
13 0.0012441763000000002 0.33435714 0.44201928 0.46458495 0.5277727
8 0.0012406869 0.6268263000000001 0.26240546 0.6933352 0.31149274
13 0.0012374984 0.3116717 0.42688509999999996 0.38268968 0.48786622
1 0.0012368622 0.20629597 0.43340868 0.29322904 0.49051526
5 0.0012322052 0.34357235 0.43676149999999997 0.43301323 0.5142559
9 0.0012177961 0.48162475 0.42301792 0.5498337 0.47414434
4 0.0011965696 0.50525594 0.42405770000000004 0.56317115 0.48177242
2 0.0011704477 0.29714695 0.41583115 0.35979906 0.45754635
1 0.0011669764999999999 0.45117474 0.43328902 0.51908267 0.47467434
9 0.0011622364 0.30538318 0.44808277 0.38508400000000004 0.5063551
1 0.0011197600999999998 0.17592660000000002 0.40616745 0.33352634 0.5234434
9 0.0011051871000000001 0.20231575 0.4334103 0.2888156 0.505085
3 0.0011021526 0.9075946 0.4684862 0.9907405999999999 0.5302932
12 0.001096772 0.3825051 0.45857970000000003 0.46957250000000006 0.5276313
9 0.0010933427 0.17995344 0.40986943 0.27377707 0.48246127
3 0.001086008 0.41141720000000004 0.42717105 0.47998333 0.47842604
10 0.0010836939 0.30301586 0.43521762 0.37804344 0.5045307
7 0.0010792777 0.28649187 0.42525779999999996 0.3673517 0.5395039
11 0.0010760275 0.39471805 0.47777143 0.44700790000000007 0.55283225
7 0.0010667197999999999 0.4676844 0.41044322 0.5466390999999999 0.48359317
13 0.0010658978 0.34976873 0.41952902 0.4461982 0.5067109000000001
3 0.0010556141000000001 0.27731797 0.43009013 0.34127620000000003 0.5052037
4 0.001047889 0.21536537 0.40103784 0.30742859999999994 0.47772359999999997
7 0.0010440683 0.448391 0.41771042 0.52804947 0.48438728
3 0.0010348402 0.47043237 0.44502288 0.5225976 0.49365866
9 0.0010347856 0.36704126 0.4356103 0.47142860000000003 0.5065362
10 0.001031644 0.3610806 0.4542521 0.45186192 0.5412133000000001
1 0.0010244261 0.29966740000000003 0.45930390000000004 0.36924705 0.5109754
5 0.0010166995 0.2834522 0.46040848 0.357562 0.5268331999999999
5 0.0010027182000000002 0.34595668 0.46369398 0.4294343 0.54769266
9 0.0010002012 0.21229579 0.41580492 0.31467032 0.47909254
4 0.0009745979 0.37913316 0.42133364 0.4616673 0.51093584
1 0.00096762675 0.27759920000000005 0.4298076 0.341136 0.47537795
6 0.0009488752 0.19848536 0.4092008 0.31505040000000006 0.49339488
3 0.0009336416999999999 0.57487965 0.25569132 0.6287694 0.31234303
1 0.0008942177 0.34653890000000004 0.4500393 0.41630995 0.52758247
10 0.0008858462 0.17351379 0.41566000000000003 0.26983196 0.46855187
5 0.0008771849699999998 0.3188066 0.45213157 0.46740758 0.50553364
11 0.00087692274 0.4895237 0.41806498 0.53454536 0.48318237
2 0.00086733804 0.21632805 0.40692964 0.30542788 0.4763585
2 0.0008574864 0.18813236 0.43975859999999994 0.29251787 0.4983925
8 0.00085366896 0.65174574 0.27774623 0.92681354 0.83942306
12 0.0008530514999999999 0.4825267 0.41973683 0.56694746 0.4686295999999999
3 0.0008515002 0.25114384 0.42565307 0.3788357 0.52813673
5 0.00084803114 0.09706004 0.44162858 0.29855722 0.5557778
12 0.0008480122 0.22580121 0.404902 0.28720123 0.5020309000000001
7 0.0008478234 0.27621394 0.41874279999999997 0.36290459999999997 0.48738400000000004
10 0.0008440391400000001 0.30692240000000004 0.41392505 0.36865875 0.4732923
8 0.0008418402 0.32407346 0.4179389 0.37777206 0.5228254
11 0.0008308719 0.29774487 0.40867427 0.33677214 0.54362494
8 0.0008177025 0.86495525 0.4515664000000001 0.98983985 0.58492154
4 0.0008130980000000001 0.29002416 0.43896985 0.35397464 0.50897473
5 0.00081052457 0.17319165 0.41904497 0.26100433 0.49633738
11 0.0008094656 0.19786578 0.36341023 0.3259384 0.55663556
12 0.0008092829400000001 0.37111500000000003 0.41260028 0.43881634 0.5303635
12 0.0007827894 0.1572043 0.36019453 0.3772346 0.50320226
5 0.0007757158999999999 0.46171369999999995 0.43873087 0.56775546 0.47482592
8 0.0007732694500000001 0.29018596 0.45832749999999994 0.34357747 0.52659917
12 0.0007713761 0.37618718 0.43298554 0.47309038 0.5097182
8 0.0007706999000000001 0.14809218 0.38756296 0.29016092 0.56905967
10 0.0007605541 0.20200881 0.40157375 0.2917079 0.47055936
8 0.0007530631 0.9052049000000001 0.46877226 0.98267853 0.5342563
11 0.0007517995 0.20174369 0.38613179999999997 0.24292785 0.49304524
13 0.0007466586 0.21052581 0.41547740000000005 0.38923055 0.5535743000000001
11 0.00073932204 0.37323266 0.42843595 0.40774268 0.5300259
11 0.0007391050999999999 0.3152772 0.41742417 0.35232428 0.540686
3 0.00072980375 0.32090563 0.41271564 0.44045347 0.52674
4 0.0007281084 0.3164159 0.41950598 0.37118614 0.47471341
9 0.00072347303 0.21799424 0.41955566 0.38145706 0.54375565
1 0.0007209822 0.19581434 0.45823333 0.2799552 0.5149371
11 0.00071344856 0.23631020000000003 0.43623722 0.28838897 0.5130598
9 0.0007040547999999999 0.2211647 0.4379575 0.312747 0.5036672999999999
6 0.0007012769999999999 0.35725442 0.43337312 0.43951294 0.5293929
11 0.00069439225 0.19894257 0.4448896 0.25626489999999996 0.52210176
9 0.0006795210000000001 0.22607571 0.40452945 0.28847593 0.49076670000000006
3 0.0006724861000000001 0.35304109999999994 0.42216668 0.42447746 0.5161103
5 0.0006640373599999999 0.26735276 0.45093763 0.33894604 0.52297175
2 0.0006573574 0.44772512 0.41843015 0.5128464 0.46646285
1 0.0006480645 0.18978792 0.42617598 0.3567235 0.5432170999999999
7 0.0006411916 0.3213784 0.3991818 0.5408175000000001 0.59687704
10 0.0006365839 0.18221124 0.44192479999999995 0.27193946 0.5039729000000001
3 0.0006330658 0.21111415 0.39422777 0.2823711 0.5105573
5 0.00063151016 0.2746717 0.4371737 0.3768979 0.47402456
6 0.0006283785 0.47834408 0.42508915 0.5788654999999999 0.48167583
9 0.0006197094 0.2916997 0.42732358 0.36277062 0.48671174
4 0.0006122276 0.18811546 0.41176534 0.27325034 0.47955823
1 0.00061179785 0.2959756 0.4521511 0.35605815 0.52938765
2 0.00060807855 0.18666153 0.34838423 0.36957657 0.5012172
5 0.000601006 0.14289212 0.43390912 0.35991335 0.53265023
3 0.0006006267 0.28768086 0.46436197 0.33618385 0.529249
2 0.00059989747 0.36710835 0.43759677 0.46288090000000004 0.49277467
6 0.0005969883 0.09700301 0.42526862 0.37287170000000003 0.5610073
7 0.0005902663 0.21854864 0.37915614 0.27690348 0.52094156
5 0.0005845118 0.16972412 0.4260755 0.31665915 0.48504758
4 0.0005843565 0.47938594 0.42112696 0.5483909 0.47843230000000003
11 0.00057451456 0.37377715 0.44764066 0.41759902 0.56529534
3 0.0005733318400000001 0.87558365 0.45519045 0.99418473 0.57270765
1 0.00057216635 0.27711368 0.44849148 0.33867127 0.5219773
1 0.0005681281299999999 0.37715876 0.4584277 0.45586962 0.51420903
6 0.00056635804 0.27841797 0.44907695 0.36587003 0.5281894
11 0.0005595187 0.23754635 0.3599645 0.35027406 0.5256118000000001
10 0.0005576407400000001 0.37454522 0.42873493 0.46663009999999994 0.4999983
3 0.0005552962 0.4555066 0.4431 0.5101951 0.49217728
1 0.0005536221400000001 0.34750873 0.42968366 0.4994282 0.54704875
12 0.0005532611 0.20333976 0.3970557 0.26207006 0.5009011
11 0.00055134593 0.22474387 0.41679808 0.27415487 0.48208370000000006
7 0.0005484661 0.35541996 0.4412813 0.41723666 0.5713873
10 0.0005368483 0.23366554 0.37274176 0.28210187 0.48868307
10 0.0005334059 0.47078422 0.41903025 0.5357753000000001 0.46942782
4 0.0005307826 0.23303220000000002 0.3803376 0.37692466 0.5324081
1 0.00052980083 0.31199855 0.4222061 0.46302867 0.5419805999999999
13 0.00052854366 0.19271481 0.42968836 0.27662270000000005 0.54374003
5 0.0005202377 0.36490807 0.43085837 0.41344938 0.5421229000000001
1 0.00051832 0.35420477 0.46044725 0.44405615 0.51983076
1 0.00051295233 0.36308593 0.44140992 0.40641135 0.5333515999999999
8 0.0005031522599999999 0.43234584 0.39309955 0.5642474000000001 0.5213194999999999
5 0.00050157943 0.17892943 0.43537209999999993 0.25524 0.5192937
9 0.0004961669999999999 0.38287047 0.42307737 0.55187696 0.5498006999999999
9 0.000496021 0.45417428 0.42633435 0.5158453 0.47659007
11 0.0004938027700000001 0.5117354000000001 0.41900256 0.55737656 0.48088872
1 0.00047577727999999995 0.31404164 0.45114392 0.37281314 0.5245423
11 0.00046716767 0.38400033 0.45747829999999995 0.423645 0.52176034
10 0.00046621917999999996 0.50879663 0.40663108 0.5625619000000001 0.47592428
5 0.00046530462 0.14940411 0.45287058 0.37031078 0.5611497
1 0.00045578767 0.48855862 0.43542787 0.54658514 0.47892429999999997
11 0.00044516900000000003 0.30191746 0.42617357 0.33750686 0.48210323
7 0.00043988352999999996 0.37206167 0.43959993 0.43149209999999993 0.57488304
9 0.00042903040000000003 0.31149885 0.44436595 0.3662959 0.5289712
1 0.00042812614 0.46927938 0.43475375 0.53613305 0.47729027
2 0.00042228462 0.35991 0.46585202 0.4552772 0.5238826
3 0.0004220975700000001 0.20411542 0.3960958 0.28706914 0.44273640000000003
10 0.000421626 0.32716596 0.43144350000000004 0.39300805 0.5074888
4 0.00041888165 0.33076414 0.43143797 0.38603428 0.50894696
13 0.0004176325 0.62015736 0.2522782 0.69866526 0.31507888
2 0.00041166676 0.83437985 0.24691359999999998 0.9182537000000001 0.30683940000000004
11 0.00040977559999999996 0.36985064 0.45234683 0.41294259999999994 0.5190073000000001
11 0.000406893 0.32104692 0.4283398 0.35522315 0.47989848
2 0.00040502436 0.36089095 0.37949017 0.5339678000000001 0.5227748
11 0.00039950744 0.20063172 0.40924698 0.24553739 0.5318732
4 0.0003992084 0.3600363 0.44842170000000003 0.44123328 0.5453984000000001
7 0.00039687895 0.39100277 0.40215924 0.44929773 0.5455124
11 0.00039589556000000004 0.22129792 0.38044813 0.25926647 0.48857132
5 0.00037863659 0.20153777 0.42699307 0.29384940000000004 0.5121363
8 0.00037818015 0.69156814 0.42140865 0.878948 0.5570242
12 0.00037765154 0.203491 0.43030280000000004 0.28540722 0.5046765000000001
11 0.00037365714999999995 0.39491454 0.44553167 0.4323403 0.5623191
12 0.00036838910000000003 0.46258944 0.42094362 0.54082245 0.4711298
11 0.00036448834000000005 0.3725153 0.47615576 0.43289056 0.5503935999999999
11 0.00036087388 0.2565664 0.35413852 0.38573609999999997 0.5540278000000001
7 0.00035703546 0.37680855 0.46997455 0.45628068 0.543084
1 0.00035357 0.19923651 0.42470363 0.2678357 0.5050077000000001
1 0.00034918964999999997 0.22820149999999997 0.43106819999999996 0.30648595 0.48565888
11 0.0003416326 0.3800897 0.38829333 0.40638763 0.5427008000000001
4 0.00034133187999999996 0.22390747 0.38149452 0.28850013 0.49028194
11 0.00033337137000000004 0.24006460000000002 0.3890958 0.27411455 0.48779282
5 0.00033303807 0.27920458 0.45475248 0.48871496 0.55550647
4 0.00033169422999999995 0.18372065 0.42553163 0.26832464 0.5114314999999999
13 0.00033129976 0.35808468 0.4340285 0.46235538 0.6391891
2 0.0003258327 0.33987665 0.40875137 0.52896786 0.5531069000000001
8 0.0003246361 0.3034866 0.45401654 0.35561234 0.5207662000000001
8 0.00031805452 0.025658712 0.050906964000000006 0.14419524 0.16436535
1 0.00031738080000000003 0.17668855 0.4588577999999999 0.26014197 0.50762075
5 0.0003155634 0.29928356 0.46028630000000004 0.37707209999999997 0.5302756
2 0.000313479 0.36846864 0.41134253 0.432364 0.49152032
10 0.00031002867000000004 0.45764452 0.40779054 0.5193833999999999 0.47568327
3 0.00030883338 0.18591318 0.41693944 0.26643643 0.5172733
4 0.00030793183 0.3262532 0.41984943 0.37708703 0.5269859
10 0.00030660597 0.2884673 0.41758525 0.35505247 0.47238082
7 0.00030656965 0.42053524 0.4193737 0.49547854 0.48574808
8 0.0003042265 0.67267144 0.4233531 0.93548393 0.9781793
12 0.00030404553 0.39348249999999996 0.42716342 0.46260238 0.5327438
3 0.00030354245 0.5124943000000001 0.42256027 0.56404877 0.47563779999999994
3 0.00030274272999999995 0.26703309999999997 0.40392655 0.39304048 0.51118207
7 0.0003025162 0.38318142 0.41047078 0.46755835 0.4901155
4 0.00029827740000000003 0.46798357 0.42077217 0.5301651 0.47512079999999995
5 0.00029254183999999995 0.37915304 0.44580334 0.42866078 0.56347233
1 0.0002892565 0.37287354 0.48478034 0.44376886 0.5386051
7 0.00028481925 0.38620976 0.44414723 0.44305286 0.5681765000000001
12 0.0002826211 0.22776885 0.43498674 0.28320235 0.5250723
10 0.00028111457 0.3907843 0.45396712 0.46201107 0.53572536
10 0.0002801518 0.3292616 0.40616992 0.38200718 0.53501683
1 0.0002753618 0.37992758 0.43514195 0.45538962 0.48574543
13 0.00027253557 0.89788884 0.2229481 0.9808039000000001 0.27756694
4 0.0002725039 0.18930954 0.40508520000000003 0.33634156 0.5551902
1 0.0002719527 0.42692402 0.4333982 0.4832444 0.47107947
11 0.00027175847 0.46780866 0.41828677 0.5047673 0.47667918
12 0.00027161473 0.39062014 0.41283157 0.4314948 0.5494496999999999
