3 0.9946972 0.08885468 0.34925616 0.14018704 0.41981342
3 0.58951354 0.17608099 0.34259027 0.22301702 0.38993958
8 0.39655527 0.1645099 0.34022254 0.22831388 0.39300278
3 0.32090599999999997 0.30510327 0.56822324 0.37119898 0.6056256999999999
3 0.05152391 0.009243157 0.4772733 0.05584694 0.5343338000000001
8 0.04383431 0.023186632000000002 0.43108654 0.10497368 0.51071346
3 0.039649557 0.032548714 0.43256193 0.11039278 0.51236516
8 0.028532518 0.15585986 0.33766 0.20975506 0.39451957
8 0.021558465 0.09298066 0.34161922 0.15207171 0.42449838
8 0.019924846 0.1788342 0.34298712 0.24188486 0.38674593
13 0.009667822 0.16990550000000001 0.33977820000000003 0.22683479 0.3895085
3 0.009538053000000001 0.102041095 0.342329 0.15413064 0.4073429
13 0.0093274955 0.16182062 0.34420133 0.21166107 0.38536090000000006
8 0.0067403847 0.29821706 0.56642556 0.37867009999999995 0.6073512
3 0.006384501999999999 0.020762447 0.4020145 0.11835557 0.5354178
3 0.006339054 0.16425587 0.3423848 0.20734908 0.38879958
13 0.005827341999999999 0.08399200400000001 0.36415842 0.16480243 0.42577250000000005
8 0.004922162 0.008846723 0.38310066 0.13537142 0.5403515
8 0.0042787236 0.0727939 0.56226593 0.5080471999999999 0.9439101999999999
2 0.0042653303 0.17279723 0.33749214 0.23454535 0.38357332
2 0.004249488 0.16429152 0.3405308 0.22199522 0.37804905
8 0.0035684315999999997 0.095404744 0.25430389999999997 0.40184176 0.9044191999999999
8 0.0032624909999999997 0.0081907455 0.011849925 0.038118117 0.03539375
8 0.0031556438 0.08725733 0.35392562 0.13612852 0.43299994
8 0.0030350438 0.0070020817 0.45120782 0.044881835999999994 0.5301834
3 0.0030336309999999997 0.05097054 0.58823687 0.54236615 0.9548234
13 0.0029929066 0.18248372 0.34024137 0.24189682 0.39259120000000003
8 0.0022015118 0.010978769499999999 0.4555598 0.06897539 0.5316152
1 0.0021294747 0.15121119 0.35226226 0.20750247 0.38643107
13 0.0019366023999999999 0.06727458 0.37960908 0.14231172 0.42109984
13 0.0018191239999999999 0.015211586000000001 0.4726897 0.06647764 0.5322271
13 0.0018188787 0.029103406000000002 0.44355625 0.10081958 0.5013737
13 0.0017528851 0.091237865 0.3565729 0.15253323 0.4499687
13 0.0017353563 0.31081513 0.56331486 0.3660501 0.62078214
8 0.0017293317000000002 0.011819845 0.29705545 0.07118288 0.42622685
13 0.0014574853 0.011021483 0.47446412 0.041520204 0.5331260999999999
1 0.0012812107 0.16977149 0.35400864 0.22276759 0.39203513
9 0.001221197 0.17922582 0.34782603 0.23748885 0.3882085
7 0.0011815433 0.16279945 0.3367178 0.23667797 0.39668795
3 0.0011588526 0.020002271999999998 0.4389013 0.0948569 0.5317233
13 0.0011282112 0.3004547 0.56624186 0.35402927 0.61740065
8 0.001122628 0.08616602400000001 0.10588610000000001 0.31859693 0.61603254
13 0.0010939230000000001 0.06974773 0.35150164 0.14436157 0.4136532
8 0.0010674755 0.01867111 0.41501826 0.08617999999999999 0.52618295
8 0.0010659887 0.031492025 0.13949803 0.16628842 0.6333704000000001
13 0.0010511152 0.010607153000000001 0.40294509999999994 0.10728613 0.54508257
8 0.0010225766 0.053401872999999996 0.09916019 0.21901666 0.60272896
11 0.0010169236 0.16953811 0.34245238 0.20105854 0.39172038
7 0.001003112 0.078686774 0.33235490000000006 0.15616171 0.41004872
6 0.0009435194699999998 0.1485298 0.3439874 0.23773754 0.38668075
5 0.0009266548 0.1350536 0.35428438 0.2240659 0.38455996
7 0.0009078574 0.07728024 0.34942904 0.1699566 0.4387103
3 0.0008968464 0.009058952 0.7222823 0.046521347000000005 0.79036826
9 0.0008835914 0.16810948 0.34628776 0.21838897 0.3862196
5 0.00088264106 0.041665975 0.36907986 0.14340025 0.42704335
8 0.00084974844 0.08018267 0.1781656 0.38593343 0.72574383
12 0.0008478600999999999 0.16657571 0.3408527 0.23927812 0.38200638
3 0.0008280311599999999 0.102815226 0.33480582 0.4377089 0.92195123
2 0.0008022317999999999 0.09774956 0.3535778 0.17639953 0.40909228
8 0.0007915392 0.052610405 0.6905641 0.28031042 0.9569539
11 0.0007814488000000001 0.08075703 0.3472735 0.12729056 0.4317817
8 0.0007688077000000001 0.050011925 0.20896612 0.21789178 0.91171104
8 0.0007577833599999999 0.02254679 0.17303954 0.13214067 0.44341670000000005
4 0.00074612815 0.11274634 0.3415895 0.18004332 0.43593603
13 0.00073294685 0.14765489 0.347762 0.19743326 0.3837197
3 0.0006878311999999999 0.01254385 0.44423056 0.0751443 0.5262439999999999
9 0.0006267477 0.08697216 0.34478998 0.16257454 0.39493449999999997
8 0.0005950668 0.02316806 0.46036807 0.09599075 0.5276181999999999
13 0.00057543186 0.035547777999999995 0.43668172 0.09166452 0.52518886
8 0.000554663 0.01672963 0.25239676 0.15039802 0.5392765
1 0.0005479271 0.08009839999999999 0.356562 0.13679692 0.40193748
13 0.00053898746 0.04261668 0.21482944 0.38942170000000004 1.0
2 0.0005195833 0.18741335 0.3360169 0.24805294 0.38669047
6 0.0005146966400000001 0.061131004 0.36284637 0.15300389 0.42424259999999997
2 0.00050571345 0.09514028 0.33462325 0.16466528 0.37962973
8 0.0005019795 0.0050016222999999995 0.014035545 0.02783176 0.050837587999999996
11 0.00049078854 0.18727227 0.34147686 0.22134583 0.39406145
4 0.000490566 0.17667226 0.34043106 0.2398689 0.39332670000000003
10 0.00048762542 0.16958216 0.33879045 0.22098768 0.38695234
11 0.00048524828 0.015003986 0.46481383 0.041845314 0.5465968000000001
11 0.00048022426 0.11806616 0.35123584 0.16546085 0.42856663
12 0.00047816195999999996 0.08615282 0.3324521 0.15810412 0.38630033
13 0.00047511965 0.0 0.0041636815 0.04303649 0.031252213
7 0.00047215007000000006 0.045806713 0.35019276 0.13475099 0.446956
1 0.00046135744000000005 0.06382061 0.35209772 0.12178864 0.39463693
10 0.00044527360000000003 0.18239585 0.33154202 0.23684636 0.39341940000000003
5 0.000428859 0.08525984 0.36689118 0.12393576 0.47647159999999994
11 0.00042673157 0.09883973 0.35041752 0.14960045 0.4321679
13 0.00042331108 0.08774157 0.34460820000000003 0.15835743 0.40839115
7 0.00041762076 0.062997386 0.33757257 0.13232739999999998 0.4080388
7 0.00039917178 0.29521272 0.5617324 0.37078753 0.62505496
2 0.0003972468799999999 0.10110457 0.33389816 0.16325988 0.42748728
5 0.00038455802000000004 0.07281721 0.3711315 0.18365324 0.43250465
6 0.00037875800000000004 0.07501002 0.35937423 0.19116418 0.4261174
1 0.00037434997000000003 0.060078192999999995 0.38005677 0.12830205 0.42698157
2 0.00037086542999999997 0.3092519 0.55854106 0.37607032 0.60256714
8 0.00036946462999999993 0.06883377 0.32299995 0.28183454 0.94032717
8 0.00036519446000000006 0.025921628 0.6684800999999999 0.21192467 0.9477673000000001
13 0.0003575408 0.025475203999999998 0.47522902 0.09627056 0.5281946999999999
5 0.00035679532 0.085825875 0.37231538 0.16071266 0.4571737
1 0.00034974777000000004 0.100468874 0.38096896 0.15852514 0.43064934
9 0.00033578297 0.10278753 0.36664093 0.18604335 0.41659033
5 0.00032601765 0.059710883 0.354675 0.15870979999999998 0.39689425
6 0.00031330826000000003 0.07392424 0.3375373 0.16264005 0.40073186
1 0.00030988312 0.18213126 0.35338798 0.24096662 0.38953698
2 0.00030646892 0.06905089999999998 0.3604969 0.15592197 0.40625656
8 0.00030603717 0.008297954 0.41422890000000007 0.06521051 0.5327997
1 0.0002889804 0.07775394599999999 0.3791907 0.14609332 0.4335085
11 0.00028432696 0.11563995 0.32306388 0.15588415 0.44630426
12 0.00027925267999999995 0.094475135 0.35497013 0.18113343 0.4115278
8 0.0002788413 0.051432072999999995 0.53162575 0.28109276 0.9829694999999999
13 0.00026957016 0.06987287 0.38281062 0.12900224 0.45022553
9 0.00026872937000000003 0.08457677 0.35817540000000003 0.1485215 0.41115859999999993
13 0.00026718642999999995 0.0 0.13980153 0.31214032 0.9322064
1 0.00026426054 0.13362932 0.34996992 0.18957931 0.38031632
4 0.00025873077999999996 0.16025443 0.34194106 0.22152321 0.38781658
1 0.00025813165 0.29539248 0.5729043 0.3663588 0.6127078
8 0.00025495994 0.001705654 0.33092856 0.15420896 0.5713414000000001
13 0.00025436803 0.014944542 0.4290817 0.08127284 0.5611939
5 0.00025110765 0.06843458 0.37255388 0.14166133 0.45330775
3 0.00025063127 0.002308894 0.46937793 0.044517297000000004 0.53987426
1 0.00025017775 0.2808591 0.57468694 0.3493989 0.60965943
4 0.00024503405 0.09034054 0.34482452 0.1620933 0.43369165
11 0.00024441903 0.09450717 0.319563 0.13628756 0.45186248
4 0.00024302438 0.09659648 0.33466652 0.15598401 0.39520267
2 0.00023833386000000003 0.14971781 0.33912509999999996 0.20899367 0.37547445
1 0.00023246849 0.097799316 0.37872097 0.14913157 0.44882426
8 0.00023012258 0.8209460999999999 0.43948257 0.90151346 0.49686307
13 0.00021292777000000003 0.0024828762 0.0 0.34470063 0.6447228
7 0.00020493988000000002 0.06505723 0.32969892 0.14334454 0.4710206
5 0.00020481076 0.30112436 0.5770270000000001 0.36995038 0.62044245
11 0.00020055584999999998 0.08615626 0.34369496 0.11593775 0.39727747
2 0.00019552476000000003 0.027350537 0.43668008 0.115613885 0.4933774
11 0.00019313542000000002 0.07743765400000001 0.29649514 0.12156102 0.45649537
8 0.0001928917 0.59557676 0.2113904 0.9224565 0.8727055
3 0.00019289043999999998 0.009985129 0.009133473000000001 0.039062478 0.040578138
8 0.00019230144 0.038784184 0.30213937 0.20694667 0.5783578
11 0.00018709623 0.099741526 0.3482413 0.1324604 0.39946392
13 0.00018209593 0.08908514 0.35873488 0.12760931 0.47218367
10 0.00017744406000000002 0.10464568 0.34419098 0.17540237 0.42590526
11 0.00017616231 0.10050914400000001 0.28776428 0.1269939 0.47726107
9 0.00017613046000000001 0.10778012 0.36307886 0.16205907 0.43087485
8 0.0001760324 0.35532078 0.19186133 0.65360236 0.8239498
9 0.00017260544999999998 0.046760123 0.45446408 0.11463837 0.5026801
5 0.00016934573 0.2897209 0.5754057 0.35293865 0.61503863
2 0.00016632855 0.0130364 0.41336999999999996 0.14583239999999997 0.5469583
8 0.00016626879 0.0061512906000000004 0.7098526999999999 0.038048513 0.78854835
8 0.00016504331 0.53067327 0.17561078 0.83398795 0.8279105
10 0.00016182552 0.07838792 0.3347968 0.15174463 0.39330202
1 0.00015687383999999998 0.085338905 0.36939996 0.12208699999999999 0.4463153
13 0.00015496013000000002 0.0 0.51834214 0.52260685 1.0
9 0.00015484725 0.19872597 0.35052848 0.25504014 0.38982606
8 0.00015180065 0.008066472 0.6945526 0.07944675 0.85225713
11 0.00015081816 0.05599782 0.44942096 0.09490088 0.5176265
5 0.00014947038000000002 0.053941634 0.37273379999999995 0.120234 0.4566763
8 0.00014927308 0.011294894 0.3549252 0.092739575 0.5235340999999999
9 0.00014668367 0.32402240000000004 0.5689135999999999 0.37551886 0.6122616999999999
13 0.00014639467 0.0 0.07898613 0.44335568 0.7207558000000001
12 0.00014506695 0.18767227 0.34222874 0.25431246 0.38282907
8 0.00014435567 0.039907552 0.30961263 0.1661157 0.46333036
2 0.00014091056000000002 0.32642272 0.55735564 0.38662156 0.6060015000000001
10 0.00013777406000000002 0.053248014 0.44301468 0.12170455 0.5010166
8 0.00013738028 0.011169458 0.26174662 0.06599974 0.39104444
6 0.00013606156999999998 0.17117561 0.35048997 0.26929143 0.39198099999999997
4 0.00012936801 0.07486771 0.34759068 0.14405462 0.42593690000000006
8 0.00012757361 0.7767815 0.40547678 0.9470871 0.51895887
12 0.00012513196000000002 0.08760010000000001 0.3407559 0.16482593 0.42355996
11 0.00012327624 0.02640515 0.4755486 0.05679149 0.5401068
3 0.00012326952 0.8255333 0.44751343 0.9310540999999999 0.51492405
2 0.00012107458999999999 0.016769309 0.46185055 0.082674265 0.530488
11 0.00012051697 0.31362247 0.5571298000000001 0.34866529999999996 0.6153356
11 0.00011937434499999999 0.1552644 0.33782238 0.18762127 0.39164615
1 0.00011689042999999999 0.015669073999999998 0.46060377 0.101703316 0.5058384
3 0.00011625495000000001 0.77627015 0.43812209999999996 0.93875396 0.52853405
8 0.00011603845 0.05320939400000001 0.053788308 0.291551 0.29544163
13 0.00011240743999999999 0.022636896 0.43360779999999993 0.07610748 0.5260909
8 0.00011146226999999999 0.013816327 0.6453976 0.14160094 0.9577234
8 0.00011089393999999998 0.2856953 0.21372071 0.5713071 0.8527273999999999
5 0.000110020854 0.16997992 0.3553788 0.24737489999999998 0.39172608
7 0.0001087134 0.08172025 0.31646383 0.1321325 0.49717563
10 0.00010797056999999998 0.20570329999999998 0.33094978 0.2523054 0.39130268
6 0.00010735993999999998 0.12910426 0.34794772 0.22229326 0.38202363
1 0.00010369839 0.3132553 0.5734206999999999 0.38046420000000003 0.60939246
1 0.00010286931 0.0 0.48344812 0.039390445 0.53653175
8 0.00010243235000000001 0.31474626 0.13090053 0.56804645 0.6899010999999999
10 0.00010184716 0.019118715 0.48109989999999997 0.05197603 0.5375744
4 0.00010115751500000001 0.19843279 0.34063393 0.25228545 0.38755426
11 0.000100884514 0.33100176 0.556079 0.36617047 0.6142475000000001
3 0.00010010091999999999 0.008251073000000001 0.49963853 0.049833603 0.55149823
3 9.980421999999998e-05 0.024933577000000002 0.75153655 0.31147359999999996 0.965102
3 9.962673000000001e-05 0.104047686 0.19766754 0.3609202 0.6589448
12 9.852148000000001e-05 0.04252102 0.44627479999999997 0.12599832 0.49953833
13 9.026153e-05 0.0 0.0027043782 0.030454744 0.04780341
3 8.983879999999999e-05 0.37495077 0.19207793 0.78796315 0.8831209000000001
8 8.970561600000001e-05 0.45001270000000004 0.17911297 0.7570783 0.8290433
12 8.960531999999999e-05 0.3076419 0.5589875 0.38508686 0.6079683000000001
3 8.918639000000001e-05 0.056056872 0.42095232 0.32506293 0.94556856
12 8.734109000000001e-05 0.08996366 0.3411832 0.1281509 0.44309970000000004
1 8.690594000000001e-05 0.10090915 0.35344705 0.15908383 0.39659452
9 8.607568499999999e-05 0.09750364 0.35766414 0.124723844 0.45735905
2 8.3304425e-05 0.012575261 0.38144508 0.16279033 0.520684
9 8.2961116e-05 0.09493606 0.35722506 0.13985911 0.43367085
8 8.015097e-05 0.024848843 0.36979866 0.07857733 0.41521817
6 7.925616999999999e-05 0.023757152 0.4445353 0.13147381 0.49842359999999997
3 7.749326e-05 0.49487963 0.37017685 0.8890866 0.95625806
3 7.667821999999999e-05 0.095928416 0.25566348 0.47753495 0.73227113
8 7.6099976e-05 0.77266324 0.17588599 0.9503101 0.7441002
11 7.580387e-05 0.20946990000000001 0.33988359999999995 0.2409064 0.3920847
8 7.554402e-05 0.004977029 0.17627046 0.070022956 0.28152645
9 7.454236e-05 0.09481289999999999 0.34097868 0.14129256 0.41275615
11 7.430414000000001e-05 0.03286605 0.47235033 0.073400155 0.5428433000000001
6 7.39726e-05 0.2834763 0.57147783 0.40435112 0.61437523
8 7.321035e-05 0.5019585999999999 0.35353422 0.8190528 0.88024604
11 7.28397e-05 0.09699782 0.32470894 0.1300876 0.41756418
8 7.23929e-05 0.19794995 0.21078922 0.4919691 0.86022824
8 7.142879e-05 0.1487663 0.11295869 0.39366585 0.63650763
7 7.1224065e-05 0.020484608 0.43326277 0.10854965400000001 0.5134638
2 7.097105e-05 0.012322171000000002 0.46173862 0.048912145 0.52397335
1 6.9137524e-05 0.0 0.24297616 0.35887220000000003 0.82810783
7 6.904705e-05 0.00013323128 0.46495596 0.046745735999999996 0.54327404
6 6.776085000000001e-05 0.0032740254 0.47633663 0.056763037999999995 0.5235015000000001
5 6.745068e-05 0.31597507 0.57922834 0.3864513 0.6221517
13 6.717051999999999e-05 0.0 0.0 0.34120795 0.287456
11 6.680025e-05 0.03969086 0.44960383 0.07960069 0.5207451
8 6.6559274e-05 0.13091548 0.3378828 0.18035038 0.39340514
13 6.5903565e-05 0.0 0.018354546 0.19113581 0.6237441
4 6.573367e-05 0.08216782 0.3371118 0.13465856 0.39082659999999997
9 6.5727196e-05 0.078861885 0.35204297 0.121198125 0.439166
3 6.571106499999999e-05 0.034670353 0.6243853 0.31057024 0.9732545
10 6.558735999999999e-05 0.32988882 0.5505465 0.38668895 0.62070423
10 6.545253999999999e-05 0.111614004 0.3204244 0.1656109 0.44799885
5 6.5124106e-05 0.012645543 0.4222003 0.34580520000000003 1.0
10 6.475612e-05 0.06955753 0.35257140000000003 0.15683179 0.42646703
8 6.446732e-05 0.0057995393999999995 0.2055351 0.06675489999999999 0.31933790000000006
11 6.388621999999999e-05 0.055042065999999994 0.42230502 0.09000064 0.5466661
3 6.3684405e-05 0.013028916000000001 0.7188076999999999 0.09308267 0.833134
12 6.2723215e-05 0.07637293 0.35423934 0.15213683 0.40761524
10 6.260555e-05 0.1582297 0.33964768 0.20514719 0.38598412
8 6.134404999999999e-05 0.008670637 0.2313262 0.065156125 0.35742477
10 6.108624e-05 0.104673676 0.32557285 0.13301517 0.46834755
8 6.0961247000000004e-05 0.040213063 0.7822986999999999 0.1969136 0.98561513
7 5.9377503999999996e-05 0.09359346 0.3373277 0.16966216 0.40317783
9 5.8349826e-05 0.15494584 0.34628582 0.20415612 0.38469640000000005
2 5.787833000000001e-05 0.09689586 0.32913109999999995 0.13594231 0.43455622
13 5.77151e-05 0.7923884 0.44654843 0.9631708000000001 0.5603303000000001
10 5.722108e-05 0.073531665 0.43573862 0.13521901 0.50271946
3 5.6776382000000005e-05 0.03682319 0.4739103 0.22661197 0.97612506
10 5.458648e-05 0.03991651 0.45172772 0.10876645 0.50114465
13 5.3170682999999996e-05 0.0081705 0.43503106 0.059256762000000004 0.5240419
5 5.2824540000000005e-05 0.07044418 0.35788977 0.15379457 0.42402443
3 5.2106327e-05 0.1811057 0.57690537 0.80082893 0.9865173
10 5.1459152000000006e-05 0.05844281 0.4346969 0.10679557 0.51859975
11 5.1082276000000005e-05 0.055115815 0.38858402 0.13225135 0.5808085999999999
13 5.1039635e-05 0.36137784 0.0 0.7769451 1.0
8 5.0833136000000005e-05 0.0029171659 0.21202673 0.021973338 0.28862423
13 5.068760999999999e-05 0.0 0.3870648 0.119010895 0.513474
10 5.018089e-05 0.033929787999999995 0.47320795 0.09218063 0.5384941999999999
7 4.9553690000000006e-05 0.13089742 0.3434777 0.20058470000000003 0.39508387
13 4.8857208e-05 0.0026550144 0.71926445 0.03720255 0.78906965
6 4.8778427e-05 0.007778775 0.47494778 0.097248554 0.52247286
10 4.8547e-05 0.027345942 0.48061398 0.06968623 0.53434634
12 4.802398e-05 0.01864788 0.45772615 0.054378144 0.5322711999999999
9 4.8016853e-05 0.30830386 0.56995016 0.35548159999999995 0.613433
2 4.7842404e-05 0.07030235 0.34779468 0.14686112 0.42047979999999996
9 4.7650752e-05 0.013185723 0.0065497225 0.047671057 0.034697507
13 4.7358203999999994e-05 0.0 0.27927926 0.15565938 0.5490885999999999
9 4.7336835e-05 0.33836028 0.5693626 0.39405087 0.6126203
13 4.708164000000001e-05 0.0 0.25089446 0.08763262 0.40744840000000004
8 4.707033e-05 0.21131317 0.5534091999999999 0.65734476 0.94916844
13 4.6645022e-05 0.0 0.36271897 0.22685254 0.97156197
13 4.6107983999999996e-05 0.83676606 0.4484492 0.92291707 0.5054881
6 4.5956617999999996e-05 0.05641562 0.36868379999999995 0.14344245 0.44694465
13 4.5910066999999996e-05 0.0 0.0 0.24571855 0.82023174
8 4.551095e-05 0.030968994 0.09900136 0.15363576 0.34187675
8 4.4821284999999996e-05 0.022914216 0.7273107 0.14864460000000002 0.8835693000000001
10 4.469947e-05 0.31555173 0.5622669 0.37081632 0.61540675
9 4.4488149999999995e-05 0.10951876 0.35016638 0.18462816 0.3930764
5 4.235592000000001e-05 0.0037605558000000003 0.4728713 0.04077605 0.5390958
8 4.1725412e-05 0.12792906 0.67906094 0.86073196 0.97612554
3 4.1692154e-05 0.038475699999999995 0.29934040000000006 0.16232231 0.52128464
13 4.1689014e-05 0.26326817 0.0 0.64811045 0.93065304
12 4.105224e-05 0.104516625 0.336769 0.17307597 0.38622338
4 4.0227067e-05 0.31003696 0.562662 0.38205618 0.61141104
8 4.0189585000000005e-05 0.07720563 0.76913506 0.32221478 0.98587286
7 4.0177078e-05 0.0 0.46580786 0.08406049 0.544261
4 3.9888244e-05 0.036548343 0.43802008 0.12810467 0.5013412
12 3.892241e-05 0.07539067 0.31838638 0.14445159 0.40056872
8 3.8922095e-05 0.7475427 0.100094676 0.93324965 0.4886963
3 3.8002974e-05 0.07156614 0.24547721 0.31416506 0.7827265
1 3.7941078e-05 0.0028925575 0.48172200000000004 0.054724235 0.5327929
7 3.7894213e-05 0.0 0.1680931 0.41588837 1.0
8 3.7843147e-05 0.718372 0.14854407 0.9222599 0.6832363
12 3.783683e-05 0.025379232999999998 0.46560568 0.07366518 0.52860224
5 3.7760572e-05 0.0 0.67517865 0.42908370000000007 1.0
13 3.7408812e-05 0.5916121999999999 0.006041658 0.9470779 0.8914581
3 3.7231308e-05 0.34958258 0.16974695 0.7253715000000001 0.6663861999999999
8 3.6860532e-05 0.0039568134 0.4326353 0.03423756 0.5438164000000001
6 3.675817e-05 0.07787373 0.35644388 0.15635324 0.45395604
12 3.626781e-05 0.15566836 0.34162953 0.20847006 0.38092917
8 3.5442612e-05 0.51322937 0.6792902 0.92645335 0.93894184
