3 0.99819916 0.023665227 0.5259468 0.1612693 0.73158526
3 0.99726 0.7221118000000001 0.53205866 0.8134421 0.5984845
3 0.9691575000000001 0.5546805 0.5144236 0.6712037 0.61006457
3 0.9063 0.17396979 0.50296336 0.28945613 0.68006486
3 0.6823775 0.3015232 0.5093473 0.5066138 0.75449824
3 0.3134255 0.66716665 0.5167588 0.72582906 0.5946397
8 0.18514673 0.29503414 0.47754142 0.51266193 0.80191493
8 0.17411089999999999 0.16164777 0.5172212 0.29770577 0.69221294
3 0.104399815 0.025153521 0.49859712 0.13319524 0.7850769000000001
3 0.056866016 0.5148050999999999 0.52179563 0.5642283 0.5882556999999999
8 0.056297235 0.53705084 0.5026515 0.70648754 0.6251026
3 0.05029477 0.63677204 0.5183939000000001 0.7034459 0.59780467
8 0.048385835999999995 0.008047905 0.591012 0.10403381 0.78082126
8 0.042053364 0.7874418000000001 0.50391203 0.8663848 0.6083603
8 0.04181515 0.50816137 0.5205038 0.5628068 0.5945332
8 0.040545546 0.32399437 0.54184705 0.47832003 0.75486887
3 0.031217400000000003 0.01232852 0.5280912 0.10415208 0.8037666
8 0.025711626 0.6558628000000001 0.5110862 0.7259306 0.59658265
3 0.025257915 0.69228476 0.5169012 0.75329596 0.5892184
3 0.022498088 0.6414273 0.5082814 0.6996001999999999 0.5739719
8 0.021421552000000003 0.020256147 0.49098059999999993 0.18207717 0.7956101
3 0.020352598 0.8029583 0.5114122 0.8754527 0.615264
3 0.016151078 0.5257919 0.5209496 0.5847045 0.59340036
8 0.0134329125 0.5638943000000001 0.51504076 0.65841365 0.61140954
13 0.011643664 0.23004161 0.5796891 0.56411964 0.83965385
3 0.0112500675 0.54476774 0.51031244 0.6353221 0.59981155
8 0.01058959 0.30317575 0.587358 0.4514373 0.75305486
3 0.010443961 0.14534226 0.5436854 0.19529122 0.6265578
13 0.009385178000000001 0.15838942 0.51993173 0.34876028 0.6824772
8 0.009348354 0.6255797 0.5067104 0.70548046 0.6033326
8 0.006950421 0.52075016 0.51338094 0.57830834 0.59956706
13 0.006750211999999999 0.029497325 0.5854855999999999 0.2243824 0.74959385
3 0.006692125 0.7605116 0.49816328 0.88966113 0.6119879
8 0.006607188000000001 0.014577381 0.55189323 0.15900579 0.72501326
8 0.0065530837 0.047586042 0.5214141999999999 0.17181239 0.73777974
3 0.0062427805000000005 0.5382296 0.5145372 0.60245967 0.5971739
8 0.0061943526 0.73209745 0.46518874 0.89001673 0.62661517
13 0.005813986 0.2731865 0.594143 0.5309438 0.7422572
3 0.005737853199999999 0.74506044 0.5242577 0.84854555 0.5983769
9 0.005613130500000001 0.34779733 0.5838346 0.5287516 0.7339724
12 0.0053035608 0.34162602 0.5813592 0.52680695 0.73262733
13 0.0052053607 0.11871133 0.5809209 0.30385038 0.68125576
7 0.0046610753 0.16781673 0.4913276 0.36848626 0.68814516
9 0.004482763 0.17869553 0.52207047 0.37867394 0.6365462
8 0.004470394 0.6291235 0.5043098 0.6922149999999999 0.5776788
6 0.004448596 0.3168658 0.5993475 0.5192 0.7526689999999999
13 0.0044332505 0.29845715 0.53508216 0.504608 0.8806143
9 0.0044027003 0.27206188 0.48576358 0.5782799 0.7662774
3 0.004049975999999999 0.3307782 0.5053803 0.48727003 0.666287
8 0.0039005901000000003 0.16691022 0.48899170000000003 0.27473885 0.66626585
13 0.0036732345000000002 0.5764109000000001 0.52403826 0.69210947 0.60800076
3 0.0036546296999999998 0.20141584 0.49809805 0.27912578 0.55353516
1 0.0036162888 0.17615502 0.55481726 0.3260063 0.6738768
8 0.0036063918 0.31331134 0.504691 0.44968206 0.7245607
9 0.0034565688 0.293338 0.54448575 0.48931175 0.6829075
4 0.0033793609999999996 0.35979322 0.540565 0.50079906 0.7587656
13 0.0031646662 0.0 0.6156274 0.14294505 0.76387393
11 0.0030422178 0.1419744 0.5096887 0.25647354 0.7135661999999999
7 0.0029864602000000003 0.14845562 0.5087121 0.58037615 0.90462595
7 0.00291844 0.09070859 0.50001055 0.29808602 0.69891185
12 0.0029076845 0.34709424 0.52203107 0.5320149000000001 0.6788553
7 0.0028846555 0.3054102 0.5842469 0.46728086 0.77546847
11 0.0028273193 0.23841676 0.43959892 0.45328376 0.8315411
3 0.0027692106 0.57628244 0.5057043 0.66995746 0.5773246
9 0.0027685007 0.2877676 0.55427575 0.58917826 0.82552195
13 0.0027222163 0.5800099 0.52270013 0.65822893 0.6241048
13 0.0026378345 0.5009920999999999 0.5403496999999999 0.56615883 0.5903305
13 0.0026173166 0.26280963 0.55098677 0.4790429 0.71868676
1 0.0025772948 0.13790765 0.5120238 0.29276579999999996 0.6418151999999999
4 0.00254256 0.22685286 0.48535758 0.3752232 0.69244987
12 0.0025340668 0.18452206 0.5019319999999999 0.37701842 0.6503834
1 0.00233443 0.3133815 0.59591645 0.47601062 0.72791374
13 0.0023011704999999997 0.014499008999999998 0.5382195 0.19266129 0.7386965999999999
1 0.0022791564 0.26815677 0.5680983000000001 0.43127853 0.69741356
1 0.0022385048 0.11143957 0.54481983 0.45058286 0.7938158000000001
2 0.0022195159 0.20880027 0.501209 0.6293259 0.7739781
7 0.0022164710000000002 0.21582423 0.3882257 0.52000225 0.95086473
9 0.0021223843 0.14168268 0.50480264 0.29468447 0.6371206
10 0.00209814 0.30437 0.5524935000000001 0.49138325 0.7631431
2 0.002051607 0.18786679 0.48131907 0.36495686 0.6335575
5 0.0020259329999999997 0.10298458 0.5533336 0.47607043 0.8054505
12 0.0020004823 0.13805752 0.4695769 0.36358064 0.6147268
3 0.0019974795 0.73045677 0.50841737 0.8654459000000001 0.6170994000000001
13 0.0019778042999999998 0.63482547 0.5361267 0.71970975 0.5966037
5 0.001913059 0.23795542 0.60381144 0.52788126 0.74299705
7 0.0018933307999999998 0.31619346 0.54986554 0.49411732 0.7446385
8 0.0018629270000000001 0.71000206 0.5230042 0.7987225 0.5972705
1 0.0018097048000000001 0.16041039 0.48265410000000003 0.5050083 0.7393514
5 0.0017860542 0.033030300000000005 0.5560491 0.2969319 0.68501395
13 0.0017808537 0.6679236999999999 0.5367271 0.7447020000000001 0.59820884
9 0.0017595703 0.33989397 0.61700934 0.51221097 0.77090263
1 0.0017364094 0.09758176 0.5528449000000001 0.26450229999999997 0.6663545
13 0.0017283038 0.73182863 0.5299611 0.82174224 0.6147486999999999
9 0.0017189764000000002 0.3130651 0.49383917 0.5007908 0.84249663
6 0.0016948226000000001 0.11407474 0.5183892 0.40860048 0.67253417
5 0.0016810521 0.15491702 0.59111434 0.5440656 0.8256224
13 0.0015571647 0.0 0.5293210999999999 0.21545266 0.8712529
13 0.0015522761999999999 0.7017768 0.53674704 0.7914693 0.6055437
13 0.0015478154999999999 0.7891944000000001 0.55744755 0.8712321 0.6118089
6 0.0015150221 0.29496485 0.55520666 0.47371906 0.6996846
2 0.0015092513 0.17622073 0.46458232 0.36003524 0.5848318
1 0.0015044429999999998 0.17723626 0.55245954 0.5247356 0.82212305
4 0.0015005260999999999 0.1806317 0.52376246 0.33747077 0.70350605
9 0.00144251 0.15496066 0.5291521 0.34075662 0.67826545
4 0.0013928893 0.19452196 0.48059395 0.3394199 0.6309988000000001
2 0.0013746008 0.30507675 0.5307771 0.49741019999999997 0.6539844
13 0.0013627335 0.5465148 0.5272777 0.65382856 0.6076597
11 0.0013063897 0.19747177 0.515781 0.31565437 0.7129592
4 0.0012786781 0.32266083 0.5342955 0.46514162 0.6895871
5 0.0012681872000000001 0.054792047 0.53256345 0.31907153 0.6615109
1 0.0012604755 0.17548162 0.5226649999999999 0.31742862 0.6442154
6 0.0012511065 0.08580726 0.5586199000000001 0.29890966 0.69018996
5 0.0012254758 0.23160154 0.57167864 0.47850126 0.6803439
6 0.0012221514 0.10954122 0.54922944 0.36826098 0.7064045999999999
2 0.0011768544 0.3160486 0.55356747 0.5189419 0.69147795
7 0.001148668 0.05928099 0.53651834 0.27167140000000006 0.7242765999999999
6 0.0011323985000000001 0.14429735 0.54507166 0.6356141 0.84573424
6 0.0010787278 0.28105396 0.6363119 0.50477135 0.76827
5 0.0010718991 0.114137664 0.5401739999999999 0.3915264 0.67717445
13 0.0010479396 0.0 0.5492355999999999 0.14097981 0.7286039000000001
11 0.0010428377 0.34205073 0.34645590000000004 0.49027097 0.8753985999999999
10 0.0010204372 0.3051081 0.5184209 0.49270537 0.67842084
12 0.0010170282 0.6002347 0.5218954 0.6595153 0.6136739999999999
2 0.0010093976 0.12724987 0.49646708 0.32712620000000003 0.6177573000000001
13 0.0010060426 0.50982463 0.5385028000000001 0.5859693 0.5955885000000001
8 0.001002007 0.6877954000000001 0.5155552999999999 0.7470429 0.59596664
11 0.0009941186 0.32791212 0.45333746 0.55874544 0.862944
5 0.0009716096000000001 0.22781387 0.6294504 0.49793467 0.9159718000000001
8 0.0009260450999999999 0.6833954000000001 0.48096788 0.83822703 0.6288981
1 0.0009158676 0.06100975 0.5768344 0.21793605 0.70289576
7 0.0009072228599999999 0.49135357 0.5255557 0.57452565 0.59895426
3 0.0008948887 0.18892628 0.5100862 0.29439902 0.62402385
6 0.0008813673 0.6010907 0.52688295 0.73288137 0.5935199000000001
1 0.00087146147 0.5911243 0.53081477 0.65953434 0.61141914
11 0.00083919946 0.56848156 0.52119774 0.63182056 0.5985086
13 0.0008225661999999999 0.78145266 0.5288685000000001 0.85959935 0.59338623
2 0.0008003776 0.1581932 0.5289843000000001 0.35680363 0.6464793000000001
1 0.00079810125 0.1496487 0.5737899000000001 0.30924934 0.7061206
13 0.00079754845 0.6162585 0.51639944 0.6986631 0.57668716
11 0.0007899565400000001 0.32560122 0.5785703000000001 0.40887815 0.7100156999999999
6 0.0007831984 0.08889772 0.49024156 0.34603226 0.657205
7 0.0007778714 0.0037902743 0.54842377 0.20112422 0.7504194000000001
12 0.0007686593 0.5929678 0.5250136999999999 0.6882648 0.60044277
8 0.0007663891000000001 0.5586656 0.25143182 0.7807712 0.9001776
11 0.0007639046499999999 0.37580827 0.610966 0.47568545 0.7630598000000001
9 0.0007636072 0.34371936 0.5606703000000001 0.5209861 0.87860584
13 0.0007603581 0.7402888000000001 0.5198667 0.8920718000000001 0.65164775
2 0.0007551344999999999 0.3084794 0.5892411999999999 0.49937215 0.71980107
12 0.0007461749 0.14028949 0.5314121 0.3546466 0.6675593000000001
9 0.0007392717 0.027760781 0.5180170999999999 0.24299079 0.7830728
11 0.0007191683000000001 0.5203791 0.53220546 0.5660221999999999 0.5921647
7 0.0007187187400000001 0.5773703 0.50688 0.67518437 0.61346775
1 0.0007181056 0.59932524 0.5393799 0.68713564 0.59949106
10 0.0007144054400000001 0.6079724 0.47498304 0.6548121 0.59927607
2 0.0007103716 0.5040957 0.5248105 0.58832085 0.5776184
11 0.0006997344299999999 0.20475718 0.49157277 0.2943489 0.641908
3 0.00069592614 0.1574429 0.53362274 0.22320142 0.63362336
7 0.00068739656 0.029407732000000002 0.50001246 0.22037071 0.6989734999999999
11 0.0006857342 0.5728776999999999 0.4384606 0.7090954 0.6438837
9 0.0006843316 0.5557871 0.51332295 0.6865814 0.630825
6 0.0006839557000000001 0.6452284 0.52510184 0.7609788000000001 0.58972883
9 0.0006774484 0.60340035 0.51762795 0.6610942 0.6007184
7 0.0006748256 0.6236024 0.51771456 0.7181585 0.6078389
11 0.0006718511 0.6059952 0.517654 0.6608101 0.5937056
8 0.0006701305000000001 0.53627104 0.5074824 0.5954359 0.60837656
3 0.0006665802999999999 0.051083192 0.55692065 0.16752034 0.6925600000000001
12 0.0006579878 0.20724037 0.46786952 0.64043295 0.751815
10 0.0006319275 0.60971165 0.50283605 0.68970335 0.58533627
4 0.00062995136 0.30565673 0.49238968 0.60804075 0.8300675999999999
12 0.0006267023 0.23556578 0.36712325 0.543221 0.7170241999999999
6 0.00062377 0.5670165 0.5178059 0.70277417 0.6014454
6 0.0006204712 0.0 0.5922376 0.2428393 0.7514469
12 0.00062032585 0.14511359 0.50583696 0.32074633 0.63792676
5 0.00061396504 0.52231455 0.52873075 0.6659813 0.5892491
4 0.00060731434 0.58564746 0.49838227 0.68834555 0.59212303
11 0.00060604356 0.24145256 0.50403386 0.35405305 0.70985574
13 0.0006042268 0.19762620000000003 0.648791 0.5107919 0.86677957
11 0.00060128747 0.65583885 0.524439 0.7042482 0.5966467
3 0.00059998647 0.3186844 0.49705982 0.46631402 0.62543875
3 0.0005805624 0.5526884 0.50553846 0.6233781 0.56042415
10 0.0005797979 0.21267584 0.46861112 0.35853943 0.6646956
11 0.0005783194 0.36329404 0.58597744 0.45574418 0.7284286
7 0.0005741391 0.0 0.48741418 0.22307932 0.9068164000000001
13 0.00056719565 0.1813928 0.557988 0.52165955 0.79321194
9 0.0005671082 0.586785 0.52663344 0.6855045999999999 0.5867071
1 0.0005574688500000001 0.040457264 0.60919887 0.19578847 0.73609054
6 0.0005549037000000001 0.0 0.5324578000000001 0.30640066 0.7020378
3 0.0005538160299999999 0.60436094 0.5051623 0.6790625 0.5685842
1 0.0005519753 0.50248 0.54310757 0.5596674 0.5875041999999999
2 0.00054756855 0.2603687 0.39092827 0.55489707 0.7395166
10 0.0005459343 0.5814706000000001 0.50378036 0.67139816 0.5838462
11 0.0005431338 0.6787193 0.52173764 0.71961224 0.59873843
6 0.0005384897 0.13217236 0.50587267 0.5777491 0.7690329
7 0.0005316366 0.4811422000000001 0.48098442 0.7061319 0.6784899
11 0.0005123719 0.6380446 0.51326066 0.69238603 0.6006203
2 0.0005106023000000001 0.29184255 0.47348586 0.5546019 0.8154779999999999
8 0.0005102342 0.18776517 0.52577883 0.2696888 0.61680037
9 0.0005097621499999999 0.05276315 0.5381256 0.27310085 0.6639509
8 0.0005090212 0.18475169 0.36375833 0.664138 0.93942684
8 0.00050783367 0.011064863000000001 0.6578571 0.054641083 0.74573165
11 0.00050460594 0.6152671999999999 0.48908204 0.65345687 0.60153025
7 0.0005040117 0.5897504 0.49060859999999995 0.653404 0.6364350999999999
13 0.00050399906 0.0078116133999999995 0.6070483 0.17317137 0.73500735
8 0.0005028064 0.32259540000000003 0.49075392 0.46985844 0.6337729
7 0.0004913371499999999 0.27560517 0.62798506 0.44632635 0.81067866
13 0.00048781317000000005 0.16871701 0.5775964 0.34778237 0.71107036
1 0.0004829764 0.5441804 0.5466714 0.64105034 0.6034689999999999
1 0.00048238633 0.0 0.54993796 0.11246566 0.6667765
2 0.0004817875 0.80235016 0.5221643 0.8713114 0.5806262
13 0.0004799658 0.5383669 0.52897626 0.69135225 0.65895927
13 0.00047829417999999997 0.55844194 0.51684517 0.6350501000000001 0.62636614
12 0.00047668087 0.022486322000000003 0.49043745 0.17132428 0.65834093
4 0.00047336995999999997 0.3458986 0.58033717 0.47429368 0.79291207
4 0.00047208312999999995 0.050094612000000004 0.5545401 0.20954597 0.75540817
9 0.00046953454000000003 0.013093196000000001 0.610835 0.15609992 0.7535259
9 0.00046778550000000003 0.016622677 0.4673584 0.22689493 0.72248656
6 0.00046575489 0.49792302 0.529396 0.5821986 0.58375174
13 0.00046273135000000004 0.73406297 0.5327554 0.7992638000000001 0.63706875
4 0.00045976488 0.14708193 0.49694076 0.29140067 0.6672255
2 0.00045099550000000005 0.652903 0.5203287999999999 0.7374664000000001 0.57742876
1 0.0004490297 0.0357411 0.54447025 0.18456846 0.6688897
8 0.00043662358 0.13101362 0.43508986 0.34547526 0.7759903
6 0.00042938510000000004 0.80266255 0.5602539000000001 0.8907333000000001 0.6115879
5 0.0004132570200000001 0.47694942 0.53905505 0.5772409000000001 0.5881236999999999
5 0.00041043339999999995 0.5510043 0.528574 0.69753885 0.59961116
5 0.00040732944 0.48521492 0.54019004 0.6976781 0.6437929
7 0.00040213772000000005 0.0002971664 0.50630385 0.14332613 0.6911838
6 0.0003989725 0.7961391 0.5296510999999999 0.8908775 0.5877671999999999
12 0.00039762672 0.30696958 0.48288405 0.512093 0.64038765
10 0.0003972922 0.6272964 0.47172615 0.67562026 0.6101926999999999
9 0.00039385812000000003 0.024423122000000002 0.5191962 0.21028623 0.6679238000000001
12 0.00038787617999999993 0.50772166 0.5237489000000001 0.5770619 0.5769169
8 0.0003874937 0.18873717 0.5033155 0.26349035 0.56168133
13 0.0003829179 0.5591914000000001 0.5210347 0.7366526999999999 0.66721344
4 0.00038274634 0.5987906999999999 0.47837383 0.6656359000000001 0.59989643
7 0.00038233795 0.6598894000000001 0.51984024 0.745686 0.6023275
1 0.0003802872 0.03539712 0.5858763000000001 0.17094028 0.71510965
9 0.00037349050000000004 0.6203285 0.5178735 0.68096656 0.59668577
13 0.00037311010000000004 0.1922304 0.50503236 0.2769322 0.55945575
9 0.00036859058 0.2415504 0.4522616 0.50860673 0.73524725
4 0.00036617692 0.09748507 0.48967317 0.24961144 0.6964697
1 0.0003642796 0.22611779999999998 0.60312057 0.46472650000000004 0.9006126
10 0.00036240707 0.15334114 0.45595559999999996 0.30189607 0.62874234
2 0.00035446868 0.58352786 0.5110614 0.6717034000000001 0.5943611
8 0.00035409410000000004 0.19192308 0.5543505999999999 0.26518264 0.6358603
11 0.0003515276 0.7153273 0.52153474 0.7627406999999999 0.59283197
1 0.0003503945 0.0 0.52847534 0.20949714 0.78271323
3 0.00034218206 0.007943321 0.5757213999999999 0.075729564 0.7818069000000001
8 0.0003374172 0.5517622 0.5097708 0.6205801999999999 0.6089493
2 0.00033740382000000004 0.33140203 0.49732953 0.49813370000000007 0.6191032
2 0.00033702655 0.0044069737 0.44711947 0.25927567 0.75541157
8 0.0003365203 0.41093716 0.19672646 0.67339134 0.97656655
7 0.00033370068 0.13691589 0.46330833 0.48652209999999996 0.83508146
12 0.00033302794 0.31556413 0.5514744 0.48538682 0.7106486999999999
7 0.00033062917999999997 0.614734 0.49795395 0.70470995 0.57762957
4 0.00032540297 0.6676705 0.50382584 0.72505856 0.5982826
13 0.00032069578 0.24040276 0.5115715999999999 0.44067073 0.7069390999999999
2 0.00031491715 0.011300608500000002 0.6177441 0.14599058 0.7527301
7 0.00031274167000000004 0.10299284 0.5611799 0.30977148 0.7426991
9 0.0003123913 0.01242397 0.52368206 0.14574134 0.6697719
8 0.0003107718 0.5607621 0.5107111 0.64745396 0.57837445
7 0.00030983033 0.5446506999999999 0.50826895 0.6423079 0.61216724
8 0.0003086357 0.5883437 0.50488716 0.6686991 0.5722849
3 0.00030409888 0.05096773 0.49868095 0.22929534 0.7550376999999999
1 0.0003031348 0.2585048 0.530857 0.42761980000000005 0.6596934
4 0.0003026635 0.52333665 0.52112925 0.5736389000000001 0.59614223
8 0.00029986092999999996 0.33925040000000006 0.21086963 0.6084021 0.9269659
9 0.00029613057 0.034782976 0.5609316999999999 0.22344223 0.6939826
5 0.00029320203 0.5769563 0.52932096 0.6696092 0.62634313
10 0.00029286576 0.16275918 0.49991286 0.32866293 0.6845196
2 0.00029136817000000005 0.059929453 0.50398546 0.22590455 0.6636846
12 0.00029106502 0.5713912 0.5197569000000001 0.66566706 0.5971476
2 0.00029034945 0.029952861 0.5477778 0.20635194 0.69073075
4 0.0002884061 0.03212512 0.5812988 0.13371065 0.8094522
11 0.0002882748 0.598715 0.47893003 0.6411534000000001 0.60808617
1 0.0002869629 0.48951322 0.5087493 0.6765534000000001 0.61661094
12 0.00028542773 0.054445624000000005 0.48481357 0.2435467 0.66073227
5 0.00028484222000000004 0.0 0.6102641 0.23768169 0.8396538
7 0.0002847602 0.0 0.6193377 0.14161767 0.7885042
4 0.0002840382 0.24930729 0.47760397 0.52491796 0.7976816999999999
5 0.00028323298 0.0 0.56703657 0.22591937 0.73983455
1 0.00028242476000000003 0.65377903 0.54751426 0.7233486 0.5940688000000001
5 0.00028219537 0.6220525 0.5389635 0.74514836 0.5960511
5 0.0002820255 0.0 0.55713445 0.14252397 0.6589745
3 0.00028004669999999996 0.044775292 0.5265609 0.14339454 0.58470947
1 0.00027883574 0.6340732 0.5414635 0.7043498 0.5955417
2 0.00027772185 0.619254 0.5160179 0.71237576 0.5865574
11 0.00027583935 0.579659 0.47772208 0.6257324000000001 0.61083
6 0.00026768178 0.0 0.5289311999999999 0.14855906 0.6737812
8 0.00026482317000000005 0.11823571 0.34168157 0.46164256 0.9888759
13 0.00026077905 0.6255265999999999 0.5228648 0.6915924 0.6183377
9 0.00025680388 0.16925667 0.48492682 0.32682854 0.61848193
10 0.00024993435 0.51353073 0.5203049 0.57775927 0.58859044
12 0.00024774892 0.04598917 0.54983985 0.2260945 0.70821697
11 0.00024371772999999997 0.06322624 0.55403775 0.17636459999999998 0.72779846
1 0.00024102793999999998 0.0 0.66016215 0.11524068 0.7700041
11 0.00023604639999999998 0.031011716 0.5345398 0.09377635 0.6676211
13 0.00023574072 0.12698302 0.49828264 0.29962254 0.654982
7 0.00023272262000000003 0.7800701 0.5572653000000001 0.8651331 0.6087819999999999
5 0.00023226298999999998 0.08777846 0.5800327 0.32808706 0.73236233
