3 0.9828140999999999 0.16690782 0.49519208 0.34687552 0.78099096
3 0.98125356 0.89729637 0.5789234000000001 0.9912489999999999 0.6385764
3 0.34013304 0.8984011000000001 0.5674215 0.98133045 0.6240281
8 0.2909389 0.19728018 0.46882504 0.29038835 0.5286797
8 0.15261918 0.58909124 0.4412231 0.74444515 0.55630666
8 0.13579094 0.20519324 0.48023644 0.39364183 0.8307896
3 0.10854667400000001 0.20351818 0.45893013 0.2904983 0.5192621000000001
3 0.08808592 0.61001277 0.4468544 0.74446046 0.5590418
3 0.07010399 0.20348687 0.5044835 0.40752208 0.7672336999999999
8 0.038542232999999995 0.17144585 0.4564451 0.313037 0.5731921999999999
8 0.03484552 0.20299649 0.4569775 0.28982916 0.50823367
8 0.023842746 0.01307003 0.21951234 0.045973293 0.27854046
8 0.02339298 0.19069979 0.5480649999999999 0.33645532 0.755259
3 0.016881716 0.19824159 0.44440824 0.31755918 0.54865956
13 0.012305086000000002 0.19929555 0.47123706 0.3019549 0.5281538
8 0.010751598000000001 0.89970607 0.5677154999999999 0.9757565999999999 0.6222733
8 0.010642681000000001 0.009337123499999999 0.24842967 0.10996395 0.44962254
8 0.008051475 0.895833 0.58292323 0.9845505999999999 0.6404877
3 0.0076517914 0.18858159 0.46494833 0.33200675 0.6579626000000001
13 0.0061930990000000005 0.1561422 0.5938366 0.3897163 0.75146705
13 0.0060739997 0.90712494 0.5820609999999999 0.9966803 0.6487606
3 0.005536411999999999 0.22494176 0.45501477 0.29936752 0.49965918
3 0.0047313687 0.016708557 0.21296653 0.050185848 0.28569528
13 0.0042961775 0.14793798 0.44846988 0.32888746 0.58479184
13 0.0041382527 0.17202406 0.516228 0.38431293 0.9114563
13 0.0033224113 0.2095447 0.45811388 0.28354007 0.5435863000000001
8 0.0032215903000000004 0.11554587 0.41985112 0.41123587 0.9565809000000001
8 0.0031462070000000003 0.1729233 0.60114074 0.3092974 0.7556843000000001
13 0.0030846420000000003 0.16028664 0.5601539000000001 0.30032462 0.77136
3 0.0029538213000000002 0.17546588 0.45410052 0.30246451 0.5631975
13 0.0028674703 0.20785925 0.45211905 0.29395340000000003 0.50655764
13 0.0025842236 0.9010271999999999 0.557312 0.9856149 0.63338083
8 0.0025451195 0.6038266999999999 0.46832368 0.6921564 0.5320245
7 0.0025180206 0.16453370000000003 0.57634693 0.32574642 0.78052586
8 0.0025038307 0.016836131 0.24934696 0.06266988 0.29873088
7 0.0021681960000000003 0.07669465 0.40614972 0.345321 0.95379925
3 0.0020661927 0.22769427 0.5059718 0.46951604 0.8135187
13 0.0019565644 0.5811189 0.45792618 0.73577887 0.5751090999999999
13 0.0018511526999999998 0.0072902106 0.21647575 0.04789545 0.27340043
8 0.0016753883 0.14166768 0.4311492 0.334359 0.8045194
13 0.0016599997 0.12293658 0.51451916 0.45870140000000004 0.8436741
8 0.0016064794 0.21835709 0.44467357 0.5036431 0.88676804
13 0.0014544498 0.18736026 0.59421545 0.3382834 0.802138
6 0.0013979607999999998 0.15201658 0.59372824 0.38886774 0.745581
13 0.0013754916 0.004350871 0.21977533 0.07317656 0.27683824
13 0.0011814244 0.12612736 0.6286343000000001 0.32247555 0.9088859
3 0.0011548942 0.21492547 0.45457520000000007 0.35038779999999997 0.5799207
3 0.0011369194 0.023994158999999998 0.21628609999999998 0.06397046 0.29348966
9 0.0010722023 0.20232686 0.55439824 0.37735749999999996 0.6950338
9 0.0010461457 0.22228521 0.47696337 0.30276388 0.5343717
4 0.001001352 0.20973396 0.53558004 0.370237 0.7303818
12 0.0009964845 0.21934666 0.5594094000000001 0.40313292 0.72406316
2 0.0009591809 0.19844507 0.4694858 0.2994676 0.53315735
1 0.000944883 0.12507586 0.5582085 0.3489731 0.87320733
11 0.0009186566 0.18763529 0.37388214 0.31378263 0.85804904
1 0.0009036952400000001 0.13976672 0.5900675999999999 0.27087253 0.7570754
9 0.0008891630999999999 0.1633741 0.41036963 0.33971247 0.7666505
13 0.0008725464999999999 0.14922978 0.48687299999999994 0.33614640000000007 0.6187081
8 0.0008694691 0.17402562 0.4972432 0.30570558 0.66169184
2 0.00081376085 0.16540956 0.4313563 0.424375 0.812619
5 0.0008048484 0.10344006 0.5765359 0.38795173 0.7178524000000001
8 0.0007970699000000001 0.052336242000000005 0.13667695 0.17731185 0.8791517
2 0.0007916929 0.9181254999999999 0.5728352 0.9899899999999999 0.6406833000000001
7 0.0007668976 0.9062431999999999 0.5697063 0.9945786 0.6585273
8 0.0007583819 0.022910114 0.19355318 0.13188228 0.70713454
13 0.00074954925 0.11502488 0.5498331 0.31207448 0.7295723000000001
5 0.00074399495 0.14996204 0.57693607 0.30990785 0.75894797
5 0.0007298150999999999 0.053100064 0.5470304 0.3471012 0.8227074000000001
13 0.0007145658000000001 0.06417081 0.5699203 0.36505279999999996 0.83344835
8 0.00071201316 0.011028949 0.23736371 0.04055133 0.29576638
3 0.0007001577 0.60008395 0.44875976 0.68485975 0.5298425999999999
2 0.00069759286 0.104273185 0.38919234 0.3861925 0.736395
9 0.00066293107 0.21489996 0.5412521 0.39698333 0.8503943000000002
1 0.00066198455 0.1422725 0.58632845 0.31210622 0.7133768
1 0.0006427984999999999 0.17931938 0.6090922 0.3327198 0.7347965999999999
9 0.00063000806 0.23319112 0.45774075 0.2977045 0.5050106
7 0.0006169596 0.16339949999999998 0.39715138 0.43101835 0.86644673
5 0.00059212197 0.88063455 0.5879868 0.9666002 0.64669776
13 0.0005869655 0.18069151 0.47106436 0.2778713 0.51868016
11 0.0005850766999999999 0.18223512 0.5312889000000001 0.2627963 0.7596202
1 0.00057733426 0.53878635 0.46316832 0.6981911999999999 0.5526429
9 0.0005541933400000001 0.21591419 0.46262202 0.4121936 0.7751422
5 0.00055239437 0.18221667 0.49024484 0.29483524 0.5349865
7 0.00054481614 0.19350788 0.53079545 0.31718454 0.82948714
1 0.00053283887 0.06281376 0.50966674 0.30285429999999997 0.8195915000000001
7 0.00051945867 0.17202803 0.51768553 0.33608517 0.72334313
7 0.00051534065 0.20278670000000001 0.46165937 0.29876006 0.5395
7 0.00051474926 0.16052353 0.53593594 0.28151652 0.8232993000000001
13 0.0005036561 0.19085158 0.45230746 0.26696497 0.49731478
1 0.00048916135 0.91928387 0.5974745 0.9951838 0.64792824
2 0.00048789434 0.18620186 0.5532874 0.36670357 0.69562083
11 0.00048649943 0.9076849 0.5746264 0.9538593000000001 0.65191257
6 0.0004795546400000001 0.16269153 0.5486481 0.36536740000000006 0.69774026
8 0.0004673428 0.0859262 0.21404165 0.29735988 0.95481235
12 0.0004666142 0.92616737 0.5768199 1.0 0.6394875
9 0.00046499138 0.20032655 0.45997342 0.33676273 0.58430564
13 0.00045594535000000004 0.11166508 0.48764288 0.34294233 0.84774035
4 0.00045208487 0.9234380999999999 0.57602215 1.0 0.6394788
11 0.00044679847999999997 0.91149056 0.5617021 0.9482769 0.6202772
1 0.00043757647000000003 0.19738029 0.47968268 0.28646338 0.5330339
7 0.0004283226 0.9008869 0.54810196 0.9762733 0.63492614
1 0.00042038142999999996 0.53412986 0.42844993 0.69517636 0.5226997999999999
7 0.00041868642 0.14383104 0.41440165 0.34654287 0.60096705
5 0.00041766537000000005 0.9107772 0.5913741 0.9964175 0.65394086
13 0.0004057093 0.13072607 0.6011001 0.33749622 0.72579736
11 0.00039194632 0.24580586 0.38829309999999995 0.38696152 0.9313982
1 0.00039094330000000004 0.12198021 0.54756045 0.28854436 0.6690060999999999
5 0.0003875422 0.49633574 0.47624788 0.72652066 0.5692086999999999
3 0.00038369730000000006 0.1608785 0.49571562 0.3208449 0.6931819
2 0.00037714525000000004 0.89521646 0.57694536 0.97881746 0.62717384
5 0.00037455416 0.17383465 0.58600813 0.34742722 0.7910728
3 0.00037280809999999995 0.1698692 0.48672846 0.51260614 0.92430824
13 0.00037067974000000003 0.0 0.14488594 0.1802511 0.42573428
5 0.00036832072999999995 0.50530523 0.45741946 0.74722785 0.5377586
2 0.0003659478 0.5783786999999999 0.42102364 0.7775135 0.55892915
5 0.00036424593 0.10022813 0.5984357 0.34363943 0.9079450000000001
3 0.0003605958 0.9203271000000001 0.584531 1.0 0.6497224
3 0.0003561107 0.87489796 0.56610537 0.9986681999999999 0.66220444
8 0.00035443623 0.7897251999999999 0.24022159 0.9555651 0.48272709999999996
12 0.00035117427000000006 0.2172837 0.46864003 0.30643436 0.52374154
9 0.00034701073 0.60522765 0.43375230000000004 0.7347713 0.5671364999999999
1 0.00034083489999999996 0.8723097 0.5726585999999999 0.95785415 0.6147791
10 0.00034074485 0.14672542 0.52968585 0.36408126 0.71440023
7 0.000340039 0.52006733 0.42129964 0.746938 0.5989785
11 0.00033666036 0.21383348 0.52039045 0.28742442 0.7625189
11 0.00033643919999999997 0.19831783 0.54224944 0.27875692 0.81777275
11 0.0003329047 0.60799336 0.42044348 0.71791756 0.58773035
10 0.00032871653 0.93966436 0.56996834 1.0 0.6423484
11 0.00032867453 0.94617313 0.57614124 0.9873491 0.644969
3 0.00032488856 0.22894563 0.515123 0.33885962 0.58335775
1 0.0003220118 0.2057911 0.45670839999999996 0.28248253 0.49645057
6 0.00031585782000000004 0.91271293 0.5921573 1.0 0.65538824
7 0.0003155327 0.873613 0.5667592 0.9630178 0.66474843
7 0.00031552475 0.19557728 0.48767766 0.35630178 0.69618577
4 0.0003145171 0.22048818 0.46343386 0.29818684 0.5364141
2 0.00031439742 0.08904089 0.48434746 0.39288878 0.8233298000000001
7 0.00031328766 0.062041685 0.49714702 0.5051838 0.8615352
12 0.00031037044 0.90764326 0.54422206 0.98799783 0.61435324
6 0.00030899877 0.8861210999999999 0.59126866 0.994659 0.6487126999999999
1 0.0003067111 0.8823603000000001 0.6003930000000001 0.96034163 0.6468746999999999
11 0.00030365278 0.93128866 0.5652033000000001 0.96661633 0.6227746999999999
12 0.00030286377 0.22468188 0.44799620000000007 0.2923123 0.49851313
2 0.00030246688 0.15416205 0.42912185 0.37466407 0.56761456
13 0.00030035843 0.004422374000000001 0.24482417 0.08541264 0.30035922
7 0.00029971416000000004 0.0 0.49887395 0.37081808 0.8700681999999998
9 0.00029943444 0.9374475 0.58160865 1.0 0.6444065
1 0.00029857432999999995 0.19812256 0.6376454 0.33518857 0.8027294
8 0.00029558656 0.59514564 0.45175699999999996 0.6701693 0.51609284
12 0.00029127448 0.12980089 0.4062763 0.44570429999999994 0.7816085
5 0.0002880252 0.038591682999999995 0.5719546 0.29017928 0.89249545
3 0.0002879437 0.013554014 0.23050041 0.049524516 0.3033696
11 0.0002875162 0.22578095 0.35020456 0.35469824 0.83527184
2 0.00028742728 0.18050888 0.525709 0.3693982 0.6561376
12 0.00028296857000000003 0.2081657 0.51357067 0.38445354 0.67944723
1 0.00028270076 0.11849652 0.45276362 0.3779105 0.76557994
1 0.00028152097000000003 0.21390268 0.5966066999999999 0.35050336 0.7739742
11 0.00026848514 0.22256222 0.5943852 0.30675521 0.73979706
1 0.00026522658 0.15937418 0.6402595999999999 0.29270154 0.78070873
10 0.00026323294 0.23362528 0.45810908 0.30369833 0.5340938000000001
12 0.0002626145 0.20944974 0.49275422 0.32541552 0.73301834
1 0.00026040382 0.14131811 0.45497665 0.30990824 0.56444806
9 0.0002586634 0.21569921 0.45866424 0.2793463 0.50708765
11 0.00025098713 0.016313758 0.22781521 0.03818437 0.29661766
9 0.00024404754000000001 0.22316129999999998 0.5692812 0.33185533 0.7556257
2 0.00024052577999999998 0.185652 0.58021677 0.34674442 0.7277758000000001
5 0.00023724082000000003 0.88350946 0.57037294 0.9680447 0.61956775
12 0.00023451737000000002 0.14505826 0.325854 0.46787542 0.6816032
11 0.00023215554 0.24203074 0.45726708 0.28564495 0.54749507
6 0.00023189222000000002 0.14503902 0.571543 0.32637435 0.7297924
1 0.00023067303 0.05808106 0.39602557 0.3288119 0.6922771
11 0.0002302104 0.24708521 0.61406547 0.33384234 0.7778358
3 0.00022955646000000001 0.8614765 0.24754684 0.9996149999999999 0.38587564
11 0.0002284112 0.24177462 0.5279385 0.31069440000000004 0.791413
10 0.00022741352999999998 0.21322435 0.50919926 0.33926540000000005 0.78635687
12 0.00022660507000000002 0.5538538000000001 0.40870297 0.7588126000000001 0.51721853
4 0.0002253034 0.2051042 0.5058376 0.33617702 0.77525383
12 0.00022264458 0.23473617 0.56157047 0.34526798 0.76750106
2 0.00021749832000000002 0.0022944268 0.21328017 0.0509967 0.2753833
9 0.00021736529999999998 0.19969434 0.5410401 0.30985874 0.7340404
8 0.00021712392000000004 0.059792437000000004 0.1898105 0.26318103 0.77015233
4 0.00021245612999999997 0.2429555 0.4613996 0.31281185 0.5320722
11 0.00021095958 0.92397267 0.5752438 0.96844083 0.6543201999999999
9 0.00021026674999999998 0.9204786 0.5576007 0.9825113000000001 0.6219964
12 0.00020799557000000002 0.20819008 0.46577959999999996 0.404024 0.6521451
13 0.00019975648000000002 0.8865404 0.56192213 0.9551175999999999 0.6247325
2 0.00019815167000000001 0.02787362 0.45906878 0.43329626 0.743736
10 0.00019550389999999998 0.18361664 0.56992966 0.31080353 0.78361005
2 0.00019546272 0.20738107 0.49042916 0.38935906 0.6210653
2 0.00019367159 0.18112979999999998 0.4636496 0.50532633 0.7568495
4 0.00018893433000000001 0.22792724 0.46900349999999996 0.34861929999999997 0.7276899
1 0.00018834433000000002 0.18101472 0.47980756 0.26708865 0.52686185
6 0.00018456085 0.091848716 0.51648897 0.46879040000000005 0.9228946
3 0.00018421542 0.021663437 0.24028681 0.07770945 0.31427184
3 0.00018222401999999998 0.19647004 0.4830263 0.29645836 0.5491111
1 0.00018155835 0.18768267 0.45657709999999996 0.26506892 0.49447507
13 0.0001790549 0.16757734 0.5350098000000001 0.35231143 0.7168281999999999
5 0.00017802898999999997 0.14484456 0.53225213 0.41372082 0.76729566
5 0.00017526169999999998 0.19967422 0.46758154 0.29099676 0.5075905
13 0.00017352008 0.13932565 0.4994307 0.43868944 1.0
5 0.00017208473999999997 0.9004218 0.5719743 0.9860051 0.62422395
5 0.00016948076 0.07747455 0.5024997 0.37480949999999996 0.74763376
2 0.00016671509999999999 0.21935868 0.45481032 0.28228325 0.5469924
2 0.00016413299999999998 0.2165772 0.44150653 0.2963327 0.50172096
1 0.0001632888 0.0 0.23246826 0.035427425 0.27563184
9 0.00016193649 0.17133784 0.5705706 0.3188885 0.8636405999999999
10 0.00015932535 0.9177050999999999 0.54490906 0.9830223 0.61742973
9 0.00015898369 0.24251258 0.5458324999999999 0.35446233 0.7125989
13 0.00015714163999999998 0.025375366 0.49672875 0.5535471 1.0
7 0.0001506511 0.22208746 0.4448391 0.28857246 0.507432
3 0.00014807633 0.21463293 0.48876402 0.36623920000000004 0.66035455
2 0.00014731646000000002 0.9176788 0.55103374 0.98745924 0.60727596
11 0.0001460472 0.22564618 0.45658517 0.27045754 0.55274546
12 0.0001421492 0.013567537 0.21714857 0.04861514 0.2742172
7 0.0001390286 0.12957318 0.6294323000000001 0.30365407 0.7940691
12 0.00013894675 0.5492659000000001 0.43774486 0.78031296 0.53955114
10 0.00013829823 0.24257311 0.43814105 0.2936038 0.49983177
6 0.00013373162000000001 0.88449013 0.5637151 0.9832052 0.6192831999999999
1 0.00013122831 0.14410645 0.4786843 0.31912467 0.59907144
8 0.00013111102 0.77830154 0.24411285 0.94422096 0.9338224
11 0.00013059287 0.19477907 0.5815845000000001 0.26871753 0.71326166
4 0.00012715562 0.61297715 0.41445214 0.7430099 0.5460676999999999
7 0.00012713229999999998 0.11115292 0.550543 0.29240040000000006 0.7456931
2 0.00012490608999999998 0.16997749 0.5145856 0.30349509999999996 0.7038573
2 0.00012283605 0.5849576999999999 0.38889924 0.77285576 0.51924855
9 0.00012269938 0.9065129000000001 0.5576316 0.96426815 0.6229984000000001
7 0.00012224927 0.0031988471999999995 0.21853909 0.045641784000000005 0.2818748
13 0.00012067193000000001 0.18564261 0.46935183 0.28059345 0.76082146
5 0.00012002766000000001 0.106159106 0.48328313 0.33363706 0.57271034
1 0.000119268974 0.21299452 0.5719845 0.37250370000000005 0.70142335
13 0.000119180375 0.006344525 0.24396162 0.047327876 0.2966738
2 0.00011890742000000001 0.007906333 0.21711501 0.08142075 0.28073725
9 0.00011706726 0.22927703 0.47055474 0.28504533 0.55013204
10 0.00011696004 0.16885093 0.5119948000000001 0.30998159999999997 0.6973621999999999
9 0.00011461296999999999 0.18897375 0.51760787 0.39818183 0.66092294
8 0.00011406546 0.79410344 0.19220744 0.94650894 0.72521913
10 0.000113919974 0.2329397 0.45688599999999996 0.34752914 0.7385548000000001
10 0.000113522685 0.017641831 0.22232117 0.048090514 0.28308904
8 0.000113251255 0.8545254000000001 0.53629756 0.9923436 0.6771078
4 0.00011317453000000001 0.91541237 0.55504954 0.9921071 0.6152976
4 0.00011285506000000001 0.23516628 0.44349888 0.29470727 0.49780476
5 0.00011236196000000002 0.10556674 0.53029937 0.32902682 0.662817
5 0.00011224778999999999 0.20465809 0.49174157 0.28004703 0.56375754
2 0.00011192698999999999 0.18734771 0.5473406 0.32539988 0.7696668000000001
7 0.00011181049 0.18993099 0.45775965 0.3078425 0.7501003
3 0.00011105 0.22218713 0.49590927 0.3367013 0.5583497
9 0.00011010915000000001 0.13815719 0.5068724 0.3686223 0.80175245
4 0.00010991138000000001 0.19977683 0.45212966 0.4257015 0.88655967
1 0.00010872158000000002 0.16801322 0.5434309 0.2939777 0.70055985
12 0.00010811688 0.14442998 0.42062306 0.36979204 0.5484892
9 0.0001080998 0.1946558 0.49526316 0.48914322 0.8134385000000001
8 0.00010684944600000001 0.19361502 0.50409895 0.32229173 0.7119986999999999
10 0.0001056791 0.15221253 0.49199438 0.3454237 0.6512646
9 0.000103183185 0.2553062 0.45613605 0.31424966 0.5046378
8 0.00010313318999999999 0.6015105 0.38083255 0.8835360999999999 0.9769386
12 0.00010168107 0.25033882 0.5198913 0.3679361 0.73605734
6 0.00010144988000000002 0.1895685 0.48365685 0.32208604 0.5408323
11 9.965859500000001e-05 0.21872623 0.48848534 0.28126156 0.6975059
2 9.949308000000001e-05 0.18963557 0.47699600000000003 0.31117449999999997 0.6632335
11 9.841216500000001e-05 0.25982663 0.51314014 0.32081673 0.7352546999999999
3 9.772214e-05 0.76937854 0.2176775 0.98425674 0.48346692
6 9.761716999999998e-05 0.13946407 0.6425776999999999 0.364622 0.75822055
13 9.720094999999999e-05 0.16989581 0.49034074 0.32335263 1.0
11 9.710188e-05 0.18060727 0.54350746 0.25653937 0.679994
10 9.708648999999999e-05 0.23861822 0.342038 0.45096317 0.92067957
3 9.6715e-05 0.16073370000000003 0.48301047 0.30535433 0.62397
6 9.5790936e-05 0.058893755 0.5461172 0.52303535 0.80190086
10 9.545152e-05 0.23011059 0.4435245 0.28137064 0.49870214
1 9.532226000000001e-05 0.021688417 0.5383963 0.3732773 0.7861117
9 9.126620999999999e-05 0.15869862 0.512822 0.34293562 0.6710901
2 9.106603999999999e-05 0.21632665 0.30616364 0.44778615 0.7282335
6 9.048261000000001e-05 0.5182597 0.46087524 0.78536254 0.58105785
13 9.002641e-05 0.5847926999999999 0.46916893 0.70330805 0.52671945
10 8.872865e-05 0.5974505 0.38995683 0.7378857 0.56549966
6 8.7930275e-05 0.0 0.56520796 0.41299006 0.8142573000000001
6 8.646543600000001e-05 0.18313368 0.57389253 0.42779815 0.7278886
12 8.5973945e-05 0.22727735 0.46161345 0.28411853 0.53579324
13 8.5032065e-05 0.16272871 0.50375074 0.29140186 0.70595175
4 8.387991e-05 0.16749692 0.5412205 0.30753788 0.78809994
4 8.255790000000001e-05 0.21670601 0.49966007 0.35277072 0.6529251
11 8.244325000000001e-05 0.12575966 0.4818936 0.33023685 0.8348466
9 8.129868e-05 0.20692489 0.42360795 0.32829824 0.9436653
9 8.1095466e-05 0.9169678 0.57904947 0.9844261999999999 0.6504179
8 8.02593e-05 0.038269937000000004 0.17320189 0.19881698 0.68406546
1 7.895859e-05 0.13176867 0.36511797 0.3138641 0.7834138
12 7.876393e-05 0.18391974 0.5557747 0.34964090000000003 0.7045387
2 7.757795999999999e-05 0.13712595 0.28701624 0.43468803 0.66315764
13 7.715256e-05 0.12875208 0.52289134 0.31096068 0.68059045
10 7.697783000000001e-05 0.6079464 0.41104898 0.7653221 0.59549147
4 7.587672e-05 0.14645301 0.44019282 0.35746145 0.83434546
9 7.460231e-05 0.010622989 0.22399709 0.044295505 0.27837783
1 7.454874e-05 0.061089024000000006 0.5880169 0.44784743 0.8091602
10 7.3964955e-05 0.1932055 0.31314918 0.39592645 0.87763184
1 7.3302785e-05 0.17123093 0.48707536 0.26589709999999994 0.7086819999999999
11 7.327694999999999e-05 0.25720388 0.45903045 0.30217373 0.5403276
13 7.2772564e-05 0.57670015 0.44780642 0.6673021 0.510683
5 7.214028e-05 0.0 0.23467359999999998 0.043529875999999995 0.27483714
7 7.191661e-05 0.15244474 0.26880494 0.36967849999999997 1.0
12 7.190136e-05 0.16603822 0.44285749999999996 0.62697333 0.7133691
6 7.1084265e-05 0.19516146 0.45726866 0.31698382 0.5029237
12 6.966775e-05 0.20473915 0.44708806 0.26356164 0.4998251
