3 0.9396085 0.9021892 0.39976350000000005 1.0 0.60830975
3 0.8670605 0.6626128000000001 0.35282340000000006 0.8279091999999999 0.5310686
3 0.83301985 0.8055188 0.35150844 0.94090444 0.5670239
8 0.30142820000000003 0.65247256 0.3681316 0.8259171000000001 0.5201229
3 0.24979542 0.7698701 0.3512872 0.8973998 0.5627839
8 0.20420851 0.7813208 0.36213166 0.9926863000000001 0.6400018
3 0.10477664 0.76350176 0.37369755 0.8414963 0.49500552
8 0.08935063 0.7903384 0.38154206 0.9500709999999999 0.58203167
3 0.06573349 0.7613032 0.37885424 0.8199417 0.5350448
8 0.04891404 0.89938635 0.43128714 0.9968630999999999 0.60781854
3 0.027102124 0.7678001 0.3717667 0.8512821 0.4368008
3 0.024858687 0.8190876 0.38473559999999996 0.9874295 0.6176274
8 0.024525795 0.7082819 0.32863176 0.97023624 0.6137444000000001
8 0.023432005 0.74370146 0.35744652 0.8797514000000001 0.5617856
8 0.011272674 0.75775856 0.41487077 0.8138539 0.53242105
8 0.007977503 0.58009344 0.328654 0.92757785 0.5831122
3 0.0066490914 0.7290970999999999 0.3630677 0.97606814 0.58623946
3 0.005655918 0.77810854 0.34807944 0.9254275 0.51034987
8 0.0056450465000000005 0.6393285 0.34510988 0.9524437 0.67341584
13 0.0041334764 0.8882408000000002 0.47496980000000005 1.0 0.6022225999999999
2 0.0034703293 0.7612576999999999 0.30606526 1.0 0.58584493
13 0.003068278 0.6281004 0.4050487 0.81137896 0.52997875
13 0.0027760423 0.7617493000000001 0.36379308 0.96742266 0.6682815
9 0.0027384121999999996 0.8025079 0.37531278 1.0 0.5954505999999999
7 0.0026163151 0.72125095 0.3267055 0.9795091999999999 0.71031857
3 0.0025662707999999997 0.94878685 0.35338682 0.9944870000000001 0.41338432
8 0.0025600612 0.7604890000000001 0.38955492 0.8296783000000001 0.48704678
8 0.0023427857000000002 0.71110535 0.49248820000000004 0.9608445 0.9695558000000001
13 0.0022806772 0.68017715 0.38058197 0.834724 0.5770568
9 0.0021360272 0.91177166 0.43419963 1.0 0.55348724
7 0.0019950857 0.89042383 0.45505536 0.99111295 0.6418206
13 0.0017224563000000001 0.6471364000000001 0.36317247 0.8744984 0.53738075
13 0.0016351724 0.83230555 0.46946764 0.99825305 0.58771896
3 0.001548575 0.9097156999999999 0.39414679999999996 1.0 0.46230587
5 0.0015429935999999999 0.723696 0.3967866 0.9305836999999999 0.556884
3 0.0014419586 0.8475478000000001 0.36919418 0.9387969999999999 0.42653725
3 0.001406532 0.9011530000000001 0.40526566 1.0 0.52489114
7 0.0013887192000000001 0.8995561 0.41886345 1.0 0.6111607
3 0.0013720863000000001 0.697637 0.35751653 0.7976840999999999 0.49131116
13 0.0013506885 0.8752549999999999 0.43250343 0.9990597999999999 0.58916014
7 0.0013484164000000002 0.6570560999999999 0.31954372 0.86192316 0.49926808
13 0.0013228642999999999 0.5813634 0.39179516 0.77338785 0.5125879
11 0.001313796 0.7940816999999999 0.32252136 0.8780985 0.5897682
13 0.0012960089999999999 0.7807246999999999 0.4186536 0.9220415999999999 0.6005356
6 0.0012298162 0.88841784 0.45093456 1.0 0.60698134
7 0.0011865451 0.57268685 0.36802322 0.81081486 0.5592252
5 0.0011417134 0.54173905 0.40895966 0.84361553 0.53509444
12 0.0011193595 0.9188165999999999 0.44381279999999995 1.0 0.5976414000000001
3 0.0010975455 0.9290333000000001 0.3727937 1.0 0.43381047
7 0.0010781327000000001 0.83814317 0.42584112 1.0 0.620104
1 0.0010728816000000001 0.548017 0.39471045 0.7400416999999999 0.49256608
6 0.0009996361 0.8543363000000002 0.4463875 1.0 0.57332605
7 0.0009799307 0.75508803 0.35066387 0.9347281 0.6406915
8 0.00097504095 0.90150034 0.379042 0.98218787 0.5417975
1 0.0009697655 0.7167063 0.38936448 0.9535063 0.6064877
5 0.0009675603999999999 0.7174680999999999 0.43195059999999996 0.98946434 0.65063244
2 0.00096106884 0.88838166 0.42482808 0.9979931999999999 0.56155074
13 0.0009420848 0.74419767 0.40494883 0.8899428 0.5877988000000001
1 0.0009353568 0.7255444999999999 0.4172827 0.90379024 0.5688941
3 0.0009300094699999998 0.7404734000000001 0.35934499999999997 0.85277456 0.54896677
13 0.0009041899000000001 0.7091013 0.4168656 0.9424493 0.56001866
1 0.0009032613 0.8939613999999999 0.4814741 0.9889495999999999 0.6028251
11 0.00089606945 0.6642611999999999 0.36078740000000004 0.7896102 0.56687397
8 0.0008751171400000001 0.76370674 0.37381387 0.8403798000000001 0.43362582
9 0.0008645802000000001 0.7267647 0.34484014 0.98338443 0.5958743000000001
4 0.000858252 0.9116681999999999 0.41584307 1.0 0.5825883000000001
9 0.0008566835300000001 0.67602175 0.35095638 0.8720389999999999 0.47237250000000003
11 0.00084646296 0.8341828000000001 0.25698054 0.978018 0.66170704
8 0.0008398705999999999 0.7468484000000001 0.36282408 0.9053867 0.49366292
13 0.0008277644000000001 0.87496185 0.4517804 0.9970791999999999 0.5329568
3 0.0008193777000000001 0.73186517 0.40091956 0.9906106 0.65504724
6 0.0008184346 0.6031889 0.38935202 0.8646308000000001 0.53711516
9 0.0008180517 0.79012173 0.31326872 0.98674 0.546971
13 0.00080213515 0.7468028 0.3843052 0.9769800999999999 0.5778345
1 0.00078551425 0.62274784 0.37007829999999997 0.82309914 0.47837245
13 0.0007652189999999999 0.64753604 0.37165964 0.78833735 0.56399393
2 0.0007608099000000001 0.5996651999999999 0.34453267 0.8396728999999999 0.45538968
7 0.0007579085 0.67647266 0.33685526 0.82962507 0.60496765
2 0.00074744766 0.61321855 0.37720087 0.86397064 0.49294522
8 0.00073058973 0.59595394 0.46063355 0.9058088 0.9332108
5 0.0007257241 0.8536171 0.46499804 1.0 0.5938137
7 0.0007168420699999999 0.86679584 0.352579 1.0 0.6522011999999999
8 0.0007101599 0.7028593000000001 0.37254158 0.8560993 0.54851395
6 0.0006796717999999999 0.57498914 0.37597778 0.81083214 0.5037594
1 0.00067689817 0.8853148000000001 0.45715922 0.9854145000000001 0.57552505
12 0.00067387475 0.9157036 0.39225766 1.0 0.5407289000000001
9 0.0006714351 0.6574929 0.38128608 0.83214706 0.51968306
7 0.0006615683000000001 0.61535996 0.32199734 0.8082592 0.50662243
9 0.0006527788 0.7895643 0.36674917 0.90738016 0.5439170999999999
2 0.0006505864 0.6984104 0.33422568 0.838952 0.54702646
2 0.0006464873 0.7790933000000001 0.37122086 0.9476315000000001 0.5525842
3 0.00064646255 0.7859496 0.36352536 0.84662724 0.46904120000000005
1 0.00064495864 0.5931661 0.41314003 0.79222834 0.53345364
7 0.00063803303 0.7580397 0.34064215 0.9557562 0.54373896
5 0.0006353293 0.71343255 0.42222703 0.8925344000000001 0.58705187
9 0.00063525134 0.7725893 0.37810877 0.94345254 0.51620895
5 0.0006324873 0.65276897 0.4117168 0.86027753 0.5883528
1 0.00061178795 0.64810085 0.40407392 0.84484446 0.51497257
5 0.00060838734 0.49045083 0.3899725 0.80831814 0.4956056
6 0.0006015602 0.6956536 0.37097806 1.0 0.6315662
13 0.0006008931 0.75616497 0.38559770000000004 0.8333685 0.49674120000000005
1 0.0005980272 0.56981266 0.3658181 0.7850741 0.46994197
5 0.00059784943 0.6696896 0.4089076 0.9746068999999999 0.53280324
7 0.0005957136 0.81748 0.33417255 1.0 0.5337497
13 0.00058325316 0.7625485 0.37538525 0.83963877 0.44202214
6 0.0005793229 0.7390564000000001 0.38587859999999996 0.9752645000000001 0.52576345
2 0.0005724333 0.84670174 0.42725688 1.0 0.5430505
2 0.00056099443 0.8240226999999999 0.29817647 1.0 0.72297525
9 0.00055779057 0.7195005999999999 0.3762481 0.85303795 0.5391784000000001
1 0.0005553196 0.8239023999999999 0.45359160000000004 0.9641898000000001 0.5651970000000001
13 0.0005526337 0.8984511000000001 0.44426256 0.9783966999999999 0.5439979
9 0.0005507093 0.6300685 0.3585977 0.786098 0.48601198
7 0.0005366695 0.82431155 0.46417615 0.98385257 0.65624017
2 0.000533875 0.7702029 0.3433521 0.9280379999999999 0.51013404
2 0.0005292976000000001 0.8673552999999999 0.36516570000000004 1.0 0.5470643
11 0.00052588555 0.8132231 0.3384962 0.8999007 0.62695223
11 0.0005231039 0.6355566999999999 0.3473867 0.73650235 0.5239925999999999
1 0.0005151237000000001 0.7203831 0.39543307 0.9226165999999999 0.4967518
10 0.00051386317 0.8979209 0.41230592 1.0 0.55631155
1 0.0005083732 0.6708381999999999 0.40649247 0.82917017 0.5654316
9 0.00050430413 0.8969851999999999 0.38110402 1.0 0.5487699
1 0.0005016492 0.8322523000000001 0.48131430000000003 0.9666998 0.59305674
12 0.0004983537 0.6604305 0.32445857 0.87627107 0.45950547
6 0.0004927389 0.8355343000000001 0.47750178 1.0 0.59783983
6 0.00047122171999999996 0.6345033 0.3560865 0.93683106 0.50938016
13 0.00044880307 0.74094015 0.43901068 0.8310001 0.525887
8 0.00042875599999999997 0.6625561 0.42787299999999995 0.7412456000000001 0.5139168
1 0.00042859962999999997 0.840916 0.42289343 0.9701207000000001 0.5330269
4 0.00042461370000000003 0.6473802 0.37784553 0.82462627 0.53375375
5 0.00042280025 0.5938193 0.38445985 0.9264924000000001 0.51394725
10 0.0004159657 0.90545136 0.44139323 1.0 0.6023381999999999
8 0.0004139282 0.9058832 0.4464411 0.9748211999999999 0.5402855999999999
2 0.0004103239 0.6838284 0.3376603 0.8803261999999998 0.47790699999999997
6 0.00041013102999999993 0.86345327 0.40191418 1.0 0.5400100999999999
12 0.00040945646 0.6706255999999999 0.3553475 0.8871190999999999 0.49522570000000005
1 0.00040740367999999997 0.7635138000000001 0.4411939 0.9151520000000001 0.59963566
13 0.00040722897000000007 0.82078636 0.40887740000000006 0.96899 0.75776356
9 0.0004009553 0.8152578 0.39595494 0.9323790999999999 0.57220197
13 0.00039818953 0.7550045999999999 0.43155158 0.8098102 0.54107684
7 0.0003969035 0.76642996 0.3688453 0.83210266 0.49486187
11 0.00039663832 0.93037236 0.48253074 0.9861769 0.6348411999999999
9 0.00039342925 0.830623 0.37834045 1.0 0.4980013
2 0.00039340183 0.8990094000000001 0.39613855 1.0 0.52241284
13 0.00038688110000000003 0.0052225579999999995 0.21746415 0.3268112 1.0
3 0.00036997593 0.63934165 0.34815297 0.9479808000000001 0.557082
7 0.0003675717 0.71308446 0.37158173 0.8960599 0.63232
2 0.00036671356 0.8562662 0.39998090000000003 1.0 0.50936747
2 0.00036309153 0.74132186 0.3739864 0.96764225 0.47780259999999997
8 0.00036221172 0.86542475 0.47181672 0.9736754000000001 0.6669103
5 0.00035972535000000004 0.59849435 0.36964223 0.89025503 0.48012003
4 0.00035947462 0.70725983 0.3380886 0.8875343000000001 0.5099335
11 0.00035211743999999997 0.8978550999999999 0.39520959999999994 0.96151626 0.6091003
11 0.00035053095999999995 0.6770214 0.29951808 0.7610243 0.5809613
12 0.00034971966 0.88369113 0.41782567 1.0 0.55747086
11 0.00034710116 0.9264091 0.45838450000000003 0.9773668 0.589747
11 0.0003455938 0.78704315 0.38957718 0.8687011 0.5508033
12 0.00034047122000000006 0.8809745000000001 0.35324535 1.0 0.57317406
6 0.00033404326 0.78308123 0.40767023 0.9686205 0.60270447
6 0.0003328154 0.9051596 0.41777417 1.0 0.5676574000000001
9 0.00033264482 0.76848596 0.39778668 0.8901551 0.58657604
9 0.00032982462999999997 0.84558356 0.39742327 1.0 0.6650538
12 0.00032657884999999997 0.7827835999999999 0.35356173 0.9281402 0.5440735999999999
6 0.00032083582000000003 0.75283355 0.37813455 1.0 0.54148245
11 0.00032048373 0.69144225 0.30338186 0.7860343000000001 0.6147670999999999
5 0.0003201419 0.779937 0.44992048 1.0 0.56496704
7 0.0003189924 0.73046565 0.3068723 0.8852878000000001 0.5844603
10 0.00031817865 0.6731408 0.30397958 0.8488068000000001 0.46269757
8 0.0003147943 0.76086825 0.39314887 0.8067678 0.5070435999999999
1 0.00031453714 0.84755915 0.45040473 0.9831191999999999 0.62379867
8 0.00031374267 0.010768653000000001 0.35630926 0.32083502 0.9190480999999999
6 0.00031367652 0.61049366 0.33786407 0.8903190999999999 0.4774401
2 0.00031351557 0.8834599 0.37825733 1.0 0.48132253
2 0.00031310543999999997 0.77659744 0.34317982 0.9943221999999999 0.45321646
12 0.00031180895 0.7257448000000001 0.29741317 1.0 0.5985498
7 0.0003107364 0.65562195 0.37280159999999996 0.8701656999999999 0.5429853
5 0.00030779254 0.7482112 0.4338295999999999 0.8089215 0.5514373
2 0.00030058637 0.66535777 0.28313738 1.0 0.5551798000000001
8 0.0002952589 0.95066524 0.35016820000000004 0.9875919 0.4080784
6 0.00029492352000000003 0.65966004 0.37555164 0.88928354 0.57301134
11 0.00029128313 0.7393835999999999 0.29128015 0.8290924999999999 0.58958364
10 0.00029016164000000003 0.73893535 0.28229743 0.85097164 0.55761814
1 0.00028939635 0.78406614 0.40009376 0.96351516 0.51087075
2 0.0002853016 0.6406113 0.3231403 0.8691671999999999 0.42844763
3 0.00028317474 0.8299397 0.38337764 0.9453304 0.47042304
11 0.00028036436000000004 0.88819283 0.45853496 0.95677817 0.5977872
8 0.00027960254 0.8975099 0.49601832 0.9709216 0.5777098
5 0.0002754332 0.8563116 0.421439 1.0 0.5370325
7 0.00027491202 0.75007826 0.39511034 0.81635624 0.5198244000000001
5 0.00027305444 0.74862003 0.40683225 0.81035817 0.52209353
4 0.00027226884 0.7167791 0.32582006 0.84213287 0.5759304
3 0.00027075389999999997 0.689415 0.4147141 0.7565824999999999 0.5242726
3 0.00026746737 0.6547284999999999 0.3581268 0.7368684 0.47946367
13 0.00026373740000000003 0.94543195 0.33891684 0.99530405 0.41653043
12 0.0002609314 0.68072975 0.36319944 0.8463226 0.5388294
2 0.00025658644 0.78777176 0.36410692 1.0 0.4914698
3 0.00025612643 0.74809307 0.38122746 0.8194745000000001 0.48214158
10 0.0002512015 0.64060223 0.34445485 0.83699507 0.5309877
5 0.00025034937 0.7219255 0.41845340000000003 0.83107585 0.5007688
3 0.00024967748 0.7227020000000001 0.49575776 0.9664446 0.9778167
12 0.00024844883999999997 0.8866392 0.35372823 1.0 0.49596173
9 0.00024812258 0.88064647 0.4479619000000001 1.0 0.5829034000000001
13 0.00024768204 0.74035 0.39663768 0.84794223 0.47911695
1 0.0002446261 0.5746414000000001 0.33215627 0.9271071 0.5648618000000001
1 0.00024206031000000003 0.7101463000000001 0.3875608 0.85393566 0.5533204
1 0.00024164437000000002 0.77680826 0.43378165 0.9565218000000001 0.54632294
8 0.00024132185 0.7395227 0.43293919999999997 0.80320746 0.5240011
12 0.00023918164 0.6148904000000001 0.35981083 0.81954646 0.47671297
7 0.00023704644 0.74151766 0.43638834 0.8097106 0.5509291999999999
7 0.00023540984 0.6256465 0.28940904 0.7815585999999999 0.59121865
13 0.00023408186 0.6107 0.34305573 0.9535511999999999 1.0
7 0.00023403206000000002 0.8861126 0.44520897 0.98852414 0.5307835999999999
11 0.00022795347999999998 0.7180943000000001 0.34663668 0.8079595 0.49026522
2 0.00022240132999999998 0.74725187 0.3725797 1.0 0.66721123
11 0.00021721859 0.67630345 0.34899288 0.76212716 0.49020356
1 0.00021679205 0.6699624 0.42136607 0.874382 0.5322372
5 0.00021551769 0.5983571999999999 0.41784042 0.97688967 0.61658424
7 0.00021474688999999997 0.76544833 0.35257754 0.9974697 0.85911655
11 0.00021243801 0.7707571 0.3969242 0.8815356 0.58183265
5 0.00021087387000000003 0.6607849 0.44113868 0.9460117 0.56447494
5 0.00020971168 0.7929919 0.46873638 0.9682854 0.7426706999999999
13 0.00020503883000000002 0.8846117 0.4780615 1.0 0.54013526
13 0.00020499703999999998 0.73765826 0.39592776 0.8165005 0.5020862
11 0.00020381139 0.73654497 0.348219 0.8359651 0.5183612
9 0.00020317324 0.7074811 0.38791725 0.91000444 0.51519954
13 0.00020304636999999998 0.7453861999999999 0.44965276 0.956067 0.70683837
1 0.0002019867 0.7860537 0.42486419999999997 0.96165943 0.7036776
13 0.00020091188999999998 0.052855972 0.2669242 0.45298687 1.0
13 0.00020057018 0.59968114 0.40055245 0.92938113 0.6642151999999999
8 0.00020009323 0.9022555 0.47513829999999996 0.9668648000000001 0.54746455
8 0.00018988858 0.88138896 0.5167619999999999 0.97685474 0.6026050000000001
8 0.00018836212 0.84212095 0.377852 0.92446834 0.42762077
4 0.00018831756 0.7955444 0.3347073 1.0 0.6362521
1 0.00018679799999999998 0.7354359 0.42599586 0.80728984 0.5060278
4 0.00018447019 0.7711179 0.36882436 0.9334741 0.52409333
4 0.00018300003000000002 0.8813207000000001 0.36377397 1.0 0.60796005
1 0.00017877178 0.7581574999999999 0.4096286 0.8317526 0.48371604
3 0.00017838063999999997 0.014216885 0.37888473 0.35607514 0.9749256
5 0.00017758417000000002 0.6865720000000001 0.39169362 0.9721384 0.49842244
9 0.00017750581999999998 0.7502356 0.36794922 0.8765255 0.5528505
10 0.00017617743000000003 0.7906257 0.32929376 0.9284872 0.54356164
12 0.0001754025 0.8262859 0.3359468 1.0 0.48861750000000004
8 0.00017534879000000002 0.35758623 0.28687075 0.8292031999999999 0.91860515
1 0.00017224967 0.70102745 0.31241745 0.9646065 0.52480495
6 0.00017207673 0.74824196 0.4084866 0.8347073 0.49871909999999997
12 0.00017195038 0.92486393 0.43932357 1.0 0.50727564
6 0.00016986816000000003 0.89396375 0.45085207 0.99477106 0.5234527
2 0.0001692252 0.71971315 0.40611982 0.951282 0.5226113
6 0.00016833075 0.74503785 0.43099177 0.8387244 0.5243598
1 0.00016791523 0.74804074 0.4110737 0.8020964 0.5206227
4 0.00016787721 0.87793773 0.37771955 0.9948511 0.56294006
10 0.00016719462 0.7202991999999999 0.33592203 0.9016086999999999 0.5130743
9 0.00016549251 0.62623286 0.31883144 0.9406361999999999 0.5776824
12 0.00016528904 0.9282123 0.4246838 0.9924985999999999 0.53293157
9 0.0001649945 0.7634187 0.40530409999999994 0.9291822 0.54639745
8 0.00016133288000000001 0.92767256 0.3739795 0.98663145 0.42851350000000005
9 0.00016120632 0.644083 0.38371894 0.9672476000000001 0.6275454
8 0.00016118806 0.5005948 0.3401901 0.86577666 0.7955889
12 0.00015943023 0.76547587 0.3941646 0.82850784 0.49485379999999995
13 0.0001593136 0.6902803000000001 0.34442836 0.7931891 0.6616181
2 0.00015774339 0.8470354999999999 0.45334363 1.0 0.5865421999999999
7 0.00015699783000000002 0.8818531 0.49658668 0.9958439 0.6765303
10 0.00015617453000000002 0.8114557 0.34835193 0.961283 0.5856995
9 0.00015556858999999997 0.7532118 0.4168179 0.8202896000000001 0.52412546
3 0.00015483526000000002 0.89921665 0.47447678 1.0 0.62515664
11 0.00015409512 0.89575565 0.41758344 0.95453984 0.5476938
11 0.00015313736000000002 0.7734022 0.3900053 0.7983435000000001 0.5237196
12 0.00015224692 0.7671972 0.3791724 0.80953354 0.51957995
2 0.00015107625 0.73556554 0.3500344 0.8993321 0.53482354
5 0.00015094826999999998 0.7132596 0.44235933 0.8380165999999999 0.5279541999999999
11 0.00015086235000000002 0.88465416 0.43605408 0.94897723 0.5663933000000001
13 0.00014913254999999998 0.91464597 0.36772275 0.9936884 0.43346720000000005
3 0.00014840762 0.7597036 0.41657317 0.82878524 0.56054324
12 0.00014833752 0.77770543 0.36915538 0.8392533999999999 0.47131202
11 0.00014769535 0.89077395 0.47499916 0.9729296999999999 0.63157094
1 0.00014737657 0.89479 0.45953009999999994 0.9790148999999999 0.5227383
8 0.00014587638999999998 0.68415815 0.41828275 0.7513717 0.5175782
11 0.00014554209 0.81326616 0.36656743 0.8957693999999999 0.5193404
7 0.00014419438999999998 0.7593194999999999 0.37400407 0.80123097 0.54347193
10 0.00014374715 0.8422543 0.22062539 1.0 0.66589314
10 0.00013969364 0.88214797 0.43746376 0.9937117 0.5209749
10 0.00013818212 0.85379213 0.41091225 1.0 0.5789543
11 0.00013646237 0.9236040999999999 0.44204897 0.96858114 0.5683661
4 0.00013590546 0.62550247 0.35892009999999996 0.7822081 0.5023755
13 0.00013461548999999998 0.69677126 0.3819915 0.9608658000000001 0.7583644
8 0.00013364553 0.005417938299999999 0.22916889999999998 0.21719782 0.9488691999999999
1 0.00013246700000000002 0.8427406 0.5082049 0.9752434000000001 0.60983896
11 0.00013177448 0.7483568 0.22838506 0.97862834 0.6419815999999999
13 0.00013172606 0.8412620000000001 0.5062390999999999 0.9997110999999999 0.61268526
13 0.0001316877 0.9419652000000001 0.36144748 0.9954415000000001 0.43298808
12 0.00013093968999999998 0.7687409000000001 0.41257417 0.83175546 0.5199664
8 0.00013032791 0.4260195 0.37928233 0.76863915 0.89907694
2 0.00013003530000000002 0.65184104 0.3163103 0.8175621999999999 0.48136598
12 0.00012955469999999998 0.7044486 0.38527009999999995 0.90646464 0.5149945
10 0.00012896323 0.6154788 0.33954173 0.7977604 0.49038956
10 0.0001280533 0.8624863000000002 0.37498385 1.0 0.5257963999999999
13 0.00012743108 0.7407307 0.46900929999999996 0.82790935 0.5455882
1 0.00012714096000000002 0.73638636 0.4016375 0.8085532 0.47448865
7 0.00012574287 0.69830793 0.34888703 0.89699745 0.5237858
2 0.0001251109 0.74824 0.40047133 0.8320584999999999 0.4810264
6 0.00012380013 0.80270267 0.48815355 1.0 0.76055825
