3 0.8338416999999999 0.47641819999999996 0.11553154 0.8760888000000001 0.8857857
8 0.6774821 0.46735492 0.16124167 0.85484755 0.8036196
8 0.14748907 0.38778648 0.08359893 0.8252809999999999 0.68342465
3 0.09971078 0.5205175999999999 0.080596685 0.7598995 0.23452897
8 0.09050357 0.47657183 0.77220625 0.54080564 0.83148986
3 0.06681669999999999 0.5070682 0.081305474 0.8457667 0.5121414000000001
8 0.047248363 0.46963155 0.13066205 0.7968295999999999 0.45638907
3 0.04441527 0.4564321 0.19186972 0.88277555 0.64755553
8 0.037749566 0.3079642 0.12865677 0.7604085 0.88570875
8 0.03637055 0.48807257 0.24946009 0.82362074 0.62293065
8 0.028367309 0.05924595 0.11459568 0.21935207 0.69265836
8 0.018244876 0.47110876 0.7553584 0.5369419 0.823725
13 0.017007306 0.58573717 0.0 0.9912706 0.84876394
8 0.014318298 0.49129796 0.103418976 0.8315171999999998 0.36205477
1 0.01308093 0.0 0.1358474 0.7447588 0.6380954000000001
8 0.012530843 0.58475673 0.11655441 0.9007014999999999 0.9030763
3 0.009276335 0.0713405 0.09555839999999999 0.21172329999999998 0.59016985
8 0.00920575 0.07975155 0.23006125 0.18384412 0.4576469
9 0.008576736 0.35474690000000003 0.08580997 0.89387906 0.6866186
13 0.008030752 0.36251867 0.13708924 0.8315207 0.9004089
13 0.007142491999999999 0.47197849999999997 0.24790183 1.0 0.8307950000000001
1 0.0068258536 0.22662094 0.16054454 0.77473795 0.67946994
5 0.0067566736 0.22398505 0.18500032 0.78336394 0.79871607
3 0.006260712 0.48404002 0.7531544 0.54603326 0.8590915000000001
13 0.0058648502000000005 0.16461189999999998 0.19005592 0.88830626 0.8200495999999999
2 0.005682535 0.21750748 0.049822282 0.97523165 0.5962054
6 0.005531030699999999 0.11092371 0.22984052 0.8182214 0.68069863
5 0.005331593000000001 0.003345877 0.22156192 0.84447646 0.63559854
8 0.0049794405 0.48682883 0.3500448 0.80807817 0.6940964
13 0.004615365 0.46290192 0.32067773 0.906615 0.91747105
7 0.0044786376 0.03724143 0.080828756 0.8775103999999999 0.8409465
5 0.0043899836 0.097005635 0.15322328 0.86174357 0.54282826
9 0.004357746 0.6327924 0.06892878 0.96347433 0.57374567
8 0.004350902 0.1287182 0.16479914 0.41393512 0.777332
9 0.0035327071999999996 0.5097364000000001 0.25197905 1.0 0.8592056999999999
9 0.0034844668 0.38710079999999997 0.086489365 0.74922824 0.8343731
1 0.0031763737 0.55123895 0.18463854 0.93472177 0.81746256
5 0.0031719909000000003 0.38051462 0.15981124 0.7779536 0.57491225
7 0.003026735 0.31973273 0.0 0.8348511000000001 0.8886809000000001
12 0.0030090879 0.37749556 0.0 0.9329046999999999 0.61391205
13 0.0028409772 0.38520497 0.048889242 0.8296178 0.45284998
1 0.0027920802000000002 0.151279 0.08839454 0.72580826 0.5600413000000001
5 0.0027760994 0.40361065 0.31477636 0.80136746 0.9316270000000001
8 0.0027502115999999996 0.5619205 0.21246636 0.8757858000000001 0.5775771
13 0.0025403246 0.4030264 0.17764147 0.83888346 0.52032894
8 0.0025361502 0.020298071 0.21767108 0.19821936 0.8520771
12 0.0024863777 0.25360003 0.04902192599999999 1.0 0.52435315
8 0.0023836778 0.01776898 0.11031141 0.18108603 0.69415176
5 0.0022973202 0.30942723 0.32107544 1.0 0.8670860999999999
7 0.0022931297 0.38922045 0.26599687 1.0 1.0
6 0.002236223 0.11152995 0.15510798 0.87369454 0.5613646999999999
13 0.0022222954 0.42315713 0.30007649999999997 0.9060611999999999 0.59677184
13 0.0021654456 0.07640771 0.245115 0.19042599 0.46670429999999996
5 0.0020226752 0.41290858 0.2087288 1.0 1.0
7 0.0019505160999999998 0.57827795 0.0 0.94247115 1.0
13 0.0019136901999999999 0.04477787 0.08256377 0.22681883 0.6807705
2 0.001906559 0.4735387 0.19824725 1.0 0.8193469000000001
2 0.0018099527 0.63261235 0.0 0.92322993 0.92044425
12 0.0017717007 0.49198109999999995 0.13424389999999997 0.9180209 0.44407725
5 0.0017711886 0.41828990000000005 0.1801739 0.8728199000000001 0.7610732
9 0.0017625612 0.55078566 0.07034504 0.85994565 0.6243736
7 0.0017514751999999998 0.17685398 0.0 0.7493576999999999 1.0
8 0.0017494989000000002 0.06873796 0.1478224 0.20339093 0.30124563
6 0.0017084564999999999 0.46825787 0.38910916 1.0 0.9203696
4 0.001698804 0.5751447 0.28036043 1.0 0.9787078000000001
1 0.0015805538 0.3811015 0.1415171 0.7875899000000001 0.35813385
6 0.0015659091000000001 0.24844196 0.12918234 0.8607229999999999 0.7870716999999999
4 0.0015500105999999999 0.32099625 0.10290092 0.8958733 0.7035323
3 0.0015386945000000001 0.103464976 0.16786471 0.18191956 0.2278962
6 0.0015325233 0.42106354 0.32739344 0.87126553 0.57984895
11 0.0015311079000000002 0.37933215 0.0 0.65774524 0.9058546999999999
2 0.0014121073999999998 0.5197231 0.0 0.9677101 0.8787709999999999
12 0.0014038065 0.61879516 0.04756032 0.9874784 0.7655411
2 0.0013428045000000001 0.5036833 0.0456714 0.91383004 0.32242745
4 0.0013353329000000001 0.7067996 0.0 1.0 0.8858879000000001
8 0.0013238953 0.5424031 0.090198204 0.72050714 0.21125752
11 0.0012932176 0.26010835 0.20381035 0.6266884 0.7732224
13 0.0012705445 0.109013155 0.15548445 0.18933709 0.23176934
8 0.0012519392 0.06247419 0.16299675 0.31908667 0.7667501
13 0.0012470512 0.5143228 0.094806544 0.7360675 0.2409848
12 0.0011965324 0.5319176 0.26922473 0.92859507 0.5614606
1 0.001167935 0.44793504 0.30712253 0.9241 0.97846854
7 0.0011351693 0.4885402 0.24771973 0.89280295 1.0
3 0.0011180153 0.08121239999999999 0.16179727 0.22248259 0.3097193
8 0.0011025966 0.11196600000000001 0.16777122 0.1685097 0.21808070000000002
12 0.0011012906 0.54108655 0.17145628 0.9924185 0.49764448
5 0.0010928059 0.50567275 0.18741864 0.96648115 0.662995
1 0.0010793966 0.411016 0.21711054 0.7830734 0.47302730000000004
1 0.001067675 0.35685933 0.23017743 0.7177173000000001 0.92597127
9 0.0010562895 0.5801881999999999 0.32893002 0.9472609000000001 0.94730175
12 0.0010321853999999998 0.44952770000000003 0.18142393 1.0 0.78769016
7 0.0010211228 0.43600243 0.26630813 0.84886974 0.63259476
9 0.0010045782 0.5050371 0.31113404 0.8459237 0.96885896
6 0.00099911 0.5792163 0.124842875 1.0 0.89167696
11 0.00099317 0.5744007 0.16741641 0.9664876 1.0
13 0.0009559885 0.46584994 0.7852591999999999 0.5511746999999999 0.83618194
3 0.00094872754 0.5347029999999999 0.28949040000000004 0.6101141999999999 0.35698727
2 0.000935168 0.5250387 0.24317470000000002 0.8838606 0.97319424
1 0.0009057649300000001 0.3904025 0.24452011 0.8378353999999999 0.67180866
13 0.0008498140400000001 0.0088844225 0.05918529 0.2493827 0.8728312
13 0.0008442933300000002 0.047168 0.0 0.42067742 0.93377316
11 0.00080466893 0.7293415 0.0 0.9483491 0.87391526
10 0.0007853183999999999 0.26779905 0.055251494000000005 0.9526943999999999 0.7327125
2 0.0007849822999999999 0.4753973 0.1720339 0.8707289 0.44501546
5 0.000774438 0.37749879999999997 0.21747254 0.8351205 0.43007168
3 0.00076880195 0.59043694 0.23606546 0.78313196 0.38947946
8 0.00076090504 0.05784323 0.12805583 0.2854369 0.43918806
9 0.0007502318499999999 0.46657345 0.06966460000000001 0.74317086 0.6261269
12 0.0007473377000000001 0.49171335 0.008569496 0.9403376 0.33318967
11 0.0007351533 0.32673090000000005 0.11809342 0.69595 0.66589683
1 0.00073260843 0.42511928 0.35945770000000005 0.7941754 0.60533684
10 0.0007227386999999999 0.74243015 0.0 1.0 0.81163365
3 0.0007212091 0.127529 0.1927063 0.41878483 0.846341
2 0.00069892575 0.45635617 0.0017618992000000002 0.80441344 0.76797116
5 0.0006938815 0.51272523 0.34800765 0.9657860999999999 1.0
9 0.0006911976400000001 0.5215365 0.27631477 0.8543443000000002 0.59131086
5 0.0006906000000000001 0.2963881 0.32416323 0.8298610999999999 0.55309695
7 0.00068825507 0.46063930000000003 0.15689635 0.8267315000000001 0.5264853
3 0.00067799265 0.5490023 0.08109149 0.93244755 0.77163213
4 0.00065226987 0.66442394 0.077805705 0.9996052 0.69822377
1 0.0006510359 0.42655367 0.3794848 0.7989649000000001 0.89588404
9 0.00064504996 0.580983 0.21065752 0.95299953 0.5047685000000001
4 0.0006449537 0.6012035 0.20218003 0.93306154 1.0
9 0.00064033736 0.5259613000000001 0.10854344 0.89387715 0.38156384
10 0.0006306912 0.45470524 0.17261471 0.828694 0.43138865
3 0.0006290279 0.34250152 0.11958223 0.73889816 0.8676161
3 0.0006188423000000001 0.032386847 0.12493873 0.19360894 0.9192848
5 0.00061872887 0.37342329999999996 0.12065974 0.85535204 0.31808102
11 0.0006111205 0.47866973 0.032002855 0.6635541 0.71467525
5 0.0006077007 0.19992077 0.33893523 0.71067095 0.9820691999999999
13 0.0006029342 0.52245486 0.23443952 0.92570734 0.5644231
1 0.00059936626 0.466942 0.27143416 0.8772904 0.51495695
12 0.00058743614 0.49313256 0.023336075 0.8809154 0.73192453
12 0.00058678584 0.5024705 0.19394763 0.8714955 0.52579886
13 0.00058661646 0.45815444 0.050781783 0.9204323 0.82020485
4 0.0005841881 0.52678734 0.19351654 0.8464367 0.48266783
4 0.00057958794 0.52926236 0.27765748 0.86557335 0.6055626000000001
4 0.00057318795 0.60048795 0.2010111 0.94197834 0.52010417
10 0.0005472569599999999 0.08008049 0.24553083 0.2181786 0.43592587
5 0.0005402932 0.31722045 0.25352317 0.8023522 0.50669664
11 0.00053005584 0.50411576 0.0 0.7092748000000001 1.0
10 0.0005291599 0.45124775 0.2912847 0.8679826999999999 0.5734254
6 0.0005283737 0.46140015 0.24282663 0.85333693 0.505117
11 0.0005261465599999999 0.53028375 0.094071314 0.78028446 1.0
1 0.000507182 0.3675025 0.29759988 0.74971884 0.5234771
7 0.0005033853 0.39725038 0.0 0.730477 0.79717475
3 0.00050233596 0.81847304 0.46586025 0.88434964 0.5441079000000001
1 0.0005008364 0.34899217 0.06517895 0.79190296 0.27285936
8 0.000499764 0.08193539 0.17915446 0.18602403 0.36128548
9 0.00049828325 0.4940036 0.18715006 0.8515176 0.49458486
5 0.00049779756 0.024407506000000002 0.245569 0.22059578 0.64399004
7 0.0004969278 0.36813086 0.0 0.78343433 1.0
6 0.0004902330000000001 0.38966045 0.14345725 0.82844114 0.62435144
7 0.00047777523 0.5390539000000001 0.0 0.8515862 1.0
1 0.00047393746 0.13003537 0.19115388 0.673511 0.8506101
13 0.00047271413 0.051320896 0.13964269 0.20385341 0.3301037
2 0.00046514435 0.33233827 0.0 0.8932658000000001 0.45246837
1 0.0004443579 0.3108192 0.10171579 0.73671585 0.31870624
2 0.0004347991 0.09247044 0.21654521 0.22716993 0.41413411
1 0.00043465884000000004 0.029787853 0.055040337 0.1981199 0.54998314
7 0.00043436364 0.46248972 0.036177237 0.8146074000000001 0.42686582
10 0.00043255227999999997 0.5147333 0.24993376 0.89066756 0.97499895
10 0.00043220015 0.41137293 0.0 0.8358357 0.84730387
7 0.0004312294 0.5531109000000001 0.17662022 0.8862614999999999 0.549659
7 0.00041138122000000004 0.40958324 0.21712211 0.76540923 0.5733279
11 0.00040306032 0.6336255999999999 0.10189841 0.8560065999999998 1.0
10 0.00038551297999999995 0.58624864 0.111967295 0.9575877 1.0
6 0.00038125453000000003 0.43985388 0.15494731 0.8655375 0.39454013
13 0.0003762956 0.086756036 0.2766918 0.18341263 0.35044190000000003
11 0.0003735562 0.5381843000000001 0.33482575 0.76421773 0.65363044
11 0.000373067 0.07672905 0.0 0.18447348 0.6855538000000001
2 0.00037156242999999994 0.45289242 0.28089792 0.8477063 0.52882093
2 0.00035718956 0.5339751 0.1760213 0.9512973 0.49893838
3 0.00034579699999999996 0.43217558 0.072776414 0.8036575 0.36266598
7 0.00034357692 0.010917872 0.029472232 0.23539016 0.6585639
11 0.00034350913 0.55105346 0.05104556 0.7386803000000001 0.92615086
6 0.00033943343 0.40718216 0.17788023 0.8985856 0.99140924
10 0.00033267576 0.54228836 0.17930514 0.9061448000000001 0.46209642
4 0.00032669655 0.56533384 0.08853630000000001 0.89728594 0.7014338000000001
2 0.00032609142000000004 0.06827696 0.0 0.2619145 0.54586947
10 0.00031917662 0.43244255 0.24227470000000004 0.8219731 0.4893705
6 0.00031575616 0.49828678 0.13882847 0.928207 0.6871778000000001
10 0.00031407803 0.6708206 0.0 0.95086324 0.6059569
9 0.00031182793 0.08322411 0.07011549 0.22861072 0.6813885999999999
4 0.000310989 0.55187315 0.08571138 0.87543184 0.37637365
11 0.00030437492999999997 0.7086683000000001 0.03040469 0.8915269 0.73396343
13 0.00030311009999999997 0.0 0.27901053 0.22554259999999998 0.98621964
10 0.00029356536 0.49387652 0.038616084 0.8185576999999999 0.3410408
5 0.0002659128 0.07497512 0.3317063 0.42070764 0.8247189
6 0.00026185848 0.022758186 0.12346486 0.23765722 0.6828194000000001
2 0.00026115299999999997 0.56081396 0.0 0.859875 0.78806275
13 0.0002569893 0.054368652 0.20079498 0.20446953 0.36961785
3 0.00024978683 0.62770325 0.21000944 0.80190474 0.3748074
2 0.00024976511000000004 0.07413574 0.13086294 0.27509868 0.28274456
11 0.00024787363 0.59297335 0.121787645 0.77146924 0.7462553000000001
12 0.00024392191000000002 0.11472991 0.20064688 0.22252470000000002 0.38535774
8 0.00024021992999999998 0.24451205 0.18718663 0.53600574 0.8795213
7 0.00024001982999999997 0.07413958 0.19172613 0.19275756 0.41846257
12 0.0002389705 0.023312628 0.0 0.25614303 0.54617697
4 0.00023863852000000004 0.5159789 0.23940058 0.85469717 1.0
3 0.00023331357999999995 0.0742693 0.20929836 0.21751097 0.35481808
2 0.00023212162 0.53849894 0.0 0.88680583 0.5520967
1 0.00022650790000000001 0.26910752 0.13617703 0.68871474 0.36088508
8 0.00021709575 0.037594422999999995 0.21286806 0.29740155 0.547539
4 0.00021133987999999998 0.5869418000000001 0.011990171 0.96249574 0.9176683000000001
8 0.00020765745999999999 0.5200172000000001 0.29442212 0.58539075 0.36504865
10 0.00020760251 0.47656167 0.01035634 0.7942826999999999 0.5544876999999999
13 0.00020409081000000002 0.0 0.15160453 0.19872989 0.71746236
10 0.00020323256999999997 0.09262545 0.0 0.2372688 0.71041685
4 0.00020206357 0.113281965 0.23451039 0.18828231 0.4075789
9 0.00019843574 0.48357390000000006 0.7794966 0.557652 0.8320984
5 0.00019486833 0.0 0.35193872 0.23778886 0.88216925
11 0.00018633466000000001 0.47236009999999995 0.26480427 0.7241614000000001 0.5663919
3 0.00018559363999999997 0.036511093 0.29264915 0.23704621 0.9781982
3 0.00018463522 0.059371352 0.19439133 0.3812336 0.99272305
2 0.00017604866 0.2951541 0.093447715 0.7963026999999999 0.7955930999999999
13 0.00017596441 0.28588486 0.035558235 0.7264172 0.91577774
13 0.00017594713 0.08437369 0.30413383 0.18576673 0.37123913
13 0.00017118936 0.0 0.10910220400000001 0.27653614 0.48251987
10 0.00017005033 0.6061377 0.0 1.0 1.0
1 0.00016459692 0.47733867 0.12364478400000001 0.68397796 0.24108264
11 0.00016211106000000002 0.5588539 0.15291353 0.7267048 0.41675100000000004
11 0.0001610661 0.0708029 0.31630906 0.17813779999999999 0.44737837
6 0.00015908368999999998 0.05671712 0.26731309999999997 0.24520501 0.4222902
4 0.00015528985000000002 0.48081753 0.074046925 0.8158219 0.6275289000000001
6 0.00015222743999999998 0.23621786 0.28514248 0.8411548000000001 0.94390947
2 0.00015072371999999998 0.4815295 0.7733979999999999 0.56399155 0.82764614
10 0.00015004473999999997 0.5562399 0.0 0.86577123 0.59137857
4 0.00014764488 0.09135226 0.029032806 0.22160092 0.5947158
13 0.00014420591 0.033569902 0.25699228 0.20667396 0.434511
5 0.00014249526000000002 0.37852670000000005 0.17830521 0.78359294 0.38312086
13 0.000140199 0.5153189 0.30334747 0.598531 0.36310232
3 0.00013418666999999998 0.10064985 0.19313909 0.18495081 0.25430036
3 0.00013342022 0.46947435 0.74439657 0.5389826999999999 0.8339857
8 0.0001324214 0.103255175 0.19009906 0.15877023 0.25040877
3 0.00012767993 0.5448323 0.22273189 0.72963756 0.36114323
2 0.00012717386000000002 0.111473516 0.16550395 0.20371099 0.22558114
8 0.00012673018999999997 0.5758583 0.2376656 0.7367453 0.38038957
10 0.00012485051000000002 0.43977225 0.105794415 0.8110099000000001 0.38057554
8 0.00012177705500000001 0.06795414 0.33997637 0.35527456 0.86632687
13 0.00012050951999999999 0.087104976 0.2500384 0.16988948 0.3214509
12 0.00011307341000000001 0.63066435 0.23909552 1.0 0.5500233
12 0.00011257147 0.28874484 0.004577557 0.8584924999999999 0.84505373
11 0.00011228915499999999 0.5885574 0.20112629 0.7874302 0.48281430000000003
13 0.00011042661 0.44734925 0.75985664 0.5290315 0.82066053
3 0.000109909044 0.065484464 0.14600167 0.33944428 0.47139034
9 0.00010874264999999999 0.09121263 0.20234856 0.2360501 0.47808626
1 0.00010838305 0.46251634 0.7906048999999999 0.5315635 0.8405620999999999
4 0.00010813197 0.49923983 0.7692057 0.56581724 0.8486115
10 0.00010579020500000001 0.49979603 0.7688899 0.5655875 0.8408266
13 0.00010494358 0.15334529 0.0021772038000000002 0.47820455 1.0
10 0.0001044627 0.6147578 0.0 0.9161198 0.7974303
10 0.00010043774 0.4812233 0.7732102 0.5514708 0.8432499
8 9.976324e-05 0.20667355 0.11584292 0.47486383 0.6765426
5 9.868524e-05 0.50162697 0.10708608 0.6959622 0.24310598
7 9.849228000000001e-05 0.47901547 0.77865124 0.5575366 0.83884877
2 9.333748e-05 0.12944113 0.035788946 0.48359627 0.69286484
5 9.26941e-05 0.044149503 0.39824873 0.35433835 1.0
4 9.136688e-05 0.4778611 0.7695585 0.5463808000000001 0.845499
6 9.135939e-05 0.52567136 0.31010994 0.6188942 0.35924405
5 9.100468e-05 0.0011911839 0.33699986 0.33987582 0.79465294
3 9.097009e-05 0.50973797 0.102026 0.5874741 0.17199704
5 8.965992e-05 0.12613110000000002 0.27091804 0.45965236 0.65767133
3 8.9113004e-05 0.09479314 0.37227940000000004 0.18703026 0.46081984
8 8.672986e-05 0.58514655 0.44469973 0.86060226 0.78010714
2 8.6057946e-05 0.07021667 0.07061898 0.31597817 0.47022983
7 8.600896399999999e-05 0.45772848 0.7831349 0.5361028 0.84033096
3 8.5127824e-05 0.06194496 0.23162511 0.21462584 0.41481256
9 8.416514999999999e-05 0.48210886 0.10505875 0.7888470999999999 0.36067235
13 8.3248655e-05 0.09791233 0.38423917 0.18176232 0.45157316
3 8.29357e-05 0.17503999 0.21150577 0.5095966 0.9226376000000001
6 8.25845e-05 0.48707659999999997 0.096838236 0.92480874 0.35568202
3 8.257072e-05 0.5297445 0.30885938 0.61347353 0.38304788
11 8.17228e-05 0.6242533 0.24290714 0.85550606 0.5239925
2 8.160170999999999e-05 0.018461213 0.05273581 0.29350190000000004 0.73898125
7 7.9266065e-05 0.08501649 0.15913224 0.17782974 0.23422566
13 7.920278e-05 0.12092586 0.28914964 0.18439917 0.39141572
3 7.8605095e-05 0.100257725 0.39740255 0.18365735 0.47702038
9 7.6016586e-05 0.47968206 0.76086384 0.5542133 0.81454796
6 7.4923e-05 0.5145926 0.2874846 1.0 0.58725345
1 7.446973e-05 0.5225586 0.32833713 0.935939 0.57159317
8 7.401456e-05 0.5261424 0.073699825 0.6836191 0.1882907
5 7.3643096e-05 0.29904187 0.13834515 0.7151544 0.3497599
3 7.332305e-05 0.06868005 0.16480461 0.27779716 0.78471977
13 7.298062e-05 0.54599136 0.26126117 0.7504274000000001 0.3994452
1 7.254474e-05 0.4867299 0.79381275 0.5450071999999999 0.8437678
3 7.244552e-05 0.57430136 0.19608536 0.7676791000000001 0.34694353
1 7.2100396e-05 0.5721261999999999 0.099836186 0.96576554 0.6236375
9 7.082813e-05 0.6870564 0.11510352 1.0 0.9371191999999999
10 7.050316e-05 0.45662996 0.33956856 0.8507072 0.6664147
3 7.016882e-05 0.2473384 0.21268088 0.61401004 0.93441856
2 6.924267e-05 0.47731313 0.74116635 0.5518386 0.7962842
1 6.910371999999999e-05 0.0 0.08163147400000001 0.22762132 0.75963295
8 6.896890999999999e-05 0.09222162 0.38305172 0.15507089999999998 0.45448202
3 6.873581e-05 0.592403 0.2658601 0.6831725000000001 0.3381224
1 6.800789000000001e-05 0.05885571 0.26196596 0.17037737 0.41768354
7 6.7903784e-05 0.5002576 0.35844922 0.87251997 0.69469196
13 6.771325e-05 0.09027167 0.33100078 0.18272637 0.3992057
11 6.770194e-05 0.5119639 0.19452642 0.6950930000000001 0.45848999999999995
5 6.658847e-05 0.64971876 0.2699508 1.0 1.0
