3 0.9869366 0.69566274 0.5197996 0.76832783 0.5939038000000001
8 0.69319373 0.37516704 0.49913454 0.47056040000000005 0.56329733
8 0.59178597 0.053477055999999995 0.45417318 0.20275028 0.6042598000000001
3 0.579433 0.38553452 0.48412395 0.46852943 0.56369406
8 0.56063783 0.06215285 0.48078772 0.17655203 0.587692
3 0.5580803000000001 0.055568226 0.47369334 0.17931381 0.5860286
3 0.5387509 0.5861284999999999 0.51271033 0.6469874 0.56434405
3 0.5215168 0.3998877 0.5210481 0.68418413 0.85591614
8 0.37607196 0.376397 0.54417413 0.6988173000000001 0.87198806
3 0.25377637 0.64238644 0.5289275999999999 0.70152134 0.5914136999999999
8 0.1306078 0.37137675 0.47842219999999996 0.74374026 0.95823425
8 0.090411484 0.9582046999999999 0.38657343 0.98990303 0.4300463
8 0.06741496 0.9562357 0.40211606 0.99039257 0.44789353
8 0.041302517000000004 0.5747021 0.5050304 0.64889747 0.5752619999999999
8 0.024932954 0.69977474 0.50674915 0.7694715999999999 0.58970433
3 0.023220226 0.7814054 0.52733505 0.8579386999999998 0.5725786
8 0.019464767 0.6351666 0.51719725 0.7200426999999999 0.5995174
13 0.016774401 0.41326407 0.5485787 0.8638386 0.85074496
3 0.016090324 0.9619923 0.383166 0.98829263 0.43200907
13 0.015612021 0.5777825 0.5134679 0.65664756 0.57084125
3 0.011410878000000001 0.9609429 0.39710644 0.9907696 0.45191824
13 0.009379011999999999 0.33364640000000007 0.6143689999999999 0.74978805 0.8350021000000001
8 0.008700102 0.7742369 0.5258493000000001 0.8663744000000001 0.5759534000000001
9 0.008526180999999999 0.07470823 0.49436343 0.19785073 0.56874776
8 0.0076824864 0.9497148999999999 0.43256930000000005 0.9866054 0.4815911
8 0.0076457769999999994 0.31733352 0.47294480000000005 0.62391555 0.84605956
3 0.0075639687 0.65054905 0.5189359 0.70535684 0.5751185999999999
13 0.007012786 0.70068353 0.5365178 0.79844946 0.5971509
13 0.0067903143 0.95452833 0.38288116 0.99394155 0.4288119000000001
13 0.0061570769999999995 0.04153871 0.48070258 0.15231825 0.5678658000000001
9 0.0060820547 0.40956333 0.55025786 0.70156205 0.8389264000000001
13 0.005969396 0.04359305 0.5077812 0.20861286 0.61703795
13 0.005785111999999999 0.9541296 0.40223765 0.9969904 0.44628337
13 0.005759069 0.41146904 0.4871978 0.49027893 0.5878441
13 0.00567841 0.47452563 0.54433274 0.74936616 0.9184119000000001
13 0.005584395 0.058355737000000005 0.4670893 0.24287423 0.6025089
13 0.0054142363 0.38735867 0.49990103 0.49404958 0.5644039000000001
3 0.005409758000000001 0.393383 0.52441573 0.46285218 0.5825549
9 0.0053414646999999996 0.059186447 0.46610627 0.24438249999999997 0.5820818
9 0.0047973217 0.5114472 0.5465668 0.9284450000000001 0.810714
13 0.0044340696 0.08731505 0.49850598 0.19206966 0.57491
8 0.004356465 0.29687306 0.44298574 0.6873104999999999 1.0
13 0.004215958 0.6305018 0.54109955 0.70689255 0.5984877
5 0.0039337818 0.14728092 0.60444546 0.6628446 0.81407785
13 0.0038922221999999995 0.38816562 0.47595862 0.48015022 0.5480451999999999
2 0.0038587867999999997 0.58466303 0.49764603 0.6740638000000001 0.55167925
8 0.0037570058 0.045802243 0.5066347 0.14226128 0.59999204
2 0.0035055803999999996 0.44605663 0.47293428 0.85677505 0.8228947
13 0.0034550189 0.05424375 0.506537 0.20385042 0.56655675
12 0.0034278193 0.07877827400000001 0.503551 0.201731 0.5660941999999999
3 0.0034183033000000002 0.33969343 0.51631176 0.7049503 0.98588544
9 0.0033031544 0.095975146 0.49438345 0.16435684 0.57870334
9 0.003293452 0.050366644 0.5077129 0.23328464 0.6319964
13 0.0032120384 0.7105079000000001 0.5277913000000001 0.78232414 0.61894184
13 0.003160935 0.41673663 0.46069786 0.7481439000000001 1.0
8 0.0030780232 0.3762302 0.5212289999999999 0.45172203 0.58059937
6 0.0030751134999999997 0.07848154 0.5039785 0.19212559 0.5751963000000001
2 0.0029329340000000003 0.032294527 0.48500514 0.26050374 0.61482215
1 0.0028854596999999997 0.22879376 0.61642265 0.5952791999999999 0.83986765
13 0.00281674 0.03159692 0.48329849999999996 0.19781098 0.59229934
2 0.0027476840000000002 0.261684 0.5355863000000001 0.7595768 0.8250841999999998
5 0.002735163 0.011570202 0.5151439 0.20259035 0.57051945
13 0.0026774113 0.6374648 0.53195786 0.73076016 0.6042468000000001
4 0.0026490306 0.091917045 0.48145879999999996 0.19068635 0.5792705
2 0.0026376978000000003 0.39297965 0.49670097 0.50126445 0.56370085
2 0.0026304512 0.95082104 0.38965133 1.0 0.45896995
6 0.0025524104 0.42379344 0.60400116 0.9323453000000002 0.8473014000000001
12 0.0024987217 0.43697947 0.51918954 0.96268183 0.81765914
7 0.0024795504 0.56817806 0.49846858 0.67960906 0.5758604
12 0.0024714991 0.3970154 0.48226807 0.49999586 0.5346094
9 0.00244036 0.11542745 0.49247453 0.17973499999999998 0.56987137
2 0.0023505664000000003 0.39891952 0.47887979999999997 0.48642522 0.5272833
6 0.0023076306 0.25195733 0.6453766 0.7108757 0.88764346
9 0.0022805568 0.07867667 0.4871611 0.2809227 0.59649837
7 0.0022028377 0.6953726 0.50171626 0.7959413000000001 0.58227617
8 0.0021791155 0.06654201 0.48640132 0.6550844 1.0
9 0.0021575189 0.037635657999999995 0.47901672 0.17453593 0.5924825
7 0.0021265570000000003 0.18968907 0.5481302 0.68804485 0.9326419
8 0.0021250113 0.39862993 0.48543778 0.47839347 0.5455209
5 0.0021247568 0.03373569 0.49224117 0.13602816 0.56226486
1 0.0021080675 0.41853794 0.5895644 0.8284517 0.8357393
8 0.002057784 0.34347352 0.46496853 0.50777906 0.59810877
12 0.0020548878 0.10116280000000001 0.5007590000000001 0.16855353 0.5807137
12 0.0019931252999999998 0.0118728075 0.4321643 0.24278505 0.5561365
2 0.0019393858 0.075400375 0.44004497 0.2773659 0.58167124
9 0.0019086567000000001 0.3923935 0.49288002 0.47574928 0.5371905
9 0.001901251 0.08227713 0.48568794 0.18718223 0.64927375
1 0.0018762282999999999 0.072588846 0.49751985 0.15978520000000002 0.5871979
11 0.0018697311 0.10293337 0.5030104000000001 0.17072695 0.57657623
3 0.0018386842000000002 0.40414536 0.48484734 0.48834849999999996 0.54503834
1 0.0017920535999999998 0.5801525 0.52118003 0.646129 0.5693286999999999
13 0.001756754 0.6665293000000001 0.54860514 0.75965494 0.59761465
10 0.0017544944 0.07010593 0.49417594 0.17439744 0.5593244
11 0.0017174933 0.33105248 0.537883 0.5985431 0.90832835
2 0.001709767 0.07871627 0.49679917 0.18784493 0.5647552
5 0.0016831465 0.0 0.5234612 0.20811062 0.6346005
1 0.0016782663 0.02771201 0.49781314 0.11384367 0.5756366999999999
2 0.0016674638 0.954694 0.3635546 1.0 0.43198258
11 0.0016456824 0.06667803 0.4673602 0.12332649 0.5930008000000001
13 0.001591191 0.6822494 0.5194569 0.7796545 0.5875215
5 0.0015642738 0.36123776 0.6077071 0.87890804 0.86033595
3 0.0015626594 0.71690285 0.51184464 0.7810324000000001 0.58293647
8 0.0015576122 0.35869667 0.47851533 0.5549878 0.6195385
13 0.0014805382999999999 0.059795722 0.47703552 0.19698419 0.65472424
1 0.0014689317000000002 0.034002307999999995 0.47491923 0.20676206 0.5759313
12 0.0014585237 0.08310415 0.4937479 0.15677558 0.581662
1 0.0014511654999999999 0.5602786999999999 0.5182626 0.63124806 0.5665139
8 0.0014488559 0.06784807 0.47581035 0.12469808 0.5813020000000001
2 0.0014401732000000002 0.63399047 0.52989125 0.72704774 0.58046865
9 0.0014300566 0.46473357 0.48589897 0.7643026999999999 1.0
5 0.0014082725 0.044647176 0.5055177 0.15069704 0.5799119
4 0.0014003216 0.31833652 0.5651411 0.74004155 0.89111745
11 0.0013942491 0.058967087 0.43893173 0.17502676 0.58985084
9 0.0013875453 0.696005 0.5125960999999999 0.79773754 0.56362003
2 0.0013857882 0.40865278 0.47852525 0.47967333 0.5807703000000001
7 0.0013754114000000001 0.38304034 0.5101422000000001 0.83747953 0.89779586
8 0.0013605345999999998 0.63585776 0.5163946 0.69864655 0.5792706
7 0.0013321465 0.67351574 0.50524104 0.7720029 0.58518976
3 0.0013243569 0.057662625 0.46598384 0.13664804 0.59310126
12 0.0013140035 0.38723168 0.49974406 0.5051715 0.5596349
3 0.0013020198 0.57695866 0.52139515 0.65808576 0.5819859000000001
11 0.0013004550999999999 0.68490916 0.5085816 0.74621075 0.6029723000000001
10 0.0012951421 0.41521606 0.47221009999999997 0.48078611 0.5335895
5 0.00128096 0.06565097 0.5110422 0.16786203 0.59145194
11 0.0012725681 0.42282343 0.499071 0.48490393 0.5796653
9 0.0012497909 0.06913367 0.49339312 0.14615653 0.5885813
7 0.0012448301 0.61258113 0.5286774999999999 0.7209717 0.6058781999999999
11 0.0012418716 0.40016192 0.47821182 0.44927913 0.59703815
9 0.0012404819 0.5874119000000001 0.5145257000000001 0.671025 0.5676017
4 0.0012345322 0.5484479 0.51647156 0.9344409 0.89117223
12 0.0012119744000000001 0.5718238 0.49974945 0.67741793 0.55757976
12 0.0012083516999999999 0.2854644 0.5502058000000001 0.7755947 0.80045104
1 0.001193772 0.011872281 0.51375914 0.19293283 0.62802213
5 0.001192762 0.0 0.5019329 0.20368026 0.5926899999999999
11 0.001192753 0.5858694000000001 0.50342304 0.6332105 0.56534165
9 0.0011885669 0.68340707 0.51210266 0.76838404 0.56088024
4 0.0011803698 0.10818658 0.44539878 0.27486578 0.6019989
11 0.0011778492 0.96726155 0.39124247 0.9927450000000001 0.46698427
11 0.0011571932 0.96777505 0.37119794 0.99130964 0.43917477
6 0.0011528222 0.54226464 0.50971234 0.6685342 0.5704196
5 0.0011526707 0.34940590000000005 0.59673077 0.74481297 1.0
10 0.0011419092999999999 0.3953467 0.48034355 0.46491520000000003 0.5291575
1 0.0011062733 0.052464 0.49548373 0.13864827 0.58490163
8 0.0011002788 0.051481824 0.48376873 0.14761958 0.5504304
7 0.0010492436 0.9487238000000001 0.39018732 0.99733436 0.45688477
3 0.0010483926 0.06835453 0.47126696 0.16980748 0.55038756
7 0.0010318769 0.3845086 0.4915737 0.49387887 0.57787555
9 0.0010256376 0.40222073 0.51465183 0.49776804 0.5651782
11 0.0010198144 0.07202638 0.4387147 0.23089552 0.6559958
11 0.0010155091 0.08964562400000001 0.37651809999999997 0.18686858 0.6815828
8 0.0009933405 0.41045943 0.34125429999999995 0.8516216999999999 0.9500457
8 0.0009918605 0.6867228 0.5111362 0.74948233 0.5833495
1 0.0009875186 0.59634787 0.52368736 0.66431123 0.5715175
8 0.00097610906 0.098871715 0.28759759999999995 0.68956506 0.8838148000000001
10 0.00095436064 0.40910366 0.4934662 0.5003188000000001 0.5649918
12 0.0009501967 0.023603085 0.45366009999999996 0.28946084 0.5780818
1 0.00094307784 0.39820018 0.4972902 0.46965626 0.5401026
4 0.0009219438699999999 0.42344725 0.48565853 0.49377492 0.54568183
7 0.0009159078 0.026397005 0.4398964 0.24859351 0.6165307
11 0.0009132289 0.7022614 0.513363 0.74854416 0.5684229000000001
4 0.00090888125 0.41155994 0.50283515 0.4945811 0.57985896
5 0.0008956027 0.0 0.5101085 0.29210177 0.62214816
1 0.0008926295 0.95553064 0.384939 0.98810107 0.4227212
1 0.0008836466599999999 0.67532414 0.5227996 0.75128263 0.5729781999999999
12 0.0008468998 0.6997833999999999 0.502686 0.7925506999999999 0.56514645
5 0.0008422771400000001 0.0 0.4952207 0.27209222 0.58853674
5 0.00083359744 0.015417203 0.51934814 0.18957020000000002 0.66056335
11 0.00083242723 0.39940825 0.50227666 0.4579618 0.5807211999999999
4 0.0008319814999999999 0.05197605 0.443121 0.22622955 0.58828723
7 0.000823504 0.6913894 0.5217349 0.80569404 0.6080677
2 0.0008125038000000001 0.6998475000000001 0.50415915 0.7889904000000001 0.54733837
1 0.0008102975 0.69875336 0.52585834 0.76815945 0.57572377
2 0.0008033703999999999 0.5042333999999999 0.4661755 0.76926917 0.89550966
7 0.0007917575 0.27162063 0.32843342 0.7813459 1.0
7 0.0007885969999999999 0.067773856 0.49367103 0.17133835 0.5857406
1 0.0007782769 0.31467858 0.43655467 0.6827743000000001 0.9250823
6 0.0007735177599999999 0.6460209 0.5320871 0.7708869 0.5932651
5 0.0007609439999999999 0.5298067 0.5209563 0.6456470999999999 0.55954456
11 0.000756921 0.7028485 0.48683444 0.7494109999999999 0.58740634
5 0.00075542805 0.34972182 0.50291395 0.4853853 0.529482
3 0.0007490046 0.44237024 0.53284097 0.76883024 0.96917623
9 0.0007388763000000001 0.9652040999999999 0.38092420000000005 1.0 0.4315988
12 0.0007378774000000001 0.95669776 0.36413646 1.0 0.41146246
1 0.000732193 0.05296718 0.49984097 0.21916653 0.6127315999999999
1 0.00073027826 0.3991292 0.51025623 0.46734443 0.5859199
4 0.00072974496 0.12100113 0.45652595 0.17753210000000003 0.5802092
11 0.0007203130499999999 0.6562364 0.5217416 0.7121510999999999 0.5984666999999999
11 0.0007185071000000001 0.104366235 0.43196574 0.23399708 0.5878955
7 0.0007157849 0.9488645 0.36473918 1.0 0.43449032
5 0.0007155960000000001 0.9410729999999999 0.40948865 0.9996363000000001 0.4578188
1 0.0007150676 0.11298513 0.5709327 0.5481052 0.8127669
7 0.0007131639 0.4073564 0.47210470000000004 0.49346986 0.54675794
5 0.0007085441999999999 0.34868366 0.52096325 0.5063214 0.56557995
5 0.0007074363000000001 0.63436 0.5414793999999999 0.7576425 0.60457265
13 0.0007047203 0.2710391 0.51902485 0.90746874 1.0
6 0.00070286175 0.39976642 0.655488 0.8935264 0.9096259
4 0.0006923827499999999 0.06617775 0.4881858 0.24570791 0.6435512
1 0.00069228234 0.38086247 0.5109227 0.44606692 0.5786334
11 0.0006919813499999999 0.1128789 0.4620826 0.15487467 0.5763691
7 0.0006879974 0.0 0.48678370000000004 0.24365166 0.66754454
5 0.00068746664 0.36010435 0.5168699999999999 0.4673633 0.5768559
12 0.0006809984 0.42077267 0.49352809999999997 0.49579522 0.5745093000000001
13 0.00067862193 0.9487239 0.42680222 0.9920598 0.47443876
11 0.00067778054 0.091378935 0.45790553 0.14174855 0.5844589
4 0.0006713956 0.7347865 0.51019603 0.81446046 0.6018128
11 0.0006599778 0.5689460999999999 0.48263016 0.85240006 0.8802568000000001
1 0.00065621175 0.38273096 0.49472097 0.4525835 0.53517437
9 0.0006533097 0.41504544 0.50582767 0.47850198 0.57840395
1 0.0006509748000000001 0.47286722 0.5883541999999999 0.73505676 0.9078341999999999
8 0.0006394841 0.032122023 0.32622963 0.44929830000000004 0.87738293
5 0.0006382730000000001 0.6556503 0.5256684 0.7818315 0.56720394
13 0.0006321880999999999 0.37566286 0.5110888 0.46020237 0.5537004
6 0.0006304231400000001 0.0 0.52065766 0.26461235 0.64158905
4 0.0006283457 0.40460559999999995 0.48918549999999994 0.47542602 0.54140514
1 0.0006265088 0.62057525 0.54362494 0.6981803000000001 0.5956814
8 0.0006206570500000001 0.3828723 0.19737804 0.73043776 0.9413714
1 0.00061599014 0.9554863000000001 0.41080838 0.99017525 0.4501232
2 0.0006156684 0.074185535 0.42862958 0.21950343 0.61760694
2 0.0006113544000000001 0.39477414 0.25789884 0.79472816 0.92510337
11 0.00060789014 0.6345383000000001 0.5185810000000001 0.68942827 0.59493756
11 0.0006023636 0.60414135 0.50131834 0.6539689999999999 0.5667934
11 0.0006014814 0.037566964 0.44027162 0.14606798 0.6240008
5 0.0005948965 0.6711223000000001 0.5397626999999999 0.7578805999999999 0.6193093000000001
4 0.0005947602 0.5956416999999999 0.50399685 0.6665297 0.5655913
4 0.00059308525 0.6192265 0.503254 0.6860666999999999 0.5682318000000001
1 0.00059287564 0.7214814 0.5466484 0.79640234 0.59938145
5 0.00059164665 0.9449896000000001 0.38766968 1.0 0.42735943
9 0.0005913978 0.5354479 0.5515691999999999 0.801388 0.89749557
8 0.0005912985 0.67505896 0.5067520999999999 0.7571589 0.6069911
11 0.00059046334 0.42609155 0.47230370000000005 0.46966270000000004 0.59016025
1 0.0005893293 0.65607107 0.54301757 0.7476832 0.59568745
9 0.0005884074 0.40300047 0.43071762 0.68462574 1.0
12 0.0005742467 0.48813900000000005 0.5047504 0.8429136999999999 0.8877393
9 0.0005740507599999999 0.43369052 0.5046951 0.49781802 0.5774501999999999
1 0.0005733375400000001 0.41724566 0.5092850999999999 0.48604977 0.58432066
11 0.0005710707599999999 0.72064614 0.51224786 0.77160317 0.56921166
9 0.00056826364 0.9669953000000001 0.40228605 1.0 0.45349276
6 0.00056040357 0.6807925 0.5014935 0.79482645 0.5700498
11 0.0005519716 0.12177089599999999 0.4259434 0.25700170000000006 0.6230371
7 0.00055094546 0.09957203 0.47280365 0.16337731 0.60776097
5 0.0005491084 0.59787256 0.54304975 0.71604544 0.59505993
2 0.0005480788 0.011313198 0.46083793 0.20277412 0.58083844
11 0.0005454273 0.40652213 0.49036008 0.45121962 0.5417098000000001
11 0.0005380695 0.4291423 0.48477378 0.47722545 0.5392076
6 0.00053313916 0.60571873 0.5304890999999999 0.7433838 0.59724385
13 0.00053303776 0.6910378 0.52580285 0.75142854 0.60511494
8 0.00053222687 0.4757313 0.64878947 0.6555994 0.8240274
2 0.00052958407 0.712723 0.5242827999999999 0.8066953 0.58190286
6 0.0005203130999999999 0.37930432 0.4911518 0.4888484 0.540736
6 0.0005096066 0.55811757 0.506101 0.71348625 0.5728251
6 0.0005082787 0.18696025 0.6033339 0.6663441999999999 0.8190609000000001
6 0.00050085795 0.6850114 0.5333093000000001 0.8271474 0.5942042
10 0.0004987465000000001 0.42367262 0.46951884 0.4786385 0.5760187
6 0.0004911574 0.4535392 0.61398244 0.81935424 0.9605494000000001
10 0.00048622445 0.40601486 0.488833 0.46417970000000003 0.56973785
4 0.00048374193 0.7175924 0.50277954 0.79489577 0.5680225
2 0.0004810375 0.032467763999999996 0.4313222 0.2339407 0.5597478
1 0.0004777525 0.0 0.49899292 0.15046291 0.60635877
9 0.00047685025 0.39407402 0.5055939 0.45453247 0.5802045
10 0.000471755 0.07039817 0.49857163 0.12995073 0.5629718
13 0.00046583984 0.6423682 0.54130787 0.6941552 0.6263401
10 0.0004619214 0.105013914 0.46475098 0.16012236 0.5633913
8 0.00045484502000000003 0.38571736 0.5002584 0.45616227 0.58565235
6 0.00045283968 0.38211712 0.51130694 0.5178170999999999 0.5742470000000001
7 0.00045001684000000003 0.018656157 0.42008415 0.20189495 0.70621514
9 0.00044812335 0.39840272 0.598659 0.7421137 0.9305780999999999
13 0.0004475571599999999 0.7819845 0.5370238 0.8416232 0.5820456999999999
3 0.00044732232 0.9577832000000001 0.42740290000000003 0.99353313 0.48702165
11 0.00044641835999999994 0.7176264 0.5212889 0.785209 0.59895164
12 0.00044158182999999996 0.29410696 0.21906157 0.84102386 0.86825573
12 0.00043871267999999995 0.7186923000000001 0.5275025999999999 0.81158704 0.5875249
13 0.00043845983000000003 0.65103143 0.52662694 0.7124062 0.6287629
5 0.00043663349999999997 0.6634669 0.5387835999999999 0.802467 0.60507166
4 0.00042723777000000003 0.097542495 0.46020836 0.16405559 0.58683616
12 0.00042559360000000003 0.95919836 0.39201376 1.0 0.4420071
10 0.00042216685999999995 0.6947884 0.50168884 0.7779096 0.56140304
2 0.00042105422 0.7221283000000001 0.5055955 0.7895335 0.5985836999999999
11 0.00042066324 0.74175197 0.51797116 0.8043566999999999 0.59610134
13 0.00041744392 0.029503299 0.50296277 0.15918220000000002 0.5566357
8 0.00041718374 0.40210032 0.65987915 0.57550025 0.8609969999999999
1 0.00041652605000000003 0.63875455 0.5449506 0.7180347 0.5940839
10 0.00040914263999999997 0.54874724 0.47076917 0.9129233 0.83944684
9 0.0004080787 0.71581876 0.5338161 0.820534 0.5858856
1 0.00040784519999999996 0.20367981 0.33776456 0.6117975 0.8497101999999999
7 0.00040491480000000004 0.70570636 0.5045944 0.79313827 0.6300962
7 0.00040487410000000003 0.39657786 0.47262390000000004 0.47606507 0.59885865
12 0.00039683023000000004 0.38984800000000003 0.4923996 0.46891618 0.56836814
10 0.00039369718 0.12226502 0.46313927 0.17740588 0.569591
13 0.00038739358 0.05216204 0.47296673 0.17298053 0.5480665
11 0.00038703403 0.5015024 0.25173035 0.7461246 1.0
10 0.00038690489999999996 0.30518952 0.55331904 0.7546543000000001 0.8933883
1 0.00038652233 0.38489115 0.5224492000000001 0.45961902 0.5671982
8 0.0003862205 0.5966665 0.24286658 0.89209217 0.93930095
9 0.00038366858 0.64155424 0.5386196999999999 0.7246709 0.59548837
10 0.0003804942 0.9709290999999999 0.36154000000000003 1.0 0.4334696
9 0.00037579236000000003 0.68036026 0.52719057 0.75823265 0.5885130000000001
10 0.00037176537 0.58416015 0.49456117 0.6660381999999999 0.5672344
8 0.00037164026 0.047268614 0.49107605 0.11478894 0.5798456
9 0.0003559661 0.32817096 0.543421 0.63589424 0.8306024
4 0.00035580910000000004 0.43744513 0.48340288 0.49407762 0.58113724
