3 0.9949886 0.5474048 0.5794130999999999 0.66841084 0.7751604
3 0.54577416 0.5749599 0.5525191999999999 0.6239720999999999 0.5843124
8 0.22390111 0.54219186 0.6092354999999999 0.6744524000000001 0.7770389
8 0.0427788 0.5732198000000001 0.5505464 0.6383441999999999 0.5882604
8 0.035159137 0.56488746 0.59211403 0.71622676 0.77017695
3 0.016371848 0.56963056 0.5486637 0.62768674 0.6042677
13 0.009834421999999999 0.57804054 0.5419430000000001 0.6390773 0.5944695
13 0.008084941 0.5701425 0.54985213 0.62279254 0.5930473
8 0.0071459524 0.55771613 0.5567743 0.63479865 0.60562754
13 0.0053754654 0.5300018 0.63511616 0.7464841999999999 0.77171814
13 0.005317921 0.5051009 0.6639477 0.7099217 0.77357775
8 0.0038733129999999998 0.54850537 0.5483554 0.6597874 0.7496986
3 0.0032658945000000003 0.5559695 0.5916467 0.67083913 0.71906257
3 0.0028393418 0.57286537 0.5525179 0.64903456 0.6123238
9 0.0023144629999999997 0.5444248 0.57930964 0.72504616 0.7096066999999999
13 0.0021814413 0.50741136 0.6742699000000001 0.6501585 0.8029890000000001
9 0.0020977879999999997 0.56663644 0.5442624 0.6844442 0.70666903
5 0.0020506694 0.47780094 0.6545956999999999 0.64398134 0.8345676
13 0.0020379145 0.48297444 0.60781175 0.69231325 0.7537911
13 0.001932881 0.5524045999999999 0.5949694000000001 0.7016051999999999 0.7903063
7 0.0018479591 0.49545008 0.56969786 0.719467 0.7593937
2 0.0017391586 0.57668054 0.53599054 0.65686905 0.58193606
13 0.0016225076999999998 0.57205737 0.5570084 0.6806936 0.8422458
13 0.0016127059 0.56070757 0.5602933000000001 0.64484435 0.6138343
5 0.0015944479 0.53814834 0.6647128000000001 0.6317259 0.9171268
5 0.0015861293 0.44006938 0.63681 0.72781193 0.7738491999999999
9 0.0015355870000000001 0.5270843000000001 0.613294 0.71107876 0.74147815
13 0.0014498091 0.56636274 0.544586 0.62983567 0.63442576
1 0.0014252575 0.55593467 0.55087477 0.61396736 0.5842318
3 0.0012677909 0.57336444 0.573608 0.7083545 0.7547756999999999
12 0.0012441683 0.56618494 0.5320958 0.65137124 0.5792644
5 0.0012364774 0.5295713000000001 0.6313995 0.64748037 0.85867923
11 0.0012232319999999999 0.51373035 0.51532423 0.6252352 0.82222384
1 0.0011909353 0.5712431 0.54887813 0.6307510000000001 0.5883225000000001
9 0.0011587625 0.5617674 0.6227714 0.78003496 0.7451175
7 0.0011337269 0.552203 0.538809 0.62796223 0.5974970000000001
1 0.0010863948 0.46480474 0.6403749 0.60787916 0.79941034
9 0.001072737 0.5610096 0.5678736999999999 0.63247705 0.8027969
7 0.0010704927 0.56808394 0.5363426 0.65078974 0.60135067
12 0.0010445641 0.5208155 0.5588451 0.7376474000000001 0.6840714
9 0.0010422209 0.5311491999999999 0.5364174 0.63413155 0.7150361
11 0.0010205074 0.53892344 0.6134571 0.6692309000000001 0.77813494
13 0.0009872136 0.5490305999999999 0.632699 0.64463353 0.88257855
2 0.0009853578 0.5543056 0.55228895 0.755217 0.6752113000000001
7 0.0009810866000000001 0.46802422 0.61549693 0.68727756 0.7945045000000001
9 0.0009645580999999999 0.51698834 0.5971004 0.6131627 0.7804045999999999
2 0.0009591160300000001 0.56408393 0.58023447 0.7548918000000001 0.7067576999999999
7 0.0009544238000000001 0.53093696 0.50597477 0.6798491999999999 0.7982923000000001
1 0.0009021543 0.5336850999999999 0.64146686 0.67917466 0.7654615
8 0.0009013545 0.566521 0.56360847 0.65442896 0.6103506
1 0.0008750191 0.49324208 0.604006 0.6639335999999999 0.7296531999999999
11 0.0008672574000000001 0.53723234 0.52981037 0.64705664 0.86775446
11 0.00080279465 0.5704738 0.44273427 0.6364086999999999 0.8745474
12 0.0008019876 0.5337281 0.50663465 0.69267845 0.7069361999999999
12 0.0007740834 0.55395263 0.5453785 0.70735556 0.7366884
9 0.0007371745 0.58288133 0.5471924 0.64851284 0.5879768
2 0.00073506427 0.51809305 0.6129871 0.7378262 0.7312609
9 0.0007218893 0.58246493 0.55836195 0.65873563 0.7812923
12 0.0007085241400000001 0.53865534 0.58060586 0.74931896 0.7177233000000001
1 0.0006908638000000001 0.54826534 0.6560946 0.72566867 0.7753777
5 0.00067850645 0.5575945 0.6711938000000001 0.6517215999999999 0.93774253
9 0.0006777793 0.57124656 0.5481889 0.6258269000000001 0.5869849
13 0.0006750708999999999 0.47104750000000006 0.67771626 0.67122275 0.7667273
6 0.0006626227 0.48402587 0.6228663000000001 0.72212166 0.78013873
6 0.0006587235 0.48626497 0.578397 0.72792983 0.7302018
9 0.0006509691000000001 0.5638418000000001 0.6247815999999999 0.6304247 0.85408884
1 0.0006363432 0.5262708 0.5967815 0.6235491 0.8025919
1 0.00063191523 0.4915130999999999 0.65486795 0.6698734000000001 0.7855845
4 0.0006254955000000001 0.60959893 0.5883567 0.7827364 0.792751
5 0.000624114 0.5136534 0.5959272 0.711461 0.7375896
1 0.0006227795 0.5654212 0.58034164 0.66817045 0.79409707
5 0.0006166246 0.49060428 0.6205267 0.67011386 0.7799965999999999
9 0.0006021987 0.5367702 0.6385693 0.6335335999999999 0.8086433000000001
11 0.0005834076 0.58075005 0.5432026 0.61613524 0.58924305
8 0.0005775859999999999 0.5782326 0.41914192 0.91647893 0.937414
1 0.0005604266 0.45307362 0.5795663000000001 0.60981286 0.7234302
4 0.0005592826 0.5286945 0.5996891 0.72787607 0.78091687
13 0.0005579325 0.54220414 0.6649693 0.6856141 0.83512783
5 0.00055410125 0.5164662 0.6379471 0.7828925 0.7944707
5 0.00055061386 0.5459276 0.5561012 0.62836266 0.5892361
1 0.0005499694 0.5030612 0.58360606 0.60437334 0.78279626
2 0.0005450612000000001 0.55998135 0.5735134 0.6605601 0.8303919
8 0.0005427864 0.5572425 0.18031624 0.90654314 0.8826852
3 0.0005304864 0.5691414 0.57999915 0.65955025 0.6411574000000001
2 0.00052920124 0.50227547 0.5800267 0.6757861 0.7467096999999999
4 0.00051711296 0.5789291999999999 0.57080877 0.73384047 0.7223731
5 0.0005124224700000001 0.56490606 0.55669814 0.6494728 0.5937107
2 0.00051139557 0.5179152 0.6153439 0.68590987 0.7854513000000001
5 0.0005069721 0.45777935 0.6104712 0.7228912 0.71550703
2 0.0005016180999999999 0.51294994 0.6455088000000001 0.7467394 0.76066947
9 0.00047917224999999996 0.5129155 0.55355895 0.6106550999999999 0.73581326
12 0.0004791447 0.57934046 0.5089111 0.67928326 0.7803047
7 0.00047746842000000005 0.48558635 0.6490307 0.719847 0.8253060999999999
5 0.00047622230000000004 0.5411873 0.6403595999999999 0.7273006999999999 0.8432776
1 0.00046664045999999994 0.4166973 0.62124807 0.6053460999999999 0.7353472
13 0.00046302120000000005 0.5574777 0.5538873000000001 0.61305314 0.58806425
9 0.0004593091 0.59744173 0.5540004 0.6826760999999999 0.7799163
9 0.0004562139 0.5341503000000001 0.589701 0.6349688 0.7522239000000001
1 0.00044658050000000003 0.4847117 0.6608392 0.621997 0.8325667999999999
9 0.00044538442 0.5854590000000001 0.61980426 0.65418404 0.83429235
2 0.00043921956 0.5919364 0.48768908 0.6795215 0.7904071999999999
7 0.00042900108 0.46067926 0.6215487 0.6645986 0.8904898000000001
11 0.00042495339999999997 0.58584607 0.5403383 0.6615378000000001 0.73223877
2 0.00042395515 0.5730384 0.5665203000000001 0.71249413 0.7706875
11 0.00042383219000000007 0.6065666999999999 0.51975286 0.69740945 0.7561169
5 0.00041064127999999997 0.5704772 0.6268504 0.69043124 0.90450656
1 0.00041025455 0.54631037 0.6448543999999999 0.6453318 0.84828323
7 0.00040775022000000006 0.5304911 0.568561 0.71299237 0.8497252000000001
12 0.00038706657 0.51339346 0.61493266 0.7378578 0.74376845
11 0.00038697827000000007 0.5962137 0.45147198 0.6552208 0.86286896
12 0.00038177657 0.5746905 0.61165553 0.7821864000000001 0.75151426
11 0.000379634 0.5435839 0.5253194999999999 0.6226503000000001 0.72977835
12 0.00037874508 0.54330516 0.52253747 0.6461853 0.7808436
2 0.0003752841 0.5628664000000001 0.5120245 0.660975 0.755007
9 0.00037338614 0.5419534 0.56466264 0.61251485 0.80728257
7 0.00036876940000000005 0.5182703 0.57007194 0.6552151999999999 0.9713953000000002
2 0.00036442615 0.5546083 0.558697 0.67138505 0.6189738
11 0.0003587078 0.62251896 0.59948945 0.7516154 0.78002334
11 0.00035794989999999997 0.5514803 0.40194952 0.62099445 0.8855610999999999
11 0.000354075 0.5656403 0.5883281 0.6628031 0.7417596
4 0.00035277477999999995 0.5909416999999999 0.54773045 0.6530383000000001 0.59291464
11 0.00033470069999999997 0.60031146 0.5414133000000001 0.64078224 0.5898479
13 0.00032192814999999997 0.5119971 0.61042845 0.6464011 0.7861355
4 0.00031941372000000005 0.59473044 0.5344449 0.7343738000000001 0.7701825
1 0.00031681688 0.55583936 0.6538163 0.68626636 0.81680673
10 0.00030621528 0.5975602 0.5266358 0.6497318 0.5978968000000001
2 0.0003058527 0.5824074 0.5084267 0.7185553000000001 0.71948344
7 0.00030298939 0.5461647 0.4971284000000001 0.6623145 0.9054423
6 0.00029789028 0.4906597 0.6430585999999999 0.67157936 0.8331181999999999
9 0.00029445759999999996 0.56959134 0.6388007 0.6821523 0.80414474
7 0.00028464937000000003 0.48614064 0.5154507 0.6322799 0.8048255999999999
9 0.00028437036 0.5049859999999999 0.5706574999999999 0.65729433 0.7033014
11 0.00027510017000000004 0.5815326 0.6105683000000001 0.6894382 0.7520456999999999
10 0.00027255347 0.5786328000000001 0.46453777 0.6608636 0.80479383
12 0.0002673414 0.56447035 0.5870985 0.66548723 0.83042127
3 0.00026473173 0.58895177 0.40937890000000005 0.96317667 0.9286561
1 0.00025650958 0.46606293 0.5476529 0.62896895 0.70012176
12 0.00025339075 0.5051304 0.53659993 0.6348618 0.72378635
13 0.00024035232000000004 0.58892405 0.3181629 0.94116795 1.0
5 0.00022790446 0.39588526 0.6468480999999999 0.6547156 0.78024477
11 0.00022628726000000003 0.6246585 0.43094677 0.68360317 0.83386445
12 0.00021665973999999998 0.5136225999999999 0.58737487 0.6494732 0.7773831
13 0.00021536877 0.54163927 0.64026904 0.6687521 0.7169688
11 0.00021528889999999998 0.5781385 0.5502465 0.6843736 0.86822706
6 0.00020936587 0.5444826 0.5461163 0.6387841 0.59216917
7 0.00020803098 0.54188126 0.5532031999999999 0.64001435 0.62577504
8 0.00020717630000000002 0.30508554 0.6394616999999999 0.7561518 0.9511072
7 0.00019781191000000002 0.45022562 0.5793984000000001 0.6592585999999999 0.75926965
11 0.00019601468999999998 0.59323007 0.6253546 0.74241596 0.8175254
12 0.00019574567 0.5533983 0.59681934 0.72487956 0.77958995
10 0.000195623 0.57775354 0.5320760999999999 0.63200337 0.59674144
13 0.00019348794999999997 0.45636362 0.634396 0.6530477 0.74803454
8 0.00019295711999999998 0.29749307 0.4623339 0.7704255999999999 0.9685790000000001
10 0.00018988502000000002 0.6241637 0.42193339999999996 0.6911972 0.8168494000000001
8 0.00017696433999999996 0.5615014 0.633822 0.64854103 0.7249753000000001
1 0.00017530499 0.55712193 0.5575551999999999 0.61831343 0.62837815
9 0.00017396067 0.547366 0.6171770999999999 0.61430204 0.87119496
4 0.00017146129 0.60958636 0.5244313 0.69366705 0.83707523
9 0.00017027895 0.4971233 0.60917944 0.6430474 0.74107873
10 0.00017005529999999998 0.5846994000000001 0.52124715 0.6734315 0.88211256
8 0.00016607959999999998 0.51168305 0.55317163 0.6766861 0.68332344
1 0.0001636891 0.5411939 0.5490176 0.5992918 0.57647693
10 0.00016266799 0.5973208999999999 0.42977363 0.6752216999999999 0.8127552
4 0.00015968173000000002 0.5701628000000001 0.54871094 0.63113093 0.58780825
10 0.00015783486 0.59136456 0.48652926 0.7043993000000001 0.7492078000000001
9 0.00015625579 0.5458344 0.5235565 0.6597098000000001 0.6881193
1 0.00015613271 0.5534382 0.5683523 0.63086647 0.6147835
13 0.00015196332 0.5224252 0.61326027 0.6446413000000001 0.6935693
13 0.00015182662 0.56653434 0.60586506 0.6667996 0.893784
3 0.00015150083000000001 0.550347 0.66106564 0.6633724 0.76748025
11 0.00014915953000000002 0.49321073 0.5862194000000001 0.6177057 0.77810633
4 0.00014843201 0.56744295 0.6145786999999999 0.70833296 0.8460293999999999
10 0.00014648837 0.5199683 0.5485643 0.70975816 0.7081399
6 0.00014606128 0.42097790000000007 0.6136636999999999 0.6563452 0.74239606
10 0.00014500323 0.5525036999999999 0.47087088 0.67809206 0.7145224
8 0.00014477778999999997 0.53630364 0.6812332 0.62312907 0.76451325
2 0.00014244203000000002 0.45753140000000003 0.5945573000000001 0.71026945 0.70218456
6 0.0001407664 0.5193846999999999 0.5367163 0.7422632 0.7591336
4 0.00014069879 0.52825004 0.6213091 0.66614705 0.8288449000000001
13 0.00013841044 0.5501903 0.5538179 0.61851704 0.63053054
7 0.00013505976 0.5453639 0.5370917 0.63540465 0.65282714
7 0.00013039565 0.41662687 0.6058172 0.6330729 0.78182995
10 0.00012781346 0.52446485 0.5765455 0.6557038000000001 0.7963741
6 0.0001234124 0.53441095 0.63150215 0.66776544 0.89621174
10 0.00011915832000000001 0.5557899000000001 0.5691717 0.72962874 0.7497357
6 0.0001181253 0.45093733 0.58726865 0.67077804 0.71709806
10 0.000111645015 0.53357 0.6224399 0.7130745 0.8119096
9 0.00011095063399999999 0.55758965 0.60029364 0.661403 0.76039356
4 0.00011032156000000002 0.58312017 0.56134963 0.6713170999999999 0.8750737
8 0.00010997296 0.44258875 0.5112317 0.7680140999999999 0.82019025
2 0.00010817253999999999 0.49358788 0.561068 0.72346175 0.66732293
6 0.000107188906 0.5241346 0.60980165 0.74484956 0.8198468000000001
10 0.00010671421999999998 0.6004033000000001 0.57484835 0.7563662 0.77252334
8 0.00010286681 0.6689183000000001 0.2824492 0.9225671 0.9221341999999999
5 0.00010118224 0.50384307 0.6424418000000001 0.68891937 0.82102716
13 0.00010020843 0.4656773 0.5777673000000001 0.66200733 0.7262748
11 9.975514999999999e-05 0.49099883 0.593426 0.5915437 0.7384791999999999
9 9.7946824e-05 0.55128855 0.48634350000000004 0.62942064 0.7740087
8 9.4415846e-05 0.5555185 0.60925233 0.6363175999999999 0.7009738
8 9.207098e-05 0.5727696999999999 0.5499548000000001 0.61591285 0.61061746
2 9.147238000000001e-05 0.52569896 0.4974041 0.6936395000000001 0.6669979
13 8.806756e-05 0.3081222 0.59763783 0.8038377 1.0
12 8.8042165e-05 0.48874104 0.5997526 0.6735637 0.7034188
3 8.4334504e-05 0.35636047 0.45141572 0.8625929 0.97201335
12 8.430509e-05 0.5438761999999999 0.41756415 0.6349347 0.7065594000000001
8 8.164438e-05 0.012976534 0.33968967 0.30516496 0.97454745
6 7.912022e-05 0.52965087 0.55615366 0.6690901 0.8424155000000001
11 7.7811885e-05 0.5173719 0.5817097 0.6072378 0.7221563
3 7.592719e-05 0.55181676 0.626221 0.6338583999999999 0.7505935
13 7.5764074e-05 0.679144 0.15611003 0.9666273999999999 1.0
2 7.561937e-05 0.52493465 0.5205426 0.7488751 0.6468675
3 7.3586794e-05 0.5522178000000001 0.58544636 0.65337604 0.68551815
8 7.317989e-05 0.6435906 0.15978283 0.8942677 0.67482376
2 7.270801e-05 0.58425844 0.54529005 0.65999776 0.6273213000000001
8 6.756582e-05 0.43826666 0.27233464 0.7949048000000001 0.90730685
13 6.5097105e-05 0.30422693 0.32771686 0.86001426 1.0
7 6.406926999999999e-05 0.46876353 0.54756355 0.6864852 0.7314118000000001
6 6.360108e-05 0.43442535 0.66694814 0.6794584 0.791762
8 6.334114e-05 0.08750697 0.41403046 0.43691522 0.9463239999999999
6 6.288598e-05 0.47539127 0.5191591 0.6726388000000001 0.73089397
8 6.0845195999999994e-05 0.38464728 0.5526302 0.7030655 0.8736674000000001
12 5.9972816e-05 0.49836424 0.5274814 0.7380829000000001 0.6549268
3 5.9875717999999996e-05 0.585558 0.5475986999999999 0.63636047 0.621447
4 5.8980328e-05 0.5400665 0.52596074 0.66892785 0.71689594
3 5.7992147000000005e-05 0.628352 0.58928776 0.6762427 0.76662713
8 5.7194837e-05 0.5663215 0.58358026 0.6429629 0.64117974
3 5.5111584999999995e-05 0.5888880999999999 0.57551783 0.66791934 0.65807754
10 5.374361999999999e-05 0.51469576 0.5161144 0.6393105 0.74531895
13 5.3147836e-05 0.5603645 0.5949354 0.6530919 0.64663965
2 5.3031807e-05 0.58416164 0.55165696 0.6794335 0.85833305
12 5.2326748e-05 0.56480116 0.5312725 0.6496765 0.61707664
13 5.2059317e-05 0.54843414 0.54047376 0.64902437 0.80745447
11 4.975581e-05 0.5588219 0.5538451999999999 0.6342262 0.76496756
5 4.969382e-05 0.6277429 0.49887452 0.94195646 1.0
5 4.9157316e-05 0.5482323 0.5743986 0.6259554 0.64501023
13 4.8138690000000006e-05 0.5452643 0.66629535 0.6804346 0.7259034000000001
9 4.6565914e-05 0.5599059000000001 0.56626934 0.7506172 0.68177646
3 4.6442925e-05 0.6404488 0.25376877 0.9687460999999999 0.8476615
12 4.6143134e-05 0.58813405 0.629529 0.68412143 0.703231
13 4.528282e-05 0.6277409 0.037686385 0.96721566 0.73145
12 4.3766016e-05 0.5643234 0.5474492 0.6684789000000001 0.60693115
1 4.2910186e-05 0.5161001000000001 0.45357686 0.63561004 0.65554893
2 4.2743056999999996e-05 0.5540389 0.5396419 0.6326590999999999 0.57505685
11 4.2021875e-05 0.5665081999999999 0.5396529999999999 0.5993299 0.58394283
1 4.199343e-05 0.44962993 0.6650683000000001 0.62760407 0.76529515
9 4.1675010000000004e-05 0.57229024 0.56765413 0.6468512 0.61767334
8 4.0917114999999996e-05 0.7098114000000001 0.16195585 0.9174756 0.8045565
8 3.9749767999999996e-05 0.58672875 0.5545551 0.62841195 0.6226404000000001
9 3.9730305e-05 0.5105276 0.6288378000000001 0.67244977 0.7708946999999999
10 3.890488e-05 0.5758196 0.5748611 0.7136271 0.83216304
12 3.88348e-05 0.51734847 0.45492148 0.68050826 0.6652113000000001
13 3.7864585e-05 0.08569249999999999 0.33397213 0.44794935 1.0
11 3.7855712e-05 0.5914805999999999 0.53208184 0.6300234 0.6380617
5 3.7222315e-05 0.53875977 0.5730108 0.6365233 0.6254432
13 3.7143567e-05 0.0 0.20856838 0.3143338 1.0
8 3.6965965e-05 0.54784214 0.67048657 0.6057262 0.77173465
13 3.6847940000000006e-05 0.55302304 0.6332014 0.63489795 0.72107005
3 3.6768870000000004e-05 0.5829583 0.586728 0.6759495 0.6976916
9 3.6581587e-05 0.5770804 0.5636051 0.6323274999999999 0.6341319000000001
1 3.640712e-05 0.5393017 0.5681916 0.61212015 0.6097431
3 3.5880657e-05 0.7253518 0.43552166 0.9775723 0.99019736
12 3.564007e-05 0.5659981 0.5963571 0.6739485 0.6696976
7 3.53746e-05 0.5402100999999999 0.5427744999999999 0.6059608 0.59454924
12 3.4924884000000005e-05 0.5560789 0.53919977 0.61911494 0.57800186
8 3.4453486e-05 0.3015854 0.53312606 0.6284972 0.8350299000000001
13 3.3932567e-05 0.52171725 0.6427026 0.6357571 0.7062146
9 3.3845954e-05 0.5797948 0.5842328 0.7827031 0.7007976
3 3.32457e-05 0.16589399 0.4402534000000001 0.57723665 0.9516665000000001
7 3.3167333e-05 0.4065228 0.66299343 0.64821666 0.8383209999999999
8 3.287246e-05 0.18121125 0.40338498 0.5297819 0.9691494
12 3.2777094e-05 0.48860517 0.6254658000000001 0.6794154 0.7315265999999999
4 3.2478816e-05 0.58883804 0.6160187 0.67231053 0.69560266
9 3.2392163000000003e-05 0.65834945 0.30098759999999997 1.0 1.0
9 3.224647e-05 0.5606325 0.54615605 0.6091015999999999 0.5857340999999999
11 3.2154515999999996e-05 0.58931535 0.5551665 0.64348775 0.6212989000000001
1 3.1838532e-05 0.56510556 0.64638394 0.6570381 0.7074128000000001
1 3.179219e-05 0.47469363 0.51762754 0.6468263000000001 0.6641355
8 3.15418e-05 0.032031473 0.16483288 0.37098095 0.9013434000000001
9 3.0864520000000004e-05 0.61691016 0.046717275 0.9660466000000001 1.0
13 3.058784e-05 0.53773904 0.46558279999999996 0.8914823000000001 1.0
6 3.0432795e-05 0.5635249 0.6325771 0.67053384 0.709939
5 3.0406389e-05 0.5396695 0.58479613 0.6578811999999999 0.8127608000000001
4 3.0182904e-05 0.57673705 0.5535711 0.63869894 0.6412335
8 2.9994359999999996e-05 0.55530334 0.6577801 0.63292384 0.73726815
7 2.994264e-05 0.56866384 0.5446917 0.65061516 0.64625573
5 2.9849854e-05 0.57689005 0.6568745 0.6671403 0.9688483
7 2.9184699e-05 0.5089867 0.29082270000000005 1.0 1.0
2 2.8246255e-05 0.5640682 0.60556287 0.6754781 0.6665055999999999
1 2.8185194000000003e-05 0.5722216999999999 0.5545694 0.63892406 0.62159467
10 2.803211e-05 0.59391814 0.52890426 0.6454852 0.6558676999999999
1 2.7948874e-05 0.5384291 0.5985614 0.7238834 0.71628153
13 2.781614e-05 0.5742156999999999 0.5407544 0.6160437 0.6507754
3 2.7654872999999998e-05 0.56312996 0.5593815 0.6402385 0.6435331999999999
1 2.7511781999999997e-05 0.5372501000000001 0.56139886 0.5997606 0.6221201
6 2.6956206e-05 0.516834 0.5869399000000001 0.7943724 0.7122793000000001
3 2.6502561e-05 0.029287072 0.42401478 0.35950392 0.9607896
3 2.5528420000000002e-05 0.5388829 0.55382776 0.6955587 0.67748857
13 2.5050805999999997e-05 0.55993414 0.66005737 0.66020185 0.74483144
1 2.504946e-05 0.54301214 0.6181684000000001 0.63239795 0.68081194
12 2.5018646e-05 0.593535 0.6238108 0.6567982 0.72244275
