8 0.98409975 0.3372172 0.57083243 0.510992 0.75639945
8 0.726765 0.30676937 0.5387246 0.57896286 0.78641766
3 0.13871849 0.361225 0.5615401999999999 0.54728484 0.7952769000000001
3 0.06732046 0.35302633 0.55332386 0.5081085999999999 0.7383079
8 0.03566694 0.33456090000000005 0.5423096 0.4933076 0.70400786
8 0.02416515 0.34196308 0.62419474 0.49597640000000004 0.7983785
9 0.0043219061999999996 0.37612188 0.56044555 0.5922810000000001 0.6810276999999999
13 0.0042114183 0.30305025 0.54120517 0.55632 0.70287174
3 0.0037938703 0.35717762 0.5052437 0.50257206 0.81736195
13 0.0035253934999999997 0.31635776 0.59864885 0.5533985 0.8989845
8 0.003515015 0.24774224 0.52372676 0.540126 0.8288222
12 0.0028014164000000003 0.34822032 0.5472111999999999 0.6004219 0.65037924
13 0.0026499806 0.3347922 0.5133232 0.58467126 0.84606963
2 0.0025989853 0.36869782 0.5318065 0.58187187 0.6797053000000001
9 0.0024822915 0.33263096 0.57179505 0.53841823 0.70280457
13 0.0024267873000000002 0.29968053 0.56220514 0.48012677 0.7263151999999999
13 0.0024252813 0.26685625 0.5855965 0.5926583000000001 0.8206049999999999
9 0.0020792036999999998 0.36547446 0.5361051 0.5120115 0.7144008000000001
4 0.00191352 0.40315947 0.55393744 0.5626068000000001 0.69139034
13 0.0017725357999999998 0.26451263 0.58637196 0.5079735 0.7052793
4 0.0016451328 0.36320874 0.5545047 0.5217424 0.68938744
9 0.0013470551 0.37497696 0.59599215 0.5926179 0.73300713
9 0.0013044445 0.36085352 0.52068776 0.5792898 0.83078665
13 0.001202587 0.32357913 0.6080606 0.5849325 0.7263630999999999
5 0.0010632974 0.19783601 0.5873381 0.5431022 0.6558636999999999
9 0.0010436046 0.34973186 0.5905196999999999 0.5533392 0.8837591999999999
7 0.0009859048 0.17151222 0.49902666 0.5981634 0.9788513000000001
13 0.0009462216999999999 0.36099714 0.6254958 0.5484859999999999 0.7804783000000001
5 0.0009217483999999999 0.20580588 0.6390526999999999 0.5315429 0.9136359000000001
1 0.0008914012 0.30791290000000004 0.5779585999999999 0.51462805 0.69019717
9 0.0008602838 0.31739140000000005 0.48846868 0.50661033 0.807036
8 0.0008407602400000001 0.31836587 0.44336122 0.54179704 0.8112491
12 0.0008166526700000001 0.3544053 0.5762059 0.5986727 0.67586684
13 0.00078739814 0.25948423 0.6751559 0.5311225 0.75087076
13 0.0007793280499999999 0.19687852 0.637083 0.5501118 0.83654016
9 0.0007595162 0.41404828 0.5842645000000001 0.6180334 0.6992083
12 0.00074800826 0.31700906 0.5810878 0.52413064 0.6827111
2 0.00073118595 0.28999156 0.49364153 0.63185227 0.8934549999999999
13 0.0006971983999999999 0.35097793 0.5572544 0.47578928 0.8023864
10 0.0006847587 0.36016807 0.5330005 0.53402174 0.6724009
7 0.0006594452 0.3601494 0.53935564 0.57136524 0.70195705
1 0.000653486 0.22890253 0.6039114000000001 0.5113019 0.88004225
4 0.0006158898 0.39743754 0.5918579 0.56043875 0.7596389
12 0.000586966 0.36115759999999997 0.5309020999999999 0.5234671 0.6861391
2 0.00058144314 0.3268045 0.57082975 0.550122 0.69811916
5 0.00055496616 0.182005 0.63541794 0.5462278 0.7185106
8 0.0005446363400000001 0.37080196 0.61297286 0.5304416999999999 0.7705353
5 0.0005420921 0.17466070000000003 0.61454105 0.5536005999999999 0.6852094
5 0.0005339818 0.26354918 0.6119043000000001 0.47254664 0.7374036
2 0.00050016 0.23657943 0.47644797 0.7242861999999999 0.79639083
1 0.0004665429 0.23471645 0.58532846 0.4347827 0.70452076
8 0.00045196444000000004 0.016452357 0.51073307 0.7135216999999999 0.9397809000000001
9 0.00045171476 0.34668797 0.54712504 0.5391514000000001 0.66508824
9 0.00044924402000000004 0.34117326 0.55185795 0.48863265 0.75078815
12 0.00044132507000000005 0.36022508 0.59716237 0.59790415 0.7075262
5 0.00044076822999999997 0.21387899999999999 0.59583724 0.5996083000000001 0.8119783
9 0.00043605806 0.33463284 0.64499766 0.5626566 0.7673627
12 0.00041735017999999997 0.24028137 0.42819196 0.6076882 0.71260846
7 0.00041647683 0.2507344 0.41214300000000004 0.6109296 0.8853697
10 0.00040778514999999997 0.32557547 0.5402453 0.49249855 0.66713107
1 0.0004056376 0.20688742 0.5392238 0.4990633 0.79883856
11 0.0003993914 0.36033517 0.3701055 0.539304 1.0
8 0.00039167702 0.23017192 0.5732703 0.7117593000000001 0.9168757
12 0.00037860678 0.32862854 0.51053697 0.5612798000000001 0.62253994
12 0.00037331268 0.34926316 0.4838885 0.5113579 0.6618343000000001
4 0.0003536207 0.35329136 0.5923586 0.5188 0.7563048000000001
6 0.00035008733 0.31311104 0.57817507 0.54086375 0.6968678
1 0.00034556875 0.1631879 0.48663574 0.48888132 0.7064603
4 0.00033992440000000005 0.39024016 0.52481985 0.51076645 0.73525363
9 0.00033665454 0.40834048 0.61517495 0.56203675 0.77082473
5 0.00033336968 0.26524416 0.58629394 0.47195813 0.7007566999999999
4 0.00032992241999999996 0.43860716 0.57096505 0.59877324 0.71328074
5 0.0003222702 0.28464726 0.59925145 0.52152 0.7144144
9 0.00031536355 0.39047919999999997 0.57942605 0.5363618 0.7437804
9 0.00030122444 0.39692947 0.646932 0.61187303 0.90987366
9 0.00030077493 0.38782716 0.62358916 0.61992556 0.75400984
10 0.00028983439999999996 0.34562716 0.575075 0.5477321999999999 0.72437817
2 0.000286346 0.3260961 0.4011608 0.6320076 0.7859235
9 0.00028592657000000004 0.3630296 0.60826284 0.5213366 0.78788424
5 0.00027778009999999997 0.20820120000000003 0.6562916999999999 0.55041236 0.7454272
13 0.00027694287999999997 0.26365018 0.64062846 0.51069325 0.72626626
1 0.00027481624 0.28273386 0.6104562 0.43201372 0.76320326
5 0.00026896327999999996 0.2847608 0.65369195 0.50545883 0.78991425
11 0.00026244266 0.343332 0.5214884 0.45113420000000004 0.84102106
9 0.000260784 0.34807992 0.58065504 0.7010988 0.82745504
1 0.00025922875 0.26319385 0.5468784000000001 0.43719719999999995 0.6927386
1 0.00025251525 0.27412632 0.66078496 0.5298427 0.91359043
4 0.00024613846 0.39232507 0.47854525 0.62659866 0.84134054
8 0.00024139679 0.5324465 0.4305121 0.8979406999999999 0.94028324
8 0.00023594068 0.51105404 0.21973040000000002 0.8792266 0.9017282
9 0.0002270637 0.28008390000000005 0.5759914 0.56425256 0.81652534
11 0.00022596029999999998 0.35871542 0.58311576 0.46029997 0.712342
1 0.00022131332999999998 0.29602802 0.57967585 0.45561599999999997 0.7402907
10 0.00021640347999999997 0.38595083 0.48436627 0.49656332 0.68158716
2 0.00021042886000000003 0.36300686 0.49649256 0.5198463 0.7115499
12 0.00020921585 0.24373578 0.5185634 0.6268703 0.8015642
10 0.00019986798 0.31197315 0.56682336 0.48132798 0.68787444
11 0.00019954325 0.32274818 0.5728415 0.44577104 0.7278134
10 0.00019768527 0.33823818 0.6090478 0.54265594 0.76340395
12 0.00019480736000000002 0.35442182 0.58202857 0.4940029 0.74258804
10 0.00019283657999999998 0.35478985 0.58311653 0.48406237 0.74922776
8 0.0001927479 0.42374570000000006 0.7105872 0.49853042 0.775504
5 0.00018870828000000002 0.32683253 0.6587208000000001 0.5594789000000001 0.80617505
4 0.00018572515999999999 0.33061996 0.58735555 0.48809823 0.71978784
7 0.00018077061000000002 0.3112629 0.56418914 0.5158931 0.7266266
9 0.00017828993 0.37233099999999997 0.6555829000000001 0.61025167 0.7820921999999999
1 0.00017671283 0.35415962 0.5909739 0.5508999 0.71629995
7 0.00017277601000000001 0.12448803 0.5647583 0.7217331 0.9018572
9 0.00017160513 0.30715287 0.5630621 0.44210428 0.7599617
2 0.00016745109 0.34330687 0.5127563 0.5752 0.6381905999999999
11 0.00016582353999999998 0.39969367 0.57890075 0.5007938 0.70757204
2 0.00016500798 0.14862254 0.5412170000000001 0.69247174 0.8310588
1 0.00016196661 0.31354645 0.602812 0.51364994 0.7231193
10 0.00016058484 0.43646693 0.5407062 0.552425 0.78688335
7 0.00016020375 0.33411252 0.60001487 0.54093176 0.7531718000000001
10 0.00016003285 0.43287352 0.5451156999999999 0.5764836999999999 0.70436233
1 0.00015669168 0.28231847 0.50653344 0.46540284 0.6610451
2 0.00015554609 0.37599240000000006 0.57795066 0.53291595 0.8123661
13 0.00015544362 0.37361500000000003 0.6167564 0.49917865 0.85457665
9 0.00015467562 0.30134088 0.5877629 0.49702325 0.7348159000000001
2 0.00015275694999999998 0.33168000000000003 0.5584416999999999 0.49279082 0.7359498000000001
1 0.00015000525 0.31244984 0.52625716 0.43966362 0.7207745
4 0.00014837527 0.42072433 0.5614734 0.533662 0.816763
4 0.00014781275 0.3541523 0.5459235 0.58474284 0.9091661
2 0.00014564201 0.36804104 0.5910814 0.58054245 0.73333174
11 0.00014344896999999999 0.360702 0.6149212 0.48430204 0.7827654000000001
1 0.00014344415 0.07237217 0.60257816 0.49016607 0.8222443000000002
10 0.0001426967 0.37254813 0.5350705 0.49136972 0.7027372
5 0.00014064215 0.15688512 0.6438997 0.6645595000000001 0.8359059000000001
6 0.00013904268999999998 0.36434770000000005 0.6268743 0.5777101 0.7478654
10 0.00013668745000000002 0.39396518 0.60010344 0.57228017 0.77102894
12 0.00013102859 0.3737023 0.52188873 0.46897689 0.748336
6 0.00012779776000000002 0.32369113 0.60743046 0.5520357 0.7245073000000001
11 0.00012668989 0.33374926 0.45957342 0.56932807 0.8670036
3 0.00012542852 0.5635765 0.4636414000000001 0.9730619 0.9911837
9 0.00012497915000000002 0.38407335 0.56199914 0.47862682 0.8271976999999999
11 0.00012102296999999998 0.3988778 0.5306238 0.47696286 0.7529539000000001
5 0.00012010301000000001 0.3313239 0.6015881 0.45464075 0.799784
12 0.000117803 0.411789 0.6154526 0.5533335 0.76331913
2 0.00011593598999999998 0.29156142 0.6002006999999999 0.53358227 0.7124873
8 0.00011551638499999999 0.44866765 0.6990715999999999 0.50857043 0.7815441
5 0.00011503315 0.34895396 0.6230015999999999 0.47708059999999997 0.8405726
8 0.00011492669 0.29425076 0.476013 0.67312545 0.8884221
1 0.00011060951499999999 0.3401442 0.56467026 0.45793372 0.7862809000000001
11 0.00010945005499999999 0.40764278 0.369161 0.5967411 1.0
2 0.00010792846999999999 0.3191021 0.6211576999999999 0.53926754 0.7477914999999999
10 0.00010703183 0.42255187 0.45575574 0.48878908 0.7655413000000001
11 0.00010657296999999998 0.39443564 0.5507936999999999 0.49166882 0.8871466999999998
11 0.00010526058 0.29768884 0.3504682 0.4784406 0.95226747
13 0.00010325283000000001 0.5761556 0.02782486 0.9584405999999999 0.9520789000000001
13 0.00010164255 0.5835927 0.35296974 0.97327596 0.99643916
4 0.00010133906999999999 0.38127545 0.54248434 0.5298628000000001 0.65564436
6 0.00010076186 0.21876605 0.5973231 0.620323 0.9296976999999998
4 0.00010073963 0.3659187 0.6402635999999999 0.5111489 0.8196014000000001
7 9.94226e-05 0.24841839 0.5727535 0.4799069 0.7315453000000001
6 9.910280999999999e-05 0.15314834 0.5618804000000001 0.6418978 0.8304425999999999
10 9.698059000000001e-05 0.39578152 0.38740247 0.6131403 0.97059774
4 9.4904586e-05 0.39617458 0.57016826 0.6282634 0.99737257
12 9.2617374e-05 0.40815508 0.6194455 0.6278857 0.73443675
7 9.022093000000001e-05 0.36831632 0.5992876 0.51871365 0.8203657
11 9.014556999999998e-05 0.40254850000000003 0.624455 0.51881915 0.7802170999999999
1 8.954872e-05 0.3245355 0.6006530999999999 0.43783787 0.80613315
5 8.876431e-05 0.2843335 0.61460245 0.6093056 0.7007039
13 8.787315999999999e-05 0.311177 0.6528389 0.48295304 0.78928095
12 8.708581e-05 0.1688356 0.51776767 0.7527255 0.7368651999999999
8 8.4589614e-05 0.41965740000000007 0.6945336 0.4835876 0.78681093
9 8.146253000000001e-05 0.36139816 0.5347046 0.45670320000000003 0.81109
7 7.956705e-05 0.35771683 0.51605487 0.49515459999999994 0.7532236999999999
10 7.685605e-05 0.339107 0.5140044 0.5024895 0.63757783
2 7.466352e-05 0.3667587 0.53002614 0.6754663000000001 0.9239306999999999
6 7.378427e-05 0.33399520000000005 0.6783169 0.5488459 0.7778968
8 7.200597e-05 0.69810104 0.19116046 0.92404735 0.9569496999999999
11 7.138770000000001e-05 0.41151357 0.39257956 0.46539617 0.8887533000000001
9 7.089559e-05 0.30045274 0.5053814 0.6020333999999999 0.7730760999999999
13 6.921128e-05 0.717721 0.041601207 0.9964783000000002 0.9894393
11 6.912272e-05 0.38249570000000005 0.6479109000000001 0.5070454000000001 0.8244210999999999
8 6.874722e-05 0.5144573 0.11408575 0.84437555 0.7175239000000001
3 6.840736e-05 0.333176 0.5803491 0.6062064 0.82631
5 6.595351999999999e-05 0.018577643 0.63079864 0.5266718 0.844709
11 6.55538e-05 0.43904670000000007 0.5544336999999999 0.5285433 0.84745955
1 6.5185035e-05 0.29947662 0.5497825 0.41015887 0.7533171999999999
11 6.50683e-05 0.38611627 0.39615616 0.44695216 0.9066721999999999
7 6.413465e-05 0.30124846 0.6369895000000001 0.5072810000000001 0.7825624
1 6.315704000000001e-05 0.056056492 0.52975816 0.49575788 0.73721606
11 6.220111999999999e-05 0.35300827 0.6534576999999999 0.5163404 0.86672163
6 6.109696999999999e-05 0.26988178 0.6591276999999999 0.6723714 0.96625906
10 6.0964147e-05 0.41070509999999993 0.5221042 0.53224975 0.7402005
8 5.9498747e-05 0.32828470000000004 0.60181284 0.38956496 0.6901387
10 5.8584297e-05 0.40140715 0.46493247 0.46997115 0.73489565
8 5.7875455e-05 0.6229855 0.12218504 0.89220077 0.7227104
4 5.7548702999999995e-05 0.40746108 0.57101583 0.7230253000000001 0.8694023000000001
11 5.5738612e-05 0.39478603 0.48118675 0.6770258000000001 0.9047219000000001
13 5.4904925000000005e-05 0.2842868 0.69770783 0.52718186 0.78197217
10 5.2405943e-05 0.45994192 0.40048829999999996 0.6856641 1.0
10 5.2279105e-05 0.39987385 0.5178024999999999 0.47525984 0.80443275
11 5.1785188e-05 0.37484434 0.49411348 0.46096809999999994 0.71880364
4 5.1246232e-05 0.33828732 0.5931097 0.47674808 0.81420285
3 5.1113657e-05 0.5069445 0.2332592 0.9328671000000001 0.94975626
5 5.0554252e-05 0.22925907 0.5715944000000001 0.5315517 0.63188165
7 4.9410817e-05 0.31095472 0.52687395 0.52927274 0.6766770000000001
3 4.8762424e-05 0.13304564 0.56688446 0.8126628 0.98015964
3 4.856451e-05 0.36169577 0.6387672 0.9185325999999999 0.9730253000000001
4 4.8508693000000006e-05 0.3501729 0.43185768 0.56443775 0.7615807
8 4.8052287e-05 0.30825853 0.20215325 0.6794342 0.8394938
5 4.7764137e-05 0.17647529 0.61042345 0.6960974 0.77231646
1 4.700293e-05 0.2996241 0.5406597 0.5003651 0.6442958000000001
5 4.6700545e-05 0.27081135 0.63978016 0.6187656 0.7313850000000001
4 4.5039233000000004e-05 0.42399126 0.5405719 0.56914085 0.6514184000000001
1 4.4980923000000005e-05 0.3609372 0.63689125 0.53245234 0.80365515
2 4.4451356999999995e-05 0.38504590000000005 0.50060767 0.48560992 0.7922531
8 4.4414966e-05 0.40521112 0.49171934 0.78508836 0.912811
8 4.356898e-05 0.06319243 0.48582053 0.44687200000000005 0.95568514
7 4.279095e-05 0.34523466 0.6385733 0.5636522 0.7772995
9 4.0839335e-05 0.3638612 0.6062523 0.45384836 0.8691805
12 4.007117e-05 0.38003984 0.5916806 0.47458005 0.8279359000000001
1 3.9986146e-05 0.17491592 0.51239634 0.6045329 0.75690156
13 3.992802e-05 0.32812905 0.67452776 0.56219506 0.77690244
8 3.9025643e-05 0.03261901 0.21157466 0.40091443 0.9260183000000001
10 3.8822178e-05 0.38268309999999994 0.51610035 0.45485392 0.76156807
1 3.8266622000000004e-05 0.28549513 0.6761573000000001 0.48620903 0.7663924
8 3.6217858e-05 0.62920535 0.62190723 0.90590906 0.9666859
13 3.619761e-05 0.009531329 0.4536116 0.7364318 1.0
7 3.5226753e-05 0.2722837 0.67353994 0.51141053 0.80113333
11 3.4635359999999994e-05 0.36444128 0.38005903 0.43423992 0.8887264000000001
7 3.462189e-05 0.26594177 0.5471441999999999 0.45002650000000005 0.7926552
1 3.4594166e-05 0.33761004 0.47626954 0.46858695 0.7015494000000001
3 3.4434204e-05 0.33219838 0.59402204 0.39157543 0.68852836
7 3.4179829999999996e-05 0.32295504 0.5294575 0.47433692 0.7910438
1 3.3905972999999996e-05 0.33692294 0.61002094 0.5083228 0.7830961
8 3.2923555e-05 0.43494338 0.6838499 0.49553100000000005 0.7695257
1 3.2314747e-05 0.3125228 0.6444503 0.5050979 0.7597188
8 3.228978e-05 0.008731731999999999 0.101233445 0.34147668 0.6555783000000001
6 3.2246306e-05 0.30264363 0.64655226 0.54561335 0.75787514
10 3.1824704000000005e-05 0.33268642 0.32683966 0.54660267 0.8482419
8 3.1256925000000004e-05 0.21437778 0.48619273 0.580771 0.9196996999999999
6 3.1131593e-05 0.3852395 0.64870036 0.5758091999999999 0.80946136
11 3.110111e-05 0.41843814 0.5439463000000001 0.50550276 0.81770295
4 2.9649396e-05 0.44079232 0.52559584 0.74470055 0.7938065
5 2.8632319999999998e-05 0.041287474 0.5891729 0.5294626 0.77394605
7 2.7619277000000002e-05 0.06087981 0.51734054 0.5580895 0.8580329
9 2.708815e-05 0.410851 0.63042706 0.49568596 0.87118137
13 2.6628397e-05 0.33486405 0.59216666 0.87697935 0.9805181000000001
4 2.6244019e-05 0.3022787 0.49457735 0.5140432 0.8300004999999999
13 2.5101577e-05 0.47262868 0.029528886 0.8822536 0.6730534
10 2.4970084000000003e-05 0.37997797 0.6430785 0.5095792 0.8210921
8 2.4782817e-05 0.7178085999999999 0.48461579999999993 0.9308465 0.9952633
3 2.3665223e-05 0.71510965 0.23152146 0.9906333 1.0
8 2.3550895999999997e-05 0.32222834 0.63506806 0.36580697 0.6906679
1 2.353103e-05 0.26679793 0.6417752 0.4626165 0.7436621999999999
13 2.3473169e-05 0.5323318 0.019011384 0.95378095 0.319671
5 2.3211217999999998e-05 0.24220419999999998 0.6851477 0.5575931 0.78997105
3 2.3134829999999996e-05 0.55522203 0.16694629 0.96131116 0.7585542
10 2.2677785e-05 0.43439093 0.5067146 0.5076529000000001 0.83461785
1 2.2222725999999998e-05 0.36464372 0.61451876 0.48209742 0.8471301
12 2.2222599e-05 0.41084823 0.6148265 0.4993525 0.8436918999999999
3 2.1630365000000003e-05 0.34138992 0.5815389 0.41170418 0.69704074
10 2.1591412999999997e-05 0.41823733 0.6022122 0.5422828000000001 0.82418096
8 2.1396792e-05 0.5159720999999999 0.04497977 0.8485222 0.314305
13 2.1380789999999996e-05 0.32498530000000003 0.59609336 0.40891737 0.67887574
8 2.1249049e-05 0.45067447 0.688243 0.49312133 0.7923183000000001
9 2.093803e-05 0.61126727 0.054714408 0.9617834000000001 1.0
11 2.0921552000000002e-05 0.45500186 0.5864866 0.56556374 0.71996224
12 2.073427e-05 0.37120777 0.6320013000000001 0.5771899 0.7402074000000001
11 2.0720987e-05 0.42754555 0.6362147 0.547434 0.81114936
3 2.0291574e-05 0.045248248 0.31565696 0.38512662 0.9943270000000001
6 2.0189267e-05 0.37042487 0.5887053000000001 0.60804147 0.69496447
13 2.0132991e-05 0.6723443 0.5863616999999999 0.99026376 0.9933146
8 2.0034291e-05 0.40556473 0.6778647 0.46360109999999993 0.7681825
2 1.9924579e-05 0.39066845 0.56477773 0.49021754 0.85362
9 1.9726664e-05 0.6546525 0.32490033 1.0 1.0
11 1.9590962e-05 0.42593294 0.42736816 0.48467659999999996 0.91981775
8 1.9272986e-05 0.71066976 0.13065666 0.9225007 0.6683832
5 1.9022818e-05 0.26928088 0.71179557 0.6087682 0.9466271999999999
2 1.8761126e-05 0.3503368 0.63121855 0.5754318 0.7806084
11 1.7915323e-05 0.36919042 0.5607359000000001 0.46577808 0.6831823
8 1.7768916e-05 0.14305213 0.7085175 0.7685523 0.9540728
8 1.7595105e-05 0.023728296 0.6057366 0.2621069 0.9658243000000001
13 1.7334229e-05 0.35108206 0.5573735 0.54185605 1.0
11 1.6824455e-05 0.40545824 0.6470121 0.54122186 0.8736761999999999
12 1.673629e-05 0.15778047 0.48642558 0.6462767 0.6985806
11 1.6514212e-05 0.28421 0.44824016 0.50057256 0.8246496999999999
5 1.610888e-05 0.30418575 0.5902622 0.5987212 0.6720615
3 1.5613099999999998e-05 0.64900726 0.66700196 0.99341375 1.0
8 1.5554864e-05 0.3420796 0.58441675 0.38393965 0.69273305
9 1.5263675e-05 0.38223379999999996 0.6534106 0.53788096 0.8240488000000001
8 1.4476447000000001e-05 0.41989985 0.66335577 0.4564442 0.7806684
3 1.4301025999999999e-05 0.29462564 0.8645579 0.81840014 0.99650455
13 1.3834327000000001e-05 0.0 0.13664882 0.31128687 1.0
3 1.3764898499999998e-05 0.36849394 0.26366362 0.7644834 0.91496027
8 1.3731090999999998e-05 0.39854357 0.7096207 0.46931463 0.7766803000000001
13 1.3729216e-05 0.66294074 0.018246498 0.9714146999999999 0.44426859999999996
13 1.3322899999999999e-05 0.0 0.025902888 0.38746540000000007 0.7099865
3 1.3134652e-05 0.44229022 0.69241464 0.52148867 0.78955275
8 1.2986804e-05 0.42451414 0.12356603 0.77913624 0.7907153
3 1.2934164e-05 0.33172312 0.61874247 0.38078654 0.6817947
8 1.2856729000000001e-05 0.48212057 0.7185579000000001 0.872972 0.9779889
9 1.2845542e-05 0.35322458 0.6861765000000001 0.5749101 0.80728316
8 1.2726087e-05 0.32624894 0.62236315 0.36874476 0.6763045999999999
8 1.2492023e-05 0.27893245 0.46818584 0.49309140000000007 0.8895255999999999
8 1.1940147500000001e-05 0.041049186 0.84611446 0.3080825 0.9815413000000001
