8 0.81889004 0.27842164 0.44423574 0.4744170999999999 0.6219701
8 0.68240374 0.8103178000000001 0.38243178 0.95095694 0.5292275
8 0.46071044 0.59902745 0.48746908 0.74755216 0.6608937
8 0.3295864 0.8248907 0.38173047 0.93446153 0.4350872
3 0.29275215 0.27307063 0.4851348 0.31826177 0.53476226
3 0.26557538 0.60579485 0.45061234 0.7942778 0.695956
3 0.26136634 0.82640046 0.38128763 0.9328984 0.51557946
3 0.22702074 0.8433881 0.37613670000000005 0.9369755999999999 0.42612946
13 0.20158352 0.5817321 0.33107954 0.8424126000000001 0.5135967
8 0.13354121 0.8238008 0.40256736 0.9228357 0.4998289000000001
8 0.123966545 0.58359325 0.3582797 0.7557691999999999 0.8047226
8 0.12372352 0.5775752 0.39384195 0.75789124 0.48808533
3 0.09739002599999999 0.5890955 0.37439720000000004 0.78710014 0.5194911
8 0.09711535 0.26413104 0.48817837 0.32856040000000003 0.534319
13 0.06174801 0.6351602 0.47502875 0.76481694 0.70307845
3 0.05308448 0.28838167 0.54367477 0.35689017 0.6211269
8 0.047007762 0.22525520000000002 0.39691254 0.52980167 0.65845644
8 0.046165172000000004 0.61964166 0.48972332 0.7242264 0.7174513000000001
13 0.028618418 0.26049885 0.48872200000000005 0.3273713 0.53332025
3 0.027509594 0.5936005 0.36008555 0.76170576 0.77961797
3 0.016083341 0.3184417 0.44022074 0.5046751 0.6321909000000001
13 0.013025395 0.59283394 0.35509714 0.8172919 0.9554706000000001
13 0.010933223999999998 0.8445474000000001 0.37425694 0.9389251000000001 0.43184540000000005
13 0.009654342 0.8071475 0.38313183 0.9757534 0.523324
13 0.007711027 0.7726755999999999 0.41386175 0.9417771 0.5223485999999999
13 0.0059696864 0.6198053000000001 0.49270290000000005 0.73906654 0.7428129
8 0.0057163430000000005 0.3087877 0.49622464 0.48106459999999995 0.6402178000000001
8 0.005715570400000001 0.5479364999999999 0.40277115 0.73257416 0.50375134
2 0.005589603 0.64064837 0.47450873 0.7791359 0.6894471
11 0.005326622 0.5953651 0.5168088 0.72834384 0.6896342
8 0.005228160999999999 0.57195175 0.46493370000000006 0.7324029000000001 0.6316906999999999
10 0.0051972372 0.6550669 0.43619594 0.7961531999999999 0.65361875
11 0.0051466343 0.6188746 0.5481666999999999 0.7473436 0.7146829
12 0.00459173 0.6557604 0.41171226 0.8167986999999999 0.59849125
13 0.004514817 0.5522871 0.37715796 0.79577714 0.52040136
2 0.004373491 0.8196148999999999 0.36272350000000003 0.99999994 0.49932232
7 0.004103239 0.58797395 0.44393733 0.7738733 0.70747626
2 0.0039928495 0.26047364 0.47623456 0.35671237 0.53180116
2 0.0038245092 0.60032547 0.34049666 0.82373583 0.4786318
13 0.0033868522999999998 0.5775404000000001 0.48741394 0.7601244 0.6663806999999999
5 0.0033051804999999997 0.5709847 0.4814278 0.7773748 0.6426723000000001
10 0.0028143013 0.61502504 0.46879038 0.7559372 0.6447358
13 0.0028129944000000002 0.8248053 0.35208654 0.95916635 0.5602736
11 0.0028044614 0.6536441 0.52874875 0.7767582 0.68728113
8 0.0027812226 0.81905985 0.4282138 0.8979824000000001 0.5090139
8 0.0025722298 0.28254807 0.55496746 0.35784522 0.61213714
8 0.0024582942000000003 0.5440441 0.4203507000000001 0.72084284 0.55043334
13 0.0024373424 0.62134355 0.5140225 0.80575824 0.6815087
9 0.0022926952 0.3211463 0.43302405 0.5267464 0.54410714
13 0.0022117798 0.81763035 0.41203007 0.9069231 0.4942934
7 0.0021800676 0.5533748000000001 0.31571653 0.80688876 0.5328299
2 0.002049242 0.6016666 0.33583850000000004 0.838303 0.9336929
4 0.0019919113 0.66944087 0.46436796 0.7874471 0.6491348000000001
9 0.0019880403 0.8263009 0.40639200000000003 0.99999994 0.5146515
2 0.0018880085999999998 0.83060765 0.37047088 0.9536754000000001 0.42822170000000004
8 0.0018740192 0.5872699 0.24566948 0.90170974 0.8976697
3 0.0018738144 0.26889032 0.49162096 0.32600904 0.55222756
5 0.001824372 0.5641771 0.5022649 0.783662 0.85774446
8 0.0018138551 0.5868996999999999 0.44398057 0.7531736 0.6001552
13 0.0018060982 0.23485819 0.41029578 0.47949309999999995 0.5719955
6 0.00179702 0.58023965 0.54235685 0.8555688 0.72646123
2 0.0017891360999999998 0.8432045 0.38898432 0.96170473 0.44928149999999994
2 0.0017529234 0.8086625 0.34086767 0.9765273000000001 0.53816485
1 0.0015933244 0.2530031 0.49601746 0.31686452 0.53544843
7 0.0015841941 0.6114445 0.39476976 0.7783799 0.6567684
6 0.0015817270999999998 0.56609213 0.5179771 0.8254360000000001 0.6775465
8 0.0015678128 0.2697301 0.43938357 0.6941731 0.88776106
3 0.0015536235999999998 0.83571917 0.40171847 0.9167019000000001 0.53018403
10 0.0015258205 0.8533415999999999 0.39267212 0.9264374 0.4890732
7 0.0014832667999999999 0.7804814999999999 0.37147620000000003 0.99999994 0.5479426
13 0.0014784728 0.6043853 0.5411252 0.76582104 0.7722889000000001
13 0.001468511 0.7983539000000001 0.39145645 0.9199911 0.47536027
7 0.0014578608 0.24247655 0.47177452 0.33981064 0.5417984
3 0.0014574039000000002 0.015180681000000001 0.4268163 0.05590292 0.4956067
2 0.0014246764999999999 0.7906773 0.33504647 0.99999994 0.46836102
7 0.0013956120999999999 0.69681597 0.37381813 0.9736528 0.55434966
2 0.0013758094000000001 0.64502704 0.4126553 0.78713465 0.6313873999999999
9 0.0013433126000000001 0.8438466 0.38807455 0.93661755 0.43343230000000005
2 0.0013290957999999998 0.5740662 0.38255459999999997 0.81381327 0.50290126
11 0.0013092617 0.64561886 0.44475338 0.73242384 0.7912569
8 0.0013064603999999999 0.14307785 0.34041226 0.616104 0.9176732
5 0.001303396 0.53272 0.38920757 0.77873385 0.48554415
11 0.0012565064 0.6201814 0.42535067 0.71423984 0.8251443000000002
5 0.001203875 0.58421206 0.5590639000000001 0.79613674 0.95226353
10 0.0011832444 0.6787227 0.41397935 0.7646733 0.6973771
9 0.0011819502 0.83299816 0.374583 0.97814167 0.5247099000000001
10 0.0011661913000000001 0.6616335999999999 0.45560402 0.74484605 0.7098945
1 0.0011282979 0.5601461 0.48583552 0.71714103 0.6249799
8 0.0011180205000000001 0.49702078 0.3903784 0.751729 0.8220127
4 0.0011169883999999999 0.8673394 0.36910149999999997 0.99999994 0.55997
12 0.0011132687 0.8439763000000001 0.38886648 0.9666227 0.4553996
1 0.001105226 0.80422705 0.41875315 0.95856375 0.5327456
9 0.0010644521 0.6066075 0.43175903 0.75479937 0.6979105999999999
9 0.0010469991 0.6434850000000001 0.45125148 0.81570786 0.679176
12 0.0010469011 0.2576105 0.4753602 0.3551667 0.5206738000000001
8 0.0010350136 0.011050303000000001 0.42743450000000005 0.05219586 0.48240724
9 0.001022923 0.83210915 0.40371233 0.9514164 0.4637888
12 0.001014435 0.64675856 0.42711640000000006 0.75423396 0.70188725
6 0.0010077906 0.7935728 0.39082506 0.99999994 0.5401919
8 0.0009990484 0.5313913 0.35304245 0.78590703 0.67045873
9 0.0009923858 0.8305812 0.40064692 0.9581748 0.55724096
11 0.0009854701 0.64080876 0.24877961 0.7565746 0.9224981
11 0.0009738575 0.8712943000000001 0.3628259 0.9869459 0.5578065
13 0.00096346426 0.6268531999999999 0.50254387 0.7452305 0.5699022
1 0.0009562751 0.5633395 0.37283376 0.77717716 0.82820404
13 0.0009545513000000001 0.8277796000000001 0.38570726 0.91345316 0.42575747
9 0.0009514632000000001 0.27424392 0.485771 0.34526762 0.5379374
1 0.0009430898 0.58333254 0.40029746 0.79630816 0.49007225
7 0.0009400472 0.49560305 0.20151073 0.8304269 0.90998834
2 0.0009344441 0.6044457 0.48142067 0.83469135 0.6158245
12 0.00093120657 0.6607003 0.38106647 0.7683669 0.65457135
2 0.0009238777 0.65461224 0.42611676 0.7427855 0.7380643
5 0.0009125231 0.7500425999999999 0.43439546 0.9615158000000001 0.57027394
12 0.00091238983 0.853142 0.4097567 0.93066674 0.5016265999999999
7 0.0009064322 0.7599063 0.34037137 0.9668283000000001 0.613049
6 0.00090108946 0.534275 0.3857927 0.8563396999999999 0.92444235
1 0.0008955463000000001 0.61197555 0.49831575 0.7558866999999999 0.64119977
4 0.0008908076 0.6537957 0.432113 0.76847154 0.6054753
4 0.00088275905 0.6356361 0.37085742 0.84292763 0.47173616
1 0.0008561182000000001 0.84384274 0.38541287 0.93417794 0.42984748
3 0.0008451314999999999 0.87291944 0.41854268 0.9818339 0.5519123
12 0.0008282017 0.56077677 0.3489703 0.8805379999999999 0.44569546
2 0.0008200864 0.6748259 0.39776734 0.7588708000000001 0.72826064
12 0.00080037187 0.7920428 0.36785552 0.99999994 0.49789304
5 0.0007992068400000001 0.6307595 0.5074715999999999 0.7324717 0.7770803000000001
5 0.00079080503 0.6922670999999999 0.4218653 0.97381496 0.5267377
10 0.0007836535000000001 0.639955 0.30868202 0.81715 0.5130087000000001
9 0.00078064954 0.8487162 0.40916392 0.9223723 0.5008077999999999
2 0.0007796141 0.2928171 0.40385488 0.5421024999999999 0.53203523
3 0.0007775679700000001 0.2973278 0.4972144 0.48071040000000004 0.65454435
4 0.0007687351299999999 0.6233395 0.46717378 0.7473874 0.6378705
1 0.0007577836 0.74152833 0.40550837 0.9255256 0.5285972
4 0.0007554752000000001 0.6276069000000001 0.27585497 0.8145103 0.86030275
11 0.0007441065 0.81263596 0.35585418 0.95768887 0.5623446999999999
5 0.0007305353599999999 0.80438364 0.42748296 0.9062769 0.49684098
10 0.0007300997 0.6263175999999999 0.20678224 0.79705095 0.96255076
10 0.00072666665 0.64267343 0.49224195 0.72978115 0.7123802
8 0.0007205427 0.07017913 0.44278103 0.39709723 0.9432383
13 0.0007081958000000001 0.5324873999999999 0.46305758 0.8300622 0.8684245999999999
2 0.0007002821 0.8437169 0.40609983 0.91917855 0.49712947
7 0.0006889489999999999 0.5608786 0.5015913 0.7473003 0.7308158
12 0.0006776386 0.2993533 0.4021584 0.55668545 0.5275035
4 0.0006756911999999999 0.6713416999999999 0.41113436 0.7572299 0.6616107
1 0.0006648362599999999 0.5898781 0.52209544 0.7399785 0.67122865
10 0.00065693184 0.8371119 0.410837 0.91642576 0.49322492
7 0.0006475033 0.6283063 0.4544263 0.73044693 0.7376693
11 0.0006469779000000001 0.84507173 0.30734570000000005 0.9446254000000001 0.61639893
13 0.0006445512400000001 0.24232225 0.4689705 0.49739888 0.6008238
13 0.0006346791999999999 0.27223757 0.5645361 0.35227427 0.6152375
12 0.0006328189 0.5172475000000001 0.24172331 0.8538614999999999 0.7600918999999999
12 0.0006070786599999999 0.8485078000000001 0.36953825 0.96011436 0.41999725
11 0.0006069692 0.27925697 0.48703727 0.32016283 0.54009837
4 0.00060511 0.8539936 0.39803255 0.93931943 0.46322805
11 0.000599293 0.67025787 0.45385712 0.7502093000000001 0.72250366
11 0.0005771618499999999 0.8401385 0.4039841 0.8916705 0.5243979999999999
7 0.000575924 0.8319261999999998 0.36819077 0.9348414 0.44172219999999995
8 0.0005673399 0.5118315 0.42628995 0.85263187 0.89456934
9 0.0005629387 0.63375133 0.29121345 0.7947529000000001 1.0
1 0.0005608841 0.7811427 0.41793013 0.92319286 0.5643048
5 0.0005585043700000001 0.22389777 0.49521843 0.33831015 0.5321998
9 0.0005540909 0.64849836 0.48340943 0.7259017 0.79768264
11 0.0005540046 0.6603401 0.3178364 0.7961220999999999 1.0
12 0.0005467383299999999 0.8514620999999999 0.38951805 0.93228024 0.4789402
1 0.00054544955 0.754939 0.38472399999999995 0.93114567 0.49445707
8 0.0005405545 0.6356859 0.5041401 0.7231960999999999 0.5732980999999999
11 0.0005323995 0.6605462 0.3831179 0.7548364000000001 0.5076214
13 0.0005301979 0.18811733 0.44571373 0.56257254 0.68423176
1 0.0005271447599999999 0.83019257 0.42212352 0.91486126 0.50586945
12 0.0005231823000000001 0.6538901 0.46031368 0.8270027 0.648291
13 0.0005202321 0.7901130000000001 0.42458090000000004 0.91826653 0.48724774
9 0.0005094523000000001 0.64869356 0.36027423 0.8495427 0.5372755
12 0.0005064975700000001 0.7804557 0.3203881 0.99079114 0.49976763
1 0.00050189206 0.23850715 0.44493663 0.45454893 0.5477010999999999
1 0.00050109654 0.5836868000000001 0.46169090000000007 0.73504466 0.59365225
13 0.000498526 0.251692 0.50720584 0.3338738 0.552426
13 0.00049180805 0.8288495000000001 0.39506236 0.8941207 0.5105375
5 0.0004887944 0.49717823 0.41607854 0.74750316 0.51360583
11 0.00048702557000000003 0.6636974 0.55019754 0.79156107 0.74053705
13 0.00048532538 0.6220611999999999 0.5315352 0.75229853 0.5977952
9 0.00046847519999999995 0.8280113000000001 0.41021943 0.9023715 0.50385875
1 0.00046669290000000003 0.8095889000000001 0.40453064 0.9123954 0.45958486
6 0.00046464725 0.6049014 0.5617141 0.794407 0.775648
4 0.00046287629999999997 0.85221976 0.39554334 0.9202994000000001 0.5090624
7 0.00046097562999999995 0.64821684 0.4064316 0.749582 0.72625846
3 0.00045982664000000003 0.63469034 0.47129908 0.7692681 0.5598695
6 0.00045557405 0.8292431 0.40307218 0.94805825 0.47079748
8 0.00044848555 0.035935897 0.34397328 0.23305862 0.97137344
4 0.0004441529 0.2777616 0.48688748 0.3440937 0.53602487
10 0.00044344851999999997 0.82048994 0.3871571 0.93428427 0.45360062
7 0.00043964753 0.8334790000000001 0.40324953 0.9148146 0.5226052
8 0.000439014 0.60990465 0.5680576 0.6732033000000001 0.6554651
9 0.00043648083 0.845793 0.38822088 0.92154735 0.47924170000000005
3 0.00043598912 0.63148594 0.49399284 0.7658508 0.58424604
5 0.00043174363 0.64261717 0.5040184 0.76379347 0.7414741
7 0.00042783059999999996 0.83454484 0.38837454 0.95639694 0.46962333
10 0.0004268415 0.6584576999999999 0.26877555 0.83661485 1.0
5 0.00041430042 0.56912005 0.52840394 0.7485526 0.70854706
9 0.00041239877 0.671315 0.44819847 0.7542403 0.7607433000000001
11 0.00040718066 0.86256564 0.40426913 0.91081274 0.51406145
12 0.0004068928 0.54789233 0.35375816 0.87862164 0.85799015
4 0.00040087703 0.81232005 0.3933317 0.97915024 0.54511184
6 0.00039786164 0.56865126 0.3948624 0.9097751000000001 0.52288216
6 0.00038813807999999995 0.24464022 0.49142468 0.3581219 0.5401453
1 0.00038114595 0.8089930000000001 0.42093542 0.88975585 0.50063086
3 0.0003796722 0.62205225 0.5652259 0.68522215 0.66630197
13 0.0003772253 0.65316474 0.49802979999999997 0.7376161 0.59256023
2 0.0003764548 0.8267334000000001 0.41170633 0.9113233000000001 0.48206544
3 0.00037526059999999997 0.57622623 0.39573917 0.81762487 0.8507815000000001
10 0.00037257464 0.6211059 0.5158134 0.76379514 0.6838904
6 0.0003721322 0.83481884 0.41780615 0.938966 0.5005491
8 0.00037024464 0.04983967 0.22980599 0.28780037 1.0
12 0.00036933260000000004 0.6384274000000001 0.4606035 0.8599256 0.58699214
9 0.00036492533 0.3229199 0.47028887 0.53093374 0.5995381999999999
2 0.0003606093 0.6325619 0.4453939 0.8440485000000001 0.59879315
4 0.00035891117 0.6783446999999999 0.5029903 0.7912268 0.6872180999999999
5 0.00035884182 0.7705803000000001 0.4168483 0.99999994 0.5523888000000001
13 0.0003562232 0.83492666 0.37546912 0.93667024 0.47740623
10 0.00034664452000000005 0.58711445 0.46908373 0.82348585 0.6266801
4 0.00034101369 0.8764004000000001 0.37292126 0.9556326999999999 0.43672273
10 0.0003374689 0.28295679999999995 0.47267696 0.3483352 0.5420979
3 0.00033012364000000003 0.29385036 0.39589325 0.5757839 0.6565319000000001
1 0.00032888848 0.80533725 0.3937418 0.8838982 0.4707912
10 0.0003231384 0.87536526 0.33571595 0.99999994 0.53354514
13 0.00031438627 0.0063304673 0.4230081 0.051570322 0.48152885
2 0.00031434933999999995 0.85065466 0.37598693 0.93067974 0.4725543
13 0.0003103079 0.80591524 0.42229754 0.8883565999999999 0.49851263
8 0.00030433740000000004 0.63385797 0.48475674 0.7274472 0.54583013
4 0.0002941779 0.8508858 0.37496766 0.93452835 0.43558356
5 0.00029413414 0.79829884 0.3896486 0.9293181999999999 0.43273422
5 0.00028708018 0.16617346 0.4813567 0.52468073 0.5542418
8 0.00028636225 0.26832090000000003 0.12697338 0.6217165 0.6682064999999999
8 0.00028619827999999995 0.33179373 0.17853485 0.7925665 0.8452332
2 0.00028487798 0.8342535 0.38045973 0.91884124 0.4526339
13 0.00028381277999999996 0.86039567 0.4354987 0.97942615 0.5210045999999999
10 0.00028353746 0.6591888000000001 0.48558554 0.7434005 0.5661503000000001
4 0.0002819392 0.65398777 0.46377290000000004 0.73798466 0.6963782
12 0.00028096678 0.7445663 0.34652787 0.99999994 0.46761084
13 0.00027988982000000005 0.80390376 0.4544460999999999 0.9235935 0.5012263
5 0.00027783416000000003 0.16994858 0.5060527 0.52249324 0.5794196999999999
7 0.0002726817 0.58401716 0.49776940000000003 0.82634145 0.68193555
4 0.00027223365000000004 0.8405874 0.379625 0.96769595 0.59756535
10 0.0002704032 0.8544163 0.36694548 0.9195962999999999 0.45671973
13 0.0002561925 0.28129515 0.35447574 0.7342304000000001 1.0
12 0.00024954262 0.63377446 0.42843157 0.88355654 0.56385547
10 0.00024894767999999995 0.29876402 0.39247045 0.51739484 0.526055
8 0.00024409617000000001 0.06318551 0.17845355 0.43032497 0.74199444
2 0.00024098944999999998 0.56869376 0.45686483 0.80903083 0.5941578000000001
9 0.00023887947999999995 0.35618567 0.46174312 0.56997913 0.566423
11 0.00023880664 0.6703157 0.5156405 0.74166965 0.5683036
3 0.00023399662999999996 0.5832397 0.41968462 0.7901945 0.56710047
8 0.00023281369999999998 0.2613503 0.49567968 0.33191606 0.5550116
5 0.00023012362 0.6793461 0.40596995 0.99999994 0.49762535
5 0.00022601748 0.7696057 0.41744655 0.94850594 0.45587206
9 0.00022583656000000002 0.6448164000000001 0.5126137 0.8032210999999999 0.7297467
1 0.00022576447999999997 0.24519113 0.46957424 0.46159947 0.5784187
13 0.00022146863999999996 0.5233899000000001 0.31647529999999996 0.8412685 0.80216086
5 0.00022076817000000004 0.17079091 0.4569275 0.52649146 0.523091
2 0.00021841078999999998 0.28092623 0.44950572 0.53472114 0.5782383000000001
4 0.00021683211 0.3328056 0.46388662 0.5080698 0.59844655
7 0.00021612247000000003 0.28969935 0.40104553 0.5132587000000001 0.574909
10 0.00021517511000000003 0.6567786 0.5194565 0.74928135 0.59306806
13 0.00021377353999999998 0.6141452 0.5886831 0.6886008000000001 0.65743595
11 0.00021344234 0.87037396 0.36655006 0.9253669 0.4387376
1 0.00021014970000000002 0.83863634 0.40499458 0.9366113000000001 0.45812872
13 0.00021011717999999997 0.65144247 0.52586585 0.74258614 0.6149376999999999
9 0.00020977521000000002 0.8232984 0.38770658 0.90058684 0.48475817
6 0.00020872417 0.8124180999999999 0.42912462 0.9418816999999999 0.48704442
1 0.00020803443999999998 0.63029397 0.46255526 0.7423201 0.67360055
9 0.00020785167 0.627153 0.4760992 0.70463115 0.81480324
1 0.00020515038 0.8263035 0.39207587 0.9084778 0.47212693
6 0.0002040461 0.7171960999999999 0.37283862 0.99999994 0.5133873999999999
8 0.00020009022 0.03524801 0.17659356 0.2721181 0.73512757
10 0.00019902174 0.89229953 0.35137564 0.9570579 0.43435395
11 0.00019851234 0.64026666 0.40163073 0.73281753 0.53646034
11 0.00019506706000000003 0.62359846 0.58070475 0.761013 0.79155296
2 0.0001945627 0.8114216999999999 0.42259398 0.9346004000000001 0.47350138
10 0.00019351763 0.86959726 0.36008188 0.94107866 0.43158823
1 0.00019335111000000002 0.8082616 0.38566459999999997 0.897122 0.42574809999999996
13 0.00019245383999999999 0.6246305 0.47598472 0.73253465 0.5495924
5 0.00018895991000000001 0.8001720999999999 0.41162735 0.9072374 0.47161657
1 0.0001889468 0.6057313 0.42785296 0.72298086 0.6368249
8 0.00018818228 0.4159036 0.4351934 0.76841944 0.90391064
11 0.00018537107 0.8431155 0.3360025 0.9644406999999999 0.52667785
12 0.00018428569 0.29901865 0.45510724 0.5555952 0.582488
6 0.00018265311999999997 0.8115954000000001 0.3830429 0.97886425 0.43912938
4 0.00018218382 0.6327461999999999 0.5114811 0.7452506999999999 0.6769621
6 0.0001819066 0.26433754 0.45162624 0.53612274 0.5621064
8 0.00017833807000000002 0.25302976 0.28712094 0.7370057 0.7941175
8 0.00017831386999999998 0.5207967 0.16105019 0.85493743 0.7834894
9 0.00017547251 0.6089855 0.50373834 0.74371177 0.74535793
3 0.00017515245 0.6218079000000001 0.43680686 0.81171995 0.62841964
10 0.00017498607 0.6191088 0.43709615 0.83134127 0.59682524
10 0.00017361727 0.81023127 0.41987129999999995 0.9252381 0.48174572
3 0.00017282963 0.13255239 0.15932523 0.2890748 0.22343911
13 0.00017049252000000002 0.5715361999999999 0.43538702 0.7694944 0.6177866999999999
4 0.00016674669999999997 0.8757233 0.39588340000000005 0.95727164 0.46328685
13 0.00016632276999999998 0.5291934 0.4085753 0.77103144 0.5564237
2 0.00016485738000000002 0.64004457 0.5049090999999999 0.8446725 0.6545724
5 0.00016282056 0.82896996 0.41708264 0.88702935 0.5235899
7 0.00016196552 0.27802540000000003 0.45444906 0.49308354 0.61979055
