8 0.9915059000000002 0.3370223 0.34580624 0.51985776 0.48155716
3 0.9207780999999999 0.0008764714 0.36280733 0.1280373 0.54655415
3 0.80369633 0.21119112 0.40626353 0.24678606 0.4652317
3 0.78398836 0.8033488 0.34779638 0.93902254 0.45209897
3 0.6938888000000001 0.05036533 0.5460334 1.0 0.9881576999999999
3 0.6908264000000001 0.23209791 0.38093603 0.34683812 0.46983075
3 0.60853016 0.7990415 0.3813123 0.8469398000000001 0.45123209999999997
8 0.44342744 0.22394039 0.3762908 0.34976798 0.47134942
8 0.43294004 0.45622072 0.3778315 0.5311686 0.47852448
15 0.34971902 0.8194950000000001 0.53962547 0.8731374 0.60523593
