3 0.8706847 0.12109775 0.51133394 0.31260970000000005 0.7620571
8 0.42395374 0.09587968 0.46387118 0.33950806 0.76146007
8 0.037276287000000005 0.13460350000000001 0.54102594 0.3067788 0.74636894
8 0.030795523999999998 0.60571384 0.5178918 0.6613116 0.55432194
3 0.019758185 0.60768914 0.5126036 0.66249084 0.5535245
8 0.006943392 0.14262249999999999 0.49925417 0.25239226 0.75459886
3 0.006091218000000001 0.13972555 0.44399890000000003 0.34157473 0.73952776
13 0.0039645927 0.092625365 0.49103552 0.41474074 0.80097055
8 0.0038741885 0.120223545 0.58087814 0.26705229999999996 0.75064653
13 0.0036928997999999998 0.60638595 0.5087347 0.6668371999999999 0.5539482
8 0.002141739 0.011369853999999999 0.52875835 0.08275308 0.6585976
13 0.0017074571 0.040463373 0.5577064 0.33460492 0.77520055
9 0.0013451797 0.082934014 0.49544847 0.2875866 0.7636934
8 0.0013446062 0.0371695 0.3057205 0.33444124 0.85017544
13 0.0012256167 0.12820001 0.5229362 0.3509345 0.86166954
8 0.0011226647 0.1147077 0.39684466 0.29596037 0.8122775999999999
5 0.0009593945 0.0 0.562225 0.28762993 0.8153334
1 0.0009418802 0.0 0.5410427 0.23314127 0.73193884
8 0.00091586163 0.07440753 0.1598281 0.35387456 0.76029664
3 0.0008361339599999999 0.13370377 0.49341178 0.31963053 0.6735196
13 0.00082046975 0.009784818 0.49886867 0.35560274 0.7466535
9 0.0007774217 0.10801886 0.5163511 0.36294025 0.7861467
8 0.000678368 0.15058829999999998 0.1794628 0.45597622 0.7190115
5 0.00060673966 0.07225326 0.6225936 0.34538794 0.9015014000000001
1 0.0005978418 0.0 0.49891692 0.24375588 0.7630169
9 0.00059752085 0.16644764 0.52457815 0.48940206 0.7926588999999999
13 0.0005788081299999999 0.11526761 0.5551816999999999 0.28104609999999997 0.7575763000000001
5 0.0005626201 0.008193836 0.5968230999999999 0.4433555 0.82240206
7 0.0005573056400000001 0.0 0.3935468 0.29542273 0.8791091000000001
11 0.0005434144400000001 0.045638338 0.40967349999999997 0.21921457 0.82816994
5 0.0005319461 0.0 0.5729371 0.40657009999999993 0.7746816999999999
13 0.0005151247 0.09792643 0.51046383 0.26194784 0.7204783
4 0.00051207194 0.20253596 0.47013474 0.502396 0.87449574
11 0.0005046322 0.069414854 0.41373304 0.28193584 0.8741351
2 0.0004892135 0.11404808 0.43183130000000003 0.48120224 0.73613393
7 0.00042192065 0.0 0.4686815 0.4428901 0.87407297
8 0.00040692775 0.00039643794 0.4450375 0.13668147 0.77684945
1 0.00040182905 0.05546941 0.5667464 0.34649545 0.7998356
13 0.00040094904 0.089696094 0.6052863 0.34854179999999996 0.7366533000000001
2 0.0003934546 0.6145529000000001 0.5032987 0.67795295 0.5555707
2 0.00039294760000000003 0.13559526 0.43882936 0.37986916 0.8309629000000001
13 0.00038532476000000004 0.08836334 0.5777074000000001 0.31414104 0.8712361999999999
6 0.00036612136 0.12303564 0.6095695 0.33059353 0.7541859999999999
6 0.0003616667 0.13586208 0.5464262 0.34244928 0.7032424
8 0.00035683316 0.11681351 0.5112124 0.27595413 0.6651134
1 0.00034670593 0.0 0.47670677 0.29534662 0.7097277
9 0.00033170017 0.16031271 0.59298885 0.3026744 0.7293361
5 0.00032395404 0.107536055 0.5727814999999999 0.259365 0.75451416
5 0.00030932925 0.061595887 0.6174235 0.31279725 0.74615157
7 0.00028905174 0.10610414 0.5926505 0.28367457 0.76587665
11 0.00028402585 0.18359270000000003 0.43425986 0.40908554 0.8721832
5 0.00027767106 0.0 0.52821076 0.3589753 0.73594195
5 0.00027328878 0.015194714 0.650439 0.27063286 0.9185608000000001
9 0.00027318756 0.18002929999999998 0.5680312 0.3711119 0.86957127
13 0.00026842605 0.14797279 0.6038873 0.31241927 0.7762135
11 0.00025930407 0.13425020000000001 0.5016139000000001 0.21432617 0.7768843000000001
12 0.00024914887000000003 0.0 0.43847603 0.5192690999999999 0.7074597
6 0.0002467691 0.01610905 0.5183671 0.52911484 0.85075533
9 0.00024239703999999997 0.14216968 0.5409286 0.31417593 0.8610300999999999
5 0.00024180935 0.08524814 0.56279874 0.24008742 0.7188959
12 0.00024089602999999998 0.028374299999999998 0.39104414 0.3220423 0.68785906
11 0.00023922852000000003 0.12290943 0.41123322 0.3444217 0.8407959999999999
9 0.00023834528 0.15950029999999998 0.5554171999999999 0.33576185 0.68652546
4 0.00023678142999999997 0.17322520000000002 0.53233343 0.33094957 0.72825617
11 0.00023625066000000002 0.15090856 0.52353317 0.22755688 0.8036123000000001
6 0.00023415731 0.0 0.5536959 0.39961420000000003 0.8134343
13 0.00020673787 0.06120325 0.5790512 0.29717904 0.70995945
7 0.00020497217000000001 0.13643254 0.5587169 0.30558209999999997 0.73797107
1 0.00020387843000000002 0.06243562 0.5581732 0.21629763 0.71730846
7 0.00020315926 0.0034976006 0.42596419999999996 0.3796907 1.0
9 0.00020125615000000002 0.62440115 0.51584834 0.67279273 0.55421174
7 0.00020014637 0.60648674 0.50597024 0.6665208 0.5595675
12 0.00019491967 0.15726656 0.5785296 0.33433422 0.71076757
1 0.00019380351000000004 0.089142784 0.60537016 0.24159874 0.7635014
12 0.0001855804 0.14766648 0.52793 0.33656365 0.66939664
11 0.00018343785 0.14977336 0.33518222 0.30918974 0.93648976
4 0.00017342066000000002 0.15723424 0.44979194 0.4248129 0.81500715
2 0.0001712598 0.06920533 0.360588 0.3414759 0.73106
1 0.0001711959 0.6071966999999999 0.52230173 0.65981734 0.5534291
13 0.00016830901999999998 0.15733686 0.5281562 0.26743165 0.80887747
10 0.00016717357 0.12643689 0.5316316999999999 0.30947307 0.67711633
13 0.00016713832 0.13024276 0.5076822 0.24616396 0.7852587
4 0.00016265949 0.09566543 0.41023284 0.3115533 0.8093670000000001
5 0.00016169336999999998 0.07356572 0.5770622 0.32181975 0.68770033
10 0.00015700084999999999 0.6302307 0.501595 0.67608374 0.55554605
8 0.0001540988 0.016599119 0.4642529 0.21133924 0.9889292
12 0.00014917541000000002 0.61111426 0.5070854 0.67582285 0.54954463
4 0.00014812395 0.17733026 0.47239659999999994 0.39220285 0.9438436
5 0.00014778912 0.5927883 0.5221709 0.6680041 0.5546923
13 0.00014212762 0.13028094 0.39607713 0.30797336 0.9515921
1 0.00014102622 0.0971646 0.57609713 0.27906978 0.71041495
13 0.00013091593 0.1848129 0.5114389 0.30067176 0.8093197
1 0.00012956993 0.10681876 0.61179626 0.28707913 0.74251485
2 0.00012543361999999998 0.036155105 0.39060348 0.41754937 0.67490375
5 0.0001247857 0.12946 0.6147771 0.26536447 0.8111825
10 0.00012379056999999998 0.16323267 0.4908669 0.2746398 0.6965034999999999
12 0.00012318647 0.058825746 0.42733859999999996 0.4056781 0.7649545
6 0.00012143479999999999 0.0 0.49468195 0.39791274 0.7425491
9 0.00011888121999999999 0.1581031 0.5374678 0.26305413 0.7443709
6 0.00011679334999999999 0.06557003 0.5703286999999999 0.43704167 0.9279972
10 0.00011674753000000001 0.11513001 0.5584210999999999 0.3246422 0.7174741
3 0.00011623941000000001 0.103148796 0.37107602 0.3236068 0.77677065
12 0.00011119620000000001 0.0 0.3952098 0.41899624 0.6497516
10 0.00010907364 0.14017443 0.541899 0.2600095 0.6993550999999999
9 0.00010892138000000001 0.1401124 0.5745091999999999 0.24514410000000003 0.7638848000000001
11 0.000108011904 0.17746526 0.51033604 0.2432692 0.73253375
3 0.00010757646 0.13533017 0.49510255 0.3811461 0.79078186
8 0.0001052001 0.023347616 0.38539723 0.27262676 0.93456775
8 0.00010160576499999999 0.038298427999999995 0.42202145 0.46880317 0.96608937
9 9.995432e-05 0.20392314 0.5337801 0.30707738 0.71272135
12 9.962183e-05 0.15324757 0.5230869 0.28630170000000005 0.718558
11 9.8967736e-05 0.22559601 0.320808 0.3967349 0.91546816
3 9.572678e-05 0.024670117000000002 0.50690293 0.10749913 0.6957661
11 9.497978000000001e-05 0.15944141 0.6159045999999999 0.26260626 0.7853486999999999
10 9.294120500000001e-05 0.11456715 0.34929585 0.34802008 0.85274935
11 9.280161e-05 0.18349226 0.5808975000000001 0.25764528 0.7098369999999999
11 9.093056999999998e-05 0.632205 0.5084844000000001 0.66346145 0.55909586
6 8.967907e-05 0.60669523 0.5224113 0.6830633 0.55868727
1 8.6938155e-05 0.0 0.5655354 0.2254563 0.81456184
7 8.6671425e-05 0.15420263 0.55519146 0.28808045 0.8150373000000001
8 8.515985000000001e-05 0.073884085 0.51991904 0.22707252 0.67233455
5 8.300618000000001e-05 0.12784025 0.5647426 0.28553608 0.9862224
9 8.226501e-05 0.11322596 0.5689917 0.27746540000000003 0.8915700999999999
10 8.110948e-05 0.20313697 0.3676171 0.5025867 0.8672304
9 7.980077500000001e-05 0.20351672 0.59110177 0.30279768 0.76174504
7 7.785908e-05 0.12020815 0.52286637 0.24794364 0.78671485
9 7.769665e-05 0.16963820000000002 0.41540420000000006 0.30176216 0.9943979
4 7.589704000000001e-05 0.62570554 0.5166752 0.66777784 0.5544806999999999
12 7.5510136e-05 0.19648674 0.58048797 0.3053573 0.7533194000000001
7 7.479479999999999e-05 0.14925165 0.50443375 0.31704682 0.6709914
1 7.4623415e-05 0.012233555 0.5920098000000001 0.28049117 0.88842404
6 7.4512e-05 0.09228807 0.5916051 0.3110263 0.71434474
5 7.1559174e-05 0.13218588 0.573283 0.2249515 0.817653
7 7.149874e-05 0.16831127 0.49429536 0.28709203 0.7624135000000001
11 7.121632e-05 0.17581931 0.52939963 0.24790168 0.8313843000000001
10 7.0550894e-05 0.179597 0.5021337 0.29256809999999994 0.73642063
11 7.03639e-05 0.17653778 0.6033673 0.2602343 0.74609977
4 7.019758e-05 0.18042168 0.50012684 0.31681323 0.65324754
5 6.986316999999999e-05 0.090767525 0.60603464 0.23598158 0.7852325
4 6.7214176e-05 0.19488075 0.49480888 0.30516693 0.7588438
12 6.691665e-05 0.13994079999999998 0.47995657 0.2725724 0.6812326999999999
1 6.5620974e-05 0.040472254 0.5992171 0.2347915 0.7231373000000001
5 6.3409985e-05 0.025835574 0.5985670999999999 0.2761511 0.71439326
1 6.3152846e-05 0.08484391 0.5175913 0.23535457 0.6941516999999999
9 6.2962536e-05 0.11954723 0.5436342 0.22764046 0.75659543
6 6.232664e-05 0.10414374 0.53229266 0.31187367 0.66338754
1 6.1273444e-05 0.09089850000000001 0.545543 0.27763218 0.67134947
11 6.0540587999999995e-05 0.15919599 0.49360275 0.22852561 0.70855176
5 5.818369e-05 0.151248 0.56424284 0.31701009999999996 0.75209904
11 5.7897534e-05 0.19277069 0.5177875 0.2594013 0.7697529000000001
10 5.616485e-05 0.19926217 0.5109585999999999 0.31316802 0.78584045
2 5.5547604e-05 0.16155584 0.527337 0.32411838 0.6495741
5 5.4038574e-05 0.16548365 0.5841089 0.25972903 0.8620225
1 5.376785e-05 0.14245987 0.62588423 0.29123879999999996 0.78182125
12 5.2634707e-05 0.12763071 0.4970576 0.31445292 0.6369352
3 5.1724626e-05 0.1659163 0.24945644 0.48344776 0.894228
9 5.1238687e-05 0.10010809 0.44912747 0.4258067 0.7535049
5 5.1207553e-05 0.076252215 0.55520964 0.31795833 0.6546724
10 5.1055459999999997e-05 0.23700893 0.28292575 0.42773545 0.9347683000000001
9 4.9269547e-05 0.16152301 0.6031616 0.2626695 0.7875276999999999
4 4.8983315000000004e-05 0.21915197 0.46300355 0.32116765 0.73536235
11 4.8209741999999995e-05 0.13737665 0.56989175 0.21976428 0.7133345999999999
8 4.8204462999999994e-05 0.0983585 0.5504594 0.24101056 0.7359258000000001
3 4.7968497e-05 0.13038783 0.20525101 0.36114179999999996 0.68398446
10 4.7061683000000004e-05 0.20839119 0.41978326 0.2691845 0.784289
1 4.6991724999999994e-05 0.14973146 0.54702467 0.246346 0.76857364
2 4.6540943e-05 0.060308203 0.47068855 0.33730555 0.80876005
4 4.565581e-05 0.15600482 0.47641328 0.28358033 0.7189985
3 4.484751e-05 0.011502688999999998 0.5296506 0.053278603 0.59661394
11 4.4524679999999996e-05 0.13232008 0.591763 0.22488785 0.75414914
6 4.4388675e-05 0.15355101 0.6117412 0.34719333 0.80849004
6 4.3905227e-05 0.086965576 0.56243694 0.30110264 0.68777514
10 4.389129e-05 0.13909155 0.5863819 0.26321167 0.7791173000000001
1 4.2257092000000004e-05 0.106255785 0.5487694000000001 0.209983 0.7611393
12 4.0253013e-05 0.20411228 0.58720624 0.3624091 0.7265265999999999
10 3.997014e-05 0.19228493 0.44691586 0.2553283 0.7688401999999999
6 3.982948e-05 0.1513375 0.5906326999999999 0.3815272 0.7318005999999999
11 3.9407357999999997e-05 0.21391694 0.52661437 0.27579770000000003 0.8008218
11 3.883301e-05 0.10000103 0.32951862 0.26029688 1.0
12 3.81571e-05 0.18716744 0.51645714 0.26471165 0.7591770999999999
2 3.7982496e-05 0.14924788 0.21961623 0.32905009999999996 0.8501979
9 3.726692e-05 0.21973765 0.5576791 0.32719672 0.7308204
11 3.5109824e-05 0.1524127 0.5526384 0.2323855 0.68564403
13 3.506722e-05 0.079275586 0.4848017 0.2991477 0.6672554
9 3.4443117e-05 0.126447 0.53024286 0.29728347 0.67517924
8 3.2874990000000006e-05 0.012864463000000001 0.41140467 0.14494079999999998 0.6774085
3 3.2811084e-05 0.19169109 0.21234739 0.46991545 0.6813081999999999
9 3.2351007e-05 0.19359422 0.5446352 0.25994542 0.7925926999999999
8 3.234593e-05 0.25091377 0.16859314 0.54945254 0.7751334
8 3.2118114e-05 0.010946181999999999 0.5255149 0.039246257 0.5930739
7 3.2106709999999996e-05 0.15260525 0.5913944999999999 0.33048259999999996 0.7667061
4 3.167151e-05 0.21322536 0.52196234 0.34632283 0.70160097
12 3.101402e-05 0.2117133 0.5244564 0.28701925 0.76340574
11 3.091787e-05 0.16892986 0.39171904 0.22419865 0.8719212
10 3.0717456000000005e-05 0.18308796 0.4594798 0.28129166 0.66512674
1 3.0089215e-05 0.18558651 0.5501643 0.27593532 0.7721806999999999
2 2.9228599e-05 0.12672427 0.57830304 0.29497665 0.7081066999999999
11 2.8037670000000002e-05 0.18695045 0.3939823 0.23596334 0.8500690000000001
1 2.8011342e-05 0.083543874 0.30522448 0.29009673 0.81607497
4 2.7900269e-05 0.12669438 0.51367456 0.32181576 0.9575222
10 2.7897251e-05 0.17628358 0.47375968 0.24100287 0.7602999
13 2.6459813e-05 0.13642298 0.47495678 0.21769114 0.53144306
6 2.5595824e-05 0.0 0.5930174 0.34513879999999997 0.8848005999999999
1 2.5397952000000002e-05 0.14430943 0.60114163 0.31091976 0.72575915
11 2.5321382e-05 0.20451479 0.39945322 0.2513462 0.82026803
13 2.5054766e-05 0.0 0.49168053 0.09151097 0.6538451999999999
6 2.3964318e-05 0.10741853 0.64666486 0.34719893 0.77427226
3 2.337383e-05 0.14796953 0.48399618 0.21537139 0.5298353
7 2.3327948000000002e-05 0.16492805 0.46864609999999995 0.25753894 0.8442185999999999
1 2.3125698000000002e-05 0.0 0.42642048 0.34884417 0.6749185999999999
3 2.2797064999999997e-05 0.12283218 0.48418707 0.28833777 0.86296743
8 2.2788734e-05 0.022355537999999998 0.17491569 0.14482799 0.8677886999999999
9 2.270855e-05 0.19682303 0.5723233 0.35521695 0.70679396
7 2.2643157000000003e-05 0.10650971 0.6385871 0.31038633 0.78496873
5 2.2381762e-05 0.12305739 0.5431642 0.2916818 0.7156789000000001
4 2.2293272000000002e-05 0.14435339 0.50553215 0.28466156 0.64984983
9 2.2024490999999998e-05 0.2267605 0.5291699000000001 0.29379398 0.78062326
8 2.1955804e-05 0.03617672 0.17805277 0.18942049 0.7331213000000001
7 2.1672635e-05 0.19485103 0.44803699999999996 0.2832595 0.8644315
9 2.1655967e-05 0.18521646 0.625758 0.32969406 0.7577486999999999
13 2.1545545999999998e-05 0.11518139 0.03735847 0.47878844 0.9882799999999999
10 2.0975394000000003e-05 0.18220508 0.5396774000000001 0.33690774 0.7132844
2 2.0327845e-05 0.13913436 0.50199753 0.25996825 0.69521224
7 1.9745485e-05 0.08420982 0.21134979 0.30956048 1.0
11 1.9598612000000002e-05 0.20207581 0.49296308 0.26107353 0.6841903
9 1.9419273000000002e-05 0.11003168 0.5784878000000001 0.2703551 0.72778064
9 1.9267599999999998e-05 0.17407796 0.5475911 0.24063793 0.8124958000000001
13 1.892285e-05 0.010740161000000002 0.597316 0.39471036 0.85230166
12 1.8879206e-05 0.113441855 0.22410204 0.32557526 0.7412396
7 1.8770217e-05 0.08419346 0.5654879 0.2535805 0.7271966999999999
11 1.8703527999999998e-05 0.18966219 0.10172441 0.29631317 0.9723331000000001
10 1.8435167e-05 0.1686496 0.41217595 0.3912384 1.0
2 1.8423041000000002e-05 0.16956991 0.5410803000000001 0.29339147 0.7650805
9 1.8376484e-05 0.07322323 0.41714049999999997 0.35769670000000003 0.7113921
5 1.8278684e-05 0.19526719 0.58401114 0.30050040000000006 0.87494004
13 1.7928287e-05 0.03557743 0.38950413 0.32187015 0.8897207
10 1.7905937e-05 0.23868787 0.38043883 0.2981121 0.81428313
10 1.788259e-05 0.18633455 0.17730121 0.35041863 0.95077246
13 1.7558497e-05 0.16403161 0.45128596 0.22270451 0.50415134
8 1.7397688e-05 0.00824001 0.5553625 0.0341305 0.6179747
9 1.7062079e-05 0.12708467 0.5997534000000001 0.23219278 0.7997558000000001
4 1.5878498999999998e-05 0.12547751 0.5004897 0.26073515 0.72587115
11 1.5586886e-05 0.14995621 0.40482840000000003 0.21010746 0.8924279
5 1.5517115e-05 0.11998086 0.6081996999999999 0.36166286 0.76844984
2 1.5250494499999999e-05 0.18567593 0.44120356 0.26281092 0.7549037
8 1.46671155e-05 0.29049045 0.23838289 0.60404176 0.88141125
5 1.4487374e-05 0.15659432 0.42239505 0.45670968 1.0
4 1.4448534e-05 0.22466622 0.39386216 0.29491234 0.7620454000000001
4 1.3693398e-05 0.18211967 0.3962487 0.43837774 0.72978604
12 1.3452122999999999e-05 0.15487857 0.51050055 0.24470328 0.75806904
11 1.3351505999999999e-05 0.22399193 0.50985897 0.2894808 0.7591619000000001
8 1.2786257e-05 0.06704695 0.35735074 0.22052324 0.8607129000000001
10 1.2643161e-05 0.15769044 0.5168172000000001 0.2289877 0.7682842
3 1.2537411999999999e-05 0.14709686 0.26999792 0.39401376 0.78540474
9 1.2211803e-05 0.15218115 0.55478597 0.22076666 0.8344573000000001
8 1.2026996999999999e-05 0.14466687 0.48666313 0.20375307 0.52203894
6 1.20058285e-05 0.14941257 0.5405897 0.3002388 0.83059293
3 1.1879083000000001e-05 0.13424721 0.50033563 0.20321164 0.5524650999999999
13 1.1791947e-05 0.0 0.022658502999999997 0.39171112 0.7199723000000001
4 1.1547775e-05 0.1848156 0.41272846 0.27138609999999996 0.7700498
6 1.1372012e-05 0.0 0.45063284 0.5121536 0.70686257
2 1.1196631e-05 0.13212833 0.5038798 0.30836090000000005 0.6106715
4 1.0984552000000002e-05 0.17988348 0.5797701999999999 0.32750392 0.7812511999999999
5 1.0880708999999999e-05 0.07150646 0.63937366 0.31988463 0.7894648
8 1.0841041e-05 0.40649265 0.24382392 0.7271816 0.9014336
2 1.0839815e-05 0.20694742 0.44734573 0.28564817 0.8062951
4 1.0638641e-05 0.1708866 0.2401758 0.31550422 0.8704175
2 1.0464371000000002e-05 0.03136474 0.51754 0.45147145 0.8084555999999999
8 1.0028661e-05 0.17172028 0.46391842 0.21501334 0.49700522
3 9.9675435e-06 0.0970495 0.51401633 0.25593683 0.6535718
2 9.881935e-06 0.1769312 0.47868574 0.29128888 0.7072116
10 9.742323e-06 0.15326205 0.6065527 0.31495905 0.79832894
3 9.620195999999999e-06 0.122443475 0.5043504 0.18554747 0.5532509
5 9.613711e-06 0.0 0.49196628 0.37634325 0.6783723
2 9.302135e-06 0.11321323 0.5533474 0.28388113 0.67174006
2 8.996622999999999e-06 0.13289589999999998 0.541303 0.24646343 0.72445774
3 8.675434e-06 0.093851194 0.28389138 0.35379487 0.9402054
3 8.667096e-06 0.17191064 0.46148756 0.22036365 0.5042519
3 8.479961e-06 0.27759176 0.24463154 0.6064609999999999 0.87423146
3 8.186454e-06 0.1999309 0.5897682 0.30091226 0.69235164
2 7.771028e-06 0.16717908 0.5479589 0.33561203 0.70249456
13 7.7565655e-06 0.0 0.14716583 0.3549496 0.9869650999999999
9 7.716475e-06 0.14338286 0.50481004 0.28148090000000003 1.0
3 7.696219999999999e-06 0.008125637 0.54625994 0.050928365 0.62951684
5 7.6278207e-06 0.0 0.311276 0.39196885 0.69793725
5 7.6144e-06 0.0 0.5072226 0.3240757 0.89277786
11 7.5905346e-06 0.2187956 0.57308674 0.30541092 0.72064215
3 7.517377e-06 0.039658107000000005 0.48369968 0.18351510000000001 0.74580956
2 7.4637846000000005e-06 0.114006646 0.52858377 0.28928685 0.635373
13 7.3976307e-06 0.40320063 0.0 0.7862376 0.99457824
8 7.3226015e-06 0.05011893 0.03930961 0.29884523 0.33410335
8 7.210104e-06 0.5768849 0.1666101 0.866226 0.8465475
10 6.8960803e-06 0.09613404 0.6113555 0.27295676 0.74607545
12 6.716781599999999e-06 0.16071884 0.46474096 0.34909922 0.61113226
3 6.5645722e-06 0.44094694 0.24688916 0.78841317 1.0
8 6.478117e-06 0.31844777 0.107615314 0.6101420999999999 0.67572606
5 6.4594389999999995e-06 0.041798472 0.39558390000000004 0.39510468 0.89399016
8 6.4052455999999995e-06 0.013820045 0.49576850000000006 0.1276556 0.8513050999999999
11 6.39673e-06 0.2393556 0.4105751 0.2850109 0.78435653
9 6.3176635e-06 0.076458395 0.090385824 0.36484268 0.83508813
