3 0.99989593 0.0021390654 0.33451092 0.12155481 0.49942008
3 0.99888533 0.16161935 0.36719245 0.31826252 0.51999694
3 0.9393855999999999 0.39623627 0.38464794 0.4577733 0.46570703
8 0.16981322 0.3961345 0.37943095 0.46458066 0.46586815
3 0.15035252 0.33264992 0.39355797 0.38676676 0.44517705
3 0.026194409 0.14171515 0.3709966 0.20046692 0.41744125
8 0.01690442 0.33435193 0.37945178 0.39775845 0.4492498
8 0.013981015 0.15590116 0.3709716 0.33517298 0.54744095
3 0.008469263000000001 0.3467427 0.38731396 0.40484565 0.44389892
8 0.0053609669999999995 0.16617784 0.34885309999999997 0.30715322 0.5150425000000001
13 0.0050795143 0.38917568 0.39245638 0.47898188 0.45838425
13 0.003756031 0.38270040000000005 0.42281090000000005 0.4697928 0.46774560000000004
8 0.0030071066999999996 0.3122116 0.35833836 0.47264186 0.47963019999999995
13 0.0028783909999999997 0.17488967 0.38775176 0.39445484 0.54235625
13 0.0028585405 0.37231648 0.40419742 0.45529926 0.45369209999999993
8 0.0027193993 0.39359838 0.37877196 0.44925535 0.43467265
5 0.0026333984000000005 0.34748340000000005 0.40470126 0.46053016 0.45124534
11 0.0025768324 0.39205575 0.39217404 0.4366004 0.45604074
8 0.0025134582999999998 0.00011035055 0.28196266 0.14426923 0.52652764
8 0.0023810123 0.14305255 0.37322322 0.19448674 0.41972247
7 0.002329209 0.36561495 0.3845186 0.45115393 0.4664116
13 0.0020413208 0.11072271 0.40851277 0.30674797 0.5314089
7 0.001999331 0.40136257 0.37974098 0.48851213 0.46166540000000006
3 0.0019926107 0.14901188 0.3634968 0.23910445 0.41807067
2 0.0018670527 0.38122493 0.38789994 0.46456242 0.43920519999999996
1 0.0017866859 0.37186334 0.40452436 0.44112429999999997 0.45280054
2 0.0017543370000000001 0.41158128 0.38226405 0.4845407 0.44491413
13 0.0016387673999999999 0.20103906 0.36819565 0.34499758 0.6053508000000001
6 0.0015869456 0.3761375 0.39208259999999995 0.45769447 0.4507433
8 0.0015386838 0.011019245 0.31997553 0.10426758 0.49314287
1 0.0015179457999999998 0.41119555 0.4068348 0.47134079999999995 0.45675713
9 0.0013626628 0.38603294 0.3899851 0.45390713 0.44429109
9 0.0013579257 0.40686214 0.39391609999999994 0.49476522 0.44613424
13 0.0013352319 0.40156105 0.38230538 0.46803418 0.48031090000000004
12 0.0013235209 0.40505308 0.39001182 0.48793990000000004 0.4503043
3 0.0012982502 0.16215090000000001 0.36875033 0.21444629 0.47111428
3 0.0012818539 0.15214679 0.36978805 0.23173708 0.4530327
3 0.0012745429 0.39951485 0.37735534 0.46394527 0.43214480000000005
10 0.0012610529 0.41202265 0.37936595 0.48224634 0.44625878
7 0.0012596681 0.37167746 0.41330904 0.46224350000000003 0.4858564
3 0.0012370098 0.32746709999999996 0.37477994 0.46213678 0.45901948
4 0.001189896 0.42394325 0.38072425 0.48944554 0.46327725
3 0.0011693469 0.009992242 0.27823004 0.14009923 0.48429313
5 0.0011253911 0.36401826 0.42844054 0.4688626 0.48140842
11 0.0010827677000000001 0.40322620000000003 0.39329395 0.45181520000000003 0.45858175
6 0.0010240524 0.3946163 0.38974607 0.49343538 0.45496017
11 0.0010087705 0.4095466 0.40906057 0.46375751 0.49429774
11 0.0009643164 0.42725664 0.3901146 0.4761777 0.45684928
5 0.0009629767 0.06610423 0.39184648 0.29067466 0.5318881999999999
13 0.0009506035 0.14875638 0.42178166 0.34209156 0.55000883
4 0.0009232942 0.40353537 0.40266457 0.47210145 0.48606747
3 0.00092208775 0.14875534 0.37233213 0.20638233 0.44336980000000004
12 0.0009185202 0.38568142 0.38937345 0.45783904 0.44551578
5 0.0008950545 0.3802008 0.40309554 0.5006308 0.45867845
1 0.00086786045 0.07837364 0.41708145 0.25952129999999995 0.5225781
9 0.0008230075 0.4009397 0.41604546 0.48097460000000003 0.47005042
1 0.000810038 0.38806704 0.4067054 0.45831558 0.4586547
13 0.0008073769 0.3808645 0.39638028 0.44216275 0.47468130000000003
6 0.00068356004 0.38627088 0.42240855 0.47966868 0.47906899999999997
3 0.0006791830499999999 0.1664121 0.37423918 0.24157189 0.51021093
7 0.0006666697 0.18705735 0.32605690000000004 0.37332454 0.52389663
11 0.0006510214 0.13238846 0.3512895 0.24349444 0.538328
13 0.0006154717400000001 0.15015039 0.37472877 0.29137734 0.5790538000000001
11 0.00061111833 0.3901942 0.35388324 0.43141827 0.47687072
8 0.0005951911 0.31806123 0.38353363 0.37466859999999996 0.45101514
3 0.00059285533 0.0042565577 0.34189355 0.07499978 0.48909542
4 0.0005887782 0.4005123 0.38126079999999996 0.47498336 0.46020459999999996
10 0.00056900363 0.37856224 0.38840562 0.45653084 0.4478625
2 0.0005592031 0.3885094 0.41444385 0.47832215 0.46403322
3 0.00055186625 0.31211925 0.39326885 0.37334877 0.44661819999999997
5 0.0005513743 0.36189774 0.4001324 0.44216904 0.4745492
9 0.0005470605 0.21846789 0.35826075 0.39325058 0.4816617
12 0.0005310901 0.19298524 0.33657143 0.39235127 0.49423873
13 0.0005260867 0.13572064 0.35672623 0.33403248 0.5347458
10 0.0005178737 0.3981588 0.41128230000000005 0.47867095 0.48273699999999997
5 0.0005150180999999999 0.10109085 0.41626376 0.33016059999999997 0.57126546
1 0.0005079418 0.19028442 0.38873509999999994 0.34619892 0.5062108000000001
3 0.0004971426999999999 0.20852712 0.35678804 0.29228148 0.5065407000000001
3 0.0004929637 0.17711557 0.36323673 0.28212112 0.41683173
13 0.00047724199999999995 0.13844417 0.37076809999999993 0.19724374 0.42900053
6 0.00047485480000000003 0.13422629 0.40655437 0.3651776 0.5668653
4 0.00047322919000000003 0.38928658 0.38317537 0.45319748 0.45564386
13 0.00046387775 0.33158055 0.3992231 0.40160856 0.45060173
13 0.00046325035999999993 0.0 0.38603202 0.11525411 0.4712076
7 0.000444161 0.40481490000000003 0.35831526 0.47268057 0.48642486
7 0.00043220224000000004 0.072451785 0.36321026 0.28251266 0.55939496
6 0.0004181163 0.09032486 0.39177483 0.3263659 0.52106106
7 0.0004075164 0.10501247 0.38224238 0.32180065 0.58522296
3 0.00040679605000000003 0.20782275 0.37221304 0.32833445 0.48667756
3 0.00040672550000000004 0.14318135 0.38599673 0.19853249 0.4346603
12 0.00039577894 0.16126017 0.30128008 0.36260635 0.4543597
6 0.0003951274 0.13589874 0.35333174 0.42171267 0.5106094
1 0.00038504298 0.21166602 0.40078682 0.33416999999999997 0.55621207
13 0.00038439417 0.0020811035999999997 0.3887053 0.11386383 0.52961826
3 0.00037553300000000005 0.15544476 0.37328768 0.27476627 0.44980059999999994
1 0.00037197972000000003 0.20602152 0.41716245 0.38418987 0.52799743
9 0.0003649439 0.41654322 0.38625455 0.47666493 0.45490995
8 0.00036458494 0.0040603764 0.37468177 0.08351831 0.47565502
8 0.00036439183 0.011718847 0.25907305 0.20029446 0.5543403
5 0.00034709452000000003 0.11791164 0.37797368 0.27733216 0.5542085999999999
8 0.0003452243700000001 0.36925474 0.38490722 0.43514642 0.45873564
1 0.00032959142 0.14693145 0.35220799999999997 0.30656213 0.47100064
3 0.0003283016 0.048722483 0.34209323 0.12762496 0.50074637
11 0.00032721017000000006 0.42814624 0.35987362 0.46890712 0.47409943
5 0.00032610836 0.18143523 0.42086053 0.32800984 0.63472396
1 0.00031696074 0.19538653 0.42793869999999995 0.32283205 0.5892898
4 0.00031252397 0.16424786 0.36274248 0.34674984 0.5667508000000001
5 0.00030686202999999997 0.16718638 0.37905762 0.39080906 0.5196215999999999
2 0.00029721254 0.41431037 0.3556818 0.46962377 0.46468505
1 0.00028902158 0.39041555 0.42841482 0.45713812 0.47677734
11 0.00028447987 0.40534523 0.3638564 0.44725314 0.48089638
5 0.00027152375 0.39867213 0.3998355 0.48467788 0.48754929999999996
8 0.00026833493 0.08169812 0.40384278 0.35872433 0.89981616
9 0.00026826447 0.16321507 0.3502352 0.32061362 0.47767317
5 0.00026614689999999996 0.38145500000000004 0.40100816 0.46257020000000004 0.47828493
7 0.00026324447 0.19549179 0.31354165 0.34821725 0.6113552
4 0.00026053362 0.23761949 0.3298758 0.39417413 0.50093675
9 0.00025999494 0.18182528 0.40027192 0.33626354 0.5388937
5 0.00025736258 0.15001726 0.41930124 0.28811875 0.62361956
7 0.00025594776 0.13512772 0.3093361 0.31484464 0.5082951
12 0.0002554088 0.20540759 0.3445259 0.34849975 0.5442196
1 0.00025295935000000004 0.10471900599999999 0.37510568 0.2485215 0.5111482
9 0.00025220966 0.13327779999999997 0.37850392 0.27637944 0.5214239
12 0.00025115148 0.007666584000000001 0.26772895 0.13188905 0.41230628
11 0.0002434125 0.19098832 0.37161133 0.30456293 0.58020043
6 0.0002259309 0.009159215 0.3785452 0.114836015 0.46272409999999997
3 0.00022401614 0.16854498 0.35580096 0.2500119 0.42499214
13 0.00022383404999999997 0.0077989995 0.29442399999999996 0.16670935 0.63078886
13 0.00022240271 0.16886222 0.419936 0.3066153 0.60856146
4 0.00021809644 0.42072576 0.36522162 0.47859108 0.48161682
1 0.0002132409 0.10226407 0.35876729999999996 0.27647653 0.46667576
10 0.0002111544 0.42390394 0.3510557 0.47488314 0.4655114000000001
12 0.0002104218 0.13690203 0.36628243 0.3088198 0.5024940999999999
2 0.00021029682999999997 0.12890394 0.3558804 0.30747807 0.47438192
2 0.0002087836 0.21006471 0.31526563 0.3705002 0.46906158
9 0.00020762631999999998 0.23527116 0.38363883 0.42032582 0.5036778000000001
8 0.00020655598000000002 0.35195833 0.37921503 0.39798540000000004 0.4239501
6 0.00019965743999999998 0.15608752 0.39625627 0.45566624 0.5313145
9 0.00019934413 0.40479302 0.38792333 0.45487708 0.4600675
2 0.00019468271 0.213783 0.33527982 0.32496962 0.5545177
8 0.00018793343999999997 0.099067666 0.27877209999999997 0.33066335 0.5949574000000001
13 0.00018721161 0.0 0.32773525 0.12519080000000002 0.51301104
5 0.00018216451 0.12774497 0.36835033 0.35804892 0.48066005
12 0.00018093358 0.39978868 0.41089806 0.48209763 0.46489397
7 0.0001800141 0.1317789 0.36347842 0.19736120000000001 0.42399058
7 0.00017990186 0.38660344 0.35850590000000004 0.45410803 0.49441195
4 0.00017518997 0.22120589 0.3366166 0.33514714 0.6000146
4 0.00017325872999999998 0.22554219 0.35098884 0.38460577 0.5677228
7 0.00016983029999999999 0.36618890000000004 0.3692216 0.4391615 0.4932742
13 0.00016951899 0.0036718994 0.31930554 0.079137236 0.5425022
1 0.00016792203000000003 0.13486306 0.44137827 0.31104153 0.5603658
6 0.00016726880000000001 0.13392599 0.33020148 0.36850017 0.4799965
2 0.00016403099999999998 0.38708967 0.3673018 0.4504193 0.4461803
9 0.00016272401 0.25020173 0.37284294 0.35998216 0.5407399
7 0.00016258919 0.3306759 0.38538890000000003 0.4022597 0.45592096
8 0.000153769 0.03629323 0.34725305 0.18873614 0.88676
9 0.00014744181999999998 0.21273530000000002 0.4058447 0.3924849 0.5341753
9 0.0001439872 0.38637277 0.38603514 0.43634573 0.46769859999999996
1 0.00014261872 0.15192842 0.44228867 0.2839171 0.6048602
5 0.00014187423 0.31071845 0.4080821 0.41349527 0.45025802
3 0.00013739475 0.24766862 0.36050716 0.31473762 0.5101325
3 0.0001371824 0.000693406 0.34170783 0.03151201 0.48804319999999995
10 0.00013703258 0.23103918 0.30959252 0.3699125 0.48847646
7 0.00013572829 0.0150905065 0.28249636 0.1318461 0.46554476
6 0.00013411454 0.17108345 0.4290621 0.36719453 0.6132321999999999
1 0.00013034786 0.0 0.33204693 0.10015832 0.44530165
2 0.00012659378 0.1547088 0.38993740000000005 0.3493768 0.50931525
3 0.00012549643999999998 0.37252578 0.38647902 0.44250020000000007 0.45697805
10 0.00012242128999999998 0.0038261525 0.29593444 0.11453371 0.43249399999999993
7 0.00012122223400000001 0.11659147 0.28739929999999997 0.26765809999999995 0.59480643
4 0.000119324075 0.21823043 0.31772 0.36990684 0.45338306
6 0.00011848013000000001 0.31107563 0.40004134 0.41586316 0.44997355
11 0.00011598516000000002 0.3958662 0.40967718 0.45062299999999994 0.49181154
9 0.00011576412 0.23466928 0.40496773 0.33656573 0.565304
11 0.00011522462600000001 0.16919823 0.26878873 0.25084493 0.5581577
11 0.00011311081 0.3405637 0.38906676 0.37883133 0.45505923
11 0.00011279303999999998 0.25981957 0.33330896 0.35169512 0.49234036
13 0.00010679486000000001 0.31079856 0.40308324 0.3738083 0.4518978
5 0.000106531996 0.0 0.38188037 0.09336119 0.52917415
2 0.000104725 0.33841288 0.38808492 0.40868217 0.44085938
12 0.00010312601 0.38504624 0.37907913 0.44378883 0.46154413
1 0.00010239009000000001 0.12944546 0.38205100000000003 0.18943158 0.41701463
11 0.00010102164000000001 0.35566583 0.386117 0.3978375 0.45724684
12 9.9938814e-05 0.029487241 0.38116613 0.11367538599999999 0.45758462
10 9.837167999999999e-05 0.26406977 0.26873514 0.3550149 0.5779761999999999
10 9.827674e-05 0.3895574 0.37586597 0.44542596 0.4663503
9 9.588492e-05 0.19637284 0.40594840000000004 0.2888505 0.58063835
12 9.574409e-05 0.15254581 0.30447513 0.27808756 0.5217775
9 9.514479499999999e-05 0.018902354 0.32149798 0.14517123 0.44773149999999995
8 9.3513794e-05 0.031088114 0.2442549 0.30227113 0.96175206
11 9.303921999999999e-05 0.24602269 0.28630725 0.32582426 0.6067355999999999
9 9.26876e-05 0.23276509999999997 0.3456105 0.3414311 0.5069154
12 9.244615e-05 0.2004588 0.3937047 0.3956364 0.5348859
6 8.9033325e-05 0.0037542953999999996 0.29347053 0.13315937 0.45072004
10 8.887937e-05 0.34211785 0.38805887 0.4094627 0.45044863
11 8.590975e-05 0.25067818 0.35634440000000006 0.37712455 0.56706893
11 8.531981e-05 0.19787344 0.292011 0.28525367 0.6365418
7 8.4687104e-05 0.39225054 0.41409418 0.4823656 0.4817367
10 8.46651e-05 0.17882758 0.30282858 0.33325714 0.46297425
1 8.210142e-05 0.0113956 0.40309513 0.087873906 0.46594757
9 8.086386e-05 0.15691084 0.35148326 0.25629437 0.5450889
11 7.9398866e-05 0.14619565 0.36180142 0.27319846 0.57424814
2 7.826531999999999e-05 0.40053222 0.36185262 0.4621053 0.45294562
10 7.8243465e-05 0.32414573 0.39327398 0.39391667 0.44976407
11 7.7921984e-05 0.22411594 0.33749768 0.30302265 0.47588232
10 7.398342e-05 0.42312380000000005 0.40785274 0.48682144 0.48037997
2 7.353617e-05 0.13994414 0.36398572 0.20426157 0.40803018
8 7.177610999999999e-05 0.15106829 0.36973774 0.22193773 0.42325422
9 7.084645000000001e-05 0.38732459999999996 0.41795477 0.45830742 0.46884418
3 7.073485e-05 0.24737275 0.38136283 0.33090717 0.46502313
8 6.822839e-05 0.15997129999999998 0.33067012 0.27476066 0.5670614
10 6.75282e-05 0.25440386 0.31767142 0.40370128 0.52962536
6 6.75215e-05 0.0 0.38874224 0.115988106 0.526991
5 6.65435e-05 0.1892949 0.38584209999999997 0.35321143 0.5865158
8 6.538848000000001e-05 0.14498489 0.30805627 0.39604616 0.6068979
7 6.5005755e-05 0.0 0.2735267 0.18383412 0.68500346
5 6.484674e-05 0.12184091 0.37908247 0.19667913 0.42126778
11 6.472646e-05 0.27227009999999996 0.28754148 0.34698507 0.5605340999999999
1 6.464184e-05 0.37686002 0.4280986 0.44077575 0.4712372
1 6.3683714e-05 0.32067442 0.40956882 0.37924949999999996 0.4474439
10 6.323724000000001e-05 0.23122495 0.3625633 0.386262 0.55968004
4 6.307638e-05 0.34806390000000004 0.3856678 0.40122497 0.45210059999999996
10 6.273099e-05 0.11969186 0.37607065 0.3053692 0.5177373
11 6.264472e-05 0.18810629999999998 0.3411255 0.2602906 0.48015735
5 6.192389e-05 0.0 0.38420692 0.11837894 0.4671044
4 6.128648e-05 0.12425265 0.36707035 0.30603582 0.52609915
10 5.8052080000000005e-05 0.0 0.37584509999999993 0.0903602 0.45917505
1 5.6253935e-05 0.33416513 0.40971726 0.39422908 0.44843978
3 5.519241e-05 0.35498285 0.37775475 0.40902722 0.42015109999999994
5 5.504589e-05 0.0 0.34960294 0.066269025 0.5272305
11 5.4775308000000006e-05 0.278498 0.33888966 0.3832268 0.52448034
2 5.4753593e-05 0.0071958005 0.23169239 0.19809371 0.56437355
4 5.46857e-05 0.023923777 0.36250758 0.10664608 0.46196899999999996
13 5.4418702e-05 0.38958794 0.3757787 0.45394874 0.43353942
8 5.3484054999999995e-05 0.55946875 0.26003623 0.8239504999999999 0.8706200000000001
5 5.3083266e-05 0.0 0.3346278 0.14805937 0.44265816
5 5.2280684e-05 0.0 0.40448320000000004 0.14898270000000002 0.6454573
1 5.163229e-05 0.13952555 0.38064137 0.20662819 0.42400299999999996
3 5.1281968e-05 0.20132466 0.3637655 0.30996996 0.42041716
13 5.1147264e-05 0.31861854 0.38722065 0.4616484 0.5187111
4 4.996349e-05 0.38937962 0.40689012 0.45183609999999996 0.48263264
6 4.9308248e-05 0.10152814 0.32930008 0.3127482 0.5357301999999999
6 4.831195e-05 0.3867373 0.37726259999999995 0.46817416 0.47155848
4 4.818876e-05 0.03783005 0.28472659999999994 0.1471575 0.42359668
10 4.8101072e-05 0.39969109999999997 0.36447003 0.46343779999999996 0.46936148
13 4.6393903e-05 0.021829277 0.27147013 0.39869326 1.0
1 4.4662913e-05 0.0 0.43063226 0.079102755 0.5282861
13 4.442007e-05 0.008151557 0.36829913 0.09149513 0.48137575
1 4.3892353000000005e-05 0.0 0.36821225 0.04862412 0.48015273
6 4.3659576e-05 0.12461573 0.37705857 0.22332287 0.42269027
2 4.291464e-05 0.17220518 0.30091375 0.35751662 0.4078063
10 4.290688e-05 0.15005548 0.37718442 0.35415488 0.5589233
8 4.2742064e-05 0.1457244 0.36372129999999997 0.20058818 0.45372352
10 4.2263917e-05 0.15070207 0.36288774 0.20670940000000002 0.42613247
4 4.173494000000001e-05 0.33232263 0.38718408 0.38863567 0.4489235
1 4.1657200000000005e-05 0.057258032 0.37044305 0.24127671 0.4792866
11 4.1554693e-05 0.021749453999999998 0.34002125 0.073883966 0.54794914
12 4.1257837e-05 0.14098953 0.36173597 0.20279159 0.41354305
9 4.109135e-05 0.19823116 0.35420895 0.2921488 0.5282982
9 4.1085077e-05 0.3503814 0.39757270000000006 0.4133924 0.44971284
8 4.0647254e-05 0.023633637000000002 0.37539816 0.09820152 0.49447915
4 4.0122923e-05 0.22926839999999998 0.29614922 0.35182527 0.5382425000000001
4 3.9587034e-05 0.1786969 0.31622043 0.3304434 0.44718227
11 3.9350855999999996e-05 0.040005103 0.33564675 0.08974077 0.4483945
1 3.7971113e-05 0.0 0.36068982 0.13886286 0.58804995
13 3.7922363999999996e-05 0.5190606 0.073721945 0.8970053 0.9775702
12 3.7357586e-05 0.3372441 0.39052359999999997 0.41249084 0.44393888
11 3.6702913e-05 0.42994598 0.40744790000000003 0.48418059999999996 0.48984548
7 3.6248846e-05 0.15095179999999997 0.27656397 0.29939824 0.6127887
10 3.616265e-05 0.3637285 0.37880766 0.4243385 0.45008367
11 3.5663204e-05 0.013737595 0.22803394 0.05369471 0.5373889000000001
8 3.521617e-05 0.32614738 0.3976075 0.37685830000000003 0.46241578
7 3.495796e-05 0.0 0.34559333 0.16030756 0.55976033
9 3.4926586999999996e-05 0.21658887 0.3716137 0.31742709999999996 0.54638433
12 3.4479213e-05 0.05006072 0.37718475 0.1011533 0.47717378
13 3.4149240000000004e-05 0.0 0.18677291 0.2252779 0.9549974
8 3.3925632999999996e-05 0.16224372 0.36589947 0.20589623 0.47806123
12 3.3289899999999994e-05 0.17459461 0.37308459999999993 0.31069332 0.5676945999999999
8 3.306655e-05 0.07264784 0.27936357 0.4511495 0.7733704
7 3.305828e-05 0.0045155287 0.38612878 0.08670992 0.47066382
13 3.1958476000000003e-05 0.09784680000000001 0.35816090000000006 0.2784995 0.5186529000000001
9 3.1614454e-05 0.037866965 0.24674050000000003 0.17494445 0.5145928
3 3.1296884e-05 0.01405346 0.37127143 0.10387084 0.49066309999999996
10 3.0525876e-05 0.13958159 0.31306157 0.30408517 0.45671080000000003
8 3.0240390999999998e-05 0.17425825 0.3872518 0.45706207 0.8940829
13 3.0239376e-05 0.14585516 0.36430746 0.22779638 0.43212843
10 3.0236556999999997e-05 0.012610818999999999 0.3320937 0.06757492 0.5013825
1 3.0208420000000002e-05 0.40872207 0.43134466 0.47489932 0.47362572
8 2.9947509e-05 0.17264332 0.3855102 0.22495432 0.50023204
9 2.9685183000000002e-05 0.15169813 0.37272704 0.20557024 0.42527553
9 2.9647701e-05 0.33400288 0.39675543 0.39340594 0.44817215
2 2.9637318e-05 0.18968719 0.34716418 0.3511256 0.4893072
3 2.9586152000000003e-05 0.18609591 0.35253102 0.25220287 0.48847586
5 2.94206e-05 0.27798206 0.41026205 0.4605549 0.5142399999999999
13 2.9175197e-05 0.0 0.35805570000000003 0.08579773 0.45594946
5 2.8952574e-05 0.07688518 0.6102854 0.35313672 1.0
11 2.8257671e-05 0.15594684 0.37142572 0.18852906 0.42252377
8 2.8119914e-05 0.18365563 0.23514977 0.52811027 0.8184176
4 2.8081167e-05 0.37266332 0.3817491 0.4208325 0.45760277
11 2.7824751999999997e-05 0.033419013 0.39224559999999997 0.08227095 0.46420336
