3 0.9695417 0.006095269699999999 0.64720726 0.041173525 0.6919909000000001
3 0.9116139999999999 0.10228048 0.5331314 0.42154592 0.72028077
3 0.8950974 0.7012633 0.44490314 0.78459954 0.5049889
3 0.87312204 0.4084912 0.52773875 0.5340486 0.60087353
8 0.69598037 0.82965714 0.35996193 0.98991936 0.46408322
3 0.21589261 0.86108863 0.35598248 0.983835 0.4531291
8 0.08878480000000001 0.68640995 0.43918613 0.79154646 0.5030566
8 0.07868888 0.09193604 0.49990135 0.45224659999999994 0.7332715
8 0.07682175 0.38364515 0.5072601999999999 0.56877464 0.61109334
3 0.064635165 0.5088507000000001 0.51161516 0.5715234 0.5676858
8 0.042749672999999995 0.50051314 0.50525546 0.57287484 0.567921
3 0.03239117 0.018388305 0.64860785 0.049233723 0.69297284
3 0.027529143 0.40510666 0.5136516 0.58301216 0.6019946999999999
3 0.020534206 0.40493909999999994 0.5404564000000001 0.5013062 0.6039889
3 0.018458122 0.48051292 0.5196922 0.5743670999999999 0.576858
8 0.012253548999999999 0.40923548 0.5264165 0.51793396 0.59731704
8 0.0060438440000000005 0.8568593000000001 0.39059338 0.93692636 0.45268157
8 0.0056104069999999995 0.015020711 0.64597154 0.05204714 0.68997675
3 0.0049465590000000005 0.11720606 0.5590056 0.27967793 0.7232978
8 0.0037743405 0.5997875 0.41533953 0.7997625 0.52484643
8 0.0032957465999999998 0.0030176379 0.6427685000000001 0.04116937 0.69477576
13 0.0021720529999999997 0.17379853 0.5657616999999999 0.42659977 0.6983924
3 0.002056207 0.51230735 0.5218202999999999 0.57829887 0.580901
3 0.0020077066 0.4292388 0.5137635 0.5370583000000001 0.5721036
8 0.0019611022000000002 0.8484183000000001 0.37208220000000003 0.9402246999999999 0.43290666
8 0.0019342501 0.40694585 0.5394220000000001 0.4889544 0.60515714
13 0.0019244848999999998 0.113200955 0.5470929 0.33557007 0.7221046999999999
3 0.0018577973000000001 0.21410844 0.51744586 0.4244585999999999 0.6732611
8 0.0017573925 0.13989644 0.5210719 0.38246715 0.70879877
13 0.0015311532 0.39902326 0.52654856 0.49771848 0.606334
13 0.0015102947 0.8166145 0.36119193 0.99464583 0.4833594
3 0.0014916072000000001 0.12770882 0.556876 0.36411542 0.74090624
13 0.0014195668 0.13337551 0.51375574 0.48891598 0.83431983
3 0.0013206189999999999 0.6307526999999999 0.43609935 0.7974156 0.51751244
3 0.0011876008 0.39349088 0.5266995 0.47855 0.5999084
13 0.0011868099000000001 0.40152848 0.5162981 0.5691683000000001 0.65293163
3 0.0011725167 0.46631715 0.5134801 0.5522079000000001 0.5666259
3 0.0010161501 0.11410875599999999 0.57406926 0.18789844 0.71748996
3 0.0010064803999999998 0.1302607 0.5195390000000001 0.36676311 0.68837184
8 0.0009732628999999999 0.12685587 0.5561679 0.31588520000000003 0.7164913
13 0.0009728997 0.50223887 0.5121488000000001 0.5734503000000001 0.5690835999999999
13 0.0009573845 0.403973 0.5153466 0.48059162 0.6273354
13 0.0008814914 0.6692819000000001 0.45317796 0.7564350999999999 0.50821227
7 0.0008099648 0.34634929999999997 0.48122057 0.58004075 0.6644462
11 0.0007701637 0.6878607 0.4385246 0.73760724 0.51824886
3 0.00065321836 0.6977179 0.43373474 0.77207613 0.48329103
11 0.00062474405 0.43501239999999997 0.45571196 0.56196934 0.64382064
5 0.0006117979000000001 0.0019074678 0.56970704 0.40799868 0.79346085
5 0.0006038905 0.37648886 0.53828925 0.5060226 0.58977103
7 0.00060362153 0.0 0.44888753 0.48560923 0.8915184000000002
11 0.0005853166 0.13012728 0.39131913 0.38034812 0.79689145
5 0.0005834567 0.3529044 0.5430615 0.556041 0.6405991999999999
11 0.00057332043 0.41687167 0.52730376 0.46887392 0.5984385
9 0.0005668966 0.10888909 0.47841007 0.36040896 0.76067466
13 0.00055876846 0.014925517 0.6460844 0.0551174 0.6956004
3 0.0005188251 0.8557229 0.36389026 0.96012723 0.43703973
11 0.0005133001 0.7037482 0.4375715 0.75344014 0.52324355
12 0.0005044966 0.25229707 0.5532816999999999 0.41871575 0.6898738
3 0.0005011005 0.8630046999999998 0.37432384 0.9507065999999998 0.45829707
13 0.0004922373000000001 0.49607232 0.53353184 0.5716081999999999 0.5858147
9 0.00045969167999999997 0.42430794 0.51839125 0.5626501 0.6321339
2 0.00044619239999999996 0.81968975 0.33214173 1.0 0.47659788
11 0.00042798324 0.4332776 0.52373254 0.48792434 0.5979549
11 0.00042003782999999994 0.17086492 0.42753604 0.44835836 0.81102854
3 0.00041245462 0.28874698 0.51342505 0.45779565 0.6520416
5 0.00040616348 0.11118239 0.56723285 0.53671277 0.8150923000000001
7 0.00039393065 0.3925091 0.51644033 0.48750174 0.6056418
3 0.00039118648 0.37114942 0.52840555 0.42863190000000007 0.59940976
13 0.0003772621 0.7036536999999999 0.45171693 0.79333305 0.50413793
1 0.00037703788 0.2269246 0.5761270000000001 0.40060002 0.68961656
13 0.00037474424 0.10697396 0.54801077 0.2695827 0.7554337
1 0.00037179937000000006 0.36416740000000003 0.51781636 0.52448505 0.6208304
5 0.0003710394 0.6632774 0.46289954 0.7781751 0.50971764
10 0.00037028917 0.44047976 0.5192257 0.5151693 0.58402693
3 0.00036742995 0.36350727 0.5038502 0.5297179 0.6108991
11 0.00036246547999999995 0.421213 0.49793422 0.46234766 0.61700326
10 0.00036055580000000004 0.4188125 0.5299646 0.50249213 0.5855366
1 0.00035531473 0.052337244000000005 0.56610525 0.3898753 0.79644614
1 0.0003435802 0.09966639 0.5208815 0.45355 0.7489276999999999
9 0.0003429854 0.17184323 0.54897356 0.44482934 0.7915221
5 0.0003393022 0.39605942 0.53522575 0.4769968 0.6095264
1 0.00033337769999999996 0.39279658 0.54828876 0.47824848 0.59593284
9 0.00033144295 0.85354006 0.35374576 0.98611355 0.47190535
5 0.0003292234 0.7509196 0.37875488 0.9849452 0.45786664
8 0.00032663787999999996 0.36153442 0.48235238 0.51912713 0.62344265
5 0.00031485068 0.7424468000000001 0.39178464 0.9767275 0.4867264
1 0.0003100991 0.0 0.51963854 0.35572082 0.74109966
2 0.0003012754 0.40672028 0.47795522 0.6091361999999999 0.606962
13 0.00029726257 0.009128584 0.6443474 0.044372074000000004 0.70676386
5 0.00028971183999999996 0.0 0.60151577 0.318298 0.86986697
12 0.0002863977 0.06895387 0.43078566 0.5510999 0.71496916
7 0.00027965047 0.77396154 0.33564618 0.99016094 0.50909835
7 0.0002774109 0.49956322 0.49987537 0.5756406999999999 0.5729824
8 0.0002708376 0.45569837 0.50889695 0.5422029 0.5680868
8 0.00026654307 0.053495675 0.4273044 0.49602106 0.9220059000000002
4 0.00026642767000000005 0.25850555 0.48559650000000004 0.42298254 0.66893345
6 0.00025561536 0.20762031 0.5612824000000001 0.46627945 0.70593613
11 0.00025331990000000004 0.85793585 0.3167008 0.94788915 0.49100345
1 0.00024946383 0.40121209999999996 0.5415375 0.46092343 0.6039095999999999
1 0.00024693008 0.103671394 0.58714944 0.27869004 0.69970185
11 0.00024656055 0.52192503 0.50004894 0.56627494 0.5674156
1 0.00024598886 0.6584021 0.46245107 0.7417574 0.506478
12 0.0002459355 0.42461398 0.52418584 0.5047149000000001 0.59393495
13 0.00024444264 0.42648329999999995 0.52903104 0.52859825 0.59949154
13 0.00024332886000000002 0.42128074 0.5222389000000001 0.50619143 0.62531847
8 0.00024298164000000001 0.6401336999999999 0.37798747 0.8856848 0.9483858000000001
8 0.00024198433999999996 0.084860936 0.37612754 0.41420692 0.84144294
11 0.00023738366000000002 0.72256255 0.43976235 0.7686701 0.5229224
9 0.00023428662000000002 0.21179092 0.5362756 0.5216632000000001 0.767351
6 0.00023061732999999997 0.40198386 0.53015506 0.5462579000000001 0.59269565
1 0.00023006347000000002 0.0 0.45928398 0.35399765 0.6453448
8 0.00022578557000000002 0.29044026 0.4980813 0.45307529999999996 0.6584998000000001
7 0.00022039171000000002 0.21940467 0.5186015 0.39640159999999997 0.70242137
6 0.00021956752 0.49228263 0.50868094 0.58958006 0.5640015
11 0.00021568937999999997 0.15669188 0.52385604 0.27128538 0.68363005
8 0.00021146717999999997 0.10449885 0.56309116 0.24569254 0.7169984
7 0.0002109516 0.42632854 0.5134972 0.52043927 0.60650814
5 0.00020966308000000002 0.08268101 0.537622 0.31776977 0.6913471999999999
2 0.0002071023 0.12674662 0.44566137 0.5241097 0.7319244
13 0.00020586608 0.09104861 0.6227808000000001 0.3804134 0.8557573
12 0.00020370567 0.18447815 0.54170465 0.33936809999999995 0.6956482
8 0.00019965150000000002 0.6693137 0.44306165 0.7515039000000001 0.50346166
12 0.00019907427 0.0 0.3707311 0.41744274 0.6465581
4 0.00019902808999999999 0.2535355 0.47471675 0.58783364 0.79462224
13 0.00019518848 0.40286756 0.5555496 0.49060172 0.6142016
5 0.00018977592 0.48195007 0.5208981 0.58229554 0.56018996
9 0.00018973785 0.26626512 0.5603583000000001 0.43281695 0.6708874
1 0.00018945692999999998 0.49714816 0.5209986 0.5622474000000001 0.56193155
4 0.00018835578999999998 0.42645305 0.49908772 0.5814089 0.6334787
6 0.00018764919999999998 0.09337866 0.55529547 0.38107675 0.6692802
9 0.00018253982 0.5164098 0.511734 0.5833103000000001 0.5594477
8 0.00018181729 0.6815821 0.4336892 0.76633644 0.48606992
11 0.00018163983 0.26259570000000004 0.4103477 0.49800200000000006 0.7749081
3 0.00017903116999999999 0.6796593000000001 0.44490778 0.7589496 0.50670606
5 0.00017897776 0.40750793 0.539257 0.53520936 0.59151536
12 0.00017879558 0.5070340999999999 0.5031675999999999 0.5842685000000001 0.5579927
6 0.0001770533 0.66024643 0.45392075 0.7847770000000001 0.5068773
1 0.00017676098000000002 0.43011153 0.5460976 0.5135335999999999 0.59629285
10 0.00017635827 0.23913929 0.5158399 0.40149125 0.6745272
3 0.00017578715 0.44183886 0.52238363 0.56586957 0.586673
4 0.00017441215 0.43650496 0.50865364 0.5232028000000001 0.5902818
10 0.00017438733 0.41794938 0.52924263 0.47603409999999996 0.6071656
3 0.00017278203 0.37693068 0.5303626 0.46217939999999996 0.5906779000000001
12 0.00017088398 0.44984555 0.53167 0.5288851 0.59616613
2 0.00017034162 0.5114481 0.49918386 0.5820618000000001 0.55476934
11 0.00016937283 0.4592357 0.5187265999999999 0.5055145000000001 0.5922101
1 0.0001664179 0.0 0.5917498999999999 0.2977683 0.7849347
10 0.00016443343 0.51538086 0.49767283 0.5762111999999999 0.55895394
10 0.00016442773999999997 0.44097415 0.45856779999999997 0.58453834 0.64197004
3 0.00016434031999999998 0.01123878 0.6290555999999999 0.043194953 0.6811772
9 0.00016238794 0.18047169 0.46645084 0.4843237 0.72116727
12 0.00016181816999999999 0.3545459 0.4894053 0.5914813 0.6048045999999999
5 0.00016146149 0.3994208 0.5433017 0.6224089 0.6438946999999999
1 0.00015980039 0.7793356 0.35703358 0.9458281 0.4541888
10 0.00015732196000000002 0.43618459 0.5118154 0.48809564 0.6036881
7 0.0001553052 0.40255599999999997 0.49954940000000003 0.47605413 0.6278633000000001
11 0.00015415157 0.44038513 0.4892289000000001 0.48061225 0.6125134
13 0.00015371338 0.06957306 0.5862824999999999 0.2609076 0.7317581
3 0.00014875739 0.37988847 0.51264364 0.44800586 0.55574596
9 0.00014254685 0.6971206999999999 0.45620609999999995 0.76748735 0.50872606
10 0.00014095915000000001 0.68550086 0.4493189 0.7569859999999999 0.5047176
11 0.00014092207 0.40811893 0.5234793 0.45446476 0.5970014
13 0.00013937596999999999 0.42124042 0.48568076 0.60678846 0.6296845999999999
8 0.00013681633999999997 0.008568064 0.62732816 0.035842553 0.6785245
8 0.00013670271 0.42443803 0.5122778 0.5132720000000001 0.5732614
7 0.00013455344 0.0 0.49368164 0.42015198 0.92432976
11 0.00013195444 0.494825 0.44283357 0.6216655 0.6385316
1 0.00012952079 0.786173 0.38745952 0.9524206000000001 0.48162308
10 0.00012899366 0.46339434 0.5169437 0.53062284 0.58929616
7 0.00012718406999999999 0.6610647 0.44447592 0.7510454000000001 0.52247715
8 0.00012546568 0.03697917 0.36894307 0.33641106 0.90435016
12 0.00012480185 0.7906675999999999 0.32670364 1.0 0.42760924
1 0.0001175081 0.41624302 0.539682 0.48066384 0.6073639000000001
7 0.00011646308 0.48137897 0.515188 0.57637423 0.5996421999999999
8 0.00011456731599999999 0.13466875 0.31324986 0.5627566999999999 0.90778804
4 0.00011375521999999999 0.51979315 0.49911964 0.57137287 0.56612194
9 0.00011347627 0.714571 0.45695600000000003 0.7854835 0.50509495
11 0.000111958194 0.5177390000000001 0.51239294 0.5755654 0.6017631
1 0.00010948323999999998 0.3659843 0.49246174 0.53072906 0.58510095
6 0.00010826097400000001 0.48908478 0.5370179 0.5971468000000001 0.59363157
3 0.00010723556999999998 0.27155828 0.5216485 0.36427695 0.5775306
12 0.00010700663 0.42031845 0.5142186 0.47937372 0.6050167
7 0.00010501958 0.6953020000000001 0.43866590000000005 0.7793057 0.52146864
8 0.00010398639 0.8881752 0.39845997 0.96077424 0.44952939999999997
1 0.000102033904 0.40880328 0.5130338 0.57815456 0.6135341
9 0.000100405654 0.46999350000000006 0.51825994 0.62678266 0.6248670999999999
10 9.997075500000001e-05 0.49816140000000003 0.50189954 0.5601845999999999 0.55487925
11 9.996409e-05 0.5065649999999999 0.49545613 0.5527295 0.56415486
1 9.9365534e-05 0.072148226 0.62233406 0.2686766 0.72519046
9 9.820464e-05 0.12603027 0.5757116 0.33799314 0.81624544
10 9.785165999999999e-05 0.26372844 0.37433520000000003 0.5583083000000001 0.81215584
10 9.722572599999999e-05 0.45586455 0.50041974 0.5027612 0.6040745
4 9.685077e-05 0.13454308 0.48972064 0.46327585 0.758479
8 9.545597e-05 0.3629179 0.5164853 0.41871548 0.6036968
4 9.4604984e-05 0.48826844 0.48846373 0.6260676 0.6332422
6 9.455322e-05 0.0043965876 0.5423654 0.54613125 0.8190301
2 9.430041999999999e-05 0.6903674 0.4414156 0.77261895 0.4905568
9 9.263097e-05 0.41641524 0.53259534 0.5019239000000001 0.59675276
9 9.010221e-05 0.44059825 0.5345019 0.5196912 0.5939968000000001
8 8.923365e-05 0.6568951999999999 0.20205979 0.88961095 0.7366739999999999
13 8.8430636e-05 0.36295056 0.5452576 0.5422778 0.6551726
2 8.713245000000001e-05 0.49731416 0.52280176 0.5890904 0.5816701999999999
10 8.662022e-05 0.13983697 0.41459537 0.47378427 0.8004738
10 8.459738999999999e-05 0.13165936 0.5552045999999999 0.30579653 0.6636114000000001
2 8.422988999999999e-05 0.42968458 0.5204419 0.5053324 0.577408
10 8.40007e-05 0.5031933 0.44765145 0.6293219 0.62807095
13 8.231011000000001e-05 0.24043953 0.5424088 0.43335664 0.6854927
10 8.194998e-05 0.51726556 0.5216915 0.5838388000000001 0.5936708
7 8.059121999999999e-05 0.39275655 0.5474775 0.48625806 0.6288075
6 7.9769154e-05 0.33711016 0.5089009 0.6096699999999999 0.64006615
4 7.866606e-05 0.8544562 0.33745322 0.9874619000000001 0.47028446
6 7.481761e-05 0.79964656 0.38822728 1.0 0.5018155
5 7.3801115e-05 0.42321499999999995 0.53932786 0.5053487 0.61784077
6 7.373658e-05 0.0 0.5997585 0.46403804 0.8294776
5 7.2231065e-05 0.48142856 0.5422368000000001 0.57549363 0.5949876999999999
4 7.207949999999999e-05 0.7121155 0.43339598 0.7888116999999999 0.5124728000000001
8 7.181366e-05 0.0831988 0.1614104 0.39387137 0.7845914
8 7.084140000000001e-05 0.8324455 0.37081575 0.8976978000000001 0.42017150000000003
12 6.887192e-05 0.79833233 0.35407576 1.0 0.45480299999999996
10 6.8820795e-05 0.7080255999999999 0.438213 0.7817502 0.5065381
12 6.862426999999999e-05 0.6895796999999999 0.4460093 0.7637444999999999 0.5006737
1 6.808236999999999e-05 0.16312055 0.57161313 0.32964897 0.6952276999999999
8 6.728466e-05 0.026967928 0.1737909 0.17394304 0.6755169
8 6.721793e-05 0.44722890000000004 0.43603405 0.72328675 0.9267018
13 6.484311e-05 0.117777415 0.59322023 0.16765322 0.7134397
4 6.483569999999999e-05 0.39638746 0.51757944 0.49834734 0.5915446
8 6.439897e-05 0.36880332 0.41659847 0.63902456 0.9174760000000001
8 6.364381999999999e-05 0.20782161 0.51746416 0.39833385 0.6836525999999999
11 6.349873e-05 0.13954470000000002 0.55682105 0.2714422 0.7409836999999999
5 6.2531246e-05 0.10524282 0.5703841 0.33824039 0.8730960999999999
8 6.251026e-05 0.28519917 0.43009225 0.5999991 0.6852125
1 6.142251999999999e-05 0.32678294 0.50796205 0.49670488 0.6068923
11 6.0824685e-05 0.285357 0.52657807 0.37901473 0.6729031999999999
6 5.971877499999999e-05 0.39012322 0.5231202 0.5078529 0.6076958
1 5.9655667e-05 0.07358205 0.45231515 0.45750952 0.64660996
8 5.8839636000000003e-05 0.7517496 0.29066584 0.9346382 0.95124465
10 5.855687e-05 0.41798925 0.56442523 0.49600500000000003 0.6242873999999999
11 5.844868000000001e-05 0.40388608 0.44069237 0.5219670999999999 0.6411808000000001
4 5.8117336999999995e-05 0.51215 0.51651543 0.5751651 0.5954554
2 5.7784455e-05 0.018692906999999998 0.6433264 0.058531586 0.68901503
10 5.7144876000000003e-05 0.3949189 0.5346709 0.47508505 0.59197545
10 5.690263000000001e-05 0.097217724 0.35375650000000003 0.41804177 0.74666107
6 5.651324e-05 0.68825275 0.4480674 0.81727034 0.5115765
11 5.522139e-05 0.42714816 0.5486829000000001 0.48002374 0.6276064
1 5.5012314999999996e-05 0.49748296 0.54060334 0.5659774999999999 0.58869064
13 5.4571356e-05 0.8375197 0.35528590000000004 0.9451023999999999 0.42272732
7 5.4515862e-05 0.11900307 0.37568253 0.501039 0.7976443
5 5.4367959999999996e-05 0.17939411 0.5525434 0.44224536 0.6975839
6 5.4000328e-05 0.36986327 0.5355239 0.5135004 0.5917541999999999
10 5.3877706e-05 0.49882182 0.5293734 0.57086104 0.5903811999999999
13 5.2885967e-05 0.8389181999999998 0.38488057 0.94616616 0.44290754
1 5.2706375e-05 0.07668834 0.5636197 0.22460303 0.70777524
1 5.2360563e-05 0.0 0.48944348 0.28701204 0.6589324000000001
7 5.1992425e-05 0.0048107076 0.6389458 0.043316454000000004 0.7057199000000001
12 5.0213937e-05 0.44872355 0.52818924 0.50558126 0.610003
8 5.0077462e-05 0.5315988 0.39928162 0.77341354 0.9262068999999999
9 4.9830756000000004e-05 0.5120834 0.53562784 0.5891713000000001 0.58499277
3 4.965868e-05 0.3590526 0.5395151 0.43095565 0.63292533
8 4.9501214e-05 0.5526415 0.68561804 0.8966383 0.9696609
1 4.9235274e-05 0.44932303 0.54358983 0.5280344 0.5924341999999999
11 4.8065277999999995e-05 0.501817 0.50762117 0.5604397 0.60186625
1 4.7908969999999996e-05 0.24501541 0.55250067 0.40559176 0.6665542
5 4.7880533999999996e-05 0.08937102 0.54788876 0.24098325 0.74770516
1 4.6826954e-05 0.11615456 0.6119206 0.3075301 0.72688174
5 4.6361190000000005e-05 0.38257536 0.56559736 0.48517743 0.6175243
1 4.6313682e-05 0.6939114000000001 0.46401578 0.77584153 0.51162195
13 4.511564e-05 0.43689870000000003 0.5107919 0.5228348 0.57253474
3 4.498367e-05 0.41022587 0.5110978 0.5089099 0.56652284
11 4.485488e-05 0.0993779 0.34472020000000003 0.32842109999999997 0.7474398
8 4.4839445999999995e-05 0.39277232 0.515763 0.46011955 0.59875846
13 4.4803077e-05 0.5642651 0.0 0.9419511999999999 0.94291145
6 4.2798027e-05 0.78937846 0.3506289 1.0 0.47829247
5 4.223396e-05 0.3101339 0.5393351 0.51194227 0.63509923
13 4.185446e-05 0.21400717 0.525827 0.40113565 0.6607894
13 4.1838699999999996e-05 0.06930885 0.5693007 0.38025376 0.7982888000000001
1 4.1705574e-05 0.095576845 0.5960083 0.23701891 0.74047637
7 4.1518222e-05 0.009719292 0.6495016 0.05506432 0.6978879
10 4.1170475e-05 0.87250364 0.32276157 1.0 0.5016062
10 4.1004079999999995e-05 0.2695947 0.48816636 0.40431090000000003 0.64821696
13 4.093979e-05 0.2874036 0.5254691 0.47226503 0.6894607
10 4.0827104e-05 0.8612540999999999 0.29203102 1.0 0.47864836
4 4.0514115e-05 0.16489182 0.41879293 0.47628367 0.6852476
10 4.0315026e-05 0.7341198 0.43579880000000004 0.7928015 0.50603855
10 4.0302779999999995e-05 0.12950811 0.5867304 0.30260766 0.7108524
6 4.0059218e-05 0.40132636 0.5683581 0.5164652 0.6142476
7 3.8981638e-05 0.12631969999999998 0.528167 0.28565586 0.7118224
8 3.877395e-05 0.5656628 0.26495075 0.8357108 0.90700203
3 3.8321286e-05 0.39084747 0.51257205 0.46924534 0.56101066
11 3.8205122e-05 0.020796005 0.6412312 0.039634037999999996 0.7043567
12 3.8189133e-05 0.7051911999999999 0.44440424 0.7943137 0.5026589
7 3.8153049999999995e-05 0.43411177 0.5047814 0.5026712000000001 0.6286111999999999
13 3.7696238e-05 0.46326107 0.5140478 0.5444687 0.5703884
5 3.7470170000000004e-05 0.00548085 0.65747225 0.048069007999999996 0.7118382
2 3.5958936e-05 0.42338136 0.50292027 0.47875276 0.5828678
3 3.5932848e-05 0.31022304 0.5499916 0.41804218 0.68152726
6 3.578883e-05 0.43812507 0.5374763000000001 0.5680919 0.59768784
4 3.5548266e-05 0.6829291000000001 0.44178500000000004 0.7526428000000001 0.5068600000000001
3 3.5547145999999996e-05 0.8450700000000001 0.36650822 0.9090204 0.42104563
9 3.5436242e-05 0.4964867 0.5116426 0.56500524 0.5602286999999999
4 3.472608e-05 0.28343959999999996 0.46204424 0.4336684 0.6373873000000001
