3 0.99780196 0.51085806 0.5283156999999999 0.71441436 0.63693225
3 0.7644526999999999 0.2974618 0.5856964 0.46037894 0.6903260999999999
8 0.11997507 0.27133379999999996 0.5599907 0.49559570000000003 0.703928
8 0.025045414 0.7894173000000001 0.4662848 0.86380345 0.50342256
8 0.02287948 0.51196694 0.51205534 0.71721697 0.6525075
8 0.016543148 0.7701406 0.46696246 0.84347546 0.5038315999999999
3 0.0062499098 0.80512273 0.46078628 0.88738686 0.5054382000000001
8 0.0059955316 0.75285673 0.46791643 0.81666815 0.50381243
3 0.004883488 0.33755300000000005 0.5845611999999999 0.46835116 0.6554743000000001
13 0.0034308190000000003 0.53056294 0.5247656999999999 0.7697847 0.67091864
3 0.0029666733 0.776211 0.46067759999999996 0.85393035 0.50440097
8 0.00259895 0.003596533 0.58954483 0.031662807 0.6762385999999999
3 0.002378999 0.75614214 0.46248266 0.82761836 0.5091707999999999
8 0.0023647319 0.30470628 0.599859 0.42829399999999995 0.6823308000000001
13 0.0023485129 0.45084634 0.5609550999999999 0.68705016 0.6612958999999999
13 0.0017961795000000001 0.48692375 0.5736208 0.7066243000000001 0.6801617
13 0.0017549563000000001 0.8000218000000001 0.45484015 0.88887 0.50554895
11 0.0015584291 0.46633148 0.48278009999999993 0.6233506999999999 0.66687995
13 0.0014841773999999999 0.28497335 0.58149344 0.48673898 0.7150247
5 0.0012194228 0.39842743 0.5475053000000001 0.65241176 0.6673281
1 0.0011440477 0.41138488 0.55778754 0.6239857 0.651866
13 0.0011382621000000002 0.76079786 0.4545924 0.85461235 0.50520194
13 0.0011166372999999999 0.26633295 0.61334157 0.46565777 0.7305453000000001
8 0.001087879 0.7263901999999999 0.38673145 0.7856671 0.41928953
9 0.00096779625 0.5816494000000001 0.5094902 0.77948284 0.6211241999999999
8 0.0008497892 0.0039382176 0.5888354 0.042972500000000004 0.6426493000000001
5 0.0008193486999999999 0.42168152 0.5687114000000001 0.6833937 0.6939513
13 0.00080738286 0.7166741999999999 0.37590817 0.81446314 0.41578773
13 0.0008015963 0.23836708 0.59858876 0.44385743 0.70801616
1 0.0007847940400000001 0.5479453000000001 0.5274314 0.75229156 0.62940425
8 0.00075423205 0.0051751845 0.6047670999999999 0.03856717 0.6656393
1 0.0006322477 0.5148558 0.5756131 0.734351 0.68106383
7 0.0006246284500000001 0.39464456 0.54421574 0.7220994000000001 0.7039899000000001
13 0.0006084762999999999 0.74155223 0.45095219999999997 0.8315157 0.5049743
9 0.0006081814 0.5187863 0.56069994 0.6902863 0.6743889
6 0.0006048722 0.44247317 0.5662714 0.7470326999999999 0.6899225999999999
7 0.0006032566 0.52720684 0.46947846 0.77714777 0.66689444
5 0.00059611094 0.49581477 0.5476456999999999 0.66875917 0.7299818
9 0.0005948441 0.28960258 0.5804921 0.45670420000000006 0.7028911999999999
12 0.0005894187 0.54155767 0.49114433 0.7835524 0.62502587
1 0.00054112356 0.4408425 0.5743894 0.67175704 0.6850944999999999
13 0.0005070991500000001 0.28947517 0.5908603 0.39499164 0.68751323
9 0.0004976612 0.4769702 0.526947 0.6386828 0.65331167
13 0.0004845457 0.5483216 0.522722 0.7157851 0.71847576
8 0.0004551535 0.81568015 0.43954269999999995 0.87680155 0.47628486
11 0.00045473245 0.26734713 0.5460739 0.40570316 0.7341324
4 0.00045041487 0.6094268 0.4787378 0.8067403000000001 0.64317894
3 0.00044517864999999996 0.0067361695999999995 0.5722298000000001 0.029788837000000002 0.708118
3 0.00044257482 0.008846020999999999 0.58320624 0.039601732 0.7021069000000001
11 0.0004330264 0.51613015 0.50151294 0.68687546 0.7044414999999999
1 0.00043264097999999996 0.4925478 0.5459911 0.6539956 0.6709177
11 0.00042637304 0.55101126 0.43954813 0.6756255999999999 0.7323281999999999
12 0.0004121398 0.24888115 0.5369664000000001 0.5148073000000001 0.6559668000000001
13 0.0004082264 0.0 0.594301 0.03545275 0.6717196
5 0.00040482686000000004 0.18000479 0.59948164 0.48010862 0.6860727
13 0.00040312097 0.30209240000000004 0.57467216 0.45307744 0.7661805
8 0.00038942353999999997 0.5150757 0.5492174 0.6469828000000001 0.62776464
7 0.00038610227 0.21062150000000002 0.53668773 0.45273218 0.71701354
6 0.00038444207 0.405109 0.5355535 0.6948491 0.6556774999999999
9 0.00038082199999999995 0.32405934 0.58223534 0.5204191 0.7001520999999999
2 0.00037537198 0.5259165 0.5222878 0.7764789000000001 0.6574015999999999
13 0.00037043724999999997 0.2903907 0.60166526 0.43335100000000004 0.6735297
3 0.00036027207 0.39033902 0.5784085999999999 0.47497612 0.66457176
7 0.00035219238 0.24001755 0.5492008 0.51116514 0.74146616
1 0.00034804555 0.18279558 0.60655236 0.397405 0.6945983
11 0.00034195316 0.33443692 0.54709965 0.47674880000000003 0.7336629
7 0.00034149404 0.47448019999999996 0.46528515 0.70234096 0.7493445
3 0.00034066857 0.5286666 0.52114904 0.70080876 0.5945517
1 0.00032475856 0.19528843 0.57431924 0.41931775 0.6639892
4 0.00031439684 0.49605098 0.5370888 0.723891 0.6833838000000001
3 0.00031350732999999996 0.28981409999999996 0.613404 0.42883512 0.7011326
5 0.00031169588 0.15492843 0.61635363 0.43346748 0.71503687
12 0.00030378017000000005 0.51664776 0.47190150000000003 0.69307005 0.64206356
4 0.00030332495 0.5742899 0.5336477 0.79075366 0.6949081
5 0.0003003344 0.49131832 0.56869394 0.74563897 0.707771
1 0.0002991632 0.5137685000000001 0.50308216 0.6811986999999999 0.64154553
9 0.00029353093 0.5608126999999999 0.5714035 0.7568818 0.67240053
2 0.00028220462000000005 0.2992371 0.544287 0.5147893 0.6842499
2 0.00027502995 0.458416 0.5051074999999999 0.69809467 0.61682314
9 0.00026894498 0.54105276 0.5379822 0.6625191999999999 0.7060392
1 0.00026887943 0.2531491 0.61143917 0.4508965999999999 0.71314144
11 0.00026365928 0.62213475 0.47320122 0.765954 0.62753844
9 0.0002627364 0.57328266 0.5081595 0.6973630000000001 0.68604064
8 0.00025386752999999996 0.7980734 0.43825084 0.85847175 0.4782835999999999
5 0.00024971913 0.5257681 0.5308480999999999 0.8192898999999999 0.6627731
11 0.00024819165 0.5908861 0.49859467 0.7619344 0.7012957
2 0.00024531327999999995 0.30541068 0.5771983 0.5397145000000001 0.7106674
1 0.00024416353 0.26604256 0.5766734 0.46428666 0.67314434
1 0.00024257028 0.5424353 0.5410581999999999 0.7000404 0.6673585999999999
5 0.00023848166000000001 0.19449389 0.64129186 0.44524476 0.74663043
7 0.00023294165 0.7796466999999999 0.4501848 0.8664103000000001 0.5054191
13 0.00022189977000000002 0.0012012236 0.58856845 0.025164247999999997 0.6847329000000001
5 0.00021968314999999997 0.43313065 0.53282106 0.70379645 0.644835
7 0.00021852825 0.4261293 0.48573409999999995 0.676578 0.6692128
3 0.00021668708 0.81244564 0.43815318 0.8936078000000002 0.48182935
1 0.00021628162000000001 0.43394494 0.5350334 0.6476603 0.629394
8 0.00021244148 0.0039671166 0.57785106 0.020237348999999998 0.7013739999999999
9 0.00021112485 0.27369028 0.6040529 0.4374989 0.718064
2 0.00020595768000000001 0.81444234 0.44932145 0.90153015 0.5022417
4 0.00020569246 0.3278256 0.55809927 0.51605594 0.73217946
2 0.00020430498 0.7922974 0.44773597 0.88409597 0.49960628
10 0.0001989048 0.6064124 0.46212205 0.7703552 0.63150436
4 0.0001970796 0.36105692 0.53086746 0.53961056 0.7006357
5 0.00019207048 0.25104198 0.5964585 0.5351543000000001 0.69732857
13 0.0001912956 0.503184 0.5309302 0.66887146 0.6999714
13 0.00018737152 0.7995313000000001 0.42712775 0.8908771999999999 0.4781263
13 0.00018451851999999998 0.52068585 0.554963 0.6735088 0.6280395000000001
12 0.0001844239 0.5470175 0.49707872 0.7105185 0.6643365999999999
8 0.00018225951 0.012539363000000001 0.5941126 0.05934012 0.6356824000000001
12 0.00018191220000000002 0.46697468 0.51177365 0.67590046 0.6405162
7 0.00018190060000000002 0.80172473 0.45279709 0.8878223 0.5047245
7 0.00017827391 0.18087624 0.5913356 0.49197492 0.7620255
11 0.00017732792 0.3592645 0.5332412 0.49537024 0.69939107
2 0.00017573453 0.5453237 0.4789732 0.70347214 0.64851135
11 0.00017122917 0.819243 0.46131405 0.8677437 0.5122888
10 0.00016652083 0.5862670999999999 0.43386838 0.712011 0.68120915
13 0.00016255851 0.3145914 0.6112025 0.46462733 0.67224973
3 0.00015996007 0.007827044 0.5866826999999999 0.05233232 0.6586704000000001
6 0.00015947322 0.22654957 0.5856418000000001 0.5749687 0.72312105
1 0.00015440013 0.4581082 0.49507209999999996 0.6328786999999999 0.6245338
2 0.00015142043 0.5709778 0.45384940000000007 0.77086145 0.62016594
5 0.00015025436000000003 0.53391856 0.5582206000000001 0.71896267 0.7420879
6 0.00014918468 0.4799125 0.49417272 0.83086115 0.64028263
1 0.00014703092 0.78180164 0.4686234 0.8616370000000001 0.50334114
4 0.0001434793 0.6032111 0.48114300000000004 0.72546506 0.6941263000000001
10 0.0001429743 0.33102787 0.51208365 0.51113105 0.7135568
11 0.00014020066 0.59061843 0.42176524 0.6982276999999999 0.6739918
9 0.00013992313 0.8237515999999999 0.46168795 0.8975042 0.50470096
1 0.0001395921 0.21783936 0.6330316999999999 0.43086645 0.7325649000000001
5 0.00013886161 0.77028507 0.4723492 0.87111014 0.5070182
12 0.00013832282 0.52857566 0.5355489 0.8051734 0.6610964
2 0.00013811511 0.24504921 0.55857676 0.47656646 0.6792858
11 0.00013658796 0.6117655 0.4304300999999999 0.7205434000000001 0.7182181
8 0.00013417283000000002 0.00551409 0.51001954 0.04843896599999999 0.5587813
13 0.00013119941000000002 0.0 0.5815978 0.04779803 0.6395449000000001
9 0.00013030352 0.31072164 0.63032854 0.48642242 0.7411658
1 0.00012879896999999998 0.27898049999999996 0.6231709 0.35971290000000006 0.6848695
1 0.00012726871999999998 0.80433583 0.4683231 0.88415885 0.50273293
11 0.00012439622 0.8407766999999999 0.45898104 0.88987887 0.5094261999999999
5 0.00012224067 0.79841024 0.47352082 0.8897655999999999 0.5082076
4 0.00012128644399999999 0.3521519 0.5830494 0.54762983 0.7533081
11 0.00012100718999999999 0.7977628999999999 0.46366045 0.8446193000000001 0.5122257
10 0.00011853838 0.8385379999999999 0.44436127 0.8998915000000001 0.5085185999999999
1 0.00011700853000000001 0.31515756 0.6235835999999999 0.4298691 0.67631257
2 0.00011686086000000001 0.58135027 0.45868337 0.7230248 0.6687390000000001
8 0.000116840296 0.3055884 0.6115832 0.39102244 0.7020255999999999
4 0.0001164274 0.29676178 0.53820986 0.4670737 0.6847045
10 0.00011590333999999999 0.6227898000000001 0.43765676 0.73763394 0.7091417
9 0.00011436757 0.80447686 0.45984405 0.87524885 0.5069819000000001
8 0.00011407056999999998 0.0 0.5017035 0.084763885 0.6178647
11 0.00011314198000000001 0.34706524 0.48217029999999994 0.4606577 0.7924871
10 0.00011308528 0.4682449000000001 0.5222282 0.6809526 0.6560818
5 0.00011141274 0.26234663 0.6216944000000001 0.45540905 0.778011
6 0.00011129423999999998 0.24333431 0.62442213 0.5920915 0.7474427
2 0.00011067653999999999 0.32380328 0.50840986 0.5295663 0.6670319
3 0.00010785011999999999 0.3286947 0.58684105 0.44545624 0.6388901
2 0.000107340966 0.7707793000000001 0.4486901 0.8636853000000001 0.4973646
3 0.00010669127399999999 0.2874831 0.6062131 0.4186554 0.67438406
8 0.000104949424 0.05425528 0.23456486 0.38905522 0.94129753
1 0.00010483511999999999 0.7614786 0.46833873 0.84041315 0.50228506
6 0.00010188232 0.19677006 0.5646534000000001 0.5237787 0.68815017
12 0.00010034675999999999 0.81162506 0.45521469999999997 0.9034595999999999 0.49912187
13 0.00010011313 0.0 0.57476085 0.032996725 0.65660954
10 9.969135e-05 0.8172716999999999 0.44551850000000004 0.88094485 0.50966495
11 9.572958e-05 0.36766756 0.56474507 0.5261971999999999 0.76006055
9 9.549427e-05 0.60062534 0.5261121999999999 0.7237289000000001 0.6885836999999999
3 9.5436844e-05 0.009488864 0.6015335 0.05338234 0.68712074
12 9.218512e-05 0.35105044 0.6117765000000001 0.45720962 0.67244565
11 9.146944999999999e-05 0.5388400999999999 0.40356532 0.6587082 0.6822627
10 9.1234455e-05 0.5871181999999999 0.5155529000000001 0.7965805 0.6927605
4 9.121284e-05 0.5499388000000001 0.5009084 0.70122355 0.68694586
6 9.1045455e-05 0.3218173 0.6188005999999999 0.47516924 0.6761781
2 8.854509e-05 0.3360551 0.5116445 0.4781794 0.7187965999999999
10 8.732083e-05 0.3381966 0.6059625 0.43493587 0.66876143
13 8.713526e-05 0.28527483 0.6193424 0.39484712 0.7023010000000001
12 8.6953216e-05 0.27365124 0.5650430000000001 0.55807793 0.68365365
6 8.533831e-05 0.48208252 0.5389299 0.7241877 0.7139156999999999
3 8.51509e-05 0.738179 0.37568086 0.80183756 0.42774406
6 8.1334205e-05 0.7842293 0.46805018 0.8843504000000001 0.50562495
1 8.105443e-05 0.30278265 0.6173759 0.38514704 0.68732136
9 8.100989999999999e-05 0.33349922 0.61354566 0.45897758 0.7710796
10 8.073717e-05 0.2652084 0.5320553000000001 0.46835290000000007 0.70384914
4 8.0641425e-05 0.8302933000000001 0.46245366 0.89093757 0.50289536
3 8.042303000000001e-05 0.29865122 0.63050556 0.40430817 0.6976468000000001
9 7.744071999999999e-05 0.34924835 0.6210041999999999 0.44800222 0.6763355999999999
2 7.676265e-05 0.26919785 0.52884024 0.49776640000000005 0.65465915
4 7.638325e-05 0.46005198 0.5183403 0.68054116 0.65324944
3 7.524569000000001e-05 0.51763624 0.52818996 0.60766166 0.63345873
10 7.462656e-05 0.79786044 0.44899547 0.8612489 0.5072181
3 7.325051e-05 0.57382387 0.5213622 0.73422337 0.6069372
4 7.314984999999999e-05 0.29730627 0.5810274999999999 0.49021098 0.752209
9 7.279772e-05 0.7839921999999999 0.46072470000000004 0.85263056 0.50872827
8 7.2785064e-05 0.5797317 0.40668103 0.8487631999999999 0.9315158000000001
13 7.238149e-05 0.0059562447 0.5871528 0.067500375 0.6352318
5 7.205795e-05 0.25829256 0.61380863 0.55894166 0.72645706
12 7.1909955e-05 0.22481339 0.5662116999999999 0.46202657 0.6731689999999999
12 7.0591086e-05 0.57281333 0.5536224000000001 0.67779595 0.6311388000000001
10 6.950815e-05 0.32536492 0.61577564 0.41476268 0.66975754
11 6.83339e-05 0.3725118 0.6094598000000001 0.42522377 0.67972034
12 6.7719375e-05 0.7795949000000001 0.45542252 0.86228615 0.49908465
10 6.7108405e-05 0.38693568 0.5247944 0.5471654 0.7247710999999999
12 6.490366999999999e-05 0.27327907 0.54508424 0.46630004 0.6981837
10 6.357214e-05 0.49813244 0.53403646 0.7622956999999999 0.6989595999999999
3 6.3419015e-05 0.014118126000000002 0.59359974 0.06923484 0.64810175
13 6.221944e-05 0.0 0.49700364 0.05294605 0.55915695
10 6.1910454e-05 0.54259235 0.46410504 0.68311805 0.678589
4 6.0148041999999996e-05 0.8082583000000001 0.46298549999999994 0.8681718 0.5035231
8 6.0101567e-05 0.32872662 0.5828802 0.44173333 0.6566058000000001
10 5.5380733e-05 0.35399097 0.5038271 0.4800134 0.782516
11 5.4954690000000004e-05 0.58732253 0.5430055 0.65623415 0.62001145
3 5.2937576e-05 0.33025548 0.5643281 0.50393736 0.6903661
6 5.2724054999999996e-05 0.4298044 0.49612495 0.72096944 0.6440996
9 5.264848000000001e-05 0.5388472 0.52727664 0.7077549 0.6436609000000001
8 5.2120915000000005e-05 0.09141666 0.4406419 0.6052963 0.91330475
6 5.1864885000000004e-05 0.5332163000000001 0.5566395000000001 0.6954414000000001 0.62219334
1 5.1692416000000004e-05 0.1732431 0.6289669 0.38966367 0.7181976
13 5.141541e-05 0.5231826 0.546991 0.6301831999999999 0.6381173000000001
10 5.0364215e-05 0.35958582 0.5886575 0.4190093 0.6846875
11 5.03395e-05 0.32670635 0.5867314 0.38057375 0.7009155
8 4.891443e-05 0.04188509 0.17131315 0.24918854 0.92692864
4 4.7848473e-05 0.34103543 0.5229894 0.46745867 0.76475537
1 4.7119465e-05 0.53997064 0.56841063 0.65817666 0.6265356
7 4.64143e-05 0.7448128 0.45041484 0.8293587 0.50639
8 4.624583e-05 0.43939394 0.33295268 0.7804897 0.86868286
10 4.5165325e-05 0.32747188 0.5738748 0.5224095999999999 0.7652053000000001
4 4.5145778e-05 0.2671516 0.56977403 0.44515845 0.7114071
5 4.370782e-05 0.28686035 0.6183193 0.37526220000000005 0.6870734000000001
12 4.2611293e-05 0.31898448 0.6142268 0.41793990000000003 0.67183435
4 4.2411317e-05 0.35103166 0.5895299 0.44344340000000004 0.6713031
10 4.1521117999999994e-05 0.3214132 0.6186348 0.38305053 0.68374556
12 4.1406165e-05 0.7648732 0.45372742 0.8415799999999999 0.49748883
11 4.099518e-05 0.35562396 0.61228836 0.41401967 0.6807014
12 4.0432562e-05 0.35633013 0.60885245 0.42968073 0.68610984
10 4.0358107e-05 0.55203944 0.5473613 0.65628445 0.6184673
9 4.0200455e-05 0.76672554 0.46212423 0.8360714 0.508655
10 3.9327944e-05 0.31324112 0.6256948 0.3972323 0.6680957
8 3.929676e-05 0.042419262 0.52009356 0.36008227 0.9471245
5 3.8880214999999995e-05 0.27580875 0.62278205 0.41423464 0.67344886
6 3.8878296999999995e-05 0.16907144 0.6349274 0.5273696 0.7343189999999999
11 3.856926e-05 0.7822445 0.46730614 0.8248978000000001 0.5121988000000001
5 3.8272020000000004e-05 0.44694808 0.5477729 0.7413185999999999 0.6722614
8 3.8148933999999996e-05 0.0040994543 0.5306017 0.07762469 0.68550473
12 3.7813523e-05 0.32479194 0.6108713000000001 0.39381942 0.6872815999999999
7 3.737421e-05 0.32949695 0.60521257 0.43466106 0.6778435
12 3.654998e-05 0.23286746 0.5888123000000001 0.50856596 0.7036109
8 3.391283e-05 0.9523193999999999 0.44558420000000004 0.984157 0.47586049999999996
12 3.3404229999999996e-05 0.3398622 0.6131818 0.41289994 0.68899786
6 3.3365985e-05 0.25976372 0.58730245 0.5251060000000001 0.7731614
8 3.3285898e-05 0.7398216 0.3872955 0.8017387 0.4191809
4 3.3202294e-05 0.49528742 0.49880892 0.7120951999999999 0.63164604
13 3.2955405999999996e-05 0.32602182 0.5924786 0.4508276 0.65739405
10 3.2824308e-05 0.34125343 0.6037464 0.400569 0.6872553000000001
4 3.2772004e-05 0.78750247 0.46345115 0.8449002 0.500228
8 3.253406e-05 0.30134696 0.62893516 0.37502334 0.69782734
8 3.1910367e-05 0.44741946 0.49011725 0.8249866 0.90711236
5 3.1838812e-05 0.50390136 0.55386704 0.6788714 0.629111
5 3.1771259999999996e-05 0.4478136 0.5429575 0.6183623 0.7202895
10 3.1676806000000005e-05 0.7760965 0.44961706 0.8414593 0.5060043
9 3.116115e-05 0.32173455 0.6254112 0.42875966 0.6819964
8 3.107929e-05 0.35429788 0.57606673 0.45276275 0.6669311
13 3.087762e-05 0.0 0.6222944 0.03745599 0.6924745
4 3.0548093e-05 0.55073774 0.53074074 0.67684716 0.62284744
5 2.9643879999999998e-05 0.7293519 0.47334424 0.83047855 0.50427085
8 2.9594753999999997e-05 0.23897399 0.6414472 0.29576138 0.6877231
8 2.8796525000000003e-05 0.011262296000000002 0.6090239000000001 0.052638125 0.6584403
7 2.8564304e-05 0.54198736 0.5509546 0.6504805 0.6287028
2 2.7795479999999997e-05 0.23409337 0.5943811999999999 0.49167567 0.70737106
3 2.7666641e-05 0.008665822 0.5115233 0.05605421 0.5712195999999999
11 2.7448966999999997e-05 0.33182165 0.618155 0.39225987 0.6791491
8 2.7089538e-05 0.39046258 0.5695927 0.46297303 0.6620788000000001
3 2.6439848000000002e-05 0.32737577 0.5877759 0.43265402 0.7011953000000001
2 2.5562761999999998e-05 0.4849963 0.47231759999999995 0.7156392 0.5963486
11 2.5560767e-05 0.3525104 0.5788220000000001 0.40081024 0.6996559
9 2.5400668e-05 0.358321 0.6177828000000001 0.42498055 0.69651926
10 2.5014531e-05 0.36780688 0.59976906 0.46098843 0.6722227
2 2.452909e-05 0.0 0.5864651 0.044708415999999994 0.67731553
6 2.4477635e-05 0.28717867 0.6173143 0.43690538 0.66955954
11 2.4201015999999998e-05 0.37380975 0.5826187 0.4142385 0.6978578000000001
8 2.3570536000000003e-05 0.47168142 0.42026484 0.77415985 0.69724166
5 2.2482958e-05 0.32525077 0.6214130999999999 0.41897723 0.6980863
2 2.2445522e-05 0.72761816 0.37392697 0.83342904 0.4283065
9 2.1438712999999997e-05 0.38052988 0.61900973 0.46865574 0.67006046
8 2.1268168e-05 0.35784513 0.40565765 0.6667733 0.7125166
11 2.0149007e-05 0.00952634 0.5773358000000001 0.023078656 0.74236953
11 1.9853795e-05 0.55403596 0.49438408 0.69078344 0.6415448
11 1.940046e-05 0.5106785 0.40494567 0.63882667 0.7219588
3 1.9194378e-05 0.51575816 0.52465814 0.6448523 0.5845052
2 1.850132e-05 0.44425097 0.54261404 0.72280407 0.64690727
12 1.8431829e-05 0.37597820000000004 0.6116899 0.44761214 0.68577176
13 1.8408834999999998e-05 0.26641497 0.61451197 0.3810387 0.667565
13 1.817752e-05 0.000114758805 0.61392826 0.02324533 0.7090259
9 1.816721e-05 0.83266896 0.43372875 0.8968165000000001 0.48368144
9 1.8082186e-05 0.5508046 0.55898124 0.6716651 0.6210431
1 1.8055289e-05 0.3501147 0.61019003 0.43502355 0.6823526
13 1.7729733e-05 0.0 0.47298205 0.099817865 0.6214463000000001
2 1.7347951e-05 0.33509633 0.59524775 0.43026486 0.6696429
13 1.7052194e-05 0.52519065 0.5338895 0.6486496 0.6029707
3 1.6671214e-05 0.28979915 0.6380021 0.36608765 0.69493425
13 1.5977861e-05 0.27055576 0.6432262 0.3805945 0.68823016
4 1.5743777e-05 0.378994 0.58222187 0.45676512 0.6649925
