3 0.90007144 0.40586197 0.29860234 0.62657684 0.5936133000000001
3 0.8970867 0.009164645 0.41190362 0.060130257 0.46454325
8 0.46353486 0.37884554 0.28677222 0.6424938 0.6298338000000001
8 0.16450301 0.92466044 0.42934552 1.0 0.58424234
3 0.14429887 0.93117523 0.4195925999999999 1.0 0.58737063
8 0.046711344 0.39797375 0.41356814 0.57447135 0.56892914
8 0.020050807 0.42304045 0.35684440000000006 0.6007762 0.5841086
13 0.016089365 0.31461066 0.3661366 0.7123301 0.6093645999999999
8 0.00959202 0.009113033000000001 0.41168809999999995 0.058040347 0.46203232
8 0.005482984000000001 0.9290873 0.49170575 0.9873021000000001 0.5669666
3 0.0037427185999999997 0.01597131 0.40872318 0.079456724 0.45992315
13 0.0035992789000000003 0.3935254 0.36018 0.7230734999999999 0.69594675
8 0.003517244 0.012155646 0.42033282 0.06863397 0.46933293
13 0.0030289465000000004 0.88647276 0.46502626 0.9925190999999999 0.5706227
7 0.0030125529 0.20075268 0.28455418 0.7016028 0.6877368
5 0.0030052674 0.17425935 0.38131857 0.75363994 0.63020205
13 0.0026794912 0.41252655 0.36471435 0.63679385 0.56007236
13 0.0026579378000000002 0.26573828 0.41792809999999997 0.6650749 0.6252538000000001
9 0.0025037169 0.36309046 0.32091433 0.7555338 0.5809903000000001
8 0.0025000070000000003 0.015159223000000001 0.40819058 0.07433076 0.45781409999999995
2 0.0021715495000000002 0.26662332 0.26823065 0.8082568 0.545417
13 0.0020066996 0.31083894 0.3539555 0.6131984 0.5308059
1 0.0018087982999999998 0.23886187 0.36658973 0.6494204 0.63547206
5 0.0017952570000000002 0.3517336 0.37315595 0.58352834 0.55026966
1 0.00161777 0.35753375 0.3669427 0.55742407 0.49143237
9 0.0015531836999999999 0.3949522 0.33961865 0.66209275 0.46867138
9 0.0015390761 0.9248436999999999 0.45238465 1.0 0.5705418000000001
11 0.0015117388 0.91642016 0.43056265 0.9716343000000001 0.60344005
2 0.0014408303 0.88464713 0.41996187 1.0 0.5704005
6 0.001388688 0.21471867 0.34753564 0.76761055 0.63593894
8 0.0013342785000000001 0.29104224 0.29792175 0.62173873 0.70173985
7 0.0012807887 0.87736 0.42891663 1.0 0.60820657
13 0.0012427153999999998 0.0050566597 0.42694372 0.055562217000000004 0.4863595
13 0.0012200149 0.34864217 0.39246804 0.68932325 0.5427103
11 0.0012195854 0.41577178 0.29393253 0.6690001 0.65429384
5 0.001193801 0.21214648 0.39492813 0.6090932 0.6966197
1 0.0011500842999999999 0.8819688 0.47749406 0.9826168 0.582445
13 0.0011159749000000001 0.0084114885 0.4023313 0.05631012 0.47074673
2 0.0011100473 0.42172664 0.3148921 0.6611123000000001 0.43648124
6 0.001082363 0.37839967 0.3496639 0.61904407 0.49072683
12 0.001053904 0.43150148 0.30120897 0.6650486 0.44689465
7 0.0010399004 0.3547937 0.19350901 0.7249587 0.7341260000000001
8 0.00103806 0.94078416 0.47449693 0.9832843000000001 0.56097233
13 0.0009960684 0.33428070000000004 0.4369123 0.6337075 0.6715923
9 0.0009739377400000001 0.48308253 0.3369723 0.64167744 0.5065045
12 0.0009327914999999999 0.24487647 0.28029755 0.8152853 0.53523076
13 0.00088241696 0.37602928 0.33619842 0.5750608 0.5610288
4 0.0008613210000000001 0.4411458 0.3212817 0.6267279 0.46388072
2 0.00084707286 0.40935190000000005 0.26713297 0.7621456999999999 0.6620295999999999
1 0.0008347204 0.381296 0.39422828 0.59039426 0.52189153
9 0.0008270095599999999 0.36196125 0.23241311 0.5811732 0.5590318
9 0.0008003769 0.45239416 0.39319977 0.7444642 0.65777355
7 0.0007942410000000001 0.21964392 0.2650844 0.6021621 0.82046264
4 0.0007930433 0.46625495 0.34186012 0.66172737 0.49188894
9 0.0007723011999999999 0.389244 0.32362565 0.59710246 0.61975116
1 0.0007420828999999999 0.44338873 0.37660533 0.61041176 0.5617151
3 0.0007419329499999999 0.021759632999999997 0.42151472 0.08540202 0.47271812
4 0.0007305856 0.48743647 0.29298270000000004 0.8559867 0.6865155
11 0.00072109135 0.36761186 0.19497922 0.5744916 0.7675284000000001
13 0.00072032557 0.33871463 0.4388344 0.7258127 0.55677944
7 0.0007179726 0.41231949999999995 0.31719553 0.619188 0.49708715
4 0.0007127002499999999 0.49436453 0.28399587 0.6290435999999999 0.5149094
12 0.0006958199000000001 0.45480293 0.33882257 0.6750443 0.48310396
13 0.00069419 0.8956209 0.5050055 1.0 0.5586005
6 0.0006846898 0.40230563 0.37728983 0.6426642 0.5448633
1 0.0006730942999999999 0.37931734 0.4111043 0.5418023 0.57600594
4 0.0006504880000000001 0.41636506 0.2827935 0.7773255 0.64204264
5 0.0006494272 0.34917066 0.38868347 0.7426078 0.6700998
1 0.00064727047 0.16465467 0.33457458 0.575663 0.5802539000000001
3 0.0006381306 0.44983444 0.31049788 0.66033083 0.51688886
5 0.00063238863 0.28371042 0.45903763 0.6290523 0.7431366
1 0.0006158997 0.1993716 0.28085893 0.5587876 0.52760667
9 0.00060955645 0.4234611 0.33462772 0.5822429 0.516143
5 0.00060613896 0.30115455 0.35263675 0.6441295 0.4556923
8 0.0006040611 0.42083892 0.3203688 0.578864 0.51685184
12 0.0005952406 0.47840095 0.33368373 0.63720846 0.5246623
11 0.0005914946 0.43325794 0.36350557 0.52568465 0.56865996
9 0.0005805143 0.4388242 0.35859650000000004 0.6719259 0.5213898
9 0.0005777062000000001 0.46137792 0.3461448 0.6107551 0.5414576999999999
1 0.00057676947 0.3764401 0.41881009999999996 0.66935927 0.7158966
1 0.00057311275 0.23055108 0.41185197 0.53264225 0.6774486
5 0.00056736363 0.850392 0.47180435 1.0 0.57471585
11 0.00056166743 0.34535605 0.26688520000000004 0.5716916999999999 0.6218614
10 0.0005442372 0.35362053 0.33525223 0.5997948000000001 0.46450374
9 0.00053247076 0.4890059 0.37133098 0.6368214 0.5560957
9 0.0005266019 0.43716478 0.37091887 0.5790611 0.56644607
9 0.0005109553 0.34441483 0.2916256 0.6609125 0.55288273
12 0.0005033681500000001 0.44288808 0.3475861 0.59387815 0.5640323
11 0.00049733056 0.38412395 0.16670586 0.5502341 0.58718556
7 0.00048034254 0.008176044 0.39200425 0.05374153 0.464318
11 0.00047864447999999995 0.47215470000000004 0.2960438 0.7542074000000001 0.6919974
13 0.000476544 0.011600058500000001 0.40561604 0.08896008 0.46132377
6 0.00047099454000000003 0.9007226999999999 0.45082033 1.0 0.5746866
6 0.00046970206 0.44194475 0.35585013 0.62439233 0.58326936
5 0.00045923702000000006 0.121576466 0.35493308 0.6530697 0.58596337
11 0.00045198682 0.5009061 0.19909199 0.69564945 0.69106174
9 0.00043478401 0.42114913 0.41457802 0.66656137 0.7201356
6 0.00042991125 0.15920034 0.33134020000000003 0.65519655 0.5921319
3 0.00041941360000000003 0.43000913 0.30756414 0.6327723000000001 0.45273942
4 0.00041055097 0.43932799 0.33656502 0.6099303 0.5951662
2 0.00041020635000000005 0.30468208 0.2803546 0.68591607 0.62791646
13 0.00040775572 0.43945439999999997 0.35210663 0.5917175 0.6110741999999999
5 0.00040668828 0.2908394 0.39598933 0.6813461999999999 0.5286111
8 0.0003948568 0.9495908000000002 0.48396266 0.9889495999999999 0.57988816
12 0.00038850089999999994 0.42720646 0.27796742 0.5903944999999999 0.49476686
13 0.00038416404000000005 0.3811263 0.41790155 0.6144970999999999 0.581733
1 0.00038381099999999996 0.8856344999999999 0.50302356 0.9845176 0.60610396
4 0.00038363062999999996 0.5000205 0.33415370000000005 0.79194707 0.77986205
2 0.00037560123 0.4217508 0.3449263 0.6762708000000001 0.46801168
9 0.00036983623 0.9399716 0.50813174 1.0 0.55819833
7 0.000357993 0.46505865 0.29426175 0.6052024 0.57304513
11 0.00035477383 0.021970166 0.4051837 0.04751236 0.46189275
12 0.00035217102 0.36995152 0.29221588 0.7967215999999999 0.633448
13 0.00034008852999999994 0.42039186 0.23983347 0.6385871999999999 0.7619361
4 0.00033655597 0.91033006 0.43947312 1.0 0.5955326999999999
7 0.0003323985 0.39825267 0.37102824 0.61743957 0.55587107
5 0.00033193063999999997 0.42577767 0.36434403 0.5549881 0.6396701
7 0.00031794427 0.44149238 0.33034015 0.58255917 0.5985942
11 0.00031203822999999994 0.44253242 0.21054655 0.6503379 0.8614796999999998
6 0.00031122286 0.33581677 0.40850618 0.80603683 0.74656487
5 0.00030619145000000003 0.359074 0.34808034 0.57398564 0.5022578
6 0.00030614837000000005 0.37413362 0.40689287 0.6119952 0.5623912
5 0.0003052664 0.004119266 0.43850723 0.049221537999999995 0.49158199999999996
4 0.00030514767000000006 0.45813677 0.37032244 0.6406390000000001 0.55638903
10 0.00030426279999999997 0.46179673 0.28357777 0.6074008000000001 0.51037693
5 0.00029940458 0.40887946 0.41135004 0.64524394 0.59762526
12 0.0002992526 0.9024689 0.42640439999999996 1.0 0.53296167
1 0.0002986896 0.29745153 0.42915760000000003 0.5823472 0.73960614
11 0.00029373815 0.48553392 0.36636257 0.56193167 0.5503201
7 0.00029057157000000005 0.40821394 0.35808626 0.55869234 0.6299949
7 0.0002787491 0.91674364 0.5112939000000001 0.9980412000000001 0.57312894
8 0.0002776122 0.38433552 0.44079480000000004 0.55817133 0.61717033
5 0.00027706436 0.006233439 0.41547212 0.061070763 0.46596682
10 0.00027616015999999997 0.91444147 0.41326588 1.0 0.5969853
6 0.00027483256 0.89754486 0.48080355 1.0 0.6031896
2 0.00026598682999999995 0.28290305 0.33842143 0.84238786 0.61857635
12 0.00026164064 0.49462786 0.39418676 0.6324249 0.57243556
1 0.00025811995 0.33211064 0.35291737 0.51698786 0.47590527
11 0.00025530375 0.5106722 0.33548766 0.5830628000000001 0.5132734
7 0.00025340139999999997 0.0011271859 0.42044017 0.05820404 0.49154767
9 0.00024807913 0.014778601 0.40440774 0.057126552000000004 0.45905805
11 0.00024660467 0.46397433 0.3425856 0.5391271 0.5222914000000001
2 0.00024573263 0.46767700000000006 0.31043342 0.62284297 0.53031904
10 0.00024412629 0.39733753 0.35804206 0.5823599 0.5281100999999999
9 0.00024129369 0.330788 0.37271252 0.7670212 0.6414645
6 0.00022987243 0.27259040000000007 0.38903356 0.6567704000000001 0.7230625
1 0.00022944967999999997 0.006119215 0.4146487 0.052462153 0.46067724
12 0.00022492972 0.26369575 0.17348412 0.6209737 0.48973116
12 0.00022195737999999998 0.010390542 0.39778766 0.054849524000000004 0.45138556
2 0.00022115217999999997 0.0094582485 0.42609066 0.059258487 0.47676396
11 0.00021957213 0.47826195 0.21801117 0.5452675 0.5929505
11 0.00021582567000000003 0.52971107 0.2074663 0.73569036 0.79715294
9 0.00021566572999999996 0.431112 0.40128672 0.64533424 0.5674625
9 0.00021067917000000002 0.44101718 0.33061424 0.68300974 0.63654584
8 0.00021020672000000002 0.22701228 0.33409315 0.615809 0.9099451
5 0.00020803501 0.85178626 0.49555945 0.99275905 0.60898596
11 0.00020726993999999998 0.44390219999999997 0.19829272 0.6186216999999999 0.64372754
10 0.0002070968 0.47458598 0.33084035 0.62129164 0.58258986
1 0.00020506702000000002 0.44501355 0.43095379999999994 0.6228741999999999 0.59957236
5 0.00020225096000000002 0.28675663 0.44142574 0.6677583 0.5812294
10 0.00020037557 0.42662227 0.3599498 0.59883255 0.58313626
12 0.00019924699 0.46018162 0.33807740000000003 0.56340206 0.60288954
11 0.00019860098999999998 0.44082567 0.322959 0.51856977 0.5182532
6 0.00019705459 0.92623603 0.511811 1.0 0.55744964
10 0.00019484789 0.014736837 0.39106697 0.055369805999999994 0.46011314
13 0.00018973774 0.9301809999999999 0.49674502 1.0 0.56366825
2 0.00018824685 0.40831235 0.33269772 0.58706254 0.50631195
12 0.00018482533 0.2764749 0.23312302 0.662446 0.55439425
1 0.0001829849 0.40536022 0.43175107 0.5702475 0.60182947
2 0.00018229173 0.41488293 0.37419674 0.6475294 0.49773332
11 0.00017604705000000002 0.021339007000000004 0.41923320000000003 0.05036986 0.49451956
9 0.00017556087 0.44381294 0.23250700000000002 0.60405576 0.71403986
11 0.0001616352 0.43043053 0.38627285 0.5299911999999999 0.50100756
4 0.00016065303 0.01692174 0.39488379999999995 0.057361163 0.4548137
10 0.00015731192 0.9141155999999999 0.50023526 1.0 0.57205755
7 0.00015719433 0.9453521999999999 0.509315 0.99586993 0.5757181
6 0.0001567024 0.0028854208000000004 0.39717028 0.069867685 0.46105546
7 0.00015458466 0.35140485 0.44132116 0.56569856 0.6164582
10 0.0001513311 0.41820280000000004 0.30730686 0.578961 0.49561292
8 0.0001501231 0.07183449 0.2547403 0.6545593000000001 0.8175529
10 0.00014778989 0.94768965 0.49199885 1.0 0.577609
12 0.00014741076 0.42390895 0.38873842 0.6698776 0.5356890999999999
2 0.0001441519 0.3313716 0.1961095 0.6932174 0.5494557
2 0.000143345 0.015530364 0.39386645 0.058473878 0.44847798
11 0.00014323562 0.46156213 0.39316067 0.5617092 0.51856023
1 0.00014048145000000002 0.43512738 0.3609163 0.56916577 0.5955512
8 0.00013613953000000002 0.6307897 0.43304536 0.8824271999999999 0.98385227
13 0.00013041131000000002 0.39983255 0.31807306 0.64026284 0.49116933
11 0.00012805441999999998 0.5168955 0.36239344 0.5990781999999999 0.5846967
5 0.00012524275 0.35676637 0.39673254 0.591771 0.79839385
4 0.00012472284 0.4226835 0.37942728 0.6881689999999999 0.7983133000000001
7 0.0001228559 0.40953320000000004 0.2824594 0.54852706 0.55202466
10 0.000117751995 0.38922584 0.19435377 0.77168596 0.64264303
2 0.00011740728999999999 0.4442691 0.37575367 0.6077728 0.57649153
4 0.00011546148999999999 0.38839707 0.24834901 0.6643237 0.6692978
10 0.00011334565000000001 0.47075 0.25383696 0.55178225 0.5598046999999999
5 0.00011186038 0.36301866 0.41480148 0.56356275 0.6216076
12 0.00010870428400000001 0.9457237 0.49572897 1.0 0.5481223000000001
12 0.00010734479 0.4129847 0.34474927 0.61739206 0.4845093
6 0.000106200976 0.4232686 0.31413347 0.6311109 0.53104496
4 0.000106198575 0.011973379 0.41840294 0.05655773 0.48520052
4 0.00010564909 0.9587505999999999 0.49143714 1.0 0.5783153
13 0.00010560758999999998 0.9468319 0.48733887 1.0 0.57945323
3 0.00010174519000000001 0.9407628 0.48606712 1.0 0.60411143
11 9.920770000000001e-05 0.47792970000000007 0.41152427 0.5760173000000001 0.54321146
11 9.857312400000001e-05 0.44853112 0.0 0.59734666 0.936623
3 9.7745375e-05 0.43463013 0.32256007 0.7274767 0.6496023
2 9.636236e-05 0.29398316 0.20190382 0.80162925 0.48043793
8 9.583548000000001e-05 0.10260223 0.30853134 0.508355 0.9107716999999999
1 9.195851999999999e-05 0.9278482 0.52281004 0.9876285 0.56561273
10 9.193927e-05 0.49730230000000003 0.22402771 0.5707380999999999 0.5563818
1 8.959018e-05 0.43437737 0.36121684 0.6355651999999999 0.48887962
8 8.946668e-05 0.30299 0.11586266 0.6868328 0.7120041
5 8.9236775e-05 0.39590952 0.44323578 0.63971144 0.8650117
4 8.827924999999999e-05 0.9360431999999999 0.5002963 0.9988889999999999 0.5725601
10 8.807318000000001e-05 0.47746906 0.21739789999999998 0.8642215 0.67608774
10 8.768273999999999e-05 0.017395053 0.42018446 0.061047696 0.49381486
8 8.701591999999999e-05 0.32750383 0.33554983 0.6956068 0.8830531999999999
10 8.6873755e-05 0.49477744 0.1288366 0.75232476 0.6740193
8 8.5767286e-05 0.03148431 0.34058484 0.30761164 0.9335164
13 8.386661e-05 0.0101392465 0.43056673 0.09077155599999999 0.48107952
6 8.339907e-05 0.002124965 0.43628266 0.071823835 0.4871455
6 8.147443e-05 0.33929549999999997 0.3788289 0.57799155 0.50502515
8 8.0276135e-05 0.4098081 0.29861587 0.5804455 0.44557333
1 7.886184000000001e-05 0.007110190600000001 0.43990619999999997 0.05347061 0.49095684
1 7.8136356e-05 0.32816622 0.16477673 0.57416564 0.55319816
11 7.740896e-05 0.5072582 0.22616255 0.5650495 0.5745255
1 7.7289e-05 0.37856495 0.32953720000000003 0.5759641 0.44796062
11 7.728392e-05 0.4897567 0.325368 0.5589781999999999 0.5046514
7 7.5788594e-05 0.009995321 0.42576468 0.07181758 0.48418784
7 7.4738964e-05 0.34822446 0.32686642 0.57081443 0.49414775
2 7.436621e-05 0.3883276 0.40554209999999996 0.61764276 0.52117014
13 7.385382e-05 0.9306513000000001 0.47217837 0.9883136 0.54249716
7 7.155005e-05 0.43883702 0.26651552 0.54133445 0.6709844
2 7.108081600000001e-05 0.35977309999999996 0.35229725 0.6203512 0.46784943
8 7.015456e-05 0.9459050999999999 0.51894605 0.98324823 0.5823122
9 6.700296999999999e-05 0.46587396 0.38934109999999994 0.61026365 0.60488886
7 6.5751905e-05 0.4459276 0.33740532 0.6655802 0.5131542
12 6.571476e-05 0.47899708 0.31526548 0.7213088000000001 0.45989975
4 6.527037500000001e-05 0.42654490000000006 0.2956259 0.5848953 0.49050763
10 6.4617605e-05 0.47298878 0.24546354 0.75398594 0.7974045999999999
10 6.4404e-05 0.35108414 0.105824284 0.6164736999999999 0.5906719
12 6.437228e-05 0.35289735 0.05769839 0.61574703 0.5283255
2 6.428829499999999e-05 0.42371938 0.27834108 0.5996352 0.4421383
10 6.408184e-05 0.50051075 0.29133463 0.63367254 0.5474302
10 6.32712e-05 0.48302266 0.0 0.65864867 0.7301375
9 6.260304e-05 0.019616168 0.4303326 0.057188205 0.47860509999999995
2 6.2147185e-05 0.45264074 0.28543442 0.6813788000000001 0.41518387
9 6.210213e-05 0.48015459999999993 0.25763637 0.6628314999999999 0.7164802
7 6.207894000000001e-05 0.36254904 0.14587823 0.66432446 0.9382290999999999
11 6.184257e-05 0.94120044 0.51804566 0.98376137 0.575671
2 6.1318664e-05 0.90823084 0.5030677 1.0 0.56013167
8 5.7833141999999995e-05 0.75258535 0.25316915 0.9267894 1.0
2 5.6807236000000006e-05 0.4612493 0.12399211 0.67317575 0.75284904
12 5.6541874e-05 0.9069591999999999 0.45025063 1.0 0.5630451999999999
10 5.6238850000000005e-05 0.9503635 0.47370058 0.99944615 0.5371276
1 5.621161999999999e-05 0.95225936 0.5197148 0.99773777 0.5733773
9 5.426581999999999e-05 0.9508232 0.49020052 1.0 0.54146975
11 5.3098019999999993e-05 0.49771629999999994 0.0 0.65110177 0.97220135
8 5.2526069999999996e-05 0.9415766 0.45845583 0.9812232 0.52572936
5 5.1065806000000005e-05 0.012309318 0.44061688 0.06981539 0.48772797
1 5.0489880000000005e-05 0.37566808 0.18613489 0.6229316 0.5892668000000001
8 4.9383398e-05 0.45765617 0.3788256 0.6145837 0.55072415
12 4.8870093e-05 0.013746535 0.42584246 0.057859752 0.47441540000000004
5 4.8749902000000004e-05 0.27163926 0.3842513 0.591166 0.50198823
12 4.7627444e-05 0.9614585999999999 0.4966643 1.0 0.5553791
11 4.662488e-05 0.46837687 0.43902197 0.5729385 0.5829146
9 4.5817356e-05 0.45999589999999996 0.34897307 0.7155303000000001 0.4714387
11 4.514759699999999e-05 0.40159863 0.3584558 0.5067917000000001 0.48607957
13 4.4335586000000005e-05 0.32199097 0.33469257 0.54441684 0.48699066
11 4.2251533e-05 0.44606087 0.37939826 0.5563028 0.66307926
4 4.2138859999999995e-05 0.5045166 0.31895006 0.6858718 0.46518648
7 4.2073974e-05 0.018416198 0.40225738 0.093556866 0.45813290000000007
8 4.114468e-05 0.6795456 0.23452827 0.89779985 1.0
10 4.1136004999999994e-05 0.030903136 0.41993555 0.07843443 0.48813605
8 4.093667e-05 0.48626217 0.18827161 0.81300443 0.9163959
13 3.7592345e-05 0.3702483 0.32618326 0.5835334 0.7908251999999999
4 3.7414425999999997e-05 0.47415864 0.2965308 0.6459372 0.43603444
2 3.7231100000000003e-05 0.027876357999999997 0.39972115 0.09591102 0.44872844
9 3.6679197e-05 0.41774768 0.38755476 0.5602574 0.62126315
11 3.586474e-05 0.48269940000000006 0.0 0.61122507 0.76523966
12 3.5521156e-05 0.9600206 0.47446325 1.0 0.53171474
1 3.5190347e-05 0.33850127 0.3992055 0.52624714 0.5209823
11 3.5044064e-05 0.5342964 0.33338073 0.6221356 0.530983
1 3.430008e-05 0.022368537 0.4186901 0.083005466 0.45637158
1 3.3884487e-05 0.31960170000000004 0.31466377 0.5144645999999999 0.4283814
4 3.384200999999999e-05 0.027450146 0.41692853 0.07433526 0.48168316
9 3.263271e-05 0.44937944 0.43946320000000005 0.68074214 0.6034728
5 3.2579297e-05 0.8640558 0.51787186 1.0 0.55949724
8 3.1993237e-05 0.051013435999999995 0.15690699 0.306115 0.77532226
1 3.1921078e-05 0.019349396 0.44394213 0.07621162 0.48362544
6 3.1518382000000004e-05 0.41615978 0.41583475 0.691284 0.55871046
10 3.1484178e-05 0.9675133 0.4644902 1.0 0.59657556
10 3.0509245000000002e-05 0.53411156 0.0 0.6970451 0.755784
11 3.0073735999999998e-05 0.46514297 0.45324337 0.58876294 0.6322929
12 2.9893743e-05 0.49994257 0.38740537 0.5930896999999999 0.6178600999999999
4 2.8634675e-05 0.96842784 0.46492392 0.99826723 0.5835649
2 2.8529913999999998e-05 0.45210782 0.2636937 0.5727383 0.54767144
11 2.8479191000000002e-05 0.03783915 0.4248438 0.07195704 0.4858012
2 2.8446482e-05 0.93835235 0.49924958 0.99983907 0.566862
