3 0.99886864 0.7420791999999999 0.41382268 0.99306554 0.7470853
3 0.2803948 0.10102486 0.45351496 0.2876439 0.69607306
3 0.22058895 0.038700316 0.50274456 0.101193205 0.5505678
8 0.17080083 0.060465068 0.46820757 0.31750217 0.73787135
3 0.07911538 0.11763857 0.42918026 0.37123948 0.68295527
8 0.01673732 0.02690684 0.50364214 0.10505796 0.55573356
8 0.013244115 0.09244909 0.48064846 0.2575892 0.6602338000000001
8 0.011893912 0.7482635999999999 0.437586 0.9980812 0.8088236999999999
3 0.0053848509999999995 0.1095538 0.49465507 0.37166357 0.75550014
8 0.005080406599999999 0.6494593000000001 0.38018808 1.0 0.84707433
13 0.0042981007 0.054821312000000004 0.48878109999999997 0.25440907 0.677331
3 0.0039695837 0.5835776 0.4021755 0.9904277 0.7906107
8 0.003139532 0.03653349 0.46139723 0.2988764 0.9045799000000001
8 0.0026754232 0.74799997 0.38531170000000003 0.9659665000000001 0.72165483
13 0.0026271206 0.0069288164 0.48255646 0.34081823 0.7813276
13 0.0022627558 0.6433524 0.54417324 1.0 0.7849085
13 0.0018790666 0.028870653 0.4993799 0.10145326 0.5677779000000001
3 0.0018626753 0.07272385 0.48368806 0.33043218 0.9308576999999999
13 0.001472362 0.052048065 0.45176077 0.2985521 0.86153847
1 0.0014539559 0.5420439 0.4687385 0.9006931999999999 0.7005726999999999
6 0.0012282238000000001 0.5996993 0.440676 0.9845584000000001 0.74238175
3 0.001040933 0.7188009 0.244042 0.9756142 0.6903838999999999
8 0.0010291963000000001 0.7051801999999999 0.19609411 0.9691016 0.7687899
7 0.0010191358999999999 0.54744864 0.37832332 0.98480844 0.78431773
9 0.000967188 0.117051855 0.43146515 0.37967503 0.69991696
3 0.0009470603 0.84924823 0.41726673 1.0 0.5913758000000001
6 0.00083495164 0.6074651999999999 0.50907725 1.0 0.7878166999999999
5 0.0007968475 0.52291775 0.43368260000000003 0.95786107 0.72690743
7 0.00075227045 0.0 0.38712767 0.3658229 0.7989712
3 0.0007504164 0.8143111999999999 0.37463620000000003 0.9746894 0.76001835
1 0.0007296379 0.5296289000000001 0.3897329 0.9072459 0.6168543000000001
3 0.0006660736999999999 0.72719526 0.42812008 0.92827463 0.60199326
1 0.0006592691999999999 0.5937600000000001 0.54071665 0.9459195 0.7738761
13 0.00064821454 0.5973010999999999 0.4624765 0.98771954 0.7390711
9 0.0006320712000000001 0.7356461 0.38354582 1.0 0.67898875
6 0.0006014156 0.08685453 0.50170976 0.30884534 0.6421594
8 0.0005707773000000001 0.04842020599999999 0.16913883 0.33255512 0.72197294
7 0.0005622387 0.6441455 0.45826378 0.9784286 0.8602751000000001
9 0.0005498854 0.13376617 0.48167315 0.40247154 0.75709736
13 0.0005352003 0.77264214 0.41408357 0.96552396 1.0
8 0.0004949296 0.025894456 0.44864026 0.1965 0.9267443000000001
8 0.0004923567 0.12550217 0.16289666 0.41508102 0.667848
13 0.00048245664 0.822693 0.41124013 1.0 0.8251499
2 0.00041493122000000004 0.0021688342 0.37519103 0.44058704 0.67576087
12 0.00041005664 0.13801228 0.46209034 0.31254548 0.6133668999999999
13 0.00038291197 0.012309059499999999 0.39353058 0.29495126 1.0
13 0.0003768 0.73865944 0.48933312 1.0 0.82662255
3 0.00037006932 0.75083673 0.4227947 1.0 0.6242366
13 0.00036936684 0.70822716 0.38988274 0.99444306 0.75982493
11 0.00036903706 0.6699164000000001 0.41212583 0.8529154 0.75161
9 0.00035931487 0.12816522 0.48161995 0.29780838 0.63198787
2 0.00035654199999999995 0.035960067000000005 0.49982813 0.11096503 0.554333
1 0.00034065072999999997 0.05352825 0.52871275 0.24048781 0.6386151999999999
7 0.000340553 0.030860394 0.49899948 0.11054453 0.56312656
5 0.00033654629999999995 0.63241756 0.5009856 0.98146987 0.8175252
1 0.00032436097 0.6930649 0.5661439 0.97801244 0.7977876
5 0.00032208144 0.0 0.51686925 0.36041933 0.69925463
4 0.00031975127 0.7453604 0.42464167 1.0 0.7946871
1 0.00030870314 0.0 0.5145417999999999 0.28266948 0.717368
2 0.00030148376 0.6160069 0.37067568 1.0 0.6267428
12 0.00029353506 0.6663258000000001 0.3747311 1.0 0.6155656
12 0.00028396555 0.7680812 0.26438448 1.0 0.56864065
8 0.00028060892 0.059936017 0.25722045 0.37327540000000003 0.88312835
13 0.00025629993999999996 0.6917156 0.4411585 1.0 1.0
7 0.00024901086 0.09098769 0.45613580000000004 0.26332647 0.65553993
12 0.00024789252000000003 0.0 0.33982608 0.4526072 0.6069958000000001
5 0.00024138355 0.009484842 0.53150105 0.2809415 0.7623057
3 0.00023917102999999998 0.9014440999999999 0.5969272 0.9679934000000001 0.73784465
11 0.0002388249 0.70011145 0.44355115 0.90558463 0.8262334000000001
5 0.00023850116000000002 0.0 0.47708988 0.39142436 0.6379937
7 0.00023436532000000002 0.7674898 0.28476727 1.0 0.6754481999999999
8 0.00023014033999999999 0.617373 0.29583263 0.9399475 0.9676136999999999
1 0.00022592083 0.708504 0.38063702 0.95321435 0.60232973
1 0.00022250331000000002 0.0 0.43509996 0.29077294 0.64719296
10 0.00021812886000000003 0.10270702 0.47838706 0.29611659999999995 0.61200035
9 0.00021602938 0.7933808000000001 0.4708919 1.0 0.7751693000000001
4 0.00021314662999999997 0.12990305 0.48734209999999994 0.27886087 0.6269056
10 0.00021158307000000002 0.061002802 0.49213642 0.116787136 0.5721911
13 0.00020140538 0.053980827 0.032603268 0.37329677 1.0
5 0.00019808416000000002 0.0022754073000000002 0.5196255999999999 0.08787658 0.5632057
13 0.00019700409 0.90471303 0.6296619999999999 0.96922326 0.7149493
8 0.00019451956999999998 0.025568135 0.18229862 0.16161844 0.7976838
6 0.00019192605 0.72569317 0.3237941 1.0 0.63664407
5 0.00018344886000000002 0.023387045 0.5168547 0.28757632 0.61201787
1 0.00018343306 0.01075476 0.5202968 0.08112691 0.55898714
6 0.00018339699 0.0 0.48576972 0.37954699999999997 0.76446944
1 0.0001719043 0.7835766 0.4103778 0.96959805 0.6523996
2 0.00017044458999999998 0.61645436 0.42732674 1.0 0.7052538
11 0.00016951183 0.7764920999999999 0.48521245 0.94155884 0.87188804
4 0.00016791785 0.6750071999999999 0.38094473 0.9855796 0.6996603
11 0.00016759668000000002 0.10970449 0.3963836 0.29334864 0.81062925
10 0.00016380922 0.7658210999999999 0.28654814 1.0 0.63556933
11 0.00015804956 0.7013378 0.37537113 0.86731505 0.67617846
12 0.00015459432 0.7648064 0.44222465 1.0 0.7421393000000001
2 0.00015292843 0.09276735 0.46486000000000005 0.29873928 0.5982979
3 0.00015174813 0.12912028 0.24265903 0.44132978 0.8507697
12 0.00014730661 0.8120364000000001 0.32430747 1.0 0.6091495
3 0.00014587933 0.04153411 0.4868995 0.21713160000000004 0.9673559000000002
1 0.00014479479999999998 0.030538686000000002 0.5230445 0.096291415 0.564591
10 0.00013930186000000002 0.045270342000000005 0.50426453 0.101957485 0.5688174
6 0.00012886173 0.072254494 0.47461369999999997 0.30270243 0.60940754
9 0.00012644657 0.13955568 0.45209903 0.33422977 0.8146637
1 0.00011986941500000001 0.044606864 0.4948549 0.23332182 0.6001432
6 0.000119574855 0.0 0.42820559999999996 0.38821203 0.6888645999999999
11 0.000115680064 0.03779757 0.50066936 0.07917663 0.57383835
1 0.00011523388 0.8425611 0.45777008 0.9779513000000001 0.7474276999999999
9 0.00011400245 0.16123179 0.5020321 0.3269997 0.6236151
9 0.00011361638999999999 0.83890194 0.36521527 1.0 0.64451075
2 0.00011301671999999999 0.70106226 0.47604716 1.0 0.7408756
8 0.00011128363000000002 0.09704538 0.41101540000000003 0.41493905 0.9404231
4 0.00011027673000000001 0.09595607 0.39033154 0.3803594 0.65215445
5 0.00010986508 0.71139497 0.3951914 1.0 0.64101356
7 0.000109321314 0.84932023 0.30824727 0.9763742 0.78419375
5 0.00010923308000000001 0.0 0.61055607 0.27259308 0.98080474
11 0.000107744156 0.7325621999999999 0.42930290000000004 0.88364017 0.7193778000000001
12 0.000105780644 0.12813573 0.42767477 0.31501865 0.577124
5 0.000104435596 0.7815036 0.50073856 0.95142454 1.0
2 0.00010041331 0.06619698 0.35670513 0.35274452 0.7004728
8 9.963676999999999e-05 0.49286827 0.3407498 0.90290403 0.9441912
6 9.851582e-05 0.007121071 0.51618624 0.12237428 0.5637349
7 9.843721e-05 0.7676451 0.22355434 0.98188365 0.9701144
4 9.333268e-05 0.09548549 0.4540465 0.35963416 0.72714657
2 9.022886999999998e-05 0.6394435 0.31213379999999996 1.0 0.55318576
12 8.672591999999999e-05 0.78810006 0.26909125 0.97038645 0.7797773
5 8.5032574e-05 0.75505525 0.580947 0.98293346 1.0
10 8.254663000000001e-05 0.65382445 0.3737276 1.0 0.7609206000000001
3 8.240127500000001e-05 0.91214156 0.41683793 1.0 0.5024618
2 8.204288e-05 0.7936896999999999 0.26465812 0.98298335 0.9421733
13 8.155807e-05 0.8958086999999999 0.667029 0.98755634 0.7206146999999999
4 8.0194746e-05 0.1743362 0.48214173 0.30656496 0.6250180000000001
9 8.000058e-05 0.05236257 0.50939965 0.1200149 0.5590831999999999
4 7.9719655e-05 0.8143578 0.28464213 1.0 0.569192
10 7.797346e-05 0.8619263 0.11993147400000001 0.9944582000000001 0.9386015999999999
7 7.688221e-05 0.5634995 0.29820037 0.97321886 1.0
1 7.6239885e-05 0.75768095 0.35550094 0.95362014 0.76967454
12 7.497653e-05 0.85424054 0.43412268 0.97505546 0.7509024999999999
3 7.2893396e-05 0.17697512 0.17597735 0.48442507 0.67449284
11 7.219439000000001e-05 0.05802017 0.50242317 0.0987892 0.5702188
11 7.035068e-05 0.8235338 0.40987474 0.92880964 0.6562695
13 6.861034999999999e-05 0.0 0.32819137 0.19118512 1.0
1 6.796959e-05 0.72933745 0.44395363 0.93197966 0.8348886999999999
4 6.755439e-05 0.04789249 0.5015884 0.10767519 0.5650563
11 6.754321e-05 0.12464192 0.5239566 0.20993057 0.665622
1 6.728238e-05 0.56775653 0.47624853 0.9204421999999999 0.90589553
8 6.628075e-05 0.9091443000000001 0.63616294 0.9584004999999999 0.72480047
5 6.561606e-05 0.63465124 0.5795559 0.9397847 1.0
13 6.237964e-05 0.8816202 0.6439661999999999 0.9669668 0.7000271
9 6.11487e-05 0.8462466999999999 0.34660724 0.97653854 0.8578091999999998
8 6.0275140000000004e-05 0.102800295 0.5525581999999999 0.22447987 0.6888073
11 5.7201873e-05 0.86430615 0.11855666 0.9650503 0.9396228000000001
1 5.420526999999999e-05 0.71490574 0.5248923000000001 0.95287657 0.9218649999999999
8 5.3968328e-05 0.13846752 0.19748534 0.4478973 0.86951715
4 5.347784000000001e-05 0.89092577 0.23135318 1.0 0.69592667
13 5.3005361999999995e-05 0.7534509 0.45913664 0.9532161 0.6462064999999999
8 5.2840240000000006e-05 0.61924917 0.16438565 0.9141132 0.78924465
6 5.2754734e-05 0.0 0.57179195 0.3659531 0.80677986
10 5.2064457000000005e-05 0.8966806 0.20817244 0.9936539000000001 0.803924
10 5.1851548e-05 0.721074 0.45127159999999994 1.0 0.85874027
9 5.1814513e-05 0.8853575 0.41145950000000003 1.0 0.7142286999999999
5 5.0940690000000004e-05 0.08073872 0.40881118 0.36665890000000007 1.0
13 5.0707302e-05 0.13008845 0.0 0.48400933 1.0
2 5.0069300000000005e-05 0.6801906999999999 0.2452584 1.0 0.9572360000000001
3 4.9892579999999996e-05 0.8963171999999998 0.43098766 1.0 0.52493834
3 4.824111e-05 0.8262210999999999 0.42918208 1.0 0.6729566
5 4.7686959999999997e-05 0.12187928 0.35223502 0.43382967 0.95109284
7 4.6870056000000003e-05 0.7079165 0.30710447 0.99951196 1.0
12 4.6417324e-05 0.04025423 0.50364584 0.11041720000000001 0.55336154
9 4.5365600000000005e-05 0.03913879 0.5064925 0.09737611 0.56097895
13 4.5225945e-05 0.81886536 0.30001813 1.0 0.94555163
5 4.3088100000000005e-05 0.007022962 0.47821802 0.30828124 1.0
6 4.2747116999999996e-05 0.7432764000000001 0.49439803 1.0 0.90801036
13 4.2636053e-05 0.032467365 0.039489668 0.3392254 0.7757873000000001
11 4.18126e-05 0.83391565 0.17575327 0.93081135 1.0
4 4.175425999999999e-05 0.8432581 0.21229519 0.9803453999999999 0.8464037
12 4.1641774999999997e-05 0.04360296 0.36330152 0.37736285 0.71847326
6 4.0850566e-05 0.5825654 0.48477238 1.0 1.0
1 3.9414346e-05 0.7572503 0.5757309 0.9795610999999999 0.8889678
5 3.739048e-05 0.01951176 0.541179 0.27988353 0.64179873
1 3.6826194e-05 0.0 0.46124834 0.24555196 0.8940055
8 3.674321e-05 0.17757376 0.46294433 0.4802363 0.93006426
5 3.652845e-05 0.8445152 0.45732492 1.0 0.89008945
1 3.5810295e-05 0.788207 0.49453315 0.9737591 0.72890806
10 3.5764446e-05 0.09866223 0.30446115 0.39531679999999997 0.7099031
7 3.4435856e-05 0.0 0.36473152 0.36708802 1.0
5 3.3547058e-05 0.7442267 0.49185923 0.91040707 0.9944530999999999
9 3.3510907000000004e-05 0.08344713 0.42417425 0.33156592 1.0
11 3.3192155e-05 0.13987567 0.34761554 0.2560226 0.8853408000000001
2 3.2761815e-05 0.10275400400000001 0.43913 0.30130598 0.5619829000000001
2 3.2390955e-05 0.056887165 0.33341748 0.3678416 0.879755
1 3.2346245e-05 0.72744876 0.46405476 0.9590811 0.70372343
11 3.2177440000000004e-05 0.7795316 0.16086476 0.95269704 1.0
4 3.1216143000000005e-05 0.14054635 0.45927790000000007 0.2768295 0.5877601
7 3.1100764e-05 0.8946859 0.62450975 0.96397704 0.73004735
2 3.0912157e-05 0.07769855 0.49233776 0.29198936 0.63249356
13 3.0808198e-05 0.0 0.31686684 0.4502558 0.9557024
13 3.0344027e-05 0.0 0.02005684 0.17444903 0.9105778
11 2.9926040000000004e-05 0.8584446 0.39600799999999997 0.9482790000000001 0.6551289
3 2.9525527e-05 0.12942342 0.4285226 0.43654078 0.9567380999999999
5 2.8931594e-05 0.037874103 0.49695778 0.27009898 0.5871706999999999
4 2.8849956000000003e-05 0.8264575000000001 0.3357628 0.9929218000000001 0.9835511999999998
5 2.7937871e-05 0.7437378000000001 0.49703100000000006 0.9965253000000001 0.9107689
10 2.7646915e-05 0.14971101 0.30215590000000003 0.35563964 0.8289815
13 2.7595403999999998e-05 0.83089334 0.4932682 0.9391468000000001 0.796745
8 2.6986518000000002e-05 0.19458401 0.12380481 0.47259337 0.6632600000000001
8 2.6720205000000002e-05 0.9013505999999999 0.66739845 0.9595269000000001 0.7287406
2 2.6130542999999998e-05 0.7765581 0.39021748 0.98936695 0.8053345000000001
6 2.5132235999999998e-05 0.04410974 0.53231454 0.28077470000000004 0.65469325
4 2.492089e-05 0.028049177999999998 0.5045205 0.08690523 0.55740845
13 2.4783236000000002e-05 0.68141824 0.13816184 1.0 0.84659874
9 2.4447589e-05 0.7741364000000001 0.06599825599999999 0.9965124 0.7369405
8 2.4361045e-05 0.69554454 0.47310805 0.94502443 0.90345025
3 2.4269944e-05 0.03698515 0.2992364 0.19327322 0.8770669
3 2.4022966e-05 0.7447534 0.44896567 0.92354614 0.6676085999999999
13 2.3337336e-05 0.5981820999999999 0.37363374 0.98757136 0.9606889000000001
13 2.3336714e-05 0.8092841 0.5199798 0.97822297 0.71012086
8 2.2857026e-05 0.72255903 0.4524107 0.87013155 0.5868981
2 2.2095777e-05 0.7953140999999999 0.27003995 1.0 0.5522196
12 2.1979324e-05 0.16463125 0.48975420000000003 0.3447553 0.6426948
5 2.1911226000000002e-05 0.0 0.6128130999999999 0.17088214 0.9869568999999999
10 2.188577e-05 0.8678579 0.15669744 1.0 1.0
9 2.0192145e-05 0.7709906999999999 0.49338457 0.9943646 0.98017776
4 1.9592178e-05 0.8056215999999999 0.32717827 1.0 0.6685419
13 1.9372900999999998e-05 0.6954252 0.41978818 0.8752188 0.6024347
11 1.8760770000000003e-05 0.17308392 0.5209491 0.2533808 0.6633762
12 1.8759816e-05 0.76423347 0.39193276 0.9987290999999999 0.9154885
6 1.8225347999999998e-05 0.80593526 0.36529475 1.0 0.85708326
3 1.8118434999999998e-05 0.082697466 0.23652218 0.35054797 0.7578159000000001
3 1.8084695e-05 0.7743736999999999 0.49179652 0.9554629000000001 0.7380846999999999
8 1.8014416000000002e-05 0.88975775 0.41194359999999997 0.9724741 0.57718617
13 1.7901526e-05 0.76923203 0.17238091 0.99750257 1.0
5 1.7607226e-05 0.5003344 0.5707326 0.9085716999999999 1.0
9 1.7211103e-05 0.13426448 0.02361781 0.41317780000000004 0.76276815
8 1.7187496e-05 0.22651501 0.18989614 0.5184717000000001 0.82845616
9 1.6826369e-05 0.13832477 0.078098424 0.45781723 1.0
9 1.6798833e-05 0.8428524 0.53396344 0.99879414 0.95606726
13 1.663124e-05 0.81940293 0.42592403 0.97460544 0.5893664000000001
5 1.6401429999999997e-05 0.082681626 0.23327744 0.4191983 0.5867145
12 1.6306327e-05 0.12375522 0.0 0.5413154 0.64264
1 1.6057910999999998e-05 0.8874593000000001 0.6218055 0.9611801999999999 0.71253955
6 1.5988739e-05 0.0 0.4992817 0.3663631 0.95087254
10 1.5953328e-05 0.14942673 0.49203549999999996 0.3102106 0.6414352
5 1.5822627e-05 0.76389974 0.42082185 1.0 0.76486427
12 1.5768243e-05 0.8021524999999999 0.46388486 0.9982190000000001 0.80623776
12 1.5753392e-05 0.92515415 0.5983664000000001 0.9814995999999999 0.69653314
8 1.572531e-05 0.84494966 0.41529974 0.9574347 0.5931495
10 1.5513317e-05 0.91038656 0.040188428 1.0 0.91388124
12 1.547059e-05 0.0 0.30535978 0.41140687 0.8518579
13 1.5442985e-05 0.0 0.0 0.3020178 0.64887255
5 1.5371304e-05 0.12261298 0.29244205 0.47571823 0.7354977
10 1.518802e-05 0.915647 0.6224813 0.96091074 0.72572136
12 1.512035e-05 0.0 0.44241378 0.51869106 0.718267
12 1.5037243000000002e-05 0.8164513000000001 0.40917426 0.98878026 0.6706934
6 1.5002883e-05 0.121492915 0.53858155 0.32728904 0.6696852
2 1.4920335000000001e-05 0.8393492 0.30658242 1.0 0.614458
11 1.4822850000000002e-05 0.1317225 0.5445983 0.22139959 0.7049681999999999
7 1.4649039e-05 0.11521366 0.49965888 0.3001977 0.6816097
1 1.4562785e-05 0.822866 0.32703495 0.976173 0.7260078000000001
1 1.4379756e-05 0.4139197 0.42527676 0.8837503000000001 0.822842
6 1.4217627e-05 0.7010868 0.6212747 1.0 0.8383980999999999
3 1.4185045e-05 0.056733385 0.25521114 0.28066587 0.83008313
5 1.3915225e-05 0.01210314 0.31366807 0.37952927 0.70735484
7 1.3894337e-05 0.88729286 0.6386126 0.97825694 0.7086587
3 1.3734592e-05 0.6750458 0.40983149999999996 1.0 0.99828315
1 1.3431822e-05 0.0 0.16414638 0.3652922 0.83823496
13 1.3058398e-05 0.21857657 0.0032704405 0.5664555 0.9437464
8 1.2657396000000001e-05 0.8320199 0.49487785 0.9284582 0.7713673000000001
13 1.25453225e-05 0.7832477 0.5511723000000001 1.0 0.6974176999999999
1 1.2426636e-05 0.87077594 0.62131745 0.9455464 0.70121163
11 1.2309687e-05 0.12417289 0.43367377 0.32639509999999994 0.8989635
7 1.2267123e-05 0.0 0.01592911 0.43933249999999996 1.0
7 1.2203419999999999e-05 0.8877671 0.6705767 0.97681916 0.73545444
12 1.2135968e-05 0.65227664 0.28936604 1.0 0.86964697
13 1.1810201e-05 0.18030708 0.3791552 0.50670135 1.0
7 1.1464893e-05 0.632458 0.0 0.97179615 0.8331483000000001
10 1.1390059e-05 0.085407734 0.5109291 0.25207275 0.6614901999999999
11 1.1362149e-05 0.9117948 0.32071224 0.9799783000000001 0.7126796
11 1.12840235e-05 0.83549345 0.37347308 0.95065665 0.9382813
9 1.11644795e-05 0.9068013 0.6116534 0.9661568000000001 0.71241164
3 1.1000289e-05 0.19789533 0.49848136 0.5542242 0.9615653000000001
10 1.0968083e-05 0.12030828 0.28150496 0.39005715 1.0
13 1.096011e-05 0.87729025 0.4236464 0.9857645 0.57821727
1 1.0815808999999999e-05 0.032504857000000005 0.54751647 0.20840254 0.6588016999999999
11 1.0800001e-05 0.8084395999999999 0.15478186 0.9044479 1.0
2 1.0739567e-05 0.89430207 0.6354248 0.98499244 0.70614415
12 1.0691371e-05 0.12434768 0.48784979999999994 0.28204164 0.65199137
5 1.0635262e-05 0.7183385999999999 0.31329850000000004 1.0 0.6884829
5 1.0540971e-05 0.0063006952 0.38989866 0.16960806 0.95958674
9 1.0349767e-05 0.05152808 0.17850935 0.3589942 1.0
5 9.773962000000001e-06 0.017201707 0.5262064000000001 0.19742541 1.0
11 9.655943999999999e-06 0.81122553 0.4407411 0.91870654 0.7230481
8 9.4830375e-06 0.30563998 0.17272583 0.60205674 0.8178434
3 9.362493e-06 0.24436207 0.2688412 0.5781818 0.92187715
2 9.195599999999999e-06 0.09090847 0.01844705 0.43339574 0.8439915000000001
5 9.054061e-06 0.012310669 0.5059494000000001 0.46330786 0.910856
2 8.871939e-06 0.895008 0.6633939 0.98187643 0.7364301999999999
10 8.859226e-06 0.8167656999999999 0.29105654 0.96414846 0.95252585
11 8.713784e-06 0.09600985 0.3157055 0.2587732 1.0
7 8.674749000000001e-06 0.038058773 0.491486 0.22655706 0.6816755999999999
10 8.612146000000001e-06 0.9056927 0.6328326 0.9688302 0.71115315
3 8.553582e-06 0.9073684000000001 0.4541255 1.0 0.5466033
