3 0.99969876 0.009977281 0.42636332 0.29167837 0.70232725
3 0.980008 0.8450228000000001 0.45889473 0.9915056000000001 0.65360725
3 0.81399316 0.5092944 0.46893662 0.6748009 0.5591628000000001
8 0.12065042599999999 0.8254278 0.42360407 1.0 0.63224345
8 0.045034095999999996 0.84638995 0.47327829999999993 0.9877767 0.6399639
8 0.030959764 0.5080091 0.4609201 0.6916597 0.5604420999999999
8 0.019940687 0.030134276 0.41175455 0.31316679999999997 0.72368205
3 0.009065887 0.50669277 0.49428123 0.56371176 0.55923575
3 0.0052249143 0.60271394 0.48600975 0.68801427 0.5357179
13 0.0037188702 0.8224379999999999 0.51643324 1.0 0.64851344
8 0.0026382657 0.0 0.29584570000000004 0.3261651 0.72301704
5 0.0023234044 0.7390746 0.49686655 0.98759866 0.64307237
6 0.0021576316 0.8266716999999999 0.5164444 1.0 0.6715795999999999
8 0.0020417192 0.78421247 0.39800727 0.9849428 0.6746749
13 0.0018049707000000002 0.04076369 0.46347064 0.43472123 0.7912228
1 0.0016144222 0.77857715 0.5257066 0.94408375 0.6365065
7 0.0014969591 0.80159634 0.5108805999999999 0.99400026 0.68727726
1 0.0014717481 0.766415 0.5010464 0.93333566 0.6116778
8 0.0013584073000000002 0.49828500000000003 0.49025846 0.5553816999999999 0.55573946
4 0.0012627534 0.86635435 0.48379859999999997 1.0 0.6740775999999999
7 0.0011944775 0.760582 0.47705185 0.9629139000000001 0.6612633000000001
6 0.0011156532000000002 0.7937746 0.50049824 0.99937713 0.64692384
13 0.0011010654 0.79194516 0.49101526 0.98230535 0.62883806
9 0.001069008 0.8679966999999998 0.51405925 1.0 0.64693147
9 0.0010489641000000001 0.82549644 0.48249257 0.9806453000000002 0.6176906
13 0.0010182544 0.8221689 0.47093320000000005 0.9573578000000001 0.6582996
13 0.0009624775 0.8685459000000001 0.49691075 1.0 0.63278246
11 0.00090218004 0.8169514 0.47586554 0.94166017 0.65427816
5 0.0008925982 0.76434046 0.5221014 1.0 0.67083925
3 0.0007926789999999999 0.58336586 0.50143903 0.6870187 0.5514259
3 0.00078730163 0.84793115 0.46460053 0.918301 0.59634733
8 0.00065734616 0.7925241 0.80100006 0.9643203000000001 0.94703364
12 0.0006543709999999999 0.8108941 0.45744540000000006 0.9894063 0.5884984000000001
3 0.00063164165 0.017189585 0.43813592 0.24454233 0.5588692
13 0.00061900035 0.52493626 0.44993809999999995 0.69598335 0.603726
13 0.0005893522 0.8279053 0.43518063 0.99447286 0.68590575
11 0.0005881629 0.8362535 0.38006258 0.9200311999999999 0.68505394
11 0.0005686985 0.87868917 0.51156956 0.98376036 0.6918295999999999
5 0.0005659932 0.8013366999999999 0.49243197 0.96232206 0.68944985
13 0.0005530626 0.020924881 0.4486917 0.21951017 0.7680613000000001
9 0.0005362759 0.86786634 0.46185946 1.0 0.57806754
3 0.00053020526 0.8568158000000001 0.4609932 0.9687513000000001 0.5332640000000001
2 0.0005221484 0.8006029 0.46602756 0.9946908999999999 0.59624964
1 0.00052139 0.8362203000000001 0.5451026999999999 0.97852224 0.6478774
13 0.0005161068 0.0671761 0.5128925999999999 0.27374014 0.65929186
3 0.00051510014 0.55567473 0.47990692 0.667641 0.5424378000000001
13 0.0005026087 0.08641286 0.4309839 0.35620803 0.8408758
9 0.0004959562 0.83545023 0.41600108 0.97908443 0.68860114
8 0.00047488525 0.4792807 0.4408715999999999 0.8055395000000001 0.8973517
12 0.0004446191 0.8566404000000001 0.42624977 1.0 0.5667893
1 0.0004430492 0.7816543 0.4599445 0.941516 0.5740373000000001
12 0.00044140294999999997 0.8552215 0.49220693 1.0 0.6358512
5 0.00043266328000000003 0.75405717 0.51039076 0.97829723 0.74262565
1 0.00040916196 0.8094839 0.5337837 0.9349953999999999 0.67683065
8 0.00038743115 0.5972996 0.40469748 0.9030421000000001 0.9621188
2 0.00037982335 0.8157691 0.43655959999999994 0.99515224 0.56113595
4 0.00036386002 0.82014155 0.47841704 0.9916563 0.65035295
13 0.00035813288 0.017630353999999997 0.53335345 0.34688109999999994 0.80238533
1 0.00035727480000000004 0.7535258 0.40172505 0.9504419 0.59341216
10 0.00035339422 0.8267667 0.49331063 1.0 0.6731135
1 0.00035230419999999997 0.8632285 0.5062969 0.98070997 0.6157329
8 0.00034837902000000003 0.42276698 0.29082862 0.7387945 0.86673695
7 0.0003402392 0.86198926 0.43022609999999994 1.0 0.60524446
11 0.00033305667 0.84667814 0.3061592 0.9916476000000001 0.7860903
7 0.0003044573 0.7345332 0.39077836 1.0 0.80721116
7 0.0003029728 0.79901254 0.43739232 0.9902860000000001 0.6128685
1 0.00029890082000000003 0.84052765 0.46630609999999995 0.9721943000000001 0.5818251999999999
1 0.00029805783 0.05000107 0.5152459 0.37494558 0.74738955
1 0.00029445902000000004 0.7591382 0.45297897 0.94740677 0.66286653
11 0.0002820237 0.8490338 0.41364512 0.9399896000000001 0.7180681
7 0.00026847110000000003 0.46336517 0.42218986 0.67845863 0.6080419
8 0.0002598243 0.61174273 0.13611628 0.86839247 0.6874374
3 0.00025972215 0.8012497 0.76147753 1.0 0.9937087
2 0.00025910066000000003 0.8423084000000001 0.5094018 1.0 0.6255453000000001
8 0.00025712856 0.67874944 0.38258338 0.9452156999999999 0.6610428
8 0.00024193671000000003 0.0 0.3631096 0.45673245 0.8606386999999999
12 0.00023287014999999998 0.91606647 0.51230246 0.9997063 0.6261116
3 0.00023280240000000003 0.021514042999999997 0.2898251 0.35734224 0.6840121
10 0.00022993672000000003 0.85400033 0.4276294 0.98482406 0.562442
10 0.00022674065 0.79712486 0.47334293 0.98705256 0.6406453000000001
12 0.00022579033 0.8773051 0.47061327 1.0 0.59559274
7 0.00022371336 0.7999775 0.4390858 0.9628454 0.7248104000000001
3 0.00022098362 0.85481215 0.47088277 0.96718574 0.59439653
4 0.00022026777000000002 0.8972819 0.42849684 1.0 0.5737960999999999
8 0.00021293864 0.08851854 0.47984296 0.21625355 0.7023383000000001
3 0.00020902893 0.550793 0.49923664 0.65919465 0.55939704
6 0.00020324246999999998 0.8540921999999999 0.43663248 1.0 0.5913480999999999
13 0.00019970104 0.04555273 0.31770664 0.32750988 0.96174383
9 0.00019297464 0.83344555 0.4479392 0.9325049000000001 0.6636781
8 0.00019104732 0.5423924 0.2907834 0.8518325000000001 0.9437099
7 0.00019088566000000003 0.0 0.38109404 0.43017602 0.83421534
2 0.00018997131999999998 0.8221529000000001 0.3834262 1.0 0.672445
5 0.00018981443999999999 0.03239146 0.47348854 0.47718242 0.8332056000000001
3 0.00018666447 0.5072671 0.4647501 0.58171725 0.54842496
8 0.00018662610000000002 0.7339041000000001 0.38896254 0.96479464 0.92606044
8 0.0001859063 0.2706843 0.21950783 0.5799061 0.86812836
6 0.00018141229999999998 0.0 0.47189683 0.53224766 0.77687514
9 0.00018016789 0.8509741 0.48309650000000004 0.9472780000000001 0.6725194
12 0.00017979587 0.040544078 0.37986190000000003 0.46361196 0.70125735
1 0.00017846795 0.8053683 0.508848 0.9671514000000001 0.6247256
12 0.00017703087 0.8297591999999999 0.42331179999999996 0.9530323 0.6169618
5 0.00017594342 0.47235402 0.49197233 0.6801718000000001 0.5961991
6 0.00017384549 0.10319912 0.49890379999999995 0.29114157 0.6524394
1 0.00017313396 0.0 0.47765374 0.15884498 0.6723005
13 0.00016982211999999998 0.11231042 0.5333958000000001 0.26526046 0.72226244
12 0.00016015115 0.76333284 0.33682576 1.0 0.58373696
1 0.00015827596000000002 0.8958275 0.5152102 1.0 0.63557005
11 0.00015518881000000002 0.85191005 0.48791888 0.963965 0.65917695
5 0.000152457 0.7497951 0.4762795 0.9932300999999999 0.57891184
5 0.00015185495 0.0 0.42835826 0.20194602 0.72960776
9 0.00015140025 0.14241727 0.46671599999999996 0.47934252 0.71370393
8 0.00014969308 0.60383576 0.48854 0.6675661 0.53534275
8 0.00014941147 0.65631425 0.17048648 0.9061661 0.8326629000000001
3 0.0001472205 0.51769066 0.46610984 0.61979795 0.54193497
8 0.00014660945 0.031360953999999996 0.15454434 0.3960304 0.6951166999999999
12 0.00014387208 0.14372271 0.46947762 0.29999992 0.6320509
11 0.00014229499 0.8520161 0.45671037 0.93988407 0.58875465
3 0.0001422824 0.47515404 0.33126608 0.78573406 0.9839947
9 0.00014120284999999999 0.8618438 0.46073383 0.969659 0.6468257
7 0.00013926968999999998 0.88245606 0.47564995 0.98492 0.6518118
6 0.00013685701 0.0 0.55283123 0.40582270000000004 0.8224271000000001
5 0.00013335381999999998 0.0927645 0.51374257 0.3833129 0.89287823
12 0.00012963693 0.7736456 0.39773990000000004 1.0 0.6432426
3 0.00012874898999999998 0.845734 0.46556333 0.93244946 0.5277923000000001
13 0.00012441046000000002 0.48826090000000005 0.50776273 0.5564121999999999 0.55781484
2 0.0001227072 0.8931804 0.4169505 1.0 0.54295856
4 0.00012055645000000001 0.16061585 0.39745852 0.50576776 0.77212304
13 0.00012018763000000001 0.6032915 0.47698492 0.6873909 0.546227
5 0.00011921532 0.81778014 0.48261708 1.0 0.6187704
2 0.00011789116000000002 0.89226323 0.43989579999999995 0.99904853 0.58353996
10 0.00011725089 0.9151521999999999 0.4439349 0.99701333 0.63452786
4 0.00011601095 0.9229948 0.43461376 1.0 0.6188391
1 0.00011588803999999999 0.119745634 0.5109435999999999 0.27031496 0.6420276
1 0.00011436528999999999 0.50310963 0.46233764 0.66819817 0.5655925
11 0.00011392266000000002 0.5419003000000001 0.42327753 0.64621294 0.59393406
11 0.00011390447 0.8970865 0.4663215 0.97262335 0.5838316
10 0.000113716465 0.8338916999999999 0.42080387 0.95520526 0.63997674
9 0.000112839225 0.91873175 0.49687454 1.0 0.6095099
4 0.00011087190000000001 0.85284275 0.43618715 0.99479574 0.57564527
2 0.00010774354499999999 0.84403455 0.4268628 0.9704304 0.61695194
8 0.00010728406 0.54710954 0.12829658 0.82610935 0.5558058000000001
8 0.00010365323000000001 0.0 0.31721187 0.23120858 0.81805336
12 0.00010324222 0.8427654 0.46801823 0.96931046 0.6513922
7 0.00010275573 0.0 0.44749656 0.39704216 0.9141862
3 0.00010021761999999998 0.061627685999999994 0.4672403 0.38689520000000005 0.85386413
3 9.9796045e-05 0.32405007 0.26367003 0.6387116 0.98381704
10 9.794521000000001e-05 0.80407256 0.4321349 0.96383935 0.5709204999999999
12 9.759406999999999e-05 0.055119477 0.34714428 0.22707391 0.69577944
2 9.41432e-05 0.07719074 0.35653952 0.43705547 0.67796993
6 9.077488000000002e-05 0.8235657 0.44888142 1.0 0.6368549
3 8.960258e-05 0.55089766 0.38905102 0.86933714 0.9464785
9 8.7633045e-05 0.5418010999999999 0.46458066 0.6684021 0.59048957
6 8.495430000000001e-05 0.88736814 0.50628656 1.0 0.646755
4 8.248487e-05 0.14389046 0.4517852 0.29296935 0.6043004
8 8.218144000000001e-05 0.019597545 0.14814329 0.26628178 0.6466076
7 8.0834274e-05 0.8400334999999999 0.42306238 0.9920424999999999 0.7393945
12 8.036289000000001e-05 0.49616343 0.43061540000000004 0.7142133 0.55737007
2 7.9094956e-05 0.8340241 0.39146534 0.9640609 0.5634425999999999
1 7.722004e-05 0.8466629000000001 0.5370009 0.97198045 0.6964847
2 7.460451e-05 0.13170052 0.33048472 0.3769915 0.73485017
3 7.436814500000001e-05 0.0033105686 0.45131220000000005 0.24819973 0.6125783
11 7.406992e-05 0.5899305 0.41452512 0.6919423000000001 0.58880395
10 7.340248999999999e-05 0.8605523000000002 0.3267639 1.0 0.75160885
9 7.279171e-05 0.5714085 0.4641754 0.70763147 0.58501554
8 7.241579e-05 0.32568854 0.46507958 0.6246883000000001 0.90482724
1 7.0702496e-05 0.0 0.5710908 0.28189796 0.7971606999999999
12 6.9917915e-05 0.010652915 0.27701417 0.2757119 0.6000002
5 6.836391999999999e-05 0.8287243000000001 0.50326437 1.0 0.7134130999999999
8 6.835063e-05 0.75310934 0.1956932 0.9566325000000001 0.8546011
5 6.7099405e-05 0.0 0.47294929999999996 0.23505522 0.85276693
3 6.644091599999999e-05 0.51555836 0.4966246 0.60294044 0.5594893
4 6.564934e-05 0.18433917 0.38668737 0.38922673 0.7926691
7 6.436037e-05 0.01021941 0.32082227 0.32243943 0.9275421
8 6.4122774e-05 0.5816252 0.48670408 0.661891 0.5400859
10 6.354603e-05 0.5806671 0.38950799999999997 0.7198697 0.6033273
1 6.2720355e-05 0.027631588 0.50380933 0.26772898 0.7631285
13 6.258045999999999e-05 0.45033926 0.12501022 0.78607446 1.0
4 6.224873e-05 0.8533902 0.42334846 1.0 0.7254417
2 6.114736999999999e-05 0.018026799 0.44035086 0.36672348 0.73411626
8 6.0590526e-05 0.6363849 0.71463597 0.9539105 0.9872366
8 6.0240719999999995e-05 0.016170137 0.38793498 0.22682819 0.6884739000000001
6 6.008599e-05 0.7665788 0.46785024 1.0 0.7331264000000001
9 5.996420999999999e-05 0.07552987 0.35717452 0.32394826 0.92676103
1 5.917953000000001e-05 0.0 0.41556084 0.21680002 0.62012887
9 5.9003145e-05 0.03971366 0.40777186 0.25005305 0.68272
4 5.8305819999999995e-05 0.8730744 0.38912579999999997 1.0 0.6465556
4 5.7959719999999995e-05 0.5796571 0.4361682 0.728919 0.5852283
3 5.795781999999999e-05 0.09291255 0.44168767 0.31845070000000003 0.6894775
11 5.7510315e-05 0.02862718 0.3356416 0.15192789 0.7373198000000001
8 5.7477297e-05 0.5448582 0.57060474 0.8815706 0.9526815000000001
3 5.730591e-05 0.6404929 0.48651996 0.7094741 0.53399223
8 5.6952096e-05 0.6896528000000001 0.5336367 0.9429765999999999 0.9301008
13 5.6629637000000005e-05 0.30022252 0.02358769 0.6358292 1.0
8 5.618545e-05 0.20736489 0.35974273 0.5518633000000001 0.8931155000000001
11 5.594656200000001e-05 0.1809161 0.35343874 0.40291974 0.7637803000000001
13 5.5109558e-05 0.008194864 0.47416878 0.20309028 0.6311871
13 5.4744254e-05 0.027405336000000002 0.48859096 0.26539320000000005 0.8494461
10 5.4564603e-05 0.8506896999999999 0.4540983 0.9731898000000001 0.6794843
2 5.4208806000000005e-05 0.5457499 0.41008005 0.7072246 0.54963136
8 5.4171446999999996e-05 0.103468895 0.114443 0.40285945 0.5884276999999999
8 5.4073742000000005e-05 0.38685640000000004 0.19395639 0.70216715 0.7323909000000001
9 5.2241532e-05 0.16387922 0.44397840000000005 0.39172548 0.7583232
3 5.1570900000000005e-05 0.04000804 0.20835532 0.2966531 0.57507694
7 5.1223527e-05 0.0 0.31518209999999997 0.26678902 0.75337875
8 4.728251e-05 0.035855792000000004 0.49514303 0.19929454 0.6694344
8 4.6005673e-05 0.8035607 0.45769024 0.944997 0.6230051
3 4.5190118e-05 0.019253537 0.3949452 0.24653478 0.7939576
3 4.5155215e-05 0.5640625 0.2376558 0.87501764 0.7420213000000001
4 4.4630644e-05 0.83611757 0.43641782 0.9583649999999999 0.6478619999999999
1 4.2920474000000006e-05 0.0 0.526049 0.18617263 0.77766705
3 4.280429e-05 0.51944375 0.2584322 0.8201149999999999 0.8714617
8 4.2728894e-05 0.19086329999999999 0.20674743 0.49526328 0.78741324
11 4.243865e-05 0.8810908000000002 0.4269925 0.9658738000000001 0.7137153
7 4.2225605e-05 0.09966082 0.49472308 0.27609953 0.65825844
1 4.1880692e-05 0.0 0.28050852 0.2904483 0.712136
8 4.1391922000000006e-05 0.16055723 0.41776258 0.46479332 0.86713547
12 4.1290787e-05 0.15722206 0.5064112000000001 0.26327127 0.73172414
13 4.112866e-05 0.5374694 0.20237982 0.8751049999999999 1.0
4 3.9946604e-05 0.06250778 0.46582097 0.4107188 0.8243607
13 3.9856368e-05 0.512784 0.04926882 0.87720525 0.8046354
5 3.893983e-05 0.0 0.44392550000000003 0.30015945 0.67737156
10 3.8889644e-05 0.20701570000000002 0.28726977 0.39579356 0.7963058000000001
12 3.84379e-05 0.0 0.06686207 0.36853474 0.67107236
5 3.806692e-05 0.8738693000000001 0.49599436 1.0 0.6578851
11 3.7398769999999996e-05 0.19288486 0.26886487 0.35460114 0.82715875
5 3.736998e-05 0.008696757 0.6003299 0.22742826 1.0
2 3.732633e-05 0.8936937 0.4719195 0.98182607 0.63879323
9 3.643544e-05 0.10787431 0.51757365 0.35680053 0.77287817
6 3.6176636e-05 0.8568425999999999 0.47034490000000007 1.0 0.7138869000000001
10 3.614114e-05 0.81215835 0.43992868 1.0 0.60770136
4 3.6058424e-05 0.5380288000000001 0.43561232 0.69428676 0.5773119000000001
6 3.539565e-05 0.7639253 0.38474748 1.0 0.66800696
3 3.5202964e-05 0.12230709 0.27304778 0.45898476 0.91330934
8 3.5157685e-05 0.09420796 0.26047370000000003 0.43935734 0.8987036
10 3.4945390000000005e-05 0.53154373 0.40307170000000003 0.69132054 0.60397965
8 3.4341767e-05 0.24136846 0.15518124 0.5559586 0.6824076
6 3.3823406e-05 0.0 0.43886673 0.25938952 0.67789745
1 3.2438267e-05 0.11969581 0.5382391 0.24949864 0.7145352
13 3.2055075e-05 0.46494538 0.4640388 0.6402382 0.5934049
7 3.1533556e-05 0.0 0.38306707 0.18449697 0.77527344
10 3.0953709999999995e-05 0.03484594 0.4387670999999999 0.20294046 0.69130874
13 3.0439407e-05 0.8494815999999998 0.48363912 0.89916515 0.5991684
8 3.0334070000000003e-05 0.5148885 0.49172965 0.5851966 0.556329
10 2.9730032000000003e-05 0.10280439 0.4721066 0.25199524 0.62966955
8 2.8800478e-05 0.4380625 0.12358245 0.73122174 0.58875614
9 2.8527873e-05 0.13297303 0.49393526 0.29826623 0.61997414
8 2.8163850000000003e-05 0.49361858 0.47091335 0.55920196 0.5404903
13 2.7983653e-05 0.01624316 0.24342397 0.26943278 1.0
13 2.7670138000000002e-05 0.84501785 0.42550793 0.94147223 0.6944170000000001
6 2.7235774e-05 0.11137563 0.53430325 0.27319965 0.7405286
11 2.6561594e-05 0.11876419 0.2906699 0.2777132 0.8251040999999999
3 2.6201818e-05 0.8513236999999999 0.49011096 0.9428991 0.6173776
8 2.5865650999999998e-05 0.8710534 0.49884817 0.9599386000000001 0.63497454
12 2.5407531e-05 0.11769917 0.50963336 0.26631698 0.671246
6 2.535481e-05 0.015390165 0.50405294 0.24094132 0.6216383000000001
3 2.4712240000000003e-05 0.5959369000000001 0.71072096 0.94516647 1.0
11 2.436001e-05 0.041849307999999995 0.3146182 0.1928032 0.85301447
7 2.4277808e-05 0.48103276 0.5058742 0.5633004 0.56623334
2 2.4086628e-05 0.11004136 0.47972468 0.2800503 0.63169634
1 2.4024666e-05 0.026525222 0.5140646 0.19248083 0.6460369
3 2.4020923e-05 0.821833 0.7756550999999999 0.9037124 0.84909314
6 2.4017854000000003e-05 0.46895045 0.45357355 0.74900883 0.5881598000000001
2 2.3644348e-05 0.055288166 0.21297456 0.33515513 0.87577003
12 2.3566661e-05 0.087376535 0.46722046 0.24850687 0.6418221
4 2.3437784e-05 0.15011063 0.4431892 0.26401640000000004 0.68704325
9 2.3142064999999997e-05 0.072233394 0.410951 0.35321444 0.68147784
13 2.3051234e-05 0.7617245 0.5121403 0.9758055 0.74735796
5 2.28553e-05 0.83111006 0.49602655 0.9261969999999999 0.73255664
3 2.2833539999999997e-05 0.86053056 0.4467747 0.9410966999999999 0.50127035
7 2.2747206e-05 0.6077610999999999 0.47428859999999995 0.6813136 0.53798366
7 2.226564e-05 0.103355035 0.5110775 0.24603175 0.7623329000000001
7 2.2003607000000003e-05 0.0 0.14213607 0.39370143 1.0
5 2.1967262e-05 0.06298326 0.62231123 0.31171309999999997 1.0
13 2.1309328e-05 0.7809086 0.7910501999999999 1.0 0.9639128
3 2.1119517e-05 0.8156575 0.78116196 0.8787241 0.83915985
13 2.1053866e-05 0.47875029999999996 0.51545817 0.5452474 0.55489343
11 2.0686500000000003e-05 0.93126345 0.46329752 0.9930743000000001 0.6227275
1 2.0256429999999997e-05 0.0 0.4782584 0.26946809999999993 0.6937015999999999
12 2.0205205e-05 0.0 0.32007754 0.3351051 0.6388683000000001
11 2.0171436e-05 0.0783716 0.39139509999999994 0.3062433 0.8650701
8 1.9716248e-05 0.7727383000000001 0.13828215 0.9405844999999999 0.584572
13 1.9580117e-05 0.099151924 0.04668316 0.46416098 0.99405646
3 1.9444497e-05 0.6646645999999999 0.23203096 0.94478035 0.7063931
9 1.9401925e-05 0.06351217 0.46160942 0.21721825 0.8013321999999999
8 1.9202e-05 0.7882068 0.29777116 0.9680238999999999 0.7448428
8 1.9129944e-05 0.59370446 0.49812603 0.66251516 0.5479353
5 1.90145e-05 0.34195912 0.41257740000000004 0.6297404000000001 1.0
11 1.8479977e-05 0.11452268 0.048862185 0.31796318 0.84960234
6 1.827006e-05 0.017742947 0.46834886 0.36089063 0.85045964
13 1.7983320000000003e-05 0.54743266 0.47769746 0.6538286 0.54992056
1 1.7803106e-05 0.81988776 0.40670288 0.9149883 0.6105522
11 1.7363693000000002e-05 0.039173067 0.38050628 0.17779265 0.657201
12 1.7349099e-05 0.0043932497999999995 0.3585224 0.26334924 0.7421678
5 1.7104574e-05 0.05808311 0.48463836 0.2840911 0.6432958000000001
3 1.7104500000000002e-05 0.36103854 0.4703319 0.684675 0.9880546
3 1.6966145e-05 0.08956839 0.18715759 0.3969785 0.6145556
3 1.6773052e-05 0.15653135 0.1737095 0.47009140000000005 0.6385056
3 1.6642003e-05 0.0851538 0.4822709 0.541641 0.8706073000000001
9 1.6398866e-05 0.50094944 0.18046215 0.80387634 1.0
5 1.6338345e-05 0.5043459 0.46515203 0.7956171999999999 1.0
