3 0.99909985 0.50232005 0.44257075 0.6742570999999999 0.57675606
3 0.9800724000000001 0.5838463 0.44797370000000003 0.9041667 0.5790651
3 0.33491603 0.8449124 0.45400509999999994 0.9407665000000001 0.49388555
3 0.24039637 0.5154114000000001 0.44275022 0.79751205 0.57774734
3 0.096661605 0.78115 0.66447294 0.9794919 0.9742394
8 0.015521509 0.8002100999999999 0.6658354000000001 0.96671784 0.9644127
3 0.012535367 0.8527446 0.43937618 0.9513370000000001 0.4861098
3 0.008886686500000001 0.49495706 0.4398901 0.6043734000000001 0.5692963000000001
8 0.008870211 0.8431905999999999 0.45256704 0.9471354 0.4992504
3 0.005264502 0.5886505999999999 0.5287662 0.9627757 0.97457194
8 0.004739994 0.47912195 0.43117315 0.7059099 0.58774084
13 0.0042847656 0.7949366999999999 0.76716775 0.9952479999999999 0.98079675
8 0.004006333 0.494529 0.5111798 0.9313799 0.9937488999999999
8 0.0036370442 0.60609317 0.44445609999999997 0.8688425999999999 0.57791436
8 0.0032630821 0.82240635 0.69237685 0.9470973 0.88191366
13 0.0028196967 0.77559465 0.68894845 0.97806054 0.9646087999999999
13 0.0019551446 0.8085528000000001 0.61235076 1.0 1.0
3 0.0017444016 0.6713646 0.6945071999999999 0.9908140999999999 0.97928417
3 0.0016911592 0.5763278000000001 0.47301042 0.71847314 0.58240885
8 0.0016735843 0.5164907 0.3735547 0.91652817 0.64157933
3 0.0016528253 0.55327433 0.43393279999999995 0.68105525 0.49223605
13 0.0013140399 0.65103626 0.45410407 0.8957997 0.6116119000000001
8 0.0012524881 0.85187894 0.4430133 0.942894 0.48480988
8 0.001250308 0.513034 0.43795407 0.788555 0.598221
13 0.0012422948 0.8416196 0.45417604 0.9336559000000001 0.5136598
13 0.00086388254 0.47830546 0.48959458 0.6803045 0.6113571999999999
3 0.0008302503 0.50718963 0.69110453 0.9631247 0.97627354
7 0.0007765866 0.7281449000000001 0.71018314 0.9617329 1.0
9 0.0007454854 0.81009585 0.7044997 1.0 0.9135058000000001
3 0.0006208207 0.8180447 0.67487067 0.98824334 0.87919515
3 0.000602311 0.678925 0.44983829999999997 0.84174407 0.5113575
13 0.00055227 0.49572548 0.48330477 0.7957121 0.63340485
13 0.00053584314 0.50440776 0.45578268 0.64966404 0.5370560999999999
7 0.00045563102999999995 0.8295863000000001 0.45063096 0.93366826 0.51754594
8 0.00043784885000000003 0.51358306 0.68160623 0.8556693999999999 1.0
8 0.00041686985 0.71982026 0.6247556 0.9759177 0.9752402
13 0.00040007275 0.6296262 0.4267619000000001 0.97610337 1.0
8 0.00036512144 0.5051107 0.2784 0.8381622 0.9148761999999999
5 0.00036443913 0.834435 0.4670893 0.9188563 0.516482
5 0.00036420446000000003 0.3919062 0.46489346 0.6711981 0.6275616
7 0.00036374123999999996 0.38897142 0.45617032 0.68171775 0.6412335
3 0.00035942337 0.52105963 0.38061118 0.9609454 0.9384121
13 0.00035897733 0.61023676 0.44979733 0.8227880999999999 0.5950340999999999
13 0.00035194945 0.47457346 0.4303613 0.8888423000000001 1.0
1 0.0003385322 0.7447143 0.78522384 0.9721931999999999 0.9972506
2 0.00032352368 0.8515636999999999 0.45383364 0.93980163 0.5041032999999999
8 0.00031331758 0.66796196 0.6994752 0.912673 0.9720681999999999
9 0.00031052373 0.7945148 0.6371194 1.0 0.8883358
11 0.0003084898 0.49430075 0.42469057 0.6459288000000001 0.63740855
7 0.0003029899 0.64781076 0.41419917 0.891761 0.6186524999999999
3 0.0002980201 0.6020899000000001 0.41699657 0.90954727 0.65253705
13 0.00027638394 0.51194835 0.4279941 0.6957201 0.6588725999999999
8 0.00027459412000000003 0.69745094 0.37182072 0.9318334 0.95889986
13 0.00026951914 0.5906557 0.48507386 0.8580994000000001 0.62322015
11 0.00026571105 0.8046854999999999 0.80073774 0.9412749 1.0
1 0.00026499954 0.4204892 0.4531331 0.6206579000000001 0.55731726
7 0.00026499613999999996 0.5015823 0.41214229999999996 0.7559262 0.61605126
13 0.00026247205 0.44080618 0.47267142 0.6481821 0.5985719
7 0.00025904187 0.7324833000000001 0.6235376 0.99406904 0.9826159
6 0.00025393185 0.70913035 0.7505116 1.0 1.0
12 0.0002527207 0.6548066 0.39856738 0.88076043 0.5522883000000001
13 0.000251917 0.69305223 0.7752644000000001 1.0 0.9971669
6 0.00023618856 0.42570603 0.48304695 0.7298792 0.61878234
8 0.00023486037 0.36692804 0.2969093 0.81033176 0.9736423000000001
9 0.00023350904999999998 0.83363163 0.55077314 1.0 0.9340613000000001
11 0.00023215856 0.8461194 0.6046563 0.96560746 1.0
1 0.00023155799999999998 0.52441126 0.48133352 0.745775 0.5954173
7 0.00023073193999999998 0.41163304 0.41014525 0.6538915 0.59985447
8 0.00023025517000000004 0.80419356 0.76030445 0.9175091000000001 0.9091716000000001
1 0.00021880520000000002 0.6642226 0.47686362 0.8863443999999999 0.58459777
4 0.00021820431 0.82096267 0.6796555999999999 1.0 0.99232984
12 0.00021588884 0.6725717 0.42782176 0.9172195 0.57250136
10 0.00020999977000000003 0.8328761999999998 0.41882032 0.9759018 1.0
11 0.00020862016 0.48921052 0.41743654 0.59417444 0.56116366
13 0.00020294779 0.8497915 0.42996547 0.95809335 0.49251735
7 0.00019148633999999999 0.769628 0.49700978 0.98290235 1.0
1 0.00018798203000000002 0.84135187 0.46803907 0.92684174 0.5113776
2 0.00017843503 0.7337461999999999 0.7330346999999999 0.9854212 1.0
8 0.00017604218999999998 0.11294217 0.3237145 0.74194676 0.8277527
1 0.00017028207 0.42856306 0.49728924 0.65454 0.6178776
8 0.00016922096000000002 0.5143665 0.44197288 0.6309609 0.5415478
3 0.00016916976999999998 0.5892109000000001 0.44595638 0.68694043 0.56987435
7 0.00016906583999999999 0.49500379999999994 0.38301983 0.69219345 0.66812575
6 0.00016276623 0.82710725 0.46676409999999996 0.971943 0.5111157000000001
12 0.00015796491000000002 0.5649281 0.4387682 0.6885716 0.5208731
2 0.00015675799 0.45549090000000003 0.45508180000000004 0.7072718000000001 0.5741326999999999
9 0.00015674943000000002 0.7279111999999999 0.44604212 0.9252449 0.5684321
13 0.00015019496000000002 0.7638195 0.78807527 1.0 0.9207936
5 0.00014961511999999998 0.3758683 0.43970454 0.67377895 0.55907506
9 0.0001490609 0.56936413 0.4466749 0.77232087 0.5762741
5 0.00014555569 0.46401012 0.48295125 0.6440939999999999 0.6754654999999999
8 0.00014539255 0.041824377999999995 0.45724255 0.38744643 0.9118216999999998
13 0.00014310488999999999 0.7209213000000001 0.7037686 0.94340974 0.8632850000000001
3 0.00013765453000000002 0.52647215 0.42941397 0.6366498 0.48074179999999994
13 0.00013689908 0.50919217 0.4376473 0.9134540999999999 0.7023439
13 0.00013394363 0.47632238 0.4203361 0.7060986 0.59251606
13 0.00013380521999999999 0.50421524 0.4530844 0.572524 0.5761621
11 0.00013167816999999998 0.51038754 0.35375774 0.62060523 0.6422365
5 0.00013079084999999998 0.7257931 0.7043425999999999 1.0 0.99292827
11 0.00012952411 0.6160557 0.42933798 0.76767325 0.61929464
7 0.00012856668 0.44437173 0.4286103 0.6854256 0.70758766
5 0.00012832864 0.5597420999999999 0.46089488 0.81237686 0.58476514
5 0.00012391193 0.4704265 0.45960674 0.79182714 0.6107712
3 0.00012298426000000002 0.81246054 0.45573178 0.91073626 0.5036062
13 0.00011938162 0.7909586 0.8051278000000001 1.0 0.9466620000000001
10 0.000119091834 0.8664488000000001 0.45112285 0.9503769 0.5178772
12 0.00011700031 0.44953474 0.39708266 0.69660103 0.5304791999999999
11 0.00011548493 0.8670728000000001 0.45044759999999995 0.92264986 0.5149933
5 0.00011453898000000001 0.80975395 0.4667615 0.8987016 0.5140755
1 0.00011104804400000001 0.64351857 0.43674250000000003 0.8517964 0.54054874
4 0.00011103618999999998 0.69354856 0.41951853 0.93573636 0.5720393
1 0.000108377266 0.8159241999999999 0.46591285 0.90204656 0.5062232
10 0.000106892134 0.8053669 0.6704154999999999 0.9849235999999999 1.0
11 0.00010559015 0.7237034999999999 0.40529275 0.8392293 0.5413058000000001
13 0.000105439685 0.49247688 0.69963944 0.96832496 1.0
4 0.00010491045400000001 0.87818754 0.46064872 1.0 0.94773173
1 0.00010200434999999999 0.5048560999999999 0.46918672 0.65779155 0.62568176
5 0.00010067242 0.64864314 0.4698463 0.92727405 0.594693
1 0.00010020457 0.55174804 0.46060345 0.6545635000000001 0.5215448
6 9.941e-05 0.71684533 0.6682398 1.0 0.93978083
11 9.9199555e-05 0.67929214 0.40713182 0.8025448000000001 0.5426428000000001
7 9.782327e-05 0.54331857 0.45299736 0.8112451 0.64685774
5 9.661713599999999e-05 0.48939648 0.46703818 0.6925444000000001 0.6588932
3 9.654393e-05 0.6324489999999999 0.4615201 0.8743622 0.5449508000000001
1 9.62937e-05 0.70736796 0.69085824 0.95867354 0.94367576
11 9.596728999999999e-05 0.5773621999999999 0.40832809999999997 0.74029356 0.6303145
1 9.533729999999999e-05 0.48527116 0.5063205 0.6390670999999999 0.663892
6 9.495828000000001e-05 0.44959867 0.44073823 0.86129105 0.59950596
13 9.478469000000001e-05 0.48924568 0.47071126 0.6320222 0.5525979999999999
11 9.402469000000001e-05 0.73777556 0.42468199999999995 0.8618444 0.5736770999999999
7 9.282843500000001e-05 0.6013004 0.41165435 0.8344073000000001 0.59359497
7 9.177136e-05 0.54440486 0.4469567 0.6619937 0.527399
9 8.748876e-05 0.49839738 0.46765150000000005 0.67126644 0.6007364000000001
10 8.739226000000001e-05 0.71922433 0.40643093 0.91370517 0.57373613
2 8.7207096e-05 0.67975193 0.41117463 0.88997453 0.5684538
5 8.704694999999999e-05 0.49642077 0.6168783 0.86132884 1.0
12 8.600055e-05 0.82155716 0.71097934 1.0 0.9552923000000001
4 8.410190000000001e-05 0.46121463 0.44418168 0.6863087 0.6109874
10 8.403796999999998e-05 0.7977354999999999 0.57982963 0.96724653 0.97546685
13 8.260222e-05 0.74731886 0.75869054 0.98853695 0.89621675
12 8.252283000000001e-05 0.54512346 0.43578756 0.77335954 0.5765286999999999
11 8.2138504e-05 0.6679345999999999 0.43079397 0.80925393 0.60780805
2 7.9797246e-05 0.7612103 0.65451497 1.0 0.9371191999999999
10 7.9049685e-05 0.57004714 0.38418874 0.7690617 0.58926433
9 7.812892e-05 0.47892144 0.42867544 0.65327483 0.554008
6 7.776632e-05 0.6155387 0.45065305 0.9710011999999999 0.5991119
6 7.773338399999999e-05 0.41154924 0.42425692 0.6702944000000001 0.572404
2 7.688893e-05 0.5146119 0.43247828 0.6764614999999999 0.58543634
11 7.49826e-05 0.56919545 0.35901508 0.6705538000000001 0.6432489
8 7.497212e-05 0.5805409 0.59762836 0.90303296 1.0
8 7.476640000000001e-05 0.40245602 0.40011004 0.8443437 0.6920236
1 7.430075e-05 0.45752546 0.468471 0.6079274 0.60384125
8 7.321661500000001e-05 0.77585864 0.7790908000000001 0.8985213 0.92734736
8 7.247249e-05 0.036238032999999996 0.20445122 0.22195606 0.926451
7 7.0047085e-05 0.8527714 0.4548847 0.9476979 0.5108288
8 6.999854e-05 0.23619314 0.4608905 0.64595765 0.94019586
11 6.966012e-05 0.53163546 0.37247070000000004 0.6361 0.6884064000000001
12 6.892940999999999e-05 0.8514280999999999 0.45039934 0.9450216999999999 0.5011544
3 6.786583e-05 0.05587473 0.48299044 0.45879906 0.9643373
12 6.7689856e-05 0.8047327 0.60577077 1.0 0.87270004
1 6.73784e-05 0.5755795 0.50778943 0.7834919 0.6140148
4 6.711104e-05 0.8511110000000001 0.4527116 0.93342906 0.5091148
3 6.668890999999999e-05 0.63834465 0.45482808 0.7154256 0.57458663
12 6.5114335e-05 0.49958152 0.40880454 0.6878491 0.589296
3 6.449283000000001e-05 0.63589185 0.44500005 0.80586475 0.5101957
2 6.4298634e-05 0.5314992 0.41650358 0.7476341999999999 0.55110687
9 6.375476e-05 0.86308885 0.4583571 0.93811023 0.5073332
7 6.2967054e-05 0.7874043000000001 0.7887103 0.9866418 0.9408771999999999
2 6.208118e-05 0.46507606 0.39192268 0.6905233000000001 0.4997955
10 6.202313e-05 0.7035165 0.39558423 0.87129736 0.5493569
9 6.181538599999999e-05 0.5506525999999999 0.41381714 0.8960261 0.67760235
6 6.1326886e-05 0.5393128 0.45758235 0.66927034 0.52285886
12 6.125245e-05 0.59772426 0.42395502 0.8295954 0.57597655
9 6.0935766999999997e-05 0.661961 0.43137717 0.83724236 0.5731059000000001
10 6.086113e-05 0.5410937 0.43756649999999997 0.6420842 0.5142987
2 5.9060058e-05 0.5445339 0.45639262 0.76450646 0.5756613
4 5.8753147e-05 0.55350924 0.39799622 0.7713616 0.5894526
11 5.8415996999999996e-05 0.8458965 0.45097697 0.89878386 0.51408887
4 5.7546044e-05 0.56074333 0.43019620000000003 0.6675932 0.51253706
12 5.7195728e-05 0.5058597 0.3658263 0.75423265 0.5096437
9 5.7013174e-05 0.58504665 0.41479862 0.92462003 1.0
12 5.5393430000000006e-05 0.8129735 0.47312150000000003 0.97672933 0.87964296
2 5.5379733e-05 0.5368299 0.38736498 0.6910984 0.5757055
1 5.5140546000000004e-05 0.75012356 0.58597964 0.96083325 0.92658174
1 5.4652169999999996e-05 0.48978072 0.41485092 0.6903035 0.513471
6 5.3866689999999996e-05 0.54564506 0.48527244 0.8741631 0.6082177
13 5.386466e-05 0.8194693999999999 0.7277100000000001 0.97230816 0.9296349
13 5.3787592999999994e-05 0.5553526999999999 0.43789104 0.65906584 0.49946645
7 5.3647043e-05 0.35918320000000004 0.31627459999999996 0.9455974 1.0
5 5.2682236999999996e-05 0.86004573 0.46929124 0.94187856 0.51683843
3 5.252781999999999e-05 0.6178083000000001 0.43685913 0.7231578000000001 0.48297650000000003
1 5.2096988e-05 0.48295957 0.4629096 0.6730118 0.5821074
7 5.1294843e-05 0.63066405 0.648506 0.9787978 1.0
1 5.0355443999999996e-05 0.53300273 0.42952034 0.6905509 0.5772482
13 4.9345337e-05 0.60566086 0.44550726 0.78423613 0.6567791000000001
1 4.8291426e-05 0.6979863000000001 0.463967 0.919219 0.5702968
8 4.7825706e-05 0.51183134 0.45360535 0.5679462 0.5576126
9 4.748304e-05 0.5551031 0.44666067 0.6854756 0.61626637
8 4.6181113999999996e-05 0.6136253 0.17428304 0.93086445 0.71884227
10 4.609142e-05 0.6035798000000001 0.31648654 0.71091247 0.6083491999999999
9 4.5869518e-05 0.5507454 0.45871990000000007 0.6900433000000001 0.5149352
12 4.539213e-05 0.65401477 0.45252442 0.8696870999999999 0.59641135
10 4.4215747e-05 0.47726664 0.44266775 0.72080743 0.6191549
1 4.3715390000000004e-05 0.35869431 0.3317317 0.82742465 0.82506615
2 4.347807e-05 0.5543963000000001 0.44069654 0.6808838 0.5193561
1 4.2868785e-05 0.58981407 0.49500272 0.9330833000000001 0.9231596
5 4.2792504e-05 0.4356021 0.46525133 0.8566845999999999 0.6710997
10 4.2491698e-05 0.8922380999999999 0.44900697 0.9662299000000001 0.5146282999999999
12 4.213644e-05 0.65947616 0.37993848 1.0 0.9067501
1 4.1780379999999996e-05 0.59766483 0.48040920000000004 0.8186775 0.5874855
4 4.1336967000000004e-05 0.69325835 0.39586535 0.90892595 0.5229005
5 4.1050967e-05 0.63369036 0.45449793 0.87743497 0.5695659000000001
3 3.9803872000000004e-05 0.5998885 0.44074196 0.6768761 0.53469145
1 3.9413655e-05 0.3611489 0.38187355 0.8682853000000001 0.59662247
5 3.9266604000000005e-05 0.8152543999999999 0.64733464 1.0 1.0
4 3.874256e-05 0.5463346 0.40298495 0.69433415 0.6225397
6 3.860164e-05 0.6036953 0.42244512 0.9269018 0.5614573
5 3.855677e-05 0.58994675 0.48146594 0.8662325999999999 0.6179316
2 3.8429643999999996e-05 0.45392725 0.42028454 0.67803293 0.54201907
8 3.8144735e-05 0.5031592 0.47214296 0.59785354 0.55374646
9 3.8055052e-05 0.74153733 0.47046694 1.0 0.93581414
7 3.678848e-05 0.35954672 0.38661504 0.91080725 0.73292345
7 3.6661740000000005e-05 0.8663368 0.426888 0.9487986999999999 0.48629808
7 3.6381574e-05 0.60207117 0.3852909 0.97337097 1.0
13 3.55224e-05 0.47754022 0.50015384 0.6430409 0.56776583
10 3.487362e-05 0.8878999 0.4206032 0.9570216999999999 0.48246852
9 3.473062e-05 0.53822917 0.42415845 0.7681918000000001 0.5407360999999999
7 3.4366040000000005e-05 0.7695645999999999 0.8189145999999999 0.96759677 0.9855931
5 3.3566255e-05 0.5045126 0.45532808 0.5601078 0.5839371
10 3.3175384e-05 0.8460757 0.4554907999999999 0.9311188 0.5170225
10 3.3016626e-05 0.5682118 0.3504145 0.69636977 0.64749014
10 3.298656e-05 0.6643722 0.40983194 0.8328221 0.54344064
2 3.2762284e-05 0.6011972 0.45440894 0.82000494 0.56570584
10 3.2424640000000004e-05 0.6514203000000001 0.44778687 0.86731875 0.59710807
1 3.2291005e-05 0.86591077 0.46796329999999997 0.94901794 0.50684905
13 3.1974796e-05 0.5746986999999999 0.39681652 0.8754008 0.7526670999999999
5 3.1685846e-05 0.44257832 0.44150305 0.7428098000000001 0.5755689
5 3.1487554e-05 0.6745260999999999 0.64113843 1.0 1.0
11 3.1417163e-05 0.6229149 0.29114840000000003 0.9052998 0.6704084
13 3.1322462999999996e-05 0.54422295 0.44660443 0.6633304 0.5443453
6 3.073618e-05 0.6194734000000001 0.71350497 1.0 0.9716431000000001
1 3.0730054e-05 0.6525089 0.7249637 0.9149603999999999 0.95473087
4 3.0594e-05 0.47038364 0.4127415 0.66163117 0.5491919
12 3.0541032e-05 0.43443227 0.23424521 1.0 0.7928363
1 3.0452340000000003e-05 0.43061253 0.45095519999999994 0.8808491 0.8885074000000001
9 3.0088002000000003e-05 0.58536243 0.40648276 0.7221555000000001 0.5893744000000001
13 2.9914476e-05 0.0006423169000000001 0.40074053 0.37818757 1.0
8 2.97063e-05 0.81532866 0.44950247 0.8891857 0.5012924
9 2.9479022e-05 0.5396415 0.47207713 0.6590478 0.65208477
8 2.9006404e-05 0.44794294 0.34980875 0.8087966999999999 0.6416267
1 2.8601738e-05 0.55124885 0.4380696 0.7658695 0.5358261
5 2.8525868e-05 0.5461479 0.66393113 0.9599627000000001 1.0
13 2.8405335e-05 0.26929715 0.43315459999999995 0.698523 1.0
9 2.8130095e-05 0.51362383 0.442758 0.62654406 0.6267265999999999
1 2.8005274e-05 0.6867707 0.43498012 0.89567584 0.5294118
8 2.7744152e-05 0.30256322 0.38411573 0.70376956 0.99109447
13 2.7271268e-05 0.5543355999999999 0.12643968 0.95892537 0.99131984
11 2.6176738e-05 0.63984823 0.39146653 0.7629478 0.5486825
9 2.6152791000000003e-05 0.53729135 0.4174969 0.65418917 0.6007829
1 2.5901027e-05 0.7105239000000001 0.71348727 0.91927874 0.84127074
3 2.586144e-05 0.5637104000000001 0.43199208 0.66542476 0.56287366
11 2.5419926e-05 0.7398323 0.72767997 0.89134985 1.0
13 2.5333337999999997e-05 0.7987103 0.45487845 0.8988450000000001 0.51553303
9 2.5049787e-05 0.81759053 0.7172841 1.0 0.82088935
10 2.4512381e-05 0.7968423000000001 0.19528212 1.0 1.0
4 2.4447889999999996e-05 0.57575226 0.3660777 0.71198773 0.5773522
5 2.4002484e-05 0.85542834 0.44465512 0.95968217 0.48563909999999993
6 2.3996374000000002e-05 0.74621147 0.5343495 1.0 0.99725306
9 2.3491144e-05 0.6543284 0.47279996 0.8513676 0.6052622
4 2.3316328e-05 0.8728349 0.75052387 1.0 0.9162119000000001
6 2.3118397e-05 0.50200826 0.478322 0.6381140000000001 0.53800684
4 2.3004971999999998e-05 0.613499 0.43244863 0.8740391 0.5864461999999999
10 2.2808907e-05 0.7898794 0.3961873 0.9586737 0.58501697
11 2.2537091e-05 0.8026721 0.3781973 0.9573379000000001 1.0
8 2.1925734000000002e-05 0.027307726 0.23080295 0.40321752 0.94737613
8 2.1759557e-05 0.48873457 0.49128428 0.5765222 0.56572336
7 2.1756705e-05 0.56160593 0.68377763 0.9147829 1.0
10 2.16891e-05 0.8145401999999999 0.6830253000000001 0.9747181999999999 0.8590384
2 2.1378231e-05 0.8257865 0.70399225 0.9939518 0.828475
12 2.1296484e-05 0.54313487 0.46358928 0.638127 0.5458529000000001
13 2.1070979e-05 0.70271105 0.46245503 0.81728405 0.5165911
4 2.1000686999999998e-05 0.76456875 0.40910757 0.96233803 0.5673272
7 2.0875734000000004e-05 0.5010654 0.47379756 0.60710543 0.55884475
10 2.0514672999999998e-05 0.5396693 0.4178941 0.7135052 0.67443526
1 2.0236284e-05 0.5127005 0.46391049999999995 0.6045301 0.519995
2 2.0140810000000003e-05 0.81397176 0.48522514 1.0 1.0
11 2.0079959e-05 0.5785128 0.4503563 0.6378782 0.5130144
6 1.9703813e-05 0.46270522 0.43581972 0.7324316 0.6554217
9 1.9686099999999998e-05 0.64531416 0.41221875 0.9774198000000001 0.66428345
2 1.9641313e-05 0.50316596 0.29051986 0.95629376 0.94594646
10 1.9544584999999998e-05 0.4468934 0.39960837 0.6540416 0.5536314999999999
8 1.9543935e-05 0.08349548 0.16696227 0.43016788 0.7851053000000001
9 1.9443316e-05 0.8453440999999999 0.45669958 0.9141348 0.5123713
3 1.9390050000000003e-05 0.60086745 0.44778338 0.7410325 0.5065615
13 1.9375537e-05 0.5683676 0.5030537 0.7000571 0.56804377
6 1.9363088e-05 0.7869651999999999 0.78796023 0.9920493 0.92309165
1 1.928355e-05 0.5131219 0.47129977 0.56086665 0.5788034000000001
10 1.903969e-05 0.8262908999999999 0.7419915 0.9754497999999999 0.96674204
6 1.8846507e-05 0.7214645000000001 0.7212863 0.95912164 0.84377205
10 1.8611945e-05 0.6026968 0.444636 0.8084243 0.5750725999999999
