3 0.9972704 0.5226333 0.90573967 0.71682656 1.0
3 0.9918005 0.68259996 0.5182308 0.8200343000000001 0.6535255
3 0.9909252000000001 0.817577 0.5351909 0.9629482 0.67746276
8 0.8587082 0.7380852 0.16348829999999998 0.82215494 0.22660324
8 0.71065 0.30478764 0.46109414 0.50319016 0.5718310000000001
8 0.66223764 0.31165352 0.4681263 0.44190016 0.5544165
3 0.24424171 0.41276056 0.4950081 0.49622434 0.56734556
3 0.17515752 0.32685077 0.47314847 0.4324348 0.55627984
8 0.17116463 0.40792399999999995 0.49393916 0.4985872 0.56386596
8 0.16328269 0.9169492 0.19569565 0.97224766 0.24642964
3 0.07639242 0.7455081 0.162004 0.8151064 0.22423051
3 0.061074345999999995 0.31726350000000003 0.46748295 0.46585897 0.5663501999999999
8 0.060520936 0.8011756999999999 0.5441111 0.9675108 0.6767281999999999
8 0.046864792999999995 0.68946975 0.51782006 0.8238476999999998 0.65619314
3 0.027582682999999997 0.03545292 0.43030575 0.098936394 0.48885655
8 0.025438747999999997 0.37410903 0.48934773 0.49105883 0.56979907
3 0.020395486 0.5856836 0.94144845 0.71054053 0.99779296
3 0.019782657 0.9241978000000001 0.18802108 0.96887255 0.25202888
8 0.01861286 0.24919993 0.4489623 0.46514964 0.56952786
8 0.018047517 0.03486383 0.43086335 0.093509585 0.48245156
8 0.016483426000000002 0.47529840000000007 0.5016884 0.61208904 0.6204459
3 0.014456105 0.49739796 0.5104009 0.6122264000000001 0.6206013000000001
13 0.011384433000000001 0.6792117 0.56207186 0.82875186 0.6870364000000001
13 0.010228143 0.7445908 0.17090653 0.83374923 0.21543647
13 0.0088747125 0.7303578000000001 0.17492181 0.80551606 0.21470807
13 0.008533961 0.9153665999999999 0.20297955 0.9788708 0.23920858
13 0.0070742113 0.6843564999999999 0.5093741 0.86011165 0.6776103
8 0.006639995 0.3339348 0.47446606 0.425055 0.5681809
13 0.005829154499999999 0.64566267 0.55983925 0.8051108 0.66947556
13 0.004159738 0.71066236 0.50911725 0.8283465 0.71784705
13 0.0038455734000000003 0.78950816 0.5913581 0.954374 0.70535123
9 0.00268532 0.75975275 0.17888537 0.84253263 0.22444616
1 0.0024840870000000003 0.59790885 0.5536633000000001 0.76408315 0.6533688
8 0.0024779642 0.50967366 0.5255736999999999 0.5826865999999999 0.5906642
8 0.002265099 0.5390604999999999 0.40792885 0.86648726 1.0
9 0.0021808336 0.71222186 0.50962996 0.87773347 0.63164383
2 0.0021526231 0.66303277 0.53791505 0.86945915 0.66046095
7 0.0021406014 0.6042736 0.530723 0.8484456 0.72390544
8 0.0020151013 0.5296938 0.9019421000000001 0.6969466999999999 1.0
7 0.0019662012 0.6818342 0.47473267 0.88065827 0.66785055
13 0.0018449707 0.46575379999999994 0.5156377000000001 0.6191561 0.64008474
9 0.0018149877 0.69517344 0.55240357 0.85070735 0.6789036999999999
12 0.0017031095000000001 0.6832475 0.4715025 0.87696344 0.615592
5 0.0016988957999999998 0.586595 0.5466057 0.7886576999999999 0.66675496
8 0.0016923654999999999 0.22923139 0.4581795999999999 0.29468146 0.51316065
13 0.0016695057999999998 0.6886189 0.5194779 0.80048096 0.7067063
11 0.0015964718 0.6573011999999999 0.49204114 0.75855184 0.6679004
5 0.0015836818 0.63034326 0.5668196 0.8251187 0.706667
3 0.0015659579 0.23864290000000002 0.4573384 0.30530229999999997 0.5110696
13 0.0015145381 0.39630574 0.5074380999999999 0.49024445 0.56483066
13 0.0015050584 0.03443532 0.42069170000000006 0.10166167 0.48691633
1 0.0014594326 0.653709 0.57248425 0.8169504 0.694444
7 0.0014540909 0.5801488 0.50477165 0.7884767 0.69966435
2 0.0014425584 0.7481263000000001 0.1586861 0.83440715 0.2341514
9 0.0014139703 0.6617303000000001 0.52220666 0.79068196 0.6522595
13 0.0013702910999999999 0.5036662999999999 0.9127265999999999 0.6951065 1.0
13 0.0013549632000000001 0.7825848000000001 0.52276117 0.96268237 0.6809349
1 0.0013214405999999999 0.68822384 0.5200614 0.83545375 0.63868946
4 0.0012356471000000001 0.7695494 0.16487727 0.83031315 0.22790053
9 0.0011738563000000001 0.733649 0.5041901 0.83027875 0.67408246
6 0.0011365531 0.62007225 0.55923206 0.8904607 0.7065637
13 0.0011234622 0.5472289 0.90266216 0.7382453 1.0
8 0.0011062482 0.31295335 0.46054882 0.40114617 0.54144925
9 0.0011002213 0.74011326 0.17544037 0.82743394 0.22711158
2 0.0010877418 0.62347806 0.5034947 0.8369814 0.6264019000000001
7 0.0010837317 0.72231984 0.55946004 0.9598515 0.74519485
13 0.0010506175 0.33294103 0.4710152 0.4300857 0.5445736999999999
10 0.0010195101 0.76844627 0.1655394 0.8362904000000001 0.2206301
7 0.0009812255 0.6814904 0.44467956 0.83605015 0.7235705
11 0.00095011713 0.74427974 0.16978097 0.78863347 0.23826453
9 0.0009400107 0.826916 0.5158057 0.97283494 0.6425701
13 0.0009165328 0.7452314999999999 0.54805356 0.93785036 0.6947399999999999
12 0.00088199606 0.7512791999999999 0.17198175 0.83582586 0.21456552
9 0.00085958134 0.70223725 0.5039497000000001 0.78963876 0.6868432
11 0.00085902587 0.71415156 0.51045734 0.8360502000000001 0.7051819
13 0.0008465794 0.8101979 0.54796 0.9875228000000001 0.69935936
1 0.0008314585 0.65057606 0.50110036 0.7712613 0.63498676
9 0.0008278029 0.33420327 0.47909963 0.42951205 0.54176533
3 0.00082368095 0.8124958000000001 0.5365743000000001 0.9330306999999999 0.6324882
2 0.0007898114 0.7286986 0.16480747 0.81527364 0.22208068
13 0.00077153416 0.8041404999999999 0.5426262 0.9352724 0.7507243
3 0.00076865254 0.8169289000000001 0.5520085 0.9171166999999999 0.66541076
11 0.0007205931 0.41748 0.49073917 0.47789209999999993 0.57222027
6 0.0006961245 0.5895497 0.5297194000000001 0.8310841 0.6711704000000001
11 0.0006888748 0.78060853 0.1727846 0.82281256 0.23403939999999998
5 0.00068348367 0.65535337 0.54577136 0.7944201999999999 0.69144344
8 0.00066593953 0.6880943 0.12970103 0.82985884 0.2637158
9 0.0006307638 0.9270617 0.20201704 0.99109495 0.25298107
1 0.0006294331400000001 0.75359863 0.60266787 0.9289492 0.7159217
12 0.0006179364 0.67096096 0.5272631 0.8843754 0.6618533000000001
8 0.00061490777 0.23492643 0.47070754 0.30850896 0.5252551999999999
4 0.00060785 0.6801108 0.5330242 0.8602284 0.69594544
2 0.0006059611000000001 0.7802445 0.555421 0.9858628 0.6934024999999999
5 0.0006040646 0.6877339 0.18352848 0.82090247 0.22342318
13 0.00059737795 0.3383863 0.47369870000000003 0.5016425999999999 0.6119939
12 0.00059327355 0.80472064 0.46924287 0.99172056 0.6044385
2 0.0005865437 0.9092872 0.18565739999999997 1.0 0.2605527
9 0.0005834707 0.7170215999999999 0.5221265 0.8074992 0.69901544
8 0.00058003544 0.69035673 0.54883856 0.78792393 0.6383109
11 0.0005677478599999999 0.7550579000000001 0.16894262 0.80225176 0.24015327
1 0.0005579927 0.7137735 0.18190719 0.78809404 0.22236995
10 0.0005567945 0.3429528 0.4663111 0.41578162 0.5298421
12 0.0005522214 0.33854392 0.47307193 0.44584456 0.53585017
5 0.0005449987400000001 0.7298641 0.59636945 0.9346584000000001 0.7160071
5 0.0005449762 0.23134622 0.5171765 0.49472085 0.6100305
10 0.0005448020500000001 0.7410064000000001 0.17715160000000002 0.8102617 0.22201286
5 0.00053180015 0.7732654999999999 0.58075285 0.91491127 0.7406537
3 0.0005288106 0.5347451999999999 0.85987747 0.8710787 1.0
3 0.00052694627 0.51379913 0.5249999 0.605946 0.60637766
12 0.0005223262 0.65972006 0.44959268 0.8009418 0.6374062
1 0.0005176988 0.7464255 0.1818981 0.8226986999999999 0.22724135
4 0.000517454 0.7373261999999999 0.4847465999999999 0.8967106 0.64144516
3 0.00051151915 0.31102848 0.46711797 0.40929586 0.539565
4 0.0005041553500000001 0.7449081 0.16349654 0.81828666 0.22801286
8 0.0004989583 0.49677616 0.5220462 0.5513087 0.58827126
10 0.0004942221 0.36747044 0.46386686 0.42924517 0.52927154
5 0.00049027597 0.28803325 0.49322677 0.44775653 0.5376145
7 0.0004887849 0.39283140000000005 0.49004266 0.48398423 0.57693124
13 0.00048822854000000007 0.6882589 0.55726975 0.80495656 0.6325529000000001
3 0.00048544732000000004 0.23556556 0.4678273 0.31895953 0.52662003
5 0.00048491042 0.36988909999999997 0.51260185 0.5030495 0.56711775
3 0.00047998683 0.35187072 0.47150138 0.5057376 0.5805563
12 0.0004713211 0.63787407 0.5108395 0.82261616 0.6262194999999999
2 0.00046102422999999993 0.7060318 0.46054209999999995 0.87644506 0.60962564
6 0.00045766080000000003 0.6340241 0.48479202 0.92037815 0.6522217
1 0.00044635059999999997 0.35342613 0.47477385 0.41593984 0.54624546
6 0.00043795217000000005 0.7463064 0.597745 1.0 0.7247608
3 0.00043732695999999994 0.56228024 0.92295766 0.6903045999999999 0.9899621
5 0.0004357761 0.6767656 0.53306115 0.8862631 0.6525536
1 0.00043290443 0.3131156 0.4909871 0.47882676 0.5908948
7 0.00042312907 0.7457984999999999 0.16677824 0.8188924 0.2302086
8 0.00042007629999999996 0.40859598 0.48607862 0.47676414 0.5534218000000001
2 0.00041958370000000003 0.6926730999999999 0.48923066 0.8646705 0.64169466
1 0.00041333900000000003 0.27186894 0.49580556 0.44690835 0.5856545999999999
9 0.00041219537000000006 0.36133390000000004 0.481483 0.4462635999999999 0.538665
6 0.00041173556 0.39091063 0.5049963 0.516315 0.5703771
9 0.00041024122000000003 0.32344145 0.46637437 0.4578964 0.5777151
6 0.00040483407999999997 0.7543831999999999 0.18108283 0.8418889 0.22865255
9 0.00040032315999999997 0.67358094 0.49127176 0.8221558000000001 0.61108273
1 0.00039918083 0.39819628 0.5183073 0.47420514 0.56841516
9 0.00039751239999999996 0.33563942 0.49094123 0.4747098 0.59430164
2 0.00039656553 0.35025185 0.464591 0.43436384 0.5302243000000001
2 0.00039562554 0.40782583 0.49526042 0.5004097 0.5518495
6 0.00039298122 0.72387713 0.18238132 0.81825536 0.2213815
6 0.00039073917999999996 0.3246417 0.47371227 0.46109682 0.5451753
11 0.00039048362 0.35455838 0.46896884 0.41448358 0.55053246
10 0.0003883546 0.38092422 0.44006675 0.42044652 0.53837305
11 0.00038202215 0.7063264 0.42351806 0.78499657 0.69708335
1 0.00038056887999999997 0.33283323 0.47360870000000005 0.3982315 0.54619706
9 0.00037787300000000003 0.82421285 0.5872661 0.9629546999999998 0.70869577
4 0.00037695162000000006 0.34586212 0.4658057 0.42688760000000003 0.5510142
1 0.00037450588 0.69880044 0.5597011 0.838269 0.68204373
1 0.00037068233 0.77213144 0.5666532 0.90185404 0.6959820999999999
10 0.00036889352 0.41149490000000005 0.49152799999999996 0.49078274 0.5640257
8 0.00036446637 0.7016388000000001 0.3128735 0.90064967 0.9717434000000001
7 0.00036250488 0.8986475 0.18765453 0.97410685 0.25606102
5 0.00035843474 0.22824834 0.49872562 0.48241514 0.58548886
1 0.00035812086000000005 0.595973 0.51175284 0.76653504 0.61146545
2 0.00035556045 0.3662057 0.44846922 0.5405196999999999 0.58865994
11 0.0003539861 0.823161 0.54115933 0.93567944 0.74805635
11 0.00034430273999999997 0.77957296 0.5083042 0.88493705 0.7114844
13 0.00034416304 0.32404053 0.45354325 0.4021455 0.55348366
7 0.0003390804 0.4570088 0.8821821 0.6503856 1.0
11 0.0003366679 0.33262620000000004 0.39190623 0.46202925 0.60854214
10 0.00033442784 0.745969 0.16715252 0.82533914 0.22546025
1 0.00032965827000000004 0.7148441999999999 0.58300894 0.8994783000000002 0.68188196
9 0.00032943697 0.36402047 0.48694259999999995 0.51718724 0.5935345999999999
3 0.0003282077 0.38741148 0.47966629999999993 0.4869656 0.57666296
7 0.00032697842 0.75078166 0.5122038 0.9486344000000001 0.71922356
7 0.00032666072 0.7879625 0.47632572 0.9618029 0.66097474
11 0.00032305653 0.7246863 0.45369184 0.8008309 0.73245424
12 0.00032176603999999997 0.36859515 0.4776361 0.42990205 0.5489615
11 0.00031968465 0.758026 0.48725846 0.8503056999999999 0.6430993
1 0.00031803266 0.6699581 0.5352665 0.7897350999999999 0.68691045
1 0.0003175939 0.32380970000000003 0.48534667 0.41481647 0.53937495
11 0.00031384206 0.35236984 0.40358007 0.49542457 0.636872
9 0.0003078734 0.36842227 0.47079027 0.42452532 0.555866
1 0.00029806205 0.7529156 0.5191981999999999 0.9327208 0.62031746
8 0.00029595182 0.31461018 0.45968909999999996 0.39842457 0.5053979000000001
11 0.00029517523999999997 0.93235594 0.19554132 0.9683976999999999 0.26680452
10 0.00029089162 0.3657307 0.45014313 0.40724158 0.5427694000000001
11 0.00027913114 0.7467773 0.42874908 0.8214239 0.6883805000000001
12 0.00027825334 0.35216388 0.4674778 0.41922465 0.5506455
3 0.00027482765 0.81858724 0.53129005 0.8929855 0.58812135
1 0.00027139028 0.26344705 0.46327537 0.42632163 0.5542168000000001
10 0.00026938932999999996 0.7242390000000001 0.45097747 0.8659699000000001 0.6520949
2 0.00026629644 0.7077886999999999 0.4287683 0.83591473 0.6405960999999999
13 0.00026556227 0.6447535 0.50495106 0.80798584 0.65107006
12 0.00026400824 0.721059 0.5525265 0.8134989 0.6291017
13 0.00026323396 0.30364972 0.45734304 0.45904362 0.5901350999999999
12 0.00026279062 0.78018296 0.5098467999999999 0.9754181999999999 0.6323805
2 0.00026079657000000004 0.05063279 0.41199926 0.11141497 0.47320995
4 0.00025188707999999996 0.37290147 0.46274343 0.43541840000000004 0.5441755
13 0.00024333692000000004 0.29676566 0.46780685 0.40170535 0.53322864
7 0.00024253772 0.54996437 0.8831148000000001 0.7295813 1.0
7 0.00023766557999999998 0.723934 0.16049968 0.80800503 0.23204798
4 0.00023599918 0.7341993 0.47219416 0.8495369 0.67445266
3 0.00023590609 0.7311024 0.5163399000000001 0.87298244 0.6642853
5 0.00023498235000000002 0.3220519 0.49343073 0.41906932 0.5634077
1 0.00023461161 0.7490792 0.55620706 0.91948485 0.66223013
4 0.00023227603 0.39086396 0.46574393 0.5265893 0.62730837
3 0.00022894489 0.41945174 0.48813190000000006 0.50264233 0.5460848
13 0.00022572857999999998 0.69324017 0.54259783 0.77642655 0.64459413
5 0.00022366400000000002 0.45520228 0.9138833000000001 0.66634196 1.0
9 0.00022009568 0.41702974 0.5023888 0.4909976 0.561897
8 0.00021824337000000003 0.7183094 0.45787215 0.9297173000000001 0.73389894
11 0.00021583064999999998 0.39500925 0.40929753 0.53180176 0.6303844
9 0.00021478963 0.3458098 0.47152317 0.40584007 0.5643959
4 0.00021400767999999997 0.4087171 0.49448526 0.48498636 0.5726912
11 0.00021319356 0.83361775 0.46708268 0.9100606 0.76746565
10 0.00021150825 0.69914365 0.50580704 0.86582637 0.71645844
7 0.00020419994999999999 0.33212397 0.46058482 0.4279743 0.5556129
7 0.0002028807 0.29813063 0.45632428 0.5375856999999999 0.6388745
6 0.00020147349999999998 0.7012208000000001 0.55312353 0.98952645 0.6890162
1 0.00020120363999999997 0.45670779999999994 0.9327482 0.6334654000000001 0.9966858000000001
3 0.00019897452000000002 0.81989795 0.52510107 0.88429826 0.6608341
3 0.00019745006 0.68609923 0.51784164 0.8014806 0.5998523
5 0.00019319858 0.7448073000000001 0.5609111 0.9662687 0.66262275
8 0.00019102357 0.5039007999999999 0.83882946 0.81823856 1.0
9 0.00019043132 0.35561895 0.47015738 0.49424565 0.5746645
5 0.00018966946 0.75485766 0.5496843000000001 0.9817034 0.6344508000000001
10 0.00018837433999999997 0.73539656 0.3927015 0.84153944 0.7164205
7 0.00018829381999999997 0.41665444 0.479019 0.6257491999999999 0.65917706
1 0.00018781205000000003 0.31120282 0.47545055 0.37972772 0.5423732
1 0.00018392599999999997 0.9107854999999999 0.21531522 0.9691877 0.25409818
11 0.0001830841 0.8183424 0.52722096 0.90145713 0.6816124
13 0.00018189484 0.34898179999999995 0.48861632 0.42368466 0.5757945
4 0.0001799319 0.7877411999999999 0.56442 0.9711373999999999 0.72431296
12 0.00017752197 0.042650543 0.42151937 0.11335311 0.46955028
9 0.00017413599 0.8525259 0.53326434 0.9961186 0.66101015
1 0.00017020765999999998 0.033242505 0.43969217 0.08903153 0.47469363
7 0.00016956343999999997 0.76315755 0.46997510000000003 0.93265146 0.79040897
12 0.00016863997999999998 0.70620453 0.47831315 0.8525795 0.67106664
2 0.00016784384 0.76360554 0.52740985 0.9501860999999999 0.6575761
8 0.00016468547 0.19661610000000002 0.32038498 0.51058733 0.94217235
6 0.0001645922 0.44668108 0.9165870999999999 0.736105 0.9996132
12 0.00016187927 0.91655636 0.19207935 0.99827397 0.23756216
11 0.00016146913000000002 0.3633874 0.43283540000000004 0.40845507 0.5612884
9 0.00016127851000000002 0.8231940999999999 0.5547028 0.9583582 0.68089026
13 0.00015988662 0.37421045 0.51044124 0.47153345 0.57146895
5 0.00015966374 0.31130263 0.48531786 0.39923796 0.5555853000000001
13 0.00015914367 0.7281635999999999 0.5439179 0.8180335999999999 0.63538224
12 0.00015880603 0.8018241999999999 0.56049293 1.0 0.68092126
3 0.00015809805 0.316191 0.46003827 0.39109388 0.49934533
13 0.00015743721000000002 0.33761796 0.50010586 0.43849399999999994 0.5621176999999999
10 0.00015690908 0.92930984 0.18871771 0.99486876 0.2505837
10 0.00015678201000000002 0.0569591 0.4180997 0.112510495 0.47876495
12 0.00015612615 0.41179526 0.49972332 0.49850422 0.55448455
12 0.00015268292999999998 0.6542741 0.44299486 0.84741974 0.57817304
4 0.00015247326999999998 0.73655206 0.17080314 0.80262166 0.22367638
10 0.00015045243999999998 0.40808105 0.41081995 0.53780913 0.6154632
4 0.00014658098 0.9338658000000001 0.20393702 0.98572755 0.25487596
8 0.00014561713 0.2869438 0.46963817 0.37583613 0.53298146
6 0.00014484156 0.6608915 0.48425186 0.86709803 0.70282966
3 0.00014408577 0.6849994 0.5248537 0.77157885 0.64272827
12 0.00014262423999999998 0.80485386 0.50535804 0.9350268 0.7052696999999999
6 0.00014200887 0.7648406 0.50225323 0.9988754999999999 0.6454347
1 0.00014130997999999999 0.65266454 0.5276211999999999 0.80488634 0.64504236
7 0.00014097206 0.039138332000000005 0.41994017 0.11094393 0.47873133
9 0.0001400952 0.84981155 0.529323 0.93726575 0.71960384
3 0.00013917942 0.2894215 0.4600289000000001 0.35704082 0.50564325
2 0.0001377964 0.46588582 0.47557390000000005 0.66229504 0.61742836
3 0.00013733563999999998 0.71956116 0.5161844 0.804076 0.65724677
1 0.00013304756 0.5496574000000001 0.9298641 0.7217558000000001 1.0
1 0.00013199568 0.42037174 0.5189442 0.49086729999999995 0.56700003
8 0.00013035927 0.04374604 0.46041662 0.18830629 0.95082146
4 0.00012954441 0.70492417 0.49210244 0.8257393 0.7058753000000001
4 0.00012891493999999998 0.35012358 0.46621975 0.49225813 0.6247292
10 0.00012675508 0.81518054 0.54782563 0.9875138000000001 0.74339014
9 0.00012640072 0.72671425 0.5573060000000001 0.9102018 0.6777255
8 0.00012622951000000002 0.06794651 0.47881877 0.28914636 0.9644093
8 0.0001259239 0.7206244 0.49059030000000003 0.8690013000000001 0.668751
12 0.00012569662 0.26793155 0.43680525 0.48469606 0.55895126
9 0.00012532288 0.056151994000000004 0.43491593 0.1165734 0.47974086
4 0.00012521801 0.64037395 0.5102872 0.80924237 0.65833753
12 0.00012421308 0.30012890000000003 0.46745074 0.5425103 0.58029795
6 0.00012334059999999998 0.915058 0.21128535 0.99071336 0.25483283
4 0.00012307685 0.06090898 0.42781174 0.10752452 0.47574487
5 0.00012201635 0.8789921999999999 0.21509068 0.98430943 0.24999337
4 0.00012110721999999999 0.43481964 0.48949390000000004 0.49911875 0.5707842
13 0.00012106646 0.50146204 0.5241771 0.60354763 0.5882387
10 0.00012045853999999999 0.69734627 0.4301523 0.8163435 0.70987517
2 0.00011924853 0.8196891 0.47116664 0.9964718000000001 0.59917474
9 0.00011841768 0.7885485999999999 0.5447935 0.9249282 0.6875393
8 0.000117747106 0.55917376 0.22630435 0.78581625 0.97712666
12 0.000115994466 0.5764445 0.88486356 0.75022495 0.9916497999999999
7 0.00011432452 0.35265058 0.4674102 0.44252276 0.5486239
2 0.00011325347400000001 0.8140703 0.5182621000000001 0.9914978000000001 0.65966827
5 0.00011258458 0.70379466 0.5593779999999999 0.8396620000000001 0.7359503000000001
1 0.00011078815000000001 0.7086963000000001 0.56223965 0.79761976 0.62614113
7 0.00011059816000000001 0.2632125 0.42858562 0.47405756 0.6242553000000001
10 0.00011042687 0.65519845 0.49449775 0.8204285 0.67982346
9 0.00010948078000000002 0.8205093000000001 0.5498459 0.9159857 0.7520515999999999
11 0.00010893260000000001 0.3289896 0.46227086 0.38608673 0.54326963
7 0.00010713367 0.6500125 0.46098256 0.81962824 0.6390715
5 0.00010457695 0.76526284 0.57379663 0.9963263000000001 0.6959368
1 0.00010431799999999999 0.61229193 0.4804709 0.79416597 0.5782036
12 0.00010398478499999999 0.74551564 0.55390245 0.80101866 0.64075387
8 0.00010338891 0.7209558 0.5417751999999999 0.7955168 0.6396253000000001
2 0.00010300439 0.33042505 0.42442840000000004 0.49993595 0.5486057
