3 0.98239774 0.8294115 0.6567313 1.0 0.8994208
3 0.6277383000000001 0.06964853 0.6129995 0.13669527 0.6652977
3 0.62153447 0.07210843 0.59005785 0.18718489 0.66421676
3 0.6160749 0.27681154 0.62158924 0.34237677 0.6562069
3 0.44368806 0.5740545 0.56203705 0.71096694 0.76802754
3 0.24618612 0.25353342 0.61851496 0.29882800000000004 0.6669856
3 0.19614416 0.26387072 0.6192865 0.3286072 0.66134435
3 0.11619363 0.5656095 0.631208 0.69557303 0.7944041999999999
8 0.07633653 0.81454515 0.6266888 1.0 0.91558135
3 0.06835979 0.86585915 0.6593131 0.9505041999999999 0.7176227
3 0.04582088 0.06578934 0.5974286 0.12691507 0.6519654
3 0.0422371 0.72688776 0.6157642 0.86757773 0.7490781999999999
8 0.03949792 0.047831967 0.5658562 0.2327127 0.6726821999999999
8 0.025634947999999998 0.5561727 0.57292837 0.6935631999999999 0.7606227
8 0.01835714 0.070105985 0.606549 0.14058839 0.6632009
8 0.011097155 0.2519697 0.6093428000000001 0.30406368 0.6705339
8 0.007026334300000001 0.28829738 0.6157229999999999 0.35574190000000006 0.66117305
3 0.0060052527 0.58316046 0.7062401999999999 0.68335146 0.7883886
8 0.0058673033 0.8306972 0.6761706999999999 0.98149 0.8849946
3 0.005331373 0.10323043 0.6080346999999999 0.195996 0.67071056
8 0.0052199136 0.25994685 0.612949 0.32962003 0.66498435
8 0.0032104226000000003 0.07251605 0.593845 0.16796392 0.6508378
6 0.003021111 0.83405674 0.7114798999999999 1.0 0.87373585
8 0.0024846266 0.06144832 0.5970963 0.118911356 0.6530493
8 0.0020742288 0.08372148 0.6090409999999999 0.18281367 0.6641228
8 0.0019826344 0.5382824 0.6246979 0.6895896 0.79107445
3 0.0018764464 0.29964882 0.60382116 0.35405690000000006 0.6480136
8 0.0018729789 0.5426215 0.5553866 0.9328189 0.95992464
13 0.0018624181 0.77673876 0.7210345 1.0 0.87724245
3 0.0015741322 0.57509476 0.54503596 0.7325509 0.70423687
8 0.0015621246 0.83869714 0.6392188 0.97710556 0.8265974
1 0.0015393796 0.8073943 0.68780655 0.9547699000000001 0.8155526999999999
13 0.0014336562 0.8071393 0.6769683000000001 0.9878614 0.86738783
12 0.0014247936 0.83160025 0.6265791 1.0 0.77799815
13 0.001420579 0.5134938 0.57110626 0.70036304 0.76318157
7 0.0013861195 0.8248646000000001 0.6337258000000001 1.0 0.8384658000000001
1 0.0013644395999999998 0.8234761999999999 0.74432063 0.9706155000000001 0.87008524
6 0.0013509071 0.812224 0.68994814 0.99532145 0.8456533000000002
2 0.0013121070999999999 0.8685716 0.6403415 1.0 0.7526267
1 0.0012895983 0.71511394 0.6935409 0.94696754 0.92472565
5 0.0012433339 0.7518521 0.7022986 0.9804148000000001 1.0
13 0.0012335724 0.8163018 0.70341676 0.99464023 1.0
12 0.0012282754 0.84596634 0.65957516 1.0 0.8164861
1 0.0011653552000000001 0.8477564000000001 0.7202261 0.9780654000000001 0.85063946
3 0.0011342032000000001 0.5730876 0.68423045 0.67851365 0.7769873
13 0.001122966 0.062191863 0.61302435 0.14458217 0.6695656999999999
9 0.0011189596 0.8393276 0.66944647 1.0 0.81120056
11 0.0011059775 0.8407333 0.5003905 0.98647904 1.0
3 0.0010955142 0.7792638000000001 0.6318335999999999 0.9858684000000001 0.86774564
3 0.001042647 0.83615184 0.6467170999999999 0.9970223 0.7844651999999999
8 0.0009978308 0.75435054 0.58701533 0.99944913 0.9594504999999999
11 0.00093914394 0.7993399999999999 0.56055266 0.95790315 0.98100585
13 0.0009184413000000001 0.08422458 0.58588976 0.19847795 0.66611105
7 0.00089841103 0.74070823 0.5589927 1.0 1.0
13 0.0008898910599999999 0.24761876 0.6270319000000001 0.30061802 0.67729986
3 0.0008727797999999999 0.5813746 0.5719723000000001 0.7049094 0.66325885
8 0.0008647414500000001 0.8583601999999999 0.6673786 0.9377878000000001 0.7272446
13 0.0008620222999999999 0.8493078000000002 0.62921405 0.9568424000000001 0.9434648000000001
7 0.0008532225999999999 0.8147751999999999 0.6935923 1.0 0.8873821
4 0.0008344491 0.856316 0.675351 1.0 0.8642529
10 0.00082441285 0.8328498 0.67191625 0.9953299000000001 0.8235216999999999
9 0.0008133677000000001 0.85724056 0.70199543 1.0 0.8568969999999999
13 0.0008086058000000001 0.8493632 0.73706573 1.0 0.9488056999999999
13 0.00079676864 0.85084045 0.6751050999999999 0.9322716000000001 0.73419976
13 0.0007278291000000001 0.81983024 0.77192235 1.0 0.90410453
7 0.0007074519 0.54212415 0.5351584 0.7274804 0.76013047
3 0.0006897577000000001 0.5882491 0.55344975 0.69575214 0.62790924
6 0.000650165 0.7154768 0.6865598 1.0 0.9665764000000001
8 0.00064595306 0.29668963 0.6032238 0.34692270000000003 0.65030843
8 0.0006406588 0.7242148 0.60325915 0.8624759 0.743042
10 0.00062777457 0.78223 0.6495569 0.99054825 0.7948437
13 0.0006167246599999999 0.29004040000000003 0.6226548000000001 0.35052547 0.6785116
5 0.0006069692 0.7305411999999999 0.7019858 0.9985343000000001 0.8198075
6 0.0005981471 0.8450492000000001 0.7769999 1.0 0.9123068000000001
13 0.00055195997 0.83921933 0.5999680000000001 0.9995651 1.0
4 0.0005510396400000001 0.86984825 0.6531710999999999 1.0 0.80464923
11 0.0005471117 0.84048235 0.705101 0.93777907 0.8514368
3 0.00054555316 0.5657518 0.59756947 0.9667642 0.8960632
10 0.00054280873 0.78560346 0.6962821 1.0 0.86896217
9 0.00053394557 0.8158647 0.6475976999999999 0.9953383 0.95431185
11 0.000502296 0.8812699 0.52388763 0.94521576 1.0
13 0.0004922123999999999 0.07130497 0.58369786 0.20536262 0.71587634
2 0.0004891925 0.87968314 0.6750126999999999 1.0 0.7941035
5 0.0004795398 0.78976494 0.7022276999999999 0.979189 0.8890254000000001
11 0.0004772215 0.84854126 0.662804 0.937315 0.93010634
2 0.00047284458 0.8108656 0.55323356 1.0 0.9348098
1 0.00045888574 0.47514236 0.6066832 0.65156007 0.71974796
1 0.00045211165 0.8466326 0.7131231 0.93437314 0.9379395
1 0.00044880725999999995 0.7488135 0.61466354 0.9520745 0.8909078000000001
1 0.00044546594000000007 0.8428595 0.69851637 0.97938395 0.98464674
11 0.0004412046 0.89438605 0.4833575 0.99338305 1.0
3 0.0004345556 0.9014056 0.63012123 1.0 0.8950628
1 0.00041948017 0.5048147 0.57677126 0.6785459 0.69261515
8 0.00041626682 0.5623598000000001 0.5443456999999999 0.69455314 0.7086406
5 0.00039145547999999995 0.83839226 0.7078225 0.9577049000000001 0.9913473
3 0.00039059223 0.9246302 0.73510456 1.0 0.9342229
12 0.00038893794 0.8702436 0.6604683000000001 0.9551267 0.89974564
3 0.00038714559999999997 0.5379928 0.5288792 0.7249153 0.79348963
12 0.00038176883000000004 0.8780947 0.70756185 1.0 0.8719694
2 0.00037982763 0.5713955 0.5443316999999999 0.74515986 0.669931
3 0.00037548565999999997 0.5510194 0.7167483 0.66134983 0.7841978000000001
13 0.00036125633 0.7139049 0.6119248 0.8842078000000001 0.7657835
1 0.00032724458 0.8029616999999999 0.610917 0.96672916 0.9496553
12 0.00031223716 0.77415305 0.57943946 1.0 0.91424584
11 0.00031007492000000004 0.8559011000000001 0.73995006 0.9541638000000001 0.8933494000000001
8 0.00030953117 0.5843010000000001 0.7160818 0.6611557 0.7821170000000001
2 0.00030672824 0.8441662 0.6948524 1.0 0.8127925
5 0.00030503023 0.8248113000000001 0.72262365 1.0 1.0
2 0.0002999656 0.87813455 0.50101835 0.9987013000000001 0.934809
13 0.00029842380000000003 0.25814286 0.62181824 0.32440040000000003 0.6800541999999999
7 0.00029146654 0.27964526 0.6174168999999999 0.35393447 0.678217
12 0.00029049049999999997 0.8442664000000001 0.59185535 0.99671733 0.91527003
1 0.00029013795 0.88839936 0.73570204 1.0 0.92150486
1 0.00028947974 0.8426643 0.7727474 0.97280914 0.8949344000000001
9 0.000289081 0.5826179 0.55122674 0.7301079 0.7048688
4 0.00028581047 0.8867168 0.5777175999999999 1.0 1.0
13 0.00028290023 0.5409683000000001 0.6695125 0.7079791 0.80567664
10 0.00028020240000000004 0.8844638000000001 0.60301155 0.95445085 0.9623796999999998
4 0.0002740929 0.9110558000000001 0.59108233 1.0 0.8704190999999999
8 0.00026829572999999995 0.5283178000000001 0.5178176 0.7423438 0.8294911
11 0.0002633184 0.85092336 0.5697147 0.97035915 0.8973459999999999
10 0.00026159678 0.90682405 0.5701148 0.96914655 0.94692826
11 0.00025491157 0.8852525 0.7082833000000001 0.9697082 0.8536094000000001
7 0.00025371633999999996 0.5264858 0.5930273 0.712479 0.816379
1 0.00025082316 0.5572517 0.6140295 0.70356846 0.7383178
13 0.00025081603 0.05246138 0.5976701 0.11466315 0.6555108000000001
6 0.00025035522 0.5240760999999999 0.62096745 0.766605 0.7639175
11 0.00025021576000000003 0.8732706 0.6825926 0.96029836 0.9659082
9 0.00024556808 0.8670599 0.6392982 0.9865815 1.0
8 0.00024128908 0.5885465 0.30345866 0.87926996 0.9747336
12 0.000240587 0.5614916 0.51236695 0.761562 0.6723981
12 0.00023694053 0.10935172 0.58781666 0.19798195 0.6487371999999999
13 0.00023597866000000002 0.5333922 0.6226262 0.73054814 0.77608776
6 0.00023447449 0.50623477 0.59197485 0.7185680999999999 0.72572136
5 0.00022824942000000003 0.05083394 0.60020703 0.17286195 0.6473711999999999
12 0.00021654877999999997 0.7853274 0.5306092 1.0 0.8316013000000001
9 0.00021289726000000002 0.86861885 0.68086076 0.9418324 0.98261833
5 0.00021063411 0.016100258 0.60898054 0.2093594 0.70826745
11 0.00020940297999999999 0.08636506 0.61804044 0.13330859 0.6798125
11 0.00020930571 0.8697253 0.6545147 0.9462388 0.880366
1 0.00020221551 0.5151471 0.6433800999999999 0.68445206 0.7663734999999999
12 0.00019969056 0.90749407 0.71487445 0.9969126 0.8949632
7 0.0001994767 0.24891482 0.6194249 0.32319970000000003 0.6784585999999999
7 0.00019935462 0.10778527 0.5790517 0.18666218 0.6548665
11 0.00019770926 0.09455571 0.51739323 0.20911041 0.70256716
2 0.00019477723 0.56088054 0.5744103 0.75165486 0.6954895999999999
9 0.00018813778000000003 0.84397805 0.6827468000000001 0.96419454 0.9021984000000001
9 0.00018700898000000002 0.88502395 0.76235515 1.0 0.9139086
5 0.00018402177 0.26649687 0.6318593000000001 0.3381302 0.67778575
12 0.00018031343999999998 0.58280915 0.5458544 0.7795926 0.7001629
7 0.00017923806 0.087421015 0.5766977 0.17012735 0.6609655
7 0.00017912229 0.05819955 0.6098534000000001 0.1438231 0.67728144
10 0.00017717040000000001 0.08188653 0.61562085 0.14590132 0.67375505
5 0.0001749506 0.76314837 0.6652710000000001 1.0 0.9035076
6 0.00017275552 0.86096436 0.72856593 1.0 0.9424265
11 0.0001722559 0.09436763 0.5901102 0.13619208 0.6468313
3 0.00017179402 0.5928262 0.59312916 0.70353884 0.69789785
7 0.00017057248999999999 0.0074467957 0.5409685000000001 0.21838553 0.7250076999999999
7 0.00016927448 0.826932 0.7736502 0.98655385 0.9482702
5 0.00016846616999999998 0.44960690000000003 0.6168014 0.7415841999999999 0.73344284
10 0.00016738529999999998 0.08505885 0.591943 0.1603705 0.64186543
10 0.00016621265 0.83801615 0.5276997 1.0 1.0
10 0.00016372926 0.89629066 0.5019292999999999 1.0 1.0
2 0.00016351562 0.24519278 0.61384535 0.31314668 0.65835303
10 0.00016240394 0.9127556999999998 0.6025510000000001 0.99829674 0.8992023000000001
7 0.00016186819 0.576358 0.5341559 0.7654864 0.71700966
12 0.00016129571000000003 0.5436082 0.5579648 0.727532 0.69762915
6 0.00016105041 0.23854224 0.6233688000000001 0.32237974 0.6692143
11 0.00016087182 0.90398073 0.53288794 0.9614806 0.9454658000000001
3 0.00015767643 0.94367474 0.6880139000000001 1.0 0.7828751
7 0.00015543 0.85174894 0.64363414 0.98763454 0.9452289
5 0.00015386586999999998 0.23190318 0.62871516 0.30493587 0.67450684
5 0.00015346556999999998 0.05434949 0.6263364 0.14730847 0.67596316
7 0.00015077402 0.50214285 0.5717306999999999 0.6833125 0.7832861999999999
10 0.00015038221 0.11580357 0.5775796 0.18561536 0.64241934
11 0.00014876743 0.26249766 0.616879 0.29948312 0.674756
5 0.00014676683000000001 0.45071629999999996 0.58481336 0.7361889 0.70087355
12 0.00014460138 0.09331176 0.5915488 0.17034891 0.6514948
13 0.00014446021 0.77702284 0.6357791 0.96316063 0.8467002
3 0.00014129575 0.92551076 0.6674627 0.997527 0.7382295999999999
12 0.00014104175 0.55838466 0.58289593 0.7675681 0.7308675
9 0.0001408068 0.09127847 0.5772679000000001 0.21222600000000003 0.700271
3 0.00013978086999999999 0.5513857 0.6885781 0.6331149 0.7707010999999999
11 0.00013751636000000001 0.88084537 0.7601539 0.97338635 0.9299105
9 0.00013692088 0.587808 0.59365076 0.74154556 0.76080996
1 0.00013557367 0.7976382 0.6525396 0.9505311 0.7743693
9 0.00013555001 0.55323493 0.5757302 0.69765425 0.7197329
13 0.00013511421 0.8682156999999999 0.6665903000000001 0.95211613 0.7345923000000001
2 0.00013424586000000002 0.07213092 0.6126050000000001 0.14670058 0.66106975
2 0.00013422141 0.2974691 0.6144688 0.35754840000000004 0.65927494
13 0.00013396163999999998 0.055813633 0.58343506 0.14502096 0.6604032
3 0.00013382362 0.8836284 0.6611519 0.99176556 0.727175
1 0.00013328361000000002 0.09945799400000001 0.6069275 0.18062018 0.6529526
11 0.00013205643 0.59240013 0.5984335999999999 0.67362946 0.7782851
4 0.00013156366 0.797167 0.59483695 0.990676 0.9673349
5 0.0001313592 0.44245985 0.6562678000000001 0.7622013000000001 0.7643340000000001
10 0.00013117446000000002 0.85889727 0.65039533 0.9936449 0.88223946
6 0.00013031021999999998 0.07049019999999999 0.58750445 0.19486193 0.6498169
1 0.00012738156000000002 0.24456306 0.6341116 0.29694378 0.67317307
1 0.0001272485 0.06468904 0.60653204 0.14352755 0.6497445
11 0.00012585922 0.56092703 0.5892754 0.6348845000000001 0.7310785
4 0.00012514843999999998 0.12289499 0.5754414000000001 0.19036357 0.64163125
2 0.00012395368 0.8556335999999999 0.40804717 1.0 0.9023396999999999
9 0.00012290318 0.6005655 0.5797842 0.7763552 0.7190846
11 0.00012220697 0.28972515 0.6131982 0.32970459999999996 0.6738401999999999
6 0.000121232915 0.09591001 0.58711046 0.22424006 0.65655166
4 0.00012085393 0.88484156 0.6836206 1.0 0.934614
11 0.000120180295 0.27297208 0.61382836 0.3123512 0.6751504
4 0.000119891636 0.8349173000000001 0.6610228 0.977316 0.91626596
8 0.00011932802600000001 0.5838582 0.6789021 0.65441555 0.7801022
4 0.00011900875 0.5806946999999999 0.56542826 0.7198273000000001 0.72587895
9 0.00011900206 0.88906735 0.67801356 0.96130806 0.94817114
7 0.00011845858 0.054217185999999994 0.5922651999999999 0.12269203 0.6515972
1 0.00011357313999999999 0.78323823 0.7683124 0.93758637 0.87692016
1 0.000113396156 0.024060622 0.5805626 0.18023635 0.67013973
7 0.00011150046 0.77224404 0.74097157 0.9660315 0.9233665999999999
6 0.000111031455 0.8468627000000001 0.6853718000000001 0.9896765 0.96966255
6 0.00010747893 0.83623993 0.6499276999999999 1.0 1.0
6 0.000103958904 0.26349142 0.62615174 0.3631554 0.6713318
7 0.0001021333 0.82265973 0.6851520999999999 0.97475004 0.9798515
11 9.981450000000001e-05 0.91102463 0.6805488000000001 0.9866913 0.9325325000000001
1 9.752493000000001e-05 0.84309703 0.6815713000000001 0.9220756999999999 0.7422477
10 9.649280000000001e-05 0.80867636 0.6148813 0.9899161 0.7653503
1 9.6264e-05 0.27010906 0.6323785 0.33362997 0.66896486
11 9.581728999999999e-05 0.30827737 0.61227447 0.34842622 0.6733650999999999
11 9.406305e-05 0.5954126000000001 0.5772406999999999 0.66936433 0.7111229
4 9.346943000000001e-05 0.85280895 0.5617149 1.0 0.87333924
1 9.339323000000001e-05 0.28860196 0.63166547 0.34900507 0.6697645000000001
10 9.331559000000001e-05 0.85073495 0.7226232 1.0 0.96482044
9 9.232484000000001e-05 0.9138503000000001 0.6952366999999999 1.0 0.8703361
12 9.075802e-05 0.8698610000000001 0.7047904 0.9918226000000001 0.9057299000000001
1 9.0130365e-05 0.2545632 0.63410795 0.31878054 0.6701895
4 8.933256999999999e-05 0.08494578 0.607304 0.14600916 0.677125
7 8.905901599999999e-05 0.8403679000000001 0.6594376000000001 0.9365995 0.743946
1 8.8870474e-05 0.8601347 0.79973954 0.9837035 0.90930283
11 8.742683e-05 0.11245007 0.58900946 0.15024033 0.6465958
2 8.619458000000001e-05 0.87947303 0.56292105 0.9530949000000001 0.8562448
6 8.533616e-05 0.542562 0.5792704000000001 0.79275405 0.7376005
2 8.5304375e-05 0.8477579 0.6357285 0.9671417999999999 0.8279553
7 8.400803e-05 0.8449938 0.57765007 0.95751655 1.0
4 8.313453000000002e-05 0.8648889000000001 0.5940768 0.9565239999999999 0.94563204
10 8.284096e-05 0.09325715 0.62045467 0.16582775 0.6678769
10 8.258113000000001e-05 0.89155746 0.65025634 1.0 0.9431801999999999
6 8.130931e-05 0.061740473 0.62380904 0.16679552 0.6708765
2 8.040227e-05 0.8035083000000001 0.47261694 1.0 0.8417892
10 8.0260994e-05 0.560263 0.5317459 0.7416566 0.7125698
1 7.930929e-05 0.06826611 0.6326921999999999 0.12803887 0.67716986
2 7.9279765e-05 0.5953729999999999 0.5189786 0.7663438 0.6564045000000001
4 7.852221999999999e-05 0.6243376 0.5659578000000001 0.7572437 0.7333666
2 7.7731595e-05 0.866699 0.6135559 1.0 0.7269768
9 7.6769786e-05 0.12047945 0.59599817 0.19997509 0.6520011
5 7.497111999999999e-05 0.708148 0.7333448 0.99919343 0.8816774
10 7.442323e-05 0.06432238 0.5964509 0.12596263 0.6471462
13 7.129057e-05 0.71233565 0.7399146 0.99485415 0.9850152
2 7.0842456e-05 0.28148293 0.61504835 0.34252727 0.6585667
4 6.8949055e-05 0.5893608 0.5932977 0.7179666 0.79187196
7 6.824013e-05 0.684992 0.5850217 0.8634811 0.7729075
5 6.663049e-05 0.8573096 0.7029122 1.0 0.9342298000000001
2 6.6257926e-05 0.8728843000000001 0.6180143 0.97969127 0.79126793
12 6.6255656e-05 0.07378763 0.61467636 0.15159963 0.66347057
12 6.613551e-05 0.0071232019999999995 0.542856 0.25091878 0.6679786999999999
13 6.58545e-05 0.08747378 0.6157657 0.18400407 0.67465514
6 6.541143e-05 0.7805701999999999 0.5757722 1.0 0.92692924
5 6.5242646e-05 0.043680754 0.6059734 0.12375304 0.6467009
9 6.521364999999999e-05 0.08266014599999999 0.6210616999999999 0.14897539999999998 0.6681121999999999
13 6.474119399999999e-05 0.8557222 0.6477568 0.93553925 0.7181424
12 6.4642205e-05 0.06858278 0.5847178000000001 0.13206923 0.64235663
2 6.407897e-05 0.07486812 0.5261326 0.25505444 0.6554741999999999
11 6.3308216e-05 0.10287639 0.61334026 0.14865306 0.68215674
3 6.298814e-05 0.8914328000000001 0.6423578000000001 1.0 0.7746328
6 6.296811999999999e-05 0.80347764 0.64046246 1.0 0.79522705
10 6.265576e-05 0.30634832 0.6087229999999999 0.36136448 0.6782168000000001
9 6.253568e-05 0.10210252 0.59478796 0.18205366 0.6560935999999999
1 6.203876e-05 0.04967218599999999 0.60337037 0.10802613 0.6430979
10 6.049519e-05 0.25834572 0.6063416 0.31645137 0.679528
13 6.0442430000000005e-05 0.8656196 0.66280115 0.92339617 0.7519291
5 6.0344813e-05 0.7739673 0.7493396 1.0 0.9287231
11 5.9893293000000006e-05 0.59436405 0.62683886 0.690398 0.81465733
3 5.973813e-05 0.75376725 0.6653937 0.84194744 0.7453683000000001
10 5.966420999999999e-05 0.28630492 0.61343116 0.3458644 0.67734814
13 5.7954799999999996e-05 0.50669247 0.6827217 0.6691621 0.80403477
5 5.788762e-05 0.48519987 0.69923794 0.7306585 0.81150025
4 5.786364e-05 0.2588925 0.613776 0.31232790000000005 0.6748276
2 5.7791964e-05 0.26279613 0.61487275 0.32614693 0.66144675
11 5.7753730000000004e-05 0.12962799 0.5885169 0.16602288 0.6432941
10 5.60462e-05 0.52891964 0.55775124 0.71573764 0.7008557
13 5.587864000000001e-05 0.5393021 0.5269545999999999 0.7286756999999999 0.71864057
10 5.5229705999999994e-05 0.80651635 0.5188655 0.99846035 0.92185754
12 5.502794e-05 0.24820772 0.61675066 0.3159313 0.6595867
1 5.4972511999999995e-05 0.754275 0.7365031 0.91485876 0.84550244
6 5.4894350000000004e-05 0.7793598 0.7327866999999999 0.98610544 0.8542424999999999
8 5.486769e-05 0.5719890999999999 0.1575771 0.84971696 0.73758525
11 5.4686049999999995e-05 0.87073517 0.6656068 0.95286584 0.79356813
1 5.4292428e-05 0.8860359 0.69519 0.97139883 0.9424134
8 5.328303000000001e-05 0.7178289000000001 0.26566744 0.9342389999999999 0.9536133
13 5.2896590000000004e-05 0.28895906 0.5976621 0.35585794 0.6556784999999999
10 5.2386301999999996e-05 0.26928577 0.6136219 0.33062991 0.6761166000000001
2 5.2301093e-05 0.11307844 0.5722963000000001 0.18872017 0.64242965
13 5.2022573000000005e-05 0.11729336 0.61979437 0.19820455 0.67341053
13 5.1468064999999994e-05 0.58881813 0.5576699 0.67825407 0.6280585999999999
