3 0.9938485 0.6223607 0.52959305 0.67466724 0.58764887
8 0.016045885 0.6175328 0.5177227 0.68003243 0.5858833000000001
13 0.00258745 0.6242269 0.5372406999999999 0.696463 0.5946178000000001
8 0.0024477595 0.019659523 0.42512178 0.07505752 0.47171409999999997
8 0.0022530456 0.0077736042 0.39587596 0.12483010000000001 0.49363852
8 0.0012459542 0.8725579 0.45593783 0.9255271999999999 0.49648190000000003
3 0.0009792986 0.87352216 0.45408526 0.922034 0.5035229
8 0.0007063678 0.03426035 0.42328826 0.09437819 0.46869838
13 0.0007030808500000001 0.8631933 0.44927537 0.9281161 0.49893999999999994
3 0.0006515526999999999 0.12306853 0.55961645 0.5329078 0.95477724
3 0.00061738177 0.059508383 0.63786674 0.67241365 0.9711913000000001
8 0.0005231168 0.05128467 0.6794055999999999 0.54575384 0.94929683
5 0.0005101241000000001 0.58696115 0.539979 0.6743275 0.59235555
13 0.0004842903 0.60675883 0.54757696 0.6752366 0.59014374
13 0.0004751861 0.6174059000000001 0.5262268 0.67194045 0.60394746
3 0.00046841442 0.02185101 0.42591366 0.09074345 0.48588353
13 0.00045849015999999994 0.61063284 0.52317655 0.6773064999999999 0.57831746
5 0.00043750528 0.6116762 0.5271140000000001 0.677922 0.5936894
9 0.0004368826 0.62258226 0.5112713 0.6682916 0.58076334
1 0.00042115157999999994 0.60319465 0.51504433 0.66287595 0.5704898
3 0.00041048239999999996 0.1562635 0.6113504 0.85949326 0.9781969000000001
11 0.00039823024 0.6276176 0.49452382 0.6663127 0.5814517
7 0.00038328807999999997 0.61624205 0.5109592000000001 0.68249965 0.571633
7 0.00038293446000000004 0.605593 0.49187312 0.6684206 0.60894036
5 0.00037215733999999996 0.6074798 0.5412952 0.66791284 0.6230904
8 0.00036272587 0.6150118 0.51720846 0.6633254 0.5730162
7 0.0003393203 0.61979854 0.5235244000000001 0.7041122 0.60144746
9 0.0003367943 0.6263604 0.5169524999999999 0.68750906 0.5616488000000001
12 0.00032211764 0.6064702 0.4925411 0.67189634 0.57082564
12 0.00031519157000000004 0.6188541999999999 0.5047019 0.6874977 0.55378747
1 0.00030174259999999996 0.6388083000000001 0.5518873000000001 0.6918816 0.59511125
11 0.0002965725 0.61683893 0.5275738 0.6589041 0.5926285
1 0.00028384398 0.6135803000000001 0.51818377 0.67175823 0.5578753000000001
5 0.00024915487 0.62197113 0.54052556 0.7077321 0.59989506
7 0.00022156444999999999 0.5912946 0.52857417 0.668269 0.60458803
13 0.00022097556 0.029628067999999997 0.6437170999999999 0.63521683 0.96362966
4 0.00020715635 0.6489057 0.5198244000000001 0.7101218 0.5978253000000001
7 0.00020527243 0.5970955 0.5129303 0.67811 0.6352589
1 0.00020502327 0.6027577 0.55026376 0.6608939 0.591567
6 0.0001922327 0.61314106 0.53809327 0.72121453 0.59165627
6 0.00019191086 0.60348725 0.53708667 0.680604 0.5878218000000001
2 0.00018997863000000002 0.6357566 0.5242918000000001 0.70530224 0.5771027
3 0.0001884838 0.03597858 0.42545322 0.108843535 0.48262134
8 0.00018532909 0.052209325 0.42335522 0.108244084 0.4663708
1 0.00018462409 0.60874915 0.54434675 0.6629001 0.60990596
13 0.0001784056 0.09151739 0.5275135999999999 0.524424 1.0
8 0.00017603944 0.16338372 0.5426978 0.69406915 0.95851123
6 0.00017000092 0.6138157 0.51389617 0.68595177 0.5625737
12 0.00016770752 0.631396 0.52924573 0.7064517 0.5789888000000001
9 0.00016770448 0.63995963 0.5362444000000001 0.71190673 0.58248657
13 0.00016471991000000002 0.0845398 0.41251057 0.8528404 1.0
8 0.00015168118 0.8344071 0.5127301 0.8833052 0.55822784
10 0.0001506636 0.6207175 0.50787586 0.68064916 0.5573115
8 0.00014789742 0.30448914 0.94773877 0.36546069999999997 0.9973559999999999
10 0.00014048397 0.62012136 0.48823869999999997 0.6737249 0.58561087
3 0.00013999296 0.031461235 0.40702653 0.14285454 0.5119902
8 0.00013255698999999998 0.08866471 0.26391396 0.36525759999999996 0.89277446
4 0.00013231367 0.636672 0.5086440999999999 0.6859715999999999 0.55788904
11 0.00012972862 0.6541143 0.5255626999999999 0.69810337 0.59252167
8 0.00012532037 0.014656431999999999 0.22936913 0.26033399 0.8884091999999999
5 0.00012139075000000001 0.61220473 0.5260515 0.6824798000000001 0.56497216
8 0.00012051752000000001 0.050558627 0.17916128 0.328931 0.68277377
3 0.000117975185 0.31010446 0.9562903 0.36886492 0.99486387
2 0.000115135386 0.63279796 0.5029366 0.69650054 0.54939526
9 0.00011277372 0.6166876 0.5341491999999999 0.6725263000000001 0.5800380999999999
10 0.00011156101000000001 0.644135 0.51654947 0.70242286 0.59222806
11 0.00010964878999999999 0.63508785 0.51601046 0.6671637 0.56427574
3 0.00010285205 0.6362840999999999 0.5162061 0.69254005 0.5708055000000001
8 0.00010035458000000001 0.018426053 0.42912456 0.053147398 0.4677041
8 9.8710654e-05 0.032732323 0.41738465 0.30543613 0.9309834000000001
8 9.447359500000001e-05 0.25075278 0.7100257 0.5942174 0.9714101
6 9.427746e-05 0.6044624 0.49554485 0.68355596 0.58591676
8 8.993120999999999e-05 0.015128598 0.44407347 0.16892926 0.9323285
2 8.9574954e-05 0.60875773 0.52965254 0.6803899999999999 0.57436764
2 8.860405000000001e-05 0.61896396 0.5129445 0.68580556 0.5913421999999999
4 8.514675e-05 0.62543285 0.49805754 0.68161213 0.5763812
8 8.222356e-05 0.14125498 0.46368180000000003 0.42546993 0.93489283
8 8.062921999999999e-05 0.4058791 0.7026591 0.5243747 0.85723174
13 8.027766e-05 0.060152065 0.40525255 0.13132562 0.44163105
13 8.019286999999999e-05 0.0 0.022060588 0.2724772 1.0
9 7.939811e-05 0.6277368000000001 0.5293247 0.66990745 0.6003154
11 7.746302e-05 0.6310927 0.52896 0.6740263000000001 0.5935908000000001
8 7.700263000000001e-05 0.068234116 0.42516422 0.11991359 0.4661621
1 7.5868884e-05 0.6172166 0.5528548000000001 0.6772915 0.599039
3 7.471576999999999e-05 0.04372318 0.30418286 0.287032 0.9955324000000001
5 7.377729999999999e-05 0.0 0.7203012 0.6232288 1.0
13 7.200544e-05 0.23105463 0.6645770000000001 0.66914773 0.9572459999999999
6 6.985735e-05 0.60887384 0.5348181 0.6832216999999999 0.61857986
13 6.943143e-05 0.017139278 0.4196329000000001 0.09487415 0.47367429999999994
13 6.888003e-05 0.0 0.38528097 0.15573510000000002 0.5077087
12 6.805196999999999e-05 0.6135393 0.5330535 0.67832106 0.57727623
3 6.561483e-05 0.8806489 0.45459458 0.9397821 0.50960976
3 6.41764e-05 0.40102416 0.6677898 0.55956066 0.9065638
8 6.2805935e-05 0.01209812 0.42218897 0.040273699999999996 0.46555418
3 6.1413135e-05 0.14044438 0.2461426 0.47788 0.94982463
9 6.0776496e-05 0.6263061 0.53381944 0.69314295 0.5814766
12 5.9767317000000006e-05 0.60872364 0.52010506 0.6800722 0.5964201
8 5.7055786e-05 0.42432642 0.3552789 0.75896645 0.93821645
13 5.556279e-05 0.18046173 0.34297416 0.5510558000000001 1.0
4 5.5392219999999996e-05 0.6123229 0.5267586 0.6758193 0.5905302
13 5.5141056e-05 0.07064222 0.0 0.40833968 1.0
2 5.1862207e-05 0.13873231 0.6677941999999999 0.75018716 0.93564254
13 5.143406e-05 0.0 0.28378886 0.18237054 0.9723156
2 5.1431303e-05 0.62434655 0.48560646 0.68635553 0.5636013000000001
8 4.9749826e-05 0.21336633 0.28905106 0.49924296 0.9116360000000001
3 4.6148266999999996e-05 0.23092034 0.23770219 0.55375063 0.9362599
13 4.5935925e-05 0.21051778 0.0455996 0.59503603 1.0
3 4.5780867e-05 0.05658919 0.42813036 0.12128249 0.47862583
7 4.492509e-05 0.0 0.6399431999999999 0.726547 1.0
4 4.394152699999999e-05 0.6199226 0.5168583 0.68141073 0.61045873
10 4.381419e-05 0.6250207 0.505534 0.6833236999999999 0.61935055
10 4.181882000000001e-05 0.60523516 0.5290575 0.6794099 0.59033316
8 4.1399024e-05 0.6293493 0.5134273 0.6803755 0.56921035
2 4.136545e-05 0.8723264999999999 0.44584438 0.94118214 0.49603838
3 4.1028667e-05 0.08040887 0.40863916 0.39491796 0.97149223
13 3.8275466000000003e-05 0.0020651520000000002 0.0 0.373757 0.81048554
3 3.8273898e-05 0.08373175599999999 0.22314145 0.38468397 0.76745117
8 3.7388407e-05 0.3141005 0.46702892 0.5940477 0.9636169
1 3.655875e-05 0.5966706 0.51468307 0.6570437 0.55146796
13 3.5702946e-05 0.82641476 0.5024886 0.8888485999999999 0.5567664999999999
8 3.4417684e-05 0.57251793 0.49517882 0.81956846 0.9440313
8 3.2902870000000004e-05 0.06519372 0.40542725 0.12079281 0.44575217
13 3.2159198e-05 0.3902119 0.69187385 0.55364996 0.8510235999999999
8 3.1921554000000004e-05 0.31745009999999996 0.52523226 0.59465545 0.802289
3 3.1597698e-05 0.42819357 0.29722863 0.83406985 0.9272565
13 3.0643634e-05 0.2140683 0.24741139 0.9143237 0.9219301999999999
3 2.8851887999999998e-05 0.018122954 0.42903630000000004 0.064253025 0.47970295
8 2.8630486e-05 0.38905746 0.5364852 0.5392338000000001 0.96355224
5 2.7966798e-05 0.073746815 0.6647901999999999 0.5213631 1.0
5 2.6635240000000005e-05 0.02388578 0.3725147 0.26144570000000006 1.0
3 2.6372622000000002e-05 0.2986977 0.43294679999999997 0.6476535 0.9595935
5 2.6311655999999997e-05 0.10667504 0.37288332 0.41618907 0.97051036
10 2.5891899e-05 0.20048472 0.623272 0.8362936 1.0
8 2.4869452000000002e-05 0.5317367 0.20346309 0.79065055 0.8362596999999999
8 2.4675455e-05 0.82660115 0.54260015 0.86936176 0.5783324000000001
13 2.449895e-05 0.26522052 0.3683506 0.67368716 1.0
13 2.3700673e-05 0.06173741 0.42772338 0.13290784 0.46852879999999997
12 2.3634179999999997e-05 0.059781224 0.60287577 0.87839246 0.9153415000000001
3 2.3600302e-05 0.84294426 0.51200217 0.89810526 0.57200706
1 2.3356004e-05 0.0 0.6960149 0.5435989 0.9520231
9 2.3177165e-05 0.11846852 0.6439921999999999 0.71280795 1.0
7 2.2893571e-05 0.60173714 0.513976 0.66182363 0.56967103
1 2.2778991000000002e-05 0.8625734 0.46041667 0.92098045 0.49743083
8 2.2761835000000002e-05 0.61105597 0.5262955 0.6567371999999999 0.5848838000000001
6 2.2157477e-05 0.0 0.7005499 0.73519886 0.9595696
8 2.2046906e-05 0.3850344 0.51121676 0.43081173 0.5471769000000001
8 2.1891696e-05 0.87705106 0.4351371 0.9222885000000001 0.47643584
8 2.1889634999999997e-05 0.05053034 0.40506345 0.11062053 0.44910654
8 2.1509097000000002e-05 0.41609964 0.6519623999999999 0.50896585 0.89926505
7 2.1443193000000003e-05 0.8611825999999999 0.44484308 0.9337511000000001 0.50563604
8 2.0731475e-05 0.014602154499999999 0.69368225 0.31716818 1.0
13 2.0506844999999998e-05 0.53937846 0.39215338 0.8682464 1.0
3 2.0419668e-05 0.57343686 0.44742274 0.8804790000000001 0.94475734
13 2.0313719e-05 0.62687516 0.51955557 0.69194126 0.57265735
8 1.8575232000000002e-05 0.14877845 0.45694625 0.20904206 0.49681744
13 1.7488157000000002e-05 0.38401487 0.14848676 0.82991827 1.0
8 1.7181388e-05 0.03519561 0.40580875 0.09485345 0.44842994
7 1.6871953000000002e-05 0.0 0.51528937 0.62938344 1.0
9 1.6589815e-05 0.6135313 0.51516974 0.6674929000000001 0.5608593000000001
3 1.6495256e-05 0.14776997 0.45859426 0.22276185 0.5011327999999999
11 1.6251617000000002e-05 0.6222 0.5117145000000001 0.65309286 0.5607675
3 1.6072583e-05 0.39500198 0.48068562 0.5598731 0.98219734
3 1.5992079999999997e-05 0.037745938 0.73538375 0.36430925 1.0
3 1.5976924e-05 0.03544317 0.4692612 0.18351161 0.9984055000000001
7 1.593497e-05 0.041325957 0.39153048 0.9155103000000001 1.0
10 1.5795258e-05 0.24737814 0.48879814 0.66035545 1.0
3 1.5078034e-05 0.3841603 0.51628834 0.43907174 0.5509946
8 1.4855489e-05 0.62680215 0.541918 0.6711698 0.593635
5 1.4622748999999999e-05 0.14886686 0.6060214 0.7465304 1.0
11 1.4523948e-05 0.8952088 0.44945806 0.9298244000000001 0.5066444999999999
13 1.4513798999999999e-05 0.16814524 0.56690955 0.5614011 0.918481
8 1.4130519e-05 0.89570296 0.4492707 0.9742700999999999 0.5641326999999999
10 1.4118829e-05 0.612065 0.50975937 0.6633193000000001 0.55478036
13 1.4107738e-05 0.0 0.6554651999999999 0.31075567 1.0
8 1.3901005e-05 0.2987587 0.6622685 0.5106588 0.98864436
13 1.3698823999999999e-05 0.0 0.0 0.32158053 0.34438226
8 1.3694245000000002e-05 0.60977805 0.2695261 0.87200475 1.0
8 1.3448142e-05 0.37245178 0.4305348 0.6697947 0.95977986
8 1.3212567e-05 0.054782785 0.05728305 0.23475489 0.45438874
8 1.3025623e-05 0.027646333 0.14791578 0.17599575 0.64596957
8 1.2837194e-05 0.17582165 0.63508224 0.50113547 0.9276200000000001
5 1.2426228000000001e-05 0.015366636000000001 0.5427479000000001 0.20371035 1.0
13 1.2332427e-05 0.5920203 0.54371446 0.6607052 0.5832166999999999
8 1.2099942e-05 0.6346155 0.167074 0.8818812 0.7518779999999999
8 1.2023366000000001e-05 0.6566598000000001 0.41437262 0.914776 0.98991907
13 1.1577164999999999e-05 0.37465236 0.40962154 0.58016 1.0
8 1.0894645e-05 0.8657108 0.43669096 0.9130338 0.47501528
2 1.0849412999999999e-05 0.1628258 0.55129045 0.59250045 0.94205153
8 1.0701568e-05 0.04186207 0.041294772 0.3086783 0.33786085
13 1.0412617e-05 0.5103479999999999 0.008495018 0.8687231 1.0
8 1.0347367e-05 0.42096913 0.49409562 0.45939409999999997 0.5276409000000001
10 1.0223505e-05 0.41673696 0.6606045 0.7819729000000001 0.96400654
10 1.0045747e-05 0.89558834 0.439381 0.94536716 0.50511014
5 1.0044329e-05 0.071106404 0.53985393 0.3807775 1.0
8 9.760524e-06 0.5756998000000001 0.49283955 0.7162323 0.60948884
8 9.751924e-06 0.2616576 0.5910516 0.5737338000000001 0.9201889999999999
8 9.722778499999999e-06 0.41665766 0.5099342 0.462958 0.5441531
12 9.626285e-06 0.86958057 0.44353253 0.94847757 0.48730144
9 9.571519e-06 0.020524263 0.033660516 0.30095625 1.0
4 9.503139e-06 0.14122203 0.68600327 0.7101029000000001 0.9627296000000001
7 9.485624e-06 0.20630091 0.6586163 0.70407575 1.0
1 9.459668000000001e-06 0.0 0.4698458 0.7354636 0.88577473
6 9.36073e-06 0.8684700999999999 0.46357688 0.9465201999999999 0.50448203
13 9.321108e-06 0.31201740000000006 0.5101595 0.5691507 0.9465654
8 9.231087e-06 0.74286675 0.335032 0.93394756 1.0
3 8.985808e-06 0.8799502 0.43364188 0.9218218 0.48020607
11 8.710497e-06 0.15074298 0.6475028 0.573753 1.0
5 8.660957e-06 0.043239266 0.26068917 0.3674995 0.7474178000000001
9 8.485748e-06 0.17414333 0.54844636 0.5827019 1.0
5 8.385991e-06 0.85442406 0.46432763 0.9305201 0.5060213
12 8.251436e-06 0.18230048 0.35569948 0.92996824 0.85072684
3 8.223099e-06 0.32841438 0.5853640999999999 0.57000047 1.0
3 8.090311000000001e-06 0.62148577 0.5497261999999999 0.6832623000000001 0.6035550000000001
10 8.006716e-06 0.41439152 0.3805937 0.92309856 1.0
13 7.932465e-06 0.86423117 0.4287063 0.9235136 0.47748417
3 7.8440635e-06 0.3164514 0.9536938 0.39097604 0.9939225
12 7.816521e-06 0.09048462 0.5013625 0.7248241999999999 0.8928068000000001
13 7.800639999999999e-06 0.22652765 0.45001978 0.6402548000000001 0.8367863000000001
12 7.782559e-06 0.34279692 0.6537394 0.78528297 0.9284450999999999
2 7.731796e-06 0.61941755 0.5046532 0.6822218000000001 0.5456454000000001
5 7.611089999999999e-06 0.2649738 0.73457164 0.6520604999999999 0.9749841999999999
13 7.312431e-06 0.030693400000000003 0.40299556 0.108227104 0.44572636
13 7.1529125e-06 0.29936793 0.9513417 0.35842153 1.0
13 7.044563000000001e-06 0.270635 0.5809824 0.6833536 0.9128828000000001
1 6.9962509999999995e-06 0.0 0.14538473 0.27408564 0.7989906
1 6.963578e-06 0.8478983 0.46173569999999997 0.9068056000000001 0.49259755
3 6.934242e-06 0.583345 0.68443155 0.9470826999999999 1.0
3 6.875699e-06 0.22171564 0.5776262 0.59991986 0.9246353999999999
5 6.828286e-06 0.26081353 0.43976882 0.5706922 1.0
8 6.759167700000001e-06 0.5726919 0.058308013 0.8449315000000001 0.31509832
8 6.7463657e-06 0.54021424 0.6994676999999999 0.8773069 0.9837753
8 6.7300534000000005e-06 0.38757792 0.49687454 0.42437187 0.52680933
2 6.614928999999999e-06 0.890834 0.44359717 0.95572364 0.49851626
9 6.5677305e-06 0.8867873 0.45826137 0.9399508 0.5060125
8 6.5546324000000005e-06 0.023038099 0.40759709999999993 0.0783597 0.44734627
9 6.2756485e-06 0.10431197 0.028961447999999997 0.44810376 1.0
3 6.207112e-06 0.31940246 0.5032177 0.68099856 0.81519365
3 6.111847e-06 0.35465315 0.2630179 0.6800728 1.0
13 6.1104492000000006e-06 0.56257427 0.6397045 0.94257057 0.99239075
13 6.0839075e-06 0.6323404 0.18971679 0.9558936 0.9557969999999999
13 6.076740999999999e-06 0.013720745 0.4215986 0.06030857 0.46897683
5 5.990910700000001e-06 0.16508678 0.43872765 0.48160222 1.0
8 5.978623e-06 0.39894843 0.5114917 0.44668543 0.5469031
9 5.918541e-06 0.27356383 0.40040028 0.92681444 1.0
8 5.917326e-06 0.009303585 0.5732831 0.21469004 1.0
8 5.8814917e-06 0.43552718 0.13625622 0.68204623 0.7043441
13 5.7239117e-06 0.41642806 0.38379179999999996 0.7582097 1.0
7 5.7181924e-06 0.84829384 0.44665370000000004 0.9136110000000001 0.50501066
8 5.662857299999999e-06 0.837347 0.53822166 0.88314813 0.5770254
4 5.594172999999999e-06 0.2646852 0.6624042 0.8401502000000001 0.9554488000000001
2 5.5840155e-06 0.26528215 0.4006453 0.8979906999999999 0.9542179000000001
8 5.525331e-06 0.0885631 0.4292311 0.13275295 0.4721193
12 5.5014599999999995e-06 0.11554688 0.0 0.50622255 0.6501840999999999
2 5.494427599999999e-06 0.05443351 0.10438559 0.32271826 0.88627434
3 5.4480790000000005e-06 0.41706640000000006 0.6009859000000001 0.5522931999999999 0.95872456
12 5.4137545e-06 0.028058901 0.0 0.38116777 0.67853904
8 5.4078970000000005e-06 0.40593237 0.49516943 0.44395924 0.52787864
11 5.3816775e-06 0.23196912 0.55577517 0.4909804 1.0
3 5.3770937e-06 0.8677509 0.43593119999999996 0.91226864 0.47747388
4 5.3222320000000005e-06 0.6210008 0.5085350000000001 0.66714257 0.55547875
8 5.2762557000000004e-06 0.7965906 0.44332057 0.93031734 0.7403827
6 5.2193595e-06 0.019046992 0.5903331999999999 0.624079 0.93141085
3 5.1430099999999996e-06 0.13428375 0.8085542 0.5517081 0.99159664
3 5.128607400000001e-06 0.33893245 0.57241976 0.7219613 0.93785214
6 5.096913e-06 0.27291816 0.76045686 0.6886049 0.96486676
5 5.0581293e-06 0.41050392 0.47252998 0.8379244 1.0
6 5.029299e-06 0.03628552 0.5228448 0.9069039000000001 0.9445246999999999
13 4.9340356e-06 0.0029361248 0.51326853 0.22096908 1.0
8 4.9285863e-06 0.6650904000000001 0.5998688 0.89576405 0.9766484000000001
8 4.7809625999999995e-06 0.794808 0.15313402 0.9343353999999999 0.68403405
7 4.7711783e-06 0.08599171 0.32609797 0.5283270999999999 1.0
7 4.763537e-06 0.009062767 0.05213798 0.48951238 0.9612724
13 4.7587664e-06 0.65133727 0.49253914 0.9376264999999999 0.98578626
8 4.7470907999999995e-06 0.84562504 0.51019007 0.8930179 0.55686915
10 4.6805919999999995e-06 0.11713438 0.0 0.36992258 1.0
3 4.6724585e-06 0.6520246999999999 0.34886205 0.9528597 1.0
8 4.6464092999999995e-06 0.033064187 0.33710313 0.16842799 0.5542600999999999
10 4.6402643e-06 0.04014439 0.42108002 0.08002215 0.47622707
1 4.6310205999999996e-06 0.0 0.58318377 0.46498984 0.90977097
13 4.5748097e-06 0.0 0.0 0.19169495 0.69874144
13 4.571135400000001e-06 0.539506 0.0 0.96765596 0.31431220000000004
10 4.5605057e-06 0.045192875 0.41530722 0.098206826 0.47682172
2 4.5355160000000005e-06 0.038608573 0.36232787 0.18674424 0.49976587
4 4.514516e-06 0.21792185 0.54750925 0.5923035 0.9305163000000001
8 4.426422e-06 0.74743474 0.16521174 0.91924894 0.77791595
11 4.400296e-06 0.88055485 0.450142 0.9098950000000001 0.50468934
13 4.390545e-06 0.37964514 0.51631546 0.42835918 0.55448925
7 4.2939237000000005e-06 0.0 0.061545115 0.35427088 1.0
9 4.2060774000000004e-06 0.061113372 0.0 0.39278270000000004 0.97338825
13 4.1882827000000005e-06 0.14566737 0.45460322 0.20959437 0.50223804
12 4.1416047e-06 0.26815796 0.0 0.6438861 0.74635166
13 4.1353859999999994e-06 0.3977487 0.6197226 0.5254411 0.8796444
13 4.063174e-06 0.85624564 0.47747687 0.92694604 0.5254829000000001
8 4.0476925e-06 0.57426494 0.15102993 0.8240101999999999 0.7403663
8 4.025743700000001e-06 0.021109216 0.012403319 0.1599645 0.16902316
8 4.006051799999999e-06 0.59860384 0.5140136 0.63969624 0.5543431
8 3.9676206e-06 0.08236395 0.8125901 0.39111698 0.96586037
5 3.9210495e-06 0.570945 0.44291103 0.8844584000000001 1.0
13 3.872088e-06 0.0 0.0019795483 0.17754576 0.1603363
13 3.8671747e-06 0.6510923000000001 0.00062951824 0.97559357 0.15858869
