3 0.9096723 0.6112536 0.5369043000000001 0.66993165 0.5898256
8 0.10913313 0.6066849 0.5324005 0.6767378000000001 0.58770996
3 0.056681875 0.45853084 0.51885056 0.49695402 0.5481077
3 0.024847021 0.4681085 0.5200395999999999 0.507872 0.5504879
8 0.01777233 0.4551163 0.51521796 0.49728540000000004 0.5512994000000001
3 0.013898856999999999 0.36563686 0.49478033 0.39883974 0.5270248000000001
8 0.012277551999999999 0.4645964 0.5171465999999999 0.5082185 0.55290604
8 0.0065880916 0.36413375 0.49724948 0.3977243 0.5306249
8 0.0044422895 0.3296437 0.49842376 0.3629413 0.5241922999999999
13 0.0031481321999999997 0.6137414000000001 0.5347581 0.6801417 0.5914146
13 0.0031453896999999995 0.5959179 0.5407738000000001 0.6589264 0.58801514
13 0.002462535 0.4524426 0.5175375 0.49292403 0.55546856
8 0.0023702818 0.53123397 0.5270632 0.56724197 0.55431265
3 0.002167694 0.32951558 0.49550140000000004 0.36492490000000005 0.52417547
3 0.0020091607999999997 0.5318196999999999 0.5251183 0.56830955 0.5535375
13 0.001478529 0.35806572 0.49391466 0.39946598 0.52779704
8 0.0013148275 0.40549752 0.4966207 0.44094506 0.5248236999999999
13 0.0011933325 0.46450177 0.5147586 0.50545335 0.55822086
8 0.0011617607 0.48242554 0.5212255 0.5255749 0.55215096
8 0.0010667775 0.372409 0.4957333 0.40579796 0.5273329999999999
5 0.0010549272 0.5762054 0.5456451999999999 0.654832 0.5833679
3 0.0009673272999999999 0.48313186 0.52116966 0.5288858000000001 0.55250853
13 0.00090217317 0.52390367 0.5153201 0.5739519000000001 0.5557046999999999
11 0.00086462084 0.6065556 0.53803426 0.643188 0.5910552
7 0.0008486135000000001 0.6172994 0.52866656 0.6823383000000001 0.59393847
7 0.00084368704 0.5859983 0.5316816 0.6510891 0.5916536
8 0.0008393414300000001 0.5602944999999999 0.53920484 0.59815073 0.57618487
3 0.00071257807 0.37408528 0.4937242 0.40675572 0.5273346
7 0.0006355022 0.6015219 0.5256122 0.6694159000000001 0.5967962
1 0.00063360983 0.5884296999999999 0.5508571 0.6465085999999999 0.5844229000000001
3 0.0005995357599999999 0.40873909999999997 0.49472338 0.4446919 0.52723604
3 0.0005651216999999999 0.5643716999999999 0.54580206 0.6026961999999999 0.57727575
13 0.0005420085 0.3267241 0.49036747 0.3670236 0.52694297
6 0.00052866875 0.58604896 0.5436759 0.67265964 0.5845665
2 0.00046528995 0.60287875 0.5333875 0.6624281999999999 0.5740579
2 0.0004572845 0.6268524000000001 0.5248357 0.687281 0.5862473000000001
8 0.00038453322 0.6142861 0.5599228 0.6615270000000001 0.5966735
10 0.00038210265 0.6359509 0.5247491999999999 0.6883832 0.5839496
7 0.00038159242999999995 0.44437286 0.51386774 0.49423715 0.5566571
1 0.0003770576 0.6192175 0.5532366999999999 0.6772053000000001 0.5894989
11 0.00037175610000000003 0.6185368 0.538267 0.65767723 0.5920188
5 0.00036592723 0.6068587 0.54637015 0.69161683 0.5922798
2 0.0003606232 0.4566423 0.5119819 0.5032029 0.5426161
9 0.00035821663999999995 0.63218594 0.53998727 0.69183826 0.58416873
2 0.00035704190000000003 0.6131281999999999 0.5293284 0.6796565 0.57721025
7 0.00033579182000000003 0.352696 0.49031985 0.39879298 0.5268474
6 0.00032902756 0.44412795 0.51923156 0.5043058 0.55139494
1 0.00032524872000000004 0.44458032 0.5204495 0.48956633 0.54883575
8 0.0003184956 0.39131513 0.49669915 0.429446 0.5260549
11 0.0003162487 0.6413293999999999 0.5323508000000001 0.68053424 0.59189755
8 0.00030009335 0.34644553 0.49855003 0.3843293 0.5265821999999999
1 0.00029794862999999995 0.35291955 0.49596632 0.3946881 0.52105635
8 0.00029774616 0.54366577 0.5260598000000001 0.5801951999999999 0.5566848000000001
5 0.00028503276 0.4400473 0.5258884 0.49224840000000003 0.5536726
2 0.00027868993 0.47193074 0.51086766 0.51438165 0.5454034999999999
4 0.00026571247000000005 0.63598037 0.53169036 0.69061875 0.5897251
12 0.00026498229 0.62138987 0.5383036999999999 0.6913619000000001 0.58285177
6 0.0002643209 0.61377704 0.5425337 0.7043896 0.5900249
10 0.00026162204 0.6018644000000001 0.5379914000000001 0.6598516 0.5834583999999999
3 0.00024774527999999997 0.6113481 0.52399963 0.6686122 0.5680259
9 0.00024727642000000005 0.61485785 0.5373256 0.6742366 0.5855871
13 0.00024278722000000002 0.36735424 0.48797749999999995 0.41214487 0.52807546
9 0.00022527327999999998 0.36463556 0.49425668 0.40464464 0.52832687
2 0.0002236108 0.36131543 0.48593113 0.40874028 0.5171816
1 0.00021716686 0.60371274 0.5533340999999999 0.6614755 0.5912097
11 0.00020350411 0.46324646 0.5119939 0.48874903 0.55361754
5 0.00020338163 0.34776476 0.50202024 0.39922002 0.52375513
7 0.00020213767 0.46199724 0.5155101 0.51171225 0.5568857
9 0.00019212313 0.6043245 0.53769416 0.6517058000000001 0.5873676999999999
4 0.00018470126 0.61525387 0.5351642 0.67588896 0.5888882
12 0.00016506136 0.6046458 0.53657085 0.66469675 0.5810365
1 0.00016347843 0.46010548 0.52145034 0.50366277 0.5494326
10 0.00016343332000000001 0.46405348 0.5122502 0.5024269 0.55245703
6 0.00016256643999999998 0.4581112 0.51724243 0.5229785 0.5524333
6 0.00016219652 0.35471684 0.49209622 0.4010507 0.52492815
8 0.00016185576 0.6074242 0.5249752 0.65674084 0.5690429
10 0.00014433399 0.6100145 0.52970475 0.67569274 0.58433014
5 0.00013904953000000003 0.45409054 0.52685326 0.51144916 0.5555193
3 0.00013789527 0.6168357 0.55926186 0.6681373 0.6100043
3 0.00013454825000000002 0.39338753 0.49442520000000006 0.43407843 0.5269634
3 0.00011978146999999999 0.34675926 0.49580482 0.3871547 0.5269305000000001
13 0.00011456371999999999 0.39878398 0.48861530000000003 0.44340974 0.52895135
10 0.00010751598 0.47987986 0.5093781 0.51759607 0.5535922
11 0.00010491587 0.36962223 0.49391806 0.39124572 0.5250576
9 0.00010290073 0.47355935 0.5202361 0.51594967 0.55380416
13 0.00010044530000000001 0.53594154 0.5152760999999999 0.5879976 0.55621797
3 0.00010015892 0.54489267 0.5252735 0.58538365 0.55713546
11 9.789329499999999e-05 0.47906873 0.5134435 0.50604826 0.55328816
12 9.5523894e-05 0.35996854 0.48849705 0.40428776 0.51914525
9 9.505401e-05 0.4599469 0.5179174 0.49844173 0.5532003000000001
12 9.109325000000001e-05 0.45187959999999994 0.51184595 0.5036183 0.54437834
13 8.625657e-05 0.47839934 0.5172886999999999 0.5224692 0.55909926
4 8.534767e-05 0.6030807 0.53784937 0.6552946 0.5829933
12 8.342641400000001e-05 0.46375340000000004 0.5114437 0.5166708 0.5476352
2 8.087711e-05 0.33274072 0.48723134 0.37855905 0.51861835
1 7.954770000000001e-05 0.32760578 0.4978804 0.3636468 0.52155125
7 7.8281875e-05 0.32524243 0.49018654 0.36705628 0.5235103
9 7.567164e-05 0.539706 0.52246183 0.5788425 0.5563887
5 7.165847e-05 0.32104640000000007 0.5032954000000001 0.371809 0.52560884
8 6.862756999999999e-05 0.3690018 0.5111017 0.40422928 0.54022396
8 6.792880600000001e-05 0.105691135 0.4795137 0.35938418 0.9028519
4 6.75535e-05 0.3716575 0.49282200000000004 0.4016534 0.5217696
1 6.318274999999999e-05 0.5237844 0.5224065 0.56832707 0.5468076999999999
7 6.308142e-05 0.5270424 0.51739603 0.5713823 0.5512915
9 6.145095e-05 0.33520746 0.49785754 0.37469345 0.5251739000000001
8 6.035251e-05 0.015155311999999999 0.38965875 0.09624991 0.49091673
8 5.696002e-05 0.55919427 0.52439725 0.59634405 0.5587318
2 5.5178178e-05 0.5362861 0.5126157 0.579667 0.54637635
6 5.3084323999999995e-05 0.3264616 0.49413505 0.37381172 0.5225835999999999
5 5.2380132000000004e-05 0.5190195 0.5291859999999999 0.574371 0.5519029999999999
10 5.0555733e-05 0.36546725 0.48633468 0.4045046 0.5290685
4 4.9125654000000004e-05 0.34574294 0.49604774 0.37399596 0.5216687
12 4.2867734e-05 0.3310347 0.48867708 0.37050512 0.5193985999999999
10 4.2712094e-05 0.33927929999999995 0.4884266 0.37456238 0.5260644
13 4.2550517e-05 0.3410789 0.49302644 0.385357 0.5269537
4 4.1567290000000004e-05 0.47714552 0.51785207 0.5124187 0.55084914
8 3.896619e-05 0.098872155 0.23757418 0.40196827 0.90961176
8 3.8049824e-05 0.021782354 0.5124310000000001 0.28587025 0.94484556
13 3.6523223e-05 0.5572583999999999 0.5440968 0.5952191 0.5856892
4 3.5752873e-05 0.45933938 0.51724726 0.49607462 0.54881394
10 3.370749e-05 0.54024404 0.5117109000000001 0.57866555 0.55493057
8 3.3696386e-05 0.6334820999999999 0.5363340999999999 0.6884308000000001 0.5851455
12 3.3592251999999996e-05 0.5304203000000001 0.5112972 0.57731974 0.5470311999999999
11 3.3409568e-05 0.34088436 0.49344608 0.36487743 0.52264357
6 3.296691e-05 0.52353793 0.5218337000000001 0.5809302 0.5510904000000001
3 3.290395e-05 0.37174454 0.5156097 0.41494372 0.54643756
2 2.7806946e-05 0.37596940000000006 0.48280209999999996 0.42257988 0.51996017
3 2.7649034999999998e-05 0.63143766 0.534161 0.6961991999999999 0.593491
7 2.7625963e-05 0.3656136 0.48882622 0.41671732 0.5263113
8 2.6989173000000002e-05 0.023675337 0.38664788 0.18356074 0.92789024
3 2.5748841000000002e-05 0.12156217 0.28648835 0.4584558 0.97014093
1 2.5332747e-05 0.39531204 0.495439 0.44169435 0.52004445
13 2.4757597e-05 0.070679456 0.33664453 0.40313790000000005 1.0
8 2.3557577e-05 0.60022336 0.5252669 0.6458294 0.5624627
13 2.281382e-05 0.0 0.3949512 0.3076193 1.0
13 2.2789863999999998e-05 0.55093473 0.51685345 0.6030986 0.55815816
13 2.2031278000000004e-05 0.38224322 0.4904611 0.42951090000000003 0.5291619000000001
8 2.1907528000000003e-05 0.6193288 0.5202904 0.6685565 0.56833845
13 2.1761794e-05 0.6034687 0.5199539000000001 0.6604038000000001 0.5689838
8 2.1104353000000002e-05 0.42007637 0.2873522 0.69872165 0.9005675999999999
9 2.0627693e-05 0.41491917 0.49574092 0.45230845 0.5265645999999999
8 2.0461704e-05 0.55891305 0.5044078 0.68898827 0.618102
3 2.0011388e-05 0.057236522000000005 0.63292897 0.49428728 0.99761677
1 1.9801895e-05 0.3687292 0.49748173 0.4075437 0.5235267
1 1.8912058e-05 0.47317377 0.52182144 0.51942587 0.5469456
9 1.8685905e-05 0.378157 0.49547526 0.42271772 0.52779704
2 1.7862529e-05 0.49023238 0.5124995 0.53148365 0.5452149000000001
4 1.7372739e-05 0.54477125 0.5218444 0.57657915 0.5485468000000001
8 1.7249284e-05 0.007286921 0.6853438000000001 0.29753017 0.9781918
8 1.6497902999999998e-05 0.23798159 0.060398802 0.7415229999999999 0.33128893
3 1.6466094000000002e-05 0.052131936 0.5585009 0.34696609999999994 1.0
13 1.6430275e-05 0.17471808 0.0 0.8542221 0.35390356
13 1.6236612e-05 0.022001386 0.5130157999999999 0.43742179999999997 1.0
3 1.6231284e-05 0.5594518 0.5249835999999999 0.60639 0.5599378
8 1.5283651e-05 0.64602345 0.23563656 0.9225003 0.9624978000000001
7 1.4975513000000001e-05 0.398389 0.48876545 0.44422343 0.5266345
11 1.4847648e-05 0.5441266 0.52040005 0.5677343 0.55141306
3 1.46529255e-05 0.57108253 0.54454774 0.61364275 0.58298963
13 1.4626938e-05 0.40226197 0.0 0.7762269 1.0
8 1.4620718500000001e-05 0.6297213 0.11789145 0.89020133 0.6678010999999999
3 1.3916412e-05 0.4490134 0.25520822 0.7657930000000001 0.98010755
9 1.3822291e-05 0.55367553 0.52168953 0.5943295 0.5583875
2 1.27863395e-05 0.40924203 0.48218137 0.45729452 0.51849216
7 1.2757546e-05 0.47858492 0.5178075 0.5262019 0.5557944
12 1.2473074e-05 0.40902376 0.48230034 0.4559073 0.51874954
8 1.2371532999999999e-05 0.042643093 0.14848182 0.26726398 0.7035869
8 1.223911e-05 0.586612 0.5390064 0.6318793 0.58271646
13 1.1902402e-05 0.0 0.0071262009999999995 0.5502895000000001 0.3420528
12 1.1763584000000002e-05 0.37213376 0.48568368 0.41781756 0.5199516
8 1.1672238e-05 0.33322453 0.23539242 0.6076083000000001 0.8538525
8 1.1536307999999999e-05 0.5177055 0.19296011 0.7968181 0.83924127
5 1.1527306e-05 0.39095435 0.50213635 0.44860467 0.5241252000000001
3 1.1476748e-05 0.6227597 0.5195981 0.6828773 0.5687938
5 1.1462048999999999e-05 0.47096094 0.52955556 0.5274187 0.55466634
13 1.1360423e-05 0.0 0.24018636 0.19689013 0.96212125
8 1.1279192e-05 0.38923287 0.7164085 0.83938575 0.9782634
13 1.1014460000000002e-05 0.48158264 0.0 0.8450538000000001 0.8761455
13 1.0528531e-05 0.0017355978 0.006304036999999999 0.35624304 0.9980665000000001
13 1.0420413000000002e-05 0.36512858 0.5154442 0.41060559999999996 0.5516084
6 1.0385544999999999e-05 0.36631417 0.49168608 0.42133868 0.5247403
10 9.917798e-06 0.49722794 0.513333 0.53470576 0.5521469
5 9.697764e-06 0.36070168 0.5025892 0.41963768 0.5256528
6 9.659067e-06 0.47427404 0.5206344 0.5389321 0.5503369
3 9.532915000000001e-06 0.42682672 0.69536984 0.9406179 0.9846014000000001
8 9.368691e-06 0.031437903999999996 0.16079025 0.21548691 0.9231716
13 9.319527e-06 0.39283824 0.0029694056 0.860842 0.16882566
13 9.263393e-06 0.59870684 0.5632982 0.66574347 0.6092258
8 9.2442715e-06 0.05719144599999999 0.052217096 0.54325294 0.3352776
7 8.7667095e-06 0.55291665 0.54292446 0.60684645 0.58428645
4 8.379926e-06 0.39146954 0.49311495 0.42014682 0.5256662
9 8.295811e-06 0.6236188 0.52220607 0.6734677 0.5616818
1 8.257494e-06 0.53475755 0.5205466 0.58347803 0.54864216
13 8.137084e-06 0.24174327 0.006170975 0.7028223000000001 0.16943555
1 8.0800155e-06 0.55026627 0.5496969 0.5942353 0.5774784000000001
9 8.0464815e-06 0.48979416 0.52267677 0.5305207 0.55420285
3 7.976265e-06 0.04583384 0.30675009999999997 0.38255006 0.9982924999999999
13 7.896197e-06 0.28418207 0.0073294914 0.6964716999999999 0.94655156
2 7.709879e-06 0.5646489 0.5361134 0.61086506 0.5760177
8 7.4228597000000005e-06 0.28227913 0.03202254 0.6070113 0.1609156
6 7.199721e-06 0.39936277 0.49558112 0.45266357 0.5236411
8 7.182560000000001e-06 0.35529238 0.49996266 0.61583585 0.9307136
8 6.997405e-06 0.25673532 0.37745634 0.7526401 0.8815101999999999
13 6.985790599999999e-06 0.0 0.37289062 0.099022835 0.50592715
8 6.890674700000001e-06 0.4248082 0.033364599999999994 0.75081736 0.16089635
8 6.869228e-06 0.03110686 0.10273759 0.15764460000000002 0.6372359000000001
3 6.8635935999999995e-06 0.3417487 0.2756132 0.6657841 0.8624495999999999
10 6.8417926e-06 0.3853404 0.4806246 0.42160569999999997 0.5296911999999999
3 6.698662e-06 0.5283711 0.2091146 0.8432392 0.87245244
5 6.5015247e-06 0.4470522 0.42135439999999996 0.7429420999999999 1.0
8 6.4024743999999996e-06 0.025843567999999997 0.34208099999999997 0.16165376 0.6027635
2 6.3604584e-06 0.55132914 0.512215 0.59694624 0.54741216
11 6.2874924e-06 0.49672440000000007 0.51649773 0.52232623 0.5531853
13 6.242085400000001e-06 0.14218335 0.28684688 0.5125274000000001 1.0
12 6.2318672e-06 0.48512056 0.5130184 0.53206116 0.54919535
13 6.2274535e-06 0.43263534 0.64912105 0.92234945 0.9868735000000001
8 6.0881243e-06 0.5345203000000001 0.31935316 0.83065575 0.9494186
11 6.0847024e-06 0.41908374 0.49284629999999996 0.44107488 0.52704287
1 5.960646e-06 0.33682954 0.4955090999999999 0.37888682 0.5187432
5 5.915211000000001e-06 0.10759057 0.38235820000000004 0.40674752 1.0
7 5.849507e-06 0.5396848000000001 0.5182137 0.58793676 0.5533272
8 5.841564e-06 0.5704973000000001 0.14945666 0.85469747 0.79281294
13 5.7412109999999994e-06 0.0 0.0 0.27788696 0.71125746
3 5.610131e-06 0.017978251 0.40880352 0.10597391 0.5187805999999999
1 5.4804635999999995e-06 0.37685367 0.49360895 0.42466792 0.517727
3 5.466507e-06 0.05451937 0.7239941999999999 0.3763551 1.0
8 5.29899e-06 0.53506243 0.71215695 0.8942075999999999 0.9761569
3 5.2400055e-06 0.35662675 0.48989576 0.7075639 0.9606566999999999
13 5.2213779999999995e-06 0.6282147 0.0 0.95000947 0.89152175
8 5.1972493e-06 0.26633507 0.2524355 0.5358480999999999 0.85800683
13 5.139188e-06 0.003500387 0.6333310999999999 0.31605120000000003 0.9925188
8 5.128567400000001e-06 0.5842921 0.100005016 0.8590209999999999 0.5149467000000001
3 5.1083199999999996e-06 0.58756346 0.54118353 0.6482651999999999 0.5864859
5 5.0616923e-06 0.334027 0.5035590999999999 0.3869232 0.52565587
13 5.0574813e-06 0.32893002 0.37062059999999997 0.69445574 1.0
5 5.0574054e-06 0.10903549 0.61052436 0.37463483 1.0
11 4.9915902e-06 0.38862386 0.49112982 0.41268632 0.5263076999999999
8 4.957765e-06 0.5119585999999999 0.035532407 0.8325635 0.16301392
10 4.9041955e-06 0.41735402 0.483518 0.45824042 0.5261521
13 4.770526e-06 0.37886912 0.0 0.89988333 0.48075098
6 4.674437e-06 0.5529970999999999 0.5505603 0.6091771 0.58000076
9 4.6172136e-06 0.35018775 0.49440357 0.389092 0.52685136
5 4.5298325e-06 0.53241754 0.52943397 0.5904659000000001 0.55243164
3 4.505805e-06 0.15144576 0.4591402 0.52570516 0.94727945
8 4.494916e-06 0.56864184 0.5224869000000001 0.60351235 0.557462
13 4.4038315999999995e-06 0.55318797 0.0 0.94814646 0.48876974
10 4.3762934000000005e-06 0.57777053 0.54045236 0.61627585 0.585076
3 4.3672135e-06 0.5773703 0.52529365 0.70654607 0.6209969
3 4.2347006e-06 0.29058677 0.090727 0.9345041 0.32683647
7 4.22103e-06 0.6123553 0.515463 0.66490716 0.56169033
10 4.219812e-06 0.5568618000000001 0.51156396 0.5951105 0.5551983
13 4.2146375999999994e-06 0.5388771 0.0 0.9585382 0.31109452
11 4.128041e-06 0.5725081 0.5417877 0.6004493000000001 0.58222395
8 4.1170038e-06 0.043925599999999995 0.06500285 0.28911167 0.5090392
1 4.0756827e-06 0.6044837 0.5181077000000001 0.6599765000000001 0.55219483
8 4.0708037e-06 0.4116351 0.08906076 0.7722414000000001 0.45972267
12 4.0248824e-06 0.61543876 0.50970155 0.6735279000000001 0.55324167
8 3.957237399999999e-06 0.6999988 0.14304742 0.9063073 0.86153257
13 3.952228e-06 0.54023385 0.51054317 0.70708275 0.6390017
8 3.926264e-06 0.56647635 0.055403586 0.8494427 0.31424242
4 3.7367479e-06 0.42126122 0.49839908 0.44953486 0.5227440999999999
9 3.7330233e-06 0.3985512 0.49505648 0.43382773 0.5273248
6 3.728985e-06 0.33881217 0.49367120000000003 0.39264786 0.52011997
13 3.5402359e-06 0.19548604 0.2088777 0.8646078000000001 0.89251727
12 3.524155e-06 0.545751 0.51028264 0.5918386 0.5485969
8 3.5060866e-06 0.30493572 0.14973317 0.57961285 0.7069173000000001
8 3.4780746e-06 0.14455935 0.15119149 0.43184736 0.6972616
5 3.4390213999999997e-06 0.022871956000000002 0.63946015 0.28614783 1.0
13 3.4020156000000005e-06 0.5660344 0.5434614999999999 0.6085946 0.5871135000000001
3 3.3035500000000003e-06 0.029722667999999997 0.47595329999999997 0.21927458 1.0
5 3.2815647000000003e-06 0.5464769 0.5507745 0.60013705 0.57992333
13 3.2775768e-06 0.0 0.0 0.16736189 0.6185143
3 3.1684692000000003e-06 0.26357317 0.33539486 0.88324213 0.92365086
5 3.1201802999999995e-06 0.29942882 0.12402761 0.8845426 0.32676443
13 3.0700957999999996e-06 0.212419 0.0 0.72772694 0.49061146
2 3.0648528e-06 0.3502126 0.48782212 0.39409378 0.51682895
5 2.9565862999999996e-06 0.066326395 0.11905738 0.5630501 0.31773140000000005
10 2.9496196000000005e-06 0.35328805 0.49015316 0.38984287 0.5238307
7 2.918482e-06 0.33858612 0.4901497 0.3803198 0.52614033
13 2.8290657999999998e-06 0.48931703 0.26994142 0.83786964 0.9865716999999998
3 2.8153368e-06 0.038915843 0.24342085 0.30411774 0.76531726
8 2.8140307e-06 0.21076035 0.43432316 0.49568385 0.9327091000000001
12 2.7727787999999997e-06 0.5619704000000001 0.53870106 0.6120083000000001 0.57444876
9 2.7668830000000003e-06 0.5692706 0.54959005 0.6083698000000001 0.58274186
7 2.6604827999999996e-06 0.3816087 0.48847273 0.42699309999999996 0.5275444
3 2.6566015e-06 0.5659134 0.5543170999999999 0.95581216 1.0
7 2.5990395999999997e-06 0.5985918 0.5649307 0.6614305 0.61757755
1 2.5987439999999997e-06 0.54671043 0.5186229 0.60010606 0.5490124
3 2.5325899e-06 0.11498499 0.08504478 0.6990954 0.3397921
2 2.5102568e-06 0.3943875 0.48354203 0.44294187 0.51568234
3 2.5026893e-06 0.6672786 0.19908625 0.96165735 1.0
13 2.4975807000000003e-06 0.021646142 0.0053692296999999995 0.45546099999999995 0.16811942
9 2.47666e-06 0.31552179999999996 0.0 0.9086542 0.40342036
9 2.4765816e-06 0.5675159000000001 0.5202548 0.61021537 0.56097984
5 2.4077102999999995e-06 0.34502208 0.38508204 0.6733136 0.94840324
13 2.4051284999999997e-06 0.0 0.49531320000000006 0.22306967 0.9945388000000001
4 2.3952482e-06 0.4963088 0.5196207 0.52884674 0.5483536999999999
10 2.385815e-06 0.6221352 0.5110706 0.66820735 0.55444187
13 2.341051e-06 0.6455509 0.0 0.9774838 0.15219286
5 2.3387881e-06 0.37479264 0.5041738 0.43250138 0.5259395
8 2.3226257e-06 0.07815781 0.02363418 0.39223906 0.16562647
