3 0.9632031999999999 0.96401894 0.4643107 0.9978037000000001 0.58629495
3 0.9432212999999999 0.506382 0.43727475 0.53459847 0.4780585
3 0.9058391 0.5698637 0.43894127 0.6219137 0.5060653
8 0.872057 0.09596296 0.41378513 0.22849487 0.50146097
3 0.8621972 0.62149066 0.44076058 0.6562925999999999 0.49070835
3 0.82893044 0.31255847 0.43662968 0.34553665 0.473175
3 0.82669115 0.0030585937 0.4794825 0.06369758 0.5187319
3 0.67385864 0.55092317 0.43095693 0.58437926 0.47883257
3 0.63733804 0.55505913 0.4326505 0.60713345 0.48779929999999994
3 0.6205295 0.35363197 0.4321567 0.38131129999999996 0.46340507
