3 0.9804646 0.8445459000000001 0.4300771 0.99634963 0.60024434
3 0.978783 0.18833554 0.4308943 0.24868336 0.5194633
3 0.97148615 0.004293442 0.37411538 0.19840048 0.5696805
3 0.9463094000000001 0.3031342 0.4340036 0.3379581 0.47882179999999996
3 0.91313004 0.40335804 0.43324676 0.46364540000000004 0.5028762
8 0.8614139000000001 0.48684484 0.25118616 0.7979073 0.6280654
3 0.8592376 0.80370003 0.42569396 0.9005286 0.5036537999999999
3 0.80489564 0.45088658 0.42895420000000006 0.49256286 0.47502884
6 0.68720764 0.48345593 0.2409703 0.7898109999999999 0.6370633000000001
3 0.6684638 0.24809803 0.4162857 0.29121345 0.49126000000000003
3 0.53473 0.36859423 0.43925124 0.39327097 0.47059357
3 0.4941975 0.3443481 0.43957877 0.37067849999999997 0.47024244
3 0.45630738 0.37255603 0.43514890000000006 0.39915264 0.46960749999999996
8 0.39141935 0.24663013 0.41158321 0.29380602 0.49155822
3 0.37699825 0.33897012 0.43802205 0.36401922 0.46991578
3 0.36272213 0.44562596 0.4215639 0.48135293 0.470091
3 0.35853103 0.35163490000000003 0.43636724 0.37773308 0.46763453
