3 0.994541 0.47491962 0.5439863 0.5682345999999999 0.6675251999999999
1 0.9891244 0.17135745 0.5234810000000001 0.21301141 0.71129084
3 0.94274646 0.69567 0.5569614 0.7399814 0.6271539
3 0.93582594 0.7205755 0.5612361 0.7841769000000001 0.6525536999999999
3 0.9308179 0.230287 0.5217946 0.47501725 0.82160455
3 0.8038974 0.58288723 0.54163873 0.6182901 0.5887121999999999
3 0.77788645 0.7759339 0.5483579000000001 0.94973654 0.74830323
3 0.7380388000000001 0.6735594 0.5472799 0.69896746 0.58466214
3 0.5511946999999999 0.68331456 0.55014974 0.7029451 0.5918964
3 0.539213 0.7802444000000001 0.5543798000000001 0.82919437 0.6254799
3 0.50457144 0.6668113 0.5455085999999999 0.6883823 0.5811901999999999
10 0.47422972 0.704447 0.42360502 0.7143257 0.4595247
3 0.460329 0.7065999 0.5559715999999999 0.7714321 0.6415746999999999
8 0.34947696 0.77492166 0.5516758 0.9477681 0.7579306
1 0.33326350000000005 0.35879698 0.48971477 0.3714467 0.5205455
