3 0.80502653 0.026320048 0.0555788 0.16060671 0.4245429
3 0.65948033 0.0035659708 0.07370072 0.12103006 0.5126227
3 0.42439899999999997 0.02325464 0.0 0.15873748 0.58771974
3 0.3261809 0.010006577 0.08672149 0.18837462 0.48796073
3 0.23091388 0.038266352999999996 0.00981303 0.19910416 0.37711823
3 0.15706986 0.033909217 0.07671189 0.23762636 0.42185274
8 0.14815502 0.01130347 0.047168255 0.08213191 0.55418223
8 0.120153725 0.118320934 0.024242427 0.28007507 0.41423768
8 0.11418461 0.020180333 0.0 0.14162263 0.47837585
3 0.111396335 0.033242553 0.06244964 0.19409302 0.9134260000000001
3 0.10610326 0.056403175 0.14628783 0.29819018 0.48120806
3 0.07444925 0.13835026 0.11991993 0.38782787 0.40639317
8 0.07310858 0.0073994583999999995 0.0 0.11379637 0.37296787
8 0.056052998 0.015254691 0.0 0.20665847 0.41781579999999996
3 0.054465099999999995 0.0 0.17740743 0.11819011 0.64746565
8 0.053132482 0.013889752 0.0 0.195983 0.69006574
3 0.04752771 0.13199654 0.096031666 0.29659864 0.43501055
8 0.0464676 0.0 0.51515603 0.566393 0.97236276
3 0.04545356 0.10924816 0.6573265 0.8229834 0.97389317
3 0.042266887 0.05224915 0.043839004 0.30896032 0.3941849
8 0.03975306 0.08289307 0.448033 0.7554327 0.93950707
8 0.03378425 0.113065585 0.0 0.35992992 0.38868195
3 0.031874407 0.18175781 0.069381714 0.4293505999999999 0.34783146
3 0.03103091 0.06676285 0.18170908 0.34779614 0.9043450000000001
8 0.030433595 0.028808855 0.066971794 0.15619808 0.38220984
3 0.024997791000000002 0.04179743 0.6739634 0.41080123 0.9701508
3 0.024384929 0.2723257 0.5933093 1.0 0.9277699
3 0.024219945 0.19795302 0.5456554 0.69400525 0.9350199
7 0.024097933 0.0 0.0 0.11449553 0.44433606
3 0.023419508999999998 0.17487355 0.21899316 0.6318256 0.9479588
8 0.022809189 0.0 0.0 0.28357422 0.37098128
8 0.021051714 0.0065392554 0.36827245 0.4649068 0.96697414
3 0.020596838 0.027888193999999998 0.013253151999999999 0.18508139999999998 0.22412851
9 0.020461835 0.0041430444 0.0 0.12474009400000001 0.42201874
8 0.02003218 0.030754477000000002 0.087903835 0.28641453 0.40924427
7 0.019516116 0.0 0.0 0.09841658 0.6931020999999999
8 0.01924847 0.013822235 0.0421221 0.26046990000000003 0.95911354
12 0.018925285 0.007924311 0.0 0.11022705 0.41422787
8 0.018534793 0.11889249 0.44828406 0.29429436 0.9740378000000001
8 0.01779405 0.08075294 0.015511513000000001 0.39495546 0.9760851
3 0.017483099999999998 0.27998742 0.28264576 0.8449633 0.9227901
4 0.015828671000000002 0.0 0.0 0.11206630000000001 0.3681497
4 0.015736533 0.0 0.028103802 0.076111846 0.5048072
13 0.015675943 0.0 0.012035078000000001 0.077140786 0.5829641999999999
3 0.015528378 0.17786562 0.08109375 0.33882725 0.45554364
8 0.014506435 0.06268424 0.5783949 0.38332367 0.8856891
8 0.014455217 0.286525 0.47671074 0.8734138000000001 0.9501152
8 0.013559408500000002 0.056549042 0.6091352 0.79175115 0.9752368
8 0.013346868000000001 0.094338536 0.19198592 0.5355977 1.0
8 0.013099294 0.0 0.0 0.26630756 0.57853806
3 0.013093407 0.33660248 0.5118615 0.8902568999999999 0.8929140999999999
3 0.013027335 0.13235535 0.61813337 0.5276270000000001 0.8712062
8 0.012734146000000002 0.0 0.61856323 0.27227664 1.0
3 0.012688615 0.08145927 0.26761308 0.46699017 0.87395465
11 0.012580791499999999 0.00732632 0.08020390599999999 0.08165008 0.63406646
4 0.012532951 0.0 0.11725036 0.10820415 0.5099839
2 0.012454493 0.0 0.0 0.12129366400000001 0.41547003
13 0.012346021 0.0 0.04445373 0.1096798 0.40201876
3 0.012308251000000001 0.12341255 0.12365516 0.54761213 0.77455705
8 0.012226932 0.07368946 0.49894932 0.23563915 0.97933984
10 0.012152927 0.0 0.021110535 0.13668361 0.40333995
3 0.012137262 0.5058997000000001 0.65772283 0.8286111999999999 0.94618416
3 0.011906395 0.3436967 0.66448903 0.784305 0.93904716
6 0.01180215 0.0 0.16017991 0.117043704 0.54364884
5 0.01179545 0.035619125 0.025559174 0.30586420000000003 0.36924565
6 0.0116378525 0.0 0.050370164 0.08447078599999999 0.568455
7 0.011525733 0.0 0.07057031 0.12232125 0.7932526
6 0.011308394 0.0 0.06643205 0.114273086 0.39163600000000004
2 0.011285091 0.0 0.0 0.25538537 0.30010143
1 0.011131677 0.0 0.015442146 0.10893175 0.41072813
3 0.011026051 0.011938773 0.027212938 0.13319683 0.24269404
13 0.010865035 0.0 0.1608061 0.09716974 0.7371656
8 0.010787921 0.12811397 0.477799 0.39441925 0.95207053
8 0.010689178999999998 0.051317573 0.010708677 0.32524076 0.32954422
3 0.010527176000000001 0.0013499111 0.33638376 0.13142642 0.77707964
3 0.01044721 0.054478794000000004 0.062706605 0.3935598 0.5318666999999999
9 0.01041211 0.011544771499999999 0.0 0.09339376 0.61839134
3 0.010229627 0.20815125 0.40828434 1.0 0.8618963
5 0.009837433000000001 0.013145585 0.03535395 0.13435273 0.41460280000000005
12 0.00967339 0.0057052859999999995 0.0 0.08613403 0.7076698
3 0.0095842015 0.074608564 0.38534 0.58944535 0.9392091999999999
13 0.0094291 0.0 0.13809916 0.12419013 0.5677933000000001
2 0.009346755 0.0010423884 0.04069437 0.23198974 0.39191672
6 0.00920253 0.0 0.17825887 0.09759459 0.740633
7 0.009148193 0.0 0.05956973 0.316678 0.44728866
8 0.009063854 0.33451125 0.17964312 0.8494139 0.95168465
8 0.008826252 0.25136954 0.17136367 0.6117557 1.0
3 0.008774636 0.71388614 0.60125 0.9433484000000001 0.9377025999999999
3 0.008508399 0.41880184 0.4838206 1.0 0.889971
1 0.008265762 0.0 0.0 0.070875935 0.6694074999999999
2 0.0081864735 0.0 0.06594554 0.11768222 0.64036983
11 0.008153615999999999 0.0021291897 0.1274365 0.12729849999999998 0.57339066
1 0.008088892 0.0 0.0 0.21031931 0.4189549
8 0.008039483 0.012535755 0.23282070000000005 0.11553541 0.62740636
8 0.007835591 0.0 0.021634625 0.16445443 0.2135516
8 0.007565718000000001 0.22024338 0.50346076 0.42943484 0.9893006999999999
3 0.007387268000000001 0.05444315 0.02120477 0.2719229 0.21274196
3 0.0072715272999999995 0.06500623 0.5904041 0.43144742 0.8262933000000001
1 0.007256695 0.0 0.0 0.14295986 0.59767896
9 0.007123472 0.007374576999999999 0.0 0.14498559 0.628609
8 0.007116933000000001 0.14099512 0.004875766 0.6418675 0.98370534
8 0.007047884599999999 0.064190105 0.012936698 0.22316809 0.48515463
3 0.0070283934 0.14362442 0.49472040000000006 0.34458423 0.9164595
8 0.0070045064 0.0 0.5257010999999999 0.31019753 0.84591824
8 0.006845581 0.14801286 0.027883317 0.34716415 0.57260525
3 0.006828178000000001 0.5420815999999999 0.6443126 1.0 0.94475174
8 0.0068238940000000005 0.18361033 0.3494828 0.38005966 1.0
5 0.006799168 0.058519945 0.14409860000000002 0.35732877 0.46871525
8 0.0067940466 0.016978137 0.21169133 0.16603276 0.5117955
2 0.006767698000000001 0.0 0.0 0.07808403 0.68448955
8 0.0066541214 0.7014635 0.5857766 0.8830380999999999 0.9817783999999999
11 0.0066392794 0.0 0.24816513 0.19051774 0.5553748000000001
3 0.006548555 0.31540830000000003 0.58382815 0.7491309 0.8150708999999999
2 0.006452588 0.010787218999999999 0.099528566 0.31020057 0.46505648
11 0.006413951 0.0016573481 0.20559889 0.093218505 0.7499099
3 0.006380313 0.12826209 0.023332237999999998 0.596246 0.32440922
9 0.006373754000000001 0.0 0.012595428 0.28775713 0.34903628
3 0.006367178 0.008294359 0.3413116 0.10031663 0.961282
7 0.0063586715 0.0 0.011113339 0.20842534 0.39750427
7 0.006289131 0.0 0.0 0.14640394 0.60936135
8 0.006272973 0.23609073 0.5151207999999999 0.6050412 0.8500306999999999
9 0.006236425 0.0070965590000000005 0.08278759599999999 0.11929704 0.5752265000000001
11 0.0061760815000000005 0.00644961 0.042071104000000005 0.13669507 0.41005245
5 0.0060089137 0.050280495999999994 0.049890704 0.27825582 0.53161126
3 0.0059541794 0.45057458 0.33198708 0.88372463 0.9027746999999999
3 0.005895749699999999 0.34670209999999996 0.22401339 0.6882154 0.8655377000000001
4 0.005845141999999999 0.0 0.17842074 0.08906447 0.69273597
1 0.0057742884 0.0 0.0 0.100477725 0.7496512
1 0.0055615404 0.0 0.009756592 0.1570332 0.32346457
11 0.0055222637 0.0016120374 0.17996441 0.21009876 0.6270445
4 0.005488749 0.16921034 0.65848213 0.8798461999999999 0.9920485000000001
8 0.0054883747 0.13266721 0.053264193 0.4547675 0.36585575
8 0.0054585077 0.5726951 0.24402113 0.94236654 0.9835875
8 0.005328788399999999 0.47910920000000007 0.6169277 0.70882714 0.9851806999999999
4 0.005318936999999999 0.0020784660999999998 0.052398365 0.16219917 0.39126253
8 0.0053001596 0.0054035559999999995 0.39264899999999997 0.19025189 0.9831686
7 0.0052609946999999995 0.0 0.13214745 0.17912526 0.67504185
7 0.005146669699999999 0.09877322 0.0 0.32339397 0.53848225
5 0.005075618 0.023955792000000004 0.05207341 0.18872362 0.37151185
3 0.0050596213 0.03584814 0.4638781 0.28286755 0.94522214
12 0.0049797087 0.0045499243 0.046469107 0.11952548 0.58034396
1 0.004897805999999999 0.090637706 0.0036812888 0.26078182 0.4785108
12 0.004885171 0.14885009999999999 0.0 0.27573144 0.54395187
9 0.00487625 0.0267834 0.010038985 0.26098612 0.47972479999999995
5 0.004872517 0.00197592 0.029315313 0.1013882 0.7283911999999999
10 0.0048712944 0.0062529445 0.14106984 0.1379403 0.57091355
5 0.004785487 0.044576578 0.06992539 0.23776749 0.41389728
2 0.004699469 0.0014770329000000002 0.16106406 0.18226725 0.6029321999999999
3 0.0046663783 0.53012836 0.17518756 0.9270995999999999 0.9205401
11 0.004563215 0.020887867 0.05798475 0.16058414 0.5832285
3 0.0044983467 0.020589367 0.63005275 0.271442 0.8852959
6 0.0044851974 0.0 0.08891371 0.36721867 0.39069065
8 0.004469821 0.49423984 0.44633803 0.9683299000000001 0.92935616
3 0.0044070804 0.098773174 0.5429549 0.2899138 0.92927074
1 0.0043666763 0.0 0.06817611 0.30538642 0.47210842
1 0.0043498040000000005 0.0 0.0 0.16764149 0.7440312
3 0.0043026065 0.08758355 0.048171595 0.32116172 0.22603494
8 0.0042835734999999995 0.11198955 0.7345121 0.304615 0.9768588
2 0.004196513 0.09924291 0.0 0.25335068 0.47625637
13 0.004183325 0.0 0.040349986000000004 0.17346305 0.7408225
7 0.004177414 0.0 0.16659223 0.24170896 0.5523358
3 0.0041289083 0.19401215 0.5494243000000001 0.43341875 0.90631455
1 0.0040926514 0.03907399 0.038208578 0.37569755 0.39748064
4 0.0040628007 0.30454275 0.561662 0.9497856 0.95718277
10 0.0040563107 0.004315257 0.0859679 0.21679562 0.36365536
3 0.0040525906 0.4939781 0.34829733 1.0 0.82454556
6 0.0040451945 0.0 0.1290145 0.3213429 0.46183354
3 0.004042200300000001 0.5054717000000001 0.53540015 0.73664033 0.91344684
6 0.003979288 0.0 0.19736187 0.14902572 0.64372265
8 0.003955197 0.069760755 0.31975338 0.3632788 0.98670155
8 0.003931743 0.0 0.18468039 0.51469857 0.7761839
10 0.0038905153000000003 0.0 0.051057577 0.18155739999999998 0.5403088
10 0.0038884328999999997 0.0042915083 0.0055628885 0.08559019999999999 0.68656254
6 0.0038595015999999998 0.10330117 0.088914014 0.28585908 0.50276774
12 0.0038347195 0.018757723 0.0 0.14692828 0.51747143
3 0.0038071775 0.31151122 0.79040563 0.76965016 0.9647252000000001
8 0.00374952 0.5562173 0.59719545 0.93938863 0.9705427
1 0.003746711 0.0 0.14259845 0.09279311400000001 0.7019698
4 0.0037439826 0.0 0.66043574 0.7119843000000001 0.99865425
13 0.003645908 0.03748831 0.122111455 0.24960491 0.47967285
8 0.003642721 0.009666871 0.3686195 0.08275971 0.9550685999999999
8 0.00358622 0.67629045 0.34207898 0.87602836 0.970239
8 0.0035754746999999997 0.5288004 0.45631537 0.7313991 0.9893044
3 0.0035667211999999998 0.26871747 0.6865392 0.59739614 0.95411056
2 0.0035079394 0.054096892 0.03234756 0.32286668 0.40554994
7 0.0035021367999999997 0.0 0.10230260000000001 0.16616735 0.47632286
9 0.0034978683 0.0 0.027234674 0.20245378 0.44646009999999997
13 0.0034704339 0.121572584 0.045916293 0.27517420000000004 0.44676548
5 0.0034569340999999996 0.004840731599999999 0.13754483 0.14697467 0.5847326
6 0.0034257271000000004 0.0 0.095863275 0.17011315 0.36024085
9 0.003398712 0.122890204 0.026756817000000002 0.27834833 0.4238606
3 0.0032970129999999997 0.1237787 0.7527524 0.38966078 0.9739154000000001
8 0.0032906746 0.06082186 0.19723122 0.7582810999999999 0.82154274
4 0.0032772215 0.006359599499999999 0.15291712 0.17667556 0.5061454000000001
1 0.003274229 0.12199194 0.0 0.33767745 0.45099333
3 0.003257843 0.10302596 0.042720437 0.59937257 0.4815705
8 0.0032455203999999997 0.29224490000000003 0.6234821 0.6089926999999999 0.9873084999999999
3 0.0032415376000000003 0.2563894 0.551245 0.48415318 0.8971585999999999
7 0.0032097585 0.0009231120300000001 0.0 0.1895744 0.80664074
3 0.0031891163 0.22814754 0.048288599999999994 0.48595175 0.31144163
8 0.0031801335999999997 0.7416678000000001 0.40437929999999994 0.9295868 1.0
12 0.0031238187 0.011094034 0.0 0.26724613 0.35674366
8 0.0031009584 0.43476024 0.2589855 0.7983097 1.0
10 0.0030920575 0.024255678 0.15754433 0.30866736 0.40553337
8 0.003071376 0.0 0.0 0.48768973 0.33598933
7 0.0030693982 0.0 0.0 0.3831665 0.41889432
8 0.002931945 0.0 0.09479478 0.38520622 0.6944888000000001
8 0.0028833186 0.33467709999999995 0.0 0.6826445 1.0
11 0.0028613051000000002 0.13285197 0.03076793 0.27167052 0.45203862
7 0.0028471602 0.0 0.11771112 0.41628623 0.49593326
3 0.0028208390000000003 0.30722773 0.58155674 0.52665913 0.91379863
11 0.0028121907000000002 0.056015477 0.13157724 0.28280824 0.49507502
8 0.0028079508000000003 0.39286336 0.0 0.91927207 0.84371346
3 0.0027918364 0.5401185000000001 0.53565246 1.0 0.8039466
5 0.0027188254 0.039011277000000004 0.16390999 0.23112813 0.5157503999999999
3 0.002710122 0.024248733999999997 0.65270644 0.19204806 0.93790424
13 0.0026818584 0.0 0.12040479 0.21386912 0.41858244
9 0.0026583655 0.009501226 0.100958586 0.09890169 0.74993926
4 0.0026558073999999997 0.2756127 0.36288387 0.9754046000000001 0.9448384
4 0.0026375982 0.046768300000000006 0.102855735 0.26347706 0.450528
3 0.0026228372 0.011127092 0.45354453 0.13708359 0.93850785
5 0.0026198793 0.014402576 0.027207957999999997 0.16901958 0.64306116
3 0.0025917438 0.09144299 0.8057711 0.46019357 0.97565037
8 0.002547667 0.02137255 0.0056840247 0.23154041 0.22003620000000002
6 0.0025433204 0.0 0.11156424 0.18136960000000002 0.50285405
5 0.0025391243 0.11630571 0.005961153 0.3102121 0.59049624
4 0.002515174 0.12113409 0.5280464 0.6206705 0.95977986
2 0.0025118557 0.0019057170000000001 0.0 0.15134212 0.7942861999999999
10 0.0024868727 0.070058726 0.09412637 0.29516542 0.46843782
8 0.0024807523000000002 0.07799771 0.0010616911999999999 0.27366486 0.22315428
8 0.0024501341 0.30610013 0.47567987 0.49751043 0.99593884
4 0.002442651 0.0 0.6511180999999999 0.3447066 0.9819106
4 0.0023892946 0.0 0.06317065 0.20937937 0.31813985
11 0.0023304906 0.0035617948 0.11348555 0.32818893 0.349116
9 0.0022609488 0.14893371 0.0 0.36522442 0.4203272
4 0.002255705 0.35799885 0.24387611 0.7142447 0.9354582
8 0.002239656 0.0 0.5493906 0.19410822 0.8795946
11 0.0022376848 0.0 0.29483190000000004 0.12310713 0.6647986
11 0.002236769 0.00890591 0.115397125 0.21430618 0.42620173
7 0.0022351453 0.0 0.0 0.18234298 0.2426221
8 0.0021934255 0.29475385 0.78889287 0.6170404 1.0
8 0.0021910889 0.70912665 0.18617906 0.97648865 0.9189716
9 0.0021685644 0.016103745 0.13495687 0.32575792 0.45621353
8 0.0021634456 0.09505634 0.7988395 0.34453213 0.9873759
10 0.0021541212 0.06770259 0.21543634 0.3740819 0.45617595
13 0.0021473686 0.1712629 0.067572914 0.31530786 0.48581648
4 0.002146106 0.19337806 0.523125 0.36560574 0.9471748999999999
3 0.00214167 0.15561098 0.17410932 0.8363562 0.6937769
3 0.0021407064 0.12759688 0.4403932 0.47814140000000005 0.91614586
10 0.0021185768 0.0043274609999999995 0.14403802 0.2263528 0.49792588
4 0.00211227 0.23454258 0.23659416 0.59923613 0.9624620999999999
12 0.0020803595 0.19837922 0.0141796535 0.32230693 0.5521977
4 0.0020779304 0.47957277 0.6722243 0.7562926999999999 0.99145967
1 0.0020751732 0.11189689 0.0034465790000000004 0.42058218 0.33318993
13 0.0020652714 0.024535968999999998 0.09802903 0.2732272 0.33205044
2 0.0020437804 0.005137861 0.0 0.3572257 0.28462195
8 0.0020398425 0.004063733 0.6313871 0.13578251 0.9360130999999999
3 0.0020197239 0.6954551 0.09604064400000001 1.0 0.84637177
3 0.0020165179999999997 0.22892073 0.048443846 0.75580645 0.35264376
4 0.0019893574 0.7277603 0.62669003 0.8979323 0.9428196
6 0.0019788404 0.06379019999999999 0.10125417 0.32811654 0.559656
7 0.0019762670000000003 0.15378323 0.0 0.3679717 0.5909255
2 0.0019669791000000002 0.14456347 0.0 0.32274590000000003 0.43952778
5 0.0019627777 0.11632745 0.08037601400000001 0.43646687 0.46429697
6 0.0019013235999999999 0.12240925400000001 0.7482310000000001 0.87570477 1.0
9 0.0019003619 0.044747353 0.030517697000000003 0.3890734 0.34407616
4 0.0018938063000000002 0.10257742 0.45548683 0.85890234 0.9571065999999999
5 0.0018928678 0.09109463 0.0 0.36319596 0.5171382000000001
3 0.0018890204 0.63977385 0.52028644 1.0 0.9078166999999999
3 0.0018604373 0.8669625 0.005080554 1.0 0.37305015
3 0.0018461136 0.37152803 0.48044544 0.59625494 0.89968914
8 0.001840535 0.8470343000000001 0.35530844 0.98293716 0.8009774000000001
10 0.0018364362 0.045284025 0.18609332 0.28552859999999997 0.525058
3 0.0018276235 0.016964212 0.40412587 0.19156985 0.95406044
13 0.0018186781 0.012225403999999999 0.1913308 0.32986176 0.46781683
7 0.0017897441 0.0 0.6647401999999999 0.7421234 1.0
3 0.0017882163000000001 0.84828234 0.3017094 1.0 0.69508755
11 0.0017847809 0.008216068 0.1620603 0.3153473 0.41904005
9 0.001776662 0.15154354 0.059971757 0.48654836 0.36023018
6 0.0017745615 0.0033991039 0.058514225999999996 0.23054875 0.78642285
4 0.0017658791 0.09141429 0.587403 0.42037958 0.8784273000000001
4 0.0017255251000000001 0.30299217 0.5195554 0.6460826999999999 0.81334853
4 0.0017199307999999998 0.08040509400000001 0.04039045 0.31160703 0.39588398
8 0.0016778967000000001 0.8863207000000001 0.24852329999999997 0.9925903 0.8065669
9 0.0016734314 0.008612968 0.0 0.20508635 0.80182487
4 0.0016719222 0.04021831 0.18365772 0.35112685 0.42534032
12 0.0016414433 0.14987743 0.010563797 0.43335938 1.0
5 0.0016386051 0.0042221323 0.093302675 0.14853632 0.83613664
13 0.001638535 0.08698563 0.13337474 0.38640273 0.40393576
3 0.0016214814999999999 0.7808155 0.38751417 1.0 0.6679635
4 0.0016147010999999999 0.3042264 0.6908470999999999 0.69677377 0.98756206
9 0.0015979101000000002 0.19977021 0.025924272999999998 0.35543984 0.33295706
1 0.0015965985 0.2054913 0.0 0.3540368 0.35775557
4 0.0015838689 0.5898703000000001 0.6665441 1.0 0.9762424999999999
7 0.0015816123000000001 0.0 0.29908887 0.10864449999999999 0.9626771000000001
11 0.0015669732999999998 0.18664667 0.029514737000000003 0.32539043 0.46451533
4 0.0015608170000000002 0.0 0.30115455 0.11213839 0.65904695
2 0.0015467202 0.03943312 0.6757063 0.81898856 0.9915721
12 0.0015446863 0.0079014 0.023837766 0.15530829999999998 0.38077798
9 0.0015385231 0.0 0.13736744 0.19573662 0.5331885999999999
