3 0.79896426 0.68515766 0.4024237 0.9927136000000001 0.6963815999999999
3 0.41106164 0.6192784 0.38172856 0.92832273 0.6852644
3 0.4090772 0.66696733 0.41276786 0.92367715 0.78552383
3 0.18685138 0.7919288000000001 0.39547402 1.0 0.7283997
8 0.17619058 0.7708297 0.28024176 0.98188746 0.6598137
8 0.16037838 0.7352976 0.28417897 0.9189804 0.68550766
8 0.12944335 0.7690395000000001 0.16721916 0.95465755 0.7589644
8 0.124316715 0.73126507 0.3923262 0.93449056 0.7505411
3 0.12111162 0.7569179 0.3065202 0.97598535 0.74674326
8 0.10371166 0.7346766 0.44283549999999994 1.0 0.70548165
3 0.09252386 0.5575446 0.4004704 0.8635086999999999 0.72014713
8 0.087726735 0.8349793 0.19727121 1.0 0.67974305
3 0.06692212 0.70620894 0.44760862 1.0 0.8592525
8 0.06527315 0.70205206 0.20881577 0.8595877000000001 0.77585584
8 0.061473664000000004 0.8133718000000001 0.37379286 1.0 0.7901977
8 0.06128982 0.71631396 0.35433227 0.8896837 0.899967
3 0.048263982000000004 0.5324321999999999 0.36790442 0.79878247 0.66582215
3 0.043657336 0.18554363 0.81645316 0.68234 0.9652988000000001
4 0.042833984000000005 0.7676758 0.42724097 0.9668402 0.73052835
8 0.041201085 0.7286495 0.28594464 0.99818194 0.8975113000000001
3 0.040124692 0.6869658000000001 0.31988340000000004 0.877607 0.7649421999999999
3 0.036697213 0.3874446 0.5295896 1.0 0.9245491
3 0.033960886 0.5681614 0.42762202 0.9939403 0.8759290000000001
3 0.03366394 0.08530781 0.83173543 0.50749934 0.9774273000000001
8 0.032929122000000005 0.70106614 0.27531105 0.97543406 0.5700310000000001
8 0.032659825 0.6627221999999999 0.31876972 0.84502786 0.7105402
3 0.03016973 0.32573587 0.40838459999999993 0.5817760999999999 0.71150076
3 0.029860402 0.61438173 0.5695771 1.0 0.93867123
3 0.029496457 0.5898093000000001 0.4287688 0.79771304 0.82036656
8 0.027974667 0.88607025 0.13762382 0.99281526 0.7938115
3 0.027220704 0.60709995 0.3244883 0.9900015 0.7477931
3 0.025377989 0.32330644 0.6827470999999999 1.0 0.9522457000000001
8 0.025371747000000004 0.61049306 0.24091792 0.9541886999999999 0.9240443000000002
8 0.024667692999999997 0.57714045 0.11389523 0.9203055 0.6630395
3 0.02253261 0.44889122 0.3901338 0.756625 0.67811424
8 0.022438562000000002 0.7179055999999999 0.0 0.9652528 0.6576166999999999
8 0.022232266 0.59794164 0.70856243 0.90605676 0.9730527
1 0.021788877999999998 0.77834755 0.31703190000000003 0.94639474 0.8075285
3 0.02156435 0.5881218 0.7579698 1.0 0.96705747
4 0.021219151000000002 0.6863473000000001 0.39312357 0.9651266 0.68085223
8 0.019492887 0.6252386 0.20324142 0.7893918000000001 0.7939022
7 0.019416055 0.5242114999999999 0.3361828 0.9828531999999999 0.70382386
3 0.019026907 0.37970477 0.38977033 0.6476348000000001 0.67934364
8 0.018662764 0.16486791 0.80126745 0.5377102 0.9923095999999999
7 0.01858459 0.6493471 0.29268372 0.9824961 0.84717107
6 0.018539522 0.5278286 0.46262127 0.9591185 0.74844307
4 0.018502235 0.83448076 0.46991682 0.97854245 0.8450953000000001
8 0.017300755 0.053680792000000005 0.8105492 0.3507551 0.9972360999999998
1 0.016987218000000002 0.69993937 0.33142415 0.96172416 0.7593626
3 0.01667705 0.6245088000000001 0.33379385 0.8395794 0.7089405
5 0.016497671999999998 0.55137503 0.42347437 0.9277539 0.7200991999999999
7 0.016425771999999998 0.71887577 0.38385555 1.0 0.76773334
3 0.015974488000000002 0.20975147 0.5350073000000001 0.6852991 0.95774066
7 0.015918073999999997 0.7526716999999999 0.30131504 1.0 0.67058355
4 0.015774282 0.8369825999999999 0.39168906 0.98385 0.74687177
12 0.01565155 0.81093925 0.31883579999999995 0.9640613000000001 0.6248544
1 0.015383521 0.8119351 0.23651129 0.9490295 0.7014416
8 0.015359791999999999 0.47136852 0.18379702 0.92677546 0.7488720999999999
4 0.015017588 0.7286176 0.49597114 0.96518797 0.7914659
6 0.015000381 0.6184852 0.43879616 0.9105431 0.8326164
1 0.0148507655 0.76552916 0.28237304 0.96784365 0.6458276
6 0.014692718 0.7145912 0.49291325 1.0 0.7543979000000001
12 0.014581378 0.7400081000000001 0.413318 0.9733064 0.7056121999999999
8 0.014167631000000002 0.63312244 0.49419212 0.9689523999999999 0.96974015
3 0.014125958000000001 0.41501109999999997 0.7489398 0.90547067 0.95428926
12 0.013844835 0.66806656 0.34073309999999996 0.9814189 0.70705307
12 0.013689514 0.6265611 0.24481821 0.91554135 0.62502855
2 0.013489164 0.6747155 0.44796413 0.9859177 0.8452710999999999
7 0.013313733999999999 0.7898111 0.32808125 1.0 0.84532493
7 0.012735436999999999 0.74957395 0.18085009 0.97064173 0.81467295
3 0.012606156 0.15095329999999998 0.45410959999999995 0.96597064 0.92666954
3 0.012569288 0.7995124 0.32073632 1.0 0.8632025
8 0.012562776999999999 0.20085582 0.14573465 0.36514363 0.7291908
4 0.012252833999999999 0.59292406 0.45018800000000003 0.88089794 0.7120158000000001
5 0.012183677 0.60858583 0.30818959999999995 0.9553722 0.6604159000000001
12 0.011929691000000001 0.85024434 0.29799190000000003 0.9705121999999999 0.72855073
12 0.01190912 0.73341125 0.16310427 0.85402197 0.90387696
8 0.01177385 0.38342342 0.48478085 0.93618894 0.9636658000000001
2 0.01154035 0.5300976 0.27605835 0.8936436 0.57517713
8 0.011498325 0.17999974 0.35848284 0.86966383 0.9942771
12 0.011486278999999999 0.56348455 0.37221098 0.9042648999999999 0.72207785
4 0.011419546000000001 0.67851305 0.43358463 0.875816 0.7723924
8 0.011373026999999999 0.50550175 0.74324244 0.84584713 0.9724845999999999
12 0.011175737 0.7759468 0.26273838 0.90501255 1.0
4 0.011119513999999999 0.85722864 0.29141855 0.9974748 0.63262206
1 0.010968282 0.57852536 0.37712798 0.95713073 0.78198785
6 0.010800074 0.61963147 0.4567568 1.0 0.6979449000000001
3 0.010709686999999999 0.12403673 0.7756889 0.54116124 0.9664812
8 0.010610461000000002 0.30959934 0.35345766 0.5714524000000001 0.66306674
3 0.010564178 0.056846797000000004 0.7263326 0.6118475 0.9702423000000001
1 0.010533423 0.53685945 0.27465546 0.9560344999999999 0.65673786
13 0.01048356 0.7511912 0.44976845 0.9789081000000001 0.72978735
2 0.010453036 0.5316122 0.38653526 0.8926099000000001 0.74070495
9 0.010373455 0.79140574 0.3053769 0.97893375 0.64110833
8 0.010357311999999999 0.25718045 0.6214052 0.8729323 0.9665808000000001
12 0.010117016999999999 0.71875715 0.30378196 0.9323633 0.8550254
8 0.010057106 0.65396845 0.24699113 0.9227264000000001 0.54059887
8 0.00959829 0.40257913 0.09090628 0.94944364 0.92702264
8 0.009416283000000001 0.11010669 0.44794040000000007 0.54387397 0.9632826999999999
12 0.009326269 0.81697965 0.17865665 0.93861437 0.91564584
4 0.009255488000000001 0.61799777 0.38247950000000003 0.91966677 0.64438534
3 0.009131972 0.57044315 0.30919433 0.8773651 0.5881155
8 0.009014114 0.42550933 0.74945366 0.7541133000000001 0.99020696
11 0.008906504 0.79075307 0.45742299999999997 1.0 0.8223664
8 0.008846406999999999 0.6321153 0.25293198 0.8258639000000001 0.66760355
9 0.008822033 0.8255856 0.36664242 0.97257817 0.8038638000000001
6 0.008818885 0.7985151 0.503955 0.9880829 0.9509514000000001
1 0.008713476 0.5973928000000001 0.29981878 0.89805293 0.8735691999999999
12 0.008660876999999999 0.71144474 0.21355748 0.9004103999999999 0.75487053
3 0.00865856 0.15257317 0.70437825 1.0 0.9734606
11 0.008576636 0.7789793 0.19169113 0.9426203000000002 0.7819134
12 0.00856849 0.7589706 0.22811665 0.94957864 0.76295877
8 0.008520100000000001 0.38616958 0.28884899999999997 0.6233823000000001 0.7016912
12 0.008507805 0.7856651 0.47169745 0.9679591999999999 0.75438863
1 0.008404459 0.7517361 0.19560552 0.89772254 0.7929798000000001
4 0.008400329 0.8139434 0.34469047 0.99526596 0.60055155
13 0.0083511155 0.6831751 0.37097418 0.9072826999999999 0.7437236999999999
6 0.00823222 0.5066012 0.36774006 0.9873004000000001 0.66199905
3 0.008219816 0.35216240000000004 0.32678709999999994 0.6287726 0.58026725
2 0.008205927 0.74804956 0.29834244 1.0 0.60545725
3 0.008193288 0.24069348 0.3948419 0.5625726 0.6660163
5 0.008092847 0.7109486 0.13035502 0.8901396999999999 0.94547683
13 0.008051324 0.73603314 0.3218887 0.88363403 0.7880761
1 0.008033844 0.7159946999999999 0.24681517 0.87749004 0.9091324000000001
2 0.008024376 0.74425346 0.12324095 0.92160934 0.727911
7 0.008013516 0.65286845 0.1676493 0.9002474 0.7597354000000001
5 0.007939716 0.6487689999999999 0.40240255 0.9083599 0.8774049999999999
4 0.0076935706000000005 0.72889745 0.30477735 0.95040524 0.65856224
2 0.0073872353 0.79047734 0.32882187 0.9830658999999999 0.83662874
13 0.0073403133999999995 0.8118201999999999 0.40067932 0.9812687 0.7644046
3 0.0073302947 0.66794324 0.1681144 0.995366 0.624743
11 0.0072964136 0.7528296 0.31303078 0.9079216 0.90369594
3 0.007233353299999999 0.7990023 0.31171757 0.9969661 0.59070015
8 0.0069903280000000005 0.61513644 0.10455232 0.77470654 0.6603088
9 0.0069835259999999994 0.7261093000000001 0.333568 0.93663555 0.7866645
5 0.006941877 0.80882 0.30415836 1.0 0.6771822
3 0.006901204 0.8925981 0.29348826 1.0 0.7566046
9 0.0068633505000000004 0.5956696 0.3020198 0.93506587 0.60667425
3 0.0068576117 0.40736836 0.41203657 0.6199631999999999 0.8001385
12 0.0067623476 0.74188375 0.30367196 0.87294304 1.0
8 0.0067469915000000005 0.18609454 0.28468248 0.43186957 0.6874124
3 0.006737051 0.22820272 0.37015784 0.44983798 0.718252
5 0.0066882009999999995 0.6971765000000001 0.29114634 1.0 0.6494595999999999
9 0.006569984 0.75787085 0.35544232 0.99278957 0.72532904
13 0.0064330590000000005 0.58433473 0.43863738 0.8990309000000001 0.7506366999999999
5 0.006430293399999999 0.7552757 0.44865915 1.0 0.73711216
2 0.0063569937 0.6275264 0.39499813 1.0 0.7339791999999999
5 0.006350295600000001 0.79374593 0.15118702 0.96367246 0.93096
5 0.0062886067 0.68655336 0.3137732 0.9389405000000001 0.83123964
8 0.0062849787 0.07229772 0.09580159 0.5075164000000001 0.9542833000000001
3 0.00628227 0.4029159 0.29386914 0.6746573 0.5528484
11 0.0062237936 0.70695347 0.41547325 0.9244707 0.8547523000000001
11 0.00618004 0.8007331 0.27016875 0.9596504000000001 0.8810874
9 0.0061711767 0.60264874 0.4239441 0.9203216999999999 0.72716916
9 0.0060874119999999995 0.6773529 0.27330387 0.9872360000000001 0.5995863
13 0.0060196877 0.6640335999999999 0.41729754 0.98839074 0.71117574
3 0.0060036224 0.22597721 0.26015574 0.390474 0.7155633000000001
3 0.006002729 0.25834697 0.32846594 0.55733436 0.5870215999999999
5 0.005939842 0.8325075000000001 0.34199062 1.0 0.8750756
4 0.0059346943000000004 0.23627910000000002 0.80099374 0.5553998 0.9735045
2 0.0058929184 0.60465 0.24552168 0.96542585 0.5566371
13 0.005874316700000001 0.78434503 0.30807558 0.9360783000000001 0.7885098
8 0.005863044 0.62929875 0.44010517 0.8806408000000001 0.73533404
3 0.005746544300000001 0.1136338 0.45712873 0.58964425 0.93124187
3 0.00566746 0.09454925 0.4813186 0.43354613 0.9538571
11 0.0056337165 0.6913345000000001 0.21052523 0.85303974 0.7348897
8 0.00562262 0.15504701 0.29233348 0.48010699999999995 1.0
4 0.00556827 0.6638622 0.34401828 0.96924424 0.6093337
5 0.0055498537 0.715245 0.50374925 1.0 0.80003077
3 0.005508580999999999 0.47338596 0.27857122 0.6824173000000001 0.6249215
1 0.0055045369999999995 0.679248 0.16716446 0.8301716999999998 0.8111384
12 0.0054824343 0.66507065 0.28606594 0.84903896 0.77971756
13 0.005471223000000001 0.75890374 0.21526106 0.92624533 0.66387326
3 0.00542736 0.6847464 0.26966488 1.0 0.91336274
8 0.0054149227 0.5325999 0.30907685 0.7856889 0.6271226
2 0.0053625669999999995 0.76077425 0.21608110000000003 0.93414676 0.8937306999999999
3 0.0053455327 0.33522722 0.55353 0.56459963 0.9544447
3 0.0052229804 0.455531 0.31940416 1.0 0.89469814
3 0.0052013667 0.20760661 0.30726913 0.65239495 0.8965333000000001
9 0.0052006859999999995 0.7752182 0.22166017 0.93247396 0.71418124
11 0.0051731053 0.658539 0.46728050000000004 1.0 0.8081556
8 0.005124445 0.25555062 0.28946224 0.5854783 1.0
13 0.0051181326 0.68151647 0.19352034 0.85368365 0.68126935
2 0.0051005454999999995 0.8063744 0.24598874 0.9954265 0.709184
1 0.005023169 0.8384818000000002 0.28935865 0.9453405 0.8411854
6 0.004895027299999999 0.8093664 0.3941292 0.9875556999999999 0.7763156
3 0.004819013 0.6358372 0.24297616 0.78523874 0.7047558
8 0.0048156413 0.032514453 0.32375273 0.31887335 0.98982745
3 0.0047848565 0.37249243 0.42308155 0.7641206 0.92345005
8 0.0047619715 0.44432378 0.33384222 0.7311988 0.66078436
13 0.0047534695 0.71137965 0.56398 0.9737768 0.97456086
3 0.0047347834 0.42825848 0.28081027 0.62310916 0.64014256
6 0.0046989094 0.7185345999999999 0.38555482 0.91986394 0.9513676
6 0.004694393 0.44206488 0.39438602 0.89088714 0.7089464
12 0.0046642134000000005 0.82856977 0.44955942 0.9695425 0.8702290000000001
9 0.0046607438000000005 0.5520305999999999 0.37510285 0.87431675 0.6713102
3 0.004647925 0.036273167 0.6960866 0.43395925 0.96333534
8 0.004632018 0.0 0.6436795999999999 0.3715083 0.96103656
10 0.0046312287 0.6854409 0.42235768 1.0 0.7304866
2 0.0045831184999999995 0.33638173 0.33250916 0.5863642 0.71961063
12 0.0045751640000000005 0.8693274999999999 0.21552689999999997 0.9857244000000001 0.883857
8 0.0045659854 0.5707222 0.22865227 0.75584626 0.6539043000000001
13 0.0045414753 0.7736165 0.39758745 0.9126434999999999 0.85967714
9 0.0044695227 0.7035227 0.26892009999999994 0.91388845 0.69566923
3 0.004469496 0.15608111 0.3384798 0.43388882 0.5937489
2 0.0044526346 0.5788161000000001 0.33142635 0.98168284 0.6447283
3 0.004432587 0.20648126 0.3595393 0.5066475 0.61183673
13 0.004429477 0.83644736 0.3488535 0.9805275 0.6720331
6 0.0043809325 0.6258071999999999 0.36875227 0.9277546 0.71238214
5 0.00436274 0.7483361 0.3081355 0.9258963 1.0
8 0.004346435 0.7548967 0.49151453 0.9525766999999999 1.0
9 0.0043367064 0.6431256 0.30911222 0.8634754000000001 0.6739788000000001
8 0.0043265577 0.21047996 0.33953705 0.5336841999999999 0.66074157
13 0.0043020393 0.5999255 0.3967589 0.92837834 0.6743465999999999
1 0.004299398 0.60305107 0.22646771 0.9344914000000001 0.5774179
8 0.00427945 0.54473764 0.0757428 0.88181454 0.96182346
10 0.004234807 0.6302163000000001 0.39953629999999996 0.959943 0.6927378000000001
6 0.004170689 0.76323974 0.4037575 0.99486625 0.66394806
2 0.0041673407 0.61040586 0.362064 0.8849809999999999 0.84417945
8 0.004148931 0.08572906 0.733364 0.36523938 0.97375894
10 0.0041416986 0.7689597 0.33004078 1.0 0.6311023
3 0.004130525 0.15442428 0.37581370000000003 0.37742093 0.7232936
7 0.0041035516 0.5880316 0.49878597 1.0 0.85384625
1 0.0040541785 0.2680459 0.34332457 0.6042531999999999 0.6906625
10 0.0040477477 0.6758863 0.31095457 1.0 0.60298353
11 0.004024204 0.798281 0.3500993 1.0 0.6477987
10 0.0040207870000000005 0.70484585 0.39699042 0.9445564000000001 0.8483139000000001
8 0.004003823 0.22062157 0.1350917 0.7060795 0.9575836999999999
1 0.0039723729999999995 0.641764 0.14545263 0.8680312 0.65282047
11 0.003944078 0.57521415 0.47598663 0.9144739 0.77240676
2 0.0039400444 0.6746665 0.07927688 0.8432704 0.70786387
1 0.003938512 0.44471776 0.31459025 0.75472784 0.68050736
1 0.003935602 0.7871931999999999 0.15462229 0.91779137 0.7399004
8 0.0039316397 0.43744153 0.28325346 0.77776605 1.0
13 0.0038962238 0.66711485 0.30057803 0.90466845 0.65273106
1 0.0038698355 0.66745 0.34890768 0.92222446 0.99798584
12 0.0038414455 0.7901333 0.009766553 0.9691673000000001 0.87055653
2 0.0038113584999999997 0.7040713000000001 0.26660290000000003 0.8837888 0.9015799999999999
12 0.003740018 0.8701261 0.41919604 0.9664798000000001 0.82564586
8 0.0037109241999999996 0.38928038 0.18642664 0.55675197 0.75115335
8 0.00368079 0.42567867 0.49503872 0.58123964 1.0
7 0.0036106735999999998 0.57315844 0.25416216 1.0 0.59056276
7 0.0035978258 0.5128536 0.30362776 1.0 0.9870251
8 0.0035682856 0.14046789999999998 0.25776646 0.35305864 0.6902145000000001
3 0.0035658875 0.42934279999999997 0.49325976 0.6365325 0.9340706
11 0.0035336022 0.5857735 0.368706 0.961577 0.6567139
5 0.0035321484000000003 0.8538163000000001 0.20830883 1.0 0.7708885999999999
6 0.0035155392 0.5700684 0.31751674 1.0 0.60823697
5 0.0034868716999999997 0.68559766 0.1389783 0.92666936 0.7112586
4 0.0034275395 0.07076889 0.8134158 0.40421644 0.9764598
2 0.0033745428 0.8220921 0.085429564 0.9778256 0.7962722
12 0.0033693407 0.8415029 0.21564123 0.98081434 1.0
11 0.0033595306 0.7616066 0.33680305 0.9848988000000001 0.76896995
3 0.0033556325 0.17681399 0.38760608 0.8277892 0.84472585
3 0.0033532975 0.2815276 0.71909994 0.76718056 0.96331626
13 0.0033414469 0.6343178 0.32287517 0.8520284 0.6918599
4 0.0033411409999999997 0.71640086 0.49919382 0.9711478000000001 0.97085404
8 0.0032707152 0.50042707 0.6062411999999999 0.901905 0.9592016999999999
1 0.0032636682 0.5006095 0.33623853 0.87404156 0.71708393
8 0.0032589724 0.35169762 0.29459944 0.670036 1.0
1 0.0032576306 0.7313791000000001 0.13919128 0.8660056999999999 0.7393515
4 0.0032535059999999998 0.80351895 0.32906840000000004 0.95271105 0.81828296
1 0.0032423634999999996 0.52714115 0.11680216 0.9417222 0.76016265
9 0.0032389974 0.7049116999999999 0.44839940000000006 0.98637307 0.7939094
11 0.0032235140000000002 0.853166 0.19774927 0.9977882 0.8071841
13 0.0032068614000000002 0.5856455 0.46740517 0.8670959 0.95700437
2 0.003191106 0.6194407 0.26728168 0.90836024 0.7099288
4 0.0031643359 0.28804976 0.65155 1.0 0.97519195
10 0.0031140787 0.7986464 0.50234395 1.0 0.8008392
13 0.0031096102 0.7123563 0.49156442 0.96943927 0.8126133000000001
9 0.0030642112 0.66392064 0.20806861 0.8916427 0.5660661
2 0.0030214904999999997 0.5290139 0.29517847 0.7945428000000001 0.66310614
1 0.0030134196999999996 0.48965299999999995 0.24509491 0.91775215 0.9608386
10 0.002973373 0.7769751 0.13625547 0.9596271999999999 0.8772921
8 0.002965674 0.19717747 0.118454136 0.85704845 0.73638433
3 0.0029446164000000003 0.79945433 0.1779026 1.0 0.74680454
8 0.0029350882000000003 0.14260042 0.68943274 0.46285010000000004 0.975985
6 0.0029299396999999997 0.75397456 0.31230712 0.9474139000000001 0.85386616
6 0.0029274283000000003 0.6778583 0.2620454 0.8786575000000001 0.803319
6 0.0028949443 0.5186311 0.36148444 1.0 1.0
8 0.0028876540000000003 0.18963233 0.25014725 0.34898356 0.8579146000000001
11 0.0028789465 0.7414935 0.18397228 0.90899247 0.73707986
2 0.0028651427 0.6308157 0.13057633 0.8830498999999999 0.5785937
3 0.0028449309999999998 0.34595373 0.30433914 0.55523735 0.6752256
5 0.0028160887 0.6181977 0.2089866 0.88705385 0.7483744000000001
6 0.0028093013000000003 0.24400802 0.4508964 0.6645793000000001 0.7613098
2 0.0027838296 0.3975885 0.31496555 0.64325035 0.69352
13 0.0027440002 0.73681736 0.37574044 0.950191 0.91937226
5 0.002736197 0.28668833 0.38355812 0.6259901999999999 0.6843836
2 0.0027323063 0.6128138000000001 0.3016103 0.813994 0.7757628000000001
1 0.0027266879999999997 0.4050917 0.27948654 0.60265213 0.7458019
2 0.002707164 0.41433725 0.39092577 0.67814934 0.7637663
8 0.0026831913000000002 0.42133909999999997 0.123342514 0.60015637 0.7397949
6 0.002661925 0.5490196999999999 0.42542246 0.84158385 0.8988003000000001
3 0.0026261355 0.37563404 0.2263252 0.87862337 0.8952796000000001
4 0.0026027875 0.5947071999999999 0.57304424 1.0 0.98020744
7 0.0025967187 0.7102881 0.25518358 1.0 1.0
2 0.002571851 0.57101095 0.21036768 0.89222026 0.95625836
4 0.002563748 0.7521133000000001 0.36377114 0.90387136 0.8359931
8 0.0025607882999999997 0.3293684 0.65503776 0.5609233 0.97553265
