3 0.8086989 0.7529853 0.4236866 0.9751205 0.76310116
3 0.6675498000000001 0.3681851 0.37936416 0.566751 0.75175387
3 0.6003282 0.27931675 0.4258373 0.48758247 0.7583595999999999
3 0.5771559 0.8137926 0.3728618 1.0 0.7835131
3 0.5103933 0.39571863 0.3698922 0.6412423 0.73549014
8 0.3853866 0.36238709999999996 0.17066069 0.5293386999999999 0.6782695
3 0.34772727 0.33802187 0.41094944 0.5251988000000001 0.81295997
3 0.34490192 0.6988259 0.3470308 0.9664659999999999 0.67940784
3 0.27097140000000003 0.6933995 0.39432797 0.9358813 0.8313411
8 0.24543767 0.35913414 0.36023858 0.52118284 0.8413514999999999
8 0.24120003 0.8039801 0.044437196 1.0 0.87400234
8 0.22254179999999996 0.8435315999999999 0.21616875 1.0 0.7593865
3 0.20878628 0.31297043 0.34076452 0.54543805 0.68288034
8 0.20496932 0.82997227 0.115116596 0.9836365 0.6994792
8 0.18728136 0.81314784 0.20954344 0.95629257 0.7891764
8 0.15344882 0.38464218 0.24105668 0.56851125 0.6461222
3 0.15144071 0.5321136 0.32765958 0.69221026 0.9106723
3 0.1481381 0.39751792 0.4580349 1.0 0.93933594
8 0.14736879 0.8253292 0.3571509 1.0 0.87718034
8 0.13762073 0.7974989 0.35532442 0.9556106 0.87715554
8 0.11812722 0.54514587 0.32676172 0.7160920999999999 0.93018657
8 0.117629975 0.39816582 0.31816259999999996 0.5953548000000001 0.73547155
3 0.10399805 0.7409775 0.3712753 1.0 0.8897379000000001
3 0.09908897400000001 0.8071748000000001 0.2233239 1.0 0.83480823
3 0.090011396 0.4539915 0.39576006 0.7512549 0.71451205
8 0.0851564 0.75830126 0.32884800000000003 0.94197977 0.7451688
8 0.07878741 0.49512917 0.31939409999999996 0.67021734 0.93551564
8 0.07414505 0.7517191 0.2499214 0.9884690999999999 0.873273
3 0.07354400000000001 0.773512 0.28972754 1.0 0.6967850999999999
8 0.07294651 0.33217818 0.27484837 0.47093546 0.80986243
3 0.06902896 0.61405826 0.328409 0.9166335999999999 0.65847516
3 0.067874424 0.3555292 0.28996995 0.51212174 0.71394074
8 0.06638084 0.8680575999999999 0.39457875 1.0 0.83514786
8 0.0663049 0.82929856 0.44988427 0.98856634 0.7532337
3 0.06571160000000001 0.5372363 0.21126185 0.7029434 0.7336109000000001
3 0.061891775999999996 0.48780528 0.37096834 0.65451616 0.91370136
8 0.06172771 0.3184818 0.40017414 0.5496044 0.70425075
8 0.061512653 0.89045 0.04278297 1.0 0.8247877
3 0.06141899 0.22369957 0.6692818 1.0 0.9460584999999999
3 0.05803227 0.5592275999999999 0.35190958 0.77991164 0.75292474
8 0.05167348 0.29042682 0.36446515 0.49624047 0.6838583
3 0.04983375599999999 0.5691476 0.2508604 0.7240201 0.8180602
8 0.044582725 0.30279672 0.25266576 0.45234883 0.67800426
3 0.04300697 0.35922223 0.70197237 0.82401687 0.9402507999999999
3 0.042870555 0.42936772 0.2829587 0.5897868 0.7402899000000001
8 0.04229795 0.70979685 0.27220029999999995 0.8985725 0.7238953
4 0.04123438 0.8728608 0.48259399999999997 0.9847038 0.8865789000000001
3 0.03952834 0.7377375 0.28322470000000005 0.92271715 0.8011069000000001
3 0.03814268 0.524096 0.71906936 1.0 0.95306057
4 0.037828147 0.82720685 0.4285643 0.976935 0.8469624
3 0.036961712 0.73007643 0.49995127 1.0 0.8227360999999999
8 0.036467075 0.34186232 0.36364877 0.9234735000000001 0.9489970999999999
3 0.0363714 0.4565194 0.33022505 0.97583413 0.8087945
3 0.036063 0.11141619 0.6657441999999999 0.8390051 0.9590274
8 0.03596361 0.54086316 0.11029776 0.7045728 0.78534156
4 0.03425813 0.8451013 0.3468119 0.9841723 0.73836946
3 0.03378314 0.8769683000000001 0.2813903 1.0 0.7794909999999999
3 0.033130522999999995 0.2623362 0.49671587 0.79058367 0.9422084999999999
8 0.032689393 0.2511257 0.30196333 0.47950590000000004 0.6176803000000001
8 0.03244199 0.7738862 0.39241853 1.0 0.7006161999999999
3 0.030393492 0.5990865 0.5098543 1.0 0.94546396
1 0.029579897999999997 0.5540898 0.28268346 0.6814519 0.90181565
4 0.028536566 0.8734533000000001 0.30485106 0.99186665 0.66231734
7 0.02776111 0.73372275 0.23719457 0.98498684 0.99048233
12 0.027344069 0.87194735 0.31267273 0.9797608 0.7521901999999999
12 0.02731965 0.7111268 0.26085517 0.933642 0.77576935
7 0.026186904 0.6564059 0.2679816 0.9754889999999999 0.7822555
8 0.02554291 0.40601212 0.42461350000000003 0.6669683000000001 0.7395185999999999
8 0.025287153 0.56436944 0.35943413 0.7740185 0.76384026
8 0.025035718 0.7635008000000001 0.18101425 0.90726626 0.7937403000000001
8 0.024865497 0.70695406 0.3214351 0.9553799999999999 0.6259143
12 0.023922976000000002 0.7945810000000001 0.25395295 0.9880319 0.75567096
7 0.023633575 0.7762140000000001 0.05773645 0.98455715 0.84087926
3 0.023529705 0.55571115 0.5037564999999999 0.7595854000000001 0.926366
1 0.023513999 0.5255861 0.17892057 0.67150855 0.7597148
8 0.023307908 0.66591203 0.0 0.9703206 0.8911118
6 0.023228502 0.53481895 0.41394082 0.7253208999999999 0.97317916
12 0.023005538 0.8143551 0.40482274 0.9825084999999999 0.8453178
4 0.022495385 0.7611737 0.4427067 0.9734055 0.76008
3 0.022460643 0.12242627 0.8125383 0.5516211 0.96526223
1 0.022318637000000002 0.84461635 0.2740535 0.9703221 0.72061473
12 0.022147122999999998 0.8338546 0.12134571 0.9714908999999999 0.80940217
6 0.022081204 0.7835 0.4788063 0.99180084 0.8697050999999999
12 0.021635396 0.7976036 0.15670688 0.9309052 0.8960603000000001
4 0.021549584 0.72495127 0.35518488 0.93518436 0.73244405
1 0.021116087000000002 0.78371984 0.30475107 0.959608 0.91048324
1 0.021095606 0.85175484 0.32466048 0.9622409 0.923696
11 0.020913115 0.80217886 0.51227933 1.0 0.8802274
3 0.020239972 0.16632625 0.5437705 0.6324576 0.9545458
7 0.02015088 0.8007707 0.347371 1.0 0.9289289000000001
7 0.020113265 0.83766854 0.23692305 1.0 0.77802366
6 0.019805012 0.47943324 0.39107379999999997 0.6886535 1.0
6 0.019645035 0.5804499 0.47999102 1.0 0.7786407
8 0.019171683000000002 0.6816634 0.38731855 0.8783883 0.83375776
12 0.01912395 0.5072304 0.34871149999999995 0.6461029 0.9416435999999999
1 0.018369873999999998 0.5057634 0.3223969 0.6486927 0.89609253
3 0.01785254 0.44253224 0.649343 0.9307243000000001 0.93851936
7 0.017725907 0.7916071 0.5019199000000001 1.0 0.85661215
6 0.017703371000000002 0.8512503 0.51050174 0.9924638000000001 0.94367623
8 0.017703164 0.5805600000000001 0.3087533 0.95936793 0.9608771
8 0.017590558 0.2562624 0.5596386999999999 0.92038584 0.95287335
1 0.017298136000000002 0.5630232 0.12704547 0.6901573000000001 0.69747263
4 0.017073596 0.7188565 0.44103184 0.92102224 0.81818086
5 0.016962767 0.68119204 0.3786349 0.9312201999999999 0.8245965000000001
8 0.016841606999999998 0.42670298 0.19752277 0.9140345999999999 0.7781833
8 0.01676563 0.7322112 0.0 0.96008617 0.61944175
8 0.016708103999999998 0.5832371000000001 0.517474 0.7373232 1.0
12 0.0167039 0.73478144 0.40594277 0.98893136 0.7448087
12 0.016590776 0.8633063 0.47594717 0.9761424999999999 0.88286656
12 0.016209407 0.6149323 0.31550232 0.9720135 0.693816
3 0.01594337 0.5036889 0.5145429 0.6765581999999999 0.9229457
8 0.015867347 0.17971528 0.41698816 0.81451786 0.98198074
3 0.014990526 0.5026832999999999 0.32359709999999997 0.7989155 0.63742423
8 0.014928213999999999 0.5918613 0.16301475 0.93805677 0.7721732
9 0.014895404 0.84295565 0.33464279999999996 0.9920338 0.8134294
7 0.014773742 0.7401313 0.424191 1.0 0.80464625
7 0.014530468999999999 0.7925344 0.23128404 1.0 1.0
3 0.014205322 0.3578008 0.54332095 0.5772225999999999 0.92823726
8 0.014086143 0.2916801 0.28981632 0.5481564 0.6092964
2 0.013980857 0.6056298999999999 0.32298604 0.99605083 0.7404727
7 0.013768368000000001 0.5352126 0.26830065 0.7573281 1.0
8 0.01365275 0.24403428 0.34340847 0.65937996 1.0
13 0.013535066 0.8350477 0.3926077 0.9870901 0.7644788
4 0.013519662 0.7924903 0.3763714 0.93056947 0.86357796
6 0.01347794 0.6527729 0.42062858 0.95134664 0.8575627
13 0.013389616000000002 0.8134859 0.46579853 0.9894863000000002 0.8583921
11 0.013378836000000002 0.857772 0.44324878 0.99331605 0.9440654
8 0.013327056 0.51869714 0.4938646 0.6651379 1.0
3 0.013298438999999999 0.41786557 0.48371850000000005 0.6644171 0.89191586
3 0.013286645 0.5052068000000001 0.43391433 0.8998239 0.9213806
7 0.013264796 0.25032157 0.39512652 0.6100608000000001 0.8049409000000001
8 0.013212511000000001 0.5257029000000001 0.31392622 0.7318011 0.7390015999999999
5 0.013130234 0.7299023 0.31737003 1.0 0.6664137
12 0.013110361000000001 0.76376885 0.29416603 0.8963838 0.96221185
1 0.013088444 0.7752770999999999 0.16421872 0.94448954 0.74590516
1 0.012796578999999999 0.5931124 0.20848383 0.70974153 0.8152376
5 0.012737782 0.77416235 0.22578219 0.96809524 0.974734
12 0.012725838 0.56456757 0.35515848 0.6918539 0.9383064
8 0.012489651000000001 0.7993411 0.2653781 1.0 0.5602259
3 0.012488468999999999 0.598233 0.5847669 0.9144913 0.9579241
6 0.012462629 0.48446217 0.26117826 0.7062094 0.8554891
2 0.012440753 0.6527245 0.3472313 0.9208305 0.8120997
1 0.012406712 0.39092243 0.32548323 0.5712031999999999 0.8574666
8 0.012379536000000002 0.00030356646 0.34234354 0.16286832 0.61153436
11 0.012377292 0.5419703 0.35354805 0.70810384 0.9681636999999998
7 0.0121783195 0.27691406 0.1953723 0.5372195 0.77701837
1 0.012046616999999999 0.6838441999999999 0.40353215 0.9566642 0.85143673
5 0.011972149 0.4476513 0.43659115 0.7387887 0.7848316999999999
2 0.011925273 0.77320814 0.47390202 1.0 0.8811019
1 0.011809833 0.6450685 0.29729426 0.92342496 0.8874734000000001
9 0.011784181000000001 0.5103632 0.21320346 0.6764728 0.7749513000000001
7 0.011711343999999999 0.47986415 0.27904338 0.7049607 1.0
1 0.011666538 0.7348397 0.37363806 0.98327625 0.7761925000000001
8 0.011631725 0.31172597 0.47778967 0.5643275 0.7625249
6 0.011455001999999999 0.21779685 0.46635553 0.645922 0.7707632
9 0.011437495 0.73163956 0.327631 0.95063597 0.7527699000000001
6 0.011395055 0.74201167 0.48013353 1.0 0.74570674
2 0.011299268000000001 0.4755577 0.18803273 0.64402974 0.9224665000000001
1 0.011260506000000002 0.66174096 0.23250993 0.89085907 0.74392945
8 0.011104232 0.6608528 0.19599676 0.82518005 0.76625764
1 0.011066478000000001 0.7394474 0.2533211 0.93345815 0.98909485
12 0.011059173 0.89292413 0.45437607 0.97802645 1.0
7 0.011036403 0.74902683 0.26747540000000003 1.0 0.65899336
13 0.01098134 0.7714505 0.36069003 0.92566216 0.8838389000000001
4 0.0109434575 0.66653454 0.4195365 0.95797133 0.6750217
9 0.010849235 0.67907834 0.28397837 0.8934156999999999 0.65221375
8 0.010847988999999999 0.5352196 0.1780543 0.88382894 0.9393351000000001
5 0.010845457 0.6387419 0.38943338 0.98468703 0.65697783
8 0.010793756000000002 0.36940345 0.29690403 0.6260395000000001 0.59745437
8 0.010736701999999999 0.62628984 0.31096232 0.88802445 0.61753386
6 0.01071843 0.40287235 0.37766346 0.73678637 0.83137167
1 0.010686928 0.38870138 0.36643913 0.6711934 0.773675
6 0.010610763 0.5551208000000001 0.39949694 1.0 0.67814237
11 0.010594836000000002 0.78540975 0.2709042 0.94199294 0.84118736
4 0.010592147 0.7546568 0.29409924 0.97101724 0.65104145
7 0.010497315 0.5855639 0.3293612 1.0 0.69770527
11 0.010486724 0.49160647 0.360275 0.6550795 0.95999444
8 0.010452847 0.09256795 0.8077569 0.38873658 0.99719983
13 0.010440799 0.8821426 0.4717969 0.9845055 0.99367875
5 0.010168995 0.29737097 0.41259313 0.6344642 0.74619186
3 0.010093799999999998 0.2793013 0.5069302 0.5160619000000001 0.8956829
6 0.010039542 0.7489424 0.3876358 0.93880725 0.9625524999999999
2 0.010028653 0.83861816 0.39658698 0.98836255 0.9724705
3 0.010027216 0.31292600000000004 0.8175074999999999 0.780338 0.971938
12 0.009922287 0.34049222 0.17219737 0.5275557 0.7114647
2 0.009905769 0.65475106 0.23085465 0.9035516 0.67725873
3 0.009839594 0.1320866 0.73820955 0.5150182 0.95025676
6 0.00977845 0.84271324 0.39844206 0.9881921999999999 0.77813053
12 0.009627122 0.53288287 0.16215512 0.67365533 0.8228373
13 0.009605249 0.531899 0.35304394 0.71769524 0.9278200999999999
8 0.009582176 0.31934655 0.14674679999999998 0.8749063 0.68378335
9 0.009540587 0.7987673000000001 0.32839027 0.9437665999999999 0.87464684
12 0.009518164 0.84364593 0.3245294 0.99245024 1.0
2 0.009449186 0.3044422 0.3346627 0.52761376 0.97487855
2 0.009376701999999999 0.2662873 0.38362196 0.5838076 0.78606343
9 0.009252205 0.55167884 0.34424815 0.68821186 0.93779904
12 0.009225073 0.6743688 0.21803981 0.94771177 0.61094475
2 0.009199581 0.52900887 0.21351378 0.6787274 0.9783341
2 0.009196471999999999 0.39086744 0.418437 0.70264876 0.79298127
1 0.009192052 0.23657879 0.36282545 0.5739864 0.7421072
6 0.009152264 0.25400466 0.45421347 0.52395403 0.8819884
3 0.009138606 0.09339087 0.55807936 0.50192845 0.9608416999999999
9 0.009129248000000001 0.40308705 0.33069292 0.6120914000000001 0.79179204
5 0.009106137 0.81820697 0.45646359999999997 1.0 0.8718030999999999
8 0.008996826 0.0 0.4323607 0.16595367 0.6865100000000001
12 0.008959299999999998 0.81329226 0.27313104 0.9613699 0.6075605
11 0.008956599 0.75433266 0.46583143 1.0 0.8052379
5 0.008906962 0.8150930999999999 0.54602504 1.0 0.78825945
7 0.008875475 0.8621850000000001 0.34250927 1.0 1.0
5 0.0088302065 0.7658961 0.46290907 1.0 0.7327423000000001
7 0.0088268295 0.2692031 0.28853917 0.5688784 0.9164608
7 0.008816749 0.39025372 0.28326184 0.65173537 0.8667643
1 0.008751705 0.6012584 0.3627593 1.0 0.79354554
5 0.008713385 0.31154709999999997 0.31341735 0.62471634 0.6642185
5 0.008659021999999999 0.8506108 0.3492133 1.0 0.8009048000000001
9 0.00851441 0.5035025 0.3455197 0.65123177 0.8832139999999999
11 0.008388895 0.6879915 0.44519764 0.92327046 0.86583126
2 0.00832652 0.8434822 0.25890872 0.9980697000000001 0.74927944
8 0.008268046999999999 0.35470265 0.53128463 0.51411116 0.99139386
8 0.008267543 0.49310273 0.66858464 0.8270982 0.9833992
12 0.008193306 0.6887893 0.32728022 0.87151307 0.79605263
9 0.008124456 0.812496 0.16880696 0.97008675 0.77024823
12 0.008092514 0.41164449999999997 0.14325220000000002 0.5290592 0.8758379999999999
8 0.00804952 0.32527554 0.19615497 0.78823197 0.9131176999999999
6 0.008031011999999999 0.7047062 0.5243686 0.9846504 0.8358608000000001
2 0.008029092 0.51124114 0.027208937000000002 0.6659765999999999 0.80406505
2 0.00799083 0.6034354000000001 0.22731863 0.9762175999999999 0.5690595
1 0.007904254 0.218075 0.27741575 0.60664713 0.6395791000000001
11 0.007837541 0.40457147 0.46512434 0.63608116 0.8497927
12 0.0077427956000000004 0.36909749999999997 0.084537186 0.48818454 0.8585385
13 0.0077216565 0.76611143 0.22994167 0.9383193999999999 0.75221086
1 0.0077066 0.28398179999999995 0.36406234 0.506962 0.89698994
13 0.0076261446999999994 0.48881218 0.387318 0.66014326 0.9237062
4 0.007580872 0.9104701999999999 0.22428063 1.0 0.6613114
2 0.0074970964 0.49445483 0.2898496 0.7199446 0.8626298000000001
10 0.0074941674 0.72136307 0.38382986 0.96278703 0.79533654
11 0.0074748113 0.26838809999999996 0.46591526 0.64496875 0.7498623999999999
8 0.0074742036 0.032512873 0.62190783 0.5508312 0.9690390999999999
7 0.00740196 0.37485462 0.19489172 0.5821649999999999 0.9984681000000001
2 0.007373389300000001 0.3760762 0.29554358 0.5974015 0.8058308000000001
13 0.0073672915 0.40411627 0.43229082 0.6242800000000001 0.7870205
2 0.007362791 0.8079723000000001 0.34611179999999997 1.0 0.83062106
1 0.0073482855 0.33885565 0.22892379999999998 0.552726 0.6704100000000001
5 0.007333539 0.33446702 0.22182947 0.57404244 0.7388208
11 0.0073320386 0.8803076999999999 0.31708968 1.0 0.75658834
10 0.0073259906 0.778803 0.35090393 1.0 0.76961446
9 0.007295454399999999 0.87290907 0.46845055 0.9820224 0.8906569
11 0.007234655 0.5044132 0.28888813 0.6700373000000001 0.7678035
2 0.0072123404 0.23506017 0.25698638 0.58854485 0.63259107
6 0.0072109466 0.38535744 0.48951688 0.8061331 0.80157727
3 0.0071987826 0.6097876 0.25521889999999997 0.9811419 0.9066079
8 0.007191105 0.43532386 0.48318467 0.63336146 0.9288457
3 0.0071808654 0.22156079 0.69876534 0.6755796 0.9243085999999999
8 0.007138075 0.10346417 0.45248932 0.49663126 0.98926014
9 0.0071230014000000005 0.6647995 0.26517066 0.9836379999999999 0.5868759
7 0.007058236999999999 0.51163065 0.1726239 0.6915028 0.84711814
12 0.007046549 0.8781174 0.2275097 0.97225744 0.66074914
6 0.006964624399999999 0.5539989000000001 0.5429108 0.74534625 1.0
2 0.006961233000000001 0.43537375 0.3251565 0.6537694000000001 0.85225743
11 0.006903653 0.5407791000000001 0.25047842 0.7100699 0.71414566
7 0.006903087 0.70468146 0.12487788 0.93260306 0.7526866999999999
9 0.006879422 0.7802036999999999 0.44016454 0.9889544 0.79898643
8 0.006827405 0.36539656 0.68560654 0.6681151999999999 0.9687447
5 0.0068039037 0.4429189 0.30994987 0.6600145000000001 0.87658626
12 0.006781784399999999 0.8494049000000001 0.0 1.0 1.0
12 0.0067539937 0.9078126 0.26197878 0.9781599 0.8493094000000001
10 0.006747578299999999 0.6757839 0.4406545 1.0 0.7142871000000001
12 0.00674111 0.57337236 0.13007347 0.7024034 0.7813919
6 0.006726932 0.6700421 0.33503434 0.9798015999999999 0.7200113
1 0.0067218267 0.89468354 0.15613458 0.9625276 0.7829309
5 0.0067213643 0.82634014 0.109303 0.9954975 0.8885725
2 0.006699907 0.73929644 0.17639385 0.9287472 0.8165219
3 0.006698066 0.3254887 0.36399590000000004 0.6475966 0.92985845
11 0.006662782700000001 0.8481865 0.2608396 1.0 0.8593666999999999
12 0.006613749 0.77236885 0.48382749999999997 0.9855605 0.78594697
13 0.0065331077000000005 0.7192318 0.36596835 0.93468875 0.7614616
1 0.0065254797 0.65491116 0.2953318 1.0 0.64965487
11 0.006480714300000001 0.35761553 0.39989036 0.5759783 0.8306525
1 0.0064465464 0.36078720000000003 0.24474618 0.5133817 0.90675193
4 0.006444846999999999 0.8251014999999999 0.17883052 0.97535837 0.6814878000000001
8 0.0064350534 0.6085995 0.31413266 0.8107955 0.73251504
8 0.0064164056 0.5766414000000001 0.36982474 0.8329558000000001 0.65631074
2 0.0063865026 0.29750344 0.24729054 0.54473674 0.74719685
10 0.006339877 0.8132079000000001 0.46805912 1.0 0.89219147
8 0.006303945 0.47838143 0.30137783 0.68482184 0.71338624
3 0.006300054 0.31400943 0.2408549 0.47434056 0.71781623
12 0.006244098000000001 0.4654138 0.28993425 0.6752589 0.7738578
5 0.0061802748 0.5360114 0.31175244 0.7041206 1.0
7 0.0061345403000000005 0.36326414 0.38663283 0.7236479 0.8224957
6 0.0061242073 0.49406353 0.49834700000000004 0.7724298 0.892757
8 0.0061211176 0.784964 0.49159780000000003 0.97624236 0.802089
1 0.0061179157 0.56322396 0.29809359999999996 0.7590538 0.77927166
12 0.00611458 0.4252861 0.2746059 0.5512744 0.9378639000000001
2 0.006083065 0.777488 0.10714894 0.97483957 0.71748585
7 0.0060627186 0.35513705 0.09939662 0.55287355 0.85345256
10 0.006045165999999999 0.31838793 0.4274587 0.69626063 0.68304557
5 0.006013908399999999 0.37781054 0.45569935 0.6766135 0.794241
9 0.00596955 0.32061693 0.25218347 0.53365237 0.6975215
10 0.005952824000000001 0.5557632 0.40267196 0.7107064000000001 0.96886086
13 0.0059300256 0.58055973 0.32882753 0.7461269 0.82462585
