8 0.016749164 0.031648576 0.81321764 0.34308603 0.9940511999999999
3 0.014572183 0.3384145 0.68207747 1.0 0.9472529000000001
3 0.013624498999999998 0.4767112 0.4578710999999999 0.9957395 0.9272224
3 0.010986565 0.07661910000000001 0.82223564 0.46711838 0.9699184999999999
3 0.0076144533 0.58537567 0.80117565 1.0 0.9623386999999999
8 0.0068596657 0.22091999999999998 0.29721132 0.8933221 0.91179115
3 0.006822366999999999 0.20255616 0.49601424 0.9756224 0.93753624
8 0.0057635526 0.24326950000000003 0.6170121999999999 0.84181684 0.969297
3 0.0054219607 0.5637021 0.708494 1.0 0.9444524
8 0.0047710886999999995 0.30509618 0.09694031 0.82900596 1.0
3 0.0047477637 0.6322435000000001 0.60665596 0.95328057 0.93840176
3 0.0046969247 0.09735599 0.748057 0.5062779000000001 0.9499385
3 0.004003873 0.39707053 0.7043303000000001 0.8559145 0.95666885
8 0.0039563454 0.5543975999999999 0.8004319999999999 0.91914463 0.9714084000000001
8 0.0036608248 0.08132546 0.7125266 0.35489879999999996 0.99234456
3 0.0036481137 0.11492717 0.49367440000000007 0.69563633 0.9484681999999999
8 0.0035338759999999996 0.34725320000000004 0.36988822 0.7785882 1.0
3 0.0033854386 0.17448482 0.45037588 0.5639502 0.91887885
3 0.0032792133 0.39271343 0.44335106 0.78946006 0.9332389999999999
8 0.0030080364 0.39977962 0.0 0.72401947 0.8951844000000001
3 0.0028647315000000003 0.22595689 0.8155472 0.69804 0.9591588
8 0.0027392183 0.61771923 0.50241375 0.8666648000000001 0.9826953000000002
3 0.002703679 0.60409474 0.36469325 0.9811995000000001 0.89036053
8 0.0026213508 0.11381695 0.32280418 0.7470057 1.0
8 0.0025098366 0.5424517 0.6081470999999999 0.9336979 0.9643205
8 0.0024509325 0.19166578 0.0 0.61809707 0.47345755
8 0.002441365 0.43321499999999996 0.007567737 0.6602453 0.20956542
3 0.0024115166 0.3880982 0.34315106 0.89779973 0.882367
8 0.0023353328 0.37678364 0.6775118 0.70243335 1.0
4 0.0022505054 0.051946804000000006 0.8057635000000001 0.37189764 0.96284837
3 0.0021976882000000002 0.60537696 0.6395773 0.86565685 0.9656495999999999
8 0.0021769258 0.46908104 0.6785483 0.8218161 0.99125034
8 0.0021596588 0.51873565 0.16236033 0.8715825 0.97155595
8 0.0021030547 0.05156775 0.3557401 0.5349541999999999 1.0
8 0.0020749582999999997 0.46782893 0.0 0.7582583 0.1427711
8 0.0020690653 0.22331852 0.0 0.7041086 0.76437557
3 0.0020060501999999997 0.4707773 0.16747379999999998 0.78264225 0.8525914000000001
8 0.0019467315 0.30572176 0.0 0.61267924 1.0
8 0.00193782 0.1091173 0.3144913 0.38110396 1.0
3 0.0018068653 0.46864265 0.0 0.68602556 0.18254995
8 0.0018030453 0.2862533 0.0 0.7830919 0.40463459999999996
3 0.0016581545000000002 0.050116956 0.70856136 0.64279515 0.9497121999999999
8 0.0016377560999999998 0.6901586999999999 0.22636186 0.9566679 0.9754565000000001
4 0.0016010253 0.12753503 0.81208277 0.48112029999999995 0.97210336
8 0.0015820764 0.0111986995 0.6526986 0.4132664000000001 1.0
3 0.0015513629999999998 0.38538307 0.1874593 0.69973856 0.8362649
8 0.0015174015 0.0 0.035042115 0.07693514 0.33070883
8 0.001509556 0.34005025 0.012654941000000001 0.5603834 0.22984372
8 0.0015058996 0.5399921 0.021528747 0.7673669 0.36491367
3 0.0014937916 0.35517952 0.05503673 0.7437103 0.47488552
3 0.0014930239 0.5442709 0.28127470000000004 1.0 0.8689097
3 0.0014209832 0.25168806 0.7078298000000001 0.7292885 0.95389134
8 0.0014047242 0.3144133 0.0 0.6109295 0.14873527
3 0.0013748663 0.0026830994 0.0 0.09601357599999999 0.29328156
8 0.0013253688 0.17685516 0.81237334 0.5120975999999999 0.9959294
3 0.0013234541 0.53862125 0.100499764 0.8117085 0.602078
8 0.0013116195000000001 0.017894939 0.8142815 0.18243323 1.0
3 0.0012876155 0.51595867 0.0 0.809996 0.12647782
8 0.0012824809 0.21863490000000002 0.0 0.86232203 0.57217354
8 0.00126131 0.59648263 0.53019434 0.75158453 1.0
8 0.0012517602 0.45227557 0.0089098215 0.7574337 0.22648971
8 0.0012242775 0.3500758 0.0 0.8862257 0.32740366
8 0.0012228431 0.08383581 0.63828415 0.6404704999999999 1.0
3 0.0012206578 0.080264255 0.5196708999999999 0.49084377 0.95991284
3 0.0012175178 0.049272805 0.44111037 0.37134635 0.91429013
3 0.001216731 0.37689993 0.0074160895 0.60040617 0.193832
3 0.001216405 0.6724781999999999 0.51656073 0.9076711 0.9170275
9 0.0012029561999999999 0.11068407 0.8092864000000001 0.40092465 0.98298
3 0.0011955542 0.7584988 0.40495715 1.0 0.87489206
8 0.0011945153 0.32730347 0.6984599 0.6246978 0.9897601999999999
3 0.0011916301 0.7137736 0.33134463 1.0 0.56027657
8 0.001177915 0.0 0.021653613 0.5441309 0.32606040000000003
3 0.0011716315 0.74192303 0.6060627 0.9902460999999999 0.9296958000000001
8 0.0011627057 0.62825656 0.5605996 0.7861840999999999 1.0
4 0.0011558414 0.62209284 0.8136757 0.95036554 0.98003274
6 0.0011502275 0.0 0.84207916 0.3789938 1.0
8 0.001098531 0.65254104 0.33326176 0.9558017 0.62318647
3 0.0010279049000000001 0.3600073 0.008159969 0.65654004 0.13421983
3 0.0010227717999999998 0.5456599 0.18158275 0.8815347 0.84081143
3 0.0010227244 0.0 0.82364714 0.25681275 0.9722875
3 0.0009939895 0.6001102 0.059948206 0.80995905 0.4352661
3 0.0009821344 0.2330538 0.2872692 0.8276037 0.7882505999999999
8 0.0009807815 0.4382392 0.0032097234000000004 0.6148385000000001 0.30451515
8 0.0009787044 0.5684484999999999 0.035090208 0.737618 0.29914737
3 0.0009756016000000001 0.11259976 0.040839303 0.6599964 0.29263288
3 0.0009641606 0.01228933 0.21867017 0.18541522 0.49873850000000003
8 0.0009605767999999999 0.521321 0.048478857 0.68779224 0.37339973
3 0.0009556800999999999 0.17229372 0.60142 0.8323898000000001 0.94681996
6 0.0009551113 0.23422566 0.7230546 0.98205197 1.0
8 0.0009527806 0.08913775 0.0 0.5093203 0.6889514
8 0.0009459943400000001 0.7244235 0.5363625 0.9193803 0.99876964
8 0.000911692 0.65069795 0.0 0.94425964 0.9727872
8 0.00090792 0.33642918 0.6042276 0.49410826 1.0
3 0.0008974638000000001 0.5140568 0.0028372009 0.80491984 0.20099542
8 0.0008912667999999999 0.0 0.05327956 0.07265829 0.67221576
12 0.0008906058999999999 0.3618941 0.35292214 0.8743051 1.0
3 0.00088426186 0.48847362 0.12496487 0.98104906 0.57838786
3 0.0008817219999999999 0.6014984999999999 0.16275087 0.90685725 0.43914303
3 0.0008691189 0.2918005 0.36052713 0.59270287 0.57411236
8 0.0008676843 0.5323146 0.16174276 0.859237 0.45896970000000004
4 0.0008674380400000001 0.52028614 0.26836365 0.9442541999999999 0.98886055
3 0.0008664858999999999 0.2666215 0.49380207 0.47702608 0.94137573
1 0.0008637597999999999 0.0 0.8136151 0.37148672 0.9655959999999999
3 0.0008567489599999999 0.1877572 0.21389158 0.5196725 0.8727504
8 0.0008544907300000001 0.122368276 0.0 0.42010212 1.0
3 0.0008536978999999999 0.010221787 0.016555177 0.20347306 0.29075515
8 0.0008358415 0.0 0.02614832 0.40341806 0.5200608
8 0.0008352785 0.22361635 0.275758 0.5272019 1.0
3 0.0008281286 0.010322135 0.0032825734999999997 0.09417644 0.5675929
8 0.0007940380000000001 0.77109265 0.31396627 0.96403694 1.0
3 0.0007900563700000001 0.17417811 0.09053489999999999 0.6601771 0.5309590000000001
8 0.0007858670399999999 0.47270100000000004 0.017042398 0.7005916 0.28995794
1 0.00077401515 0.09807489999999999 0.80390453 0.42637109999999995 0.95742553
3 0.00076843717 0.47485247 0.018222213 0.9825814 0.29781613
8 0.0007649726499999999 0.0 0.035053365 0.105311565 0.24553633
3 0.0007616387400000001 0.71939576 0.52413493 1.0 0.9126905999999999
3 0.00076108315 0.41917902 0.0 0.74465007 0.12851429
12 0.000758772 0.060240194000000004 0.8178034000000001 0.33393568 1.0
4 0.00075666065 0.37598076 0.64004105 1.0 0.9646556000000001
3 0.00074184174 0.64640605 0.20411272 0.9844661 0.47045782
8 0.0007353039 0.0 0.033147283 0.15746257 0.34039506
3 0.00073459715 0.0037242696000000003 0.0 0.14107972 0.20211333
3 0.0007332461 0.28186324 0.21517512 0.6060804 0.8879531999999999
8 0.0007306063000000001 0.60860974 0.032242656 0.7786123 0.46752173
9 0.00071220583 0.37892607 0.38988417 0.8912034 0.9590254
3 0.0007100571000000001 0.1731888 0.38968992 0.47036880000000003 0.6030924
3 0.0007045115 0.7739598000000001 0.81501544 1.0 0.97149277
8 0.0007019819 0.54277164 0.05258253 0.7158191999999999 0.51327133
3 0.0006927188000000001 0.031326346 0.28677306 0.24975863 0.54609716
3 0.0006901375999999999 0.812675 0.34713832 1.0 0.58569366
6 0.0006851083 0.55120564 0.8538686 0.94914305 1.0
8 0.0006790941700000001 0.66860163 0.40177655 0.83314335 1.0
8 0.0006717025 0.11792830000000001 0.34682745 0.42638996 0.65784556
3 0.0006714535000000001 0.52272093 0.014953494 0.7301780999999999 0.26431757
3 0.0006711912 0.47503006 0.040941953999999996 0.86936533 0.3913983
3 0.00067112205 0.24168320000000004 0.41011679999999995 0.5611635 0.6286461999999999
8 0.00066239084 0.02096507 0.30662480000000003 0.2776888 1.0
3 0.0006601288 0.036074907 0.35980195 0.3126022 0.5959905
8 0.00065690366 0.6274319 0.04090154 0.8578741 0.48421493
3 0.00065445347 0.55451834 0.64007455 1.0 0.8878439
8 0.0006510475700000001 0.37459296 0.026823575 0.8404290000000001 0.5155153
8 0.00065014954 0.78851163 0.3291511 0.9649761 0.6088978
3 0.0006446758999999999 0.012963265 0.7822821 0.30426240000000004 0.9630128000000001
5 0.00064383 0.055177495 0.81983066 0.4361651 0.9838950999999999
8 0.0006400217 0.75677496 0.8004511 0.97095233 0.9888558000000001
3 0.0006379961 0.36211088 0.13081557 0.86339056 0.57744044
3 0.00063366175 0.22998536 0.20986469 0.786554 0.649454
1 0.0006324623000000001 0.26033682 0.37328398 0.8321529000000001 0.88308275
8 0.0006290553 0.12990043 0.05554888 0.59345186 1.0
3 0.0006290144 0.5765432 0.12672539 0.7825065999999999 0.48655096
8 0.0006248251 0.19850501 0.32743853 0.5124055000000001 0.6257801
13 0.00062252313 0.39955103 0.43389973 0.8956368 0.9147475
8 0.0006105292700000001 0.6884055 0.011583501000000001 0.9478257999999999 0.44685070000000005
8 0.00060139457 0.54641914 0.004832155 0.8271928 0.15809065
3 0.0006010923 0.17434737 0.040313534 0.7971536 0.3448261
8 0.00059935753 0.07046421 0.30075803 0.36176258 0.59918386
8 0.0005959022 0.014645651 0.0 0.30471545 1.0
4 0.000593973 0.39767897 0.6773418000000001 0.7528826 0.96123147
3 0.0005881804 0.007278286 0.12970795 0.1949862 0.4041277
4 0.00058072456 0.6442896 0.5502461 0.8969083000000001 0.9747238000000001
8 0.0005797492299999999 0.25838155 0.6545065999999999 0.5543677 1.0
3 0.0005737259 0.33347803 0.41890429999999995 0.6404024 0.64287025
2 0.0005725669 0.38410175 0.33808622 1.0 1.0
3 0.0005719507 0.0651183 0.07088567 0.36680615 0.47952910000000004
8 0.0005697957 0.55315477 0.5463883 0.716801 1.0
8 0.0005692503 0.0 0.030739983999999998 0.20731804 0.4609911
3 0.0005689031 0.47747695 0.0036688778000000003 0.6469898000000001 0.26630490000000007
3 0.0005682568 0.6423932 0.12646694 0.85784954 0.49759707
3 0.000562148 0.63513386 0.0075993933999999996 0.78568363 0.26992565
3 0.0005605703299999999 0.115630925 0.29515925 0.57983696 0.7802569
4 0.0005600925 0.410214 0.38567197 0.87672204 0.9682789
8 0.0005588887 0.7039155 0.0 0.86236215 0.5759025
3 0.0005542976 0.04342868 0.18126804 0.27737087 0.5366899
3 0.0005483042 0.10608091 0.3283185 0.31664103 0.66495675
8 0.00053541164 0.0 0.19915839 0.13885564 0.51227653
4 0.0005310307 0.08027497 0.72089416 0.41737852 0.95921665
3 0.00053084927 0.15912636 0.347379 0.39461988 0.6536142
3 0.00053081685 0.30979988 0.15096855 0.6119720000000001 0.69258875
1 0.0005185536599999999 0.58965683 0.8009581 0.8661517 0.9725305000000001
3 0.00051510375 0.008531012 0.007542564 0.20575559 0.13682355
3 0.0005033143 0.34235635 0.64124125 0.5676348000000001 0.94495773
7 0.00050043134 0.5532844 0.8181107 0.9762291 0.99435925
8 0.0004949688 0.5811215000000001 0.111032724 0.80687314 0.52573216
3 0.00049490464 0.014596551999999999 0.009165545 0.24991089 0.19558923
8 0.00049355126 0.6026461999999999 0.0 0.7995146 0.23483606
8 0.0004922275 0.13092938 0.17742944 0.28237048 0.7633784
7 0.00048754862 0.0 0.8022138000000001 0.40789393 0.994518
13 0.00048579977 0.036129087000000004 0.8184889 0.36599532 0.96330345
3 0.00048517712 0.023581058 0.01521651 0.26879759999999997 0.39024344
9 0.00048357812999999994 0.0 0.014384323000000001 0.1353611 0.23571028
8 0.00047662252 0.04551387 0.06949382 0.66404533 0.6486428000000001
9 0.0004758467 0.0 0.024655554 0.092971124 0.343535
8 0.00047191100999999995 0.5889663 0.12544473 0.91944236 0.43309328
3 0.00046749663 0.052566767 0.03878909999999999 0.42178252 0.29499474
3 0.0004673844 0.64241576 0.02749561 0.85051584 0.35579878
8 0.0004662378 0.44203615 0.0 0.7961600000000001 0.75270545
4 0.00046366779999999997 0.5982028 0.6834236 0.9433055 0.9710549
8 0.0004633421 0.16757005 0.18602228 0.32870626 0.7698635
6 0.00046137435 0.39732558 0.5457441999999999 0.88619775 1.0
3 0.00045990452000000006 0.46750736 0.37378883 0.7714329000000001 0.60145456
3 0.00045788375 0.6893710999999999 0.075092554 1.0 0.5052456
8 0.000455238 0.26696348 0.34744284 0.5955332 0.6570569
3 0.00045475745 0.509204 0.05725531 0.8113063 0.3156651
3 0.00045351844000000006 0.06626699999999999 0.16883108 0.36786854 0.6222004
4 0.0004514454 0.22628388 0.80776817 0.59892464 0.97743195
3 0.00044926355 0.6824889000000001 0.05957177 0.907429 0.44879374
8 0.0004464613 0.76073676 0.0 0.9532215 0.97539395
3 0.0004410126 0.06738202 0.26601090000000005 0.33984834 0.8613753000000001
3 0.0004396983 0.18231599 0.29516315 0.36447728 0.73639965
8 0.00043046145999999993 0.0 0.01756488 0.14230773 0.17114647
3 0.00042009032999999995 0.09429102 0.25934455 0.43220967 0.7153632
12 0.00041975777 0.13095684 0.8199348 0.41082197 1.0
8 0.0004195197 0.58307654 0.0 0.921745 0.51100075
1 0.00041772163 0.005748838 0.0 0.07810061 0.32277912
3 0.00041532559999999996 0.6415727 0.0 0.8580638 0.19393803
9 0.00040547013999999993 0.13269734 0.70557624 0.41866422 0.9787030999999999
3 0.00040015878 0.74420536 0.028922702999999998 1.0 0.40814385
3 0.00040002610000000003 0.6119793 0.0 0.91748255 0.13114408
3 0.00039765339999999996 0.33564433 0.47825566 0.5381765000000001 0.9496392
4 0.0003975011 0.24661845 0.2901838 0.6961106 0.9870204
8 0.00039297232 0.0 0.20480170000000003 0.61928064 0.81845254
4 0.00039190604 0.62319446 0.6015427 0.81551576 0.95881015
6 0.00038813267 0.41213918 0.042136975 0.66554606 0.23671368
8 0.0003867165 0.13366571 0.23178954 0.35193455 0.6630251
12 0.00038528727999999996 0.1159333 0.30945596 0.38272209999999995 1.0
3 0.00038466712999999996 0.026598856 0.41173255 0.25478629999999997 0.9101046
12 0.0003831471 0.59850764 0.0 0.7892416999999999 0.4324552
7 0.00038140144999999995 0.40965927 0.013354891 0.71289706 0.23474441
1 0.00038118962999999996 0.24680153 0.62923986 0.81995785 0.9563621999999999
12 0.00037682940000000005 0.21884534 0.4273388 0.729669 1.0
8 0.00037644239999999997 0.47274286 0.07563167 0.79169005 0.3827063
2 0.00037561669999999997 0.04542458 0.8242478000000001 0.36814818 0.9962184000000001
4 0.00037400078 0.71550804 0.6839804 1.0 0.9728339
12 0.00036888991999999997 0.61094844 0.8249350000000001 0.9107413000000001 1.0
8 0.00036853403 0.0 0.326214 0.13744771 0.61265844
8 0.00036724410000000006 0.0 0.05978905 0.16018638 0.70116067
8 0.00036677160000000004 0.0011066496000000001 0.29310784 0.2553905 0.594116
8 0.00036325885 0.0 0.0 0.18730456 1.0
9 0.00036193120000000003 0.22208205 0.0 0.7319982 0.51658916
12 0.00035400764 0.1805785 0.38521653 0.431407 1.0
9 0.0003508623 0.5724818 0.40193167 0.9194127000000001 0.99420005
2 0.0003425012 0.13706893 0.82820493 0.47208977 1.0
8 0.0003381618 0.26378596 0.33731118 0.419073 1.0
8 0.00033641708 0.0 0.07380433 0.28615367 0.6688113
4 0.00033406243999999996 0.18193620000000002 0.30700076 0.5095357 0.97926754
12 0.00033172082999999997 0.44287550000000003 0.14726591 0.83575857 1.0
13 0.00033039827000000004 0.16087538 0.38648546 0.62867016 0.9037586
1 0.0003295241 0.44457227 0.0 0.63730043 0.23029089
12 0.0003251453 0.05385548 0.0 0.63343716 0.6137391999999999
1 0.00032436656 0.18484432 0.26988947 0.7738480999999999 0.79472345
9 0.00032098799999999997 0.55971056 0.043339107 0.8056932 0.47676766
8 0.00031831532 0.7070041 0.0015539460999999999 0.9203546999999999 0.22855918
7 0.00031426144 0.56977904 0.014904724 0.78143084 0.31991917
12 0.00031038336 0.26973408 0.0 0.68969893 0.5074251000000001
8 0.00030855247000000004 0.16365728 0.45209032 0.60335946 1.0
8 0.00030747056 0.15778673 0.112456 0.8700533000000001 0.68829215
8 0.00030624025 0.53036493 0.016430194 0.87649316 0.73301303
4 0.00030190032000000004 0.30595443 0.23345906 1.0 0.947416
1 0.00030100677000000005 0.5898190999999999 0.0020068751 0.777992 0.47476809999999997
12 0.00029970804 0.004623685 0.0 0.08003022 0.29826123
7 0.0002985353 0.0 0.0 0.09855562 0.3305971
13 0.00029769447 0.15783411 0.49943188 0.85351473 0.95480305
5 0.00029624402 0.004185736 0.0 0.08788649 0.314139
9 0.00029403693 0.2773155 0.80556375 0.56473404 0.98187715
8 0.00029392666000000004 0.3299357 0.35902312 0.47975424 1.0
13 0.00029133676 0.056592077000000005 0.75125164 0.38616267 0.9508810999999999
12 0.00028997567 0.33149952 0.65431017 0.92260045 1.0
4 0.00028850292 0.81199104 0.80778503 1.0 0.97441274
7 0.0002855215 0.25540978 0.3815958 1.0 0.9732502000000001
9 0.00028445048 0.45556885 0.6718194000000001 0.753676 0.9637535
4 0.00028236752 0.30529645 0.5108758 0.8378890999999999 0.9810367
1 0.00028219702999999997 0.47400686 0.34397262 0.85917234 0.89922076
12 0.00028139064999999997 0.5877637 0.0 0.7317986 0.45852798
5 0.00027861755 0.14312963 0.8135722 0.51746714 0.9688575999999999
12 0.00027419522 0.053916245999999994 0.34139723 0.54627895 1.0
6 0.00027353875 0.36409456 0.7709188 0.75321656 1.0
9 0.00027301779999999997 0.54524887 0.16914734 0.9276235 0.46839535
12 0.00027202448 0.03182149 0.0 0.319301 0.53910905
9 0.0002684206 0.46382976 0.10914705 0.84581244 0.9046368
9 0.0002684183 0.26815307 0.30469242 0.66661716 0.9245991
11 0.00026724557 0.10490671 0.85147125 0.41678813 0.9996123
2 0.00026674403 0.45219907 0.008551704 0.6592655 0.23878945
12 0.00026601471 0.6148387 0.0 0.76165307 0.29360023
9 0.00026496415 0.6520743 0.052169877999999996 0.9004201 0.46556717
12 0.00026302994 0.55814207 0.0 0.7041155 0.3413132
12 0.00026147443 0.56244165 0.015154892 0.75819236 0.50910634
9 0.00026083007 0.64776635 0.8272031999999999 0.9129908999999999 1.0
12 0.00025930017000000004 0.29271835 0.06362629 0.65432435 1.0
12 0.0002571938 0.08036776 0.7388887 0.35818112 1.0
2 0.00025668720000000003 0.38858002 0.6935338000000001 1.0 1.0
12 0.00025611266 0.38310668 0.0 0.91592526 0.6233138
9 0.00025579924 0.0 0.015166866000000001 0.19400543 0.34388053
4 0.000250721 0.56860894 0.5820286 0.7543978 0.9539745999999999
7 0.00024973118 0.0 0.0 0.19725084 0.35224659999999997
5 0.0002489566 0.027689382000000002 0.82338935 0.25018722 0.9853851999999999
7 0.00024755526000000004 0.18705669 0.6842149000000001 1.0 1.0
1 0.00024683197 0.6017398 0.08997736 0.873099 0.46405336
12 0.00024600816000000005 0.018505082 0.0 0.16626394 0.34335659999999996
1 0.000244143 0.32338274 0.18244849 0.7558286 0.89261067
12 0.00024405707000000002 0.6902529000000001 0.0 0.8696588 0.45443365
