3 0.09705122599999999 0.012523896999999999 0.50693923 0.17708597 0.7712446
8 0.089980975 0.016730577 0.48065907 0.17404492 0.7468511
8 0.05128214 0.011996571000000001 0.40396306 0.12605421 0.79210335
3 0.050439328 0.024110548 0.42918357 0.22062665 0.68278897
3 0.031159831000000002 0.2675438 0.49493876 0.94170105 0.9441219000000001
8 0.026926452000000003 0.0014779791 0.36254495 0.20234156 0.6587084
3 0.021904962000000004 0.089232475 0.81545186 0.47096583 0.9805671999999999
3 0.021855608 0.0070302077 0.42062309999999997 0.13094012 0.767452
8 0.019961871000000003 0.0 0.4314057 0.21885696 0.73962194
8 0.017220108 0.12294191 0.39280167 0.7638173 0.9790459999999999
3 0.016284501 0.04437627 0.53782886 0.32955277 0.97558385
8 0.015653811 0.029733494 0.8122981 0.34206384 0.9955229
3 0.015554848999999999 0.038899273 0.5590298 0.265191 0.84767395
3 0.014178313 0.15293792 0.5399953000000001 0.6550969 0.96186554
8 0.013315998 0.02080658 0.3907219 0.24945572 0.9740369000000001
3 0.012135225 0.25121763 0.6813859 1.0 0.94461197
8 0.010989145 0.024433404 0.7104705 0.33610457 0.98667824
3 0.010988838 0.107298434 0.5279139 0.47942984 0.9785369
8 0.010846708 0.0015982613 0.25962734 0.15677777 0.7685569999999999
8 0.010523076999999999 0.08469874 0.4989017 0.5084362 0.9968408000000001
8 0.010491449 0.014034643999999999 0.53043777 0.16533749 0.82651794
8 0.009339345 0.012349684 0.4719561 0.11248810599999999 1.0
8 0.009335604 0.039221495 0.22478338 0.35001509999999997 0.9816283000000001
3 0.00904971 0.29321742 0.45243698 0.6399935999999999 0.9141226
8 0.008752004 0.032606035 0.30270052 0.59715796 0.9602428
3 0.008039661 0.1569624 0.7120161 0.45169709999999996 0.9566976999999999
3 0.008009368000000001 0.014240935 0.3513828 0.17413482 0.8197015999999999
3 0.007828714 0.026543401 0.5901699 0.2190314 0.904
1 0.007790401999999999 0.0 0.44501707 0.13215885 0.77718544
3 0.0077739214 0.4299491 0.43096999999999996 0.811948 0.9159939
3 0.0073571648 0.6605477 0.52767074 1.0 0.8835049999999999
3 0.007351020400000001 0.5729616 0.3638335 1.0 0.84591705
8 0.0073414957 0.0074840263 0.37085828 0.097910635 0.9043538000000001
3 0.007280081999999999 0.19259426 0.8147375 0.6406456 0.97245353
8 0.006992589699999999 0.5513754 0.43579520000000005 0.963725 0.9456815999999999
3 0.0069462275 0.23308924 0.37109232 0.73603356 0.89563495
8 0.0068774230000000006 0.009064652 0.16595067 0.17080978 0.926639
8 0.006567992 0.5017684 0.29174224 0.89345974 0.95710987
3 0.0061824713 0.0022748783 0.37701333 0.17788470000000003 0.63718766
8 0.0061193267 0.11141975 0.30756578 0.40497595 1.0
8 0.006056173000000001 0.3400054 0.14009598 0.693918 1.0
6 0.00605242 0.0 0.51407593 0.165652 0.7965869000000001
8 0.0060227825 0.0 0.5067782000000001 0.22359854 0.8487723
3 0.0057779513000000005 0.50100446 0.45909786 0.98074305 0.89524347
8 0.0051955464 0.0 0.0 0.28800806 0.9892243000000001
3 0.0047632279999999996 0.6334873000000001 0.66601706 1.0 0.9402969999999999
8 0.0047029345 0.20795439 0.0 0.5870949000000001 1.0
3 0.004658619 0.025622792999999998 0.35663715 0.21455479 0.94824815
13 0.0045396076 0.0 0.4862254 0.16739525 0.767237
3 0.004407312 0.15686232 0.5832474 0.37394536 0.93636143
7 0.0044035534 0.0 0.32290062 0.13972647 0.8227189
3 0.0042539123 0.00888548 0.2785789 0.14551127 0.7276323
3 0.004150239 0.31089765 0.8137703000000001 0.7772078 0.9731013000000001
6 0.004144737 0.0 0.4556977 0.2031943 0.74774295
1 0.0040823813 0.0 0.3455769 0.19209619 0.6664914000000001
8 0.0040513296 0.09574049999999999 0.6274429 0.8059651999999999 0.9633997
13 0.003993755999999999 0.0054296330000000005 0.33716348 0.11063588 0.72476333
8 0.003920573 0.31591892 0.29450765 0.8128445 1.0
8 0.0039101345 0.5656691 0.604985 0.9429113000000001 0.96795094
8 0.003892073 0.009203016999999999 0.6337550000000001 0.60278875 0.9904875
8 0.0038899959 0.0 0.02488984 0.15063798 0.82903147
3 0.0037720747999999997 0.010567799 0.50177175 0.12972709999999998 0.9385403
8 0.00372363 0.44266665 0.0 0.80012214 1.0
11 0.0035376458 0.013370313 0.41366047 0.11304916 0.80806035
3 0.0035335221000000003 0.07997760000000001 0.44908279999999995 0.40108576 0.8912573
3 0.0034788456 0.07300258 0.6991708000000001 0.5995766 0.9748392
6 0.0034411915000000003 0.0 0.4122451 0.11577190000000001 0.79367435
3 0.0034101059999999996 0.020571277 0.75534207 0.33109957 0.9909367
7 0.0033798132000000002 0.0 0.43128607 0.20736966 0.843985
3 0.0033525145 0.24218783 0.58343285 0.48182747 0.92715573
2 0.0033146169 0.0 0.44951588 0.14920998 0.8480366
4 0.0032265256 0.05804509 0.8110326 0.39682449999999997 0.97566795
13 0.0031718637 0.0 0.43580905 0.20771986 0.73055524
3 0.0031610369 0.23345889 0.6865451 0.6681374 0.9411371999999999
3 0.0031059359 0.37015706 0.6943786999999999 0.8490072 0.95348996
1 0.0030602536 0.0 0.35980347 0.1015502 0.788824
8 0.0030479328999999996 0.12641098 0.0 0.47260630000000003 1.0
3 0.003035907 0.47647473 0.75348073 0.91831696 0.9758889000000001
4 0.0030279593 0.06502192 0.7192079 0.37389028 0.95809335
3 0.0029948528000000004 0.5635084 0.6109719 1.0 0.9090584
3 0.0029610920000000002 0.43242806 0.26879546 0.93206865 0.9053228999999999
11 0.0029059540999999997 0.028458058999999997 0.51513225 0.17452623 0.82431126
4 0.002840966 0.18538363 0.4537201 0.65451336 0.99261
8 0.0027953694 0.48888105 0.6530041999999999 0.85761434 0.97394794
3 0.0026926207 0.6304188000000001 0.6231707 0.87144256 0.9390741
12 0.002597425 0.01748225 0.34619036 0.115624756 0.9154716
4 0.0025879692 0.012787759 0.42846864 0.21256113 0.675289
4 0.0025787468 0.0150475055 0.50227547 0.17258368 0.74200577
3 0.0024554576 0.2947687 0.55227834 0.54633534 0.93538827
8 0.0024486077 0.0015632436 0.32385436 0.1531553 0.61159325
9 0.0023822857000000003 0.020672358999999998 0.44150835 0.15858692 0.8153213
8 0.0023683328 0.002074387 0.25573322 0.10886526 0.676478
3 0.0023428258 0.16655279999999997 0.26933324 0.48723477 0.96621555
11 0.0021628498 0.04166515 0.46853098 0.21561126 0.7559129
3 0.0021621105 0.053235784 0.49376193 0.3807773 0.7168920999999999
6 0.0021579638 0.013661265 0.8395577 0.41410658 1.0
9 0.0021206632 0.015527333999999999 0.34160504 0.1187738 0.75988775
3 0.0020885202 0.075807944 0.31020036 0.37650645 0.74084836
8 0.0020532582 0.60334826 0.52321553 0.7889801 0.9747809000000001
12 0.0020217984 0.042696573 0.4616054 0.16935626 0.83483803
4 0.0020206864 0.2158196 0.39914054 0.84785104 0.9993478000000001
3 0.0020206004999999997 0.5314437 0.18547143 0.8848007999999999 0.84979516
3 0.0020091624 0.056672587999999996 0.40675348 0.3444065 0.6308901
3 0.001983925 0.026555076 0.124468304 0.24833135 0.70449567
6 0.00196614 0.0 0.48819890000000005 0.18693432 0.90335476
4 0.0019390237 0.003585495 0.38513884 0.12382319 0.6997369999999999
3 0.001928534 0.33117473 0.24489361 0.6898266 0.91179967
8 0.0018323364 0.0065873116 0.40788522 0.31918257 0.7111439
12 0.0018067289000000002 0.052100732999999996 0.40664297 0.19408341 0.7709878000000001
4 0.0017843142999999998 0.0 0.5624201999999999 0.16657999 0.8189017
8 0.0017481822 0.33402854 0.5957379 0.88258773 0.9687191999999999
8 0.0017181935 0.11084844 0.8104347 0.46434832 1.0
3 0.0016366753 0.21474305 0.23097484 0.74797726 0.6738029000000001
8 0.0016267294 0.28132004 0.23687138 0.94818395 0.88025314
8 0.0016189028 0.033772662 0.32249385 0.21144855 0.8772511999999999
1 0.0016024410999999998 0.015519871999999999 0.81170136 0.3779161 0.9613493000000001
3 0.0015910908 0.008296735999999999 0.62537843 0.15623921 0.99453014
3 0.0015791548999999998 0.052873544 0.21945715 0.27219109999999996 0.8738089
8 0.0015741033 0.13581839 0.52368444 0.2884576 1.0
8 0.0015582088 0.0 0.07723369 0.5639588000000001 0.68102294
9 0.0015563832 0.012787379 0.41136350000000005 0.23143083 0.7773181
8 0.0015560232999999998 0.0 0.03621888 0.22337353 0.6212233
3 0.0015024536 0.14982331 0.43753788 0.44107926 0.65782624
4 0.0014847604999999999 0.18983857 0.8109310000000001 0.5419184 0.97864175
10 0.0014560021 0.017649963 0.46331745 0.2256893 0.7582249
8 0.0014239048000000002 0.40149617 0.73941684 0.7396103 0.9890642
8 0.0014139292 0.6053065 0.0 0.93910503 0.95525056
3 0.0014075019000000001 0.2060377 0.33012265 0.8799203000000001 0.78743935
2 0.0013958088 0.0 0.32437107 0.09881117 0.82299304
8 0.0013956134 0.51457524 0.33160043 0.895231 0.6326668000000001
3 0.0013866185999999998 0.6046814 0.37097678 0.9509784 0.598755
9 0.0013750526 0.13766445 0.8170466 0.41229177 0.98727936
8 0.0013655167000000002 0.46558708 0.6722481 0.6977151999999999 1.0
8 0.0013544301999999999 0.70349824 0.22648545 0.88854253 0.802198
8 0.001347205 0.1306968 0.23683649999999998 0.29294693 0.7897721
4 0.0013237541 0.015163153 0.55215573 0.72770786 0.9540216999999999
12 0.0013135714999999999 0.13576964 0.41644457 0.6946708 1.0
8 0.0013098252 0.09185011 0.58074105 0.22989881 0.999282
3 0.0013076799 0.86494094 0.17659856 1.0 0.57571024
7 0.0013009375 0.0 0.34360662 0.25429654 0.71361285
8 0.0012800288 0.24670053 0.8011626999999999 0.5875881 1.0
3 0.0012686731 0.14021255 0.29038578 0.5458927 0.7099046999999999
3 0.0012637846 0.52942795 0.5717024 0.80706495 0.9420765
8 0.0012491824 0.8724120000000001 0.050510723 0.98256654 0.5416009
13 0.0012450737 0.0011955798 0.47069868 0.10943567 0.904121
3 0.0012315569 0.72558504 0.18949212 1.0 0.8526780999999999
2 0.0012032517 0.005307681999999999 0.40652037 0.19627771 0.7780560999999999
3 0.0011983686 0.017963238 0.34475884 0.22715572 0.5981430999999999
8 0.0011684502 0.5233799 0.4791638 0.703959 1.0
13 0.0011657962 0.004303597 0.56712097 0.23600948 0.84954154
13 0.0011654032 0.09891412 0.5055868 0.61098754 0.9568370999999999
5 0.0011559088 0.006607935 0.39695916 0.14255542 0.92427677
4 0.0011412227000000001 0.14978229999999998 0.6758837 0.38921785 0.9510335999999999
3 0.0011358961 0.02355121 0.26742944 0.31686234 0.5428513
4 0.001130286 0.1428998 0.31479192 0.5657773 0.96795326
4 0.0011087493 0.013286859 0.38849902 0.30175534 0.91374874
8 0.0010962136 0.0 0.33141592 0.27656007 0.62461406
3 0.0010954783 0.26372615 0.27629885 0.58593166 0.9496846999999999
8 0.0010910757 0.21617837 0.52354634 0.38965076 0.99486023
1 0.0010871376 0.0 0.19608712 0.124923125 0.7666987
8 0.0010796881 0.10444469999999999 0.6792279999999999 0.44433266 1.0
8 0.0010748189 0.0 0.03759436 0.15074427 0.27741948
4 0.0010668498 0.24832964 0.6407515 0.9667752000000001 0.96379304
2 0.0010631987 0.013003141000000001 0.336652 0.20289369 0.6878907
3 0.0010574252000000001 0.7156513000000001 0.33594894 1.0 0.5815536
4 0.0010565573 0.02459301 0.503052 0.39663547 0.95026535
8 0.0010534197 0.28237548 0.4923357 0.45901313 1.0
8 0.0010487004 0.8301710999999999 0.072759524 0.97689366 0.45587920000000004
8 0.0010365192 0.15541429999999998 0.36188865 0.50101817 0.6426006
3 0.0010251084 0.04687705599999999 0.4229029 0.30918553 0.72594976
8 0.0010166148 0.07920551 0.35549933 0.38437757 0.6411448000000001
5 0.0010138046 0.012186676 0.44122463 0.23914844 0.84817845
4 0.0010129021 0.0066835359999999995 0.51412445 0.23170859 0.92250305
8 0.0010008178999999999 0.013670072 0.7087060000000001 0.21889979 0.9960281999999999
3 0.0009995488000000001 0.8114668 0.21383871 1.0 0.5164880999999999
3 0.0009797113 0.4920938 0.3897572 0.8121877 0.60546494
4 0.0009773344 0.016860351000000003 0.4574205 0.18233813 0.8326399999999999
13 0.0009605721000000001 0.005759015699999999 0.40107027 0.24475144 0.6646555000000001
8 0.0009548569999999999 0.53037465 0.032830793 0.9116144 0.41440007
7 0.00095287646 0.0 0.34174716 0.34402323 0.91699296
8 0.0009445625999999999 0.58083475 0.15435475 0.8065281 0.58058524
7 0.000932543 0.0 0.42631847 0.29945868 0.78952926
9 0.0009313407 0.10582034 0.72325927 0.38916308 0.98518467
7 0.0009260942 0.012879893 0.8017131 0.4155991 0.9861234
3 0.0008987214 0.2743292 0.39305305 0.55746746 0.6003538
8 0.0008949499499999999 0.8968134 0.01703971 0.9903054 0.31878805
3 0.00089217554 0.033219202999999996 0.016052153 0.19454585 0.24146710000000002
4 0.0008867147000000001 0.29092818 0.15778542 0.7151521 0.99065906
8 0.0008843814 0.4577942 0.0 0.9231415000000001 0.8004020000000001
8 0.0008817342999999999 0.85261667 0.023350166000000002 0.9863939 0.21918800000000002
8 0.0008815861 0.0 0.010328186999999999 0.35992628 0.5516528
8 0.0008757299000000001 0.35273278 0.64444566 0.6786772 0.9918601999999999
6 0.0008750703 0.08143708 0.5590086 0.84754694 1.0
9 0.0008698472 0.008274496 0.51457053 0.23915231 0.8749722
5 0.00086832076 0.026914306000000002 0.34530073 0.27391285 0.80164886
3 0.0008640338 0.04810606 0.38941306 0.24662082 0.83441544
9 0.0008625153 0.013749458 0.21147463 0.15554994 0.82373345
10 0.0008606695 0.021581516000000002 0.53112125 0.19311789999999998 0.8335582
8 0.0008565239999999999 0.051085025 0.17808983 0.7249701 0.7622021
12 0.00085458864 0.12282774 0.4957817 0.5250248000000001 1.0
3 0.00085019297 0.012697883 0.003625777 0.16017982 0.19334796
4 0.0008444105 0.15065235 0.5532658 0.32823259999999993 0.9538129999999999
12 0.0008439866999999999 0.06850208 0.8174588 0.34026540000000005 0.99625367
8 0.000842761 0.6721228 0.037501707999999995 0.93935984 0.43090159999999994
3 0.0008305281 0.6457601 0.18775328 0.8706065000000001 0.5412140999999999
10 0.0008272606 0.011911063999999999 0.41376215 0.2703165 0.6834336999999999
12 0.0008208778999999999 0.04809515 0.7266054 0.32674998 1.0
12 0.0008094878 0.05873657 0.35362673 0.22273731 0.70606387
9 0.0008083905 0.07192209 0.8225886999999998 0.3373144 0.98870796
3 0.0008051846000000001 0.20097679 0.41948617 0.47946757 0.6198744
3 0.0008036568 0.06199734 0.16007145 0.34658396 0.6976591999999999
12 0.00080258737 0.063491225 0.34215352 0.45395184 1.0
12 0.0008015088000000001 0.027218513 0.39705867 0.24230003 1.0
9 0.0007875832000000001 0.014033556 0.35815707 0.30337593 0.69644517
3 0.0007711495 0.14123362 0.45714486 0.36579102 0.7690094
4 0.0007680492999999999 0.024896927000000003 0.46825817 0.26999298 0.7330384
4 0.0007652178 0.34943202 0.3887952 1.0 1.0
1 0.0007576602499999999 0.05440283 0.36024112 0.70475453 0.89092284
4 0.0007510705 0.24611974 0.5417401 0.42161918 0.9368921999999998
9 0.0007487094 0.36089918 0.5349335 0.736228 0.9916261999999999
6 0.0007486422000000001 0.09505668 0.6339085 0.62777734 1.0
10 0.00074854866 0.027526237000000002 0.52762973 0.26780307 0.7825688000000001
13 0.0007473971 0.06188312 0.80998236 0.3778958 0.9728041999999999
12 0.00074476417 0.034733288 0.16030844 0.16121373 0.9971269
3 0.0007364667999999999 0.0 0.821155 0.18822604 1.0
9 0.0007304945 0.28130957 0.40577123 0.8297162 0.97027504
1 0.0007268547 0.0 0.70420927 0.35423309999999997 0.9512136999999998
4 0.0007256315400000001 0.2899873 0.8074024000000001 0.66620636 0.9713072
3 0.0007229016000000001 0.37305528 0.4114666 0.71763057 0.62588197
1 0.0007192563499999999 0.0 0.3849 0.24622856 0.7040434
8 0.0007191009 0.32256743 0.33836809999999995 0.649258 0.65184295
3 0.0007185525 0.15364733 0.3364772 0.33441666 0.7928472
3 0.00071580964 0.24717347 0.44718117 0.56833297 0.6527744000000001
8 0.0007144639999999999 0.5541557 0.038357300000000004 0.7377454000000001 0.3234071
9 0.00070473447 0.26263547 0.44182923 0.61810726 0.9709843
8 0.00070106133 0.5105213 0.053417099999999995 0.6887343 0.3235866
3 0.0007003308 0.57465345 0.24379174 1.0 0.66317904
8 0.0007000172999999999 0.84939826 0.047250457 0.9812738999999999 0.33682445
9 0.0006961252000000001 0.063473284 0.40347692 0.30253455 0.9467125
8 0.0006906980999999999 0.14215335 0.0476756 0.82804155 0.36462015
7 0.0006851800999999999 0.0 0.17017205 0.17691582 0.87596685
8 0.000684523 0.103251845 0.021126058 0.5956285 0.48203325
8 0.0006814158 0.51620877 0.6213894 0.7560606 1.0
5 0.0006795239999999999 0.011081934 0.50815374 0.33710450000000003 0.99945056
8 0.0006783914999999999 0.45864522 0.0 0.86735964 0.5408286999999999
4 0.0006708501 0.5753129 0.19920659 1.0 1.0
8 0.0006693445599999999 0.42957628 0.33547318 0.7480210999999999 0.6238598000000001
2 0.0006687974000000001 0.0709655 0.8199761999999999 0.39550796 1.0
4 0.0006668292 0.18998767 0.69168705 0.5381175 0.95828587
3 0.00066657667 0.81213236 0.15133078 1.0 0.43775645
4 0.0006631443400000001 0.5122032999999999 0.4723675 1.0 0.97675735
8 0.0006608437400000001 0.011898 0.58983624 0.07734908 1.0
8 0.0006605499000000001 0.31531465 0.0 0.67561287 0.79932916
13 0.0006596532 0.0 0.37583897 0.5383840999999999 0.93910474
13 0.0006574746000000001 0.21134679 0.5760751000000001 0.7093976 0.9376933000000001
12 0.00065743196 0.64380735 0.49162680000000003 0.9142066999999999 1.0
8 0.00065119774 0.61660516 0.22951813 0.85514987 0.6979029
8 0.0006438635 0.77565694 0.01577915 0.95933986 0.6890338
3 0.0006436229499999999 0.05073902 0.052116685 0.26224092 0.4045258
1 0.0006402344 0.0 0.4801513 0.21918276 0.8404168
5 0.0006400809 0.073180676 0.82115775 0.45782453 0.9842219999999999
3 0.0006382184 0.030157395 0.07766185 0.19419858 0.3430917
4 0.0006339622 0.07995547 0.15402007 0.40968472 0.94035405
10 0.00062271144 0.004666008 0.39878947 0.11745668 0.8601951999999999
6 0.0006217421599999999 0.0 0.5077875 0.12811592 0.9927511
9 0.00061788637 0.22376087 0.83226204 0.5030247999999999 0.989489
7 0.0006178779000000001 0.0 0.38643688 0.90969276 0.9535368000000001
11 0.0006167534 0.18787801 0.5082844 0.8469386000000001 1.0
6 0.00061169796 0.0 0.44389746 0.33697009999999994 0.7209549
8 0.00060749287 0.67522234 0.30773667 0.9462984 0.7235391999999999
3 0.0006068714 0.6680499 0.0851031 0.99197096 0.43587366
13 0.0006044143 0.0 0.35025883 0.2191908 0.89369035
12 0.0006022911000000001 0.0109000355 0.80927545 0.26915306 1.0
12 0.0006006935 0.022189014 0.50171673 0.14885086 0.8760644000000001
12 0.00059720053 0.2282698 0.37520352 0.49730527 1.0
3 0.0005971866000000001 0.89590186 0.015135977 1.0 0.30114576
8 0.0005970622 0.5116742999999999 0.10108892 0.75356233 0.52539295
3 0.0005970144999999999 0.74842584 0.2805256 0.93181086 0.7326298000000001
7 0.00059626886 0.0 0.5060423 0.3107656 0.8741431000000001
8 0.0005932676000000001 0.33315742 0.27631998 0.56158745 0.6686645999999999
8 0.0005928285500000001 0.0 0.086384214 0.15332934 0.37894878
6 0.0005909605 0.0 0.346057 0.16312437 0.8423689
8 0.0005904225 0.6026100999999999 0.36773193 0.95028865 0.64281166
9 0.00058620493 0.014022399 0.44337165 0.122283444 0.94191563
13 0.0005850129 0.50927824 0.3466013 0.9949935999999999 0.9310161
8 0.00058318157 0.099085644 0.05524389 0.34248507 0.45987967
6 0.0005826054 0.0 0.57843906 0.2912627 0.8665709
13 0.00058078294 0.041608304 0.73432475 0.3837565 0.9582584999999999
11 0.0005767999 0.038036533 0.42484275 0.24474734 0.68472606
3 0.0005765668 0.012320898500000002 0.23083812 0.19468808 0.5066207
3 0.00057537114 0.85150313 0.07023234 1.0 0.46354809999999996
8 0.0005731393 0.55560815 0.030837059 0.7951008 0.44147053
7 0.0005720476 0.0 0.7104893 0.41584885 0.9786110999999998
13 0.00056855055 0.0 0.5107995 0.34744883 0.95564896
13 0.00056492764 0.010078609 0.25914776 0.16308218 0.7464334
1 0.00056419667 0.17437759 0.62533486 0.7428678000000001 0.9230896999999999
8 0.0005618082 0.57024765 0.14244671 0.8870870000000001 0.43476182
3 0.00056176796 0.862108 0.009094106 1.0 0.21378575
3 0.0005611665 0.019584775 0.16680656 0.19625145 0.43503314
4 0.0005611207 0.42031723 0.2899367 0.73537415 1.0
