8 0.13754439999999998 0.0 0.41340154 0.22998629999999998 0.66626734
3 0.13601804 0.020539999 0.36664248 0.30787092 0.6474203000000001
8 0.118792966 0.0 0.3354847 0.21708527 0.5965894
3 0.06471928 0.059200972000000004 0.3886092 0.3758588 0.6969522
8 0.06001615 0.0 0.45130770000000003 0.17013177 0.6929599
8 0.046888474000000006 0.0 0.36142027 0.13623545 0.63048345
8 0.045396484 0.0 0.24373797 0.17462294 0.62374246
3 0.040550757 0.0 0.40898454 0.2628563 0.7394130999999999
8 0.038666826 0.0 0.2771385 0.15625994 0.7635754
3 0.03055459 0.0081938505 0.36153644 0.20191757 0.6687018
8 0.02766551 0.0 0.3230125 0.105251774 0.71419317
8 0.025486004 0.0 0.43306267 0.10526985 0.7932170999999999
8 0.024682017 0.0 0.3749094 0.26760426 0.7249816
8 0.023463456 0.0 0.3141966 0.32444406 0.5772809
8 0.022694686000000002 0.0 0.27290484 0.25317213 0.64730686
3 0.022402795 0.094174355 0.33304766 0.4182522 0.59178245
3 0.013165513 0.09373239 0.27038017 0.35849893 0.66034067
8 0.0126089165 0.0 0.10033796 0.16801955 0.9387485000000001
3 0.012085833 0.41298429999999997 0.43982854 0.7705044 0.9112604
3 0.011854093500000001 0.11411938 0.8186026999999999 0.54495 0.9807125
9 0.011455413000000001 0.021878101 0.39351097 0.24176875 0.7137051
3 0.011022313999999998 0.12390438 0.48146173 0.73361576 0.95857537
3 0.010379843 0.59474546 0.81059366 1.0 0.9614735999999999
3 0.010125869000000001 0.2961163 0.8190219 0.7539293 0.97662014
3 0.009306518 0.0 0.36413994 0.14607623 0.76222265
3 0.009162764 0.21153507 0.43053356 0.8618133 0.8955719999999999
11 0.009136489 0.045054197000000004 0.40784833 0.29911932 0.68719834
8 0.008822650999999999 0.009346805500000001 0.22827270000000002 0.20598602 0.76987547
2 0.0083956905 0.027297169 0.41407686 0.27693015 0.7600756
7 0.008307609 0.0 0.37754685 0.29234552 0.7792602
9 0.008258442 0.019030258 0.32402137 0.25613898 0.6187296
8 0.008052468 0.0 0.37748423 0.12007016 0.9022409
3 0.008026481 0.5605916999999999 0.39796752 0.9204551999999999 0.876318
3 0.007993626 0.07408200000000001 0.47359636 0.51713157 0.97493964
3 0.007900994 0.3785905 0.47997603 1.0 0.9422918
8 0.0075617665 0.6003006999999999 0.8077505 0.9766173 0.97508603
1 0.006912828 0.0 0.44032016 0.18640387 0.7267965999999999
6 0.006672671999999999 0.0 0.43680158 0.28873336 0.7147521
8 0.006559486999999999 0.0 0.18356615 0.30096006 0.71293277
3 0.006469208299999999 0.01398395 0.26989046 0.19879794 0.7829734
4 0.0064317440000000005 0.011484995500000001 0.4094913 0.26583755 0.6695485999999999
3 0.006032188000000001 0.39269572 0.7538922 0.87411267 0.95469826
8 0.0060095964 0.0 0.39531112 0.35303897 1.0
8 0.0058084927 0.049975335999999995 0.31541990000000003 0.6608552 0.9553849
8 0.005764385 0.0 0.031087585 0.14424154 0.7429156
8 0.005677599 0.07327197 0.16636779999999998 0.26837736 0.69628316
1 0.0056166396999999995 0.0 0.37722459999999997 0.19198538 0.6211831
4 0.005243838000000001 0.007134028000000001 0.45498002 0.19541857 0.7118664000000001
12 0.0052378164 0.031411305 0.27630603 0.24798499 0.65009266
13 0.0051704817 0.0006796270599999999 0.43275050000000004 0.24564179999999997 0.71896726
12 0.0050823865 0.027876823999999998 0.35057345 0.20567526 0.6983468
8 0.005058287 0.0 0.28157082 0.139323 0.5630753000000001
8 0.004909972 0.24041161 0.28211149999999996 0.68792 1.0
9 0.0048734170000000005 0.026612915 0.3561782 0.17399448 0.6327219000000001
11 0.0048533054 0.028479725 0.42910805 0.207654 0.7123681
11 0.0048004393 0.082960054 0.42149428 0.38554590000000005 0.69982135
7 0.004649152 0.0 0.30118588 0.25005567 0.6959245
2 0.004527025 0.025953382 0.32790786 0.28121433 0.6345839
8 0.004491981 0.106767625 0.80399495 0.39497653 0.99508667
3 0.0044849394 0.28405005 0.6774323 1.0 0.95099723
6 0.0042131753 0.007279425999999999 0.49504390000000004 0.26232943 0.7711695
4 0.0041776104 0.01580605 0.31339872 0.281097 0.5957783
8 0.004103909199999999 0.27909452 0.7889611 0.62392557 1.0
8 0.0038816843 0.446612 0.81180507 0.8092574 0.98930675
8 0.0038442797999999998 0.039122984 0.8087845 0.32154012 1.0
9 0.003780709 0.038167223 0.34663942 0.33317816 0.6690305999999999
2 0.0037670417 0.014289476 0.3597363 0.21144351 0.7156130999999999
8 0.0036795505 0.0 0.12222934 0.42641080000000003 0.9855434999999999
3 0.0035788363 0.08220083 0.21299106 0.29196855 0.7351382
11 0.0034958809 0.054742575 0.33551192 0.30819857 0.585557
8 0.0034065109999999997 0.51617324 0.32147118 0.8518584000000001 0.97475994
4 0.003371957 0.055747135999999996 0.4019751 0.3533873 0.6596342
3 0.0033199575 0.526894 0.44498613 0.7893034000000001 0.77500504
8 0.0030547946 0.35888273 0.73845047 0.70360476 0.98871654
3 0.0028849528000000004 0.45752537 0.32306388 0.9757943000000001 0.8726832
4 0.0028720493 0.0073470026 0.3418192 0.17505407 0.62751824
3 0.0028471276000000003 0.13367099 0.7544711 0.46094108 0.9550475
1 0.0028096797999999997 0.0052915663 0.3982659 0.25843710000000003 0.71157885
8 0.0027562415 0.29713675 0.3491288 0.91329443 0.9568849
3 0.002640016 0.072963744 0.3289984 0.43970612 0.8144737
3 0.002525258 0.20823064 0.7614672 0.6879624 0.9531232
8 0.0025017252 0.05674264 0.29318756 0.31927752 0.67826253
8 0.0024261144 0.5203971 0.41770014 0.7482998000000001 0.8470154000000001
12 0.0024061657000000003 0.02257505 0.3441223 0.16839084 0.8296548
13 0.0023707754 0.01257927 0.38623863 0.15084964 0.62995774
7 0.002369535 0.0 0.3136853 0.20064783 0.85615903
8 0.002367205 0.0 0.1680372 0.07193298 0.7861632
12 0.0023559146 0.046167745999999996 0.13709834 0.18287662 0.84451145
13 0.002323551 0.0 0.48608658 0.21388426 0.77763397
12 0.0022530402 0.07030259 0.31909493 0.33541709999999997 0.64981794
9 0.002243994 0.08449734 0.25088346 0.29165462 0.6558163
3 0.0021527542000000003 0.0076785759999999995 0.21209553 0.15212879 0.6974229000000001
3 0.0021463928 0.027941487999999997 0.17197663 0.21936649 0.95216995
1 0.0021259116 0.0 0.40270177 0.13351315 0.6639493000000001
6 0.0021148183999999998 0.0 0.37269062 0.2697162 0.6341626
9 0.0021125777 0.031405024 0.34977916 0.12841102 0.72635716
13 0.0020965945 0.010798863999999998 0.39464190000000005 0.16463304 0.76325893
4 0.002092304 0.059724584000000004 0.33026457 0.37768716 0.6133579
12 0.0020693960000000003 0.020945664 0.21992761 0.14200273 0.74563056
6 0.002058397 0.0 0.37504783 0.20511746 0.76871115
13 0.0020250713 0.026494712000000004 0.40691525 0.3213554 0.6561507
12 0.0019894675 0.004315302 0.4323065 0.23040965 0.786341
3 0.001976286 0.03341776 0.37821344 0.33852234 0.92630947
12 0.0019215107 0.017818574 0.28333354 0.10527828 0.7797173000000001
2 0.0019168446 0.07716307 0.34145123 0.36510590000000004 0.69143134
8 0.0019122170000000001 0.3267256 0.4374313 0.7701113 1.0
8 0.0019041204000000002 0.57920516 0.17720596 0.74536633 0.745332
3 0.0018945766 0.44054514 0.67522895 0.6749758000000001 0.9421461
8 0.0018776588 0.43994132 0.21161985 0.77539325 0.99650806
4 0.0017846748999999999 0.09417498 0.8158688000000001 0.47816586 0.9765038
4 0.0017794203 0.26664190000000004 0.81749034 0.62228775 0.98095524
1 0.0017745029000000002 0.0 0.3070108 0.20237076 0.56902623
13 0.0017398029999999998 0.004176818 0.37082395 0.23235986 0.5982241
13 0.0017270094 0.015158261999999999 0.39844668 0.10313489999999999 0.75970167
8 0.0017211648000000001 0.5744981 0.30095786 0.81035215 0.694937
11 0.0016800553 0.036428146 0.37640209999999996 0.19742575 0.6113758
9 0.0016495428 0.10320942 0.3161634 0.41188842 0.6023427
3 0.0016275166 0.40251276 0.37532946 0.70435405 0.5881476999999999
3 0.0016262615 0.58757573 0.29092202 0.7892005999999999 0.71138906
9 0.0016042226999999998 0.0725614 0.36183533 0.26042175 0.77293277
10 0.0015931423000000002 0.0 0.43857703 0.27670520000000004 0.7218406999999999
2 0.0015619415 0.016870573 0.27843454 0.21401528 0.58604413
3 0.0015616033999999999 0.59121615 0.37903783 0.8533761999999999 0.6809096
2 0.0015598185 0.0098833665 0.32361653 0.16192695 0.825998
4 0.0015432297 0.38360888 0.30675040000000003 0.7072944 0.97968376
7 0.0015205593 0.006454885 0.33109948 0.36478424 0.6952448
3 0.0014950567999999999 0.14616196 0.28994814 0.49743968 0.8754970999999999
1 0.0014755334 0.055940375 0.304721 0.30827063 0.5906673000000001
12 0.0014574268 0.08644244 0.23079936 0.26966602 0.73497784
9 0.0014440004 0.01660423 0.28286687 0.17222862 0.54092276
3 0.0014218491 0.13197969 0.32929006 0.6257378 0.7863989
8 0.0014214239 0.0 0.10061465 0.5830028 0.6619602
8 0.0014088142999999999 0.79801446 0.14929712 0.9556783000000001 0.4852073
3 0.001398677 0.75252604 0.013680511000000001 1.0 0.18452443
8 0.0013889234 0.0 0.17250726 0.09818272 0.6103017
10 0.0013711808 0.0 0.34735459999999996 0.27305728 0.64592445
8 0.001354495 0.0 0.21072337 0.47650790000000004 0.76086015
4 0.0013530062 0.32581192 0.7877279 0.687141 0.97434837
3 0.0013465468 0.8249639000000001 0.19069193 1.0 0.4485835
8 0.0013397753 0.0010766201 0.39043283 0.07191673 0.9894954
8 0.0013314695999999998 0.24822253 0.6086179 0.85921127 0.9675643
3 0.0013269051999999998 0.035740733 0.709617 0.61875653 0.9618823000000001
8 0.0013203798999999999 0.1350853 0.73740745 0.34567016 1.0
3 0.0013053343 0.23274459 0.36240384 0.68019 0.85677797
12 0.0012999952 0.009456266 0.11603236 0.12160379 0.83624345
12 0.0012868878 0.08038049 0.18854809 0.21025276 0.8732019
3 0.0012854824 0.49591643 0.40024453 0.8336 0.6249184
3 0.0012769122 0.0 0.8233296 0.35909706 0.9787332000000001
3 0.0012620005999999999 0.20107973 0.28373623 0.7984098000000001 0.67941666
3 0.0012570122 0.01904986 0.5189992 0.2578033 0.9801370999999999
9 0.0012299245 0.023236342000000004 0.26608413 0.17302561 0.78138435
9 0.0012264627 0.043482535 0.18320356 0.19039649 0.7024531999999999
11 0.0012247852 0.10247139999999999 0.3409751 0.41730863 0.5732986999999999
2 0.0012233221 0.007563971 0.39257342 0.20308414 0.9069480999999999
8 0.0012218151 0.12260416 0.1974135 0.5451796999999999 0.9972992
3 0.0012183641 0.21224357 0.71162826 0.55119085 0.9483843000000001
8 0.0012128043 0.17909892 0.7590361 0.48790514 0.9999169
3 0.0012103663000000001 0.53143096 0.5983056999999999 0.7693325 0.943837
3 0.0012097880999999999 0.5649850000000001 0.35954586 0.75875753 0.81095475
12 0.0012068858999999999 0.032312453 0.0 0.20564870000000002 0.921148
3 0.0011870088 0.7504618000000001 0.02467378 1.0 0.29691607
8 0.001186806 0.0 0.0 0.33262604 0.60492694
11 0.0011863730000000001 0.032722182999999995 0.32649675 0.25296393 0.7173088000000001
3 0.0011862335 0.12582946 0.25375903 0.5489622 0.68780154
1 0.0011759471000000001 0.07543997 0.27369314 0.24860498 0.64769685
7 0.0011714281 0.0 0.20458858 0.15076604 0.720427
13 0.0011500645 0.04615417 0.35303047 0.19117112 0.82565314
11 0.0011281711000000001 0.032747105 0.31522185 0.2400404 0.5324161000000001
8 0.0011266973 0.45672077 0.34197012 0.7720286 0.6201981
3 0.0011179388 0.47526884 0.69180775 0.8110765 0.9473370000000001
2 0.0011017855 0.08366184 0.26098293 0.38140762 0.6120883
8 0.00109946 0.33918026 0.28040597 0.644626 0.5975377
8 0.001069259 0.73681176 0.009288464 0.98079276 0.18277247
13 0.0010644594 0.06948872 0.35712868 0.33610159999999994 0.5958518
8 0.001060283 0.55019724 0.009163539 0.8919139000000001 0.9781546
8 0.0010586829 0.3986389 0.066008225 0.9045542999999999 0.86284524
13 0.001049965 0.017909702 0.32572395 0.107757464 0.6475905
9 0.0010453061 0.014982216000000001 0.23499995 0.12273107 0.76491624
1 0.0010409022 0.043610997 0.32455093 0.21384543 0.68205345
8 0.0010398318 0.5613024999999999 0.29067332 0.71876985 0.9166247
4 0.0010151444 0.09635402 0.27507108 0.40846407 0.57002515
8 0.0010124949000000002 0.0 0.50863206 0.10015181 0.9269492
8 0.0010124688000000001 0.09966043 0.650713 0.6655425 0.9895649
6 0.0010107107 0.07594603 0.8470628000000001 0.48635793 1.0
13 0.0010071122 0.103139415 0.32438952 0.2924527 0.6694946999999999
8 0.0009889674 0.20091636 0.68032587 0.42015237 1.0
8 0.000983631 0.7337293 0.02218547 0.96460813 0.32404109999999997
8 0.0009787478 0.36354083 0.0 0.7059373000000001 1.0
4 0.000978312 0.02569002 0.22166535 0.23834932 0.6241909999999999
4 0.0009473605300000001 0.6155099 0.8027699 0.97010416 0.9680759
3 0.0009443036000000001 0.004176803 0.44808409999999993 0.13910297 0.89964074
3 0.0009160501 0.64950126 0.2887821 1.0 0.8681736999999999
13 0.0009147464 0.0077280626 0.51663107 0.15005627 0.80167425
6 0.0009102233500000001 0.034138873 0.39069486 0.38878715 0.67583627
6 0.0008977359 0.74407655 0.02312329 0.96214455 0.19142485
6 0.0008949986 0.5743517 0.85633516 0.9643906999999999 1.0
3 0.00089060114 0.007847674 0.18998101 0.09939853 0.67067987
9 0.0008871205499999999 0.08368983 0.19327153 0.23413509 0.7196776
8 0.00087768084 0.88302356 0.013125817 0.9867191999999999 0.39556003
3 0.0008770283300000002 0.0026324391 0.28380004 0.20232101 0.5394781
1 0.0008683642 0.00949648 0.25300170000000005 0.14530054 0.7355688
9 0.0008433698 0.056252077000000004 0.30633086 0.19649084 0.83091056
3 0.00083322776 0.10221293599999999 0.15965965 0.45353743 0.6225487
1 0.0008294319 0.07452399 0.36417937 0.32326138 0.6843798000000001
2 0.0008248457000000001 0.099897444 0.18546101 0.30885643 0.71333164
13 0.00081011135 0.033435255 0.25222623 0.17910971 0.69794357
7 0.0008050541000000001 0.62410396 0.81474495 0.96497446 1.0
3 0.0008039653999999999 0.2900908 0.37153554 0.60219073 0.5841691
8 0.00079930155 0.46837544 0.48112747 0.78007543 0.8050938
3 0.00078608276 0.6243925 0.59642303 0.85298824 0.9124739
4 0.0007853375 0.11818596 0.21096301 0.3353677 0.62338895
4 0.00078146113 0.4829861 0.80830365 0.8517331 0.9763594999999999
12 0.0007752918 0.34940886 0.3444782 0.6160628 1.0
10 0.0007734686 0.015253842 0.45478958 0.3929641 0.7235467
11 0.0007680839999999999 0.018045835 0.41719717 0.11372437 0.7671859999999999
4 0.00076294655 0.5360809 0.24934827 0.8640136 0.98897004
8 0.00075962686 0.52413416 0.27623686 0.7476795999999999 0.65612286
1 0.00075913157 0.5862858 0.8162196 0.86750674 0.9757437
8 0.0007584468700000001 0.0 0.010187374 0.16896877 0.23920488
5 0.0007578161299999999 0.024863347 0.44512287 0.31273484 0.72213775
13 0.00075495616 0.006729603000000001 0.3401324 0.3452372 0.8646763000000001
1 0.0007493021 0.027580164 0.3812413 0.20677346 0.7924502
1 0.00074685394 0.0 0.44014072 0.09914189 0.79801
3 0.0007435117999999999 0.36646327 0.24417086 0.84072995 0.8477389000000001
13 0.000742052 0.084213115 0.42055416 0.29022035 0.76591164
12 0.00073687197 0.018484905 0.31094295 0.12082693 1.0
8 0.00073162484 0.43259987 0.6762423000000001 0.5871609999999999 0.9890526
3 0.0007284789500000001 0.6305536 0.33418354 0.908224 0.6593495
4 0.00072560424 0.40379244 0.71659195 0.7622778 0.9639030000000001
4 0.0007173874 0.008731689 0.41111588 0.11910795 0.7313241
9 0.0007118392 0.012013435 0.18550208 0.33482608 0.7501015999999999
6 0.0007069625 0.041597545 0.39083248 0.3149073 0.8141845999999999
3 0.0007008061 0.35199243 0.68972677 0.6121371999999999 0.9486136999999999
12 0.0006891013499999999 0.27478212 0.3211408 0.8198264000000001 1.0
5 0.0006861594999999999 0.028874949 0.34074274 0.29762667 0.6618824999999999
11 0.0006823287700000001 0.026348755 0.4997022 0.17894168 0.7698332
11 0.00068197766 0.1207048 0.2934909 0.34665959999999996 0.6275409000000001
2 0.00068062684 0.05916088 0.2992626 0.26618886 0.8493098
8 0.00067959 0.036634594 0.0 0.51324785 0.8787386999999999
11 0.0006776042 0.02749268 0.26250717 0.17673051 0.76944
4 0.00067614275 0.02544038 0.4662988 0.21183123 0.8416486999999999
13 0.0006749678999999999 0.018225606999999998 0.19833346 0.12883608 0.6577143
8 0.0006720717999999999 0.0 0.01307371 0.07650925 0.32445088
12 0.0006592478999999999 0.068243414 0.29432544 0.6542517 1.0
4 0.00064973533 0.3150125 0.4492445 0.8469774 0.97317135
13 0.00064933737 0.11203168 0.37698936 0.38653773 0.62949413
3 0.00064913183 0.32954234 0.43638295 0.6569619999999999 0.671271
8 0.00064898375 0.29108372 0.6238155 0.44743487 1.0
4 0.00064509443 0.07144603 0.36242157 0.28112570000000003 0.73873883
7 0.00063339056 0.013507291999999999 0.21790256 0.22976159 0.91989285
4 0.00063312665 0.12462771 0.31381166 0.7953019 0.96279854
3 0.000629611 0.49359286 0.34498609999999996 0.7374289 0.6648826
5 0.0006279539 0.0043639466 0.46548 0.22608316 0.73259616
6 0.000626486 0.0 0.34910244 0.13936338 0.7192259
12 0.0006227955 0.12795094 0.30345175 0.40021303 0.62692153
3 0.0006224012 0.047441214 0.7444494 0.36116958 0.96758926
6 0.0006197426 0.7315451999999999 0.036827818 0.9724543 0.32559913
8 0.0006196732 0.22359735 0.0 0.57437134 1.0
8 0.0006168668599999999 0.13523573 0.47399548 0.5724383000000001 1.0
4 0.0006161222 0.008859344 0.30679145 0.12117889 0.64316225
3 0.00061526155 0.6097100000000001 0.39746395 0.9900458000000001 0.62694067
13 0.0006149612 0.09688197 0.31658995 0.23748092 0.7520739000000001
3 0.00061296753 0.56068015 0.72821695 0.90214884 0.9573556000000001
8 0.0006106255999999999 0.0649735 0.16789514 0.74745154 0.7619784000000001
11 0.0006074978 0.03928759 0.18902196 0.19019360000000002 0.6599118
12 0.00060546305 0.5229068 0.31514385 0.8137666 1.0
8 0.0005989988 0.6607076 0.0067150793 0.9488754 0.15649934
6 0.0005989708599999999 0.7992090000000001 0.028765745 0.9663589 0.23911794
3 0.0005986164 0.0 0.76931745 0.2321058 0.9815405
12 0.0005973061 0.060198932999999996 0.13560650000000002 0.32284835 0.8250871
4 0.00059377804 0.28182718 0.27282490000000004 0.96937394 0.9798440999999999
9 0.0005890669 0.028055407 0.056503985 0.21918115 0.7722238
2 0.0005855380400000001 0.037193693 0.16176799 0.18274885 0.91872734
4 0.0005828622 0.6333492 0.23241717 0.9715364 0.9651511
3 0.0005823717 0.01105063 0.009940015 0.09584929 0.2736151
8 0.00057267933 0.88577294 0.043251567000000005 0.9768498 0.64602387
2 0.0005668871499999999 0.017105258999999998 0.19606951 0.14239386 0.6715135999999999
13 0.00056157 0.33218235 0.41991752 0.6794359000000001 0.9521596
1 0.0005501926 0.5667769 0.2641236 0.7735814999999999 0.6916591999999999
8 0.0005408774599999999 0.0013972372 0.63955116 0.36461413 0.9948939
13 0.0005403644 0.02706647 0.4080032 0.7133841999999999 0.92860454
8 0.00053989264 0.34217274 0.6472538000000001 0.50005233 0.99788105
8 0.000534076 0.0 0.022604533 0.14199466 0.32948652
7 0.0005301084 0.049908562999999996 0.82715625 0.48919398 0.9841549999999999
11 0.0005297969 0.02425415 0.27330628 0.1592826 0.58453834
9 0.0005249898000000001 0.338553 0.8059409000000001 0.6095976 0.97960377
3 0.0005216672 0.79802436 0.037555534 1.0 0.4326539000000001
11 0.0005206272 0.05686389 0.28938448 0.209244 0.8256937
10 0.0005171695 0.0 0.4843946 0.19486368 0.7699464
10 0.0005167433000000001 0.0 0.32829204 0.39489359999999996 0.60376155
9 0.0005162676 0.014349416 0.49264008 0.16140918 0.7656191
3 0.00051094417 0.13719767 0.27272305 0.30908734 0.75346476
8 0.0005106822400000001 0.0 0.0069152582 0.14205234 0.16444254
7 0.0005104630000000001 0.030983672 0.2363694 0.28471005 0.7474031999999999
12 0.0005094647 0.81699526 0.110949546 0.9735986999999999 0.4830885999999999
12 0.0005089161599999999 0.10299681 0.35140443 0.46247715 1.0
8 0.0005006233000000001 0.55868864 0.34889498 0.9054769 0.6399925999999999
8 0.0004978507 0.5647903000000001 0.025681443999999998 0.93777245 0.32395932
6 0.00049487955 0.24277143 0.8470135 0.6671732 1.0
8 0.0004927778500000001 0.85336035 0.0 0.9835593 0.22892271
