3 0.5542117 0.59234285 0.6019564000000001 0.9969628 0.88563025
3 0.33964655 0.64651203 0.4972289000000001 0.9503819 0.85825187
3 0.284456 0.55127496 0.5761272 0.8954763000000001 0.8523653
8 0.23982409 0.6210755 0.47244698 0.9759773000000002 0.9242228000000001
8 0.20938653 0.65133387 0.50347877 0.8783048000000001 0.8923785
8 0.19202991 0.6457835999999999 0.5497399000000001 0.9856517 0.8285593000000001
8 0.19107172 0.86585647 0.45691702 0.991986 0.89205045
8 0.18281406 0.6903329 0.4280254 0.92067873 0.8456066999999999
3 0.16606013 0.8573773000000001 0.6096173 1.0 0.95735914
3 0.14739855 0.41438082 0.6337563 1.0 0.9376542999999999
3 0.13700494 0.7931956 0.59453285 1.0 0.9073583000000001
8 0.13010237 0.69468725 0.6099281 1.0 0.9091071
3 0.11624987 0.72662884 0.5098425 1.0 0.8562368
8 0.10183242 0.6306431 0.49042216 0.9420997 0.7592689
8 0.10120191 0.7486739 0.43055382 0.9917563 0.91234463
8 0.076564424 0.6632646 0.41187024 0.84131616 1.0
8 0.075577945 0.8436648999999999 0.331374 0.9860008 0.9589867
8 0.05865264 0.7858357 0.52079237 0.9826357 0.8599279000000001
8 0.05829033 0.6201356 0.48468685 0.8129042 0.90110517
8 0.05789032 0.53303903 0.3301355 0.9437211 0.92287666
8 0.05766417 0.7223826 0.32084864 0.91919285 0.9643931999999998
3 0.051911965 0.6154746 0.51424813 0.82687736 0.9088113000000001
3 0.051234692000000005 0.8546902 0.50005 1.0 0.8673765999999999
3 0.050038233 0.45745102 0.6083156 0.88844645 0.9020635
8 0.04893835 0.8712568000000002 0.5993765 0.98626876 0.9604796
3 0.04492957 0.5668036999999999 0.49496248 1.0 0.9147009
8 0.04446437 0.63725567 0.41512844 0.8419206 0.8153062
4 0.043907672 0.6224812 0.5959404 0.9321449 0.88824654
8 0.041617267 0.35336164 0.43965313 0.9424894 0.9428764000000001
4 0.04122026 0.6971531 0.6335314000000001 0.9600642 0.9161295
8 0.038675185 0.68693584 0.44957325 0.9853966999999999 0.7323943
3 0.03807305 0.29933786 0.5683076 0.91707766 0.9682259
4 0.033535022000000005 0.67776024 0.64341635 0.88452256 0.9648582
8 0.032363605 0.40822923 0.62189573 0.9531404 0.9581796
8 0.03203023 0.79835224 0.29326096 0.95777404 0.94267255
3 0.030337576 0.59621835 0.514053 0.9463719 0.7532485
8 0.027752087 0.7993566 0.6018036 0.97550106 0.95273614
4 0.02716395 0.694404 0.56371695 0.9726030999999999 0.85197717
1 0.0254941 0.6606369000000001 0.5725194 0.9479215 0.9259755
12 0.023557223 0.577433 0.5157326 0.8880483 0.91148865
9 0.022305341 0.6931297 0.53855526 0.9731656999999999 0.9090207
1 0.022301944 0.63894296 0.5608741999999999 0.87738836 1.0
4 0.021970397000000003 0.7961375 0.60428673 0.97966117 0.8870735000000001
5 0.02182153 0.5948874 0.5767439 0.94054914 0.89160985
4 0.020977617999999996 0.7114342 0.52084833 0.91017896 0.88873416
1 0.020265097 0.5702465999999999 0.51165545 0.9530033000000001 0.8454052
7 0.019444825 0.5596441 0.45938635 0.9465357 0.83265394
4 0.019412966 0.8687548 0.66307634 0.9791921 0.9960201999999999
8 0.019117115 0.59117454 0.45939840000000004 0.86322886 0.7295843000000001
9 0.01851254 0.608809 0.5473117 0.9146365 0.8811916
12 0.018291056 0.79284227 0.55194634 0.9617219000000001 0.8788684999999999
8 0.017620526 0.61105436 0.34662370000000003 0.7667431 0.9811228000000001
6 0.017592711 0.581087 0.64372164 0.98343635 0.9074674
4 0.01734028 0.65155554 0.5476854 0.86224604 0.9169113999999999
12 0.017174907 0.6693420999999999 0.5392311 0.9526648999999999 0.89499867
9 0.016813401000000002 0.686469 0.4016013 0.9064879000000001 0.8429559000000001
4 0.016716562 0.8496324000000001 0.56544805 0.98520184 0.9372474000000001
1 0.01666694 0.6501239000000001 0.44904390000000005 0.88199776 0.85384476
12 0.016637746000000002 0.7023057 0.49373743 0.91321707 1.0
4 0.01649422 0.89826417 0.56861323 0.99111974 0.9603546999999999
7 0.015835335 0.65538394 0.3656757 0.9196888000000001 0.90127414
4 0.01576605 0.79950076 0.54175806 0.995915 0.8251318999999999
12 0.015405486999999999 0.6496964 0.45985213 0.8530943000000001 1.0
4 0.015347788999999999 0.620318 0.6854083000000001 0.9479411 0.98707515
1 0.01528649 0.69031453 0.5041092 0.8412632 0.9981572
7 0.015021751000000002 0.58928216 0.54082084 0.9667008 0.9184153
8 0.014781092 0.37174409999999997 0.2611176 0.9321124 0.84722096
12 0.01411887 0.62872577 0.43221316 0.9032370999999999 0.83829266
9 0.0139859645 0.72258383 0.4928304 0.86651176 0.9572867
6 0.013978713 0.6621379 0.6734321999999999 0.9994765 0.955131
13 0.013686693 0.7086332 0.5642501999999999 0.91001964 0.89622444
4 0.013616801000000001 0.73739475 0.7077517 0.9505934000000001 0.99694234
8 0.013547031999999999 0.43482113 0.21131685 0.77317166 1.0
8 0.013341211 0.33081323 0.5212929000000001 0.80259186 0.997583
6 0.013249664 0.66284406 0.68405825 0.9071779000000001 1.0
7 0.013201071000000002 0.6676686 0.5622924 0.9401728000000001 1.0
2 0.013145346 0.64223313 0.6045286999999999 1.0 0.99091476
13 0.013033737 0.6399411 0.61629903 0.9502665000000001 0.8805946
4 0.01302394 0.71079034 0.51679677 1.0 0.79340714
12 0.012919604 0.8406617000000001 0.5159228 0.98103017 0.9659123
5 0.012883106 0.71585494 0.5655435000000001 1.0 0.8889818000000002
7 0.012862301000000001 0.47045820000000005 0.5073553 0.89569694 0.85623425
1 0.012680138999999998 0.84676665 0.5165986 0.9701312 1.0
9 0.012362399999999999 0.62675184 0.4700515 0.93327457 0.7979929
13 0.012331241000000001 0.6898482 0.6528457 0.8967301999999999 0.9690188
3 0.012317403999999999 0.44481224 0.43840897 0.8842960999999999 0.99005824
13 0.012049826999999999 0.6963807 0.46337292 0.8426667 0.8756569
6 0.012040035 0.46225938 0.5973957 0.9660368 1.0
8 0.01164925 0.5876091 0.37955663 0.7781264 0.80862075
1 0.011609864 0.38403735 0.50398505 0.9567101 0.98908126
12 0.011593423 0.7400253999999999 0.44200054 0.8807093 1.0
4 0.011575328999999999 0.63199264 0.48184007 0.84482044 0.82783884
1 0.011523343 0.765225 0.49705485 0.9622881999999999 0.8656767
11 0.011438017 0.68002707 0.6207604 0.9061986999999999 1.0
4 0.01131414 0.53058493 0.531517 0.8437438 0.7999451
4 0.011199983 0.7768776999999999 0.50101626 0.919499 0.9348825999999999
12 0.011153115 0.8886226999999999 0.54905754 0.9782117 0.9947503000000001
2 0.011036375 0.57108784 0.52535397 1.0 0.87030166
7 0.0110254055 0.47660820000000004 0.49872357 1.0 1.0
7 0.011013954 0.8044505 0.44957384 1.0 0.9814423000000001
5 0.010868386 0.65564615 0.54756033 0.9093928 1.0
4 0.010761858000000001 0.6483922 0.47512162 0.9689585 0.9049754999999999
7 0.010715388999999999 0.55226827 0.47443587 0.8699448000000001 0.9758459999999999
6 0.010639578 0.6194025 0.6237094 0.87212956 0.9966901
12 0.010451198 0.54581356 0.46405962 0.9695324000000001 1.0
4 0.010404317 0.879209 0.4757611 0.9931658999999999 0.8437860999999999
9 0.010168416 0.6517763000000001 0.45449665 0.8556019 0.8910819
13 0.01010049 0.7119057 0.65119195 0.97421074 0.92184967
2 0.010062223 0.6476153 0.40898687 0.92913723 0.8132995
8 0.010024714 0.5355395000000001 0.57731044 0.81710887 0.8921136999999999
4 0.010024637 0.5981257 0.5516476 0.81135225 0.88277775
5 0.010017384 0.7147825 0.51031727 0.9559518 1.0
10 0.009916294 0.6789801 0.5914643 1.0 0.8891641
4 0.009911629 0.8082179 0.6916768 0.97080076 0.98767567
1 0.009874399 0.7392295999999999 0.3938756 0.93475336 0.83954775
3 0.009689589 0.45842004 0.5484489 0.8354155000000001 0.8196950000000001
12 0.009647675 0.67063934 0.62108874 0.89576894 1.0
3 0.009384729 0.61831015 0.43758807 0.88091475 0.7716179
6 0.009378367 0.6373409999999999 0.5928055999999999 0.98830795 0.8534782
11 0.009186973000000001 0.71672624 0.5145747 0.8707969999999999 1.0
6 0.009144514 0.8480898000000001 0.67213345 0.98956907 1.0
6 0.009081136 0.7385691999999999 0.61209285 0.9840030000000001 0.91118145
13 0.009055188 0.83938706 0.62024534 0.98812044 0.98037845
2 0.008977879 0.7743859000000001 0.55189997 1.0 0.9206653
6 0.008977548 0.4843489 0.5913294 0.8767425999999999 0.8514722
2 0.00892895 0.81632864 0.4752245 0.99649334 1.0
4 0.008908447 0.81265455 0.5250649000000001 0.95276016 0.936141
9 0.008819608 0.7753779000000001 0.55156624 0.95898575 0.84844655
12 0.008726784 0.7802235 0.38943833 0.9560931999999999 0.85270065
1 0.008686173 0.7187266999999999 0.59641343 0.91061467 1.0
9 0.008680805 0.7882819999999999 0.61027324 0.9703298 0.9077632999999999
7 0.008669679 0.8533941999999999 0.6215225000000001 1.0 1.0
3 0.008667559 0.32107779999999997 0.592834 0.6902678000000001 0.9625611
3 0.008633156 0.56203806 0.4638799 0.8202181000000001 0.80108464
9 0.0086069135 0.75005746 0.50240695 0.95223486 1.0
8 0.008605545 0.5041712 0.5283097 0.7809513000000001 0.83938664
7 0.008585603 0.6090057 0.6361838000000001 1.0 1.0
3 0.008577563 0.3189017 0.35304309999999994 0.67067266 0.8942174999999999
8 0.0085589 0.25136858 0.14963959999999998 0.58082294 1.0
3 0.008521304 0.09202117 0.5569498 0.7228399 0.95966893
1 0.008500032 0.45079362 0.5318497 0.8925028 0.8310790000000001
11 0.008490812 0.65346795 0.5038547999999999 0.8684136 0.93986005
13 0.008395867 0.6293289000000001 0.49202920000000006 0.84298354 0.8302205
4 0.008071403000000001 0.42278576 0.543231 0.90253425 0.9562905
11 0.007985706 0.62435675 0.6153645999999999 0.9807091 0.9293108
7 0.007895553 0.7343999 0.51175874 0.9981549000000001 0.85456896
9 0.0077731214 0.83823097 0.5569426 0.971233 0.98651695
6 0.007746278299999999 0.5493753 0.5607451999999999 0.9295099 0.8105494000000001
11 0.0076863873 0.6090247 0.5642264 0.8131625 0.99327594
1 0.0075453375 0.73341686 0.38090387 0.8575298000000001 0.90501064
8 0.007469328000000001 0.12529412 0.029323155 0.53930163 0.94594276
2 0.007388051600000001 0.48286676 0.5124354 0.9901886000000001 1.0
9 0.0073683740000000005 0.88364184 0.5320259 0.98139894 1.0
2 0.0073609873999999995 0.8457723 0.5926398 0.9950585999999999 1.0
1 0.0073362333 0.75312084 0.4622203 0.88023037 0.9941131
6 0.007323016999999999 0.6840331999999999 0.627288 0.99025685 1.0
2 0.0073190387 0.53501374 0.45282397 0.96099705 0.76458305
9 0.007317403 0.6942576 0.44492139999999997 0.97299504 0.7507265000000001
4 0.007271090500000001 0.60387176 0.4896821 0.9447743000000001 0.76798755
3 0.007189679 0.37889448 0.37656054 1.0 0.8038295
7 0.007170061 0.83838665 0.35884914 1.0 0.8723439000000001
7 0.007121228 0.7009533 0.3610536 1.0 0.86638135
10 0.007073765 0.7132670999999999 0.6545161999999999 1.0 0.9587733
12 0.0070640419999999995 0.73582625 0.52763635 0.9732052999999999 1.0
9 0.007039207 0.75949746 0.41430107 0.9585511 0.820416
12 0.006974062 0.76573706 0.5195295999999999 0.9046166999999999 1.0
13 0.006958288000000001 0.64619905 0.5664645 0.86723584 0.9066122
2 0.006868154699999999 0.7189129 0.34096715 0.9863436999999999 0.79297143
12 0.0068204147 0.8781029 0.39863643 0.97699857 0.84665936
9 0.006814753000000001 0.7576501 0.46312767 0.8979947 0.96724594
4 0.0067856503 0.7067437 0.43747473 0.85075426 0.88722605
5 0.0067818747 0.60023767 0.5143784 0.8519544 1.0
11 0.0067239013 0.8492759 0.65996367 0.997093 1.0
4 0.0066980612 0.39480835 0.68413895 0.9295183000000001 0.97514737
13 0.0066741547 0.7010199 0.5449541 0.96966183 0.802519
11 0.006434522 0.7417090000000001 0.40988678 0.8996936 0.97172004
13 0.006337270600000001 0.66157395 0.44704592 0.80428463 0.8843786
7 0.0062992224 0.6404132 0.37800843 0.8415838 0.96738106
12 0.00628736 0.6817611 0.4327856 0.8247853999999999 1.0
8 0.0061994274 0.1012623 0.38787946 0.7013968 0.99738336
12 0.0061647715 0.7234571999999999 0.44600752 0.9528426 0.7944690999999999
3 0.006132451999999999 0.03698135 0.19300696 0.27703503 0.44312109999999993
13 0.006090356999999999 0.58250666 0.46009174 0.78877676 0.83050394
12 0.0060885684 0.6006324000000001 0.44058385 0.7913716 1.0
11 0.006084916 0.65044653 0.49721990000000005 0.9820200000000001 1.0
5 0.0060808053 0.74095386 0.37494567 0.91103536 1.0
5 0.0060441326 0.73292434 0.42394558 1.0 0.8336886999999998
5 0.0059971893000000005 0.8279289000000001 0.49524966 1.0 0.98395985
3 0.005987506 0.32772052 0.51673204 0.55601925 0.9389289000000001
13 0.005932395 0.8675073 0.5579107 0.99311906 0.8953179
2 0.0059048566 0.61744714 0.515428 0.90284467 0.99079305
13 0.005834634399999999 0.7775214 0.5709533 0.91690946 0.9557363999999999
1 0.0057646376 0.34614882 0.51642925 0.7936938 0.9466651
2 0.0057596190000000005 0.69953394 0.4965786 0.8826765999999999 1.0
13 0.0057191127 0.7925145 0.592348 0.9884209999999999 0.86608857
11 0.005708441 0.6713210000000001 0.4213057 0.82529765 0.99434525
6 0.005703408 0.6522121 0.5257746 0.90249616 0.882842
4 0.005512163499999999 0.78212357 0.40540835 1.0 0.7692205
5 0.0054534990000000005 0.78499603 0.30889958 1.0 0.9023860999999999
10 0.0054421625 0.68032575 0.41230395 0.941059 0.8783829
12 0.00544076 0.9146999 0.37810376 0.9845959999999999 1.0
11 0.005435282 0.6802019 0.43593818 0.92148733 0.87247413
8 0.005392666 0.56373286 0.46399224 0.75531447 0.9222658000000001
13 0.0053632823 0.5221244 0.5986496 0.9656398000000002 0.9785234
8 0.005357948 0.29195666 0.31550562 0.6518195999999999 1.0
11 0.0052907513 0.5324015000000001 0.5612188 0.8638075999999999 0.8647744
8 0.005286466 0.38394806 0.02728796 0.87351537 0.9364177
9 0.0052836477000000005 0.63244754 0.3767011 0.8532178 0.7751508
2 0.0052035516 0.70709586 0.49652588 0.99785614 1.0
5 0.0051790574 0.64179426 0.68266404 1.0 0.9854939
1 0.0051756753 0.5409294 0.53435904 0.81872696 0.94285285
6 0.005138458 0.7140446999999999 0.59954834 0.8861213 1.0
1 0.005121293 0.8553126 0.3713278 0.97056854 0.84388894
2 0.0051135016 0.84866947 0.32785282 0.98183566 0.7713969
5 0.005080714 0.52981246 0.561405 1.0 1.0
8 0.005030442 0.6236727 0.0122624505 0.93239987 0.9677469999999999
13 0.005026668 0.8664199 0.6962188 0.9981382 1.0
11 0.0049974765 0.6364258 0.54508436 1.0 0.8638515999999999
8 0.004899683 0.19579217 0.6418656 0.75130045 0.9605338999999999
13 0.0048555406 0.6321616999999999 0.68298626 0.97314066 0.9892753000000001
10 0.0047734273 0.6975684 0.6482498999999999 0.94803417 1.0
3 0.004759268400000001 0.73956835 0.7190364 1.0 0.9630105999999999
1 0.004750440999999999 0.77479804 0.5383073 0.9543625 1.0
1 0.004740764000000001 0.21599013 0.3843605 0.8089933000000001 0.90159726
3 0.004732498 0.17878288 0.3606502 0.7531503 0.8021974000000001
10 0.0045505194 0.5762085 0.6346715999999999 1.0 1.0
1 0.004544263 0.45850859999999993 0.35600284 0.90739405 0.9391286
6 0.0044944296000000005 0.7269656 0.72000474 0.9582325999999999 1.0
8 0.004471862 0.33595675 0.5712889 0.59747785 1.0
4 0.004428269 0.47787349999999995 0.59518576 0.7954287 0.86228293
5 0.0044266195 0.64390033 0.38365370000000004 0.8833129000000001 0.92629075
10 0.004423156 0.5709741999999999 0.5453375 0.90011543 0.8849107
8 0.0043906746 0.3224767 0.47225708 0.4997745 1.0
3 0.004350457 0.195824 0.34895796 0.5798061 0.9166495000000001
10 0.004349792 0.61810064 0.48876260000000005 0.9747195 0.8177924
8 0.004298888 0.7470325 0.033249695 0.95562375 0.9925021999999999
8 0.0042846943 0.050198942 0.49707700000000005 0.5806409 0.9848048
5 0.00414745 0.86009866 0.6426948 1.0 0.97278583
2 0.004127830999999999 0.48042592 0.5034416 0.9098468000000001 0.8361908000000001
9 0.004100701 0.64758223 0.6436556 0.93342096 1.0
3 0.0040919929999999995 0.7147894 0.46601793 0.99469256 0.6914208000000001
8 0.0040817334999999995 0.0 0.014261378 0.14360511 0.59745675
11 0.0040517403 0.8834363000000002 0.52877253 1.0 1.0
5 0.004013212 0.50658506 0.5976722 0.84193605 0.9182021999999999
11 0.0040114988 0.5998532 0.5038644 0.979034 0.790716
6 0.0039927103000000005 0.5610746999999999 0.5462818 0.8197380999999999 0.91916984
9 0.0039503337 0.5664556 0.521662 0.9569653 1.0
12 0.0039326623 0.62749696 0.27101296 1.0 1.0
1 0.0038587064 0.62852037 0.48059538 0.8019028 0.9649155
1 0.0038375040000000003 0.5879741999999999 0.41071326 0.8272116 0.8217187
2 0.0038001404999999998 0.37181738 0.6388196999999999 1.0 1.0
12 0.0037865492 0.62889516 0.33857504 0.75872827 1.0
8 0.0037600386 0.0 0.20603728 0.5707217 0.85124
5 0.0037097563 0.7402993 0.65827805 0.95703024 0.9772646999999999
3 0.0036432263 0.014396571 0.20758423 0.18086347 0.49015200000000003
9 0.0036179938 0.5677541 0.43861204 0.88634676 0.7383951
13 0.0036177936 0.59589344 0.50454795 0.90239316 0.7618636999999999
1 0.0036129719 0.4794241 0.44578403 0.87284565 0.7650159000000001
8 0.0035652559999999997 0.015487745 0.09820011 0.4475785 1.0
11 0.0035274361999999997 0.6400226 0.45492330000000003 0.7823569 0.9992027
3 0.0035271007000000003 0.18821225 0.43779844 0.8430294 0.9059316999999999
12 0.00352356 0.42316002 0.5300301 0.8733658000000001 1.0
3 0.0035085394 0.78656983 0.4280603 1.0 0.9249626
13 0.0034980415 0.6741951999999999 0.44652176 0.8870518000000001 0.7810948
10 0.0034906797 0.64798 0.4776473 0.8910239999999999 0.9834961
5 0.0034847810999999998 0.67771757 0.43944475 0.8572278 1.0
12 0.0033976913 0.65726423 0.29023805 0.7846738 1.0
7 0.0033397258000000003 0.37045166 0.48220646 0.91941905 0.98193973
11 0.003278713 0.7906837 0.6223734000000001 1.0 0.91022027
7 0.0032656953999999996 0.7229523 0.4078704 0.9337341 0.97721845
10 0.0032358533 0.6885180999999999 0.46608549999999993 1.0 0.76491797
12 0.0032296258 0.798136 0.31201378 0.9740950999999999 1.0
11 0.0032185497999999996 0.4235661 0.6660053000000001 0.96576726 1.0
5 0.0032094803000000003 0.5725268 0.44890213 0.9335761999999999 0.8283413000000001
9 0.0031538974 0.8593735999999998 0.43289158 0.98072714 0.8222210999999999
13 0.0031397543 0.7506044 0.41647562 0.89603186 0.8698280999999999
10 0.003111461 0.83126223 0.58121306 1.0 0.9993622999999999
8 0.0031020716 0.4356227 0.550972 0.75519836 0.89421105
9 0.0031016904 0.7382672 0.67093754 0.92543995 0.9877758
4 0.0030698478000000004 0.78974897 0.38994324 0.94720143 0.90908134
3 0.0030441820000000003 0.65267104 0.34124590000000005 1.0 0.87237465
3 0.0030376046999999995 0.084668875 0.30744633 0.37555137 0.7471238
9 0.0030049040999999997 0.5145966 0.5569654 0.82088363 0.8658427
1 0.0029961276 0.78718483 0.44422692 0.90817773 1.0
11 0.0029209985 0.7494309 0.43128675 1.0 0.8179837
9 0.0029102669 0.45263204 0.48524570000000006 0.8664923000000001 0.9756543
11 0.002903075 0.4434542 0.5513399999999999 0.8422156 1.0
5 0.0029002894 0.87246084 0.33957806 1.0 0.8854981
8 0.0028947198 0.029897042000000002 0.013671875 0.20219302 0.50664914
8 0.0028837535 0.0 0.15750282 0.24109595 0.45692703
6 0.0028539620000000003 0.65773064 0.5686091999999999 0.8280968000000001 1.0
10 0.0028537565000000004 0.62659097 0.56495976 0.84803474 1.0
3 0.0028432028000000002 0.14032352 0.34532872 0.53634346 0.7724926999999999
8 0.0028209628000000005 0.30827126 0.582904 0.6267308000000001 0.8724993000000001
7 0.0028175607 0.6281779000000001 0.24075869 0.97034454 1.0
6 0.0028099848 0.8425455 0.5017365 0.99500024 0.88309616
10 0.002805831 0.85269314 0.49837349999999997 1.0 0.92634857
9 0.0027943496 0.667289 0.26771522 0.95028913 0.97512037
3 0.0027866109999999996 0.40624398 0.5118415 0.6304297 0.9082200999999999
11 0.0027778656 0.6144803000000001 0.41593203 0.83983546 0.80579937
