3 0.33130533 0.27412874 0.1541828 0.51827705 0.45421103
3 0.32164988 0.0 0.6712144 0.18802258 0.98290616
3 0.31525695 0.03747522 0.62045425 0.25612825 0.94463855
8 0.2698541 0.2818354 0.03550548 0.45326868 0.46113047
3 0.23497465 0.22818142 0.173582 0.46070302 0.48268986
3 0.20031841 0.19721931 0.5614915 0.6677597 0.8732141
3 0.15282224 0.22078091 0.57359695 1.0 0.9432440000000001
3 0.13482602 0.020637713000000002 0.19351424 0.16789037 0.5269725000000001
3 0.13436869 0.02011 0.058498355999999994 0.11979821 0.50900567
3 0.13416548 0.005875755 0.16372567 0.0878582 0.65569615
8 0.13275395 0.011351950500000001 0.036902297 0.11402748 0.57119584
8 0.12496571 0.23679899 0.0062223009999999995 0.43167722 0.41881844
8 0.118602216 0.019074365 0.5363298000000001 0.22947942 0.96594644
3 0.112425804 0.031736225 0.09495089 0.1661376 0.38411114
3 0.10829089 0.47542048 0.5950029 0.9478562 0.9048519
8 0.10290208 0.22588234 0.4580008 0.53066486 0.7895529
8 0.10205031 0.55869657 0.30984190000000006 0.94324774 0.96925926
3 0.09493279 0.59615016 0.57643914 1.0 0.9596657
8 0.09316122 0.30006537 0.26824534 0.761076 0.98206836
3 0.084505156 0.5336741 0.5456863000000001 1.0 0.94594806
8 0.08163668 0.22149345 0.555631 0.55902195 0.84771764
8 0.07765588 0.2749365 0.10872642 0.5273148 0.42238212
8 0.07683022 0.1940127 0.45684603 0.8849066999999999 0.93152183
3 0.07484881 0.27206397 0.25644186 0.8578353000000001 0.93642837
3 0.07398058 0.30422133 0.09275357 0.47112507 0.4552198
3 0.07265498 0.12768997 0.5376078000000001 0.58479893 0.83192927
3 0.07262182 0.48248824 0.44678965 1.0 0.9274578000000001
3 0.06821625 0.25055867 0.508548 0.7170632 0.8019045
8 0.06755591 0.45196167 0.20884728 0.7999611 0.99915016
8 0.06434565 0.0 0.61320627 0.14409907 0.92076665
3 0.06255980000000001 0.29995757 0.53969324 0.8785841999999999 0.87420017
3 0.060727302000000004 0.29036027 0.026676986 0.6124139000000001 0.28090075
8 0.059016306 0.16481602 0.48784855 0.4377823 0.8361133
3 0.058545806 0.49539269999999996 0.52201664 0.9526068000000001 0.81224126
3 0.056362185999999995 0.32710959999999994 0.28906828 1.0 0.79060656
8 0.05211419 0.00998516 0.15757479 0.081448555 0.6870252
3 0.0520418 0.008722648000000001 0.31830424 0.19917794 0.9709636
8 0.051712688 0.26626542 0.52279645 0.74386036 0.9860003
8 0.051586106 0.01245629 0.09310458 0.16271496 0.39754164
3 0.05129425 0.5712009 0.19683774 0.97306603 0.8431226999999999
3 0.050321516 0.0010040997999999999 0.5599439 0.7467848000000001 0.96309334
8 0.050273965999999996 0.30641323 0.4703313 0.57133865 0.88963985
3 0.049715728 0.25200123 0.4068039 1.0 0.87850666
3 0.048329495 0.01675829 0.11830166 0.13157427 0.64792454
3 0.048302036 0.02354443 0.58930004 0.19316225 0.90438676
8 0.04829126 0.36587042 0.00851457 0.72091633 0.22018892
8 0.047823265 0.013143918999999999 0.14929993 0.1543251 0.56130743
8 0.046129156 0.5805228 0.30214518 0.7537813 0.9864732
8 0.045933592999999995 0.19543929999999998 0.41088787 0.6561438 0.99906117
8 0.04561641 0.11387786 0.23611106 0.65730894 0.8755136999999998
8 0.0446212 0.2823125 0.578263 0.63626766 0.8625305
8 0.04350289 0.2326846 0.03808529 0.57286966 0.29135412
3 0.043259356 0.32610926 0.08435718 0.5543994000000001 0.45002726
8 0.04321848 0.017118685 0.2213774 0.16678548 0.9886459999999999
3 0.03904859 0.7952444000000001 0.016525315 0.9805176999999999 0.18726498
8 0.03896821 0.7623976 0.0 0.95517796 0.17555839
3 0.038740445 0.06012538 0.31106892 0.8628733000000001 0.83497006
8 0.037813835 0.029993594 0.041176796 0.36653376 1.0
3 0.037358414 0.09372324 0.4856008 1.0 0.9518101999999999
8 0.037316244 0.008187283 0.14003410000000002 0.12534487 0.69765013
8 0.03599372 0.25075644 0.49229443 0.49564856 0.91092014
8 0.035943367000000004 0.2135764 0.05297367 0.48491737 0.36188468
3 0.035555712999999996 0.07150163 0.21710388 0.49673486 0.86453235
4 0.03500551 0.3046639 0.5289036 0.57090056 0.8032491999999999
8 0.03386955 0.2699621 0.06744257 0.6350974 0.99858636
8 0.032591235 0.18545562 0.18871684 0.8131202 0.81989145
8 0.03238187 0.0017434657 0.48126185 0.48487428 0.9792825999999999
8 0.032285776 0.5322894 0.12077374 0.8755126 0.93903965
8 0.03225143 0.1659257 0.060683064 0.4064271 0.3972241
8 0.031539064 0.074926555 0.16801746 0.47205108 1.0
3 0.03102519 0.08347139 0.5737011 0.4978353 0.8984424000000001
9 0.030433522999999997 0.28545028 0.51701415 0.57718164 0.82809293
3 0.030378403 0.040656887 0.21017697 0.24089491 0.85404015
3 0.029724007 0.08169526 0.33429825 0.6545239 0.95353425
8 0.029614538 0.59572655 0.49438770000000004 0.79511005 1.0
8 0.029565888 0.3442188 0.11504475 0.84179944 0.92617947
8 0.028869299999999997 0.18832064 0.02127197 0.5480189999999999 1.0
3 0.028779062 0.65638435 0.47860119999999995 0.94601846 0.92841977
3 0.027581957999999997 0.0063395053 0.3609809 0.09333418 0.8959
8 0.027521089 0.63635194 0.0 0.9704859 0.93685174
4 0.027446237999999998 0.25887936 0.5534151999999999 0.5309829 0.8425053
3 0.027288456000000003 0.67606604 0.15526973 1.0 0.8631667
3 0.02687792 0.03427408 0.14186217 0.21100589999999997 0.43146154
11 0.02678963 0.32785487 0.5892815 0.6611130999999999 0.84466034
3 0.026430165 0.34053677 0.18674827 0.72243816 0.86431915
3 0.026248982 0.56708384 0.4242095 0.84152544 0.93390095
3 0.025957359 0.0039898753 0.43471414 0.39046544 0.92771083
3 0.025116904 0.25431398 0.226528 0.6418853 0.89166623
3 0.024542743 0.7456689999999999 0.014388686999999999 0.96213436 0.14727743
3 0.02424215 0.46226937 0.018321918 0.7764506 0.2021353
8 0.023463223 0.6615762 0.4486214 0.87088054 0.9943854
9 0.023109501 0.5122129 0.42619700000000005 0.8564712999999999 0.7283151999999999
3 0.022733489 0.47874504 0.5033042999999999 0.8139859 0.8889119000000001
1 0.02263392 0.25366935 0.5903813 0.512099 0.8438159
8 0.022509426000000003 0.35005423 0.35819840000000003 0.6155970000000001 0.8734328000000001
8 0.02091765 0.3525189 0.33138290000000004 0.5444855 1.0
3 0.02091379 0.55040956 0.6865123000000001 1.0 0.9332389999999999
3 0.020036347 0.6095839 0.39453699999999997 1.0 0.87562835
8 0.019183796 0.5330315999999999 0.45792097 0.8854455 0.7939339
12 0.01910747 0.005618445600000001 0.5976113000000001 0.16581291 0.9421708000000001
4 0.018968755 0.24652396 0.47104925 0.54802334 0.74299425
8 0.018905407 0.22133511 0.0 0.8932509 0.30871883
8 0.018709019 0.32570094 0.014553574 0.51673645 0.52380204
8 0.018655341000000002 0.19407845 0.55698305 0.41627383 0.9450441999999999
4 0.018507933 0.61412233 0.5253479999999999 0.9361120999999999 0.9169695999999999
9 0.018277593 0.6068943 0.45233256 0.90684587 0.75811213
12 0.01793287 0.29326755 0.47941459999999997 0.5394460999999999 0.8217408000000002
3 0.017630637 0.34995386 0.52467424 0.7233995 0.9022413
9 0.017592411000000002 0.37642166 0.49766532 0.67733574 0.80132157
8 0.01729441 0.0 0.0067257085 0.21630158 0.60584164
13 0.01720864 0.1980107 0.57835865 0.44510108 0.8555834000000001
8 0.017098643 0.18536252 0.13979284 0.41935498 0.45886272
4 0.017088955 0.0015966371 0.5804414000000001 0.16812646 0.9180792
8 0.016963918 0.014429823 0.4142531 0.35317170000000003 1.0
8 0.016891099999999996 0.30036113 0.42845297 0.48520556 1.0
8 0.016666673 0.49096286 0.31168538 0.64826727 0.9893311
3 0.01637578 0.047030114000000005 0.030586243 0.20439616 0.2661666
9 0.016282273 0.21335313 0.54390144 0.52278006 0.84006363
13 0.01609628 0.26948524 0.5703894 0.5294615 0.8291226
8 0.015428906000000001 0.043783307 0.6418371999999999 0.2802967 0.95083743
12 0.015359069 0.332003 0.5499145000000001 0.60455614 0.87585026
1 0.015348783000000001 0.19718406 0.54563457 0.49166617 0.77356184
8 0.015231379 0.12662518 0.3239428 0.42301667 1.0
9 0.014956272 0.1821482 0.47751215 0.5108258 0.7818487
11 0.014894785 0.43170348 0.6089454000000001 0.73293245 0.8529995000000001
8 0.014657518999999999 0.41188258 0.0 0.76513654 1.0
3 0.014282499999999998 0.051672302 0.108593225 0.24026683 0.37628585
8 0.01400943 0.41062609999999994 0.0121433735 0.6845241 0.33233753
4 0.013978731000000001 0.3998738 0.54873353 0.67524415 0.8039556
3 0.013617443 0.20288108 0.49901253 0.5088345000000001 0.8719752000000001
3 0.013428751000000001 0.6638970999999999 0.019016398 0.9500460999999999 0.20700836
4 0.0133156795 0.15609626 0.50983334 0.4717188 0.764108
3 0.013240715 0.043191895 0.19832797 0.25440222 0.53146094
4 0.013141591999999999 0.3312192 0.5818739 0.6094024 0.85089093
8 0.013038194 0.5535103 0.53893214 0.92177033 0.9122518000000001
3 0.012862403 0.40922087 0.24258871 0.81780607 0.78739244
4 0.012754486 0.6519696999999999 0.5931943000000001 0.8687520000000001 0.9269136999999998
8 0.012610476 0.0 0.58192664 0.21724755 0.8691186
3 0.012526785 0.6267381999999999 0.5266350000000001 1.0 0.81444776
12 0.012466642 0.28385228 0.09789716 0.6950505 1.0
6 0.012434198 0.24493217 0.6097796999999999 0.6418645000000001 0.92163265
8 0.0122616105 0.41954246 0.0 0.9295943999999999 0.8287716999999999
8 0.012212431999999999 0.06576258 0.02696991 0.53964996 0.75165296
8 0.012169112 0.19129789 0.032676406 0.5281475 0.6157073000000001
8 0.012106058000000001 0.0 0.0 0.5098712000000001 0.3210691
8 0.011985575 0.61282897 0.0071342919999999995 0.9201521999999999 0.21115462
8 0.011962553 0.21942426 0.30764157 0.38099104 0.93324906
4 0.011939979 0.17097476 0.58006847 0.72566783 0.93703485
11 0.011846377 0.24379209 0.60568553 0.5461699000000001 0.8621129999999999
1 0.011794667 0.19772005 0.09291114 0.5183405 0.4381438
3 0.011710035 0.15999386 0.055038717 0.6258855999999999 0.34038654
3 0.011649042 0.26289198 0.4016574 0.70903385 0.9380895
12 0.011401371 0.18685879 0.5026523 0.43786573 0.8539363000000001
3 0.011391417 0.044731513 0.1084897 0.1928716 0.6227804
3 0.01136055 0.06985294 0.41950550000000003 0.28708372 0.9355296999999999
3 0.01133229 0.4264779 0.059321377 0.9595546999999999 0.35076427
13 0.011315138 0.17394155 0.5305298 0.42905802 0.78729516
9 0.011147085 0.26816059999999997 0.45543779999999995 0.59799564 0.7417710999999999
4 0.011104273999999999 0.33152154 0.5771888000000001 0.8851079 0.9422949
8 0.011075613 0.28979224 0.03271993 0.7669916999999999 0.61396384
8 0.010905126000000001 0.20409203 0.6173731 0.82842684 0.94030106
8 0.010821411000000001 0.35410187 0.0 0.7186818 0.8411834
3 0.010697941 0.30914345 0.18878447 1.0 0.6663613
6 0.010562311999999999 0.0 0.6226545 0.17866883 1.0
8 0.010534223 0.48722237 0.42775902 0.68973154 0.89164907
8 0.010516642 0.20851073 0.0 0.6597991999999999 0.4515206
3 0.01040535 0.014617241999999999 0.28507566 0.19288138 0.60107845
8 0.010267166 0.47455 0.5666888000000001 0.7751746 0.90697575
7 0.010235704 0.25922865 0.5601079000000001 0.6206965999999999 0.84656984
3 0.010175836 0.41237575 0.57426083 0.82806283 0.9539779
6 0.010170478 0.14151576 0.18825586 0.5286765 0.5332789000000001
8 0.010153048000000001 0.0 0.55282253 0.15167560000000002 0.8351033000000001
2 0.010092522 0.27094984 0.5537401999999999 0.61503315 0.9106228999999999
13 0.0100254435 0.36676785 0.5740326 0.6043588000000001 0.81935436
9 0.00997924 0.01134938 0.63324815 0.17308320000000002 0.9642733
8 0.009953174 0.14213745 0.0 0.5696423 0.38023636
9 0.009943511 0.38611442 0.44704723 0.7163083 0.7292701
4 0.00979631 0.43001884 0.36930877 0.75630563 0.8937071
5 0.009722088 0.19057222 0.15773936 0.52040225 0.5059317
3 0.009644426999999999 0.24134192 0.086240135 0.40891388 0.47944504
9 0.009641588000000001 0.5179590000000001 0.38284302 0.74107444 0.7846708
8 0.009543239 0.7471466999999999 0.026192822999999997 0.917042 0.40210333
4 0.009421335 0.0010452047 0.6931208999999999 0.15533799 0.9833337999999999
4 0.009395553000000001 0.5262666 0.35356859999999996 0.865049 0.87969524
7 0.009303750500000001 0.0 0.0 0.090940386 0.7283843000000001
3 0.009290269 0.025870487 0.011668596000000002 0.18996444 0.19421366
8 0.009287168 0.068345405 0.32276908 0.21489789999999998 1.0
11 0.009235938 0.21182343 0.6423496 0.8213594999999999 1.0
9 0.009227375 0.33857197 0.041454423 0.74219507 0.8869952
7 0.0092123775 0.0 0.6094901999999999 0.1747635 0.9797645
11 0.009142428000000001 0.27896637 0.5254005 0.6114879 0.7845065999999999
11 0.009080981 0.017401226000000002 0.7566463000000001 0.1884934 1.0
9 0.009079729 0.5095261999999999 0.5653228 0.8182965 0.8764011
4 0.009070815 0.51281404 0.5848683000000001 0.7995603 0.89269257
8 0.008899832 0.71778184 0.0 0.878424 0.3341303
9 0.008863229 0.38723850000000004 0.41968146 0.59608823 0.817423
6 0.00882518 0.20868827 0.1385813 0.4746821 0.61289245
9 0.008824466999999999 0.3553423 0.46140835 0.5601079999999999 0.8587007
13 0.0087783 0.45808995 0.5135337999999999 0.6873925999999999 0.75852466
7 0.008724224000000001 0.15959 0.15307258 0.5653100999999999 0.5305679
3 0.008694921999999999 0.32140290000000005 0.4560263 0.5751233 0.9079158000000002
8 0.008623635 0.107628495 0.0 0.72345746 0.28690496
4 0.0086087175 0.04966089 0.42811748 0.21495304 0.91595185
12 0.008566773 0.20608562 0.5541059 0.48023486 0.91256535
11 0.008553879 0.18516417 0.55806386 0.51096195 0.8028571999999999
13 0.008503247 0.24320522 0.50646126 0.50689936 0.7484791999999999
1 0.0084205475 0.26968884 0.045969382 0.49080157 0.5458715000000001
1 0.008418741 0.18913224 0.067001715 0.44576606 0.5577291
9 0.0083822105 0.61481607 0.3391729 0.75978184 0.8337536
2 0.008363218 0.21671975 0.01184347 0.5043949000000001 0.38626245
8 0.008252981999999999 0.0 0.0 0.18920809 0.27315766
1 0.008200731 0.13875817 0.60753244 0.44290513 0.8693359
5 0.008049809 0.020290181 0.6483545999999999 0.19222762 0.9121385000000001
3 0.008018275 0.33508775 0.075902805 0.9251058000000001 0.43405944
5 0.008002482 0.2673462 0.13474992 0.6007514 0.523423
13 0.007997681 0.10216716 0.58733827 0.68013227 0.9616231
8 0.007983671500000001 0.0066277124 0.28847644 0.07338568599999999 0.8937905
4 0.007943641999999999 0.2909009 0.14922258 0.7368888000000001 0.9223164
11 0.00793683 0.49762195 0.6520034 0.8388279000000001 0.930277
3 0.007855455 0.05993031 0.17894356 0.3096755 0.69810146
3 0.00784233 0.7152472 0.63933444 1.0 0.9529889000000001
7 0.0077841287 0.21300355 0.49787894 0.5532241 0.8059883000000001
1 0.007777686999999999 0.5602437 0.3851067 0.83532894 0.9584142
3 0.007748786 0.13700697 0.13033506 0.72758603 0.62291783
1 0.007700121999999999 0.004705526 0.051469974 0.16224793 0.3561601
7 0.0076938695 0.2143004 0.057113145 0.51597834 0.6187135
9 0.007674853299999999 0.23319364 0.50890744 0.7538636 0.9199619000000001
9 0.00763087 0.6324837 0.5142137999999999 0.94174016 0.9889841999999999
1 0.007624253 0.3403672 0.5834238 0.6095219 0.8443465
13 0.0076175895999999995 0.51984286 0.47677797 0.7685425 0.7204333
3 0.007567251 0.33549803 0.66721565 0.8861899999999999 0.9656286000000001
12 0.007491212 0.06865094 0.45604187 0.19771960000000002 1.0
3 0.0074766395 0.28540853 0.061913848 0.6702517 0.4002304
12 0.0074075586 0.19769119 0.038798172 0.6002656 1.0
13 0.0073448014 0.26178320000000005 0.1509428 0.70472753 0.8930853000000001
8 0.0073299976 0.5264626 0.009872966 0.8630846 0.24539919
9 0.007325066999999999 0.6474156999999999 0.5164873999999999 0.7893353 0.91739666
8 0.007239661 0.49428254 0.033599854 0.85631067 0.6736265
7 0.0071650073 0.23664509 0.0 0.46113282 0.56478107
9 0.0071099275 0.44413924 0.40712329999999997 0.80681956 0.6860693
3 0.0070579518 0.58870995 0.016697692 0.9101684000000001 0.23564924
1 0.007053780999999999 0.004691574699999999 0.0 0.105963975 0.523904
6 0.00705037 0.0 0.15799661 0.078426115 0.8081206999999999
6 0.0070176423 0.0029880926 0.75037795 0.16780964 1.0
4 0.006992811 0.6030593000000001 0.46670428 0.90998197 0.75255364
4 0.006987445 0.62985426 0.5248815 0.78951734 0.9248917
4 0.0069554155 0.0 0.47323874 0.24363813 0.8863341
2 0.006950569 0.18701988 0.11252091 0.46866226 0.52740544
3 0.006908458 0.73493356 0.048940036 0.91123384 0.31168979999999996
1 0.0068752959999999995 0.47777915 0.5112169 0.80635583 0.76043093
13 0.0068137203 0.2944814 0.5518767 0.65980697 0.9458407
9 0.006749579 0.47766990000000004 0.3186262 0.74829704 0.8986405000000001
8 0.0067405314 0.15518036 0.007343980999999999 0.46074632 0.26587109999999997
4 0.0066151796 0.6935147 0.47149938 0.8477539000000001 0.8929475
1 0.0065937773 0.0 0.6191464 0.17969573 0.9168332
6 0.0065820618000000004 0.0 0.06821908 0.11245168 0.6390908000000001
2 0.006561742 0.21608227 0.48277172 0.5806123000000001 0.8060655
6 0.0065178224 0.13791579999999998 0.11752757 0.5939738 0.41813865
7 0.006505239 0.10546504 0.5197980999999999 0.4868372 0.81618994
4 0.006491868299999999 0.5995518 0.34760359999999996 0.76171315 0.86040103
11 0.0064376923 0.30797178 0.19432428 0.70378727 0.94741374
11 0.006435004499999999 0.38146114 0.6438243 1.0 1.0
1 0.0063729077 0.3165934 0.5612121 0.49612349999999994 0.9211591
12 0.006368578000000001 0.42077349999999997 0.11144519 0.6832355 0.8186648
3 0.0063612727 0.4115067 0.46170154 0.76301366 0.8562129999999999
3 0.006337984499999999 0.50251186 0.04641987400000001 0.99548304 0.27877632
3 0.006334818000000001 0.074385285 0.040894616 0.35252386 0.29150024
8 0.0062463586 0.7704853 0.0 0.9684218000000001 0.31223357
7 0.0062131938 0.0 0.7198045999999999 0.19516656 1.0
3 0.0061613624 0.16842507 0.13654125 0.39315414 0.5107732
9 0.006159716 0.33856353 0.57078856 0.59900725 0.89135253
2 0.006133765 0.25362748 0.10647203 0.5447108 0.49993235
1 0.006131935 0.270662 0.5102021 0.5380457 0.75365186
3 0.0061095054000000005 0.4299852 0.1310642 1.0 0.5472838000000001
11 0.006105619499999999 0.3801261 0.5382805 0.59699136 0.91225445
1 0.006096773000000001 0.002309218 0.0 0.07609635 0.6167726
8 0.006046541 0.0070242807 0.22620879 0.22189185 0.52086866
1 0.006018750400000001 0.23778693 0.3721875 0.6610971 0.9445485999999998
1 0.006018154 0.14320037 0.25609902 0.71251917 0.7672836
6 0.0060026604 0.22682698 0.17640322 0.5875526999999999 0.49704996
4 0.0059904675 0.44926193 0.48742095 0.91410995 0.9228732
8 0.005974458 0.40811422 0.46198599999999995 0.6375321 0.9627331
8 0.005906197199999999 0.85229146 0.0 0.983922 0.3763645
8 0.0058984268 0.059482455 0.62617826 0.5627806 0.9667293
3 0.005890645999999999 0.5372683000000001 0.115511395 0.9436511999999999 0.63966244
6 0.00585541 0.21980897 0.54526806 0.6076683 0.83125955
5 0.0058312137 0.22995715 0.05722115 0.5739616 0.36997893
2 0.0058221696 0.22859323 0.041267473 0.43111157 0.6030885
1 0.0057895966 0.38026223 0.49326292 0.5402638000000001 0.85329014
1 0.005772129 0.47247255 0.37230477 0.7588706999999999 0.95462376
8 0.0057391087 0.22498769 0.0 0.8968385 0.5091479
1 0.005731928000000001 0.104233086 0.5592814 0.42015725 0.8049069000000001
1 0.0057214806 0.1066598 0.5131399999999999 0.6804161999999999 0.97847855
13 0.005672989 0.15377021 0.20250781 0.504069 0.51989585
9 0.005653143 0.5342056 0.2634408 0.81167215 0.8977656999999999
4 0.0056458833 0.42161074 0.4275122 0.6294101 0.7905726
1 0.005612819000000001 0.24085425 0.0029599932000000002 0.54317415 0.29425225
9 0.005603895500000001 0.26511824 0.24399662 0.8718761 0.8654154000000001
12 0.00560145 0.33098665 0.0027545029999999997 0.45567033 0.6080759
8 0.0055992627000000005 0.60331094 0.014655722 0.86185706 0.41453356
