3 0.62502027 0.031048656 0.49584308 0.36135793 0.8457244
3 0.5962699 0.16498324 0.49012294 0.44783828 0.7827821999999999
3 0.5285316999999999 0.15365437 0.5023308 0.38679805 0.8687785
3 0.4375361 0.07476011 0.4222242 0.4847174 0.9000259
3 0.3933355 0.01498653 0.40683259999999993 0.27591437 0.8476877
3 0.37771815 0.24010362 0.48786297 0.52480626 0.76856357
3 0.35250040000000005 0.005523056 0.48796073 0.24963719 0.9412556999999999
3 0.22951518 0.17245801 0.44016927 0.47308505 0.7144851
8 0.20879516 0.06156671 0.33608913 0.32899576 0.8685488000000001
8 0.19899258 0.23126954 0.36595842 0.42243725 0.7590777
3 0.18109065 0.08935062 0.45438057 0.30765570000000003 0.9289458
8 0.14612538 0.023018353 0.21590951 0.25762105 0.9010504
3 0.13973965 0.030934125 0.37670606 0.34893405 0.96059716
3 0.12885664 0.09958418 0.39315447 0.3632267 0.7700446
8 0.1256484 0.07784315 0.2580456 0.22708312 0.8452812
8 0.1062382 0.21085411 0.2462335 0.36417633 0.80081093
8 0.103046834 0.23222989 0.46362782 0.44093877 0.8454144
8 0.096681945 0.02207169 0.15781482 0.42679837 0.8643914
8 0.09410834 0.04837822 0.27970114 0.19301951 0.8911713
8 0.08958722 0.07374731 0.4318795999999999 0.23669016 0.9313788000000001
3 0.08405514 0.011320427 0.48729706 0.19403695 0.8471902
8 0.078575045 0.18009067 0.30597433 0.34287202 0.7222561
8 0.07699685 0.015930362 0.38645205 0.20446658 0.82274896
8 0.07679241 0.14109042 0.35721865 0.33056030000000003 0.81276214
8 0.07500807 0.18804976 0.4352058 0.36682853 0.8228200000000001
8 0.07075762 0.24173523 0.4290398 0.50187856 0.74698293
8 0.07073982 0.036755122 0.46936809999999995 0.1853919 0.96822804
3 0.062503055 0.18945724 0.5072906 0.8902336999999999 0.92917264
8 0.059588786 0.20825922 0.36847466 0.37220037 0.95392144
8 0.05806045 0.1887382 0.3571592 0.45302764 0.65643024
3 0.055721313 0.21926887 0.51993877 0.47232115 0.8641450999999999
3 0.052440397 0.21096718 0.3793617 0.39084159999999996 0.8109093
8 0.0508721 0.871792 0.39782602 0.9867906999999999 0.75928444
3 0.04662122 0.12800118 0.41396943 0.70273745 0.88769436
3 0.04190794 0.8707994000000001 0.49326748 1.0 0.79291886
3 0.041292895 0.80456287 0.49196482 0.9793255999999999 0.7257766
8 0.040828526000000004 0.09314835 0.42359608 0.36631697 0.7570226999999999
3 0.039874367 0.13448128 0.54154724 0.59988713 0.9285540000000001
3 0.038955804 0.27536669999999996 0.45560604 0.5991707 0.7306529
8 0.03710546 0.018492326 0.44507727 0.1505871 0.8838728000000001
3 0.03621801 0.0031782090000000004 0.39402622 0.17534333 0.7097435000000001
7 0.03339816 0.0 0.35884717 0.25520924 0.86406326
8 0.029738456 0.05872169 0.43863599999999997 0.47877200000000003 0.92358834
3 0.028979868 0.009345755 0.34303442 0.15709653 0.8828101999999999
4 0.028709562 0.0146775395 0.42887715 0.15239416 0.7919076
8 0.028576115 0.86654687 0.5003554 0.99233234 0.92825085
3 0.028099565 0.21941829 0.40115824 0.52100855 0.66445035
3 0.02689418 0.0022413358 0.36634392 0.22369206 0.64446396
4 0.026393352000000002 0.07319026 0.45807913 0.21488546 0.9213283999999999
8 0.026391981000000002 0.03401512 0.45290104 0.31742033 0.7791844
8 0.026313184 0.78554446 0.42263937 0.9590015 0.7005443
4 0.025250345 0.042970955 0.44041407 0.25445673 0.8537545
7 0.024795262000000002 0.0 0.43210772 0.46237734 0.79484844
8 0.02431222 0.0 0.42862216 0.28061628 0.70978993
4 0.023779282000000002 0.022549242 0.46393406 0.16808268 0.906165
4 0.023699986 0.020542435 0.38993835 0.20774052 0.76973325
7 0.023214132000000002 0.003614068 0.291463 0.30645907 0.80970275
7 0.02316824 0.0 0.16219002 0.20608477 0.91299003
3 0.021831972999999998 0.86419433 0.55567414 1.0 0.88183594
7 0.02122701 0.0 0.4922206 0.21476895 0.8061739
8 0.020137182 0.12198162 0.40836120000000004 0.7470591 0.95738643
5 0.019333266 0.08564919 0.45682845 0.41896528 0.7644344
3 0.019179162 0.33773386 0.5574111999999999 1.0 0.93609536
8 0.018786525 0.055644855 0.33643579999999995 0.34572970000000003 0.67113966
7 0.018318174 0.00058475137 0.47077444 0.32250178 0.9704917
8 0.018179508 0.017098986 0.30069938 0.16986725 0.75004977
8 0.017854813 0.07041612 0.20395213 0.56327295 0.9140109000000001
4 0.017469082 0.0852253 0.38167757 0.2938407 0.79433185
8 0.016905269 0.11357508 0.27627987 0.30856633 0.6993081999999999
9 0.016451582 0.019397415 0.30893368 0.25453174 0.7661107
3 0.016269733999999998 0.06306179 0.29565522 0.513437 0.7510711999999999
8 0.016007122 0.02114153 0.571388 0.2499718 0.8415761999999999
7 0.015909713 0.029576696 0.17913572 0.26255816 0.9240284
3 0.015829971 0.010667860500000001 0.65819883 0.73016083 0.98142135
8 0.015133245 0.008848488 0.3574231 0.2286458 0.6664015
5 0.014724948 0.0 0.5165125 0.21073264 0.817972
9 0.014593223999999998 0.02491673 0.3809647 0.18056458 0.837023
12 0.014297796000000002 0.07890079 0.40745455 0.27064815 0.8543974
3 0.013813358999999999 0.7152699 0.5777425 1.0 0.9281684000000001
9 0.013791981000000002 0.012362264 0.48157486 0.22693214 0.7988283
4 0.013489148999999999 0.06257552 0.5399284000000001 0.36072695 0.8663805
2 0.013307234 0.022851929 0.44708887 0.39442497 0.72417057
12 0.013219101 0.08439715 0.41244426 0.36138856 0.7808431
7 0.012903231999999999 0.0 0.21503158 0.32958590000000004 1.0
4 0.012861702 0.0823611 0.46995917 0.38246056 0.757849
5 0.012827638999999998 0.0033110678000000003 0.47433302 0.16843463 0.9159367
4 0.012561137 0.108458504 0.43380219999999997 0.25409812 0.9644585999999999
12 0.01244792 0.013596981999999999 0.39754465 0.19725317 0.8690066999999999
3 0.012207461000000001 0.045636012999999996 0.63631 0.3960647 0.9496867
9 0.012112801999999999 0.04159935 0.42350249999999995 0.38764036 0.7552147
1 0.012028919499999999 0.032444358 0.36993548 0.2888966 0.85774887
5 0.011569361 0.042374745 0.3559118 0.26528084 0.8500469999999999
2 0.011348964 0.034105495 0.513498 0.42301238 0.84603703
7 0.011290747 0.06949299 0.35577995 0.30277568 1.0
3 0.011240772 0.1689392 0.36647725 0.8549876000000001 0.8182480999999999
12 0.011150558 0.005337313000000001 0.45651668 0.14752918 0.9129782
3 0.011094651 0.8964165999999999 0.57976246 1.0 0.92864066
7 0.011087093999999999 0.098943055 0.40579718 0.44090647 0.94308525
1 0.010918348000000001 0.17226608 0.4120508 0.50806373 0.7699998
4 0.010904336 0.01392898 0.4748133 0.33159223 0.7951191
12 0.010845793999999999 0.25263253 0.20007774 0.37135383 0.9809058
9 0.010456449 0.0 0.46494633 0.35372442 0.8327902
1 0.010436983 0.023909852000000002 0.43991202 0.38286442 0.89682686
6 0.010382293 0.0 0.50062066 0.47096843 0.790509
5 0.0102920765 0.018216773999999998 0.45877700000000005 0.27324903 0.7829369
8 0.0102398675 0.26752204 0.35953382 0.44707513 0.9752268
11 0.010222749 0.040006578 0.5934658 0.4337518 0.88292557
9 0.010076228000000001 0.0909727 0.2997462 0.30625132 0.7394421
9 0.009987285 0.08052547 0.38029987 0.28689253 0.8663375
12 0.009824578 0.0 0.48034920000000003 0.18121743 0.8059831000000001
7 0.009657770999999999 0.049522504 0.4972519 0.49327946 0.8591106
6 0.009536715999999999 0.035730258 0.5410693 0.29428940000000003 0.9667689
12 0.009483623 0.057630673 0.30048737 0.18455529 0.9598359000000001
3 0.009422561999999999 0.010318838 0.5116953 0.13795504 0.9645764000000001
6 0.009225401 0.15680097 0.502954 0.42249048 0.9542171
13 0.009184741 0.07364403 0.48518243 0.39005822 0.7574076999999999
1 0.009141406 0.14388384 0.36390916 0.4646482 0.67370206
8 0.008989043 0.022889514 0.3941425 0.10960181 0.99526936
7 0.008987784 0.0 0.265179 0.43883625 1.0
8 0.008933634499999999 0.72860944 0.45898926 0.96726227 0.8639713
8 0.008929989000000001 0.24658966 0.21219301 0.43338823 0.8567384
4 0.008908033000000001 0.0798242 0.27658707 0.22913587 0.7631848000000001
2 0.008873323 0.0 0.47720447 0.2817665 0.8790303
4 0.00877804 0.12025273 0.26978123 0.27440938 0.85024863
1 0.008757671 0.0 0.46593386 0.26030308 0.8716941999999999
13 0.008530097 0.116074435 0.40885985 0.32778567 0.7563837
5 0.008500264 0.26136714 0.42727238 0.5791189999999999 0.8340578000000002
12 0.008370117 0.027511276 0.45074406 0.18113044 1.0
9 0.008273519 0.085664116 0.42271578 0.23193705 0.9844638000000001
3 0.008176348 0.8236540000000001 0.5890849 0.9986709999999999 0.8389025
1 0.008139863 0.0047680438 0.34139743 0.36352745 0.72011966
4 0.008107045 0.0 0.5203605 0.20263001 0.95730525
9 0.008089678000000001 0.07487423 0.22466898 0.23617238 0.8588993
5 0.008047659 0.051138073 0.48943580000000003 0.3012663 0.92287415
13 0.008024886 0.07736041 0.48709148 0.22264971 0.94450295
12 0.008012269 0.0 0.4992624 0.24467960000000002 0.83914596
9 0.007897371 0.04546667 0.40833995 0.2025244 0.96243596
6 0.007885188000000001 0.0 0.525012 0.23879415 0.79436904
5 0.007865383 0.22180691 0.33755827 0.54314744 0.7511451
8 0.007859551 0.79463357 0.13363338 0.9720747999999999 0.9235597
11 0.007787213 0.05240579 0.52226967 0.43123108 0.7971076
2 0.0077820816 0.0 0.34053385 0.35571054 0.6046413
5 0.007763705 0.1294711 0.32109278 0.3604329 0.8638066999999999
7 0.0077096364 0.0 0.5516443 0.27284676 0.89410305
8 0.007684945 0.19006665 0.0 0.55853474 0.9586457
4 0.007660846 0.0 0.44216368 0.29107895 0.7259505
4 0.007657199599999999 0.011765234 0.25604174 0.16302392 0.7296483
12 0.0075792577000000005 0.21607935 0.21329679 0.34003675 1.0
11 0.007403867299999999 0.0074407384 0.54763234 0.2003603 0.9365399
11 0.007391353000000001 0.0 0.5523985 0.17251815 0.8326278
5 0.0073749037 0.01882378 0.50945693 0.21003944 1.0
10 0.0073725940000000005 0.17623213 0.49778175 0.5229794 0.7772842
12 0.0073215934 0.08841982 0.26193953 0.22020859 0.9563056000000001
2 0.007279718 0.0 0.30089554 0.26038802 0.6509670999999999
12 0.0072531826 0.12636158 0.3334743 0.29183725 0.8181031999999999
12 0.007241385 0.18924093 0.23330975 0.36616182 0.81195575
7 0.0071604 0.13139842 0.37206814 0.52564657 0.74049467
2 0.0071191136 0.16297916 0.30999064 0.47345582 0.64603585
7 0.0070982630000000005 0.10288428 0.27842012 0.40712088 0.80658895
13 0.0070877476 0.03188715 0.4364764 0.18109363 0.9447790999999999
11 0.007067156 0.13694811 0.49056372 0.3559091 0.86155957
5 0.007035962 0.009983718 0.5615730999999999 0.30048797 0.8125306999999999
10 0.0070202653 0.06530395 0.49515125 0.43245953 0.7898781
4 0.007015315 0.109652445 0.52406806 0.4101891 0.807625
1 0.0069517684 0.1287529 0.44384589999999996 0.44627935 0.8612404
3 0.0069117345999999994 0.18347791 0.26886544 0.5945039000000001 0.8876154
10 0.0068968693000000005 0.25834322 0.5176409000000001 0.59686726 0.7729212
2 0.006874605 0.18326586 0.48516940000000003 0.50938964 0.9131290000000001
6 0.0068434104 0.0008939653599999999 0.5048771 0.19298604 0.94436675
7 0.006811739 0.17841437 0.436855 0.5970941999999999 0.8210178
12 0.006668949 0.23830664 0.33532947 0.47533214 0.7032636
6 0.006642546 0.026209071 0.5676505999999999 0.44941968 0.8591264000000001
13 0.006583503399999999 0.02129437 0.49182168 0.20485914 0.8008346
8 0.0064937505 0.076330885 0.53928626 0.34363616 0.8449743000000001
5 0.0064234882999999994 0.17253534 0.4430182 0.508355 0.7982815
8 0.0064012203000000005 0.005920589 0.1577053 0.31109068 0.689395
9 0.006395723000000001 0.12093276 0.2941025 0.27074584 0.9441521
1 0.006378111 0.21772698 0.30637768 0.421204 0.7735590999999999
8 0.0063439759999999994 0.00047259033 0.57211614 0.13444659 0.88246536
12 0.0063417683999999995 0.12636828 0.3378752 0.38673043 0.7334411999999999
7 0.0063403905 0.0 0.33253920000000003 0.21770250000000002 0.6754736
9 0.006316454599999999 0.027384445 0.36147383 0.35140342 0.67039967
3 0.0063157254000000005 0.5523591 0.39583229999999997 1.0 0.91652435
6 0.0063018687 0.16631767 0.4832831 0.59098804 0.8111288000000001
7 0.0062054545 0.18679112 0.2017142 0.39857805 0.85178524
8 0.006187540500000001 0.7955760000000001 0.48432484 0.9748529 0.9466445
2 0.006147901999999999 0.13824792 0.41297449999999997 0.45991307 0.76798654
2 0.0061365715 0.045944124 0.3982943 0.3061625 0.8038204000000001
13 0.006131938000000001 0.08117048 0.4359156 0.29284388 0.8163100000000001
1 0.00610337 0.02487962 0.35386425 0.22296387 1.0
1 0.006013249 0.11326712 0.28936258 0.34791282 0.7656926
2 0.0059609576000000004 0.0 0.39739534 0.22889969 0.7756503
1 0.0059099416 0.0 0.36847025 0.2835789 1.0
12 0.0058563114000000005 0.26026505 0.3223296 0.43330103 0.8712850000000001
1 0.0058545559999999995 0.086949125 0.26909336 0.2513678 0.9081030999999999
11 0.005846173499999999 0.04778059 0.51732254 0.28905994 0.9530152
13 0.0058298265 0.08629887 0.44708592 0.40698624 0.92650044
10 0.005811151 0.094218716 0.56943864 0.43892753 0.8678429
13 0.005777868 0.09114738 0.5160049 0.31293714 0.8886209999999999
13 0.0057732724 0.08239055 0.30069152 0.2395846 0.77671987
3 0.005751914300000001 0.80238587 0.41084 1.0 0.94424516
6 0.005726364 0.061989665 0.42128673 0.36157855 0.8442094000000001
12 0.005675240400000001 0.04215163 0.50143427 0.25407553 0.93878925
11 0.005660684 0.08013884 0.5089868 0.23334101 1.0
11 0.005652250699999999 0.029142521 0.46978706 0.22156361 0.84090465
4 0.0056405909999999995 0.04509461 0.34850892 0.33835232 0.85970044
9 0.005616586 0.0 0.52807593 0.27107963 0.88306993
3 0.005453503 0.010741278500000001 0.6098975 0.20896454 0.92256165
8 0.0054276143 0.8852040999999999 0.567467 0.9830946 0.9804487
7 0.0054060094999999996 0.14497767 0.52214843 0.5815713 0.9044585999999999
7 0.0053464533 0.0 0.5983744000000001 0.42314368 0.9403464
8 0.005341259 0.26297608 0.36983338 0.88833106 1.0
4 0.0052853227 0.11515184 0.52016073 0.31397635 0.90518886
13 0.0052818000000000006 0.8562056 0.5750702 0.98692775 0.9270295000000001
3 0.0052697267 0.7259131 0.5360725000000001 0.9721858 0.7836826
9 0.0052512465 0.22736911 0.43365875 0.5096414 0.7632012
2 0.0052319095000000005 0.06842497 0.32126059999999995 0.31464446 0.69754714
10 0.0052190428 0.19311252 0.41817117 0.5514326999999999 0.67632824
9 0.005199301 0.038590305 0.2617453 0.27040990000000004 0.9887355999999999
13 0.005190964 0.17484827 0.5091433 0.42785877 0.91092956
8 0.00516355 0.12506771 0.3225324 0.39882028 0.6412228
8 0.0051554109999999995 0.69141614 0.4426785 0.9493386999999999 0.76009303
3 0.005153082 0.33948416 0.43140307 0.64354175 0.671049
6 0.005138809 0.043969184 0.43897074 0.44616997 1.0
2 0.005133894 0.04783918 0.3612884 0.42925388 0.6788898
8 0.0051302807 0.7153512 0.25512898 0.97152734 0.96871674
9 0.005105286 0.007098384 0.33282986 0.18034679 0.6468723000000001
8 0.0050605875 0.12500203 0.14541717 0.30076066 0.82287115
3 0.0050454834 0.009267323000000001 0.33030534 0.17434207 0.6053331999999999
4 0.0050321820000000005 0.0034726113 0.28034225 0.24460104 0.8571818000000001
13 0.005012385 0.22045937 0.48785725 0.5534544 0.7697418
12 0.0049414476 0.27999935 0.40595529999999996 0.52563393 0.752788
5 0.0049126073999999995 0.07283506 0.49877685 0.26042622 1.0
1 0.0048478376 0.0 0.26955834 0.31580353 0.8708494000000001
6 0.0047933846000000006 0.12242174 0.41629517 0.555193 0.7338792
10 0.0047887484999999995 0.0 0.4645374 0.31234902 0.77310574
13 0.004768468 0.01196596 0.39220965 0.15687267 0.8006087
9 0.0047567156 0.21798449999999997 0.35233212 0.41044956 0.78851277
1 0.004699054 0.0 0.2942092 0.18659663 0.8425942
1 0.0046686604999999996 0.0 0.36507675 0.24268779 0.7135050999999999
6 0.00461069 0.08687719999999999 0.5569052 0.36877748 0.9798968000000001
5 0.004609592 0.19453336 0.5279731 0.5219232 0.86214274
4 0.0045603635 0.17634335 0.555068 0.47728792 0.8197087
6 0.00454817 0.1495341 0.55851346 0.51725346 0.86701256
8 0.0045207036 0.75404197 0.29801384 0.9263485 0.86710364
13 0.0045058270000000004 0.016950473 0.5265358 0.34552383 0.80340296
9 0.004493296 0.20398363 0.28179172 0.36395058 0.74711293
12 0.004492454 0.17935994 0.39370924 0.4491335999999999 0.7835141999999999
12 0.0044443877 0.299694 0.3132116 0.46273792 0.8189604
6 0.0044334890000000005 0.09880831 0.41428447 0.28639802 0.96912247
6 0.0044044293 0.16153248 0.42326716 0.44578367 0.82935345
7 0.0043923995 0.21367666 0.31383187 0.5001917 0.8356728000000001
7 0.0043623927 0.0 0.35526112 0.3548071 0.7118621999999999
11 0.0043556252 0.18053916 0.56998664 0.52141035 0.8612976999999999
12 0.004346077 0.11105139 0.42676282 0.25459766 1.0
6 0.0043417867 0.0 0.39215943 0.2736885 0.77427006
2 0.0042713745 0.034146115 0.27697253 0.23001777 0.7412446
7 0.0042448943 0.8479164 0.36072448 1.0 0.9008568000000001
13 0.004158332 0.022297978 0.26956224 0.17924042 0.7625378
9 0.0041379645 0.16778195 0.3690802 0.4766758 0.6811603
4 0.004109064 0.2586453 0.47311476 0.56036365 0.7270953
11 0.0040959674 0.21034712 0.5119136 0.41671902 0.9313661
11 0.0040853190000000005 0.24207537 0.49729332 0.5765765 0.7697444999999999
4 0.004082706 0.007344 0.5878484 0.15151134 0.87654203
1 0.004067332 0.19949132 0.22054429999999997 0.33867735 0.82822174
3 0.0040533109999999995 0.29937273 0.34319368 0.4804418 0.78732747
8 0.004051241 0.43603563 0.07470579 0.92058694 0.93532115
5 0.0040499740000000005 0.15064688 0.4512218 0.4071198 0.93502766
6 0.00402178 0.0 0.4721397 0.38503003 0.73274124
9 0.0039998027 0.1357631 0.42713454 0.45619804 0.7781195
2 0.0039520959999999996 0.08307496 0.41282645 0.26849788 0.9910808000000001
11 0.003938776 0.02789998 0.37873045 0.2827551 0.7371853
11 0.0039380006 0.11156325 0.578018 0.34171426 0.9864765999999999
10 0.003919782 0.09413271 0.44247833 0.49103528 0.7276365
8 0.0038856778000000004 0.33931512 0.17340401 0.50946045 0.75304145
5 0.0038808516999999996 0.19033536 0.20861533 0.37893757 0.9850749
12 0.0038755634000000004 0.07200149 0.22674560000000002 0.3485577 0.9723331000000001
9 0.0038655202000000004 0.15107206 0.43523222 0.37193623 0.8453480999999999
3 0.0038363371999999996 0.014021277 0.31044206 0.2901292 0.58786595
13 0.0038261167 0.2567665 0.46774495 0.46979088 0.81636304
13 0.0038125182 0.17843628 0.42299128 0.41070730000000005 0.8046158
8 0.0037987222999999997 0.8207745000000001 0.27535662 0.9732267 0.8111184
11 0.003798254 0.21280879999999996 0.28008 0.36546248 0.791053
13 0.0037796393 0.031424022999999995 0.3957091 0.22109336 0.68153715
7 0.0037781290000000003 0.0 0.51044774 0.562446 1.0
1 0.0037691863 0.77088994 0.3863333 0.9629764999999999 0.70956635
12 0.0037691807000000003 0.031300902 0.37177143 0.28242674 0.7262390999999999
11 0.0037664372999999998 0.09445442 0.45597020000000005 0.4890499 0.71861583
12 0.0037413153000000004 0.12313948599999999 0.21369818 0.38194978 1.0
4 0.0037318456 0.16186668 0.46822706 0.48029178 0.71634686
2 0.0037114627000000002 0.045161485999999994 0.47023243 0.22963285 0.9836671
2 0.0037109307 0.07974537 0.3014751 0.40033257 0.99229634
12 0.0036505009999999996 0.8799935999999999 0.50131685 0.9888869 1.0
11 0.0036361485 0.23664321 0.41899723 0.44743937 0.81208503
4 0.0036204618 0.008988753 0.39080040000000005 0.24582510000000002 0.6600876999999999
12 0.0036043113 0.8946298 0.3856295 0.9907398999999999 0.91024125
6 0.0035978790000000004 0.21499276 0.49825585 0.48955846 0.9742434000000001
3 0.0035574153999999997 0.013162397 0.23566712 0.21956152 0.8722866
13 0.0035263259999999998 0.14077502 0.4876348 0.36923540000000005 0.86329466
11 0.0035253325 0.05162842 0.3321582 0.20044579999999998 0.8515214
