8 0.06870766 0.19124764 0.03286641 0.32958668 0.3521887
8 0.035140857000000005 0.22256683 0.03236744 0.39036483 0.31942526
3 0.028857732 0.20589846 0.048901428 0.35848892 0.34769765
8 0.02621028 0.15289879 0.016132925 0.33819845 0.41571679999999994
8 0.024221642 0.1823962 0.06605432 0.33600298 0.5355106
3 0.023766182 0.13468662 0.31300053 0.6387149999999999 0.9214466999999998
3 0.021829243999999998 0.22029528 0.054291155 0.41611752 0.4611148
3 0.01810327 0.14183825 0.3956933 0.9510327 0.91178495
8 0.016045831 0.08678456 0.19984224 0.47528362 0.9217498
3 0.014214592 0.08411685 0.57395715 0.84366393 0.9199874
3 0.013006793000000001 0.26226336 0.022743119 0.42631894 0.29319748
8 0.012769893999999999 0.85440046 0.03766322 0.9676749 0.48255625
3 0.011806036 0.25088742 0.53224546 1.0 0.89087635
3 0.011423546000000001 0.19070876 0.20444404 0.6692371 0.6907963
3 0.011386655 0.19126448 0.15508110000000003 0.512323 0.74915683
3 0.010703542 0.88132125 0.09904753 0.99355954 0.4827688
3 0.010375997 0.29916808 0.30515996 0.7805401999999999 0.8643533000000001
3 0.010346028 0.027619556 0.20395952 0.19607297 0.5029282
3 0.0085138045 0.09595941 0.3638212 0.49264205 0.899761
3 0.008061872 0.3506078 0.36701673 0.6229784 0.7835926
8 0.007773837 0.31047028 0.29828563 0.7604932 0.9912402
8 0.007753276999999999 0.0 0.0071965326000000005 0.24550709 1.0
8 0.0075220595999999995 0.2584225 0.10803901 0.59327847 0.9763437
8 0.007346235699999999 0.03554733 0.0 0.33822912 0.9800306999999999
8 0.007083079 0.0 0.11893707 0.12012010000000001 0.66889364
3 0.0067135016 0.29419246 0.30178604 0.54778206 0.83204013
3 0.006690573000000001 0.45013679999999995 0.33968368 0.99394083 0.8707869
8 0.0066179098 0.115401775 0.29455987 0.67395663 0.9370203000000001
8 0.00643915 0.043174535 0.54724324 0.57611716 0.9765814
3 0.0063419696 0.1640724 0.31036624 0.3562814 0.86455137
3 0.0061952258 0.10477489 0.17484137 0.428679 0.7091606
8 0.006094556 0.15634668 0.051610205 0.30116224 0.60863334
8 0.006055629 0.044158325 0.0 0.48614955 0.8331396999999999
3 0.0060274648 0.13461763 0.36491325 0.5231420999999999 0.6850473000000001
8 0.0058669783 0.0 0.050258267999999995 0.45854682 0.3764812
3 0.005813326 0.061209857 0.59641755 0.5741967 0.9312385
3 0.0058037546 0.2276958 0.15777668 0.46924993 0.5703759
8 0.005664496 0.6459117 0.022341397000000002 0.91794 0.42558712
3 0.0052392509999999995 0.17676005 0.15772438 0.5901805 0.53889596
3 0.0052127205 0.17185348 0.17200859 0.39953923 0.54749817
3 0.005140428 0.07330307 0.14556257 0.3636983 0.8981193000000001
3 0.004995235 0.19059187 0.49047157 0.4903332 0.89252895
3 0.004993246 0.06050816 0.50638586 0.44906136 0.8460035
9 0.0049790344 0.19011542 0.0 0.34355965 0.3430618
3 0.0046784845 0.4977324000000001 0.23103125 0.8817843000000001 0.83735365
8 0.0046570133 0.6041038000000001 0.29333824 0.96241164 1.0
3 0.0046322634 0.22828546 0.08305430400000001 0.39347538 0.664537
8 0.004575534 0.0 0.14769179 0.43295029999999995 0.77689534
8 0.004494538 0.0 0.2186004 0.15801701 0.5166447
12 0.004486713 0.19080296 0.0 0.3495818 0.3608361
8 0.004484929 0.0009009130300000001 0.08045917 0.07896593 0.65151787
3 0.0044762366 0.31238657 0.32178715 0.6214279 0.64095706
8 0.004441749 0.52455294 0.008220566 0.88968647 0.31271717
8 0.0043832655 0.0 0.014014589 0.30597463 0.70698315
2 0.004358387 0.16878363 0.0 0.32926178 0.39709255
8 0.004231032 0.36359838 0.009224627 0.87149656 0.94744384
3 0.004225083 0.6225425 0.37338555 1.0 0.86390847
3 0.004170206 0.21369576 0.11415977 0.60765636 0.865042
7 0.0041254405 0.16144046 0.005785955600000001 0.36554208 0.4248504
8 0.0040976115999999995 0.180356 0.20936224 0.8821527 0.9206119
8 0.004062197 0.8347813000000001 0.14455205 0.97693634 0.5924271
4 0.004014767 0.18197379 0.0 0.3457699 0.2969395
8 0.0039957809999999995 0.08609812 0.014252358 0.37963963 0.31918982
8 0.0039467877 0.1317075 0.02100096 0.35010523 0.21525542
3 0.0039371657 0.2707064 0.4853703 0.60727763 0.8759341999999999
8 0.003911329 0.009905219 0.6345861999999999 0.28695595 1.0
1 0.0038691112 0.16571973 0.0 0.3406775 0.35127607
8 0.003831309 0.31182832 0.17416747 0.47090143 0.9061027
3 0.0037893671999999997 0.02515173 0.6271880999999999 0.43563140000000006 0.95101684
8 0.0037630964 0.0 0.037139893 0.47224945 0.63076156
3 0.0037327697999999998 0.19697869 0.63558316 1.0 0.91096306
3 0.003703865 0.07654911 0.15097223 0.37289970000000006 0.5868021999999999
3 0.0036812043 0.13864699 0.11201697 0.33652446 0.4815928
8 0.0036372184000000004 0.0 0.110129304 0.21353289999999997 0.48804685
3 0.0033671884000000003 0.33926540000000005 0.23441979999999998 0.6490524999999999 0.51895016
8 0.0033247313 0.8453778000000001 0.0 0.9697466999999999 0.3413883
3 0.0033184103999999996 0.1404643 0.30845162 0.40669584 0.7334031999999999
3 0.0032941434000000004 0.16153756 0.022664785 0.32927766 0.33884272
8 0.0032787574 0.22332056 0.50412583 0.67745596 0.9883955
8 0.0032568276 0.60368896 0.018860804 0.8008213000000001 0.42532143
3 0.0030360534 0.05472604 0.08540053 0.24815288 0.5845844
3 0.0029897252 0.22870729999999997 0.5569224 0.6951805999999999 0.8351232
8 0.0029652193 0.15055539999999998 0.4842805 0.37704012 1.0
6 0.0029594225 0.16153881 0.023831274 0.3657566 0.43329865
8 0.0029278477 0.09779208 0.5056039999999999 0.24005279 1.0
3 0.0028230425 0.03918919 0.07295958 0.19031414 0.69936734
3 0.0028212904 0.089755446 0.10816482 0.41755882 0.42614013
8 0.0028135106 0.0 0.043384712 0.25631833 0.564225
3 0.0028037138 0.8461219999999999 0.21523948 0.9790933 0.5976191
8 0.0027957798 0.015101179499999999 0.41065645 0.417471 0.9651476999999999
13 0.0027920783 0.18855277 0.044523942999999996 0.33958003 0.3796796
3 0.0027515304 0.77034646 0.21215630000000002 0.9737368000000001 0.45513234
8 0.002736055 0.183272 0.0 0.65307224 0.94046074
3 0.0027294331 0.045960568 0.19549356 0.27055216 0.8818796999999998
4 0.0027271325 0.25575522 0.0 0.4122738 0.2513493
8 0.0026568728 0.4902473 0.075732976 0.8198151 1.0
2 0.0026348253999999996 0.19986719 0.0 0.3663661 0.51583683
3 0.0026274326 0.38226885 0.194555 0.5950976 0.5910654000000001
8 0.0025200818 0.17050332 0.039012745 0.41770464 0.22221398
3 0.002514989 0.20366482 0.046573937 0.3790118 0.21657854
3 0.0025025008 0.18585595 0.064183265 0.34909084 0.6077991
3 0.0024560941 0.16807072 0.086909376 0.46571654 0.36573425
11 0.002373907 0.17763501 0.102282576 0.3369227 0.37442487
3 0.0023528398 0.026273385 0.06288843599999999 0.15463074 0.56713456
3 0.0023472013000000003 0.10921327 0.18631345 0.28232795 0.68293965
9 0.0022902426000000003 0.25351757 0.0026344724 0.39780909999999997 0.3146158
8 0.0022850882 0.09628926 0.06647028 0.27803683 0.46631432
8 0.0022668964 0.6649079000000001 0.03415795 0.82924074 0.31638363
3 0.0022571492 0.24675877 0.13263579 0.7402963 0.6028107
8 0.002191357 0.13773581 0.45342365 0.31397828 1.0
4 0.0021756517 0.34994817 0.32869026 0.8051326 0.9201271999999999
10 0.0021090873 0.18286517 0.028758222000000003 0.34462985 0.44385052
3 0.0021079932 0.06547746 0.5268144 0.33925524 0.935624
1 0.0020827865 0.24348360000000002 0.0 0.37204474 0.28537983
8 0.0020465427 0.41934133 0.45962784 0.89108086 0.9461354
4 0.0020445595000000002 0.20160463 0.031739923999999996 0.41207203 0.42017418
3 0.002032053 0.25311083 0.03455611 0.4639566 0.21990332
12 0.0020265412 0.23021638 0.0 0.38427615 0.41679138
5 0.002019824 0.17983739 0.0 0.3757797 0.32641217
8 0.0020031275 0.11504656 0.6208511999999999 0.84379977 0.9949237
3 0.0019964164 0.1561293 0.2206525 0.44562470000000004 0.48957434
4 0.0019944774 0.2681176 0.22421585 0.72781193 0.8834273000000001
3 0.0019832517 0.06868104 0.048555333 0.27848938 0.43009369999999997
4 0.0019533741 0.22629568 0.0 0.37380996 0.35914397
8 0.0019445135 0.0 0.04036314 0.29822117 0.32283829999999997
8 0.0019160289 0.31294152 0.30419619999999997 0.51765627 0.7774518
8 0.0019140792 0.011698395 0.6454684 0.47099140000000006 0.9944289000000001
11 0.001832044 0.21350741 0.08591274 0.3727526 0.40189233
3 0.0018205307000000001 0.25729713 0.23939303 0.94600177 0.7490068
7 0.0018153787 0.2070603 0.018272744 0.39824173 0.5070685
8 0.0018137048 0.32875854 0.43564659999999994 0.48881596 0.9791155999999999
2 0.0017977058 0.23288307 0.0 0.39193532 0.36586729999999995
6 0.0017510875 0.87261486 0.2362705 0.9982251 0.61778575
12 0.0017231754 0.878346 0.031331804 0.9878269000000001 0.48450607
12 0.0017117525 0.2688943 0.0 0.41566980000000003 0.29825512
3 0.0017081079 0.14895591 0.061005525 0.6860019 0.3514334
9 0.0016793844 0.15452507 0.006577915500000001 0.30921525 0.32905355
8 0.0016686185000000001 0.64174706 0.030472007000000002 0.8719178 0.22845997
8 0.0016678924 0.12960769 0.014423715 0.57616717 0.41240573
8 0.00164054 0.0 0.05233039 0.14562482 1.0
4 0.0016206545000000002 0.34058312 0.2797962 1.0 0.88531315
3 0.0016124431 0.037772447 0.2716047 0.33597004 0.52618504
8 0.0016037992999999998 0.0 0.01893682 0.598717 0.32094553
8 0.0016035188 0.71626323 0.002143436 0.9432278000000001 0.30377153
3 0.0015979024 0.09348469 0.33713177 0.28322303 0.92178917
3 0.0015923341 0.033591433999999996 0.3536022 0.41237807 0.63824654
8 0.0015820373 0.11635026 0.0 0.7952169 0.31253335
8 0.0015628247 0.39389333 0.0 0.7248441 1.0
3 0.0015562866 0.019918174 0.31043357 0.29499656 0.58909863
2 0.0015261023000000002 0.12661472 0.0 0.29108772 0.3561716
12 0.0015218992 0.18719958 0.0 0.40977340000000007 0.48761305
3 0.0014856644 0.16308086 0.45984057 0.39622885 0.9133351000000001
3 0.0014709955999999999 0.7035054000000001 0.16052294 1.0 0.8877611999999999
8 0.0014581388000000002 0.06599297 0.14933957 0.22600941 0.74909043
3 0.0014083532999999999 0.7192522 0.24058719 0.96222377 0.50393087
4 0.001405279 0.18798712 0.47441320000000003 0.42006907 0.92322457
4 0.001403943 0.26552498 0.46885198 0.7315621999999999 0.9128489
8 0.0013963807 0.11947822599999999 0.2948948 0.29093608 0.92296916
3 0.0013851386 0.77700543 0.05024319 1.0 0.4452964
3 0.0013763809 0.56236184 0.63917524 1.0 0.9341841999999999
8 0.0013543448999999998 0.20752808 0.37707734 0.37039605 1.0
3 0.0013428231 0.43578553 0.35106856 0.7083354000000001 0.77435434
4 0.00133336 0.26353097 0.63356537 0.9411434999999999 0.9657971
9 0.0013237504 0.1804606 0.026046515 0.38115820000000006 0.4682955
8 0.0013227441 0.06400219 0.46747150000000004 0.20326683 1.0
8 0.0013155781 0.8386066999999999 0.020093614 0.97996664 0.22624741
7 0.0013106363 0.23923548 0.0044113793 0.4183638 0.36231714
1 0.0013020865 0.8567144 0.15251091 0.9685406999999999 0.5564177
3 0.0012910569 0.05934298 0.05724111 0.39518493 0.29664576
8 0.0012902328 0.72527057 0.14636274 0.9249179 0.46467596
4 0.0012881398 0.23593928 0.10612827 0.5523912 0.9193766
11 0.0012839386 0.24602953 0.07037318 0.4120439 0.32599995
8 0.0012735968 0.064323455 0.5543821999999999 0.32999814 0.8958698
2 0.0012689568 0.8792545 0.0 0.9926831 0.6171779000000001
4 0.0012645492 0.1819846 0.273981 0.48101628 0.90003246
8 0.001248995 0.114258155 0.14463891 0.340959 0.57673097
3 0.0012486866000000001 0.27615726 0.0966857 0.66070247 0.49670230000000004
12 0.0012422783 0.8844735 0.14311629999999997 0.99496263 0.5970278
6 0.0012357377 0.25049633 0.04598154 0.41515762 0.3753465
3 0.0012167025 0.07152230000000001 0.31724990000000003 0.32015407 0.71717197
8 0.0011979982 0.17571428 0.33482194 0.38934436 0.8141786
8 0.0011974694 0.32194257 0.11754521 0.54408324 0.56712615
8 0.001189581 0.52866316 0.61802715 0.93585956 1.0
8 0.0011845019 0.060840807999999996 0.15579621 0.27050075 0.53275436
4 0.0011822525 0.33271402 0.22031961 0.49971843 0.8211968000000001
8 0.0011648248 0.071836405 0.31795156 0.21604833 0.9465144
4 0.0011618241000000001 0.21877725 0.013493273 0.3611914 0.51910025
8 0.0011492345 0.7921792 0.0 0.9425360999999999 0.6176432
3 0.0011396923 0.6268505999999999 0.23700677 0.9241816999999999 0.49736696
8 0.0011347118 0.23509724 0.27826998 0.5307629 0.63489366
3 0.0011320257 0.8815463 0.024140636 1.0 0.34312412
8 0.0011288779 0.15758267 0.022591246000000002 0.46555045 0.16646947
8 0.0010988564 0.6294383000000001 0.5386271 0.8239901 0.98860246
3 0.001097909 0.015443865 0.0 0.1060428 0.46823734
13 0.0010861174 0.24957359 0.039896887 0.40518022 0.33506992
3 0.001084018 0.5778584 0.24718843 1.0 0.71512985
4 0.0010736729 0.2213973 0.3150821 0.43900883 0.7788018
8 0.0010730099 0.26383927 0.21986538 0.47719797 0.70453465
12 0.001068114 0.73945254 0.0048131547 0.9697973 0.43993595
8 0.0010617748 0.7059199 0.0 0.9688099 1.0
8 0.0010615642 0.2790835 0.49194628 0.44311702 0.99445176
6 0.0010405325 0.20733216 0.05345404 0.39221624 0.49006530000000004
8 0.0010367437 0.048856884 0.0 0.4922519 0.50664616
2 0.001035092 0.18139686 0.0 0.35045344 0.7444062
8 0.0010350735 0.67498034 0.49017382 0.8752310999999999 1.0
12 0.0010289728 0.6438479 0.0 0.8456865 0.41267386
8 0.0010280869 0.0 0.22473110000000002 0.23652884 0.8502516
3 0.0010203156 0.66043997 0.038951278 1.0 0.31767341
9 0.001005643 0.13958511 0.015813014 0.38529786 0.23045857
4 0.0009977951 0.057943627000000004 0.64244473 0.39568222 0.9259789
7 0.00097485 0.8694371999999999 0.14298378 1.0 0.6258921
8 0.00096572266 0.029594257000000002 0.48668423 0.28661627 0.84476286
8 0.0009600819300000002 0.6866658 0.0 0.94121957 0.7068296
8 0.00094990246 0.0 0.052302997999999996 0.16543235 0.30948463
12 0.0009339833 0.21401513 0.0 0.35577905 0.6043437
1 0.0009044383 0.8607620999999999 0.08398962 0.97894907 0.45598412
12 0.00090028526 0.607592 0.0 0.9517635 0.43052727
9 0.00089327234 0.21168886 0.022862805 0.34021783 0.5367666999999999
10 0.00089047785 0.15084693 0.06995686 0.387822 0.5246847
8 0.0008872747 0.53361577 0.1817352 0.91205305 0.82134336
4 0.0008871468 0.17155762 0.44912916 0.3389716 0.9163043
3 0.000874963 0.59386986 0.1865292 0.8748 0.44177926
13 0.0008724999000000001 0.1420874 0.06470679 0.36824244 0.45346546
6 0.00086658815 0.0 0.7131633000000001 0.33576694 1.0
6 0.0008572656 0.011402406 0.24606755 0.19594651 0.53115666
8 0.0008554241000000001 0.012090251000000002 0.29647103 0.22565241 1.0
8 0.00085236394 0.2647224 0.17973478 0.5784182 0.49677107
8 0.0008423536999999999 0.008571371 0.1411509 0.28765512 0.44463100000000005
13 0.0008414799000000001 0.8639628 0.17054625 0.97948176 0.58717436
3 0.0008323296 0.81793547 0.28667066 0.9648571 0.5720354
8 0.0008319732 0.08425793 0.25494757 0.32457742 0.67943776
4 0.00082878926 0.08224423 0.30420485 0.39981264 0.9634777
8 0.00082849583 0.332321 0.007412354 0.6627419 0.8229972
8 0.0008135227 0.45597600000000005 0.0 0.8664173000000001 0.5534722
6 0.00081177615 0.029419646 0.45000329999999994 0.5111134 1.0
8 0.0008034086 0.0 0.033824 0.21471417 0.23060239999999999
7 0.0008021984 0.0 0.6293281999999999 0.43119133 0.95556724
6 0.0007937507000000001 0.0013653263000000001 0.11865849 0.13191772 0.69298714
8 0.0007899289500000001 0.32735288 0.0 0.80253756 0.49823909999999993
8 0.0007845167 0.42062682 0.1170853 0.88808244 0.6987373
4 0.0007800583 0.87832326 0.040214922 1.0 0.4321152
4 0.000780028 0.14159329 0.08919615 0.42611158 0.9487336
4 0.0007788950500000001 0.0 0.65477 0.34763575 0.96586025
8 0.00077677344 0.48647845 0.11495810000000001 0.7837185999999999 0.43765519999999997
4 0.0007759738000000001 0.025508195 0.5494859999999999 0.64216983 0.9511901
8 0.00077059696 0.06030667 0.12575759 0.693415 0.72331846
11 0.00076579984 0.8885633 0.09677013 1.0 0.44229746
3 0.00076357386 0.33353034 0.07179512 0.7365453000000001 0.4154228
12 0.0007631358999999999 0.15022479 0.0 0.30665898 0.36484826
6 0.00076288806 0.19125788 0.043486994 0.37099509999999997 0.66259396
7 0.0007566362599999999 0.19475088 0.0557451 0.4157339 0.78567535
12 0.00075412437 0.01876413 0.16229533 0.19388586 0.517642
8 0.0007482543 0.18881902 0.0 0.5100110999999999 0.6991548000000001
8 0.0007476983 0.7625298 0.016339421 0.95843655 0.22766644
3 0.0007338294999999999 0.016834602 0.08401593 0.20085058 0.37471667
7 0.0007321941000000001 0.86285186 0.07577022 0.99007547 0.5214979000000001
4 0.00072705094 0.07294294 0.6692069 0.7592088 0.9773726999999999
4 0.00072291406 0.67511344 0.32930794 1.0 0.9155266
2 0.00071569654 0.6612859000000001 0.0 1.0 0.34206143
8 0.0007140791 0.024004377 0.09879056 0.19976535 0.7073149999999999
10 0.0007139975 0.24044684 0.0002873871 0.4258937 0.37698263
4 0.0007125338000000001 0.17491846 0.0 0.46414357 0.7365822
11 0.0007050117999999999 0.8799629000000001 0.14841981 0.9965664000000001 0.54888123
3 0.0006941815400000001 0.014292306999999999 0.03445579 0.20487648 0.27774122
12 0.0006937102999999999 0.14851762 0.0044989055 0.42040437 0.77490896
10 0.0006926050400000001 0.14456953 0.060364764 0.31220782 0.4566049
6 0.0006888988400000001 0.0 0.6638081 0.7003173 1.0
7 0.00068760576 0.0 0.5697356 0.8012326 1.0
8 0.00068511144 0.8826424999999999 0.09644784 0.9825845999999999 0.7668259
4 0.00067849405 0.23398075 0.08308671 0.37978515 0.6605629
6 0.0006658837700000001 0.6430813 0.5434001 0.95714724 1.0
6 0.0006505456 0.0322005 0.5837315 0.404993 0.8797271000000001
3 0.0006476944999999999 0.19196802 0.018641677 0.49349487 0.17356093
4 0.0006476389 0.30870602 0.45246974 0.53337073 0.89910465
3 0.00064385263 0.8590382 0.33015442 0.9978699000000001 0.6951543
3 0.00064376637 0.71093994 0.03953474 0.8799921999999999 0.32879692
13 0.00063791004 0.19878702 0.047999647 0.3568353 0.5820188000000001
11 0.00063602446 0.20409825 0.104323365 0.35054407 0.5530206
3 0.0006334226999999999 0.21997991 0.042626872999999996 0.78731906 0.30367061
12 0.00063153985 0.8678118 0.0 0.98112786 0.34054959999999995
3 0.00063084567 0.037954367999999995 0.029350651000000002 0.2523937 0.20887756
7 0.00063069427 0.12018029400000001 0.0073854527000000005 0.38765478 0.25347600000000003
9 0.00062740175 0.49970728 0.13366681 0.86940354 0.9401094000000001
1 0.0006255124 0.1719138 0.0041129059999999995 0.32159709999999997 0.537925
4 0.0006247407 0.1109389 0.53098756 0.26931459999999996 0.9451790000000001
6 0.0006228192 0.27741778 0.5826298000000001 0.7696339 1.0
2 0.00061887805 0.74642897 0.0 0.979403 0.52802044
13 0.00061777886 0.1466401 0.038767922999999996 0.29068099999999997 0.35859275
2 0.00061777607 0.85662436 0.1115732 0.97181857 0.71765816
12 0.0006150194 0.47068274 0.121014915 0.8636997 1.0
1 0.00061131205 0.0 0.21673004 0.41471052 0.84071416
6 0.0006070993 0.45433357 0.6088081 0.94602954 1.0
1 0.0005990584 0.15222356 0.42350703 0.37378922 0.9097392
12 0.0005984483 0.30349335 0.38407254 0.72021353 1.0
3 0.00059236446 0.022602946000000002 0.46321207 0.2561757 0.8815908000000001
9 0.0005876469 0.86298704 0.15246092 0.9816158000000001 0.57755226
9 0.0005842573 0.41482145 0.34431398 0.75958866 0.9761832
3 0.0005840249 0.80713904 0.27912888 1.0 0.90700805
1 0.0005840203 0.22840858 0.29911762 0.67463565 0.88675225
6 0.00058116554 0.12490764 0.54318416 0.47083429 1.0
