3 0.73084015 0.029499993 0.44721842 0.20895045 0.7458442
3 0.68840736 0.013771333 0.4184853 0.18226275 0.68101186
3 0.28720054 0.006887354 0.4461901 0.15097597 0.78986055
8 0.26410106 0.021658316 0.25791135 0.13467288 0.648618
8 0.2081112 0.024150565 0.32742509999999997 0.18616675 0.71875656
3 0.17222977 0.31572965 0.80022633 0.7892883 0.9781238999999999
8 0.15836792 0.6990224 0.23493753 0.95832074 0.51504856
8 0.15091112 0.018333204 0.4671652 0.14804801 0.7946935
8 0.1044491 0.041684918 0.36775458 0.20724005 0.6537238000000001
8 0.08911079 0.69246346 0.098292746 0.92440444 0.5166497999999999
8 0.08729415 0.032523274 0.45361709999999994 0.1819782 0.7000655
8 0.08656319 0.0051105544 0.23292415 0.16634136 0.87761456
3 0.085685365 0.04582365 0.33992624 0.26860237 0.7097141
8 0.070695385 0.006513029300000001 0.1944671 0.07909486 0.81105995
3 0.061290048 0.0 0.30064932 0.13149166 0.6497074
3 0.057143125999999995 0.011805527 0.4791751 0.19222051 0.87717074
8 0.056599814000000005 0.009426884 0.44055745 0.08548671 0.96002454
3 0.055326197 0.7035661999999999 0.26728398 1.0 0.5438385
8 0.04739976 0.03575646 0.22996198 0.24638537 0.66265917
8 0.040803123 0.6792698 0.24520229999999996 0.89300656 0.64729637
8 0.03821525 0.7815310000000001 0.09509558 0.9690664000000001 0.5234907999999999
3 0.036976855 0.0029337778999999997 0.30515015 0.09489262 0.72776014
8 0.036426444 0.6018399 0.2528428 0.8814653 0.5477365
3 0.035607435 0.67408043 0.3075205 0.96323425 0.6998761
3 0.033752363 0.6437153 0.354496 0.9995601999999999 0.6241425
8 0.03215315 0.0 0.14226003 0.10633161 0.7176332
3 0.032098907999999995 0.055846393 0.41656023 0.29065928 0.79007226
3 0.03177319 0.3971015 0.71628773 0.83470917 0.9679785
3 0.0315972 0.34275693 0.5293993 0.95709914 0.94671184
8 0.02938955 0.62139535 0.30213198 0.9436376 0.5980441
8 0.027153444 0.8401433 0.19364958 0.980664 0.5784491
8 0.025192102 0.7307905 0.06406236 0.9723854 0.7575243
8 0.024574269 0.72579813 0.32123 0.91455853 0.85513186
6 0.024362946 0.0 0.5157899 0.12545395 0.8868806999999999
3 0.02319351 0.24807616 0.7314743 0.7049093000000001 0.9566197
7 0.022367772 0.0 0.20287268 0.14770165 0.77692825
8 0.021637466 0.70366025 0.31350700000000004 0.9644027000000001 0.70432645
7 0.021259332000000002 0.0 0.3894126 0.17940846 0.9370011
3 0.02042974 0.0902974 0.47049704 0.701411 0.9474516
4 0.020349475 0.008813976999999999 0.45210150000000004 0.15653853 0.75093406
3 0.018686883 0.0 0.31157199999999996 0.18081999 0.5733628000000001
3 0.018647738 0.12284359 0.7056703000000001 0.9566177 0.9678812
3 0.017706532 0.46927005 0.39532095 0.8439180000000001 0.6459404000000001
8 0.016662207 0.0046643987 0.27564827 0.173561 0.5763337
8 0.016325796 0.61690426 0.07195481 0.9455278 0.7533255999999999
4 0.016209401000000002 0.73975664 0.17843969 0.981168 0.5078550000000001
6 0.016056754 0.0 0.50166905 0.17204799 0.76302594
12 0.015783021 0.7445335999999999 0.22656591 0.9916050999999999 0.5357035
3 0.015756875 0.49223614 0.5699310000000001 1.0 0.9745991
8 0.015695058 0.6766491 0.10542772 0.9853040999999999 0.9289014999999999
4 0.015443341000000001 0.76728964 0.20660509 0.9663018 0.6532808000000001
8 0.015236878999999998 0.051414825 0.37889734 0.2640205 0.80190355
1 0.014447079 0.0 0.2962611 0.22823818 0.6143156
8 0.01416792 0.49528199999999994 0.37454775 0.8082281 0.6453639
3 0.014082051000000002 0.0032695234000000004 0.420074 0.09770594 0.84336054
7 0.014074143999999999 0.7163961999999999 0.26276669999999996 1.0 0.5718373000000001
1 0.013828686000000001 0.0 0.3364127 0.14244689 0.8751396999999999
12 0.013481576 0.74261653 0.093474165 0.9305651 0.5348743
3 0.013372876 0.7403482 0.34656996 1.0 0.7001121
3 0.013047299999999998 0.018296756 0.5233785 0.2614937 0.9505091999999998
3 0.013008819 0.7973521 0.18744853 1.0 0.55460876
4 0.012806661 0.009744912 0.48110688 0.11951834 0.85728645
12 0.012152966000000001 0.015794517 0.18380393 0.07556636 0.9203181999999999
12 0.012048845 0.027240327999999998 0.21382366 0.13098991 0.7513526
3 0.012044045 0.6000079 0.28335974 0.9680271 0.5799677
12 0.0116985375 0.02755566 0.30049190000000003 0.17379822 0.6543545000000001
1 0.011668065 0.0 0.28113517 0.12089241 0.69273835
1 0.011574272 0.0 0.3452039 0.16414687 0.6542992
4 0.011546094 0.018901996 0.41339198 0.20256352 0.6897418000000001
11 0.011016848999999999 0.74727666 0.28482547 1.0 0.5295361
6 0.010885383 0.7185676999999999 0.25501207 1.0 0.59660625
3 0.010819101000000001 0.20929813 0.62619907 1.0 0.959974
3 0.010717632 0.7243549 0.2074195 1.0 0.4586572
8 0.010693936000000001 0.007821023 0.51714116 0.118542925 0.97852474
8 0.010608876000000001 0.41181004 0.65588856 0.71018565 0.99654007
13 0.010554061000000002 0.0 0.45001045 0.12132089 0.87966704
11 0.010417791 0.01027666 0.46890673 0.12571838 0.9337097
7 0.010387519 0.0022257417 0.48887053 0.21930029999999998 0.87080204
7 0.010333755 0.0 0.30340138 0.24877101 0.69953215
12 0.010271639 0.020243857 0.43889824 0.13285615 0.90456444
4 0.010091048 0.718673 0.22477841 0.9117398000000001 0.6559034
1 0.010074034 0.69420624 0.16821781 0.8979931999999999 0.5170536
9 0.00998079 0.7345166 0.23407952 0.9588468000000001 0.5224417
11 0.009810673 0.72084415 0.33245426 0.99660873 0.60443497
1 0.009746295 0.013594285 0.21618189 0.23918240000000002 0.6898721
5 0.009704419 0.038893282 0.2840568 0.25268075 0.7153061
8 0.009535895 0.47818303 0.23697792 0.9260124 0.8320559000000001
12 0.0094719045 0.008985095 0.40691647 0.17635629 0.74392015
1 0.009452699 0.0 0.30297768 0.21700367 0.8138895
8 0.009387873 0.5645578 0.38299146 0.8935915000000001 0.65363514
1 0.009375579 0.008184165 0.17481017 0.16021642 0.79125214
3 0.009340733 0.30253386 0.43679070000000003 0.75769365 0.922293
3 0.009336164000000001 0.6104611999999999 0.43652576 0.9761173000000001 0.6745104000000001
8 0.0092426855 0.002985008 0.2887849 0.24373135 0.93389946
13 0.009106187 0.7239008000000001 0.23920093 0.97060835 0.5409847
8 0.008989754 0.0 0.0016877386999999998 0.21638417 0.899175
2 0.008903013000000001 0.7331616999999999 0.20084102 0.9833565000000001 0.57256454
8 0.008861318 0.023619682000000003 0.34030455 0.5582377 0.9832095
3 0.008546858000000001 0.6405991 0.31738895 1.0 0.8195478999999999
8 0.008245996 0.36488986 0.7300380999999999 0.65794694 0.9936229999999999
9 0.008169623 0.72367066 0.08077679 0.9361822 0.47658476
12 0.0080634635 0.7399730999999999 0.28379099999999996 0.96059805 0.70259994
2 0.007918073000000001 0.0 0.43061796 0.16462193 0.8226034999999999
3 0.007914838 0.08292208599999999 0.50287586 0.47828865 0.9602354999999999
12 0.007912876 0.7114526999999999 0.29785633 0.9983245000000001 0.5811523000000001
8 0.007869239 0.45144632 0.32890487 0.7343173000000001 0.6056389
9 0.0077176685 0.7473938 0.26387122 0.93390065 0.6482479999999999
11 0.007704489399999999 0.0036893338 0.46197638 0.18588057 0.8178696999999999
12 0.0076919897 0.07185674 0.1846151 0.18951023 0.8844011999999999
2 0.0076093306 0.0 0.41248825 0.10407077 0.9419988000000001
3 0.0073126513 0.5253247 0.3817427 0.93922997 0.8860234
5 0.007297201999999999 0.005533676600000001 0.13554825 0.09559351 0.97297287
8 0.0072142216 0.34642009999999995 0.6057275 0.92129606 0.9916289
8 0.007211026999999999 0.327495 0.31131557 0.78670037 1.0
3 0.007196499 0.8579831 0.22947640000000002 1.0 0.6004729
4 0.0071504964 0.022183388 0.35564885 0.21553665 0.6234529000000001
2 0.0071096625 0.0 0.3238787 0.17214912 0.6475732
3 0.0070946896 0.123156965 0.38865325 0.8385693000000001 0.88341194
12 0.0070120418 0.7878272 0.076195 0.9687030999999999 0.5059060000000001
1 0.006947858 0.6617768 0.28384644 0.92561066 0.58952606
8 0.006860368 0.026480675 0.398728 0.38756576 1.0
3 0.0067048683 0.7483595999999999 0.25441736 0.98400515 0.7612922
12 0.0065616382999999995 0.84767693 0.11976077 0.9795788000000001 0.53135806
8 0.0064780265 0.62921023 0.36763632 0.86719644 0.7418149
12 0.0064231777 0.70213425 0.13846236 0.9019661 0.59872407
8 0.006415265600000001 0.019903071 0.505711 0.22783499999999998 0.9739648999999999
8 0.006412318 0.29060268 0.67702496 0.5958720999999999 0.9872747
3 0.0063958303000000005 0.44937396 0.5726406999999999 0.68252075 0.9475434000000001
6 0.0063281427 0.6895748 0.23123707 0.96208733 0.7542408
13 0.0063126264 0.00045273825999999994 0.43660632 0.07477306 0.96374017
12 0.0062034624 0.8062147 0.19408947 0.9838629000000001 0.61728746
4 0.006173640500000001 0.022813253 0.49003267 0.21066039999999997 0.75456625
5 0.006156319 0.062673256 0.16011101 0.29226756 0.8263851999999999
13 0.006076086999999999 0.7465646 0.29636416 0.9597018 0.687526
9 0.0060701272 0.0043533742 0.28928286 0.1784286 0.6331435000000001
8 0.0060634264 0.15307364 0.6319564000000001 0.7420064000000001 0.9710271999999999
8 0.005917523 0.6442859999999999 0.2535909 0.8438773999999999 0.68914616
5 0.005898314 0.7529558000000001 0.26106399999999996 1.0 0.55098253
4 0.005874671 0.33546543 0.82613385 0.7175089 0.96515477
3 0.0058706803 0.0042559505 0.5293840999999999 0.13913412 0.94597745
5 0.005849865 0.0 0.4591065 0.14124617 0.9818870000000001
9 0.005696159300000001 0.01825643 0.2723162 0.1409453 0.71501935
7 0.005588035 0.7041363 0.109044634 0.9620823000000001 0.58004105
8 0.0055806777 0.0 0.061114814 0.13818142 0.5771475
12 0.0054900562 0.037506476000000004 0.33174697 0.17274848 0.8758969999999999
2 0.005485502 0.6928890000000001 0.19854991 0.9203259 0.7284335
6 0.0054574176 0.0 0.39583927 0.18932486 0.79973114
13 0.005417907 0.0 0.19873473 0.08169596 0.6719921999999999
4 0.0053098337 0.801756 0.12781303 0.9928442 0.5791826999999999
11 0.0053050345999999995 0.0016078651 0.17984097 0.07468557 0.7397341
10 0.005304001700000001 0.0013701469000000001 0.37045464 0.20623524 0.66029966
11 0.0053021554 0.036517754 0.26109257 0.19017822 0.8194319
5 0.005226171 0.011356026000000002 0.30054048 0.22288415 0.95906025
13 0.0051638945 0.0 0.46896723 0.18021667 0.76908666
5 0.0051593459999999996 0.01764293 0.23260129999999998 0.1469903 0.827189
7 0.005083057 0.0076567978 0.35425374 0.28172140000000007 0.7972746999999999
12 0.005073607 0.7763755999999999 0.04323562 0.9876707 0.66595757
8 0.0050128292999999996 0.50509787 0.027094099999999996 0.8790653 0.9849623
5 0.005008972 0.038185008 0.37896764 0.27624908 0.8098387
2 0.004987585399999999 0.015415541999999999 0.11525355 0.15621275 0.79593575
8 0.0048052976 0.14421839 0.45439488 0.75762665 1.0
2 0.004804028 0.0 0.2374445 0.17222783 0.5694075
5 0.004755472 0.0 0.46739912 0.18290362 0.7924718000000001
9 0.004739247 0.025269486 0.3231019 0.18251646 0.80779004
2 0.00471279 0.71131724 0.037595857 0.9330347 0.52406895
9 0.0046873377 0.027327172 0.46012756 0.13113686 0.8746579
9 0.004671074 0.7888149 0.18364668 0.96386313 0.5757454000000001
7 0.0045641544 0.76274294 0.20014988 1.0 0.6618556
11 0.0045599790000000005 0.01822216 0.27865840000000003 0.1457986 0.69756854
12 0.0045397202 0.09587822 0.20934351 0.25516212 0.67729884
1 0.004530208 0.7067876000000001 0.29445934 0.89755714 0.6786536999999999
7 0.0045082876 0.66450655 0.2775458 0.9511944 0.6958758
2 0.0045072213 0.024962707999999997 0.21295242 0.22528996 0.62712973
9 0.004505073 0.008428264 0.19654370000000002 0.12101945 0.60196745
1 0.004493945300000001 0.0 0.16328682 0.1376093 1.0
6 0.004465535 0.0 0.5048117 0.2299763 0.82551086
6 0.004462793499999999 0.0 0.33153597 0.13077754 0.6976029
13 0.0044299890000000005 0.7908025 0.21113871 0.97355294 0.6051806
6 0.0044196076 0.0 0.40216807 0.16838054 0.6619599
1 0.004412836 0.75329936 0.2215987 0.9231591 0.61899257
12 0.0042930115 0.63109165 0.2835397 0.96113616 0.6196276999999999
9 0.004248064 0.032524793999999996 0.2415621 0.2583862 0.67854404
7 0.0042261933 0.016346142 0.16144565 0.21304879 0.8859197
5 0.0042248154 0.02672746 0.346023 0.18241283 0.7228198
8 0.0042132265 0.0 0.05625338 0.07993161 0.57679814
3 0.0041955155 0.02502884 0.21914846 0.19574 0.77739185
10 0.004173218 0.7059876 0.25764886 0.9977859 0.6054658
1 0.0041548326 0.04829981 0.15557785 0.18862769 0.80194294
10 0.0041547976 0.00231307 0.26589602 0.14718175 0.71727544
4 0.004127202 0.6150816 0.23798983 0.91829115 0.5237913
3 0.0040911012 0.09559307 0.32204 0.29676098 0.6608699
13 0.0040667714 0.02238416 0.27155623 0.17993933 0.7823496999999999
3 0.004061658 0.79194605 0.17161258 1.0 0.8009918
8 0.00404428 0.50100386 0.4063615 0.7599958 0.77942055
8 0.0040026440000000005 0.20949474 0.26911375 0.67669284 1.0
7 0.003997436 0.6172300999999999 0.3476277 1.0 0.6541664
9 0.003990092 0.8237677 0.10959681 0.97168475 0.492399
8 0.0039693196 0.62345505 0.40296644 0.94664145 0.68782854
1 0.0039059372999999996 0.80957085 0.17011976 0.94091135 0.52588856
12 0.003876638 0.57863665 0.22869205 0.91969347 0.5726294
11 0.0038565705 0.030813262 0.3341215 0.24101739 0.7368498
3 0.0038372127000000002 0.4953821 0.30755140000000003 0.7829658 0.6604524
6 0.003743849 0.0 0.34605527 0.20786217 0.6334764
12 0.0037401067 0.88368773 0.19792296 0.9848800999999999 0.63391584
7 0.003739842 0.0 0.34583664 0.11933160000000001 1.0
4 0.0037176225 0.015174478 0.25404912 0.13979433 0.629279
8 0.0037013502 0.65519226 0.008442945 0.9412669 0.42167696
1 0.0036852271 0.0 0.19553931 0.070812166 0.78307307
11 0.0036520334000000004 0.027186513 0.44723347 0.29985124 0.75141233
6 0.0036266858 0.57363486 0.25208518 0.9700556999999999 0.59009635
9 0.00362411 0.6903646 0.14200939 0.90542376 0.52937615
4 0.0036222629999999997 0.83237183 0.24108097 0.98624766 0.69531804
3 0.00359675 0.0050045177 0.17074437 0.16517287 0.6193778
9 0.003595589 0.0029139258 0.21325336 0.08746672 0.69176143
12 0.0035461723 0.046912916 0.13279656 0.17530718 1.0
3 0.003538409 0.8432655000000001 0.30065298 1.0 0.6688516999999999
8 0.0035250396000000004 0.46445864 0.38626385 0.6586732 0.76749283
3 0.0035172 0.10529293 0.41859734 0.4185108 0.67260617
13 0.0035149048 0.026712455 0.41067156 0.24553597 0.81093675
1 0.0035141895 0.0 0.30260962 0.06956498 1.0
6 0.0035126905 0.0 0.43938813 0.2734316 0.74202883
3 0.0035112977000000003 0.39380136 0.39401755 0.740121 0.63674515
2 0.0035066768 0.011865503999999999 0.30824992 0.20098293 0.8143906999999999
5 0.0034798773 0.0 0.39758408 0.09298371 1.0
11 0.0034493227 0.6005385 0.31478959999999995 0.92153645 0.5570741
4 0.0034437538 0.29556257 0.76306605 0.68027854 0.9480062
11 0.0034315912 0.7269348000000001 0.15648199999999998 0.95122254 0.48827246
10 0.0034310606 0.0052767023 0.4936725 0.20140266 0.7694025999999999
3 0.0034240803000000005 0.06303713 0.65474635 0.60194707 0.96340257
8 0.0034079228 0.8315119000000001 0.038430292000000005 0.97423273 0.45868587
1 0.0033883806 0.71804404 0.09061749999999999 0.9299258 0.6106607
8 0.0033868197 0.4905241 0.4593615 0.90029854 0.9736617000000001
9 0.0033823990000000003 0.7714969 0.2820745 0.90518916 0.8240664000000001
3 0.0033819987 0.035627358 0.24109824 0.25591329999999995 0.88752794
13 0.0033716399 0.72999084 0.10528433 0.9373001 0.4707481
6 0.0033515668 0.6405301999999999 0.32720664 1.0 0.6575043
11 0.0033492404 0.78960997 0.23685105 0.98593575 0.5819989999999999
11 0.0033268714 0.009701431 0.37688184 0.27287480000000003 0.6305773
1 0.0033204614 0.7483850999999999 0.1379214 0.94494724 0.5004447
3 0.0033162418 0.013456568 0.81624764 0.20159136 0.9718146000000001
7 0.0033138203000000004 0.7366055 0.17354631 1.0 0.46537918
13 0.0032551098 0.68454814 0.15901475 0.8953216999999999 0.5344532
12 0.0032362412 0.6742488 0.007751915 0.9473906999999999 0.66400623
9 0.0032342304 0.6061633000000001 0.25567168 0.9264124 0.5415643
9 0.0032291978000000003 0.73980427 0.14851262 0.9780004000000001 0.41793373
4 0.0032243709999999997 0.7793924 0.33423084 0.9159238000000001 0.87006265
12 0.0031884764 0.019335931 0.44692722 0.08082655 1.0
10 0.0031866603999999997 0.034887105 0.46160609999999996 0.32030666 0.70437574
8 0.0031545428000000005 0.04107645 0.25155014 0.71981955 0.85796314
7 0.0031393066 0.80757034 0.11292558 1.0 0.573271
4 0.00313338 0.66720665 0.25446287 0.97013843 0.60385543
4 0.0031070097 0.87903243 0.14135228 0.9924825999999999 0.5618513
12 0.0030821753000000005 0.7885675999999999 0.24843378 0.92129034 0.8592132
1 0.0030686578 0.0 0.43590602 0.09757057 0.9854124
12 0.003027597 0.7577404000000001 0.34863237 0.9035281 0.94493943
8 0.0029958375 0.5467896 0.0022933483 0.9048875 0.45159382
2 0.0029821778 0.713547 0.27726805 1.0 0.7031396
10 0.00293107 0.016862936000000002 0.3492936 0.25633833 0.715539
13 0.0029095227 0.013618812 0.36038366 0.22960156 0.64253014
4 0.0029005348 0.79754305 0.23254034 0.93878675 0.7747789
4 0.0028753440999999998 0.39322394 0.71075946 0.80115694 0.9332286
5 0.0028687513 0.016483746 0.46928132 0.23849985 0.8445514000000001
12 0.0028551690000000003 0.06949945 0.31849247 0.24805529999999998 0.8011939
12 0.0028350253000000002 0.8152891 0.09210663 0.9742562 0.8330886000000001
1 0.0028283615000000003 0.85397637 0.23264033 0.9524138000000001 0.61748487
5 0.002820377 0.6844288000000001 0.34097649999999996 1.0 0.61512685
8 0.0028200246999999998 0.8777228000000001 0.20709546 0.97802573 0.8309766
7 0.0027993345000000003 0.85128725 0.18409072 1.0 0.63067615
12 0.0027934385 0.0997989 0.20464996 0.21867497 0.8347457
6 0.0027440002 0.33624 0.83008265 0.6497159 1.0
3 0.0027418726 0.36954892 0.54803437 0.64563894 0.9743233
12 0.0027261088 0.78406835 0.055455104000000005 0.9166023999999999 0.64416033
13 0.0027150677 0.7935866 0.29871833 0.92855656 0.8099311
8 0.0027022373 0.6739533000000001 0.44037479999999996 0.9355210999999999 0.8414048000000001
13 0.0026660398999999997 0.8749433000000001 0.21810120000000002 0.98059136 0.6174672
11 0.0026652205 0.7707755000000001 0.32384667 0.90682214 0.88121927
6 0.0026444403999999998 0.0 0.46088907 0.08235951 0.9829429000000001
2 0.002636655 0.7685603 0.10651109 0.96950233 0.6488759
13 0.0025993623 0.5910008000000001 0.26346505 0.8968314000000001 0.55033314
6 0.0025947543 0.0 0.2773837 0.16681236 1.0
2 0.002588717 0.049028613 0.13090833 0.1855329 0.7452314999999999
3 0.002582735 0.53796554 0.5813864000000001 0.7984061 0.9494220999999999
9 0.0025644070000000003 0.0 0.34645072 0.31761497 0.6453781
3 0.002556355 0.38340100000000005 0.6290646 0.73555386 0.9502145000000001
8 0.00254497 0.56187856 0.5307801 0.7360898 1.0
4 0.0025336564999999998 0.75423765 0.05426340599999999 0.96545255 0.4736076
11 0.0025153514 0.68934596 0.21064302 0.9047451999999999 0.52895117
7 0.0025071222 0.5533869 0.28088933 0.9720806000000001 0.58479184
10 0.0024971876000000003 0.033945157999999996 0.2480197 0.20621043 0.8542120999999999
13 0.0024648327 0.6446246999999999 0.34855628 0.964476 0.63179904
10 0.0024624534 0.061250232 0.29552853 0.29324862 0.6919592
13 0.0024386082999999998 0.020709977 0.32513452 0.18049635 0.6036043000000001
10 0.0024255961 0.00919633 0.21628878 0.08271833 0.8733084000000001
11 0.0024084595 0.77548957 0.37479174 0.98591185 0.7402908
12 0.0023854908 0.67106855 0.2566218 0.9762968000000001 0.89365464
6 0.0023779776 0.0 0.26312962 0.08777951 0.7622569
2 0.002370951 0.0 0.12576458 0.1011658 0.5693606
3 0.0023517269 0.043528363 0.38388073 0.377343 0.85298157
9 0.0023404623000000003 0.8722459000000001 0.19234446 0.98114336 0.5928107
3 0.0023283842000000003 0.15645319 0.3080545 0.5522286 0.89879555
