3 0.83227676 0.03933148 0.42081276 0.35035312 0.70994765
3 0.8055081999999999 0.6058920999999999 0.53190386 0.9481575000000001 0.8382803
3 0.6883404000000001 0.099629715 0.43338174 0.43605846 0.7624265
3 0.63545775 0.6729569000000001 0.5026709 0.99398726 0.8067167
3 0.5170539000000001 0.5375884 0.5022751 0.86395866 0.8122715
3 0.40325588 0.51291436 0.53102523 0.9303338 0.9485456
3 0.39312968 0.0 0.45352596 0.26466763 0.77326596
3 0.27640188 0.67386407 0.49740252 0.9008127 0.90070546
8 0.21951893 0.672564 0.39386642 0.85438526 0.7771541999999999
8 0.21312440000000002 0.70460653 0.40345272 0.9231913 0.7929155
8 0.20112489 0.09613932 0.19225903 0.26319024 0.79353046
8 0.18698853 0.09571977 0.44026579999999993 0.35588747 0.7764466999999999
3 0.18557255 0.030439407 0.30073002 0.34205988 0.7630991
8 0.17735845 0.09911516 0.27952433 0.31587943 0.6760888
8 0.17355648 0.07443385 0.3248393 0.24335326 0.86299473
3 0.16177408 0.079308905 0.35729440000000007 0.28382670000000004 0.78664476
3 0.16048619 0.61905766 0.46475592 0.8255403 0.89944583
8 0.15191804 0.035282254 0.11948710000000001 0.30307707 0.67702675
3 0.14766648 0.7578991 0.5374278 1.0 0.8354370999999999
3 0.1427184 0.0 0.36875 0.26879109999999995 0.6763598000000001
8 0.14254119 0.06615502 0.3880836 0.27811128 0.7549720999999999
8 0.13721417 0.1439056 0.27289608 0.36920744 0.7158859000000001
8 0.13596168 0.6049339 0.25595567 0.9178063 0.9279457
8 0.13018443 0.68691945 0.49866655 0.89983475 0.8582223
8 0.1269556 0.011638208999999998 0.20540833 0.32498413 0.87072784
8 0.121941805 0.11353056 0.37289396 0.30635858 0.8747507
8 0.121426985 0.6876091999999999 0.312139 0.87875545 0.7266603
3 0.12032389 0.35668188 0.67632085 1.0 0.9612378
8 0.11194449 0.686329 0.4616429 0.842558 0.92991817
8 0.09829056 0.66462857 0.25444427 0.80945605 0.8562373999999999
8 0.09578678 0.122244634 0.097749926 0.30403320000000006 0.7557345
3 0.0898205 0.07061447 0.44811085 0.34805202 0.8354031999999999
8 0.08098206 0.64085335 0.44424173 0.89493257 0.7276640999999999
3 0.07860354 0.12120479 0.34172595 0.42412502 0.64901286
8 0.07656469 0.085719004 0.40432444 0.38212723 0.68269837
3 0.07402724 0.03420774 0.3547865 0.23376754 0.76860905
8 0.07356576 0.6248156 0.4532799 0.7911638000000001 0.8818372
8 0.073130526 0.050062052999999995 0.4687215 0.23041561 0.76840764
8 0.07238507 0.7218248 0.42231637 0.9782334999999999 0.8898391999999999
3 0.06654628 0.6174919 0.36330609999999997 0.96196574 0.8283360999999999
3 0.058581587000000004 0.6577958 0.36332667 0.8726555 0.8675625
3 0.056750387 0.6896911 0.41510573 1.0 0.9128407
8 0.05227769 0.6045164000000001 0.42727578 0.8202088 0.7460229
3 0.04818175 0.5907916 0.65423185 1.0 0.951723
8 0.047304966 0.7188368 0.18680517 0.9050162 0.8529859000000001
8 0.04457761 0.50960577 0.09025563 0.9157851999999999 0.8743088
3 0.04248793 0.82460004 0.52766716 0.99532694 0.9549494000000001
8 0.04047681 0.5550710999999999 0.20666756 0.8321184000000001 0.94229
3 0.03687241 0.5798025 0.4190235 0.81730723 0.77777606
3 0.036383364 0.06936252 0.5196626 0.5638123 0.9387849
8 0.035965387 0.6122506 0.3498124 0.78292316 0.80073303
3 0.033444352000000004 0.8827318999999999 0.5346158000000001 0.9961610999999999 0.8880101
8 0.032398906 0.14881907 0.38703734 0.43312532 0.7395636
3 0.03190015 0.1857154 0.47939387 0.8657501 0.9549281
3 0.03138266 0.27109040000000006 0.71394247 0.81764877 0.9591801999999999
8 0.030727683999999998 0.7414036 0.33900216 0.9204638 0.9430540000000001
8 0.030469477000000002 0.37396857 0.2839286 0.8873280000000001 0.8769304
8 0.029792229 0.05961947 0.43844209999999995 0.21268441 0.9780228000000001
8 0.029700516 0.5995779 0.16253406 0.90691483 0.71205425
3 0.029379397999999998 0.50792634 0.5230075 0.7965317 0.90720105
3 0.028423846000000003 0.011217399999999999 0.34645042 0.28816342 0.8951200999999999
4 0.027638989 0.0 0.43430749999999996 0.2013772 0.70759374
8 0.02720925 0.58206266 0.41615382 0.7467471 0.8568339
8 0.025310907999999997 0.03731369999999999 0.0 0.36886990000000003 0.73565465
8 0.024984024 0.6286299 0.39748868 0.9275973 0.6701235
5 0.024796922000000002 0.0 0.45574040000000005 0.24443686 0.7568795
3 0.02437469 0.13842168 0.28651097 0.37717858 0.7578497
8 0.024272274 0.18352509 0.31185314 0.40050036 0.81943315
8 0.023308797000000003 0.4567590999999999 0.40399840000000004 0.81136084 0.97877324
4 0.023165155 0.6971798 0.5009988000000001 0.9553746 0.7814876999999999
7 0.022911245 0.0 0.45308843 0.28803828 0.80267566
3 0.022850676 0.0004524439599999999 0.41332808 0.17677557 0.7254132
3 0.022747653 0.08725834 0.37491342 0.42934084 0.91152066
8 0.021538982 0.112711385 0.17615929 0.3268758 0.5932105999999999
3 0.02141509 0.81615335 0.45620987 0.9809608 0.74775714
4 0.021193225 0.6131236 0.5599457 0.91319555 0.8432934999999999
4 0.021029275 0.72752774 0.49803100000000006 0.91196024 0.8611186
8 0.020951878 0.41076440000000003 0.60662365 0.87697726 0.94672966
7 0.020783268 0.0 0.2580577 0.28797513 0.7771666
4 0.020579975 0.6105938 0.49839890000000003 0.8980062 0.774098
12 0.020516583999999997 0.16952527 0.18495668 0.29631978 0.8325648000000001
8 0.020281784 0.8656308000000001 0.44420958 0.97504395 0.86617136
12 0.01994462 0.0 0.38480679999999995 0.2031425 0.74256504
8 0.019781694 0.10215369 0.32183516 0.74707556 0.94206196
7 0.019506383999999998 0.06000612 0.29818895 0.30492800000000003 0.9895976000000001
8 0.01923116 0.62695694 0.39116547 0.76194227 1.0
6 0.01834619 0.05160217 0.5019074 0.3109455 0.8861802
5 0.018322997 0.18757595 0.38946417 0.48994434 0.78420895
4 0.018210007 0.097833686 0.44218144 0.29172570000000003 0.82469684
4 0.018053696 0.006995588499999999 0.4580128 0.26691392 0.74777603
8 0.01801866 0.6025151 0.59234697 0.8655251 0.91907257
5 0.017994313999999997 0.0003354326 0.4446516 0.23624784 0.94302106
8 0.017944823999999998 0.022181034 0.35863429999999996 0.48502254 0.94919926
7 0.01774753 0.5055035 0.38565466 0.8503552 0.8939937
4 0.017585991000000002 0.17830369 0.40799165 0.36247042 0.7973198
12 0.017218633 0.12271825 0.199854 0.24873486 0.9487224
1 0.017138384 0.11378958 0.30961016 0.33177525 0.86716735
5 0.017107641 0.48387194 0.5535076 0.81933045 0.8381578000000002
1 0.016854053 0.11526249 0.34172290000000005 0.4463982 0.7367836999999999
4 0.01681117 0.11533877 0.43871126 0.39320920000000004 0.73037136
9 0.016704882 0.16059548 0.37917286 0.34689498 0.8930697
8 0.01660994 0.90210146 0.32242006 0.9868235999999999 0.9089813
7 0.016535247 0.532837 0.5857618 0.94988924 0.9417911
3 0.016479656000000002 0.03134343 0.6970861999999999 0.7242485 0.9672052999999999
12 0.01645551 0.037853047 0.24747157 0.23690386 0.7876895
4 0.01627883 0.5373606 0.52681834 0.82926935 0.8002575
3 0.016076608 0.06296547 0.24176866 0.49636149999999996 0.72839326
6 0.01607431 0.0 0.5193065 0.2502491 0.77094084
12 0.016017033 0.0049290359999999995 0.3664967 0.19994861 0.8998695999999999
11 0.015869062 0.0 0.50968516 0.22863379999999997 0.8299770000000001
8 0.015822891000000002 0.033972047000000005 0.30341977 0.24197742 0.6171019
3 0.01577141 0.0071896836 0.039779875 0.096937664 0.6241993
7 0.015737203999999998 0.033768058 0.1981521 0.32844284 0.81739426
7 0.015686053999999998 0.6743464 0.43140920000000005 0.96379024 0.96223897
7 0.015568141 0.6253297 0.40958536 0.87035054 1.0
7 0.015340253 0.009119347 0.48246214 0.41355699999999995 0.8847054
5 0.015306007 0.57817876 0.48180273 0.81245387 0.94359475
1 0.0153004145 0.0 0.41109765 0.29320163 0.84691113
8 0.01497794 0.7701325 0.46024764 0.9629844999999999 0.8282447000000001
4 0.014728159 0.6458811 0.5186003 0.84054977 0.873331
8 0.014417118999999999 0.54428065 0.46379885 0.76553595 0.79150647
8 0.014216113999999998 8.120388000000001e-05 0.14623271 0.083724424 0.73034954
12 0.014208796999999999 0.100579426 0.27614212 0.22782049999999998 1.0
12 0.014207253000000001 0.16089475 0.30233932 0.342198 0.7700991999999999
12 0.014129286999999999 0.09903865 0.3120487 0.30938664 0.8082391
12 0.014113071999999999 0.06215737 0.224498 0.18846226 1.0
7 0.014081515 0.5506231 0.48300737 0.93582565 0.85240984
7 0.014078406000000002 0.11466479 0.35795408 0.39200002 0.86741525
4 0.014024231000000002 0.7150966 0.44859806 0.9797001000000001 0.7176416
1 0.013834055 0.0 0.14780588 0.29140502 0.71160823
8 0.013544147 0.16771232 0.09693289 0.35854268 0.80473363
3 0.013383478999999998 0.39534250000000004 0.38853174 0.940994 0.9546473
13 0.013095395 0.0048454553 0.38614157 0.20758222 0.82591057
1 0.01300707 0.51927125 0.49990216 0.8822341999999999 0.923286
6 0.013004287 0.61619836 0.57575446 0.8784583 0.9535073000000001
13 0.012937618 0.064049125 0.29624137 0.21616685 0.79368484
4 0.012780261999999999 0.05377163 0.38018623 0.36114323 0.6864279999999999
5 0.012658955500000001 0.017004952 0.30965343 0.25994515 0.6649893
4 0.012612978 0.019705176 0.51905847 0.3180605 0.8061902
9 0.01259721 0.7667388 0.45646873 0.9709065 0.82740897
4 0.012552782 0.80045706 0.54123074 0.9894063 0.805603
4 0.012471798000000001 0.7918689 0.48033428 0.98509276 0.741228
6 0.012470593 0.0 0.46600020000000003 0.27304393 0.71017134
4 0.012469568 0.6822593000000001 0.5459851 0.86906016 0.91752464
12 0.012372167 0.67210174 0.25297052 0.79891384 0.9950001
5 0.012290727 0.050643846 0.20474648 0.22540553 1.0
11 0.012247998999999999 0.0748422 0.29524922 0.22573389 0.8590690999999999
12 0.012088415 0.7518116 0.39198354 0.9324546 0.88162243
12 0.011988569 0.06856842 0.05582807 0.34209959999999995 0.84927857
1 0.011943238 0.6921191999999999 0.38725647 0.88898104 0.83376753
7 0.011868374 0.6092860999999999 0.26828948 0.90336615 0.8287009
3 0.011865483000000001 0.0041586235 0.5035805999999999 0.17049202 0.78954184
3 0.011793886000000002 0.90874857 0.4320168 0.99845296 0.90448785
9 0.011765311499999999 0.03679453 0.39563152 0.2507711 0.73671347
3 0.011696936000000002 0.6551665 0.42538697 0.98842025 0.6716701999999999
4 0.011661108 0.09490511 0.33798525 0.3123198 0.72633195
7 0.011554656000000002 0.43216577 0.41183373 0.89778996 0.7738083
11 0.011533195 0.0089419335 0.5200202 0.37356043 0.85564786
8 0.011524796499999998 0.05412157 0.2784344 0.36154658 0.57491285
2 0.0115035195 0.0 0.47052404 0.35410863 0.8797383
8 0.011448243 0.049933817 0.42136315 0.17144768 0.7309161999999999
3 0.011437933999999999 0.47814265 0.48540422 0.6685941999999999 0.92323506
1 0.011416983 0.13002288 0.19620946 0.25969353 0.748463
1 0.011296255500000001 0.6339823 0.4194035 0.95376766 0.76199466
7 0.01123795 0.021632865 0.32197273 0.40561867 0.7344776
4 0.011227613000000001 0.025229849 0.32060504 0.24134874 0.6553939000000001
13 0.011217491000000001 0.68352795 0.49337927 0.9194825999999999 0.8083876
4 0.011186755 0.15052725 0.30904564 0.3576768 0.6829279
12 0.011135353 0.7351696 0.29299337 0.8701194999999999 0.94906044
8 0.011124925 0.0 0.024660561 0.22084281 0.72628593
7 0.011110113000000001 0.42099905 0.5174939000000001 0.87211776 0.85608894
6 0.011025156000000001 0.10233183 0.4431549 0.28506583 1.0
13 0.011003072 0.111476004 0.44397226 0.26756844 0.9339744000000001
3 0.010930738999999998 0.21266532 0.39179447 0.5216577 0.6746463
9 0.010898115 0.7324519 0.37776953 0.94027996 0.86568147
4 0.010847581 0.5475473000000001 0.60415757 0.84989065 0.87655383
12 0.010822425 0.7037982 0.41760567 0.9461006999999999 0.75716525
3 0.010774063 0.42749965 0.66067225 0.8816364999999999 0.9341624
7 0.010705532 0.5767298000000001 0.37933084 0.9568273000000002 0.7655194000000001
13 0.010594957 0.6737319 0.58906054 0.9038776 0.9383398999999999
3 0.010590235 0.85548353 0.4870807 0.9872433 0.8498300999999999
5 0.010531529 0.10256289999999998 0.1907944 0.27508720000000003 0.98466927
9 0.010490906999999999 0.14235178 0.347357 0.4326823 0.7346805999999999
8 0.010313901 0.82898885 0.38235873 0.9708174999999999 0.83142483
1 0.010177395 0.0 0.3201268 0.400981 0.64648104
5 0.010155925500000001 0.02827683 0.4024063 0.29955107 0.8798898999999999
9 0.0101031745 0.07997482 0.34390488 0.27729326 0.8065306
11 0.010097878000000001 0.041923537999999996 0.2509955 0.18626416 0.7835268
11 0.010056664 0.100010276 0.23645517 0.25726756 0.7991865
11 0.01001838 0.16355893 0.45402939999999997 0.39071605 0.8865388000000001
6 0.00997076 0.5137813 0.5653467 0.95212746 0.8292401
4 0.009941715 0.74761355 0.4919527 0.8725238000000001 0.9308277
8 0.009940072 0.0 0.2766949 0.56711644 0.87004083
5 0.009906758 0.16851375 0.3715949 0.3979003 0.9057181000000001
6 0.009901545999999999 0.6698788 0.5682054 0.9508485000000001 0.9775799000000001
3 0.009900772 0.4071026 0.5121832000000001 0.77006567 0.82978386
13 0.00988805 0.72944427 0.5574056 0.9762386999999999 0.9889205
13 0.009864744 0.06973601 0.44869572 0.29487976 0.8249194999999999
1 0.009806733 0.36621073 0.42790059999999996 0.92349684 0.98580277
8 0.009805829 0.63705266 0.53974706 0.8329791999999999 0.9756954999999999
13 0.0097236335 0.69722944 0.54328245 0.8472881999999999 0.93728787
13 0.00953376 0.03471235 0.2056505 0.19525036 0.71040946
3 0.009429656 0.36866498 0.6556517 0.74773645 0.9473784
12 0.009302613000000001 0.0045924040000000005 0.3158331 0.31362885 0.6808428000000001
8 0.009259311999999999 0.7749508 0.22845928 0.95599777 0.9115947
1 0.009205652 0.05008193 0.27569944 0.21231624 0.9263318000000001
11 0.009165085 0.10826146 0.43922849999999997 0.32074273 0.9171594000000001
12 0.009154532 0.7036131 0.35330737 0.83342737 1.0
13 0.009127878 0.6677054 0.5156537999999999 0.8141921999999999 0.9235931999999999
2 0.009072978 0.023469135 0.30314213 0.41035187 0.6577425
13 0.008984397 0.60445726 0.61244667 0.98126245 1.0
13 0.008843234 0.14385399 0.4639067 0.37180784 0.8437855
2 0.008775636 0.100710824 0.29600012 0.35669678 0.7685042
5 0.008706069 0.65938014 0.26951805 0.8358218000000001 1.0
6 0.008677386 0.67869323 0.55764794 0.8640091000000001 1.0
5 0.008639536 0.09554382 0.33604708 0.4173934 0.7245699999999999
12 0.008499041 0.14189035 0.3977547 0.28174904 1.0
12 0.008487673000000001 0.08492364 0.300201 0.38022940000000005 0.6407329
5 0.0084296465 0.55407715 0.6113188 0.92926633 0.9023875
12 0.008391925 0.57951874 0.41810990000000003 0.77658707 0.93028927
1 0.0083663305 0.022983222999999997 0.3175637 0.2848985 0.7974541
13 0.008350468 0.12355071 0.37252575 0.35891372 0.72092944
3 0.008268954 0.016270801 0.14427076 0.2847137 0.69559026
7 0.008263408 0.0 0.2840216 0.34602082 0.6378043000000001
2 0.008262083 0.100907005 0.08870867 0.29370300000000005 0.6821748000000001
12 0.008248973 0.64992106 0.41591406 0.78765416 1.0
8 0.008141751 0.31270003 0.46936122 0.86700654 0.97368187
5 0.008133013 0.07786327 0.38517204 0.26246735 1.0
12 0.008118367 0.5902015 0.4450418 0.897172 0.82525706
4 0.008083114 0.44079345 0.54661435 0.907839 0.91837925
1 0.008081518000000001 0.64578176 0.39684597 0.88854027 0.9778908000000002
11 0.008081137 0.56065226 0.5187574 0.7860090999999999 0.9190183000000001
1 0.008067496 0.095286556 0.28721884 0.25145778 1.0
13 0.008044114 0.031097561 0.37836117 0.26036054 0.7422656999999999
13 0.007993004 0.07343612599999999 0.24508323 0.24244075 0.6729543
6 0.007969289000000001 0.0 0.54172254 0.34875193 0.83322126
1 0.007932049 0.50802135 0.2511357 0.9214648000000001 0.85115516
5 0.007923552 0.52448523 0.48848 0.8693956 0.7832634
13 0.007923049 0.68070495 0.5471876999999999 1.0 0.82821625
4 0.007905003 0.7477064 0.51134336 0.96075666 0.91827226
12 0.007868184 0.14833054 0.18606015 0.3230192 0.653468
9 0.007846949 0.02683802 0.11664555 0.32501715 0.74076444
2 0.007832841 0.52101296 0.54799 0.91184 0.96005845
3 0.007799584 0.35952687 0.39466712 0.7728411999999999 0.8895209000000001
6 0.007757983 0.52155745 0.50301045 0.8455552 0.89600927
5 0.0076765390000000005 0.12224835 0.44997284 0.43830222 0.79633176
9 0.007631110500000001 0.5960798 0.41141543 0.81183076 0.8088719
5 0.0075644623 0.6352128 0.46875212 0.80991066 1.0
11 0.0075319023 0.059826568 0.42255205 0.26878017 0.844716
2 0.007528898000000001 0.09317087 0.4330737 0.44677799999999995 0.81620914
11 0.0074682166 0.10809542 0.49729437 0.4846446 0.81428385
1 0.007365368000000001 0.70283353 0.36981156 0.85042405 1.0
12 0.00735421 0.6789312 0.29729652 0.87219256 0.80592656
2 0.007323434 0.05189138 0.15974236 0.23983294 0.73113126
7 0.007311666999999999 0.6074447 0.49819523 1.0 1.0
1 0.0073011513 0.70072794 0.24568804 0.8301363000000002 0.8604229
11 0.007275514300000001 0.12774763 0.39199194 0.27537403 1.0
6 0.007260413 0.052628048 0.37156669999999997 0.23875460000000004 0.89711887
6 0.007243907 0.12674939999999998 0.45991229999999994 0.39169562 0.9186023999999999
9 0.0072326000000000005 0.12517475 0.42168793 0.40377778 0.8426884
8 0.007173555 0.040064767 0.57001233 0.4093781 0.9786235000000001
8 0.007172773 0.02017171 0.23350793 0.16007027 0.8488760000000001
12 0.0071627125 0.7404018 0.48244995 0.8779380999999999 1.0
1 0.0071482565 0.10043632 0.13123195 0.23809567 0.71996486
6 0.007122151 0.43301204 0.51077026 0.90229464 0.7893696
5 0.0070605519999999995 0.60951126 0.5307043 0.86108863 0.99105424
6 0.0069781695 0.610705 0.48998207 0.817379 1.0
8 0.006943781400000001 0.7862478 0.40611032 0.9651194 0.7189738
6 0.006941299000000001 0.0024110526 0.46407828 0.39271897 0.7196219
12 0.0068821986 0.16653803 0.33338568 0.42245218 0.64184695
9 0.006849727 0.7069291 0.29877309999999996 0.86347353 0.81867814
7 0.006848596 0.5158472 0.24645366 0.9943985999999999 0.9619552
7 0.0068263384 0.10947636 0.3879393 0.49723175 0.7788288000000001
8 0.006788575 0.12896866 0.44695368 0.56728584 1.0
12 0.0067858133 0.5195635999999999 0.39005962 0.80757326 0.76643205
6 0.006776405 0.08899064 0.39652145 0.37000006 0.79692596
5 0.006761599300000001 0.22167456 0.33661420000000003 0.44893676 0.94271684
9 0.0067577683 0.7351601 0.45960924 0.8807814 0.9760535
13 0.0066931494999999995 0.13600071 0.46301207 0.45605707 0.7651286999999999
13 0.0066914726 0.590796 0.5459183000000001 0.9386593000000001 0.8100689
2 0.006689983399999999 0.0 0.25878274 0.22955677 0.5507698000000001
2 0.0066584190000000005 0.0012310594 0.06662885 0.30769253 0.72611934
6 0.0066546025 0.69060373 0.48280314 0.963433 0.89585906
12 0.006643754 0.20337194 0.2519594 0.32171208 0.8672774
11 0.006629785 0.5598723000000001 0.63054997 0.8992421999999999 0.9334491
1 0.0066052409999999995 0.0 0.29837763 0.31179944 0.9752223
5 0.0066014323 0.6364071 0.41323885 0.9688204 0.760273
2 0.006576482 0.0 0.44050163 0.23037456 0.78998077
5 0.0065585547 0.15416233 0.07280318 0.32765615 0.87596875
12 0.006541210699999999 0.016188718 0.28298998 0.21724305 0.63111556
1 0.006515149499999999 0.037277855 0.39300809999999997 0.26622432 0.9991365
5 0.0064487937 0.07904659 0.46136126 0.3305002 0.92799693
12 0.006395296 0.6415203 0.25311586 0.7646702 0.9716925999999999
11 0.00638738 0.1276405 0.389314 0.34319347 0.81433976
9 0.006367479499999999 0.7088795 0.37026274 0.9710764999999999 0.7179409000000001
8 0.0063008587 0.022796854 0.5363726 0.25590104 0.95877975
13 0.006266444 0.61213547 0.49944454 0.8344367 0.86147255
9 0.006265866 0.014456308999999999 0.3102085 0.25841403 0.6092145
9 0.0062534516 0.6150572 0.47830614 0.92995566 0.8348929
1 0.006230679300000001 0.4221229 0.46763957 0.8626440000000001 0.8465726999999998
