3 0.13191812 0.05687438 0.36822358 0.3965633 0.6175961
3 0.10749065 0.026612759 0.35114133 0.27106717 0.6520038
3 0.094258115 0.16539785 0.43287525 0.8059765 0.9421294
8 0.083525054 0.003860712 0.38781828 0.30438540000000003 0.65371686
3 0.08000439 0.016902395 0.3254047 0.2128556 0.71307194
3 0.077149145 0.16316052 0.34739205 0.45951563 0.6097443
8 0.06630672 0.08026935 0.34517157 0.31344593 0.693707
8 0.05754208 0.06976407 0.23652124 0.30156466 0.6378716
8 0.05622634 0.06730501 0.31864363 0.39293712 0.59346926
3 0.055857867 0.05268246 0.54340726 0.64776707 1.0
8 0.0527605 0.0 0.34428605 0.1601915 0.69518757
3 0.05213827 0.074477226 0.42872778 0.5355655 0.95823467
3 0.04779819 0.064859 0.6673901999999999 0.90834236 0.9538325999999999
8 0.046803165 0.026025562999999998 0.28786507 0.2648169 0.67101526
8 0.042610213 0.0 0.33233228 0.09535715 0.8392400999999999
3 0.041428123 0.0010670647 0.33563247 0.13394460000000002 0.73059267
8 0.039844032 0.020826787 0.29917797 0.33152416 0.56109166
3 0.039512984 0.0071557015 0.83501416 0.19589484 0.9941969999999999
8 0.030907717 0.036987305 0.33954972 0.59335226 0.9237492
8 0.02844489 0.10118991 0.27798918 0.26961118 0.8081115
3 0.02766648 0.38137108 0.44397829999999994 0.5707706 0.92098564
3 0.0254362 0.10796204 0.34267893 0.5590006 0.83458734
8 0.024941416 0.0 0.21618257 0.1302211 0.72783166
3 0.024305942999999997 0.0033657998 0.09387649599999999 0.10670486 0.6101251
3 0.024231227 0.11898546 0.2833696 0.37685949999999996 0.63150376
8 0.023064852 0.065638736 0.25950053 0.378523 0.5257147
3 0.02256569 0.07021412 0.7510749 0.49845186 0.96239305
8 0.02110735 0.09734274400000001 0.06913132 0.39858395 0.9116496
3 0.020110749 0.049344122000000004 0.4558388 0.37673903 0.96192443
8 0.020019848 0.0034045577 0.2342263 0.08102001 0.7561133000000001
8 0.019791637 0.0 0.07013925 0.07985848 0.6524048000000001
8 0.018560214 0.000357911 0.34008184 0.36638707 0.946081
3 0.018127365 0.14652741 0.265855 0.62372994 0.7504808000000001
3 0.01764335 0.3737292 0.57866824 0.6487727 0.95895576
8 0.017170653 0.0 0.11858744 0.36370602 0.68042815
8 0.017148467 0.047571092999999995 0.25131464 0.21333906 0.7738956
3 0.015398841000000002 0.36874425 0.48637143 0.6642852 0.7678471
3 0.015340307 0.19135621 0.34671915 0.7556778000000001 0.81362575
8 0.014743232 0.0 0.30731329999999996 0.13607436 0.59279865
8 0.014513628 0.37907287 0.32675132 0.52380353 0.94857734
3 0.014507994 0.10468057 0.21360332 0.49296162 0.7209446999999999
3 0.01408492 0.026916169 0.15464067 0.1718387 0.65666705
3 0.01375453 0.35554048 0.53488266 0.5933324999999999 0.87184715
8 0.01375318 0.0 0.23476948 0.41863722 0.81752914
3 0.012996626 0.20923558 0.32404345 0.55973756 0.5784198
8 0.012866648999999999 0.02212724 0.0 0.33888167 0.9390117
8 0.012234088999999998 0.20319432 0.8026 0.5347188 1.0
3 0.012080887 0.0038528590999999997 0.6216792 0.48838627 0.9616458000000001
3 0.011867805 0.052914128 0.2925999 0.39439386 0.8132977
9 0.011835556 0.03571251 0.31647205 0.3152191 0.60184777
3 0.011794573000000001 0.17440209 0.8048102 0.6796913 0.9535101
3 0.011637751000000002 0.3445479 0.73583466 0.8241539000000001 0.95904034
8 0.011367549 0.0 0.04378833 0.24990134 0.7150016
3 0.011346716000000001 0.06939874 0.32941374 0.31792057 0.7257182
3 0.011321504 0.13159123 0.20595366 0.31622103 0.69882613
8 0.010981912 0.017140098 0.80159616 0.14683239999999997 0.97706914
3 0.010657591999999999 0.43017596 0.67559063 0.675535 0.97207344
3 0.010543071000000001 0.3626237 0.41410065 0.7027204 0.9079075999999999
8 0.010349286 0.013377621999999999 0.30427045 0.1853185 0.82108337
3 0.010291277 0.026166052000000002 0.40811387 0.28177467 0.74368376
3 0.01011275 0.0 0.8308624 0.30029362 0.9836362
8 0.010024055 0.11239424 0.18587962 0.36681414 0.60233897
8 0.009848285 0.0 0.21134469 0.24651077 0.9330433000000001
8 0.009827057 0.0 0.09393782 0.16681641 0.9558346999999999
3 0.009617575 0.058598444000000006 0.12026061 0.32005262 0.64121896
8 0.009330839 0.097277105 0.7173238000000001 0.3547723 0.96929103
3 0.0090727825 0.019471928 0.35106742 0.28614104 0.88715893
3 0.0083921375 0.35401496 0.43006942 1.0 0.92178136
3 0.008089025500000001 0.5651797 0.33324137 0.8210447 0.6021873000000001
8 0.008061615 0.12837125 0.12529132 0.32270497 0.73398995
1 0.007949069 0.0 0.3757239 0.2915917 0.6688725999999999
3 0.007491423299999999 0.22024718 0.24602757 0.7442963 0.68030757
8 0.0074129286 0.5976968 0.21386226 0.782447 0.73855335
8 0.007404588 0.5594468 0.26792514 0.80091584 0.65185493
7 0.0073321452 0.0 0.34282053 0.35336787 0.709924
9 0.0070153590000000005 0.011058308000000001 0.29186243 0.21397531 0.5976468
8 0.007007426999999999 0.12344967 0.6073644 0.6170187 0.9641165
8 0.006994258000000001 0.0 0.0 0.4417017 0.6251591
4 0.006853693 0.007524371 0.31203565 0.34933338 0.5857435999999999
8 0.006619142 0.2769211 0.78571725 0.6155151 1.0
7 0.006340720699999999 0.0 0.2700838 0.23608938 0.6537229999999999
4 0.0062394715000000005 0.0 0.37955788 0.34296313 0.65400374
8 0.0062054466 0.35046669999999996 0.37618476 0.49025336 0.9902627
3 0.006197063 0.014726221999999999 0.54039115 0.29292887 0.9870468000000001
3 0.0060181827 0.29668567 0.34268259999999995 0.62614346 0.56843346
9 0.005860594 0.05041486 0.37508097 0.31061572 0.6746968000000001
8 0.00580014 0.41704673 0.38081363 0.56559485 0.9812542999999999
3 0.0057438383999999995 0.30505425 0.56262416 0.89453655 0.94190776
8 0.00555417 0.1583739 0.03245465 0.5007393 0.9584176999999999
7 0.005353153 0.0 0.32863325 0.14221118 0.8417728000000001
11 0.0052987654000000006 0.028955936 0.42069924 0.25124124 0.6653895000000001
3 0.0052029304 0.50174654 0.37669 0.7779262 0.63767636
3 0.0050865015999999996 0.2888245 0.7194162 0.6098258000000001 0.9618319
3 0.0050473079999999995 0.026411615 0.26987859999999997 0.21595427 0.5427826
11 0.0050345254 0.061003968 0.39547217 0.36652166 0.653313
4 0.005021185 0.20584275 0.7988035 0.55318964 0.95523536
3 0.0050032786 0.011774331 0.22056308 0.1356759 0.57970494
6 0.004968488 0.0022597015 0.41975442 0.35131785 0.7047613
3 0.0047896244 0.23668411 0.76626974 0.5666188 0.95310384
4 0.004656635 0.066975534 0.26232976 0.28707328 0.6498125
4 0.004612666 0.0028548315 0.27246672 0.15746559999999998 0.5607675999999999
8 0.0046069836 0.0 0.47133982 0.20100981 0.7194889
9 0.004530257 0.086922206 0.22644901 0.28284514 0.6307958
3 0.004511209699999999 0.22046910000000003 0.3082125 0.48927563 0.6656798
8 0.0044567370000000005 0.22401054 0.26662964 0.53209597 0.9505418
9 0.004455226 0.116427585 0.31330654 0.39888877 0.62548643
7 0.0044474653 0.0 0.0 0.08874759 0.6350637
3 0.0044473572999999995 0.0 0.31915370000000004 0.107745975 0.8786436
4 0.0043071179999999995 0.0016670972 0.0 0.07734692 0.5419486
4 0.004285456 0.071409136 0.34350866 0.39895746 0.61505556
4 0.004256343 0.30386227 0.7964909 0.66360635 0.95777196
8 0.004254064 0.0 0.2754685 0.17263520000000002 0.56074786
2 0.004108946 0.026427193999999998 0.33789945 0.36044097 0.7263974
4 0.004099456 0.0 0.3766865 0.17558792 0.64374447
3 0.0040971707000000005 0.20553504 0.14473407 0.59500194 0.6418928
3 0.004096917 0.036871202 0.17911287 0.23225632 0.8616450000000001
1 0.004067103 0.097049996 0.3296075 0.36534768 0.591688
11 0.0040037283 0.040980667 0.35813707 0.2508904 0.5915802
4 0.003923162 0.09822972 0.26796612 0.41559880000000005 0.5735859999999999
11 0.0039031098 0.12161107 0.37060586 0.45469683 0.6177829
8 0.0038543332000000002 0.36156887 0.70637816 0.5773885 0.99558705
3 0.0038518969 0.0 0.75645393 0.38895965 0.9676551999999999
3 0.003845786 0.42288409999999993 0.70007163 1.0 0.96491116
8 0.0036354322999999997 0.05672054 0.0 0.49167700000000003 0.8172701
9 0.0036315305999999998 0.012879692 0.013050238999999998 0.08743317 0.62634
4 0.0035749176 0.0 0.35057947 0.26693946 0.5960451
7 0.0034893262 0.0 0.13049902 0.089781225 0.83315736
12 0.0034800433 0.03126058 0.28746256 0.30966517 0.6380008
11 0.0034406021999999997 0.103888765 0.29967943 0.32416552 0.61885685
1 0.0033819920000000003 0.0 0.33361107 0.09951669 0.7410646
8 0.003345996 0.15481894 0.21548721 0.40614122 0.68853724
8 0.0033355679999999997 0.42427793 0.67198557 0.6226651999999999 0.97828823
3 0.0033233059000000002 0.40565705 0.38254340000000003 0.6321956 0.75861436
9 0.0033119507 0.00930661 0.23070092 0.14905299 0.6554418000000001
8 0.0032459159999999997 0.0 0.15906993 0.10077259 0.5271285
8 0.0032340604999999997 0.0 0.04269168 0.18917989999999998 0.5772593
9 0.0031997361 0.13364235 0.20852691 0.32647932 0.61303073
4 0.0031936495 0.0 0.3563314 0.104892254 0.73123485
8 0.003186151 0.0 0.39873883 0.077016294 0.9631931999999999
8 0.0031598503999999998 0.001087904 0.597271 0.41268831 0.9513461999999999
8 0.0030971444 0.4997473 0.25725403 0.73249555 0.663098
3 0.0030649533 0.4763134 0.35479748 0.67791015 0.69618726
3 0.00302879 0.030287065 0.6511045999999999 0.26563466 0.94690514
8 0.0029587172999999997 0.24736333 0.74160904 0.47008955 1.0
8 0.0029447946999999995 0.3181067 0.1659143 0.5953361 0.93009484
3 0.0028462333 0.4759081 0.43128103 0.86515373 0.9352053
12 0.0028417192 0.0067650415 0.034793906 0.076468185 0.6499017
11 0.0028101503999999997 0.01758118 0.37589920000000004 0.118898675 0.7829195999999999
6 0.0028086419 0.0 0.39209629999999995 0.12163185 0.77823734
12 0.0027935816999999996 0.09084515 0.25539258 0.36029863 0.61364585
1 0.0027813574 0.11172429 0.274635 0.30062366 0.65774137
7 0.0027705209999999997 0.07048981 0.26885545 0.36451215 0.7849415
3 0.00273011 0.0 0.76864487 0.1532481 0.97713333
7 0.0026757657 0.0258421 0.21623455 0.30742493 0.68694484
8 0.0026642545 0.43910240000000006 0.32570246 0.75643265 0.6125176
3 0.0026046617 0.6394167 0.35082045 0.91127145 0.61752534
9 0.0025140273 0.13536406 0.32011834 0.32331052 0.7148239000000001
8 0.0024927102 0.36078262 0.5046425999999999 0.55372083 0.96967506
1 0.0024687052 0.0 0.2723333 0.08058660000000001 0.86369365
3 0.002448604 0.63006276 0.2801667 0.7884428000000001 0.75575686
9 0.0024484284 0.030385286 0.39197224 0.22611693 0.6713965000000001
8 0.0024397275 0.5520448 0.16662198 0.7306196999999999 0.72339725
8 0.0023833679000000003 0.26612663 0.23294044 0.6894969 0.9748193000000002
7 0.0023818386 0.0 0.20386964 0.1558479 0.7065218000000001
8 0.0023751287 0.34044403 0.43205246 0.52539676 0.85195655
7 0.0023743974 0.0 0.39299062 0.8294908999999999 0.99105084
3 0.0023717147 0.63933957 0.31773138 0.8400724 0.668555
8 0.0023685468 0.4497353 0.6058219 0.58415794 1.0
4 0.0023632173 0.10936384 0.3441641 0.33042604 0.70643055
11 0.0023482285999999997 0.032719 0.36810329999999997 0.20474331 0.72733
13 0.0023460207 0.069505095 0.35947052 0.26699504 0.6499606
6 0.002304692 0.091706686 0.35989454 0.33876303 0.7576979
1 0.002304336 0.00065340847 0.28885937 0.13226956 0.61667615
7 0.0022971027 0.0 0.38818637 0.25434393 0.7738055
5 0.0022803324 0.00606988 0.03434992 0.09677282 0.6329695
4 0.002231925 0.06175174 0.7311553000000001 0.44655340000000004 0.9648594000000001
2 0.0022019192 0.057318232999999996 0.20477182 0.30488944 0.72399586
8 0.002162926 0.22951669 0.583397 0.7873214 0.9806633
13 0.0021505894 0.04891999 0.40711212 0.35113508 0.6420479
4 0.002112748 0.009514883 0.2213085 0.22947137 0.5967138000000001
4 0.0020949924 0.1287449 0.320695 0.63039696 0.95892143
3 0.0020934304 0.3809743 0.38196865 0.6627635000000001 0.6363631999999999
2 0.0020903451 0.14004773 0.27424347 0.45227253 0.68935627
12 0.0020817510999999998 0.01627633 0.26724353 0.15258901 0.5967595
12 0.0020573041 0.10680142 0.30180326 0.30332109999999995 0.77778596
4 0.0020492403 0.038466394 0.43741068 0.7898938 0.94654495
1 0.0020410866 0.0 0.041299052999999995 0.0881303 0.6207995
11 0.0020408335 0.06584353 0.3431743 0.28130257 0.6734754
1 0.0020356067 0.0 0.38139057 0.17073616 0.6534732
13 0.0020184142 0.010840341000000002 0.36119902 0.30558968 0.5874475
6 0.0020174284 0.0 0.11998158 0.09315092 0.6748441999999999
3 0.0020171895 0.20454034 0.2220911 0.40204975 0.6867389
10 0.0020041626 0.0 0.35051479999999996 0.38169026 0.6431277
1 0.0020011696 0.07233737400000001 0.32195044 0.27939440000000004 0.7484835999999999
2 0.0019903807 0.0 0.35708836 0.24277876 0.7286545999999999
12 0.0019397932 0.012964643999999999 0.30335733 0.20571035 0.6424483
4 0.0019222023000000001 0.16806674 0.33916304 0.38168472 0.72279865
8 0.0019141595 0.35438547 0.5394004 0.6132958000000001 0.8567657
13 0.0019026399 0.0029409006 0.021353537000000002 0.07049695 0.5685734
9 0.0019017557 0.18000595 0.2767347 0.46160984 0.60139203
5 0.0018869063000000001 0.032371297 0.35382620000000004 0.24972664 0.6328888
3 0.0018590634 0.26709634 0.29155797 0.88871986 0.74197084
9 0.0018527607 0.14226544 0.08964247 0.2803467 0.67242795
13 0.0018401054 0.006721176 0.44323720000000005 0.20333254 0.69053704
8 0.0018300187 0.0 0.09694353 0.13735306 0.46066856
4 0.0018109848000000001 0.3990014 0.30088478 0.56355697 0.9187569
8 0.0017996852 0.0 0.034297552 0.117356524 0.24067426
11 0.001798574 0.009793133 0.14567597 0.08698804 0.6048024000000001
1 0.0017977488000000001 0.04893391 0.33403817 0.46420962 0.8862558
13 0.0017897923999999998 0.0009466409699999999 0.33687606 0.14507397 0.60482395
2 0.0017823732000000001 0.0031278878000000005 0.29994535 0.10909825599999999 0.8215958000000001
12 0.0017791473000000001 0.010527451 0.17524548 0.08206050000000001 0.8297431000000001
9 0.0017761154000000001 0.014955781000000001 0.34657055 0.10697538 0.76281816
9 0.0017718644 0.14107206 0.31368724 0.49356880000000003 0.9846942
8 0.0017687012 0.30406809999999995 0.5079787 0.49191058 0.96566945
6 0.001766171 0.13933942 0.3987926 0.37771264 0.8070119
2 0.0017479559 0.003963925 0.26417735 0.18071976 0.7931031
3 0.0017379226999999998 0.022850655 0.45993587 0.20486066 0.7605388000000001
2 0.0017248767000000002 0.014215543999999998 0.30950204 0.28929716 0.651251
3 0.001718726 0.31073105 0.645728 0.53257215 0.95204383
1 0.0017163171 0.0 0.43013197 0.2159719 0.7069848000000001
6 0.00167796 0.0 0.84547794 0.15234272 1.0
12 0.0016578422 0.14697671 0.22170575 0.34272707 0.74083763
4 0.0016448186 0.147783 0.23917527 0.47802222 0.53656423
8 0.0016398126999999998 0.17957722 0.25628006 0.5271708 0.5631893
6 0.0016349282999999998 0.0 0.3616061 0.25934923 0.6341875
4 0.0016187688 0.0 0.39777252 0.5276203 0.9597314
3 0.0016154376000000002 0.543087 0.28807345 0.7436764 0.60732853
9 0.0016027248 0.018923871000000002 0.2660421 0.091737755 0.8566219999999999
13 0.0015929434 0.00064212084 0.28595418 0.08658345 0.85222095
1 0.0015848639000000002 0.0 0.19322194 0.11773802 0.7025096
2 0.0015812062 0.0031195655 0.2681231 0.21888608 0.61554617
7 0.0015619929999999998 0.08828859 0.29900292 0.42901117 0.6629028
3 0.0015613928 0.46704096 0.56161886 1.0 0.9614188
2 0.0015495134 0.0 0.0 0.07479207 0.587494
11 0.0015457908999999999 0.1645324 0.28749362 0.38687328 0.64436555
6 0.0015219438 0.0 0.36054578 0.20480736 0.7734675999999999
8 0.0015143021 0.42519465 0.27419677 0.6467439 0.69108874
11 0.0015051792000000002 0.028520279 0.32451009999999997 0.19361737 0.57875323
2 0.001501636 0.02269587 0.42672867 0.8103862 1.0
12 0.0015008787 0.009697109 0.32728186 0.11384899 0.775571
8 0.0014872305 0.3102743 0.44172445 0.59183663 0.7584715999999999
4 0.0014839310999999998 0.25256383 0.73015094 0.5109859999999999 0.96064323
11 0.0014832439999999999 0.13142020000000001 0.31348315 0.4525991 0.5522258000000001
2 0.0014542905 0.0 0.227708 0.09088175 0.9752966999999999
8 0.001451284 0.0 0.05294385 0.36325884 0.3678744
12 0.0014448737 0.14090745 0.21097739 0.4040019 0.58441764
8 0.001414462 0.46643007 0.13968502 0.7872610999999999 1.0
4 0.0014056267000000001 0.0 0.1899741 0.076375976 0.7093286999999999
6 0.0013880639999999998 0.0010137185 0.29059353 0.17259121 0.6869217
6 0.0013799039000000001 0.0 0.27239245 0.09165405 0.7796843000000001
6 0.0013794095999999998 0.051177232999999996 0.33656096 0.40249747 0.6253854999999999
8 0.0013668565 0.01617904 0.75148886 0.10499715 0.9987611999999999
1 0.0013659443 0.0 0.7836156999999999 0.14305425 0.9738648000000001
3 0.0013518066 0.30146343 0.167357 0.8597428 0.6263219
13 0.0013354007 0.09421406 0.30967644 0.3075805 0.62184
6 0.0013325779999999998 0.0685173 0.4497738 0.5424416 1.0
6 0.0013280952 0.0 0.4241027 0.22538584 0.68345666
7 0.0013205698999999998 0.0 0.33716568 0.11037731 1.0
13 0.0012844029 0.097437754 0.36784804 0.42803990000000003 0.6165038
1 0.0012752538000000001 0.56024593 0.23465824 0.77993876 0.7264456
9 0.0012684222 0.08438821 0.33513716 0.26891940000000003 0.7137998000000001
3 0.001268418 0.5435111 0.36629763 1.0 0.82954204
7 0.0012679752 0.0 0.22055636 0.17710224 0.96680003
4 0.0012678569 0.053624927999999995 0.37403172 0.27876174 0.7403266
3 0.0012667316 0.032013394 0.04716243 0.17239377 0.40986000000000006
2 0.001258706 0.1297524 0.2131939 0.36961550000000004 0.7759696
12 0.0012581286 0.023697946 0.13722998 0.14264089 0.7754869000000001
7 0.0012577329 0.047750324000000004 0.29619157 0.5961859 1.0
1 0.0012446751 0.35419542 0.35844335 0.5054797999999999 0.958548
4 0.0012408085 0.10895549 0.35714942 0.44381590000000004 0.95606583
6 0.0012312797 0.0 0.7852385000000001 0.40570393 1.0
12 0.0012252596 0.0 0.3920857 0.22484596 0.73451996
9 0.0012207464 0.4051405 0.33602166 0.5389049 0.9627184000000001
3 0.001219163 0.014072567 0.0003410975 0.13820045 0.20183606
7 0.0012177845 0.0 0.36783692 0.40374887 1.0
4 0.0012147679 0.0 0.44686392 0.18252224 0.71292865
4 0.0012117927 0.017385557 0.0 0.14991044 0.56950265
3 0.0012068489999999999 0.57051504 0.36749735 0.78358257 0.71905655
8 0.0011987089 0.40630054 0.26383215 0.7034097 0.5639675000000001
8 0.0011952076 0.024687357000000004 0.72689736 0.16968104 0.99800473
4 0.0011945663 0.21732399 0.26921454 0.54935825 0.5780363000000001
3 0.0011935408 0.019099854 0.18899706 0.1762088 0.46506205
8 0.001185989 0.35036427 0.0 0.6745021 0.9626551999999999
13 0.0011759776 0.056339442999999996 0.41250816 0.2564006 0.7646097
4 0.0011759085 0.36000693 0.35943127 0.5313983 0.9446818000000001
13 0.0011746738 0.007634647 0.3687999 0.16812468 0.73925054
8 0.0011670714 0.3572683 0.30466570000000004 0.57992154 0.7342903000000001
1 0.0011545476 0.60945195 0.17008612 0.7506724 0.8042630000000001
8 0.001150041 0.19025719 0.09255147 0.37779498 0.7365727
9 0.0011429032 0.07139089 0.11979474 0.21075189 0.63854223
9 0.0011370106 0.036285236 0.029994222999999997 0.39954054 0.63347137
12 0.0011246052 0.123967625 0.13362885 0.25528809999999996 0.8700783000000001
8 0.0011211489 0.36957670000000004 0.049607173 0.8498336 0.7301928000000001
3 0.0011105 0.084304005 0.08618193 0.4092305 0.4598005
3 0.0010974541000000001 0.010549135500000001 0.04462462 0.1067355 0.40307796
4 0.0010862148 0.38859355 0.70567256 0.619696 0.9627642
2 0.0010848246 0.11546746 0.32324013 0.60778964 1.0
5 0.0010830217999999998 0.037820607 0.35367024 0.41038263 0.6237229000000001
9 0.0010827673 0.1703521 0.28692895 0.70676947 0.9540860999999999
