8 0.039900463 0.15280326 0.36641255 0.4728018 0.6370924
3 0.034213073999999996 0.2098027 0.4076474 0.5437604 0.6425751000000001
3 0.027084721000000003 0.19531979 0.5323604000000001 0.6926749 0.96131486
3 0.023947066 0.14641526 0.42352614 0.43913588 0.6691033000000001
8 0.022185262 0.14310196 0.34129652 0.3792719 0.73568845
3 0.021726815 0.55536705 0.34902849999999996 0.8151184 0.6246019
3 0.01768454 0.28163296 0.5231202 1.0 0.92822576
3 0.0154576395 0.42495259999999996 0.35555434 0.9620025 0.8753037
3 0.013455275 0.17993316 0.68848544 1.0 0.93482304
3 0.013202715 0.21072705 0.45563117 0.5425854 0.722332
3 0.0126463445 0.21719481 0.45756949999999996 0.5781748999999999 0.8781145
3 0.012419408 0.28645697 0.8120081 0.73112535 0.95138943
8 0.012401011000000002 0.15739322 0.21936147 0.3291866 0.82416
3 0.011733913 0.58390534 0.34944275 0.78103566 0.72685206
8 0.011526575 0.08667447 0.29838377 0.46123230000000004 0.9383367
8 0.011280638999999999 0.11988781 0.27388954 0.32034070000000003 0.7035258000000001
8 0.01085924 0.54676926 0.22039278 0.71601844 0.7406008000000001
8 0.010786553 0.087852195 0.3553417 0.36259758 0.63556916
8 0.010219078000000001 0.1349251 0.11122346 0.64902973 0.95062333
3 0.009151578 0.48638314 0.3834232 0.76907974 0.64540225
8 0.008481848 0.08463386 0.610892 0.79297745 1.0
8 0.008222083 0.17153482 0.44407436 0.48037452 0.7455869
3 0.008129077 0.299638 0.350382 0.8180318 0.86277485
3 0.0074534216 0.12306917 0.46295559999999997 0.48387313 0.9043583000000001
3 0.007444716 0.09430128 0.45256498 0.39632052 0.7020968000000001
3 0.0070399926 0.28039205 0.40573645 0.6501083000000001 0.8553898000000001
3 0.0067841145 0.15823008 0.32933629999999997 0.64460856 0.8937875
8 0.006739113000000001 0.123204194 0.24459589999999998 0.272045 0.8250854
3 0.006727063 0.26219976 0.2765347 0.8625078000000002 0.7208312
3 0.0066043740000000005 0.7738781 0.24546048 1.0 0.8897607
8 0.0063696790000000005 0.29870367 0.10207118 0.7853458000000001 0.9639117
3 0.0062952503 0.11382675 0.5916716 0.8543761999999999 0.9420658000000002
3 0.006089444300000001 0.5314354 0.41759828 0.93092775 0.9406817
3 0.0059979586 0.34366685 0.7504276 0.6729116999999999 0.93827754
8 0.00564607 0.07604624 0.30852675 0.27001679999999995 0.723364
8 0.005621648000000001 0.10432099 0.36971188 0.30397832 0.7837531
8 0.0055177156000000005 0.25822246 0.0 0.6077566999999999 0.9936286
3 0.005491884399999999 0.22933976 0.697495 0.6804568 0.9275468000000001
8 0.004703773 0.19286439 0.21483329 0.53587115 0.9424551
3 0.0046986477 0.74067044 0.30735419999999997 0.90882087 0.84222287
3 0.004679249 0.38101667 0.5036581 0.5858213000000001 0.8956494
3 0.0045938967 0.6231024000000001 0.24223535 0.9190712999999999 0.50990915
3 0.0045499573 0.53662515 0.37132153 0.730826 0.7172208999999999
3 0.0045033963 0.77733266 0.3930011 1.0 0.80176383
8 0.004123353 0.13772048 0.80099297 0.56610584 1.0
8 0.0039518317 0.5163774 0.357018 0.7278634 0.7771151999999999
3 0.003931787 0.18064049 0.29630142 0.3763121 0.739192
8 0.0038697717 0.71721894 0.0 0.9406393 0.94575006
8 0.0038433357 0.1922912 0.17803474 0.37658787 0.8016654999999999
8 0.0037366012 0.47531759999999995 0.3057135 0.75303197 0.5934818000000001
3 0.0036554404 0.60749257 0.26962253 1.0 0.87113047
8 0.0036513215999999997 0.47574849999999996 0.25459513 0.68010837 0.6372276
3 0.0034931283 0.05530542 0.66520673 0.6054639 0.9409105999999999
8 0.0034536428 0.12114291 0.0 0.4320094 0.97557
3 0.0034161971 0.30830938 0.48332299999999995 0.594637 0.8003891
3 0.003295073 0.013540789499999999 0.31393436 0.19131155 0.62005025
3 0.003266174 0.37561494 0.2378585 1.0 0.7052794
4 0.0032447851 0.31036990000000003 0.7962521 0.64677936 0.9605849
8 0.0032320240999999996 0.35783738 0.1848099 0.68093866 0.97547746
8 0.0031426507 0.5133435000000001 0.096220285 0.66443473 0.6953458
3 0.0030184744 0.7366868000000001 0.056946993 0.8877084000000001 0.43367288
3 0.0030177995 0.382249 0.2343405 0.7510328000000001 0.83349776
8 0.0029241631 0.0006994903 0.043246165 0.36583190000000004 0.9485502
3 0.0029157978 0.65966535 0.8065954000000001 1.0 0.9551374
8 0.0029078384000000004 0.14626494 0.6405554 0.54597616 1.0
3 0.002870594 0.023101017 0.36860505 0.24899264 0.64301664
1 0.0028381128999999997 0.08868092 0.36610758 0.4096833 0.6679274000000001
4 0.002822276 0.20139316 0.38498136 0.511659 0.62741333
8 0.0027753026 0.012760252 0.20606245 0.60389936 0.8482718
3 0.002761828 0.02212146 0.23873462 0.1952927 0.5313185
8 0.0027095864 0.11893830000000001 0.46127906 0.6974579000000001 0.96445084
3 0.0026453806 0.13492727 0.32367197 0.31880993 0.7552234
8 0.0026111293 0.0 0.6142558000000001 0.48832038 1.0
3 0.002564427 0.8300451999999999 0.32653263 1.0 0.7235488
8 0.0024835747 0.25457440000000003 0.79145753 0.6841837 1.0
8 0.0024376998 0.06345984 0.40597218 0.25010085 0.86802006
4 0.0024333692 0.21699125 0.6463626 0.9360414 0.9366918
8 0.0024116226 0.22624803 0.34160042 0.45580983 0.80617905
8 0.0023157392000000003 0.4642231 0.08448318 0.8757474000000001 0.9287936
4 0.0022381293 0.23298676 0.3313003 0.6894285 0.9709866
3 0.0021819283999999998 0.67015135 0.19565831 0.86846554 0.57148635
3 0.0021688412 0.75574934 0.25720352 0.97098505 0.66095066
3 0.0021449679999999997 0.08760144 0.37190905 0.522537 0.82539123
4 0.0021160976 0.11706109 0.30337070000000005 0.552941 0.92100126
4 0.0021155782 0.25565234 0.40378264 0.55847 0.6760699
3 0.0019748046 0.21570748 0.13672304 0.8689268 0.59446317
9 0.0019528276999999999 0.22379316 0.33601582 0.48939520000000003 0.6674452
8 0.0019319729999999998 0.009190112 0.3640627 0.27864459999999996 1.0
8 0.0019207876000000002 0.34145194 0.29212564 0.5188119000000001 0.9178501
3 0.0018865103 0.06665446 0.46419397 0.33239865 0.816387
3 0.001839325 0.29953355 0.6549484999999999 0.60107374 0.9360428
3 0.001808184 0.02258125 0.2804124 0.27994159999999996 0.5607627
3 0.0017537894 0.8049705 0.10177114599999999 1.0 0.60504687
8 0.0017127582999999999 0.47997510000000004 0.28564027 0.78128934 0.9986693000000001
8 0.0017036225 0.7457756 0.36877948 0.9504296999999998 0.81587017
8 0.0016618866 0.69153935 0.77588236 0.9824596 0.9936714
8 0.001649118 0.60241866 0.0 0.88972497 0.9207329
9 0.001637651 0.1313395 0.3484764 0.42611712 0.6556860999999999
3 0.0016373618 0.39859859999999997 0.35672209999999993 0.6697963 0.6969755
8 0.0016024404 0.72376645 0.26855308 0.86944246 0.8742693000000001
8 0.001595796 0.22443552 0.72471416 0.51758546 1.0
6 0.0015475978 0.14284502 0.42267078 0.4978575 0.70476705
8 0.0015451679000000002 0.43579036 0.0 0.7496727 0.9635671999999998
3 0.0015265126999999999 0.26653194 0.23390251 0.65421796 0.7930772
3 0.0014845129 0.47755677 0.48636946 0.7279858 0.8359639000000001
8 0.001478816 0.0 0.24842712 0.14422664 0.56561595
3 0.0014769248000000002 0.48454204 0.19694604 0.83305013 0.8643973
8 0.0014740594 0.51977545 0.38603345 0.6727137 1.0
9 0.0014680526999999999 0.19721451 0.3221969 0.39320412 0.7201313
3 0.0014636897 0.22752583 0.30839533 0.43236995 0.7375264
8 0.0014178164999999999 0.0 0.30374447 0.13462746 0.7476761
3 0.0014126534 0.53422964 0.67647886 1.0 0.94950706
8 0.0014007478 0.0 0.00991975 0.23380409 1.0
4 0.0013927444 0.30133548 0.7166802 0.5440116999999999 0.96726894
4 0.0013913854000000001 0.10672672 0.38850448 0.43925172 0.6242996999999999
8 0.0013910429999999998 0.0 0.40086833 0.23864114 0.70196897
7 0.0013706884 0.15401632 0.350007 0.51956266 0.7063915
3 0.0013635435999999998 0.020682171000000003 0.21588649 0.17396946 0.7347241999999999
8 0.0013530436 0.7285599 0.29838836 0.9244583000000001 0.7296416
3 0.0013463938 0.7170976 0.13194953 0.86099905 0.682103
4 0.0013443689000000002 0.21987998 0.4758741 0.50900954 0.73063403
9 0.0013374039000000001 0.15510097 0.24867979999999998 0.37078968 0.6619573000000001
3 0.0013216669 0.81389165 0.14540346 0.9973530999999999 0.44492584
3 0.0013142729 0.5360345000000001 0.47467795 0.74433416 0.94884574
1 0.0012896016 0.5086072 0.25928444 0.7342529999999999 0.7338818
8 0.0012891535 0.38551706 0.4113732 0.81336707 0.96514636
13 0.001285482 0.10852077 0.4157071 0.30124673 0.78506327
8 0.0012839993 0.47968698 0.12925103 0.63398135 0.7406805000000001
8 0.0012696794 0.3690915 0.30499902 0.64628994 0.5872496
13 0.0012624047 0.16386843 0.35773182 0.37961469999999997 0.72600013
1 0.0012612305999999999 0.13551985 0.29514128 0.34525370000000005 0.6847723000000001
3 0.001255891 0.69289 0.47889566 1.0 0.92091644
4 0.0012421787 0.36585516 0.3814307 0.5267861 0.94142026
8 0.0012283262 0.73232275 0.00901005 0.97648674 0.6190836999999999
11 0.0012164621 0.18024987 0.35828754 0.37770212 0.748949
4 0.0012140226 0.44635472 0.64648944 1.0 0.9590346
4 0.001201715 0.18499233 0.3629123 0.39422446 0.71886295
3 0.0011928026 0.7125126 0.27442002 1.0 0.7505643
4 0.0011719837 0.37488067 0.6875165 0.60935384 0.9516329
1 0.00117112 0.12192565 0.4212805 0.41977423 0.74622285
4 0.0011666241 0.25512058 0.652904 0.607997 0.9497633
8 0.0011633916 0.28077346 0.37086833 0.51479393 0.84776765
3 0.0011608433 0.07430138 0.340696 0.32885253 0.67322665
8 0.0011597247 0.12105736 0.089347206 0.7790456 0.7079513000000001
4 0.0011545197 0.33491895 0.42511722 1.0 0.95124775
8 0.0011435262 0.38123184 0.29395809999999994 0.5966198 0.7372401999999999
8 0.0011333259 0.77784336 0.24641265 0.9593636999999999 0.6734787
3 0.0011323654 0.7703991 0.06669966 1.0 0.41606203
11 0.0011283975 0.2062792 0.40339935 0.5007467000000001 0.6691245
6 0.0011191446 0.16445746 0.507311 0.53333205 0.80861133
7 0.001107745 0.13387369 0.33485827 0.4300282 0.78848237
3 0.0011051395 0.6981821 0.33389315 0.99247885 0.61196643
4 0.0011046053 0.3074527 0.094985485 0.7346355999999999 0.9247945
12 0.0010952586 0.17896262 0.33925954 0.37391332 0.8577864
12 0.0010892747 0.60665417 0.18278016 0.7379228 0.8534155000000001
3 0.0010873651 0.6493249 0.40804255 0.8797785 0.7777170999999999
8 0.0010668666999999999 0.0 0.21959168 0.31691998 0.8671431000000001
13 0.0010648704 0.06604244 0.48562235 0.26184708 0.8487077
8 0.0010519752 0.02933371 0.62846357 0.30796766 1.0
4 0.001038745 0.25503254 0.5016248999999999 0.7734354999999999 0.9450601000000001
3 0.0010366115 0.5503956999999999 0.16722399 0.86965454 0.71406573
8 0.0010351306 0.0 0.09334384 0.14107245 0.8327454
8 0.0010187589 0.589883 0.115214005 0.8915283000000002 0.7143489000000001
6 0.0009906455 0.1505977 0.40165007 0.41374195 0.8104009
1 0.0009751381599999999 0.55176413 0.19047152 0.6978544 0.7870617
4 0.0009665705 0.27196974 0.17387147 0.584432 0.9198709
4 0.0009639245699999999 0.45702702 0.12474242599999999 0.9072334000000001 0.9397885
3 0.0009630786999999999 0.6418786999999999 0.15792759 0.91706014 0.6674287
9 0.0009520660000000001 0.29900175 0.82632434 0.5948274 1.0
9 0.00094226265 0.57594025 0.20138791 0.7204673 0.73252404
3 0.0009369787300000001 0.83497185 0.23796394 1.0 0.6227558000000001
3 0.0009341356300000001 0.045926377000000004 0.19474132 0.3823259 0.8466654
3 0.0009255928 0.4587678 0.50271636 0.67747223 0.9687101999999999
8 0.0009213491 0.6373 0.039928067000000005 0.9165982 0.5327385
3 0.0009165442300000001 0.16056071 0.1609122 0.63647574 0.71800166
8 0.00090613315 0.0 0.047086502999999995 0.586069 0.59191793
8 0.0009058225 0.0 0.0 0.03846708 0.17605257
9 0.0009020672300000002 0.09855662 0.297462 0.31339407 0.6897413
9 0.0008998296699999999 0.19619998 0.17542379 0.34723046 0.7263293000000001
6 0.00089205004 0.2503263 0.86612535 0.56237257 1.0
3 0.0008865158999999999 0.1532529 0.025147147 0.8511383 0.2928245
8 0.0008844160000000001 0.79825985 0.22936484 0.96190596 0.9646267
3 0.0008836151 0.064670265 0.08488736 0.5059486 0.52804774
12 0.00088078156 0.21830994 0.35480273 0.47954315 0.73089075
13 0.0008805241000000001 0.17507058 0.3854861 0.49452609999999997 0.64385784
8 0.00085893966 0.0018490814000000002 0.12636657 0.07249585 0.7847398
8 0.00085591024 0.24025804 0.5668884 0.48742366 1.0
6 0.0008536419 0.039787800000000005 0.38863528 0.44604862 0.7128223000000001
1 0.0008526786 0.46492955 0.27290290000000006 0.78505445 0.6218534
1 0.0008488780599999999 0.13683942 0.30490065 0.43672767 0.589596
13 0.0008447089 0.23169151 0.82893753 0.62960887 0.9824626000000001
12 0.0008436422999999999 0.19591819 0.23121323 0.32283783 0.93324554
9 0.0008377978999999999 0.48455470000000006 0.30530825 0.7844051999999999 0.6010023
9 0.0008374405400000001 0.26491106 0.68602353 0.7595351 0.9858701999999999
8 0.0008317905599999999 0.21475226 0.22393441 0.4517647 0.6518153
3 0.0007951075 0.82854456 0.40571395 1.0 0.9059117
3 0.0007872958 0.65968037 0.10476742 0.87151515 0.45367903
3 0.00077928405 0.30039203 0.32678312 0.60908085 0.6538099
4 0.0007749982000000001 0.20264578 0.30060154 0.42737567 0.6661862
3 0.0007747325599999999 0.057276785 0.10593613 0.3685627 0.6051904
8 0.0007707551700000001 0.0 0.052273683 0.33749664 0.40339962
8 0.0007689572 0.67350787 0.06393904 0.81519574 0.66971266
2 0.0007654113999999999 0.15265898 0.33800759999999996 0.5052481 0.75688565
4 0.00076498586 0.27940288 0.38356298 0.50609195 0.81181467
12 0.0007612604 0.121475905 0.33377070000000003 0.38464376 0.7279385
3 0.0007558067 0.04867463 0.037325222000000005 0.50268203 0.34762815
8 0.0007554462599999999 0.32518417 0.40589288 0.48650283 1.0
6 0.00075493916 0.0 0.43808505 0.6302393000000001 1.0
7 0.0007506627 0.14318223 0.4187088 0.5643243 0.77792466
3 0.00074468105 0.40810588 0.12163191 1.0 0.5999876999999999
8 0.00074011076 0.055437595 0.05820485 0.55233204 0.46520913
8 0.0007347039599999999 0.44240078 0.38859507 0.6524208 0.86300546
13 0.0007324283400000001 0.09745228 0.398548 0.41399145 0.6576684
2 0.00072921027 0.5793 0.06625674 0.7109813 0.87651414
3 0.00072421733 0.41961396 0.6394909000000001 0.7715868 0.9414087999999999
8 0.00071947364 0.6515082 0.31907082 0.8413098 0.76765186
8 0.0007161837400000001 0.004426837 0.056529786 0.6418576 0.33658826
9 0.0007123363 0.22694303 0.44391835 0.4659844 0.7501534000000001
13 0.0007110764999999999 0.18526505 0.23945342 0.33604276 0.7137161999999999
3 0.0007102831 0.24626642 0.039473906 0.9599584999999999 0.37505520000000003
6 0.00070785166 0.45174825 0.37648135 0.8754153 0.65623075
8 0.0007045404 0.021002457000000002 0.46524858 0.37773520000000005 0.9863754000000001
9 0.0007026374 0.10206696400000001 0.3056138 0.4050828 0.58639234
8 0.00070163683 0.77295953 0.13103779999999998 0.9638434000000001 0.55404395
3 0.00069759175 0.19265343 0.06348671 0.4316923 0.54638034
13 0.0006972496 0.18787988 0.49588236 0.51391846 0.74475384
8 0.0006966325500000001 0.0 0.07737221 0.21516761 0.5026808
9 0.0006921416000000001 0.07565369 0.3800868 0.36016876 0.6671441
7 0.0006908217999999999 0.038050786 0.34075144 0.4624406 0.68581975
3 0.0006904061999999999 0.012759801000000001 0.09391594 0.10216932 0.6135684
8 0.00068672246 0.52290463 0.20102859 0.83356977 0.48462138
2 0.00067997724 0.14520004 0.24264823 0.36680707 0.85635155
8 0.0006763359 0.48755909999999997 0.32002375 0.6400553000000001 0.93671197
4 0.00066979823 0.21897434 0.300502 0.5547671999999999 0.5864775
11 0.0006695493 0.14576761 0.40534359999999997 0.41491179999999994 0.6699253000000001
9 0.0006581461999999999 0.25729483 0.37706745 0.60306025 1.0
1 0.0006519103 0.14656001 0.1937108 0.30907209999999996 0.7677396
8 0.0006503329 0.06708987 0.026977487 0.5095501 0.7019055999999999
8 0.0006470592299999999 0.8458015 0.22559291 0.9800302 0.69497025
8 0.0006469429 0.6040489 0.138231 0.8034111999999999 0.5566776999999999
2 0.00064607273 0.56839925 0.23617129999999997 0.7488689000000001 0.7930103000000001
8 0.00063973176 0.16355518 0.01941318 0.33883579999999996 0.6357359
8 0.00063874794 0.191801 0.021280208999999998 0.65505713 0.5580723000000001
9 0.0006381726 0.30486608 0.76741135 0.50787413 1.0
4 0.00063805253 0.43839094 0.21574293 0.7737175000000001 0.95070404
8 0.00063328614 0.6200551 0.08516947 0.77350676 0.7072995
13 0.0006287576000000001 0.5410345999999999 0.35516775 0.772473 0.7133965999999999
12 0.0006283458 0.2038399 0.6738151 0.79519606 1.0
9 0.0006274647 0.14327519 0.24710052 0.2939785 0.7627539000000001
9 0.0006211299 0.30171898 0.17000504 0.682845 1.0
1 0.00062100106 0.1581867 0.6381611 0.7023071 0.92494226
3 0.00061941746 0.037962034 0.07929412 0.25199770000000005 0.59558076
13 0.00061550224 0.22297168 0.43079948 0.54397136 0.67372924
3 0.0006126631 0.682966 0.16243728 1.0 0.61244196
1 0.00060955837 0.0 0.308825 0.4498655 0.88149613
1 0.00060944917 0.45756778 0.2438203 0.6822497 0.6842597
8 0.0006076485 0.31058472 0.023896733 0.8032597 0.42892748
3 0.0006073226 0.50544393 0.22609547 0.68021584 0.7181449000000001
2 0.0006070418 0.1300922 0.65915364 0.8766480999999999 1.0
3 0.0006056039 0.65422666 0.09405676 0.9477482 0.37184832
2 0.0006025662 0.5420578 0.27341366 0.7994836999999999 0.6318619000000001
11 0.0006021728599999999 0.2560299 0.43771735 0.56505436 0.7133801
4 0.0006009175 0.732301 0.79828435 1.0 0.9696752000000001
13 0.00059701345 0.1255905 0.5195435 0.6848806 0.94998944
8 0.00059314765 0.24389982 0.08850781 0.41115618 0.7485174
11 0.0005885928 0.18412948 0.23102179999999997 0.32723093 0.7472154000000001
3 0.0005884933599999999 0.007045068000000001 0.23385078 0.10176461 0.7832474
2 0.0005832888 0.16215448 0.8171989000000001 0.5353551 1.0
4 0.000580436 0.058739603 0.4196724 0.38807943 0.6653083000000001
4 0.00057694875 0.17457122 0.24819173 0.86339754 0.8825940000000001
8 0.000576637 0.7050128999999999 0.018537918 0.8812084000000001 0.41200649999999994
8 0.0005761693 0.7077866999999999 0.20799433 0.90577066 0.6292088
8 0.0005745408000000001 0.61852926 0.2708955 0.8950940000000001 0.5759171
6 0.00057119154 0.52765256 0.37510148 0.7975802 0.79408205
1 0.00057092815 0.3944962 0.6473285 0.81252074 0.9311724
9 0.000568036 0.04315065 0.32184356 0.34594226 0.61607003
6 0.00056781474 0.0758636 0.75885445 0.7710295 1.0
9 0.0005662390000000001 0.24174055 0.27717379999999997 0.43429026 0.719997
8 0.0005656512 0.5621084 0.6135909 0.9213178 0.98670715
8 0.0005587986 0.0 0.07042856 0.3186587 0.60216236
3 0.00055484934 0.523414 0.068206616 0.96825707 0.42819718
4 0.0005529603 0.39089411 0.22543356 0.55023015 0.8783793
13 0.00055197714 0.041460574 0.43086019999999997 0.35687733 0.691103
3 0.00055191544 0.31492066 0.5575015 0.70944095 0.82302135
12 0.0005502671700000001 0.57046986 0.22538424 0.6997726 0.89781106
8 0.0005502135 0.0 0.052588332 0.076670095 0.5022629
3 0.00054703496 0.16044235 0.033644754 0.7201054 0.42063504
12 0.00054502004 0.09928334 0.26934043 0.62457925 1.0
8 0.000544931 0.44091853 0.014421516 0.8479595 0.5721411
2 0.0005448643 0.10184157 0.302958 0.42073069999999996 0.72080225
1 0.00054262945 0.14482445 0.09345905 0.41822684 0.8260851999999999
13 0.00053955667 0.01752466 0.4109834 0.5536871 0.94270897
4 0.0005379369 0.5785786999999999 0.3403232 0.8096 0.7217568
9 0.0005371578 0.4999929 0.25057393 0.7072609000000001 0.64454347
9 0.0005366422699999999 0.18381068 0.45502058 0.5422292 0.96358514
9 0.0005359693 0.12515387 0.38596779999999997 0.32773566 0.7429142
8 0.00053248095 0.5054873 0.020944025 0.89477324 0.4224656
12 0.0005310054400000001 0.11258861 0.29053795 0.28916898 0.8158988
12 0.00052759954 0.16002192 0.23151156 0.28099617 0.96033025
13 0.00052463 0.13979594 0.28414459999999997 0.28947459999999997 0.7645881999999999
