3 0.09388768 0.013565406 0.4578939 0.17424868 0.76331025
8 0.07727081 0.067000695 0.28634775 0.23856789 0.9371691999999999
8 0.07605930400000001 0.07914271 0.5166609999999999 0.24961251 1.0
8 0.07039287 0.024544366 0.39275473 0.19565949 0.86526614
3 0.06104223 0.020377107 0.4915871 0.24319610000000003 0.83732533
8 0.058518913 0.015072182 0.25485638 0.16613992 0.9708230999999999
2 0.05801431 0.0 0.44023429999999997 0.17840391 0.7330174
8 0.05150126 0.061431497 0.44015956 0.27476972 0.883619
13 0.049609117 0.010627121000000002 0.48391458 0.16678366 0.7850252
3 0.04866717 0.04956115 0.377345 0.28856704 0.80551213
8 0.046832162999999996 0.038813084 0.54968613 0.18769965 0.9952071
8 0.04285013 0.023832053 0.5264076999999999 0.22181088 0.8247169
3 0.04261771599999999 0.6275504 0.64378005 1.0 0.9815412
8 0.040176556 0.00057436526 0.059543505 0.18742143 1.0
3 0.039545488 0.005839035 0.3502844 0.17834865 0.8915314000000001
3 0.038664147 0.0034318343 0.41004315 0.18259424 0.68078357
1 0.036201023 0.009961061 0.4454856 0.18144736 0.76677614
3 0.03532426 0.07661293 0.45732525 0.25596833 0.9684021999999999
1 0.033270127999999996 0.032285348 0.3937352 0.24016725 0.86063325
7 0.031764142 0.0008868872999999999 0.4646099 0.18867391 0.7634704999999999
2 0.03152934 0.0 0.34836999999999996 0.19617493 0.81083614
6 0.031295452 4.1350722e-06 0.45288944 0.2047278 0.8456440000000001
2 0.031068402999999998 0.0 0.33176708 0.16942587 0.6292726
8 0.0297673 0.608173 0.62489563 0.9256890999999999 0.9700453000000001
7 0.029623298 0.0043028668 0.39133320000000005 0.21366078 0.86187404
3 0.029201986 0.031289138 0.49461976 0.19572818 0.99971604
8 0.028998949 0.014932215 0.35382420000000003 0.16194035 0.70123196
12 0.028855462000000002 0.010869756000000001 0.45876727 0.17805515 0.7535071999999999
9 0.028148746000000002 0.0044683367 0.47056934 0.19002368 0.767964
9 0.027477454 0.014355183 0.37748587 0.20586674 0.85970366
5 0.027128423 0.0 0.42523876 0.16844681 0.71976423
1 0.026778705 0.06902831 0.21818317 0.20724800000000002 0.8097747
2 0.02594141 0.0 0.21591301 0.14922294 0.8433035
13 0.025745063999999998 0.025336242999999998 0.39675972 0.16766328 0.669324
3 0.025181377 0.7314414 0.6026766 1.0 0.9017264000000002
8 0.02482183 0.032341957000000005 0.04347526 0.20647411 0.72533643
11 0.024461572999999997 0.0 0.46589163 0.20148773 0.82631546
8 0.023891715 0.47967955 0.41366909999999996 0.70887744 0.7982180999999999
3 0.022675272000000003 0.04013227 0.5442286999999999 0.30667222 0.9480465
3 0.021991305 0.34675065 0.5856380999999999 1.0 0.95608246
12 0.021407606000000003 0.02780667 0.38373253 0.18793656 1.0
1 0.021166634 0.040710486000000004 0.3040022 0.25362049999999997 0.734064
13 0.020852726000000002 0.005062595 0.48541865 0.26567240000000003 0.8585615
8 0.020485686 0.014584534 0.3113083 0.22857645 0.771035
3 0.020312745 0.55350864 0.5055606 1.0 0.9228231
1 0.020214768 7.086246999999999e-05 0.28177664 0.15447864 0.89610684
11 0.020100556000000002 0.0 0.38070378 0.14647734 0.8599326999999999
10 0.019941522 0.0 0.46134314 0.17149928 0.78748226
7 0.019335546000000002 0.0014237612 0.48985133 0.27995902 0.83860534
10 0.019282108 0.0 0.39457136 0.19843787 0.8727048000000001
13 0.01904559 0.006763689 0.30921188 0.16022834 0.86041546
3 0.01874781 0.5034090999999999 0.43280640000000004 0.7467602 0.69457895
12 0.018705506 0.057816482999999995 0.2179341 0.20188001 0.8380375
8 0.018358558 0.013413861000000001 0.5544273000000001 0.15484531 0.89082783
3 0.018208545 0.0 0.33820802 0.21087193 0.7361663
7 0.01811036 0.023441657 0.49585 0.23182826 1.0
8 0.018104883000000002 0.016296975 0.057921875 0.2570269 0.49439245
11 0.017924014 0.052262752999999995 0.32848940000000004 0.22199419 0.81780803
8 0.017535508 0.7322564 0.6380539000000001 0.96878326 0.9797016
1 0.017113013 0.03530606 0.20444089 0.1782589 0.7704671
2 0.017034138 0.052041553 0.043600797999999996 0.19760919 0.8135756
8 0.017012997 0.0013393164 0.14587003 0.13939944 0.8823576999999999
3 0.016854998 0.02604191 0.12342625 0.25637054 0.89576775
8 0.016666546 0.0091341585 0.12444205 0.23100357 0.6075971
5 0.01631282 0.0 0.36738566 0.19303453 0.8111868
6 0.01591643 0.036597088 0.5977508 0.18971746 0.95742404
9 0.015797038 0.06554114 0.23595949 0.23561546 0.83350646
13 0.015736114 0.06810018 0.48211208 0.24115449 0.9337478000000001
12 0.015449866999999999 0.040738128 0.49123913 0.23977005 0.8614325999999999
8 0.0154062295 0.0 0.07865948 0.2544799 0.7988385
3 0.015303251 0.53332 0.4524113 0.7202029999999999 0.80740523
7 0.015171638999999999 0.016944468 0.3854362 0.29577875 0.9559491
8 0.014341488000000001 0.027334787000000003 0.053887155 0.19374907 0.38646263
1 0.014303334 0.014293358 0.49727672 0.18406735 0.97422993
7 0.014276307 0.01111228 0.55559593 0.19775116 0.8943097
8 0.014128126999999999 0.60046667 0.19411346 0.9452309999999999 0.89118874
13 0.0140915485 0.022351407 0.5025199 0.19087604 0.9919293
8 0.013990351000000002 0.065252915 0.45421239999999996 0.48126227 0.9847870000000001
4 0.013857398 0.004888609 0.45631722 0.17363814 0.7628305000000001
13 0.013550046000000001 0.025141 0.40338495 0.2781785 0.776541
9 0.013503936999999999 0.02682589 0.17219748 0.20061822 0.7840857
6 0.013338461000000001 0.022564225 0.55593413 0.251406 0.82799375
3 0.013229732 0.28041062 0.54285604 0.7736083 0.9296194
5 0.013196336999999999 0.0 0.43080106 0.22660212 0.9147822
3 0.013092918 0.061700344000000004 0.6423972 0.74357593 0.9603261999999999
13 0.012988133 0.038547404 0.2324538 0.19510916 0.7417935
13 0.012852489 0.06961039 0.3168683 0.24231455 0.8269966000000001
11 0.012836462 0.002479665 0.44169828 0.18114331 0.9916364
8 0.012746829 0.0033131093 0.44900280000000004 0.29072964 0.73633546
8 0.012695969 0.4897125 0.38018897 0.9380468000000001 0.9117013
3 0.012683159 0.43779442 0.44664785 0.69297886 0.6937914000000001
9 0.01266195 0.02569867 0.45691544 0.2609862 0.91232026
3 0.012581876499999999 0.08083278 0.03477078 0.40716365 0.34373054
3 0.012545463 0.70058644 0.41234484 1.0 0.89488614
3 0.012512182 0.057350755 0.13488919 0.29508272 0.5224095999999999
8 0.012176226000000002 0.0110529475 0.48782074 0.12475708 1.0
11 0.012055853 0.020453215 0.31692743 0.1847581 0.7585081
3 0.012027275 0.15148056 0.5222645 0.6574031 0.93933946
6 0.01190948 0.0 0.33737946 0.18253317 0.92309123
8 0.0115694245 0.0 0.3356287 0.10809263599999999 0.83675236
8 0.011451905 0.70966077 0.56241995 0.9832125 0.9001504000000001
5 0.011403298000000001 0.011288553500000001 0.33255082 0.16510656 0.66368073
12 0.0113521125 0.099971324 0.3084533 0.23613352 0.89749974
10 0.011335086999999999 0.048282385 0.44370356 0.30185458 0.88115066
6 0.011238986000000001 0.0 0.38452852 0.19483446 0.7057688
3 0.011230087 0.051135957 0.063419715 0.31357935 0.69523317
3 0.011158939 0.054909438 0.24329348 0.3573866 0.81169724
8 0.011015713 0.49233058 0.45304564 0.6817996000000001 0.97654396
8 0.010990413999999999 0.20036802 0.48587915 0.64425874 0.9628568000000001
3 0.010886215 0.045103356 0.46103033 0.38810712 0.7873178000000001
9 0.01087842 0.009631886999999999 0.40066999999999997 0.18101043 0.6909234999999999
2 0.01060081 0.0 0.5386064 0.18377687 0.8809
4 0.01048744 0.79159534 0.6695013000000001 0.9982554 0.93689984
11 0.010469209 0.0 0.43414129999999995 0.16833570000000003 0.67742205
12 0.010435709 0.012391433 0.5827292 0.16416144 0.86647534
11 0.01031899 0.0 0.5529934 0.26741713 0.8047807
2 0.010193942 0.061752304 0.18115993 0.21901073 0.9823276
7 0.0101869665 0.0025235638 0.3641185 0.20150027 0.7058061999999999
2 0.010186179 0.026999733999999997 0.2264426 0.24400067 0.74393755
3 0.010054057 0.042114288 0.043516688 0.32490855 0.31487888
3 0.010043564 0.08260591 0.03970223 0.39213103 0.60343754
3 0.009811451 0.0 0.47751057 0.15316248 0.96197397
10 0.009761456 0.004517548 0.28247368 0.15654993 0.9516186
9 0.009719135 0.02179759 0.3382996 0.26306957 0.7683389
4 0.00971377 0.010861121000000001 0.37699738 0.19285071 0.83576304
8 0.009518641999999999 0.0 0.096549325 0.15771668 0.5351760999999999
11 0.00942844 0.0 0.47780085 0.22802270000000002 0.7132335999999999
2 0.0093193175 0.0 0.44819382 0.26404887 0.78096914
3 0.009298973 0.017339244 0.6227815 0.24457885 0.95670617
8 0.009111093 0.020526677 0.37742946 0.304989 0.99444526
8 0.0091101 0.7117883 0.5965944000000001 0.8920773000000001 0.99612033
3 0.009075118 0.7825599 0.70560485 1.0 0.956992
12 0.008988870999999999 0.03829468 0.049966175 0.1995793 1.0
12 0.008906428000000001 0.0714095 0.3844478 0.27684858 0.7771685
9 0.008736033 0.0 0.514648 0.24291384 0.83150506
3 0.008698686 0.31404802 0.45241526 0.9922018 0.89189065
13 0.00864497 0.0042157024 0.5751434 0.18707705 0.89523876
12 0.008555607 0.028707005 0.4643714 0.25951958 0.7459919
11 0.008442273 0.0 0.5885799 0.16714793 0.8474789
8 0.008359156 0.013599023 0.6207847 0.22557405 0.9062790000000001
3 0.00828162 0.009221174 0.09352205 0.22532824 0.6816722
8 0.008233812 0.0 0.029591031 0.3834838 0.5186892
8 0.008211685 0.0 0.052809 0.32013600000000003 0.37910122
12 0.008189823 0.018569842 0.37691584 0.18481977 0.68396217
7 0.00809797 0.053428567999999996 0.20699398 0.25772673 0.89954305
10 0.00802351 0.057572797 0.22309394 0.22810625 0.8794405999999999
10 0.008014847 0.0 0.49807963 0.26391366 0.8447726000000001
11 0.00798804 0.03962247 0.49880420000000003 0.30013663 0.8402684000000001
2 0.007929594 0.0 0.06433402 0.11909321 0.6989102
3 0.0077073085 0.0101495385 0.08427945 0.2596074 0.34931782
8 0.0077027994999999995 0.03180866 0.49317995 0.3251412 0.7890513000000001
5 0.0076983212 0.0 0.5689563 0.17841384 0.8452784
11 0.0076959752 0.050054975 0.14454807 0.2062701 0.6259701
3 0.0076792323999999995 0.38382018 0.5101432 0.66109645 0.7546811
8 0.007351753000000001 0.40978083 0.37560293 0.70047057 0.6795675999999999
13 0.007343603299999999 0.020751234 0.2142526 0.13810179 0.7411052
8 0.007294828000000001 0.48896864 0.24151845 0.64246213 0.8052668000000001
5 0.007181865 0.053427428 0.13672611 0.22280419 0.83901435
5 0.0071698115000000005 0.057646953 0.5211706 0.22446582 1.0
6 0.0071357354 0.07071898 0.51624733 0.29741174 0.88315076
13 0.007126314 0.008457672 0.5148028 0.1259077 1.0
5 0.0071034017 0.07035617 0.27968267 0.22781563 0.9705425
2 0.0070073004 0.01002612 0.4974197 0.18757167 1.0
3 0.006937879 0.69699556 0.6000985 0.9339834 0.97806865
3 0.0069176117 0.025864705 0.32346296 0.31827646 0.6096441
3 0.0068591563000000005 0.03860417 0.15721351 0.34080267 0.43488760000000004
8 0.0068384265000000005 0.0 0.38362040000000003 0.25568497 0.66686374
1 0.0067735976 0.013940178000000001 0.023257919 0.21287253 0.83383393
12 0.006756086 0.030257829 0.3136224 0.22347414 0.74574536
6 0.006621989399999999 0.7060543 0.6839909000000001 0.9922572000000001 0.97754604
3 0.006599044 0.01747027 0.7057960999999999 0.30572447 0.9714344000000001
8 0.0064859586 0.15429339 0.35020152 0.8114326 0.9624928
6 0.006484055 0.0 0.30910355 0.23454192 0.7630697
12 0.0064676227 0.09015745 0.49246868 0.2251781 0.98149955
6 0.006448154 0.0449955 0.2802252 0.24567856 0.8789573
3 0.006430312 0.0061321706 0.35628542 0.13261558 0.7364592
9 0.006426322 0.08624806 0.5243924 0.23339742 1.0
8 0.006402827 0.42181309999999994 0.36091736 0.6411982 0.7706504
2 0.0063917125 0.04149899 0.377623 0.27226454 0.8684562
11 0.0063841827 0.0 0.26184225 0.20996420000000002 0.94237244
8 0.00637691 0.30995739 0.50413084 0.8950806999999998 0.94728154
11 0.006361798 0.075950645 0.5232258 0.24123862 0.9670281999999999
4 0.0063514193 0.7067065 0.6019412 1.0 0.8772546
4 0.006330143000000001 0.0021923333 0.36053744 0.18317555 0.64237005
8 0.0062466227 0.08703235 0.22009720000000002 0.37747425 0.98384273
4 0.006225272 0.0030747876 0.5113545 0.24796677 0.81697595
2 0.0061902369999999995 0.70774454 0.6506238 1.0 0.96523315
13 0.006164310500000001 0.0058448166 0.09578318 0.19737408 0.656257
12 0.006105920799999999 0.08511597 0.0 0.23603699 0.6678578000000001
3 0.0060730409999999995 0.09269171 0.053024903 0.26852685 0.6028437
9 0.006066083000000001 0.04262527 0.55851924 0.19134393 1.0
3 0.0060052914 0.5020376 0.49197355 0.6871373000000001 0.8369003
10 0.0059886454 0.011613756000000001 0.53553975 0.20376796 1.0
8 0.005983481 0.0 0.14287049999999998 0.28027505 0.45030648
3 0.005858119 0.0 0.20468426 0.27085638 0.51061666
2 0.0057995333 0.012021385 0.0 0.21749318 1.0
2 0.005795732 0.052795894 0.46360302 0.22613761 1.0
9 0.0057419688 0.0016963332999999998 0.1700934 0.15298526 0.7354709
6 0.005653716600000001 0.03809303 0.42754486 0.28646123 0.81855834
4 0.0056435433 0.03395214 0.42915913 0.26004604 0.89643914
9 0.005627091 0.0 0.35004362 0.1276181 0.74895924
13 0.005341898 0.012482803 0.38860172 0.11517818 0.7598385
2 0.0052515394 0.0 0.2904288 0.10966548 0.7607024
12 0.0051626614 0.027997583 0.18870108 0.14798152 0.8359774
2 0.005162323 0.0029472559999999997 0.0 0.17308709 0.65740895
4 0.0051455996 0.6473513000000001 0.65826935 0.97705954 0.9377745000000001
4 0.005134354 0.0878812 0.24881079999999997 0.24206594 0.8952104
8 0.0051250396999999994 0.0025824383 0.3077888 0.19882506 0.61580217
10 0.005056552 0.057720296 0.47058383 0.26720735 1.0
4 0.005051852 0.015791811 0.53905517 0.20206179999999999 1.0
8 0.005044044 0.6662293 0.6198497 0.8394818000000002 1.0
13 0.004962185 0.06021727 0.07919828 0.22258309 0.5676776
6 0.004945283 0.07840165 0.5942474 0.2339232 0.994394
4 0.0048877164 0.05701095 0.33054462 0.2786575 0.7828649999999999
3 0.0048553706 0.7394484 0.79608613 1.0 0.9647296999999999
3 0.0048446999999999995 0.73355126 0.49828598 0.9734944999999999 0.9525726999999999
11 0.0048018056 0.0 0.31879896 0.12159361 0.7527639
12 0.004790323 0.011690438000000001 0.5105400999999999 0.116169825 0.9938315000000001
8 0.0047825985 0.24026585 0.6169095 0.8019283 0.96698064
5 0.0047747362 0.026392639 0.31067157 0.2638973 0.865791
7 0.0047484017 0.024298592999999997 0.26971743 0.30008490000000004 0.7923852
7 0.0047255484000000006 0.0 0.4879054 0.16850118 0.9803860999999999
9 0.0047025090000000005 0.040281653 0.011593978000000001 0.23266909 0.61517185
1 0.0046911524 0.006983414300000001 0.28943336 0.10623548 0.77931213
8 0.0046824566 0.4551977 0.12928362 0.9144620000000001 0.88615304
7 0.0046566870000000005 0.0 0.19949476 0.18733734 0.8184451
5 0.00464553 0.010422505 0.5312131 0.19119 0.9935591
3 0.0046341224 0.57865936 0.32954636 1.0 0.8764966000000001
11 0.0046250965 0.047077954000000005 0.62405056 0.21547383 0.952153
8 0.0046249107 0.0 0.19151293 0.2102839 0.51847565
2 0.0046168207000000005 0.04927612 0.031375993 0.24887896 0.5774499
3 0.004572407 0.85029703 0.72177523 1.0 0.9656866
8 0.0044962917 0.08605843 0.03401633 0.24384126 0.37034783
7 0.004430573 0.65875155 0.6267716999999999 1.0 0.9471924999999999
8 0.004426933 0.40525696 0.28476292 0.60148424 0.7251956
13 0.0044233035 0.0073622240000000005 0.19750935 0.25150344 0.88158333
10 0.00441307 0.01804927 0.33963913 0.26423255 0.7810946999999999
8 0.004412366500000001 0.08063318 0.61940646 0.5444173000000001 0.95524937
3 0.0043940805 0.08532953 0.5091663 0.3565373 0.9028475
8 0.004373462 0.0452573 0.6265284000000001 0.37986043 0.9896126000000001
12 0.0043416144 0.10264243 0.0 0.25942302 0.50457466
8 0.0042957854 0.35973266 0.050907347 0.52656233 0.552633
8 0.0042927177 0.0 0.09635287 0.11047215 0.6195545
3 0.0042853514 0.45250052 0.5532725000000001 0.7249343 0.8227540000000001
3 0.004270865 0.42034853 0.81013256 0.8979968 0.95832527
3 0.0042351903 0.013464436000000002 0.004024267 0.18991208 0.33280867
8 0.0042034434 0.7554116 0.45032755 0.94125366 0.9945448
11 0.0041677468 0.0 0.20227215 0.17987345 0.7107996
7 0.004142781 0.0 0.3485395 0.14065227 0.7551981
8 0.004120881 0.37699205 0.42975983 0.6612696 0.7277075
9 0.0040975506 0.01111076 0.58583486 0.17946336 0.8936110999999999
8 0.0040842257 0.42488164 0.809521 0.76990086 1.0
1 0.004044187 0.017078549 0.2962709 0.19798608 0.6054978
3 0.0039730304999999995 0.11108871 0.3406417 0.5546962 0.9197295
10 0.0039335433 0.0 0.5833804 0.18567707 0.9171117
8 0.0038742132 0.70461196 0.058394115 0.96238977 0.9696066999999999
8 0.0038674453000000003 0.27270700000000003 0.2073607 0.6150211 0.94315034
3 0.0038439287 0.29385500000000003 0.44951752 0.6215643 0.67284715
8 0.003805836 0.70813376 0.35321763 0.893719 0.95286655
6 0.0037812196999999995 0.77014476 0.7506449000000001 0.9794982 1.0
7 0.0037775796000000003 0.0 0.39252102 0.37892124 0.76007336
8 0.0037374496 0.07645738 0.31771618 0.31161350000000004 0.7470131
5 0.0036896055 0.0078097209999999995 0.24298555 0.21368569 0.6743863
2 0.0036564902 0.029280797 0.27020845 0.20756726 0.6067776
3 0.0036551908000000003 0.88239866 0.4472130999999999 1.0 0.83523303
3 0.0036170732000000002 0.5134825 0.3360743 0.66150814 0.7976585999999999
7 0.0036064675 0.7299601 0.6876481 1.0 0.9822055000000001
1 0.0035885096999999995 0.05572398 0.11606353 0.25243616 0.54739565
7 0.0035484445 0.5854645 0.6647531999999999 1.0 1.0
11 0.003540523 0.018908404 0.24300507 0.25647163 0.5823045
9 0.0035125976 0.0 0.44656774 0.33089712 0.7532318
11 0.0035106621000000004 0.7266746000000001 0.6384982 1.0 0.91526955
3 0.003506045 0.83607244 0.4797999 1.0 0.89588505
12 0.0034657614 0.7761035 0.6046421 0.98083556 0.9436386999999998
1 0.0033981535 0.0 0.4444971 0.11822949 0.9745790000000001
3 0.0033961863 0.36630452 0.371456 0.70046794 0.88646173
7 0.003392293 0.03228187 0.08068813400000001 0.2637473 0.6612617
8 0.0033624682 0.019779772 0.07648989999999999 0.43979725 0.93694
13 0.0033315115000000003 0.095132895 0.11262817 0.25571883 0.61911255
12 0.0033260553999999998 0.06988172 0.0 0.24034233 0.37910762
8 0.0033254956 0.0023996867 0.06141035 0.12398462 0.34749952
3 0.0033210411 0.06975627 0.3559343 0.38279009999999997 0.6330060000000001
1 0.003289308 0.73171157 0.63012475 0.96831876 0.894433
1 0.003271529 0.07251621 0.06082172 0.20621815 0.6255565
12 0.0032443644 0.033864513 0.0 0.27196032 0.6512608
9 0.0032397413 0.0 0.3366864 0.22013515 0.62032026
9 0.003212913 0.0042798743 0.06073043 0.24967721 0.93747044
4 0.0032037406 0.014561743 0.25190935 0.21346399 0.7070563
8 0.0031865137 0.0 0.03578712 0.16779605 0.23041365
7 0.0031031708 0.0 0.0 0.22820675 1.0
11 0.0030809857 0.072944514 0.19367763 0.24547336 0.6745466999999999
12 0.0030738832 0.01672845 0.3438529000000001 0.11651510000000001 0.78909516
13 0.0030415790000000004 0.0067153573 0.05518548 0.14081317 0.5968849
3 0.0030321846999999996 0.51208144 0.5747223000000001 0.79761904 0.92783517
2 0.0030237023999999998 0.770184 0.70201427 1.0 1.0
9 0.0029810418 0.019948706 0.0 0.22953726 0.36814758
8 0.0029341336 0.041757256 0.32537824 0.338593 0.63079464
1 0.0029282002000000002 0.015034229 0.0017342303 0.28539714 0.48971877
8 0.0029180547999999996 0.0 0.23161681 0.14618617 0.58039236
1 0.0029118359999999997 0.015701905 0.15402405 0.30356038 0.77262455
