3 0.6318076 0.011027724 0.37150684 0.20931223 0.69415385
3 0.62577945 0.042944655 0.36661068 0.294295 0.6799385
3 0.48948142 0.7015633000000001 0.3959807 1.0 0.67476714
8 0.24527171 0.01862859 0.27386877 0.2112886 0.652092
3 0.22928701 0.594634 0.40467972 0.93089634 0.6989036
8 0.20533197 0.010006695999999999 0.36736023 0.18829566 0.71245366
3 0.16583832 0.8001478 0.3937932 1.0 0.7638728
8 0.15788576 0.030549861 0.20639391 0.24117365 0.58849037
8 0.15623784 0.016273357 0.29039776 0.14339292 0.67969596
3 0.14788334 0.108248755 0.32359108 0.4097402 0.5917028
3 0.12413387 0.57686794 0.35165384 0.8548722 0.62705976
8 0.087839276 0.028052881 0.3608916 0.28171295 0.65959907
8 0.07788692400000001 0.78296685 0.23864575 0.97619224 0.64266694
3 0.0777656 0.014794483999999998 0.34160128 0.18056853 0.8546734
3 0.07487596 0.79576814 0.29171458 1.0 0.5483098000000001
8 0.07466976 0.611929 0.31482068 0.8974784 0.59848434
8 0.07416225 0.0027894787 0.39005178 0.112180635 0.8868681
8 0.07036204 0.72561866 0.23267919 0.93520945 0.64032215
8 0.06914474 0.0 0.15053527 0.16139263 0.9044269
3 0.06879911 0.7809343000000001 0.25860572 0.9856582 0.73449886
8 0.06868129 0.5973706999999999 0.15959981 0.76094586 0.6821746999999999
3 0.06862186 0.48187953 0.36233562 0.74168783 0.6367491
3 0.067316346 0.6164926 0.29180232 0.9438251 0.5668404
8 0.0639419 0.019965269 0.39869140000000003 0.16152743 0.9479708
8 0.063254125 0.5884562 0.2707695 0.7930735 0.6315115
3 0.06294245 0.63746226 0.3049185 0.8204556999999999 0.6482156
8 0.051713623 0.67759246 0.2435973 0.96227926 0.53687215
3 0.05137372 0.55096406 0.3306398 0.7904745 0.5969124
3 0.05106039 0.023459672999999997 0.29894522 0.3001791 0.5578874
8 0.050976876 0.7411788 0.3043384 0.9659049999999999 0.7267709
3 0.04901611 0.661642 0.29851502 0.8940814 0.6624463
8 0.04896161 0.0 0.20283872 0.10440722 0.7290589
3 0.04809303 0.15939137 0.39247993 0.77568316 0.94019467
3 0.047937177000000004 0.85130084 0.28931895 1.0 0.68775177
8 0.04726622 0.53613514 0.16049607 0.7146104999999999 0.5624795
8 0.047059465 0.6706739 0.26046076 0.8789781999999999 0.6610696
8 0.046913665 0.08567795 0.20747678 0.2609617 0.7508236
8 0.045726265999999995 0.6671611999999999 0.34413567 0.95938265 0.62958354
8 0.04537615 0.047803193 0.25771672 0.34850302 0.57029116
3 0.042550914 0.26668903 0.39195788 0.9732770000000001 0.9087272
3 0.041435223 0.7466102 0.33962529999999996 0.96940273 0.8168006
8 0.04128676 0.58121246 0.38247564 0.86160225 0.6615816999999999
8 0.03884871 0.74631375 0.29165488 0.91510564 0.88582635
8 0.038563684 0.8057525999999999 0.052544832 0.97980624 0.9009548000000001
3 0.037514295 0.12534815 0.2739802 0.33981103 0.61900157
8 0.036716446 0.004012406 0.16393372 0.31731170000000003 0.95147824
8 0.036565825 0.5673278 0.1357091 0.9011902 0.68996125
8 0.03561989 0.8934253000000001 0.1491583 0.99594694 0.784423
3 0.03462112 0.005335706999999999 0.33460203 0.12862004 0.8115051999999999
3 0.03294636 0.027303621 0.37468640000000003 0.33145303 0.90450555
3 0.03122531 0.6302837 0.29745759999999993 0.991534 0.76293343
8 0.03082836 0.04874707 0.28138915 0.22541195 0.7998713000000001
8 0.03068549 0.81262565 0.33683726 0.99028015 0.7878026
3 0.030116107000000003 0.006662905 0.27894005 0.13190608 0.64595205
3 0.029784765 0.09697342 0.35953587 0.5229004 0.93192375
8 0.028929835 0.59034264 0.23650217 0.88667417 0.5169814
3 0.02651913 0.6157245 0.36116013 0.7797286999999999 0.67488474
8 0.02535987 0.5449609999999999 0.2693506 0.8306488999999999 0.5444533
8 0.024884662000000002 0.007476165999999999 0.3030364 0.08044761 0.8259495000000001
7 0.024703412999999997 0.0 0.2698512 0.19259503 0.6627168000000001
8 0.023750900000000002 0.46211940000000007 0.022707542 0.9144456 0.85001934
3 0.02312919 0.55185556 0.3903459 1.0 0.83736116
3 0.022700736000000003 0.80550694 0.21630703 1.0 0.84636116
8 0.022439444 0.48755866 0.27264026 0.7386494 0.5602511
8 0.021115236000000003 0.8578613000000002 0.22988693 0.99487555 0.6847283000000001
3 0.020556185 0.0 0.27205947 0.20825844 0.5475857
4 0.02043418 0.7479792 0.32676736 0.9450732 0.7457226
8 0.018955773000000002 0.44107515 0.32179144 0.70837194 0.60287124
8 0.018915445 0.026287407000000002 0.03189834 0.47415695 0.95131195
8 0.018855748999999998 0.120128185 0.28824618 0.65013516 0.9655838999999999
8 0.018702788 0.7971003000000001 0.1928329 0.9639380999999999 0.49928433
7 0.018579673 0.0 0.25361028 0.23378411 0.84214276
8 0.018523404 0.0 0.16126023 0.36850148 0.72513205
3 0.018094793 0.5901889 0.24034329 0.7616978 0.7136128
3 0.017333038000000002 0.042079292000000004 0.24187745 0.23002377 0.6816909000000001
4 0.01684053 0.83100486 0.41249976 0.9720706 0.8169744999999999
6 0.016330667 0.0 0.40873909999999997 0.20860794 0.7725489000000001
4 0.0162675 0.67923486 0.36145025 0.9568011999999999 0.6548189
8 0.015779477 0.52059895 0.24743506 0.89519197 0.8906799999999999
3 0.015405829 0.08945377 0.28775490000000004 0.47542113 0.74129826
3 0.015143051000000001 0.10755318400000001 0.27048185 0.28038764 0.73493713
8 0.0151297245 0.84030825 0.022907495 0.9774584000000001 0.6488461999999999
8 0.015119088999999999 0.5380451999999999 0.30180037 0.72930735 0.68342286
3 0.014933496000000001 0.04628311 0.44865906 0.46639769999999997 1.0
3 0.0147441095 0.5606246 0.35719209999999996 0.74375355 0.70491296
8 0.014566326000000001 0.0 0.062158454 0.17956886 0.6896151
8 0.014439648999999999 0.5240661 0.37215948 0.79246056 0.6477831000000001
3 0.014216928 0.2637496 0.34951928 0.61796886 0.91644466
7 0.014136235 0.0 0.39871392 0.20944938 0.78668886
4 0.013877318000000001 0.8805761999999999 0.38228527 0.984031 0.7693498000000001
1 0.013417963 0.0 0.3434081 0.1913454 0.7299302
8 0.013370642 0.037917152 0.33090994 0.26564032 0.96840096
8 0.012833431999999999 0.5672491 0.022476515 0.7199804 0.6169020000000001
7 0.01278695 0.6317972 0.23057552 0.9897845 0.62703705
7 0.012768153999999999 0.53327537 0.31467238 0.9560069999999999 0.6845398
8 0.012332495 0.35440266 0.13275515 0.8917148000000001 0.70742494
8 0.012077473 0.71620107 0.0 0.9529721999999999 0.93119174
2 0.011971184 0.0 0.35025412 0.20649019 0.7449359
3 0.011897355 0.70551556 0.36446255 0.91180784 0.8308838
8 0.011796805 0.6182479999999999 0.09363776 0.940902 0.9170434999999999
8 0.011783145 0.6552195 0.20755519 0.8330801 0.76604235
12 0.01174387 0.016125128 0.26887885 0.16249372 0.6498086999999999
1 0.011685832 0.0 0.26048332 0.18661709 0.57190865
8 0.011249316 0.021486877999999997 0.25664425 0.55167496 0.8746824000000001
3 0.011202091 0.4713059 0.27746165 0.67954844 0.64258
8 0.010583708 0.49862647 0.20187953 0.6899638000000001 0.60342145
8 0.010273724 0.22183982 0.27358538 0.81875885 0.9352091
1 0.010242606999999999 0.0 0.3071259 0.13010333 0.8703949000000001
12 0.010029641 0.03191857 0.22182649999999998 0.20071185 0.59233147
6 0.009895530500000001 0.0 0.39645043 0.28045565 0.6633425000000001
3 0.009638777 0.21813798 0.5579188 1.0 0.91826355
6 0.009547466999999999 0.0 0.36983114 0.20231996 0.6147113000000001
3 0.009280831 0.01424697 0.16473392 0.18441828 0.62448776
9 0.009193640999999999 0.6554084 0.31247848 0.930794 0.66572595
5 0.009115463 0.014507188999999998 0.32611668 0.19421111 0.67204285
7 0.009050764000000001 0.7506928 0.23152477 1.0 0.7553460999999999
9 0.00898554 0.018317766 0.29851859999999997 0.1686886 0.6078749
2 0.008889756 0.0 0.2094221 0.19507581 0.5234185
4 0.008878488 0.7533193 0.44318098 0.9472578000000001 0.86148036
4 0.008746515 0.010565452 0.40654346 0.20929775 0.69541746
4 0.008596649 0.88596445 0.2923864 0.9916124 0.66291314
1 0.008582381 0.0 0.32618156 0.26865333 0.67435867
11 0.008460701999999999 0.0 0.41946465 0.23439753 0.7200009
3 0.00840695 0.40646863 0.32405904 0.7119943 0.5893895
2 0.0083893845 0.047625035 0.31214467 0.343043 0.67499995
3 0.008351063 0.061069846 0.26096082 0.3976732 0.8690690999999999
8 0.008261516 0.46379575 0.28105503 0.67279935 0.68876374
8 0.0082346015 0.43533626 0.09992377 0.76985586 1.0
9 0.00820829 0.6930914 0.24565506 0.97367644 0.588322
4 0.008195520999999999 0.0038229673999999997 0.44083408 0.15452181 0.74250835
3 0.008148496 0.88989097 0.17776738 1.0 0.6644100000000001
9 0.007948208 0.0036247522 0.31315973 0.22844352 0.68353313
8 0.007907073 0.69092286 0.25056478 0.8558215 0.88975877
4 0.007868305 0.73213714 0.25534487 0.94241375 0.637451
3 0.007841884 0.26634938 0.31578249999999997 0.55790955 0.5702668000000001
9 0.0077455069999999996 0.07610352 0.24770045 0.38952327 0.59885377
6 0.007653686 0.0 0.4569833 0.2862754 0.7415555
8 0.0075968456999999994 0.5296228000000001 0.22253543 0.6884794 0.793874
7 0.0075513013 0.0 0.18276641 0.1669743 0.9104484
7 0.0075041959999999994 0.7800263000000001 0.36333257 1.0 0.8392879999999999
13 0.007497251 0.8691558000000001 0.45010492 0.9925938 0.7999441999999999
9 0.0074873636 0.019111745 0.34081307 0.17976967 0.76430064
12 0.00743888 0.025797773 0.20704974 0.13887258 0.7349747
4 0.007411625 0.6776263000000001 0.30399615 0.97592455 0.58168155
5 0.0073772687 0.6186739 0.34420192 0.9736874 0.6314361999999999
7 0.007276711 0.54129124 0.20852955 0.9155489 0.5748255999999999
1 0.007232934200000001 0.84807605 0.27527228 0.9678822 0.82933396
12 0.0072222543000000005 0.02908358 0.28416264 0.1920036 0.8138926
7 0.007167113 0.012599096 0.16101949 0.27723807 0.7143318000000001
11 0.0069987993000000005 0.009262562 0.36482584 0.18843405 0.7844154000000001
1 0.0069978824 0.022524877999999998 0.1983756 0.22651213 0.620404
2 0.006842785 0.5897336999999999 0.3118605 0.9601165999999999 0.6159479999999999
12 0.006775026 0.61104715 0.27820626 0.9079814 0.6783934
4 0.006774454 0.5755296 0.42041069999999997 0.8807427999999999 0.68833256
1 0.0067197736 0.55842215 0.33387896 0.9580315999999999 0.6685340999999999
2 0.0067025004 0.6418003000000001 0.35441002 1.0 0.71518075
7 0.006695449 0.0 0.33986473 0.33643478 0.76505834
10 0.006656341 0.66024274 0.28942844 1.0 0.58268404
8 0.006624247 0.24929385 0.016967244 0.71130574 1.0
12 0.006603508 0.70458245 0.21735948 0.9358038000000001 0.5804465
8 0.0065404377 0.0008035749 0.21517645 0.17227817 0.50516444
3 0.0065315780000000006 0.14080155 0.23781006 0.59372985 0.88408417
12 0.006509254 0.04622123400000001 0.18978493 0.21771097 0.7310113
9 0.0064814044 0.02305089 0.28734222 0.32832545 0.6826363
8 0.006450186 0.62595046 0.31197473 0.80762315 0.8506738000000001
8 0.006448903000000001 0.42022562 0.26136956 0.6731496 0.55927086
12 0.0064140093000000006 0.044528145 0.10586037 0.16886899 0.8419357
2 0.0063666133 0.6405642 0.24300231 1.0 0.542176
3 0.006361178 0.49095264 0.2500445 0.9672593 0.86505723
11 0.0063393964 0.0051838905 0.3481585 0.17735915 0.6316329
5 0.0062983725 0.034486204 0.23457405 0.2500576 0.63769555
13 0.006278672700000001 0.7521484 0.4033158 0.9804540999999999 0.73193216
12 0.0062746396 0.8689609 0.31627488 0.9681571 0.7597027
11 0.006267806 0.0 0.42484513 0.14424299 0.8567635
1 0.0062604784 0.057943836 0.25876796 0.36610929999999997 0.5940325
2 0.0061501423 0.0 0.28051478 0.15811655 0.5944187
3 0.006099535600000001 0.07771191 0.5803914000000001 0.91966295 0.94417125
10 0.0060930913 0.019429593999999998 0.38212004 0.28402272 0.65878516
12 0.006061077 0.010396846 0.34843633 0.14061293 0.8383825999999999
7 0.006060251500000001 0.8329211 0.28242764 1.0 0.72676295
9 0.006056424 0.80510676 0.26330203 0.97062004 0.739112
3 0.006042198 0.59294707 0.19785309 0.80550116 0.54937345
12 0.0060026553000000005 0.08117377 0.15207253 0.26123184 0.67109585
1 0.005931500300000001 0.68186325 0.2820974 0.9348766 0.80085605
8 0.0059099407 0.2290839 0.11128129 0.53277916 1.0
4 0.005905449399999999 0.0109659135 0.33701038 0.2548236 0.61156857
6 0.005891523 0.0 0.4215035 0.17657933 0.99166137
1 0.005890067 0.640814 0.25697926 0.9680546999999998 0.59011984
6 0.0058852164000000005 0.0 0.32852057 0.16109553 0.67954046
3 0.005877288499999999 0.42090200000000005 0.39123276 0.79228616 0.9134759
4 0.005877103000000001 0.8011855 0.2502029 0.98132193 0.6306069000000001
3 0.0057631433 0.5297092 0.40748802 0.77028406 0.7854499
12 0.0056105074 0.7444488 0.20514128 0.92898166 0.7389051
12 0.0055962284 0.8060906 0.23350032 0.9612459000000001 0.74785334
9 0.0055655614 0.0037236437 0.25620693 0.20852289 0.57067317
10 0.0055510937 0.6373925 0.3775928 0.96579695 0.65937805
8 0.005529305 0.39201579999999997 0.35593086 0.67425203 0.6586635999999999
12 0.0054948995999999995 0.683581 0.31830686 0.9527806000000001 0.6882041
13 0.0054308609999999995 0.007289566 0.42196095 0.14654651 0.8389614
4 0.005428641 0.0066258013 0.31830242 0.16905858 0.58211035
3 0.0054071005 0.07080978 0.17257346 0.3664385 0.68666774
1 0.005395641999999999 0.79259294 0.27173826 0.95418996 0.8826771000000001
3 0.0053793980000000005 0.2045356 0.31752768 0.48618149999999993 0.548746
2 0.005352561 0.0 0.31531635 0.12250299 0.8670324
5 0.0053172223 0.7217315 0.2832338 1.0 0.62591475
9 0.0053131 0.76860327 0.33763954 0.94782585 0.8225839
5 0.005231306 0.0 0.35304385 0.21936624 0.85610074
9 0.005221385 0.7452915 0.25809568 0.9349719000000001 0.71220976
1 0.0051993867 0.002008371 0.24739228 0.13569248 0.70172423
5 0.005136196500000001 0.028057456 0.34497038 0.28338146 0.6811654
3 0.005111828 0.0 0.47187933 0.094100386 0.9297108000000001
9 0.005107752 0.8645712 0.30169746 0.9744679 0.7472909000000001
2 0.005076482 0.08713251 0.24363105 0.37928270000000003 0.59375304
11 0.0049320105 0.019123137 0.40955943 0.35742593 0.6866434
6 0.00491124 0.8514639 0.44739628 0.9967226999999999 0.89968204
9 0.0048877974 0.6119734 0.22101352 0.9166559999999999 0.52052116
3 0.004839421 0.34885257 0.30723890000000004 0.635617 0.55928725
3 0.004788003 0.16231948 0.25338975 0.74549454 0.718086
13 0.004734053 0.010087833000000001 0.37724093 0.1819601 0.75185037
6 0.0046897135 0.5573825 0.3728685 0.9742071 0.6608373000000001
7 0.004644623499999999 0.0 0.20399335 0.097857326 0.8904316999999999
7 0.0046415213 0.7805686 0.19407983 1.0 0.5773794
3 0.0046164034999999996 0.51680493 0.43179327 0.8900553 0.9282165000000001
6 0.0045871083 0.0 0.3843459 0.4155724 0.6756647
8 0.0045562214 0.55474055 0.014182408 0.87113476 0.5787023
3 0.0045103854 0.4826375 0.48934093 1.0 0.8793523999999999
9 0.0045098164 0.060753495 0.23405007 0.2606326 0.6722869
10 0.004509005 0.0053529665 0.2992723 0.22325638 0.5629643
1 0.004464269 0.5615385 0.2376479 0.89688474 0.54550403
12 0.0044474453 0.018861923 0.2546276 0.11156587 0.9978319999999999
6 0.0044118306 0.6308979 0.41649213 0.99947524 0.70225036
2 0.004351516 0.033869848 0.11848622 0.24540909 0.59494114
9 0.004237253 0.83162206 0.39335865 0.9651937 0.8577116
12 0.0041512973 0.83925736 0.04937190599999999 0.9716469000000001 0.84538037
2 0.004148348 0.00016979128 0.20970069 0.20438752 0.691793
7 0.0041189584999999996 0.79131895 0.0 0.9970918 0.8477958000000001
1 0.0041060504 0.8894982 0.16245508 0.9701825000000001 0.8413145000000001
3 0.0040810970000000005 0.56942827 0.19247557 0.93441075 0.4548974
1 0.004080302 0.85975504 0.18657441 0.9688299000000001 0.66051704
5 0.0040456755 0.0 0.420966 0.18966287 0.7441581
3 0.0040186443 0.34283173 0.25626913 0.8388902 0.8533745999999999
6 0.0040179505 0.6410170000000001 0.33236796 0.9914847 0.61076075
11 0.004012086 0.58598256 0.44180590000000003 0.90986824 0.6963792
10 0.003999109 0.03316234 0.4367601 0.24331443 0.7101651999999999
13 0.0039829365 0.6800804 0.35190279999999996 0.97867 0.60341483
10 0.0039355694 0.013551772 0.32882226 0.17706443 0.6301756
2 0.0039261016 0.70662534 0.38783807 0.9725391999999999 0.909867
3 0.0038990877 0.5178431 0.23943032 0.8389230999999999 0.49305385
3 0.0038936265999999996 0.0015042573 0.51099324 0.27643204 0.967261
4 0.0038286014 0.0 0.4710694 0.21931529 0.75772554
7 0.003801738 0.0 0.09463758 0.12983571 0.7831195
12 0.0038003541999999998 0.9101690999999998 0.23918253 0.98226273 0.8763469000000002
12 0.0037828366999999997 0.69640785 0.22731625 0.878076 0.73148155
10 0.0037427421000000003 0.68146163 0.42273948 1.0 0.70100963
8 0.0037412521999999997 0.0 0.12031534 0.59850115 0.6800125
3 0.0036932528000000004 0.5400946 0.21663028 0.71708596 0.670484
4 0.0036723313 0.7696841 0.31817254 0.90921104 0.8441495000000001
13 0.0036619517 0.79753137 0.32255927 0.9866468 0.6541924
13 0.0036527214 0.8996089 0.29631716 0.9862629999999999 0.7996647
3 0.0036508287 0.6630054 0.17530134 0.97932917 0.6248744
6 0.0036174217 0.0 0.38228768 0.11976179 0.90216404
12 0.0036128766 0.81664085 0.40180027 0.9580126 0.84544975
2 0.0035876827000000003 0.8403904000000001 0.26917827 0.98906595 0.7336385999999999
6 0.0035820903999999997 0.7368781 0.49519274 0.9854265999999999 0.89365834
5 0.0035670758 0.6943685 0.39434522 1.0 0.66663915
3 0.0035603603000000004 0.27478912 0.28007048 0.9461684000000001 0.7326288000000001
10 0.003544781 0.053667277 0.40767723 0.41670015 0.6643036
9 0.0035440293 0.015572071000000002 0.16431682 0.16616763 0.7046333
11 0.0034927029999999998 0.01646708 0.28433397 0.1472363 0.6751118
9 0.0034777747999999997 0.019564074 0.40673304 0.13563836 0.8277953000000001
3 0.0034366427 0.04777275 0.16141847 0.28487080000000004 0.5894726
13 0.0034123121000000003 0.7426269 0.29834092 0.94811165 0.6365128999999999
13 0.0034118807 0.03986247 0.38394659999999997 0.3536464 0.6540807
7 0.0034085654 0.87631476 0.20337251 1.0 0.83101463
8 0.0034031120000000002 0.054410234 0.4250197 0.51986384 0.9811163
7 0.0033916028000000003 0.59971553 0.1708057 0.88512594 0.6861774
3 0.003388361 0.33607313 0.6618133 1.0 0.9039538
6 0.0033539818 0.025717422 0.32907808 0.30514574 0.7314254
12 0.0033413018 0.8164791 0.13750334 0.9394809000000001 0.86090523
5 0.0033378717 0.05592619 0.34309345 0.41590118 0.6747456999999999
5 0.0033265182 0.5840409000000001 0.42548004 0.9548651 0.6827958000000001
7 0.003310838 0.84236 0.11881979599999999 1.0 0.61768216
9 0.0032941652 0.8040795000000001 0.20655239 0.9741549999999999 0.5178668
1 0.0032899970000000002 0.7703298000000001 0.13056734 0.9490368 0.5986119000000001
7 0.0032805658000000003 0.043492272 0.25757498 0.42158657 0.6392199000000001
4 0.0032791542 0.057851775999999994 0.34250346 0.37060148 0.59809667
2 0.0032747758 0.8422851 0.18642913 0.9836313 0.5921746999999999
12 0.0032682049 0.6140234 0.106414475 0.7484986 0.8535306
2 0.0032554121999999997 0.83826077 0.06849646599999999 0.9647789000000001 0.4887138
9 0.003254017 0.86103207 0.20292051 0.98208076 0.64278066
9 0.0032224695 0.56145847 0.28202316 0.84316754 0.6124086999999999
9 0.0032085427000000002 0.003643833 0.21279477 0.12175485 0.59293205
3 0.0032040952 0.39546096 0.2613432 0.6040635999999999 0.6213951999999999
1 0.0031626370000000003 0.8391325000000001 0.04290459 0.9626674999999999 0.70426714
3 0.0031482396000000004 0.40581405 0.40109777 0.6616732 0.80175364
3 0.0031463925 0.0076638719999999995 0.09925888 0.100727916 0.6057423000000001
5 0.0031307538 0.6202725 0.21959043 0.98943937 0.5722596
11 0.0031298247999999996 0.03461294 0.29041955 0.23228683 0.6904424
12 0.0031014937 0.025295794 0.30567947 0.15926749 1.0
4 0.0030999465000000003 0.5432136 0.30920324 0.87290406 0.57706803
