3 0.7262973 0.02533301 0.33419275 0.22550479 0.6292833000000001
3 0.6468659999999999 0.5903483 0.349646 0.89861614 0.6613901
3 0.6467861999999999 0.08320284 0.31522100000000003 0.34433746 0.6354584
3 0.6437177 0.66535425 0.33432043 0.9884129999999999 0.6276959
3 0.5146841 0.041315556 0.2902777 0.30354947 0.58588076
3 0.4756822 0.6664463 0.369693 0.94018173 0.7140649
3 0.46021986 0.050046183 0.34596592 0.2614847 0.6965119000000001
3 0.32332927 0.003091447 0.28971016 0.18123332 0.5823411000000001
8 0.2462851 0.027811415 0.16856702 0.19240859 0.55346864
8 0.24149741 0.050765157000000005 0.21081732 0.24450162 0.59405
8 0.24143562 0.66793305 0.29728168 0.89593023 0.6716972
8 0.2328143 0.7181893 0.20950703 0.9435895000000001 0.5974228
8 0.21951567 0.027465648999999998 0.311237 0.20839757 0.6542015
8 0.18046838 0.67056596 0.17036435 0.8831582 0.5750468000000001
8 0.17466053 0.7086427 0.16615632 0.89065146 0.7511477
3 0.16357842 0.5102766 0.33466133 0.84025913 0.6479948
8 0.14680816 0.6134757 0.21321975 0.9462179000000001 0.7140801
8 0.14270292 0.72475004 0.27690820000000005 0.97823286 0.6782843000000001
3 0.14096749 0.12086289 0.30584916 0.4044866 0.58987683
3 0.1306061 0.018422142 0.23100397 0.23252766 0.56977093
8 0.12864935 0.74415123 0.10619853 0.9385599 0.7253447
8 0.124148555 0.6909181 0.06534961 0.86385965 0.64766675
8 0.12125354 0.6929474 0.25458476 0.8506427 0.77749443
3 0.096575305 0.7429094 0.27983522 0.95663255 0.6840146
8 0.095081866 0.5356696999999999 0.10633193 0.91598284 0.6387124
3 0.09127033 0.6771383000000001 0.31717616 0.8611193000000001 0.7395045
8 0.088751055 0.6978085 0.39570037 0.93963253 0.7606231
3 0.08870644 0.07091939400000001 0.22389017 0.25173807 0.6417170999999999
8 0.08614363 0.06728203599999999 0.2862166 0.31533772 0.59615844
3 0.08388339 0.5350899 0.28522068 0.8541200999999999 0.5638089
3 0.08283797 0.76349247 0.35001564 1.0 0.6442029
8 0.06852303 0.60114753 0.30348086 0.8615904000000001 0.61026424
8 0.0653557 0.66262186 0.14832683 0.8095535 0.71704376
8 0.06502366 0.64650744 0.3371795 0.83810276 0.7271820999999999
3 0.06388077 0.60154104 0.274949 0.9876405 0.70407575
3 0.06166143 0.5604983 0.41533732 0.89273506 0.72575176
8 0.059443492 0.7178591 0.30110136 0.91295856 0.8355229
8 0.053639013 0.5677039 0.057358373 0.9315898000000001 0.9062853999999999
3 0.052314207 0.649011 0.26522627 0.92459404 0.5984376
8 0.050823096 0.63830227 0.202244 0.9280134 0.48810557
8 0.046091985 0.07716110000000001 0.14175963 0.26641414 0.7188066999999999
3 0.040787086 0.017730548999999998 0.38306999999999997 0.24343221 0.7852677
8 0.039632857 0.0 0.0 0.2057453 0.63651
8 0.035807945 0.0 0.05963556 0.15491474 0.8152557
8 0.035642326 0.6623057 0.018281804 0.9362495999999999 0.59549004
8 0.035282474 0.62050676 0.19285312 0.79509616 0.6179131
4 0.032984845 0.75851774 0.33271298 0.97474325 0.6307529000000001
7 0.030502087999999997 0.0 0.2968177 0.21361294 0.6851351
8 0.02901 0.540369 0.2753788 0.7874611 0.5696189
8 0.026599908 0.59932303 0.31435293 0.7752631 0.7151168000000001
7 0.026010553999999998 0.5533965999999999 0.20132402 0.88561606 0.6945303
7 0.024556313 0.0 0.19374502 0.20700172 0.5870899
1 0.024531621 0.65493274 0.33749422 0.9429579 0.72786796
3 0.023908132999999998 0.63198245 0.31205848 0.8065891 0.7727056
1 0.02369726 0.74763304 0.2996967 0.96395856 0.65778285
3 0.023146298 0.20376736 0.42695677 0.9557931999999999 0.90388364
8 0.022402331 0.006448351 0.38690916 0.20973322 0.7677996
3 0.022337628999999998 0.5103173 0.38044465 1.0 0.83237946
4 0.022051847000000003 0.6076106 0.36375967 0.92006314 0.66725975
6 0.021817077 0.0 0.37561363 0.1939047 0.64784294
5 0.021364233 0.0 0.34333065 0.18242808 0.67391986
8 0.021218566 0.55746937 0.18505829999999998 0.8179996 0.49037832
7 0.020637542 0.67424744 0.17120916 0.9528360999999999 0.7045491
4 0.019975644 0.72567135 0.31531158 0.9182351000000001 0.7080350999999999
6 0.019672152 0.64009935 0.3885416 0.92752975 0.7970963000000001
3 0.019516496 0.71496224 0.2047148 1.0 0.641574
7 0.019380135 0.65771294 0.25870472 1.0 0.6353531
8 0.018782195 0.0 0.05940259999999999 0.07883991 0.5467634
4 0.018778268 0.67308414 0.40494892 0.9567976999999999 0.7019866
4 0.018662526999999998 0.014641494 0.35020024 0.16000329 0.6210319000000001
8 0.018627793 0.30686998 0.2591857 0.8957598 0.8404072
8 0.018126467 0.0 0.13851595 0.32936072 0.6911123
8 0.01801707 0.009520665 0.29431883 0.1723222 0.99397874
5 0.017086765 0.018365905 0.20889097 0.17873852 0.6087416
5 0.017008586000000003 0.7801741 0.3208986 1.0 0.6702904000000001
8 0.016880771 0.051389754 0.13911833 0.5106376 0.9971466
7 0.016814493 0.64849126 0.37867242 1.0 0.7483390000000001
4 0.016467655 0.69183785 0.34950290000000006 0.880966 0.74608463
12 0.01607117 0.00040457398 0.3056567 0.15666583 0.65940744
8 0.015779443 0.64029557 0.26674190000000003 0.9816806 0.89455074
6 0.015736813 0.63837427 0.43180507 1.0 0.7153571
3 0.015418826000000002 0.056987286 0.1341621 0.30482656 0.5464609
7 0.015373659 0.64093506 0.268701 0.96727395 0.8255688
1 0.015216842 0.662788 0.28839704 0.87942797 0.88622963
8 0.015099497 0.28955615 0.024528954 0.8343796999999998 0.57585865
3 0.014793928999999999 0.18914717 0.32684246 0.46249032 0.5869794
5 0.014751853 0.53998697 0.31597626 0.8995559000000001 0.6193463
8 0.014601673 0.69727165 0.030118252999999998 0.9707815999999999 0.8633009
3 0.014488599 0.43333320000000003 0.31991962 0.69890165 0.58846366
12 0.014424695 0.7320432 0.23393096 0.9491033000000001 0.5795376
12 0.014256488999999999 0.018597014 0.1951059 0.14547285 0.55535394
9 0.014191195 0.7633399000000001 0.3379506 0.9626391 0.69333065
1 0.013958573 0.6833130000000001 0.22117203 0.9183694 0.63505656
3 0.013916891 0.10378802 0.41151634 0.75732017 0.9446276
3 0.013564622 0.36399907 0.31466259999999996 0.64657754 0.5713669
3 0.01334086 0.22009686 0.33798629999999996 0.86957896 0.80533296
7 0.013175371000000002 0.0 0.24408258 0.26495817 0.81676185
13 0.013103893 0.7612808000000001 0.379892 0.97644854 0.6789264
7 0.013019881 0.57113695 0.211498 0.98583364 0.5746593000000001
8 0.012892355 0.64071345 0.119062625 0.83231735 0.50540674
3 0.012690814 0.25036323 0.2890853 0.5213843 0.5331798000000001
4 0.012638334 0.019469626 0.3775737 0.2110045 0.6529758000000001
9 0.012543483999999999 0.7355505 0.3120372 0.91971123 0.77698225
8 0.012092851000000002 0.13435954 0.26678179999999996 0.74377656 0.83859974
2 0.012083241000000002 0.64050317 0.36792246 0.9954927 0.76936203
11 0.012028725 0.74777174 0.36398444 1.0 0.6642296999999999
9 0.011965267 0.72180307 0.26180997 0.9725199000000001 0.6017475
11 0.011904284 0.0 0.37011915 0.16307828 0.67427
4 0.011890167 0.8117411999999999 0.37536690000000006 0.9877684999999999 0.6612962
9 0.011859177 0.6882479 0.25647070000000005 0.8886291 0.7216689000000001
4 0.01166823 0.018321781999999998 0.31033584 0.20210631 0.58030474
6 0.011643938999999999 0.74272805 0.38829959999999997 1.0 0.6977496999999999
8 0.011637925 0.43321222 0.0 0.90338117 0.7561053000000001
12 0.011629935 0.0 0.24300078 0.20894179 0.62641793
8 0.011592428 0.5702272 0.42709643 0.85291976 0.70999247
6 0.01157302 0.56439584 0.3798709 0.8620680000000001 0.7662485
12 0.011523648999999999 0.6991706999999999 0.13715795 0.87469244 0.6421845
8 0.011375847 0.0 0.018354496 0.25733703 0.8053081999999999
13 0.011370011000000001 0.71398556 0.37572622 0.92705333 0.7313996
4 0.01130355 0.6973687 0.43600187 0.90233904 0.81881166
1 0.011290895 0.0 0.29163566 0.17390788 0.67897254
12 0.011278566 0.7930503000000001 0.16862960000000002 0.91412044 0.8760885
12 0.011258628 0.6308123000000001 0.1964842 0.82514274 0.7412719
7 0.011220977 0.49493644 0.3790794 0.94808817 0.72596973
3 0.01110039 0.4563420999999999 0.3807244 0.8518796999999999 0.91014385
12 0.011092427 0.74526983 0.34422562 0.9463063 0.65512896
12 0.011070523999999998 0.5876059 0.3117162 0.9216340000000001 0.6902359
4 0.010979435 0.5646263000000001 0.31345204 0.8655023999999999 0.5888817
8 0.010947328999999999 0.8076135 0.11959341 0.9784503000000001 0.73887116
11 0.010910801999999999 0.658255 0.40263483 0.99715686 0.7198797
9 0.010903125 0.64263475 0.23165433 0.8481499 0.65067786
8 0.010855403000000001 0.0 0.24964547 0.31583115 0.8592044
3 0.010778576000000002 0.30032814 0.33997187 0.58120435 0.6069653
3 0.010614316 0.048587455999999994 0.30312055 0.39393556 0.7481691
7 0.010587458999999999 0.001334846 0.31636584 0.31869462 0.7474189
4 0.010543414 0.7217203000000001 0.1908329 0.94346064 0.57253003
3 0.010506505 0.79010975 0.28549755 1.0 0.7442045
5 0.010478562 0.6893674 0.15444763 0.92471063 0.7183804
12 0.010454758 0.74765587 0.17462036 0.87107897 0.87741697
5 0.010345605 0.6152581 0.27768308 0.8768314 0.7677871999999999
3 0.0102548525 0.014476508 0.14271125 0.19340949 0.41908549999999994
5 0.010139915 0.678489 0.30573732 0.9959026 0.6285556999999999
6 0.010104601 0.5087335 0.42812659999999997 0.9336773000000002 0.7014315999999999
2 0.010093791999999999 0.0 0.31707722 0.21062651 0.7092188
3 0.010083357 0.52659225 0.28620413 0.7330413 0.6491699000000001
12 0.010070026999999999 0.7895476 0.22696768 0.9608901 0.701206
10 0.010066558 0.6945935999999999 0.28930092 1.0 0.5834071999999999
3 0.010047275 0.80999446 0.2887509 1.0 0.550455
9 0.010026283 0.58488905 0.2872192 0.8958334000000001 0.63026893
12 0.009928593000000001 0.72937524 0.07448231 0.8558215 0.7637558000000001
5 0.00983057 0.62015045 0.37953493 0.98190355 0.6773879
12 0.0098098675 0.68828726 0.29442593 0.8928094000000001 0.7891939
13 0.009736443000000001 0.005853832 0.35834068 0.167577 0.6529488
2 0.009641877 0.0 0.3025428 0.15542686 0.63903576
1 0.009637856 0.50964457 0.3451728 0.87587017 0.72437656
3 0.00955259 0.6525375 0.20851763 0.84093434 0.6678134
9 0.009471506 0.024431593999999997 0.32604387 0.17544183 0.64012486
6 0.00941408 0.46597153 0.35739422 0.9407646000000001 0.6343028
4 0.009412252 0.5519001 0.40731698 0.86359376 0.69304734
11 0.009343862 0.69694823 0.39475309999999997 0.91490334 0.84564215
1 0.00932519 0.6011586 0.28710982 0.96468854 0.60616654
2 0.00928701 0.0 0.17677696 0.1567179 0.47305070000000005
12 0.0092754895 0.03615673 0.10696673400000001 0.19000041 0.66655266
8 0.0092524495 0.46653765 0.14907789 0.80011624 0.9485978
9 0.00921293 0.6720437 0.16919374 0.8859222999999999 0.59095275
12 0.009173981 0.53045756 0.24590383 0.86009866 0.64078194
3 0.008879825 0.8565518 0.3483633 1.0 0.6994779000000001
2 0.008862668 0.6521888000000001 0.34962943 0.9070809000000001 0.90666825
3 0.008846544 0.010766253 0.014215641999999999 0.10246529 0.42746973
3 0.00884202 0.32439077 0.3542204 0.7136004 0.9177493
1 0.008508847 0.6380819999999999 0.18335974 0.8627945 0.613305
8 0.008450529 0.008554593000000001 0.29527792 0.12186602 0.8542129
8 0.008422618 0.6044821 0.16757083 0.86962336 0.45456472
10 0.008384882 0.7259878000000001 0.3727105 1.0 0.6711241
2 0.008354115 0.51717424 0.34049952 0.8922585 0.7238680000000001
6 0.008352611999999999 0.6831691999999999 0.37396422 0.8709266999999999 0.95590097
12 0.008311456 0.032187982999999996 0.24888229999999997 0.19983523 0.78754383
1 0.008305797 0.6965331 0.16182505 0.8473516999999999 0.7943137
3 0.00822374 0.22962093 0.37832582 0.61081916 0.92802346
10 0.008198193000000001 0.68851995 0.21376371 0.9672189 0.6545131
7 0.0081718955 0.0 0.087443486 0.25361484 0.6340768
1 0.008156914 0.0 0.24004388 0.22099155 0.7700066
11 0.008085071999999999 0.73812073 0.3484811 0.9460359 0.7648408
8 0.008076199000000001 0.5167072 0.26394424 0.7229502 0.6699246
9 0.008071497 0.01258073 0.22510831 0.17259192 0.5300077
1 0.008063096 0.0 0.21102495 0.17042993 0.5637595999999999
3 0.008052994 0.16612712 0.5616977 1.0 0.93201745
11 0.008048136 0.7307334 0.1962095 0.87551427 0.7436379
8 0.008015208000000001 0.09809181 0.15595077 0.32601485 0.5843248000000001
3 0.007935803 0.49007106 0.25332442 0.79861224 0.5137212999999999
12 0.007850540999999999 0.074191526 0.1522509 0.19595172 0.9189894000000001
4 0.0078064897 0.6581600000000001 0.27495125 0.98671794 0.5728466999999999
1 0.0077604106999999995 0.7472849 0.20024355 0.8812518 0.76590466
7 0.0077130618000000005 0.70259064 0.29200622 0.9340109000000001 0.9303248
9 0.00769017 0.6456635000000001 0.3626875 0.9141903 0.69521886
2 0.0076876385 0.7257216999999999 0.33208814 1.0 0.67489254
5 0.007685035 0.7150224000000001 0.35181022 0.97316116 0.81549466
4 0.007666109599999999 0.6356897 0.27025473 0.84006006 0.61405057
12 0.007641325 0.71095103 0.1738315 0.83866805 0.90330356
4 0.0076118154 0.6188600000000001 0.38159840000000006 0.80901766 0.7244014
1 0.0075798775 0.0 0.19746935 0.32040957 0.5339381
13 0.0075005414000000005 0.6696741 0.32321212 0.8829902000000001 0.6686513000000001
11 0.0074831117 0.020072483000000002 0.34389395 0.20007467 0.75486326
13 0.007436203299999999 0.7271717 0.41500032 0.86909527 0.8812396999999998
3 0.007434585 0.66609335 0.23160630000000001 1.0 0.8240735
13 0.007381885 0.71011287 0.25692195 0.8655669 0.7108224
6 0.007346501 0.03843762 0.33775917 0.31154507 0.765496
2 0.007334380400000001 0.6264544 0.13271244 0.88422126 0.5059888
11 0.007331898000000001 0.0 0.2680185 0.17494842 0.5434183000000001
11 0.0072455076 0.6851765000000001 0.32061523 0.8962965 0.74130535
8 0.007189395 0.7859126999999999 0.22768275 0.9628901 0.54928654
11 0.0070729022999999995 0.78253603 0.1860027 0.9274565 0.7204891
13 0.007011983 0.758996 0.24308307 0.9090848 0.70387226
12 0.0069891373 0.6716605 0.16071825 0.9212561 0.53357476
2 0.0069684707999999995 0.6674395000000001 0.18713555 0.9544191999999999 0.616031
9 0.0069279643000000005 0.08305434 0.25141507 0.28161812 0.7605486
2 0.006903175300000001 0.60323167 0.26668698 1.0 0.58877784
11 0.0068962937 0.08852291 0.33835334 0.30978832 0.7329260999999999
3 0.006880729499999999 0.017207205 0.17533854 0.19219470000000002 0.7196866
12 0.0068489867 0.67772835 0.10379137 0.8008973 0.8370513
1 0.0068244840000000005 0.58780855 0.20114957 0.9334988999999999 0.5275329000000001
6 0.006821005 0.66921586 0.27699104 0.94713956 0.6792045
11 0.0067850803 0.623001 0.30391023 0.8383229999999999 0.6990295999999999
5 0.006768509 0.008432634 0.21360898 0.20304808 0.77317303
2 0.0067354897 0.5062035 0.26603994 0.8886276 0.59133804
3 0.0067257396999999995 0.15822133 0.25602347 0.35532317 0.61081535
1 0.0066689868 0.5834329 0.21626708 0.8455132 0.7217272
6 0.0066569373 0.0 0.37319633 0.30550593 0.6794483
8 0.0066251457 0.30817884 0.26312944 0.6076415 0.54529256
4 0.0066244737 0.035664164 0.34574828 0.28361925 0.59853065
1 0.006587495600000001 0.018551484 0.16725019 0.1774414 0.82356304
10 0.006581809 0.57197595 0.34173214 0.91144717 0.63714737
13 0.006562674 0.0 0.3396088 0.20117871 0.73733705
12 0.006545979 0.7715865 0.1076138 0.89791197 0.76125306
5 0.0064424174 0.12038408 0.26442066 0.44625459999999995 0.6453534000000001
12 0.006425040999999999 0.033097006 0.19407989 0.26305124 0.5799689
9 0.006413093000000001 0.6377946 0.32925496 0.8260777 0.7213996
1 0.0063839876 0.04962665 0.23662789 0.38391685 0.6067665
12 0.006348947 0.10948221400000001 0.17893597 0.23018427 0.9208754000000001
3 0.0063355854000000005 0.024365573999999997 0.06915716 0.28921995 0.42059013
2 0.006329611999999999 0.034031822999999996 0.30302438 0.33276849999999997 0.7436871
8 0.006326133 0.8422885 0.30684155 0.9840249 0.7509717
13 0.0063096406 0.06229119 0.34482676 0.29585409999999995 0.7337969
1 0.0062866025 0.04050701 0.16961585 0.25912008 0.6448039000000001
9 0.006278100000000001 0.6420374 0.20590238 0.93962324 0.5224245
12 0.0062228604 0.056140132 0.04714995 0.17152515 0.81446415
6 0.006211224 0.0 0.2789752 0.19875072 0.5577733
7 0.006173258 0.0 0.22061387 0.35572332 0.61965144
8 0.0061525474 0.23090121 0.23155709 0.530341 0.5360468
2 0.006137515 0.5768014 0.15746556 0.9390923000000001 0.44461182
8 0.0061365846 0.09464571 0.31994548 0.3944688 1.0
5 0.0061193123 0.78596175 0.19632287 1.0 0.77502877
8 0.006082443000000001 0.24760324 0.03518915 0.74155694 1.0
13 0.006061525 0.6945321 0.35088143 0.8460981 0.8338260000000001
9 0.0059655774 0.69689506 0.4011636 0.9486658000000001 0.73130304
11 0.0059484015000000005 0.7369159000000001 0.24125266 0.9655712 0.6266683000000001
7 0.0059450674 0.6036188 0.23590666 0.8736482 0.8873196
8 0.0059223436 0.0 0.03912433 0.40999797 0.8883728999999999
2 0.005880255 0.0 0.22115338 0.25826946 0.5547628000000001
3 0.0057910723 0.14275068 0.20708033 0.30393216 0.7007277
5 0.0057901037 0.02116561 0.33351174 0.30852193 0.7035515999999999
13 0.0057812324 0.72536665 0.31537762 0.9763219999999999 0.5821166999999999
1 0.005739816500000001 0.0 0.24497692 0.2539866 0.56626064
13 0.005700054 0.069060735 0.29002157 0.22730744 0.76152366
8 0.005671199399999999 0.0 0.123258725 0.15639481 0.44039409999999996
13 0.0056587867000000005 0.63327354 0.27293429999999996 0.8455315000000001 0.6276801
3 0.005620076 0.48135766 0.29606053 0.679597 0.6562726999999999
9 0.005584195699999999 0.07963981 0.24608336 0.40053236 0.60423726
11 0.0055457936 0.5381533000000001 0.36373487 0.89859796 0.6480838000000001
1 0.0055234944 0.5802503999999999 0.3073973 0.82714343 0.8630619
4 0.0054875626 0.09490416 0.28416944 0.29866970000000004 0.6579745
12 0.005476243299999999 0.13295712 0.15752761 0.28503114 0.66766196
3 0.005464779 0.16610996 0.34087017 0.49734378 0.91767395
4 0.0054465453 0.8107694000000001 0.28528127 0.9903628000000001 0.56000924
1 0.0054355506 0.7227793 0.31133145 0.9173449 0.8805722
2 0.0054052990000000006 0.052996293 0.13554361 0.2618968 0.6071468000000001
13 0.0053963354000000005 0.6186246999999999 0.39136973 0.93885267 0.6810096999999999
1 0.005340276 0.6817498000000001 0.06347198 0.82843125 0.67150646
8 0.0053350134 0.4128446 0.0 0.7527656999999999 0.9785523000000002
3 0.005317563000000001 0.60343766 0.23778677 0.77474713 0.70008326
2 0.005317151 0.62581795 0.2728581 0.8939244000000001 0.6978727
2 0.005307366 0.10239421 0.2598654 0.38092524 0.596695
11 0.00528361 0.71908844 0.30233726 1.0 0.5622050000000001
5 0.005267050600000001 0.6317482 0.45297205 1.0 0.727454
1 0.005251036999999999 0.05291585 0.107191354 0.2001684 0.6840628000000001
8 0.0052362136 0.7687063000000001 0.26105037 0.9598923 0.9195492000000001
3 0.00522075 0.01918488 0.048085768 0.20017615 0.31754032
11 0.005218325 0.6835995 0.22355801 0.9155363999999999 0.5997960999999999
8 0.0051879175 0.13447863 0.26220152 0.42543679999999995 0.55116946
11 0.005172495300000001 0.6899812 0.21632524 0.8303514999999999 0.7930411999999999
7 0.005127211 0.046065003 0.17076619 0.32307476 0.7006294
2 0.005121491 0.58266807 0.20049144 0.83161616 0.63855666
12 0.0051164376 0.08487603 0.17051144 0.25500628 0.71232575
10 0.0050825723 0.030412406 0.31572443 0.32075387 0.5618375
10 0.004995347 0.020527817 0.38040987 0.17465898 0.6668881
9 0.0049840123 0.75681686 0.17461225 0.9065757 0.71439415
11 0.0049783117 0.53691137 0.43200156 0.87142897 0.7203771999999999
8 0.004976266500000001 0.14544702 0.08281620599999999 0.7928758 0.6991046
8 0.00496609 0.12949961 0.0 0.60934496 0.95238113
10 0.0049597495 0.66788864 0.32566017 0.9306799000000001 0.7492459
