3 0.029294132999999997 0.20922928 0.36311027 0.67418146 0.9193972
3 0.022542974 0.16521347 0.42596590000000006 0.5536203000000001 0.90474975
3 0.019131308 0.30035300000000004 0.44384070000000003 1.0 0.9166215
3 0.018174862 0.5249626000000001 0.26376763 0.82148093 0.51895005
8 0.01751149 0.032142296 0.0 0.33797592 0.9611987
3 0.015155533999999998 0.038445592 0.6655145 0.8393459000000001 0.96890897
3 0.013913378999999998 0.13886079 0.5701715999999999 0.71944535 0.94957787
3 0.01297552 0.46910095 0.28253487 0.6695452 0.6244002
8 0.01225698 0.111353174 0.0 0.41895086 0.9410328000000001
3 0.012064423999999999 0.44925576 0.20532066 0.73297364 0.48563492
3 0.011977598 0.17819983 0.6514504 1.0 0.92731774
3 0.01125182 0.46400893 0.33691746 0.94839156 0.88264626
3 0.011048319 0.4698825 0.29570484 0.7652279000000001 0.5393033
3 0.010323671999999999 0.42976707 0.29083475 0.7923828 0.8708775
8 0.010159682 0.11704011 0.37480846 0.50011224 0.9761934000000001
8 0.010144464 0.38450468 0.18786298 0.6968014 0.99424535
8 0.010036301999999999 0.30297232 0.31055063 0.6146583000000001 0.97244626
3 0.009451209 0.25388652 0.29920688 0.87689394 0.7874324
8 0.0093619125 0.43167510000000003 0.12477027 0.62903297 0.51372725
3 0.009153821 0.5174426999999999 0.2480491 0.7034954000000001 0.5646309
8 0.009072128 0.46586615 0.20801032 0.66249865 0.5888351
8 0.009068408 0.42495537 0.23996456 0.6216109000000001 0.61059064
3 0.008825049 0.5873437 0.30675608 0.9503429 0.5512296
3 0.008459000999999999 0.5532731 0.10189400000000001 0.77668107 0.47660992
8 0.007995971999999999 0.13849404 0.32670432 0.667748 0.9314604999999999
8 0.007935331 0.0 0.07601751400000001 0.17394222 0.6944235
3 0.007908021999999999 0.05563786 0.043412674000000005 0.29463091 0.26842728
3 0.00757876 0.22249146 0.39246553 0.5020595999999999 0.6331795
8 0.0075650983 0.33570743 0.0 0.65165246 0.9665386999999999
8 0.0073024076 0.054936007 0.33295527 0.38872743 0.9606021999999999
3 0.0072122742 0.081285745 0.33294013 0.42759934 0.9139944
3 0.006969629000000001 0.31604248 0.46645832 0.58893365 0.82473344
8 0.006823469 0.33541129999999997 0.44873729999999995 0.9009309000000001 0.97867185
3 0.006435779 0.039600894 0.07231734 0.19958498 0.5210997
3 0.0064317673 0.5578396999999999 0.13116585 0.9013959999999999 0.8336776
8 0.0064092735 0.45818052 0.23809548 0.73430467 0.5293845
8 0.0062623290000000005 0.0 0.049360565999999995 0.24327621 0.30740166
8 0.006165615300000001 0.4955951 0.09952622 0.68974245 0.49536800000000003
8 0.006153918299999999 0.48560240000000005 0.00990306 0.80357206 1.0
8 0.0061171656 0.31559473 0.34311926 0.47258829999999996 0.9667763
3 0.00575109 0.36881816 0.33671647 0.6506014 0.5758186
3 0.005534914300000001 0.20155886 0.41979784 0.41195104 0.89250183
3 0.0054839314 0.04655064 0.0925584 0.29615468 0.35390583
8 0.005429363 0.09853702 0.22272417 0.24418736 0.7721279000000001
8 0.0054036314 0.04371716 0.061459858 0.2151785 0.57669187
8 0.005300965 0.5897504 0.05738825400000001 0.7626889 0.341658
8 0.005178650999999999 0.0008317530000000001 0.1288739 0.12694407 0.6695318
8 0.0049699005 0.0 0.0 0.24413304 1.0
3 0.0049629756 0.12986818 0.50875545 0.39902523 0.90103936
8 0.0047200895 0.0 0.06465524 0.2193866 0.45907795
3 0.0046966462 0.035823524 0.45964187 0.3455472 0.9604690999999999
8 0.0046452093 0.12525165 0.18616779 0.690287 0.7943657
3 0.0045859613 0.030499502999999997 0.10222576 0.15962104 0.604472
3 0.0045661605 0.28410894 0.44735548 0.49261057 0.8833290000000001
8 0.0043468196 0.16617845 0.0 0.62737584 0.90739906
3 0.0043295287 0.23779252 0.43127295 0.54466844 0.7107274
8 0.004305884 0.0 0.018286096 0.30160344 0.70801586
3 0.004272615 0.11774491 0.32629645 0.41613019999999995 0.5429626999999999
8 0.0042566126 0.2755809 0.5176662999999999 0.7348292 1.0
8 0.0041583623 0.3619493 0.22832648 0.62858224 0.514695
3 0.004040533 0.075072475 0.11599573 0.31041616 0.5757465
3 0.004027337299999999 0.14342833 0.41729823 0.44768459999999993 0.6603996999999999
3 0.0039840373 0.28955367 0.32930773 0.5788704000000001 0.5611305
8 0.003981498 0.30792373 0.0 0.8141503999999999 0.57087785
8 0.0038733173 0.0 0.028526782999999997 0.14471345 1.0
8 0.0038417375 0.20953682 0.31904075 0.36505964 0.97931236
3 0.0037646804 0.4300112 0.36478165 0.7279964 0.5937186
3 0.0036780995 0.04942195 0.13100061 0.24828975 0.48541626
8 0.0036562048 0.54839283 0.032327242 0.7755192 0.23638530000000002
3 0.0036275494 0.030630782000000002 0.03923823 0.19332244 0.27097955
8 0.0036191409999999998 0.44816688 0.11255402 0.6081397 0.6714576999999999
3 0.0036132029999999997 0.16642544 0.22949682 0.6499785 0.7063125
3 0.0035246136 0.5107710999999999 0.088792324 0.65052253 0.54145396
3 0.0034458633 0.018313736 0.5825340999999999 0.44532037 0.9789028000000001
3 0.0033953388 0.5498548000000001 0.12787178 0.9982370999999999 0.59030086
3 0.0033817934000000003 0.066304244 0.03948074 0.22586979999999998 0.41563886
3 0.0033654536 0.52154976 0.26441279999999995 1.0 0.72182846
3 0.0033492744 0.5574468000000001 0.18003888 0.9028235000000001 0.44963068
8 0.0032827773 0.07403642 0.5565640000000001 0.6022956 0.99403465
3 0.0032594358 0.61736953 0.0 0.8026749 0.28605986
8 0.0032138352 0.28368598 0.24156123 0.43915588 0.84485364
3 0.00318821 0.15456954 0.29463568 0.32047597 0.71368915
3 0.0031392437 0.12896386 0.23302998 0.5532379 0.86349666
8 0.0031388540000000004 0.29809406 0.39137045 0.5168569000000001 0.8251231
8 0.0031069964 0.3979394 0.14408782 0.552098 0.6925355
8 0.0030782348 0.24885970000000002 0.29218253 0.39838272 0.9568129999999999
3 0.003048223 0.33654118 0.37207386 0.60548 0.6284784000000001
3 0.0029518091999999998 0.061351135 0.031380076 0.31463259999999993 0.19030418
3 0.0029461229999999997 0.10019326 0.11142341 0.39860609999999996 0.63878083
8 0.002933373 0.55418384 0.05579256 0.71669924 0.3764026
3 0.0028952140999999997 0.07398155 0.40018442 0.37284693 0.6242055999999999
3 0.0028086703 0.07291949 0.17677529 0.27552813 0.751084
8 0.0027888543 0.14306375 0.32062808 0.46105233 0.61326146
8 0.0027814237 0.40477192 0.29002795 0.8608593000000001 0.9260149999999999
3 0.0027664409999999997 0.12129397 0.23677927 0.28966704 0.7057661999999999
3 0.0027000576000000003 0.10613851 0.053103633 0.26989096 0.52775174
3 0.002626295 0.03018327 0.30946988 0.30109537 0.53937787
8 0.0025991945999999998 0.54308957 0.07654791 0.7078888000000001 0.65243036
3 0.002584646 0.634636 0.0 0.9029514000000001 0.20221715
8 0.0025655716 0.0 0.04284231 0.38669905 0.38026702
8 0.0025458536 0.53705525 0.01570742 0.8805690999999999 0.16256199999999998
3 0.0025328496 0.013314277 0.21790405 0.18380798 0.5059049
3 0.0025198653 0.50851446 0.04810557 0.6828566 0.37553522
3 0.0025124003 0.037815735 0.1496803 0.20111105 0.8987120000000001
8 0.0024589626 0.08377530000000001 0.25278592 0.29195762 0.6499228
3 0.002440319 0.62384474 0.07324506 0.8758055 0.46907726
3 0.0023599644 0.25936466 0.36950344 0.55569226 0.6029983
8 0.0023147434 0.14113317 0.18279842 0.31402397 0.7193189
8 0.0022846772000000002 0.39903307 0.25889337 0.6776922 0.5469937
3 0.002261475 0.015256822 0.3422111 0.22819504 0.9304841
8 0.0021903443 0.0 0.025799116 0.15512586 0.16013041
3 0.0021457586 0.06705128 0.28308165 0.37446082 0.739566
8 0.0020553942 0.46832758 0.0441625 0.63506657 0.36962625
8 0.0020347398 0.039731145 0.02375581 0.27169067 0.22668624
3 0.0020224038 0.16458228 0.14665712 0.46829626 0.6839503
3 0.0020021577 0.022935115 0.07727958 0.1883001 0.3464339
8 0.001993894 0.028209828 0.30309382 0.24931523 0.9881333000000001
3 0.0019682827 0.11071499 0.063245274 0.48690164 0.34369165
3 0.0019681707000000002 0.47493482 0.13648045 0.7922722 0.41627795
8 0.0019606845 0.34763762 0.029637124 0.8807684000000001 0.2962181
3 0.0019435309 0.42479557 0.2623344 0.60695976 0.67053986
8 0.0019430823000000002 0.5010116 0.02620758 0.89929867 0.43568936
3 0.0019290928 0.16302902 0.05779355 0.7095476 0.35451168
8 0.0019087257 0.47872650000000005 0.18192148 0.80801344 0.44891570000000003
8 0.0018788966000000001 0.04345432 0.046226595 0.29074574 0.44857040000000004
8 0.0018306654000000001 0.08721705 0.35942640000000003 0.384596 0.65033746
3 0.0018241508 0.30046135 0.31810418 0.48422623 0.78066695
8 0.001806606 0.27570373 0.3250345 0.4916299 0.73805904
4 0.0017950133 0.3281361 0.33098259999999996 0.6614083000000001 1.0
8 0.0017849023999999998 0.0 0.039082665 0.11046718 0.24635744
3 0.0017602001999999998 0.08967693 0.063222505 0.38237655 0.41805370000000003
3 0.0017594703 0.033645093 0.49556133 0.32757613 0.7468306
8 0.0017463696 0.44344378 0.06808543 0.74495864 0.7986229
8 0.0016769739 0.57970977 0.10352341 0.7872462 0.52996945
3 0.001669235 0.53491294 0.040920973 1.0 0.31021065
3 0.0016475223 0.6096227 0.0006042255599999999 0.9774673 0.13827160000000002
4 0.0016467334 0.17417634 0.24234025 0.62928927 0.99566585
3 0.0016358092 0.029153831 0.025123722999999997 0.19544476 0.14393732
8 0.0016336492 0.0 0.09262361 0.15210497 0.3867268
8 0.0016317856 0.18289165 0.39513445 0.49879402 0.70071536
8 0.0016077359 0.0 0.0014717579 0.50417936 0.48729799999999995
3 0.0016069292999999999 0.28979495 0.54902107 0.5926635 0.9012639000000001
3 0.0015996576999999998 0.06800188 0.3440649 0.3622052 0.5668745
8 0.001589105 0.52737737 0.26731184 0.82532537 0.5648158000000001
8 0.001577732 0.16111689999999998 0.34440118 0.3714314 0.7897569999999999
8 0.0015624699 0.0 0.06344739 0.11373947599999999 0.45038053
3 0.0015417389999999999 0.1423555 0.31541399999999997 0.37869555 0.62531745
3 0.0015126038 0.6379031 0.011346791 0.8144100000000001 0.42804816
8 0.0014849674 0.25711860000000003 0.42752457 0.5547955 0.7408883
8 0.0014762782 0.0 0.15867336 0.56228334 0.75622654
3 0.0014549273 0.17458436 0.34949228 0.46760556 0.5762484
8 0.0014514708 0.29370907 0.28223526 0.5744169 0.54233867
3 0.00144948 0.24662358 0.14707012 0.83411235 0.6176385999999999
8 0.0014352622 0.56574094 0.06133659599999999 0.8058754 0.40293834
8 0.0014318988 0.20122084 0.023388717000000003 0.80639505 0.3594579
8 0.0014209914999999999 0.5979379 0.014900578000000001 0.9482866 0.7124198
8 0.0014122734 0.010354713 0.3220898 0.29805046 0.6093014
8 0.0014097953 0.0 0.086472966 0.0799242 0.5095077
3 0.0014003945 0.5415325 0.21186021 0.7270795 0.6655726
3 0.0013933817000000002 0.28668624 0.17242162 0.7223261999999999 0.8361549
3 0.0013702164000000002 0.016616121 0.036928587 0.10394749 0.43178059999999996
12 0.0013594648000000002 0.079682685 0.0 0.22540802 0.5495196
8 0.0013579541 0.40150338 0.11594425 0.7058477 0.4024542
8 0.0013374292 0.5070772 0.039454937 0.8356469999999999 0.7248420999999999
8 0.0013061147 0.034315795 0.607028 0.37985075 0.9916898000000001
3 0.0013056978 0.4943857 0.53725004 1.0 0.89611214
3 0.001304482 0.7192853 0.07799724 1.0 0.59877706
8 0.0012973967 0.0 0.1965542 0.14687070000000002 0.50186557
8 0.0012951281 0.04985416 0.24545895 0.34415552 0.5292918000000001
3 0.0012705975 0.2017237 0.26031128 0.3793559 0.7171337
8 0.0012674639 0.51945466 0.04715742 0.675275 0.41381347
3 0.0012409374 0.66192 0.06118683 1.0 0.42405770000000004
3 0.0012248917 0.12960501 0.12106131 0.49256223 0.5209249
3 0.0011970953 0.61327773 0.0071501867 0.97716194 0.25498545
8 0.0011947654 0.15866749 0.21509421 0.38291043 0.6217384
3 0.0011877571 0.18648487 0.10794226 0.7126352 0.51599056
8 0.0011816325 0.21024445 0.30083603 0.50547063 0.5850809
3 0.0011802159 0.55046034 0.040980882999999996 0.7416557 0.36327377
3 0.0011741674 0.72002566 0.20853870000000002 0.90321743 0.66555303
9 0.0011665119 0.4586099 0.07921219 0.65606153 0.51684314
12 0.0011636709 0.027557692999999998 0.0 0.16832134 0.5577594
3 0.0011580632 0.015522568999999998 0.0038380953000000002 0.14794949 0.18553525
8 0.0011563947 0.1225721 0.44295534 0.3166678 0.8984769
8 0.0011559823 0.0 0.12956381 0.0743957 0.6937681
8 0.0011474324 0.5591411999999999 0.038413126 0.9465676 0.31572142
7 0.0011280208 0.5728300000000001 0.0 0.78466934 0.33407912
6 0.0011159076 0.5892145999999999 0.03630482 0.7580554 0.32232448
8 0.0010754605 0.6125991999999999 0.05374347 0.8592636 0.33585903
8 0.001069331 0.32077128 0.1496212 0.47744179999999997 0.7119744
8 0.0010469237 0.32834077 0.23708291 0.5381417 0.6562127
4 0.0010301849 0.27606827 0.18154137 0.7401281999999999 1.0
8 0.0010223860000000001 0.7084683 0.031279776 0.8931180000000001 0.6037119000000001
4 0.0010081183 0.54334706 0.25445262 0.84221405 0.549519
9 0.0009835052 0.027564033999999998 0.047959222999999995 0.2860163 0.52182645
8 0.0009728134599999999 0.0 0.1997558 0.33324113 0.79979354
3 0.00097028195 0.49219137 0.41025904 0.85599416 0.64190155
6 0.0009499037400000001 0.33182624 0.614585 0.9512136 1.0
8 0.0009484318400000001 0.23545891 0.0 0.64601284 0.57553816
8 0.0009463439999999999 0.29113248 0.5028832999999999 0.49685904 0.93815124
3 0.00094022567 0.7613936 0.03978112 0.9457124 0.5243683000000001
8 0.0009308138400000001 0.6168057 0.005579591 0.97033477 0.15664041
12 0.0009189805000000001 0.044990927 0.0 0.25655273 0.30476338
12 0.0009152276 0.31121784 0.29824290000000003 0.6122949000000001 1.0
8 0.00091493974 0.26536387 0.14702293 0.41422963 0.7174824000000001
3 0.00090925966 0.015874684 0.21575761 0.16100350000000002 0.7532423
9 0.0009029706699999999 0.3810703 0.14990169 0.69525063 0.49204627
8 0.0008965822 0.34804335 0.31625253 0.6258919 0.5906729000000001
9 0.0008933423699999999 0.019886374 0.023655495 0.20038167 0.4873903
3 0.0008880611 0.68901217 0.14367321 1.0 0.8278691999999999
8 0.00088316656 0.0 0.46463409999999994 0.22102821 0.76647884
8 0.0008822555 0.2675166 0.32560378 0.5593606 0.62090003
4 0.0008774082 0.31213343 0.4916099 0.7927288 0.9515049999999999
3 0.0008773188499999999 0.13224879 0.031621207 0.5890939000000001 0.28307608
3 0.0008564279400000001 0.6274048000000001 0.074775405 0.7963773000000001 0.5383800999999999
8 0.0008556697 0.23328227 0.46233273 0.42641753 0.93819356
9 0.0008434813000000001 0.19013940000000001 0.32625970000000004 0.5014008 0.62983567
8 0.0008366005499999999 0.41056818 0.036829844 0.69938415 0.6498721
13 0.000827359 0.0 0.034861326 0.26239336 0.295993
7 0.0008182402000000001 0.534991 0.0 0.8256844000000001 0.23864004
7 0.0008040764 0.013486206499999999 0.40717122 0.6094041 0.96641105
13 0.0007955571 0.07907781 0.3202469 0.58181024 0.9118783000000001
12 0.0007893194 0.16821116 0.32754459999999996 0.43456995 1.0
13 0.0007878554 0.5911026 0.004403564600000001 0.7486794 0.30553332
9 0.0007716807000000001 0.0 0.015633663 0.2555902 0.33568192
12 0.0007702328999999999 0.25777674 0.34855795 0.5378693 1.0
4 0.0007684958000000001 0.1263109 0.49656009999999995 0.60877895 0.9367853
7 0.0007679259 0.0 0.0 0.3016684 0.34656912
13 0.0007578015 0.12770438 0.4274438 0.45914608 0.9293214
13 0.00075616344 0.07283092 0.08389102 0.22883308 0.54351676
12 0.0007444124000000001 0.33154672 0.35164997 0.4617998 0.99104923
1 0.00074002455 0.40962982 0.100710616 0.64290833 0.51958674
12 0.00073714 0.108480155 0.28489667 0.7084736 1.0
4 0.0007243167500000001 0.46980128 0.25405782 0.6792953 0.63392156
4 0.0007144711 0.20463064 0.43836948 0.9418634 0.96170235
12 0.0007004853 0.07362512 0.0 0.34533426 1.0
13 0.0006875992999999999 0.005770743 0.50102776 0.5226268000000001 0.9589251
12 0.0006843034 0.30620879999999995 0.29063788 0.9184763000000001 1.0
7 0.00067460653 0.0 0.33364546 0.5068123999999999 0.9199994
13 0.0006738217 0.034106612 0.06798267 0.19630367 0.46429178
4 0.0006709607000000001 0.14342067 0.16048579999999998 0.8249757 0.8227073
13 0.0006708278699999999 0.10656895 0.27015036 0.25445688 0.7839095
1 0.0006687584 0.24376246 0.2587444 0.5870935 0.88357174
1 0.0006668456 0.14366549 0.30578354 0.45952678 0.64556104
7 0.0006560703599999999 0.54590046 0.0 0.95271766 0.17018743
7 0.00065246347 0.0 0.0 0.14379197 0.23697206
4 0.0006400044 0.4280708 0.46467686 1.0 0.9591759
4 0.00063948816 0.45925942 0.10235079400000001 0.6959035 0.504273
4 0.0006360084 0.41427225 0.12749921 0.7188619 0.95868367
12 0.0006346090000000001 0.47118235 0.063778296 0.66571236 0.60206556
4 0.0006331538 0.58977634 0.016466552 0.7664477 0.26819643
13 0.0006274746 0.28582805 0.39982262 0.62867874 0.922536
9 0.0006235899 0.49096709999999993 0.0 0.6505994 0.35470074
1 0.00061123824 0.17709541 0.3299269 0.7977156 0.86069185
13 0.0006022182599999999 0.034614563 0.09508835 0.36409384 0.9209096999999999
9 0.0006010393 0.34293637 0.31860483 0.48103450000000003 0.86330634
12 0.00060063665 0.03146889 0.0 0.2585569 0.66921794
12 0.0005949183 0.027826807999999998 0.0 0.1631032 0.30858284
1 0.0005946796 0.041082084 0.18770163 0.5402578 0.85503715
11 0.00058957085 0.45960116 0.27374125 0.6680162 0.62903804
11 0.0005878535400000001 0.051751955999999995 0.17769618 0.29000992 0.49913964
9 0.00058710546 0.36766982 0.28847685 0.6365917 0.93966854
12 0.0005767255 0.09023154 0.36996838 0.5269531999999999 1.0
6 0.0005765385 0.08268131 0.44248682 0.5762752 1.0
11 0.00057456066 0.34530342 0.38716593 0.6527012 1.0
9 0.0005725861 0.4606605 0.15064518 0.7661922 0.4824383
4 0.0005717072599999999 0.041580737 0.34810236 0.46923208 0.92237836
7 0.0005682498 0.4038605 0.21891451 0.7103799 0.70030016
1 0.0005637074 0.35350192 0.46577516 0.8510834999999999 0.910209
6 0.0005630617 0.13096777 0.5227621 0.48745748 1.0
7 0.00056112447 0.0 0.0 0.19242576 0.16894302
9 0.0005584804 0.45049754 0.20979702 0.6455588000000001 0.63081104
6 0.0005550815 0.15559279999999998 0.39010262 0.5478791999999999 0.7014829
13 0.0005514358 0.06885979 0.047887538 0.2389282 0.30285212
9 0.00055135845 0.0 0.015553428000000001 0.17677188 0.17857891
7 0.0005481805000000001 0.3779348 0.49502242 1.0 1.0
9 0.0005434669 0.22452538 0.19964875 0.5830039 0.9799761
12 0.00054187246 0.013161406 0.29491872 0.39938182 1.0
4 0.0005404454 0.40545177 0.20460653 0.73858404 0.5280402
7 0.0005370097 0.4230063 0.21363755 0.85140014 0.58925134
11 0.0005369335 0.1812069 0.4021853 0.6059312 1.0
12 0.00053575163 0.42127386 0.11664668 0.7210283000000001 0.52138174
6 0.0005349616 0.41742224 0.27301827 0.6753281999999999 0.69821614
9 0.0005335561599999999 0.089125425 0.0 0.36236090000000004 0.96125114
12 0.0005311142299999999 0.017503493000000002 0.0 0.14249521 0.70273864
1 0.0005308364599999999 0.0 0.38350782 0.49779102 0.8770710999999999
12 0.0005287574 0.15176757 0.0 0.42416018 1.0
13 0.0005287277999999999 0.20378388 0.47413826 0.36663783 0.9101527
6 0.00052758044 0.28020227 0.5127442 0.6345048000000001 1.0
12 0.0005272184999999999 0.44453672 0.42484254 0.94792295 1.0
9 0.0005268586 0.62443846 0.0 0.77392393 0.3275134
7 0.00052483595 0.0013671517 0.0 0.23481555 0.4835116
4 0.0005229809999999999 0.40271768 0.14854684 0.76090693 0.44430929999999996
9 0.0005212450599999999 0.5373789000000001 0.046038482 0.72870183 0.4549444
12 0.000519358 0.062685974 0.0 0.19806752 0.44210687
1 0.0005187263 0.34214407 0.1559676 0.6801600999999999 0.44961873
1 0.0005186187 0.057194247999999996 0.0 0.26304746 0.50523305
9 0.0005161467700000001 0.21057957 0.24291839 0.45646286 0.94788593
13 0.00051494583 0.5584434 0.008829223 0.7745575 0.21849097
9 0.0005141562000000001 0.58279836 0.0 0.7394581 0.34701067
13 0.00051113527 0.3564542 0.23261084 0.70502454 0.86465955
