8 0.015545218999999999 0.00056969747 0.09959009 0.0744133 0.59734577
3 0.008688441 0.44078493 0.81578046 0.8699290999999999 0.96167266
8 0.0069889314000000004 0.0 0.06079936 0.16245738 0.6314287
8 0.006524209 0.0 0.15574642 0.117621064 0.55232173
3 0.005495835 0.14510396 0.706121 0.5362904000000001 0.95115936
3 0.005421316 0.024357777 0.20377924 0.14664097 0.5344246
8 0.005122193 0.053671777000000004 0.67092633 0.7305493000000001 0.96431
3 0.004858152 0.19237736 0.68445194 0.9883200999999999 0.9330799999999999
8 0.0048267967 0.111632094 0.7133236999999999 0.42601442 1.0
8 0.0047959885999999995 0.007944405 0.67098653 0.44519353 0.99346477
3 0.0045182765000000005 0.11305682 0.34927854 0.60825485 0.83969235
8 0.0043179863 0.37771714 0.7924243000000001 0.738541 0.9678247999999999
8 0.0041289907 0.0 0.046955984000000006 0.11640674 0.41321709999999995
8 0.0036777027000000004 0.42576718 0.63014245 0.6185421999999999 1.0
3 0.0036435528000000003 0.14130879999999998 0.8006159 0.5391471999999999 0.97347313
3 0.0034562212 0.1933913 0.34663174 0.9326074000000001 0.8491488000000001
3 0.0034331115999999997 0.39253265 0.7576953000000001 0.8530473 0.95551324
3 0.003358994 0.011730485 0.058283117 0.08717823 0.57046443
3 0.0033284037 0.081775725 0.64207196 0.7695361999999999 0.9476844000000001
3 0.0031920434000000004 0.03652731 0.12128325599999999 0.15684727 0.47952159999999994
3 0.0030405615000000004 0.11519733 0.53424007 0.93217766 0.9255875
3 0.0026615015000000003 0.19118784 0.1900736 0.65998584 0.89585286
3 0.0025575827 0.09622532 0.547165 0.61129063 0.9205209999999999
8 0.0025246423000000002 0.024271399 0.018309275 0.32346353 1.0
4 0.0024540282 0.41409650000000003 0.7978808000000001 0.78398454 0.9619122999999999
3 0.0024009657 0.44390216 0.67918855 1.0 0.90162975
3 0.0023269239999999997 0.22438088 0.60587764 1.0 0.90609956
8 0.0023244205 0.054479435 0.13414107 0.4911043 0.9904213
3 0.0022344182000000002 0.035728775 0.34866729999999996 0.2607431 0.93286824
3 0.0021777519 0.5143174 0.76183736 1.0 0.9565368000000001
3 0.0021404056 0.46583527 0.533343 1.0 0.85738915
8 0.002123873 0.0 0.049458145999999995 0.07854915 0.33364186
8 0.0020025459 0.23621485 0.67099094 0.6099994000000001 0.99706006
3 0.0019717823999999998 0.05772704 0.41586876 0.41259074 0.9290497999999999
8 0.0019413388 0.11770512 0.8057196999999999 0.40583485 0.99434227
12 0.0018880941000000001 0.012488555 0.0 0.08245461 0.6370726999999999
4 0.0018778061 0.11169918 0.68523127 0.46103649999999996 0.9559367
8 0.0018667838 0.43069350000000006 0.74409956 0.6786182 0.98362243
3 0.0017997996 0.4535955 0.65770894 0.68079567 0.93312347
8 0.0017956670000000001 0.0 0.32144988 0.15114570000000002 0.6039033
8 0.0017689955 0.051897465999999996 0.810304 0.32721588 0.9974864
8 0.0017529672 0.010941363999999999 0.18771382 0.18093532 0.9980564000000001
8 0.0017359679 0.018583342 0.6551657 0.28438252 1.0
3 0.001652255 0.3874837 0.24871744 0.9663558000000001 0.87339836
3 0.0016373467999999999 0.15884233 0.14885794 0.48936337 0.8721398000000001
3 0.0016078546 0.29860729999999996 0.6746744 0.7527713 0.9177683000000001
3 0.0015839008 0.115020886 0.61691594 0.38686370000000003 0.94183445
8 0.0015404411999999999 0.3790297 0.67226166 0.762778 0.95103645
3 0.0015371495000000002 0.45048237 0.69805104 0.8976344999999999 0.92071617
3 0.001522631 0.5147767 0.24651629 1.0 0.81043833
3 0.0014156289999999998 0.029395792999999996 0.05951002 0.12493724 0.51635593
8 0.0014002031 0.0 0.054946635 0.34064528 0.48634037
3 0.0013939635999999998 0.01693461 0.3475566 0.18385532 0.5923656
3 0.0013785123999999998 0.024640053999999998 0.21618673 0.1633925 0.69132316
12 0.0013571235 0.019123275 0.080344625 0.13046393 0.6125888
3 0.0013533215 0.03434062 0.6008311 0.5173224000000001 0.94674766
3 0.0013092486999999999 0.023943841 0.6842305000000001 0.3976643 0.97091526
3 0.001309032 0.051311247000000004 0.10515025 0.19447932 0.61595327
3 0.0013057773 0.6852687 0.46884862 0.9322936 0.8574246999999999
8 0.0012729102 0.0 0.019133992 0.10712504 0.21748252
3 0.0012603807 0.009850837 0.26633920000000005 0.13736746 0.58315593
8 0.0012469269999999999 0.09236267 0.35778615 0.7875048000000001 0.97966045
4 0.0012312094 0.44091797 0.7363693 0.69463897 0.9677135
8 0.0012071013 0.0069995223999999995 0.71134883 0.1097732 0.99704534
3 0.0011824911 0.16487673 0.23912004 0.8084147 0.736416
8 0.0011578616 0.35214293 0.6228722 0.9347904 0.95387536
3 0.0011484032000000002 0.03740108 0.04300764 0.14290613 0.39919624
8 0.0010958059 0.0 0.11029241 0.1524257 0.38523078
8 0.0010934267 0.0 0.03625875 0.22756109 0.55034494
8 0.0010913427 0.0 0.05955749 0.23581791 0.93786705
3 0.0010836674 0.14430918 0.47282967 0.3453157 0.91498595
4 0.0010525634 0.09287891 0.8062443 0.47027929999999996 0.98420143
8 0.0010413639 0.79274786 0.37242782 0.9947635 0.84921044
3 0.0010373307000000002 0.34485057 0.17215715 0.72451925 0.8653232
3 0.0010138362 0.62930816 0.41958097 1.0 0.8184411
3 0.0010097057 0.030487366000000002 0.30460474 0.24647251 0.5482045
6 0.0010032133 0.33164790000000005 0.8686440000000001 0.67326474 1.0
8 0.0009956325 0.49247107 0.5666191999999999 0.695925 1.0
6 0.00096686254 0.080465525 0.7788446 0.4227763 1.0
8 0.0009388907000000001 0.025015533 0.47869375 0.6136477 0.99199265
8 0.0009189785 0.25554360000000004 0.0 0.62173223 1.0
12 0.00091646536 0.022390327999999998 0.0 0.13826960000000002 0.47379065
8 0.00091130123 0.0 0.067070566 0.40284133 0.8023117
8 0.0008876642 0.02200412 0.73220736 0.20676494 1.0
8 0.0008840873 0.0 0.26981297 0.20398799 0.65941095
3 0.0008821791 0.04732763 0.20465129999999998 0.18976724 0.50755423
3 0.0008810208 0.8080028 0.44039178 1.0 0.77960193
3 0.0008795551 0.01863423 0.80930835 0.296448 0.98241997
3 0.0008763125 0.0208515 0.28513438 0.18179706 0.5292488000000001
3 0.0008681470599999999 0.02360551 0.3341555 0.30797398 0.5867454000000001
8 0.00086528977 0.0 0.20575010000000002 0.15770237 0.4964409000000001
8 0.00085205334 0.12218904 0.60611194 0.2677241 1.0
9 0.0008376448 0.19911921 0.6891239 0.49022913 0.9902323000000001
3 0.0008250927000000001 0.0043275729999999995 0.5002736 0.15416047 0.9770595999999999
4 0.0008208985000000001 0.5189855 0.73061824 0.8739408000000001 0.9494040000000001
8 0.00081133185 0.7200555000000001 0.43538216 0.9095841999999998 1.0
3 0.0008040146 0.08963455 0.55068904 0.2885419 0.95260835
8 0.0007959366999999999 0.66754353 0.38409913 0.8657471 1.0
8 0.0007953442 0.0 0.19653149 0.07420185 0.76334476
5 0.0007907585000000001 0.13100864 0.7033308000000001 0.5198659000000001 0.95700437
8 0.00079049333 0.5822035 0.27609256 0.9940356 0.9778271000000001
3 0.0007858685000000001 0.008756354000000001 0.55285007 0.22263955 0.94728076
3 0.00078089087 0.13512261 0.13074906 0.53455836 0.59694415
3 0.0007748079 0.088026896 0.13118225 0.36885744 0.7644919
4 0.00075426366 0.08941519 0.63899124 0.8174212 0.95831406
8 0.0007510008 0.48426800000000003 0.7296694 0.82650226 0.9744369
3 0.00074976886 0.050545402 0.13770925 0.21021669999999998 0.37906784
3 0.00074945815 0.20537172 0.79526746 0.68026143 0.9678066999999999
3 0.0007464864 0.53006065 0.6424510999999999 0.8077799 0.92365247
4 0.0007422337700000001 0.0 0.6497805999999999 0.49175399999999997 0.95055276
8 0.0007414375 0.22936228 0.5064253 0.73657286 1.0
3 0.000704002 0.021541803999999998 0.39616266 0.19065112 0.96437985
8 0.0007014317 0.013825633 0.46776825 0.11454504 1.0
3 0.00068863906 0.35623765 0.4592361 1.0 0.8846395
8 0.0006878641000000001 0.4383537 0.41450690000000007 0.9616232 0.95921695
3 0.0006726421400000001 0.046981565999999995 0.2333748 0.28687125 0.46359846
3 0.00067214353 0.01102294 0.032509777999999996 0.09139960000000001 0.3318177
3 0.0006633256 0.0064341277 0.1981475 0.09807186 0.70461977
6 0.0006629602 0.07670800400000001 0.8654705 0.44718199999999997 1.0
8 0.0006601227 0.39083177 0.5818482 0.57090425 1.0
8 0.0006507686 0.29270768 0.020991432 0.7908106 1.0
8 0.00064400805 0.008755758 0.50538236 0.07785569 1.0
7 0.00062859 0.0 0.017362726999999998 0.10558963 0.72177356
8 0.00062044384 0.006688833199999999 0.25249183 0.27719244 0.8617060999999999
8 0.00061547465 0.0 0.27752352 0.13117585 1.0
8 0.0006122986 0.3945775 0.010698425 0.9298549999999999 0.97122085
1 0.0006076776 0.08679032 0.6745042 0.44486450000000005 0.9383286
1 0.00060621434 0.40597516 0.77244693 0.6687359 0.95756805
3 0.0006010955 0.7542011 0.44160864 1.0 0.88371605
3 0.0005902821 0.0061238334 0.38105009999999995 0.19893369 0.7576689
12 0.0005883961 0.110489756 0.7298948000000001 0.42332593 1.0
13 0.00057910156 0.10950391 0.7093399 0.43171573 0.95639825
3 0.00057616865 0.1391346 0.6096803000000001 0.56470394 0.8710515999999999
3 0.0005694548 0.06362784 0.20723778 0.30208522 0.8498709000000001
4 0.00056310237 0.43322876 0.5987351 0.6192036999999999 0.93711853
6 0.0005611315 0.00013519824 0.079187736 0.0802523 0.6775709
6 0.0005473548000000001 0.0 0.7506328 0.69691026 1.0
8 0.00053430843 0.30558574 0.5890153 0.49134976 1.0
6 0.000534096 0.0 0.73529226 0.49577380000000004 0.9995149999999999
8 0.0005327318 0.20236768 0.7966116999999999 0.48788214 0.99917793
3 0.00053094706 0.0063642524 0.50209373 0.09753765 0.9591755
3 0.0005252820599999999 0.0018046945 0.71149296 0.24801989 0.97540504
8 0.0005242969 0.022956617000000002 0.16039474 0.25058573 0.5634119000000001
8 0.0005242927999999999 0.77399147 0.37216577 0.9545764999999999 1.0
3 0.0005189816 0.112722084 0.0961409 0.4432822 0.48943123
6 0.00051687926 0.0034289173999999998 0.20881078 0.12815808 0.60743195
5 0.0005152259 0.13476552 0.82059366 0.50609684 0.96029526
3 0.00051154796 0.6252454000000001 0.64864653 1.0 0.87029773
9 0.0005087908400000001 0.44034186 0.8230021000000001 0.7250470999999999 1.0
3 0.00050551473 0.082491845 0.22168796 0.31304106 0.5558328
3 0.00050417834 0.038807295 0.18093824 0.21255699 0.8797590000000001
4 0.0004951234400000001 0.5144929 0.65760624 0.7676113 0.9528491
3 0.0004947316000000001 0.4933396 0.53779954 0.7504286 0.8938176999999999
9 0.0004946771 0.006560255 0.021035565 0.079472855 0.6216457
3 0.00048641760000000004 0.23523870000000002 0.10757351 0.6786814999999999 0.7125686
8 0.00047693485999999996 0.78248733 0.3515198 1.0 0.6369236999999999
1 0.00047657624000000006 0.0 0.10751837 0.11609699 0.5461278
8 0.00047627982000000006 0.0 0.20938070000000003 0.28686368 0.503246
3 0.00047380393 0.7815615 0.5516286 1.0 0.9032313
5 0.00047324574999999994 0.026593000000000002 0.68045753 0.59311855 0.9850243000000001
8 0.00046510552000000004 0.009603001 0.81703293 0.13636684 1.0
4 0.00046372414000000003 0.27119067 0.6322918000000001 0.6238023 0.9413655000000001
13 0.00046332856 0.0034852475 0.11310545 0.08350411 0.62198204
8 0.00046021992 0.0 0.041817255 0.2966885 0.30288878
3 0.00045992958 0.054095954 0.25581756 0.3834092 0.49486393
12 0.00045348206 0.41068536 0.8256812 0.733213 0.99614525
1 0.000451299 0.117635325 0.77296185 0.43504715 0.9664613000000001
12 0.00044572496 0.04009807 0.0 0.18036756 0.6935919
8 0.0004452172 0.0005827099 0.52609915 0.3176468 0.9952473
3 0.00044215258000000003 0.00708963 0.7231055999999999 0.1323368 0.96641
1 0.00042828027 0.05702582 0.62634796 0.6888664000000001 0.9098374
12 0.00042390392999999997 0.009271886 0.0 0.08534746 0.31894583
8 0.0004203591 0.0806591 0.48066753 0.21601108 1.0
12 0.00041440790000000003 0.11478022 0.6753219 0.79356 1.0
13 0.00040964642999999996 0.0073095634999999996 0.20140834 0.13163623 0.55690724
8 0.0004088845 0.6125326 0.577431 0.9560341999999998 0.9346631
8 0.00040703686000000003 0.055547833 0.6047409 0.19327557 1.0
3 0.00040281762000000005 0.31494147 0.2001933 0.91628176 0.6615376000000001
9 0.0004013975 0.48053062 0.75368816 0.68052113 1.0
8 0.00040032214 0.0 0.037775687999999995 0.5154146 0.37341717
9 0.0003995667 0.18192683 0.81152886 0.49248505 1.0
3 0.00039478415 0.017431963 0.0052149296 0.12004480000000001 0.19978997
3 0.00039105877 0.03355957 0.07636821 0.17182332 0.3255932
8 0.00038393968 0.677801 0.7191774999999999 0.9727495999999999 0.99419904
12 0.00038269480000000005 0.34251857 0.78254324 0.6549322 1.0
12 0.00038110375 0.0637041 0.0 0.39692405 0.50191534
12 0.0003786631 0.024003495 0.24556221 0.12815239 0.7564619
9 0.0003751549 0.006661635 0.14364195 0.12815827 0.5710978
3 0.00037407858 0.19468415 0.5444949 0.42383564 0.9003721
2 0.00037210697 0.32533336 0.8274021999999999 0.70902693 1.0
2 0.00036547985 0.011928599 0.06809449 0.11948532 0.61987484
4 0.00036536440000000005 0.16617104 0.80197746 0.58796656 0.98121125
8 0.00036520589999999994 0.0 0.37429547 0.14847049 0.7016923
3 0.0003635876 0.31459525 0.62773025 0.56002927 0.92010385
4 0.00036355355000000005 0.09625634599999999 0.57222176 0.35247168 0.9669322
9 0.00035912803 0.26617908 0.6311243000000001 0.8625753 0.9973767
7 0.000358144 0.0 0.24261883 0.1665661 0.7557411999999999
7 0.00035484164 0.05896689 0.68891376 0.5126784000000001 0.9743035
8 0.00035461382000000007 0.059588565999999996 0.049292166 0.52029896 0.60471696
12 0.00035014725 0.0 0.65745115 0.4639312 1.0
9 0.00034925828 0.47465461 0.6155473000000001 0.6118048 0.9755113999999999
13 0.00034283370000000004 0.0 0.35843712 0.12078854 0.7054762
4 0.0003421684 0.43039134 0.63210934 1.0 0.9470006
11 0.00034206017 0.14454304 0.84456146 0.45397598 1.0
1 0.00033946038 0.0 0.010369182 0.14311948 0.43715190000000004
3 0.00033401267 0.6241965 0.6925783000000001 1.0 0.92269737
8 0.00033318297999999994 0.00022152438999999998 0.38405490000000003 0.06692962 0.97653794
11 0.0003323951 0.019731099999999998 0.22753014 0.12468524 0.6050127
8 0.00032636867000000004 0.6088399999999999 0.66648304 0.88917875 0.9973257
8 0.00032602529999999996 0.71447444 0.11287369 0.9716073000000001 0.9351440000000001
7 0.00032570263 0.0 0.6488616 0.5686084 1.0
9 0.0003255073 0.5271621 0.6957734 0.73360765 0.9926489
3 0.00032481327000000003 0.05322455 0.5081028000000001 0.33027673 0.8938494
12 0.00032291247000000003 0.12893225 0.017758157 0.5144984 1.0
2 0.00032261352 0.00042792037 0.0 0.07015836 0.6737623
7 0.00032158918 0.041195302999999996 0.79511863 0.5538930999999999 0.9856814
8 0.00032062436 0.0 0.010355042 0.13991249 0.15282120000000002
8 0.0003177286 0.19347516 0.59089226 0.36113742 1.0
9 0.00031634694 0.11868182 0.6477441999999999 0.5443193000000001 0.9911844999999999
9 0.0003136463 0.38221562 0.63636196 0.6576395 0.937976
1 0.00031334086 0.0 0.0 0.08321227 0.6339205
3 0.00031207368 0.0140635595 0.81233543 0.19051456 0.9860131
4 0.00030795226 0.54901695 0.5583348000000001 0.7398108 0.9427893
9 0.00030722242 0.5586299 0.6247925999999999 0.70746696 0.9817412
8 0.00030606255000000004 0.17787375 0.0 0.5286576999999999 1.0
1 0.00030484766 0.0 0.6444852 0.47612566 0.9273834000000001
2 0.00030439812999999996 0.12911578 0.815343 0.45135427 1.0
8 0.0002995021 0.14383197 0.5385253000000001 0.31352842 1.0
8 0.00029904922 0.0 0.03515883 0.18203902 0.30318254
8 0.00029810338 0.3171469 0.31199926 0.6777337 1.0
12 0.00029758486 0.03909529 0.2867171 0.16484186 0.66781616
12 0.00029572964 0.4377147 0.65514195 0.5830623 1.0
4 0.00029071292 0.54876524 0.7854601 0.9492853000000001 0.95798904
8 0.00028517924 0.016029388000000002 0.19412549 0.6263745 0.8047401999999999
9 0.00028500982000000005 0.0016883612 0.033807065 0.085271746 0.3614283
8 0.00028457266 0.27577135 0.5521736 0.44435242 1.0
3 0.00028326130000000003 0.6661802 0.74256927 1.0 0.94901925
9 0.00028211527 0.0 0.013088411999999999 0.13213699999999998 0.42181602
4 0.0002764211 0.015685446999999998 0.0 0.0857467 0.5554331
4 0.0002760127 0.7828676999999999 0.3950038 0.9592113000000001 0.92171884
4 0.00027492042999999997 0.51564604 0.46915844 1.0 0.9361961999999999
4 0.00026935677 0.1928876 0.5071787 0.95026296 0.96837234
4 0.0002656866 0.74752563 0.4430603 0.9183143 0.9214732
8 0.00026467684 0.55081165 0.58788437 0.7530401999999999 0.98257077
7 0.00026280017 0.37947366 0.80234414 0.8191483 1.0
7 0.00025787338 0.0 0.13379009 0.16246076 0.63173115
8 0.0002567907 0.45854387 0.26938862 0.83491826 1.0
3 0.0002544727 0.56910735 0.19250962 0.9251046999999999 0.81253976
9 0.00025396657000000005 0.5464756 0.75339025 0.8276188 0.9934443000000001
13 0.00025229107 0.8088708 0.55217385 0.9694710999999999 0.9986228000000001
11 0.0002505319 0.009557534 0.12508827 0.07489933 0.6564248
2 0.0002503216 0.13508704 0.7132729 0.4563764 0.98749745
6 0.00024718794 0.40266913 0.81591016 0.6692365 1.0
7 0.0002468592 0.0 0.02992091 0.09312053 0.3389875
12 0.0002467615 0.07692919999999999 0.83049834 0.40901077 0.99331
13 0.00024643083 0.010401465 0.12208930400000001 0.18630335 0.6814624
8 0.0002449484 0.6200898 0.0 0.96153873 0.9599984
6 0.00024492107000000004 0.0033096746 0.33862728 0.13783544 0.7347209
13 0.00024476476 0.0071139485 0.121028915 0.14682938 0.48160470000000005
1 0.00024462014 0.3686986 0.7060156999999999 0.65553117 0.9481019
3 0.00024413147000000002 0.8033585999999999 0.37109393 1.0 0.6205937
2 0.00024324881000000002 0.13675171 0.6873642 0.8125045999999999 1.0
7 0.00024218432000000002 0.0 0.6618729 0.15108034 1.0
3 0.00024140977000000003 0.08686502 0.074140124 0.36002207 0.40759203
8 0.00024034492 0.15030916 0.02491151 0.47800046 0.8455736999999999
6 0.00023836011 0.11321235 0.75855684 0.81310135 1.0
3 0.00023706286 0.30113490000000004 0.12300372 0.5865897 0.6512104999999999
10 0.00023597662 0.0 0.10665788 0.18588492 0.56143767
3 0.00023568215 0.0047582909999999996 0.68691444 0.091916375 0.9629492000000001
6 0.0002301991 0.0 0.7801832 0.27032736 1.0
3 0.00022778755000000002 0.15878956 0.0822238 0.6412143 0.39243978
4 0.00022657565 0.018622793000000002 0.11935157 0.14216974 0.5746068
12 0.00022592234 0.024880782 0.10741818 0.16784205 0.45008459999999995
8 0.00022545562000000002 0.77776575 0.0 0.9799905000000001 0.8381443000000001
8 0.00022319168999999998 0.35787323 0.5743611 0.6957846999999999 0.9144072
5 0.00022242577999999997 0.462974 0.81453073 0.8246915000000001 0.98666096
8 0.00022239544 0.87828135 0.38843405 0.98922575 1.0
3 0.00022227554 0.070147574 0.056394074 0.26226193 0.39426723
13 0.00022011798999999998 0.8170016 0.5160939 0.98015964 0.8220445
13 0.00021979137000000004 0.08423665 0.68003595 0.8041965999999999 0.9513261000000001
3 0.00021838736 0.007917181 0.3904666 0.3030522 0.6766227
5 0.00021837147999999998 0.00087248906 0.0 0.09362089999999999 0.320837
13 0.00021805667 0.0033931583 0.65887666 0.49361438 0.9477575999999999
4 0.00021756192000000002 0.3780361 0.6106199000000001 0.752483 0.9137071
1 0.00021705856 0.62430555 0.2652047 0.8681018 0.8743046999999998
3 0.00021424457000000002 0.6927087 0.186472 1.0 0.77834886
12 0.00021313678 0.0225139 0.0 0.12438217 0.19876367
4 0.000211732 0.38567904 0.5715748 0.58345264 0.94190526
3 0.00021051729999999998 0.011079311000000001 0.6353147 0.17428242 0.9270724
4 0.00020911831 0.68793094 0.38552123 0.8740978000000001 0.9067086
5 0.00020861886000000002 0.1359615 0.66059095 0.941718 0.9578957
9 0.00020670166000000002 0.8217423 0.41425195 0.9854709999999999 0.83379734
13 0.00020598147 0.0021161585999999997 0.3084889 0.15402219 0.56487304
1 0.0002048754 0.3501488 0.51578695 0.76115334 0.8944040999999999
1 0.0002045731 0.0032404102 0.0 0.09074105 0.34498325
6 0.0002034304 0.41492447 0.7363626999999999 0.6049874 1.0
13 0.00020297855 0.11616306 0.80750567 0.42529768 0.9879806999999999
13 0.00020179267 0.3676315 0.78372705 0.70482093 0.97749084
8 0.00020174395 0.09240088 0.028389374 0.79462147 0.47875765
4 0.00020059009999999998 0.0 0.80336463 0.24805152 0.98007244
