3 0.008649594 0.08651024 0.6147909 0.82775587 0.99646837
3 0.007951361 0.29684266 0.6045786999999999 1.0 0.96979123
8 0.0065008583 0.12587783 0.8257973 0.45784274 0.99405617
3 0.0052106753 0.13415366 0.8290451999999999 0.5656114000000001 0.97205734
3 0.0049157585 0.37102329999999994 0.55175215 0.7489513000000001 1.0
3 0.004213775 0.1882782 0.4884794 0.9564872999999999 0.9442549000000001
8 0.0040273606 0.1831786 0.42063951 0.84755594 0.99341285
8 0.0039883577 0.38177037 0.52937573 0.6127965 1.0
3 0.0038183937 0.30946323 0.58110344 0.80902195 0.91452694
8 0.003749746 0.29316974 0.52522725 0.49346638 1.0
3 0.0036371334000000004 0.39446354 0.587357 0.65494466 0.97130066
8 0.0032682556 0.31403998 0.5343399 0.90718174 1.0
3 0.003257405 0.21972458 0.58832103 0.4965639 0.9466551
8 0.003095246 0.08600311 0.4785595 0.4845125 1.0
3 0.002898038 0.20537508 0.5196818 0.51436585 0.7764800000000001
8 0.0028944805 0.19668527 0.34573459999999995 0.43779635 0.76787454
8 0.0028426626 0.25816578 0.45096937 0.69003993 1.0
8 0.0027306876 0.0409379 0.3559144 0.6167411 0.9883655000000001
3 0.0026879287 0.27035195 0.5457911999999999 0.5742664000000001 0.94873196
8 0.0026253765 0.33986846 0.02088319 0.8542894 1.0
3 0.0026241999999999997 0.24167258 0.45100775 0.45795238 0.78635854
3 0.0024798492 0.6095464 0.5436046999999999 0.92598736 0.9251806999999999
8 0.0022869073 0.31777543 0.24334905 0.64879656 1.0
3 0.0022544839999999997 0.34853008 0.49359116 0.65684175 0.9064475000000001
8 0.002246795 0.21044609 0.48133755 0.43767634 1.0
3 0.0022115693 0.42869848 0.54346764 1.0 0.91331834
8 0.0021839216 0.22961673 0.24391384 0.40093429999999997 0.80904895
3 0.0020840575 0.31938714 0.37882835 0.7968574 0.96089774
3 0.0020620079999999997 0.24483144 0.47128582 0.55699086 0.72706425
8 0.0019217909 0.36610404 0.46723208 0.51946527 1.0
4 0.0019048899 0.44436112 0.5432206 0.649528 0.8908875
3 0.0018896597 0.16170378 0.4486443 0.44384062 0.70077485
3 0.0018161109 0.19157642 0.4598995 0.40679740000000003 0.7993194
3 0.0016996208999999999 0.10856295 0.427787 0.77857757 0.9090417
3 0.0015432534 0.43885955 0.30411133 1.0 0.9360335
8 0.0015389189 0.49958053 0.28198087 0.8724209 1.0
4 0.0014971344 0.43082840000000006 0.5955425 0.5875942 0.9241208000000001
3 0.0014544779000000001 0.14989059 0.57505536 0.43344498 0.927587
9 0.0014149037 0.456383 0.5043302 0.6513773 0.90304184
8 0.0013840958 0.17547384 0.42361096 0.39770493 0.86478853
8 0.0012966397 0.10496813 0.78002024 0.41230887 0.97506046
4 0.001294869 0.40750802 0.5058949 0.61506784 0.8555158000000002
8 0.0012625008 0.026672743 0.79870677 0.23336047 0.9936068000000001
3 0.0012176876 0.5684699000000001 0.41170317 0.98917675 0.89530927
3 0.0012084167 0.12710306 0.555028 0.42831078 0.8019163
8 0.0011737824 0.24074179999999998 0.5352083000000001 0.5195367000000001 0.86946416
8 0.0011713465 0.22252746 0.35338798 0.53182316 1.0
3 0.0011548256 0.019549623000000002 0.838059 0.32535487 0.9689699
4 0.0011334697 0.39307475 0.5605210999999999 0.98767614 0.92285156
3 0.0011155088000000001 0.52397346 0.73508185 1.0 0.9380768
8 0.0011055939 0.5876876 0.49624306 0.82007635 1.0
8 0.0010852771 0.37776792 0.0 0.72165954 1.0
8 0.0010615725 0.4170322 0.2937665 0.7976359000000001 1.0
8 0.0010169172999999999 0.32254457 0.54939425 0.58817375 0.91529065
8 0.0010029611 0.13163622 0.13046665 0.56915873 0.97942924
3 0.0009600227300000001 0.21946296 0.661817 0.70021784 0.94559556
13 0.0009209942 0.41329426 0.5709144 0.59265333 0.8888254000000001
6 0.0009013859 0.42722544 0.68016845 0.6124586 1.0
8 0.0009008765 0.20784459 0.41003335 0.49803109999999995 0.71209866
3 0.00089271844 0.24537145 0.41887897 0.6541409 0.95623094
3 0.0008921117 0.26486585 0.5220372 0.6384907 0.80315423
13 0.00089006056 0.44167322 0.6189107 0.62051016 0.9222052
3 0.0008645725300000001 0.4778617 0.8067300999999999 0.9626171 0.9581175
8 0.00086219213 0.47121572 0.53258544 0.65627444 1.0
5 0.0008512722 0.24474685 0.53497905 0.47775573 0.94893754
9 0.0008472749000000001 0.41061553 0.55496323 0.6852654 0.8580245999999999
1 0.0008468752 0.18842094 0.32803740000000003 0.42640293 0.82955724
4 0.0008007089999999999 0.37858759999999997 0.5824078 0.6928853 0.8284729
3 0.0007963512299999999 0.039593294 0.5594515999999999 0.39274007 0.9199978999999999
8 0.0007886398 0.42358008 0.30751908 0.6075043000000001 0.98355645
8 0.0007777883000000001 0.12355772 0.6329385999999999 0.636394 0.98521256
9 0.0007760009 0.31314212 0.49189886 0.51559114 0.89518
8 0.0007603067999999999 0.40764192 0.42939037 0.67506564 0.9173110000000001
3 0.0007547217999999999 0.15235245 0.5052085 0.37841308 0.84746295
8 0.00074903475 0.0888922 0.76760733 0.27593854 0.9963771
3 0.0007381652 0.21162505 0.42207159999999994 0.4989987 0.6719915
9 0.0007363037400000001 0.34168905 0.51632726 0.6375743 0.8428554
8 0.00073503226 0.25769895 0.426947 0.48110348 0.8408206
3 0.00073342485 0.69559693 0.5892048000000001 0.94018066 0.89896786
3 0.00073232804 0.082985625 0.785137 0.36861086 0.9579113000000001
3 0.0007104313000000001 0.015330795 0.1134318 0.09672348 0.6350939
3 0.0007002608 0.10307357 0.35629156 0.54717195 0.9304965000000001
8 0.000699105 0.495125 0.36256552 0.68797094 1.0
6 0.00069135614 0.40651694 0.6796058 0.99999225 1.0
8 0.0006893858 0.12237066 0.35542685 0.3388947 0.78180677
9 0.0006861057499999999 0.23305966 0.53421235 0.43057108 0.9397562
9 0.0006858437599999999 0.46421885 0.38700423 0.66815066 0.75944084
9 0.0006615105 0.4491536 0.46734609999999993 0.7300715999999999 0.77411366
8 0.0006613140600000001 0.47136313 0.797395 0.79680365 1.0
4 0.0006541198 0.19640751 0.5317253000000001 0.66997546 0.93075657
7 0.0006526529 0.34123647 0.5551163 0.72935534 0.98495334
8 0.00064142724 0.017746285 0.15523106 0.42562354 0.967641
5 0.0006316205 0.30196482 0.5567603 0.53297156 0.94939774
8 0.0006236201999999999 0.10483849 0.47042784 0.3874719 0.7869906
8 0.00062228023 0.10135734 0.36041576 0.39254916 0.98999774
8 0.0006218022 0.34337790000000007 0.52182704 0.70280176 0.8588994000000001
8 0.0006017885 0.335431 0.43102387 0.54670185 0.8865003
5 0.0005966941000000001 0.21503016 0.35261258 0.47165945 0.8599809000000002
6 0.00059631607 0.22151381 0.45288733 0.48166287 0.9113438
4 0.000594844 0.5922224 0.52397984 0.8556289 0.9417236999999999
13 0.000589378 0.25508200000000003 0.62513626 0.55693936 0.8666950000000001
12 0.0005873104 0.2733825 0.28623438 0.40261886 0.9458968000000001
9 0.0005859336000000001 0.44420713 0.5785311 0.5928373 0.9369038000000001
4 0.00058074645 0.12932101 0.80899256 0.4718093 0.9557545000000001
8 0.00057227525 0.28777742 0.0 0.6345159 1.0
13 0.0005668735 0.36201279999999997 0.615531 0.56528395 0.91942596
3 0.0005636506 0.4126014 0.35466427 0.6713986 0.93026763
9 0.0005495379 0.22820732 0.3825387 0.4494646 0.8110274000000001
7 0.00054802693 0.3644678 0.47602849999999997 0.61212444 0.96616346
13 0.000535351 0.28493834 0.5337098000000001 0.48717844 0.89610195
13 0.0005343089 0.34693509999999994 0.63986135 0.916133 0.9598304
4 0.0005338124 0.27905038 0.54560757 0.51751554 0.8800728999999999
9 0.0005296701 0.43804786 0.42289037 0.5758850999999999 0.8862866
3 0.0005284247 0.58133876 0.64512324 1.0 0.93309236
8 0.00052385265 0.20519358 0.5520776999999999 0.37097877 1.0
8 0.0005229335 0.57530844 0.42832676 0.93326175 1.0
1 0.00052047585 0.22255918 0.23493499999999998 0.38055673 0.88470197
8 0.00051972794 0.005977988199999999 0.31495404 0.22008708 1.0
13 0.0005184628 0.19102119 0.5228794 0.38977867 0.87870127
3 0.00051737484 0.13017637 0.2899796 0.7872836999999999 0.7933906
13 0.0005118614 0.32361764 0.59887487 0.60268664 0.8306703999999999
13 0.0005066326999999999 0.39117408 0.6303016 0.64799726 0.8556239
6 0.0005031230000000001 0.38365316 0.6320697 0.6612549 1.0
12 0.00049932196 0.26405457 0.39324751 0.44422975 0.8206779000000001
2 0.0004896476 0.23521397 0.31095132 0.39849314 0.8376041999999999
13 0.00048889394 0.0 0.59697515 0.600721 0.9342514999999999
13 0.00047344562999999994 0.361269 0.5744942 0.77973473 0.9164956
4 0.00046813156 0.29034394 0.5615494000000001 0.6308081 0.81096715
3 0.00046537550000000003 0.36317274 0.38718942 0.59675884 0.95594025
3 0.00045767667999999995 0.039677486 0.43880168 0.29994488 0.8948464
9 0.00045546095000000003 0.17527898 0.8059476 0.46768230000000005 0.9685553
5 0.00045386795 0.18714108 0.48630872 0.5380248000000001 0.8176526
3 0.00045022703 0.13673945 0.72446007 0.55751896 0.96334404
13 0.00044768638 0.2808887 0.5202983 0.70298696 0.8978408999999999
1 0.0004401822 0.15624955 0.38809055 0.39341602 0.9046134
4 0.00043936245000000004 0.25030813 0.6577182 0.9688388000000001 0.96807885
9 0.00043501693 0.19682011 0.466746 0.498808 0.77174336
1 0.00043490247000000005 0.10933186 0.43429396 0.48196793 0.7855970999999999
8 0.00042466047999999997 0.011229693999999998 0.46782324 0.29329416 1.0
9 0.00042062587 0.43012634 0.4474054 0.7940159000000001 0.91284496
13 0.0004197799 0.22281778 0.44132248 0.4383787 0.8100163
6 0.00041226012 0.17239946 0.5372723 0.5644083000000001 0.8316178
8 0.00041003796000000004 0.0 0.17354403 0.08158380000000001 0.7590150999999999
3 0.0004059736 0.4446947 0.48564875 0.8313224 0.8855815999999999
9 0.00040415305 0.38885456 0.526121 0.8786556000000001 0.9728825000000001
3 0.00040281097999999996 0.40505028 0.16104753 0.8379004000000001 0.9032662
4 0.00040277852999999995 0.37112606 0.49886980000000003 0.53582114 0.8779991
13 0.00040232931000000005 0.18005072 0.51774776 0.47664952 0.76385117
7 0.00039633370000000004 0.19492409 0.56814176 0.7199755 0.86854994
4 0.00039369226 0.43629026 0.44954809999999995 0.662871 0.80307275
9 0.00039135007000000004 0.28046834 0.57105434 0.60406345 0.8630766
2 0.00038982697999999995 0.19392745 0.3083863 0.3527676 0.8461197
8 0.00038969205000000004 0.13866033 0.6541776999999999 0.28927845 1.0
4 0.00038877412000000005 0.04481022 0.8082399 0.38957095 0.9507735
6 0.00038620824 0.21197836 0.47365555 0.6018366999999999 0.77346426
7 0.00038516335 0.18792558 0.4901487 0.5831586999999999 0.92518127
13 0.0003830925 0.3761449 0.4982641 0.5716255 0.8312789
12 0.00036628777000000004 0.21738684 0.33132645 0.3493349 0.9813295
9 0.00036384168 0.28955123 0.46275643 0.6092893 0.74989474
13 0.00036360847000000004 0.33373818 0.53606606 0.53807825 0.8603118000000001
11 0.00035763947999999996 0.4483188 0.6616162 0.60687816 1.0
8 0.00035666887000000003 0.22959678 0.6001892 0.49099708 0.95845413
3 0.00035601767 0.12849465 0.6775763000000001 0.3453849 0.95475316
9 0.00035553032999999993 0.23040302 0.41910264 0.5482338000000001 0.71195686
12 0.00035453940000000004 0.44684744 0.5574834 0.57256687 1.0
3 0.00035275836 0.49100637 0.3881394 0.7574899 0.91365594
12 0.00035054614999999997 0.08167842 0.8028314999999999 0.38697329999999996 1.0
12 0.00034873426 0.16920863 0.82379615 0.46389616 1.0
12 0.00034858088 0.21273401 0.39815316 0.3946294 0.8239568000000002
1 0.00034773373 0.14480263 0.4763509 0.79462904 0.8952822
3 0.00034391455000000004 0.018682338 0.25807220000000003 0.19291276 0.5347696
9 0.00034188898000000003 0.39204156 0.4426423 0.52922565 0.8898552
13 0.00034027389999999997 0.18153228 0.5693241 0.61507344 0.92037946
7 0.00033671595 0.0 0.79086035 0.44765839999999996 1.0
6 0.00033561172 0.09794377 0.47340426 0.5165403000000001 0.76622486
8 0.0003354826 0.673668 0.49817935 0.84850395 1.0
9 0.0003341433 0.15177104 0.4235223 0.5285014 0.9319914
13 0.00033346665 0.45431423 0.5499533000000001 0.624316 0.8472960999999999
9 0.00033070782 0.50606155 0.42636833 0.69706106 0.79721195
13 0.00032914928 0.60824 0.6075669 0.8189143 0.9479117
7 0.00032720852000000004 0.25918144 0.6107078 1.0 1.0
9 0.00032453818 0.07616243 0.5109122 0.6633451 0.9633778000000001
7 0.00032417037 0.0 0.568163 0.8619316999999999 0.9963576
12 0.00032372697 0.32288054 0.47315183 0.8850448000000001 1.0
12 0.00032225996 0.28032795 0.5340908000000001 0.45126262 0.9971201999999999
9 0.0003196024 0.38974333 0.19717200000000001 0.6644732 0.86706334
8 0.00031851932999999995 0.58950216 0.0 0.9313645 1.0
1 0.00031585897999999996 0.36850905 0.56931275 0.6474614000000001 0.91331685
13 0.00031490572 0.22071469 0.6105851999999999 0.4377423 0.9475331
6 0.00031387182999999995 0.24060623 0.39976794 0.42798197 1.0
4 0.00031336892 0.14902157 0.42586252 0.84427434 0.9544808000000001
3 0.00031112984 0.27717385 0.24430056 0.67236996 0.8626261000000001
2 0.0003104202 0.25198132 0.1599307 0.37130445 0.8990368000000001
3 0.00031037006 0.090320975 0.33510290000000004 0.47081956 0.75627416
3 0.00030902246 0.61755466 0.16069947 0.99910593 0.8488097
5 0.0003055339 0.2602325 0.556638 0.5955050000000001 0.8436518
12 0.00030371794 0.24348786 0.5740352 0.421675 0.9609168
4 0.00030330848 0.0 0.6058458999999999 0.6637628000000001 0.95051754
12 0.00030217125 0.26187673 0.5002310999999999 0.3844343 1.0
1 0.00029847107 0.10759406 0.8074547 0.40995324 0.97410214
8 0.00029737456000000003 0.24998672 0.6719138000000001 0.45955706 0.99004483
1 0.00029504412999999997 0.20804183 0.45570776 0.437634 0.95722514
9 0.00029349423 0.19429375 0.49004975 0.41275984 0.8470344999999999
6 0.00028915639999999997 0.13934103 0.524072 0.40735558 0.9902164000000001
6 0.0002884366 0.37738309999999997 0.65832436 0.7436435 0.9435283000000001
3 0.000287977 0.048184186 0.32936057 0.33813790000000005 0.58455455
9 0.0002860765 0.41156942 0.38166183 0.61357576 0.7702959
13 0.00028523427000000005 0.01850614 0.40540227 0.66271603 0.8783358
6 0.00028353604 0.25649482 0.64513516 0.56669927 1.0
12 0.00028191356 0.41814443 0.51663387 0.54395485 1.0
3 0.00028101377999999996 0.026467748 0.1940199 0.18213800000000002 0.45636225
4 0.0002799136 0.44580559999999997 0.5024837000000001 0.81841844 0.7607063000000001
1 0.0002781249 0.41342983 0.53019345 0.5991337 0.9413636000000001
4 0.00027748581 0.082510084 0.5098778 0.5735691999999999 0.95966214
8 0.00027500646 0.16803007 0.692351 0.39270365 0.97836995
13 0.00027378162 0.25091648 0.35897568 0.39722174 0.8292610999999999
6 0.00027160067 0.18093684 0.74699646 0.87175477 1.0
2 0.00027118597000000004 0.21911448 0.48973009999999995 0.43625873 0.97772515
8 0.00027041897 0.0 0.15746205 0.5985453000000001 0.76044625
9 0.0002675246 0.14053807 0.28669527 0.74380803 0.9129478000000001
1 0.00026660189999999997 0.1776559 0.25242192 0.32990983 0.8804860999999999
8 0.00026280276 0.18553147 0.708752 0.5084244000000001 0.99835354
9 0.00026219463 0.45595258 0.27165059999999996 0.60862905 0.7974505000000001
13 0.0002610698 0.2735613 0.5116127 0.5513889 0.75437576
7 0.00026050408 0.0 0.46329445 0.66644573 0.9687726999999999
6 0.00025787 0.19849318 0.6265751 0.49246114 1.0
1 0.0002555053 0.28433904 0.5471057 0.8751719000000001 0.9077261000000001
4 0.00025012874 0.35898632 0.2571888 0.70524424 0.908394
8 0.00024948464 0.0 0.20484848 0.15421614 1.0
9 0.00024701562 0.64348423 0.5011447 0.8310468000000001 0.940378
2 0.00024441275 0.15957847 0.69270205 1.0 1.0
3 0.00024058517999999996 0.0046845227 0.78775114 0.29261583 0.9615225000000001
1 0.00024047343999999998 0.37331653 0.49878398 0.5614286 0.9279353000000001
12 0.00024011992999999998 0.17480902 0.44783238 0.35500294 0.8894110999999999
3 0.00023898846000000001 0.029200695 0.2979146 0.21714768 0.8784234000000001
7 0.00023615401000000002 0.16358 0.43507227 0.47833073 0.87914205
8 0.0002355971 0.0 0.45880264 0.07248922 1.0
10 0.00023484319 0.24170762 0.48692772 0.4745732 0.84179026
3 0.00023442414000000001 0.05535318 0.27979702 0.2801417 0.6328908000000001
1 0.00023286486 0.102053374 0.32041326 0.33791128 0.83076924
1 0.00023215520000000002 0.2671525 0.3202031 0.6143175999999999 0.8543335
12 0.00023173734 0.08795605599999999 0.45177582 0.4610613 1.0
12 0.00022930527000000002 0.20361888 0.53305775 0.57178533 1.0
6 0.00022767803 0.09504162 0.86694795 0.45670600000000006 1.0
9 0.00022684974999999998 0.45034537 0.28932896 0.72579384 0.8512617
13 0.00022553 0.22473612 0.47808415 0.36165318 0.94611126
9 0.00022455687999999998 0.11091860000000002 0.40123305 0.45170468 0.7059913000000001
6 0.00022233057999999998 0.30743653 0.6338423000000001 0.6831027 0.8962454
11 0.00022087322 0.48036882 0.63404423 0.6915366 1.0
9 0.0002190077 0.51334774 0.25447270000000005 0.790532 0.853567
12 0.00021857713 0.34496709999999997 0.60605985 0.5288553 1.0
5 0.00021789232000000004 0.17465596 0.51355827 0.42303437 0.9362014000000001
13 0.00021767431 0.46424309999999996 0.5528105 0.68014544 0.7862585999999999
4 0.00021721005 0.4802565 0.3256261 1.0 0.88181525
8 0.00021563316000000003 0.08972721 0.6571434 0.23433147 1.0
6 0.00021506335 0.48704678 0.67949784 0.6686643 1.0
9 0.00021502322 0.13720666 0.7415156999999999 0.44200920000000005 0.95861626
8 0.00021404501000000002 0.0 0.25234678 0.16027051 0.5382534999999999
7 0.00021287147999999998 0.14073215 0.47441256 0.611793 0.78694254
13 0.00021286371 0.24151765 0.5697328 0.38435096 0.97516084
13 0.00021226316000000004 0.49630594 0.5961015000000001 0.7353046 0.8151965
8 0.000210731 0.16004823 0.57193005 0.32956540000000006 1.0
8 0.00021052702999999997 0.50487006 0.6908758 0.8097012 0.99196625
4 0.00020742913000000002 0.18099378 0.7503677 0.5468510999999999 0.96917045
1 0.00020702425 0.08619116 0.35400233 0.4222073 0.7067909000000001
3 0.00020429832999999998 0.022236593 0.41108778 0.18819809 0.6540361
4 0.00020357068999999998 0.49190617 0.025211413999999998 0.9485849000000001 0.8682175999999999
6 0.0002032399 0.6164217 0.6697489000000001 0.85147417 1.0
11 0.00020276435 0.30126005 0.61013305 0.5052167000000001 0.96467316
5 0.00020236830000000002 0.27295184 0.2535304 0.46276563 0.9272811
5 0.00020228163000000001 0.22441736 0.40269540000000004 0.5865035 0.74977404
13 0.00020161453999999998 0.36148456 0.34150273 0.63693273 0.8279934000000001
5 0.00020153351999999998 0.269758 0.43004096 0.5192755 0.8866914
5 0.00020127105 0.45070446 0.6212425 0.5979879 0.96102834
4 0.00020063511000000003 0.47400713 0.41264862 0.7280966999999999 0.76241237
4 0.0001998159 0.025922894 0.6651524000000001 0.80276394 0.99346435
1 0.00019925112000000002 0.17696993 0.4692928 0.58079576 0.76167274
9 0.00019398754 0.1745668 0.532986 0.3666252 0.9100294
9 0.00019344933 0.46241453 0.09989558 0.83939266 0.91344434
7 0.0001931548 0.22696286 0.2863903 0.44247162 0.91943055
13 0.00019293478999999998 0.09638497 0.5644062 0.38342859999999995 0.8053783
3 0.00019190456000000002 0.06576656 0.28420535 0.35802418 0.7245263000000001
8 0.00019174338 0.0 0.03997257 0.47832868 0.56650764
8 0.0001917186 0.17106435 0.1863639 0.7824656999999999 0.8805569
9 0.00019024382 0.0237512 0.8028601 0.2771305 0.97440255
1 0.00018931401 0.36540258 0.38199726 0.86191654 0.8614613999999999
3 0.00018729319999999998 0.126737 0.38075113 0.43266463 0.63685626
12 0.00018621823000000001 0.2877855 0.41846186 0.41036263 1.0
4 0.00018373901999999998 0.70374066 0.5227795999999999 0.90024835 0.9496707
3 0.000182571 0.0 0.49199593 0.10184139 0.87669265
4 0.00018244536 0.24149737 0.5879619 0.49299315 0.93964344
3 0.00018224276999999998 0.12773651 0.21165387 0.5702818000000001 0.8090004
12 0.00018131758999999999 0.36437044 0.51237816 0.48356894 1.0
12 0.00018077296 0.30068237 0.53778106 0.54236656 0.9061598
9 0.00018059286 0.4051593 0.28353474 0.5525483 0.8106795
12 0.00017958232 0.3705414 0.4878675 0.5379851999999999 0.96382356
9 0.0001793952 0.5830239 0.28794780000000003 0.85501266 0.91893166
1 0.0001792175 0.002317682 0.8070976 0.35563076 0.96972615
12 0.0001767218 0.062078148 0.33107929999999997 0.6345905 1.0
12 0.00017667884999999998 0.2591939 0.413062 0.5138391999999999 0.7362885
