3 0.30864227 0.026346422999999997 0.44261828 0.21957561 0.6833493
3 0.27968723 0.021438785 0.34246024 0.23510951 0.595381
3 0.24885259999999998 0.05954755 0.32657263 0.30192482 0.5890557
8 0.14315058 0.049521036 0.38913903 0.21657184 0.63719344
8 0.13188670000000002 0.023475938 0.29672804 0.19119796 0.5857398
3 0.120325975 0.077479765 0.40124770000000004 0.34697145 0.6680606
3 0.11502935 0.014383963999999999 0.26715890000000003 0.19903749 0.5449309
8 0.102719 0.0 0.26209956 0.21590532 0.6473853
8 0.056879472 0.053285554000000006 0.3430835 0.2777133 0.725043
8 0.046203937 0.02526465 0.29707876 0.31463286 0.5923498
8 0.039749276 0.0 0.17056103 0.18006274 0.51822835
8 0.03892953 0.045683496 0.16090287 0.23149219 0.71227294
8 0.032743864 0.021835632999999997 0.33644825 0.20222902 0.73273045
8 0.03121067 0.026259712999999997 0.36284363 0.15864643 0.6439946
8 0.028809282999999998 0.0 0.2383728 0.1500884 0.47987977
8 0.027211584 0.014772035 0.23575810000000003 0.23937505 0.54402
8 0.02602451 0.0 0.2721365 0.120526284 0.778189
3 0.025277626 0.064608395 0.4054432 0.27879906 0.74078065
3 0.020669363 0.028594217999999998 0.17670968 0.23855522 0.51138866
3 0.019959906 0.13176717 0.36061588 0.4199844 0.6263653
8 0.016882135 0.0 0.15032752 0.11704775 0.586542
12 0.014626558000000001 0.014293894 0.23104045 0.21702766 0.63203174
8 0.014301874 0.0 0.15430546 0.29580054 0.69748455
7 0.013388602 0.0 0.2599883 0.23454309 0.65492094
7 0.013327418 0.0 0.35783046 0.27323675 0.7464803000000001
8 0.012797494 0.09000698 0.12623222 0.27480182 0.7328504
3 0.011839754 0.037983752999999995 0.24715482 0.23273513 0.7129616999999999
8 0.011829092 0.0 0.087864265 0.18855292 0.602325
3 0.01146221 0.21238029 0.45295778 0.9971857 0.9357191999999999
8 0.011037382 0.0 0.09407274 0.20861621 0.92970264
3 0.010977141999999999 0.07295354 0.8131173 0.55791646 0.9842002000000001
1 0.01096129 0.0 0.34435913 0.24712487 0.6885226999999999
8 0.01088668 0.06279883 0.7903071 0.35324720000000004 0.9950551999999999
8 0.009671955999999999 0.08032149 0.31697553 0.38895023 0.6173494
1 0.009267207 0.0 0.28545317 0.20885488 0.5842169
3 0.008498348000000001 0.05511798 0.2776289 0.34132046 0.70844907
8 0.00833046 0.2513969 0.73812294 0.5043569999999999 1.0
3 0.008243287 0.17633829999999998 0.42493980000000003 0.6187238 0.9586582
3 0.00795972 0.49756104 0.46199533 1.0 0.90988094
6 0.007581914300000001 0.0 0.45695698 0.2566515 0.77084416
9 0.0073988414 0.026694536 0.26712885 0.22087416 0.60238224
11 0.0070742719999999995 0.017099522 0.34072775 0.21670288 0.60234237
8 0.006754525999999999 0.06703408 0.31276190000000004 0.4967522 1.0
3 0.006711671999999999 0.24202585 0.38912517 0.76121867 0.89589435
1 0.0066514453 0.0014027134 0.24398041 0.15908417 0.5549057
1 0.0066373963 0.0 0.26794076 0.30272782 0.55077577
3 0.006615557199999999 0.20020843 0.81531954 0.7380416 0.9698514000000001
3 0.006544116 0.0021546483 0.22466618 0.15468498 0.6738299
2 0.006317461 0.0 0.3749228 0.21122855 0.76686555
13 0.006262313 0.0 0.40433040000000003 0.19544055 0.6919715
3 0.0061073084 0.003723435 0.19472125 0.14493814 0.5329019
5 0.006081845600000001 0.011095338 0.36407274 0.18274441 0.6970493000000001
6 0.005953511 0.0 0.31572288 0.22287281 0.6109975000000001
3 0.0059319659999999995 0.120505266 0.26252425 0.29691599999999996 0.73176605
2 0.0058751786 0.0 0.24331737 0.19291022 0.577566
12 0.005794196999999999 0.039347723 0.2115299 0.24707986 0.7362327
12 0.0057051834 0.07106246 0.14745432 0.20953335 0.84806895
3 0.0056951465000000005 0.27118146 0.763115 0.63561225 0.95107585
4 0.005614998 0.018900193 0.41026282 0.20558628 0.634458
13 0.0056035137 0.0020348132 0.43326584 0.24374970000000004 0.7596753
11 0.0054446133 0.026990487999999997 0.44874763 0.25493520000000003 0.7459361
4 0.0054045166 0.0 0.22610565 0.15501718 0.5392491
8 0.0053980527 0.015524163999999998 0.2258732 0.36215442 0.97265023
5 0.005302808199999999 0.023982583999999998 0.27542767 0.23749304 0.6187520000000001
12 0.0052658403000000005 0.02448824 0.33623259999999994 0.20184009 0.72913593
4 0.0048220907 0.013919331 0.26635483 0.20572415 0.54536027
8 0.004629903 0.46536819999999995 0.8103851 0.8604166999999999 0.99683464
12 0.0046029217 0.109303035 0.14459841 0.23781681 0.8611984
5 0.0045776474 0.014143467 0.36316904 0.30071977 0.7270621
8 0.0043782103 0.0 0.36297518 0.22074823 0.97327507
8 0.004347411 0.86974937 0.024985023 0.9885356 0.47512987
3 0.0043055870000000005 0.073485866 0.50408965 0.50393903 0.9634379000000001
1 0.0042930623 0.004813865 0.32044584 0.23462339999999998 0.81945896
4 0.004150246 0.035624944 0.43925413 0.25205395 0.67765903
8 0.0041448909999999995 0.35591158 0.8020604 0.7030996 1.0
12 0.0040657073 0.03816247 0.13115127 0.1754483 0.4906736
1 0.0040440327 0.061629325 0.24661095 0.27575347 0.67255765
9 0.003981455 0.000492014 0.17067696 0.1563608 0.5080353
9 0.003967287 0.032956757 0.38859877 0.2206752 0.68655545
3 0.0038790058000000003 0.044401005 0.39241418 0.38210654 0.91362697
3 0.0038053957000000003 0.50324947 0.80690116 1.0 0.9605163000000001
9 0.0037975195000000002 0.017366536000000002 0.36884892 0.1800769 0.63904476
8 0.0037403107 0.0 0.1579146 0.076619565 0.70874286
6 0.0036695364000000003 0.0 0.41393232 0.18310422 0.7109951999999999
13 0.0035942134000000003 0.034838334 0.2711354 0.24241452 0.6269175
3 0.0035681840000000003 0.45466542 0.39779422 0.86353374 0.919019
9 0.0035238105 0.0 0.19845909 0.25886420000000004 0.5902863
4 0.003497853 0.02098243 0.3737283 0.27433896 0.6152413000000001
8 0.0034690995 0.0 0.054251697 0.29522163 0.5127344
2 0.003447289 0.025885262000000003 0.14988565 0.2211298 0.63351434
8 0.0034390047999999997 0.2529902 0.8042488 0.57195985 0.9971469999999999
10 0.0034002843 0.023223504 0.42857259999999997 0.29372078 0.68928534
3 0.0033854945 0.7594199 0.34542802 0.9975790999999999 0.574443
8 0.0033747181 0.5865175 0.042029765 0.9446488999999999 0.3032764
6 0.003304588 0.0 0.2529151 0.2533568 0.69709253
10 0.003300945 0.013397351000000002 0.30690014 0.24008379999999999 0.6253554
13 0.0032563207000000003 0.048624747 0.21979325 0.19581771 0.71231335
8 0.0032460273 0.0 0.14532451 0.18210279999999998 0.39785233
5 0.0032208454999999997 0.08210969 0.34613028 0.40454584 0.76681423
3 0.0031644753000000005 0.2414994 0.34743345 0.9514389000000001 0.819361
13 0.0031627812 0.005846709 0.31287313 0.22078593 0.56839275
11 0.0031275763 0.03143397 0.3476228 0.3375317 0.6099227
2 0.0031140267 0.0 0.339833 0.13927145 0.6584401
8 0.0030902665999999997 0.7399194 0.003855361 0.97565806 0.6722799
8 0.0030669074 0.89393675 0.028652191 0.9982897 0.30207540000000005
2 0.0030633558 0.0015693977 0.21856754 0.13768664 0.7350199000000001
8 0.002967461 0.40654737 0.7409748 0.6428824000000001 1.0
8 0.0029555869 0.4009454 0.3158997 0.90605736 1.0
11 0.0029410047 0.060193695 0.3053898 0.26186997 0.64611727
8 0.0029057685999999998 0.65894353 0.0 0.94397354 0.64585155
8 0.002854927 0.8440127000000001 0.04294357 1.0 0.34905952
8 0.0028096235 0.7684888000000001 0.03208359 0.94926757 0.49863413
8 0.0027853795000000003 0.71117306 0.14346786 0.89326525 0.7114004
7 0.0027796509999999997 0.0 0.21630228 0.18501544 0.5300710999999999
1 0.0027794070000000002 0.0 0.26793805 0.15646139 0.7298143
8 0.0027791886 0.14468981 0.18948616 0.61357445 1.0
12 0.0027666662 0.04828193 0.062262695 0.21222739999999998 0.5380965
3 0.0027387784999999996 0.10930129999999999 0.13939159 0.4101675 0.5270536
10 0.0027169691999999997 0.027607366 0.3487341 0.39445788 0.61147434
11 0.0027101075 0.08657263 0.40168917 0.3960855 0.6874689
12 0.0026898112 0.049132913 0.23079215 0.32655182 0.59688526
7 0.0026853517999999997 0.016525999 0.14712882 0.24607508 0.7983051
12 0.0026621540000000003 0.024072632000000004 0.14891993 0.12898035 0.8626531
10 0.0026480476 0.0 0.27474362 0.34318733 0.56115377
2 0.0026084557 0.07685115 0.32152414 0.32046616 0.7050012
1 0.002607985 0.054058857 0.17362247 0.20111749 0.7099616
3 0.002567538 0.8034219 0.21344991 1.0 0.5436780999999999
3 0.0025303714999999997 0.5658505 0.31995252 1.0 0.8598866
4 0.0025278698 0.030292012000000004 0.17607720000000002 0.25861174 0.5576364
3 0.0024996073999999997 0.9013969000000001 0.057886947 1.0 0.47058454
12 0.0024813712 0.019156039 0.0 0.12726219 0.59779507
2 0.002468648 0.09592917 0.2015573 0.27353057 0.6835109
12 0.002454956 0.09552426 0.26438957 0.29030025 0.7647721
2 0.0024262918 0.027048394 0.24839418 0.28736649999999997 0.6076833
8 0.0023956597 0.8888078000000001 0.016124805 0.98698854 0.6832037
12 0.002379576 0.098296866 0.27651352 0.36631334 0.6353247
5 0.0023627377 0.04330176 0.17674287 0.27827722 0.70322293
8 0.0023188991 0.7402501 0.30251923 0.9740757999999999 0.58195424
10 0.0023154588 0.018408448 0.44786325 0.21870267 0.72944665
12 0.0023130511 0.15538976 0.16299073 0.28196856 0.8376193999999999
9 0.0023096818 0.084536225 0.23673132 0.29479393 0.6771007
1 0.0023019887 0.0693243 0.31612667 0.37829447 0.63732696
8 0.0022928036999999997 0.56961536 0.0 0.9032972 0.54732704
11 0.0022753067 0.012843318000000001 0.42329735 0.15466204 0.69357216
3 0.0022727642 0.7004156 0.10406208 0.9993628000000001 0.36921152
11 0.002267889 0.112131245 0.3261473 0.31132459999999995 0.69559085
8 0.00226361 0.6769748999999999 0.038087367999999996 0.955868 0.44497013
3 0.0022579296 0.81001884 0.11595922 1.0 0.4753499
7 0.0022011707 0.0 0.16299260000000002 0.13856058 0.5997384
2 0.002190631 0.055186078 0.23318005 0.23676701 0.7417395
1 0.002126739 0.104241125 0.14754878 0.24304855 0.72326875
6 0.0021258958 0.035857886 0.40078646 0.380833 0.72676283
9 0.0021117032 0.014202125 0.14510512 0.19756892 0.62741554
3 0.0020830379999999997 0.16658913 0.360969 0.48538400000000004 0.9194825000000001
3 0.0020766235000000003 0.020171262 0.15191582 0.22723082 0.4022855
13 0.002053193 0.08863181 0.27800432 0.2299962 0.7698393
3 0.0020531039 0.23160407 0.31292576 0.49389097 0.5493729
7 0.002026284 0.0 0.1515069 0.16409522 0.82532823
4 0.0019996292000000002 0.18755604 0.82503587 0.5189123 0.9639416
6 0.00199816 0.0387941 0.39595184 0.27910796 0.88093686
9 0.001975641 0.08518572 0.27183518 0.41304420000000003 0.564434
10 0.0019693512 0.040897913 0.5113824 0.27263474 0.75172603
9 0.0019530731 0.04528898 0.31976888 0.3456798 0.64337623
8 0.0019459279000000002 0.7536068 0.04848039 0.9867228000000001 0.30002907
4 0.0019326147 0.29520518 0.7467878000000001 0.5244965 0.9525551
6 0.0019259013000000001 0.0 0.33101824 0.33000857 0.64899635
7 0.0019121771 0.040882573 0.26653190000000004 0.33473116 0.77757055
13 0.0018921285 0.014643058 0.36356279999999996 0.27674663 0.61100847
10 0.0018805005 0.096878335 0.43591347 0.41608858 0.6838512
8 0.0018535475 0.13176559 0.71899766 0.35705674 1.0
13 0.0018494726 0.03133951 0.41409440000000003 0.36133909999999997 0.68079555
7 0.0018454609 0.028759673 0.35657206 0.43438596 0.72289467
2 0.001829342 0.028052017000000002 0.049632363 0.17758693 0.7080055000000001
3 0.0018102803 0.0876327 0.24846983 0.43642402 0.6766265
5 0.0018062133 0.0020939186 0.351161 0.21374145 0.88993835
13 0.0018055857 0.087354705 0.32464299999999996 0.30986732 0.6907517
3 0.0017841874 0.014016174 0.42163306 0.25847545 0.9114274
11 0.001761819 0.053298905 0.21604 0.19748266 0.7429551999999999
8 0.0017450254999999998 0.14168155 0.09026936 0.31748432 0.75350326
1 0.0017193044 0.02064421 0.24302128 0.17493173 0.87173945
3 0.0016606222 0.39498797 0.76997536 0.7781441 0.9657754000000001
3 0.0016364936 0.04585448 0.17587711 0.33888707 0.42019367
4 0.0016180847 0.07311904400000001 0.28868687 0.39733779999999996 0.5672483
6 0.0016164208 0.0 0.39175329999999997 0.20989877 0.8858681
7 0.0015961085000000001 0.0 0.105399236 0.21202093 0.5901759
8 0.0015862559 0.0 0.107277 0.1458948 0.35627109999999995
3 0.0015661923000000002 0.754804 0.1087366 1.0 0.6114804
11 0.0015612575 0.088520095 0.19583003 0.23023490000000002 0.745753
3 0.0015588436999999999 0.7323651999999999 0.03316025 0.9810726999999999 0.21918018
10 0.0015519921 0.0 0.20960197 0.18838453 0.54014266
3 0.0015518214999999998 0.056397885 0.7163881 0.74623585 0.96842355
2 0.0015407857999999999 0.0772781 0.12085536 0.21867862 0.87761086
4 0.0015312472 0.5463774 0.7991759 0.8722335999999999 0.9593311
8 0.0015127717999999998 0.66837084 0.033249956000000004 0.9276620000000001 0.23497815
8 0.0015113108 0.35361588 0.74518377 0.57961804 1.0
4 0.0015009599 0.09935595 0.8238658000000001 0.43147564 0.9668791999999999
11 0.001489536 0.079637215 0.3938848 0.27193886 0.80024844
3 0.0014825459 0.29521188 0.7141841 1.0 0.9534075000000001
13 0.0014824716 0.004297614 0.19769457 0.11934691 0.71751595
8 0.0014625267 0.0 0.04560897 0.42050479999999996 0.90036094
4 0.0014624153 0.02570182 0.25311008 0.33242023 0.5348808
5 0.0014619896 0.09500684 0.19519244 0.33997452 0.79151684
8 0.0014545214000000002 0.5744031999999999 0.7517918 0.82741505 1.0
5 0.0014538874 0.041484788 0.067843705 0.22516434 0.86817175
8 0.0014482817999999999 0.104793385 0.0 0.46468812 1.0
5 0.0014388125 0.04843592 0.33917034 0.28799020000000003 0.9322016
3 0.0014162261999999999 0.63826126 0.36737454 0.96453136 0.6076581
3 0.0014090358 0.7305699000000001 0.21148822 0.91499954 0.7003029000000001
3 0.0013985318 0.014496483000000001 0.3049502 0.21811604 0.8351325
10 0.0013940225 0.04213211 0.22958285 0.20467752 0.8565290000000001
3 0.0013934282 0.8078970999999999 0.054236453 1.0 0.29298046
13 0.0013881973000000002 0.12572756 0.23809311 0.26843747 0.73568976
8 0.0013843038 0.6639371000000001 0.19655582 0.8881309000000001 0.59617203
9 0.0013664867000000001 0.07333715 0.36651182 0.2708828 0.8060321
13 0.0013644726 0.009254456 0.22875707 0.16556288 0.5035661
12 0.0013589025 0.043858685 0.018917957 0.18532518 0.84172714
5 0.0013561323999999998 0.029311597 0.16812342 0.19511575 0.5271776999999999
4 0.0013546344 0.59180695 0.73297495 0.9229837 0.9557062
8 0.0013498756 0.0 0.15372145 0.2658375 0.41405833
9 0.0013372692000000002 0.06651209 0.17301263 0.2284549 0.680806
8 0.0013344897 0.10524507 0.024537273 0.6002172 0.42892158
3 0.0013265628 0.44429252 0.3717797 0.78493094 0.60592157
1 0.0013155934 0.005693063000000001 0.09085885 0.18445271 0.49618143
9 0.0013080173 0.006615694599999999 0.018481651 0.12689774 0.5491089
8 0.001296958 0.7307285 0.04718982 0.9107832 0.5809006999999999
2 0.0012872225 0.025505177999999996 0.16631927 0.16379076 0.87513477
4 0.0012866602 0.07427283400000001 0.27819148 0.30046543 0.6653667
9 0.0012546842 0.011913925 0.16004224 0.12527026 0.74654496
8 0.0012280011 0.8420903000000001 0.01894888 1.0 0.21427338
13 0.0012244486 0.10219283400000001 0.3768444 0.40755308 0.6432825
1 0.0012156063 0.0 0.12799937 0.28342515 0.74027276
8 0.0012003966 0.7420551999999999 0.09428607 0.9620687 0.40994656
10 0.0011780075 0.096380435 0.30280690000000005 0.34461412 0.72092646
4 0.0011758882 0.30018920000000004 0.8143471 0.6549020000000001 0.9647822
3 0.0011751913 0.011727385 0.014924698500000002 0.13489026 0.2069514
8 0.0011721438000000001 0.0 0.03510184 0.10552877 0.23019245
1 0.0011689808 0.0 0.19021828 0.11128616 0.7745556
3 0.0011603397999999999 0.90989023 0.014181626999999999 1.0 0.30579403
2 0.0011479392 0.13357739 0.29075372 0.37720346 0.6525331
2 0.0011446066 0.11984529 0.033292744 0.2554549 0.77991086
3 0.0011181071000000002 0.7699533000000001 0.18330444 1.0 0.7856221999999999
8 0.0011131028 0.5093974 0.017803404 0.89098394 0.41806793
8 0.0011105117 0.47410575 0.17063443 0.82358253 1.0
5 0.0010763627 0.0 0.14146154 0.14372796 0.8647245000000001
2 0.0010727159 0.0026213378 0.18538465 0.16768856 0.4841647
8 0.0010650192 0.33647412 0.27179602 0.65965044 1.0
4 0.0010597643 0.4231943 0.8132106 0.75180256 0.95967114
8 0.0010571447000000001 0.14687592 0.26434672 0.84326476 0.91052926
4 0.0010569656 0.013899557 0.2731086 0.18081748 0.6888035
3 0.0010413432 0.87048215 0.048327472 1.0 0.35870704
8 0.0010407404 0.15696713 0.6184206999999999 0.77749443 0.98113865
3 0.0010399403 0.7062324000000001 0.24571599 1.0 0.48130825
5 0.0010340660000000002 0.061557605999999994 0.22401210000000002 0.3950386 0.5990991
4 0.0010335152000000001 0.040682055 0.3556738 0.2747992 0.74256104
11 0.0010335053 0.054177947000000004 0.33328800000000003 0.1868203 0.8555444999999999
4 0.0010311743 0.24392578 0.34648547 0.9362389999999999 0.99603504
12 0.0010120015 0.06815114 0.0 0.27370429999999996 0.8076042
3 0.0010078993 0.7376746 0.23929279 0.97340596 0.58731616
3 0.0009909508999999999 0.6889496 0.28885874 0.9241289 0.61593616
3 0.0009852428 0.14894745 0.56218624 0.7884823000000001 0.9396992000000001
13 0.0009737938000000001 0.0417075 0.3100509 0.329548 0.5545536999999999
11 0.00097023597 0.13124011 0.20363729 0.27598393 0.7124058000000001
6 0.0009683838999999999 0.054959975 0.2655553 0.24337855 0.8350915999999999
4 0.00096651755 0.0 0.13547038 0.17972434 0.45262787
9 0.0009660893699999999 0.025370583 0.04440655 0.17357920000000002 0.5579019000000001
3 0.0009581014 0.027466357 0.018727567 0.198733 0.2040549
3 0.00095300365 0.4496973 0.3119006 0.7760352 0.5417081
3 0.0009410655499999999 0.18555503 0.19062583 0.5501323 0.85881096
12 0.0009322142999999999 0.08787598 0.29619312 0.48168147 1.0
12 0.0009318136 0.7544918 0.031112512999999998 0.90190446 0.57637554
3 0.0009313319000000001 0.87318134 0.26651987 1.0 0.63079804
2 0.0009229069699999998 0.0 0.10971676 0.105897546 0.78255016
3 0.0009205073 0.069963455 0.78499407 0.39400133 0.97479016
3 0.0009176893 0.19196212 0.20653811 0.6879821 0.64301616
3 0.0009125811999999999 0.805403 0.37149340000000003 1.0 0.60946256
8 0.0009123025999999999 0.67172575 0.03372929 0.83266544 0.60435355
3 0.0009064978999999999 0.20721142 0.40895373 0.5382437 0.675918
3 0.0008908246000000001 0.3190795 0.16525346 0.8866881 0.60476875
8 0.00088086084 0.4122106 0.63525736 0.89413285 0.97750556
9 0.0008805243400000001 0.04614692 0.27173698 0.19665816 0.8251483000000001
8 0.0008787616400000001 0.020444155 0.6295109999999999 0.56234705 0.99506646
8 0.0008769802499999999 0.04186189 0.02067913 0.70137286 0.59873414
6 0.0008643558 0.042271703 0.3435611 0.44778149999999994 0.63713205
6 0.0008615171 0.0 0.22899961 0.17685668 0.54034024
6 0.0008525387400000001 0.11115295 0.28157464 0.29195634 0.85286367
2 0.0008518907699999999 0.008488268 0.030021442000000002 0.15186487 0.47297552
5 0.0008512419300000002 0.0133424625 0.0011198521 0.19824228 0.61159515
8 0.0008489936599999999 0.24875559 0.07462057 0.73247516 1.0
8 0.0008426027 0.0 0.0 0.36743283 0.5982674
3 0.0008395752499999999 0.65577114 0.05839785 1.0 0.44836247
8 0.0008333273599999999 0.6906305 0.022119767999999998 0.9673936 0.15921146
8 0.0008300587 0.0 0.016273724 0.14359358 0.16250008
8 0.0008277419 0.0 0.09412008 0.5188487 0.65441614
11 0.0008260541 0.105618924 0.35506340000000003 0.42313233 0.60036397
8 0.00082247175 0.54531646 0.0 0.9231256 0.99332917
10 0.00081372133 0.026313126000000003 0.33063948 0.1851634 0.77105826
9 0.0008136424000000001 0.01993227 0.13325234 0.31360626 0.761572
12 0.0008100024400000001 0.75365776 0.14743826 0.8937139999999999 0.821267
6 0.0008010257 0.0 0.2571888 0.13910809 0.820744
4 0.0007881499499999999 0.43456590000000006 0.74815583 0.6719967 0.95359164
