3 0.76847047 0.46394503 0.43747178 0.8813783000000002 0.75045115
3 0.38874403 0.38600403 0.41628233 0.8113838000000001 0.878015
3 0.37882712 0.35651502 0.43974167 0.7489640999999999 0.70651233
3 0.37794563 0.58831984 0.3680833 0.9034923 0.72195554
3 0.2968421 0.6426114 0.42638603 0.9609673000000001 0.7398666
3 0.2716969 0.51116705 0.41301623 0.9735110999999999 0.8871001000000001
8 0.20774063 0.45633578 0.35135713 0.7999363 0.8703993
8 0.19363572 0.3997884 0.073141366 0.8399743000000001 0.8017004
3 0.18438654 0.3366268 0.48527342 0.69087505 0.7910691
3 0.17112699 0.43222076 0.39817503 0.79698676 0.6704551999999999
3 0.1535172 0.562924 0.27216983 0.9660734000000001 0.7592531
8 0.14892779999999997 0.6099551 0.21784122 0.8490753000000001 0.70118386
3 0.14866138 0.47458842 0.37775183 0.70898074 0.87267774
8 0.13969186 0.6586666 0.25787807 0.8417393 0.8364318000000001
8 0.13119806 0.6788878 0.10982988 0.8540638 0.76287746
8 0.12065064 0.5357808000000001 0.18348720000000002 0.8855629 0.8714975
8 0.118100226 0.49356067 0.35445875 0.9666418 0.89914876
3 0.11388327 0.61052674 0.35840294 0.81954426 0.80552405
3 0.10815430000000001 0.6748008000000001 0.3972232 0.88784724 0.8571854
3 0.100722924 0.46829492 0.24195041 0.91330975 0.86105734
8 0.08889780000000001 0.44350344 0.017519793 0.7659100999999999 0.67767453
8 0.08845422 0.52267593 0.29196209999999995 0.7399051999999999 0.7219
8 0.08285476 0.49903274 0.36074415 0.69644344 0.77793896
8 0.08241316 0.5256866 0.34641993 0.8745972 0.6512758000000001
8 0.08101248 0.59040403 0.36513177 0.8512726999999999 0.81123835
8 0.078241765 0.6897831 0.29319912 0.9177908000000001 0.7655715
3 0.07704085 0.3922522 0.3591521 0.6696868 0.7008926
8 0.07540237 0.43250853 0.48474985 0.892191 0.8986702
3 0.07424793 0.53355074 0.36887997 0.7755451 0.8401249
8 0.07363023 0.5541854 0.42613173 0.79854643 0.84093165
3 0.072508015 0.7144744000000001 0.34802288 0.9091657 0.79902965
8 0.07209877 0.47249300000000005 0.38149768 0.78760034 0.6770394000000001
8 0.07138234 0.49158287 0.45208645 0.8267014000000001 0.76349586
3 0.07037036 0.43085364 0.37384809999999996 0.63874626 0.8223616
3 0.06977954 0.5736621000000001 0.45517534 0.88195914 0.8177013000000001
8 0.06761024 0.6134858 0.25194207 0.7835326 0.84964097
8 0.06573157 0.45355204 0.34068390000000004 0.6135656999999999 0.88092506
3 0.061530095 0.53521854 0.33254734 0.8055137 0.6854852
8 0.053778127 0.39295536 0.24828763 0.66784304 0.9069684000000001
8 0.052459665 0.41368859999999996 0.42324463 0.59634155 0.82874846
3 0.044024955 0.27383327 0.3007687 0.79366374 0.77315295
3 0.04291267 0.36292723 0.41082564 0.62784433 0.7531342
8 0.042411897000000004 0.4659817 0.46640408 0.67392576 0.8702131
3 0.03922339 0.22122571 0.44611317 0.7670437 0.9278213
4 0.038677562 0.5816507 0.4823327 0.8646491 0.7671821999999999
8 0.03704169 0.5556345 0.23734570000000002 0.72109914 0.83652306
4 0.03504944 0.47165304 0.4611973 0.7810094 0.78785414
8 0.034935553 0.20238677 0.19680044 0.7207246999999999 0.796519
8 0.034836538 0.61802304 0.43659857 0.918213 0.7695784999999999
8 0.034409985 0.41405785 0.42998466 0.67186725 0.7334024
4 0.034301046 0.6395853 0.4384325 0.8242757 0.8309904
4 0.030685851 0.61594373 0.38898435 0.8978289 0.68523693
4 0.03068363 0.6982144 0.42310673 0.8837596 0.80233175
3 0.029400257000000003 0.26982844 0.43689898 0.5834267 0.73386467
4 0.026805452999999996 0.5017933 0.3918704 0.8105088 0.7248139
4 0.0251174 0.6658945 0.35714546 0.8519423 0.75607616
8 0.024811454 0.57487625 0.14977098 0.7308225 0.71896034
3 0.022477197999999997 0.3679799 0.1885807 0.87255836 0.69627887
4 0.022389999 0.607346 0.3687342 0.79569346 0.7647579000000001
4 0.02153076 0.4106883 0.5119678 0.7204236999999999 0.789334
8 0.021238985 0.46476477 0.2956277 0.7690541 0.5896118
4 0.021202492000000003 0.5652421999999999 0.47882876 0.7478813 0.8563243
8 0.02073159 0.39308888 0.36767712 0.63497037 0.6695401999999999
1 0.02071424 0.5450978 0.36868286 0.85069406 0.71235836
8 0.01980554 0.43793657 0.20492829999999998 0.5904771 0.8139568
4 0.01978914 0.6611477 0.42433180000000004 0.9513556999999999 0.708817
8 0.019739058 0.52915585 0.033864845 0.8928218000000001 0.6475247
8 0.019405495 0.6106170999999999 0.34184948 0.9411870999999999 0.6935366
8 0.019261746 0.5471686 0.21420720000000001 0.7613064 0.6314991999999999
9 0.018477779 0.5960276999999999 0.36049499999999995 0.88312906 0.73644215
8 0.017547036000000002 0.4048901 0.2812113 0.54112905 0.8555587
8 0.01686198 0.64935905 0.26136065 0.96490914 0.9285924999999999
1 0.016808908 0.45298109999999997 0.43450403 0.7820045 0.7967008000000001
8 0.016612427 0.2376666 0.36251202 0.7547995 0.9142100000000001
3 0.01655565 0.62700844 0.17133948 0.9384915999999999 0.6577595
3 0.016277066 0.7108829000000001 0.35603678 0.97783244 0.62273866
8 0.01626548 0.42635727 0.31512228 0.6907034000000001 0.6107892
9 0.016129095 0.59155416 0.30348572 0.794875 0.7724472
3 0.015565405 0.5393821999999999 0.33851328 0.89444876 0.5684471
1 0.015368943999999999 0.5941189 0.34185170000000004 0.8036241999999999 0.8306579
4 0.015252274 0.665025 0.26615322 0.85615885 0.6451522
7 0.0149618145 0.3817985 0.35095173 0.7768252 0.728376
9 0.014774861 0.67658156 0.25731963 0.88459855 0.7413432
4 0.014605101 0.7391156999999999 0.32328224 0.9357921 0.7199369999999999
7 0.014240009 0.54121685 0.30741778 0.82059014 0.7934388000000001
7 0.014050738 0.40918530000000003 0.44462565 0.8233372999999999 0.79606366
3 0.013995681000000001 0.46927989999999997 0.28318109999999996 0.67510104 0.7792699000000001
9 0.013700863999999998 0.6401154 0.24329598 0.8280370000000001 0.71726036
8 0.013695673 0.4899153 0.1613484 0.65240186 0.7980736999999999
3 0.013494108999999999 0.57824624 0.24921185 0.77411425 0.70870507
5 0.013473288 0.35098693 0.45917939999999996 0.68421185 0.74691695
5 0.013211515 0.36631832 0.45940983 0.6129973000000001 0.9124509
7 0.012990326000000002 0.28594872 0.38513044 0.65317404 0.84071904
3 0.012666384 0.395442 0.42866809999999994 0.58681226 0.8660986999999999
3 0.012254868 0.32823363 0.45381109999999997 0.5705725 0.8243564
7 0.012113538 0.42624286 0.5207221 0.87089515 0.85258454
4 0.012012955 0.7430369000000001 0.44222367 0.9484201999999999 0.822213
4 0.011958851000000001 0.7108248 0.27744612 0.90746015 0.65826684
12 0.011915031000000001 0.6970535 0.27925017 0.87399596 0.7446796999999999
13 0.011629114 0.56109244 0.49563462 0.7652194999999999 0.83886653
7 0.011504597 0.51931185 0.37041554 0.88156265 0.7247203000000001
9 0.011360219 0.66052264 0.3593175 0.85634845 0.8346344000000001
3 0.011305561 0.6639487 0.30298573 0.9053075 0.6273185
1 0.011143646 0.5475633000000001 0.44564146 0.8268813 0.8691747999999999
4 0.01112355 0.69122654 0.51558745 0.87082046 0.88367033
8 0.011090005 0.7190928000000001 0.22790575 0.9358614 0.6429562
8 0.010968381000000001 0.5893395 0.18524939999999998 0.8257886000000001 0.5683328000000001
13 0.0108905705 0.5879799 0.44574505 0.896767 0.7058638
9 0.010880019 0.7147848000000001 0.33973116 0.90929383 0.7973939999999999
9 0.010863457 0.48005545 0.34209347 0.78148067 0.7081093
7 0.010860093999999999 0.6278981 0.34342343 0.8955995999999999 0.84118694
11 0.010786738 0.49050182 0.5419195 0.82472485 0.8579745999999999
1 0.010668931000000001 0.65962434 0.26775378 0.84660053 0.7240211
8 0.010664624 0.5016567 0.19244732 0.71031266 0.5976766
3 0.010629728 0.59685755 0.2915795 0.85937107 0.6136595
5 0.010311718000000001 0.47258310000000003 0.44828278 0.80169797 0.74055755
13 0.010232775999999999 0.59691185 0.44341242 0.80341774 0.770958
4 0.010217075 0.5466661 0.37261063 0.7444546999999999 0.76350063
8 0.0100547355 0.34820774 0.43764448 0.59209013 0.74051344
9 0.009991151 0.5149431999999999 0.44767147 0.7939541 0.8061383000000001
12 0.009879623 0.5904481 0.38087344 0.782734 0.83920044
6 0.009810453 0.46081346 0.44163793 0.870135 0.7232673000000001
3 0.009725468000000001 0.6455729 0.30303445 0.97855794 0.5430494
6 0.009657943 0.5310403 0.5351756 0.89324725 0.83576393
4 0.009648631999999999 0.35189033 0.45560795 0.67601764 0.71516716
3 0.009551789 0.48116058 0.3040989 0.75061685 0.62877816
5 0.0094590485 0.6227356 0.35313845 0.9504521 0.69143695
12 0.009431509 0.54208773 0.34581880000000004 0.8083965 0.703553
13 0.009261482 0.47313565 0.4332237 0.7713471 0.93509984
12 0.009210836 0.59487104 0.38337708 0.86428773 0.7164279
9 0.009210307 0.3654442 0.38675588 0.6783403 0.7011022
4 0.009204321 0.5984689999999999 0.56056327 0.8938173 0.8244408999999999
2 0.009169690999999999 0.5114514 0.46947533 0.9647179 0.84544206
7 0.009117992 0.39182776 0.26587495 0.6511455 0.88538224
13 0.009108825 0.7210206 0.4321528 0.940256 0.8088135999999999
1 0.009070426 0.6166682 0.35713068 0.9088558000000001 0.74355775
6 0.009033632 0.28847873 0.47764593 0.73856723 0.7312448
1 0.0089945365 0.14087617 0.25969288 0.84770906 0.86700815
2 0.008954865 0.64534205 0.37232 0.9191944 0.8944216
13 0.0089483885 0.42937179999999997 0.45959464 0.6482642 0.8330968000000001
1 0.008904430999999999 0.5225936 0.37421122 0.7403430999999999 0.92260075
7 0.008876728 0.41087538 0.21725136 0.8463889000000001 1.0
1 0.008854721 0.49926782 0.1206193 0.8843813 0.71581995
8 0.008785495 0.10438016 0.2954645 0.6562513000000001 0.92335415
12 0.008760044 0.7609052 0.21165477 0.8763799999999999 0.8085770999999999
4 0.008687994000000001 0.7189853 0.44001853 0.8449751 0.92468464
13 0.008684054 0.46741927 0.43500920000000004 0.7632121000000001 0.67506
1 0.008660491 0.55932367 0.2771864 0.7662324 0.7187177
7 0.008541758 0.6050145 0.39305568 0.96429974 0.75292397
1 0.008531974 0.39281875 0.38593292 0.76582426 0.72099614
12 0.008521711999999999 0.6727008000000001 0.39972115 0.8600661000000001 0.85251504
5 0.0085175615 0.42165285 0.32009888 0.6756515000000001 0.81568784
13 0.008506603 0.5052061999999999 0.5129698 0.80880225 0.76615274
13 0.008463231 0.5495501 0.41472247 0.8369622999999999 0.6592348000000001
11 0.008437406 0.3648161 0.47873947 0.5736566 0.87440485
1 0.008430139 0.48330456 0.24736744 0.87114924 0.9209278000000001
12 0.008428587 0.72106963 0.2249118 0.83905023 0.8544074
4 0.0084251175 0.38727576 0.52544004 0.83256096 0.94738483
7 0.008380407 0.37910655 0.46577474 0.99676275 1.0
3 0.008344633 0.52593607 0.21226232 0.88867146 0.6623394
9 0.008342887 0.5834577 0.44952759999999997 0.851825 0.8259890999999999
13 0.008313549 0.38407612 0.47177240000000004 0.58278286 0.86099225
11 0.008209967 0.5696893 0.47327054 0.9354334000000001 0.8165249
13 0.008184965 0.67581165 0.47231448 0.89174914 0.8488678
13 0.008173431 0.5480418 0.41952407 0.7483529999999999 0.7536455
12 0.008148658000000001 0.6370678000000001 0.30213088 0.81375396 0.77432823
2 0.008132847 0.3817992 0.4457788 0.912336 1.0
2 0.008090901 0.42457910000000004 0.5124309 0.8746153 0.8848233
1 0.007908941999999999 0.36797488 0.43466866 0.7689831 0.9798973
5 0.007842935 0.5736375 0.41247204 0.8972986999999999 0.71526164
13 0.007745819 0.60395044 0.49567243 0.90601796 1.0
6 0.0076351413 0.5233579 0.5283184 0.7975126 0.9347388000000001
13 0.007612749 0.5284592 0.3632041 0.72576535 0.6864815
4 0.007580681 0.6332406 0.5519172 0.8219987 0.929959
11 0.0075756973 0.30844033 0.48902407 0.6690550999999999 0.7579017
8 0.0075140680000000005 0.20987198 0.02479683 0.7953941999999999 0.6014224
1 0.0075086122 0.46704403 0.33099473 0.7109287 0.8441332
13 0.007452657 0.7378534999999999 0.51337665 0.95135903 0.9297165000000001
12 0.00744567 0.45349246 0.38209036 0.7377294 0.7370371
13 0.007352346 0.4467277 0.5286575 0.74798983 0.8042172
13 0.007350484399999999 0.6275798 0.4998523 0.83504 0.84085125
2 0.007321617 0.5458221 0.36397833 0.84678274 0.80693483
12 0.007321368000000001 0.40013826 0.32639492 0.59586406 0.8694402
6 0.0073055590000000005 0.3031406 0.47465828 0.7795218 1.0
1 0.007290271 0.694815 0.30108398 0.88383526 0.7821296999999999
13 0.00726226 0.6505743 0.4749377 0.9765860999999999 0.7757576
12 0.007250342 0.45826647 0.32255164 0.5987208 1.0
4 0.007186859 0.60945344 0.2841532 0.80871785 0.6649301999999999
11 0.0071591674 0.60780984 0.40691295 0.82799536 0.8185798000000001
2 0.0071266564000000004 0.5480119999999999 0.39719906 0.98518705 0.74942255
13 0.007125843299999999 0.7067765 0.5108298 0.8501396000000001 1.0
4 0.007124905 0.49188950000000004 0.51541257 0.6815484 0.8938859
4 0.0071015568000000005 0.45248902 0.46623814 0.65018356 0.8070082
12 0.007048644000000001 0.46901268 0.40704218 0.66547376 0.88228714
10 0.0070188690000000005 0.5108274 0.3892285 0.9188969000000001 0.70592445
9 0.0070160330000000005 0.5581441999999999 0.13132416 0.9284588 0.7806515
12 0.0068934537 0.7022228 0.32329840000000004 0.82722664 0.97001606
7 0.006861495 0.578151 0.22462972 0.85077167 0.72851956
3 0.006802863 0.7403835999999999 0.43062192 0.9802940999999998 0.89392143
9 0.0067865634 0.43721777 0.38904035 0.7387795 0.7542116999999999
4 0.006760979499999999 0.7537559 0.44474309999999995 0.8845695 0.9404725
5 0.0067409845 0.41298068 0.5295953 0.68177176 0.97002053
13 0.0067288512 0.3929978 0.5590428000000001 0.8395718000000001 0.9978197
13 0.0066941069999999995 0.6884289000000001 0.37528586 0.9089513000000001 0.7198661999999999
13 0.00661139 0.6448776999999999 0.37843195 0.85335994 0.6884064000000001
11 0.0066026263 0.68002456 0.4083333 0.91668886 0.84737045
8 0.006592901 0.7322086999999999 0.10090261 0.95054746 0.48491845
4 0.006592299 0.34955335 0.40538868 0.6788558000000001 0.6435271
11 0.006591799000000001 0.50861895 0.3820205 0.7726159 1.0
8 0.006589408000000001 0.5218119000000001 0.257996 0.840543 0.5205383
11 0.0065712216000000006 0.45401427 0.4629871 0.6724287 0.8979285
7 0.006567669599999999 0.22824699 0.25318938 1.0 0.96175003
8 0.0065675625 0.40731415 0.26388937 0.5880625 0.68264055
1 0.0065675187 0.44411367 0.16527592 0.7398103 0.9936389999999999
9 0.006502509599999999 0.52793664 0.24513075 0.752328 0.6874503000000001
6 0.0064829295 0.5885020000000001 0.4687339 0.8582755999999999 0.89317596
13 0.006474446500000001 0.50267357 0.56356007 0.7904509 0.85596
7 0.00647006 0.32986468 0.23966768 0.6716641999999999 0.69760734
11 0.0064571826 0.40199440000000003 0.4308058 0.60863274 0.80655706
4 0.006444386999999999 0.5383884 0.5371111 0.7266172 0.9201377000000001
8 0.00644438 0.0022810176 0.39668095 0.16016355 0.66543907
7 0.006399675 0.22077566 0.45205790000000007 0.7180880000000001 0.7892315
11 0.0063913222 0.5609581 0.46239826 0.775623 0.9110754000000001
13 0.006354657 0.3605753 0.42492357 0.65719604 0.7059375
1 0.006350434 0.3608143 0.08372608599999999 0.78365064 0.88298315
2 0.006338398 0.48534176 0.3607715 0.9380925999999999 0.68671554
13 0.006337180699999999 0.73159903 0.42158148 0.883866 0.8994236999999999
11 0.0063348087 0.4991883 0.43018046 0.7319759 0.8718030000000001
10 0.0063132443000000005 0.5542776999999999 0.45098367 0.99378544 0.72764015
12 0.0062860055000000005 0.5466261 0.47135058 0.7459084 0.9113543
5 0.006284755699999999 0.6909795999999999 0.4306558 1.0 0.7597864000000001
12 0.006271021999999999 0.73657167 0.34163338 0.90257645 0.76612216
9 0.0061812275 0.6093181 0.13918872 0.7672064000000001 0.66692215
1 0.006116071 0.29430646 0.40108046 0.68302494 0.7336323
5 0.006109254000000001 0.5055984 0.45553017 0.7553704000000001 0.8840798000000001
4 0.0060631167 0.48152393 0.3928761 0.68354565 0.74846524
5 0.006020197 0.49591023 0.5239203 0.8521181000000001 0.7860505
5 0.0059995796 0.7086198 0.24900147 0.94041115 0.7868586999999999
11 0.00589907 0.47569513 0.37797 0.6252582 0.967844
7 0.0058904733 0.6821595 0.30337417 0.94098324 0.7854355
8 0.005887014 0.7286590000000001 0.3771095 0.95866114 0.94674534
4 0.005881684 0.55073494 0.408648 0.94539756 0.89386666
1 0.00587242 0.48196313 0.20917991 0.6489623999999999 0.9651784999999999
8 0.00586986 0.45197788 0.24554814 0.64609355 0.6468669
2 0.005859061600000001 0.2496571 0.27661195 0.8572044 1.0
9 0.0058359164 0.6879871 0.44749979999999995 0.8824203000000002 0.9091163000000001
5 0.0058206790000000005 0.43805109999999997 0.549995 0.79507136 0.8276537
4 0.0057875547 0.28179994 0.40249878 0.8715966999999999 0.87190026
11 0.0057170913 0.7415798000000001 0.38381055 0.961511 0.78726125
7 0.0056583704 0.5233139 0.24828471 1.0 0.9943379000000001
7 0.0056559565 0.45508760000000004 0.28064653 0.72073203 0.9002657
12 0.00565013 0.32662886 0.37959793 0.6249560000000001 0.76594526
13 0.0056445133 0.54044914 0.43539143 0.6823497 0.896035
12 0.0055583143000000005 0.49172127 0.0 0.8728404000000001 1.0
8 0.0055582285999999995 0.57564086 0.45193896 0.75646573 0.98877156
1 0.005554381 0.32784247 0.37590948 0.596878 0.8490994000000001
9 0.005544214499999999 0.3875362 0.40780884 0.6031263000000001 0.78929955
1 0.005535374399999999 0.23298131 0.34830225 0.7219393 0.9713504999999999
6 0.0055198786 0.4830032 0.46358204 0.8420416999999999 1.0
12 0.0055076430000000004 0.61928844 0.10273761 0.94075096 0.78387463
13 0.0055072409999999995 0.49030018 0.5086352 0.69260895 0.8702506999999999
6 0.005461896 0.4135236 0.5483883 0.7757265 0.82275134
13 0.0054525468 0.34927356 0.48837546 0.6409786 0.7824963
4 0.005445929 0.47768253 0.38417965 0.7599334 0.9004458000000001
8 0.005426720699999999 0.31183654 0.3716761 0.5602484999999999 0.69718486
9 0.0054153376 0.52170444 0.291688 0.8457793 0.6145325
2 0.0054141292 0.6474734999999999 0.2493803 0.9199371999999999 0.72962624
6 0.0054124766000000005 0.69073635 0.4079468 0.9414999 0.8487511999999999
11 0.005411521999999999 0.74633384 0.28729457 0.9014373 0.89208966
4 0.005410228 0.55329627 0.43445304 0.6855971 0.93606645
8 0.0053776990000000005 0.6318634 0.021040255 0.93291134 0.72972995
11 0.0053534023 0.7130102 0.48063278 0.93915915 0.9335379
4 0.0052999035 0.35435483 0.47011549999999996 0.5730886 0.7929638000000001
4 0.0052936836 0.41556409999999994 0.50779927 0.6195948 0.83921367
2 0.0052515240000000005 0.42144567 0.0 0.86496013 0.93496156
6 0.005237267 0.39108562 0.58530486 0.8550472 1.0
6 0.00520186 0.23321766 0.36765963 0.92435676 0.9549709000000001
7 0.005196543 0.46698663 0.2891938 0.86815214 0.67273164
1 0.0051491641999999995 0.7124869 0.25377515 0.8440694 0.9102865
4 0.005148657 0.38191290000000006 0.40200388 0.6060456 0.7252574
3 0.0051455395 0.41086146 0.25140592 0.58245003 0.71746117
12 0.0051242993 0.49349004 0.30694422 0.7707265 1.0
13 0.0050737397 0.5804905 0.5219576 0.88547903 0.78097117
7 0.005073339699999999 0.26319337 0.24227317 0.7550019 1.0
11 0.0050706076 0.48228782 0.43390736 0.80933183 0.7211269
4 0.005059965 0.30484334 0.50964427 0.6353259 0.75977004
4 0.00504688 0.50043017 0.19480486 1.0 0.7344687
1 0.0049702646000000005 0.6620214 0.36701253 0.8550428 0.919284
12 0.0049365168 0.6829845 0.23289807 0.8089484 0.90434426
12 0.0049176435 0.5468510999999999 0.42285916 0.69467527 1.0
11 0.004895949 0.6942316 0.29326168 0.84819055 0.8925386999999999
4 0.004882559 0.7515891 0.31378794 0.8940776 0.8283027000000001
13 0.0048467848 0.50314224 0.38758883 0.6906934 0.7535552
11 0.0048231124 0.58493817 0.37847996 0.84580934 1.0
4 0.004816887 0.728723 0.14961216 0.86562854 0.7024921
12 0.0047695585999999995 0.6369056 0.19396973 0.76627773 0.84618527
13 0.00474956 0.5910629 0.32670920000000003 0.73295295 0.788879
7 0.004743375 0.6592738 0.14006612 0.8595806 0.7680111999999999
1 0.0047325417 0.40843385 0.29806188 0.76951474 0.65015167
2 0.0047027003 0.45499206 0.14501340000000001 0.94691825 0.8739680000000001
