3 0.028228376 0.1711177 0.41293755 0.8710606 0.91406506
8 0.024372367000000002 0.56818396 0.35274586 0.7990335999999999 0.69952863
8 0.018230252 0.26862293 0.0 0.6459295999999999 1.0
8 0.018213311 0.13110411 0.32143307 0.6928244 0.9310212999999999
8 0.0180534 0.14118445 0.054662336 0.58294207 1.0
3 0.015539913999999998 0.4166275 0.34884733 0.82686484 0.86584127
3 0.014725321999999999 0.28946900000000003 0.41522846 0.7205758000000001 0.88689953
8 0.014196128999999998 0.20046693 0.34826887 0.9086780999999999 0.9521311
3 0.013144998 0.5663661 0.36808932 0.84763587 0.58485967
8 0.013050896000000001 0.28492280000000003 0.09198104 0.7882123999999999 0.997315
8 0.012938013 0.01659125 0.089113 0.20651814 0.58783937
3 0.012841008000000001 0.20100152 0.25680625 0.71183515 0.91053146
3 0.01192871 0.03605011 0.10578476 0.2602491 0.5216893
3 0.011860018 0.27430493 0.63498414 1.0 0.9017642
8 0.011712243999999998 0.29137605 0.33571368 0.6475379 1.0
8 0.011238055 0.50745595 0.33796692 0.7922876999999999 0.5969892
3 0.010263226 0.5768479000000001 0.43566862 0.8781929 0.6848684
8 0.009857885 0.59387106 0.27170527 0.7624319 0.792126
8 0.0096091125 0.40041772 0.26868156 0.75778675 1.0
3 0.00900957 0.066349655 0.41772458 0.6430974 0.9562995999999999
3 0.008131925 0.36570886 0.4857134 1.0 0.9184769
8 0.007923026 0.5960386 0.41497399999999995 0.8406116 0.7776974
3 0.00786662 0.088559136 0.010514392 0.28170413 0.47771379999999997
3 0.0077362265 0.5384321999999999 0.4068563 0.82811636 0.6322681
8 0.0074598272 0.015289783500000001 0.052825134 0.42896759999999995 0.9781558000000001
8 0.007390896 0.57322645 0.32737866 0.8610654000000001 0.59265167
3 0.007100760500000001 0.04785806 0.12966783 0.3186662 0.42982042
8 0.0066696559999999995 0.08497047 0.07559367 0.2724538 0.45655468
8 0.006551635500000001 0.058482945 0.37050584 0.47088122 1.0
3 0.0059021790000000005 0.64039904 0.2520788 0.8936848 0.5483468
8 0.0058717084999999995 0.48830432 0.16067801 0.8678537000000001 1.0
8 0.0057532843000000005 0.44743538 0.0 0.8069694000000001 1.0
3 0.0054490245 0.16582042 0.7891885000000001 0.6181472 0.95184654
3 0.005391826999999999 0.069006056 0.08528731 0.2921736 0.6206439
3 0.004991497 0.47782233 0.41487494 0.93673265 0.8925938
3 0.0049050963 0.27322194 0.3630426 0.98229873 0.7977119
3 0.0046747920000000005 0.31025016 0.8000716999999999 0.7958472 0.9478958000000001
3 0.0045533166 0.63644457 0.31568015 0.8749074 0.61695
8 0.0045035959999999995 0.0007322505 0.073614866 0.16581684 1.0
3 0.0045031086 0.14013635 0.3678528 0.5085705 0.9413145
8 0.0043690237 0.60496384 0.37718627 0.78302413 1.0
8 0.0043449155 0.0 0.07266287 0.23321933 0.45405164
8 0.0042881609999999995 0.5297929 0.31821059999999995 0.7330098 0.6899448
4 0.004220182 0.36964154 0.51314217 0.98207414 0.90110326
8 0.00415773 0.14600445 0.49556372 0.5660215000000001 1.0
8 0.004155461 0.22311133 0.6083058000000001 0.8464931999999998 0.9567754999999999
8 0.003949425 0.5449156999999999 0.23830806 0.70053613 0.78957313
8 0.0039244303 0.07976025 0.6069849 0.6286046 0.9641446
8 0.003904512 0.13475154 0.7996764000000001 0.46922034 1.0
8 0.0037697467 0.0 0.103771664 0.19361852 0.78980434
3 0.0037643015000000004 0.42322212 0.4082978 0.7496335 0.62299323
8 0.0037549906 0.553929 0.30766743 0.7241255999999999 1.0
3 0.003610602 0.47808427 0.44254464 0.7770646 0.6587437
3 0.0034921797999999996 0.44843262 0.27211979999999997 1.0 0.86113894
3 0.0034806665 0.10758969 0.08776103 0.42660943 0.5856981
3 0.0033776270000000002 0.032992184 0.6532581999999999 0.78729266 0.94895756
6 0.0031607605 0.031960562000000005 0.11446217 0.19202654 0.5895260999999999
3 0.0031111445000000003 0.103056446 0.18135609 0.44961882 0.89576286
8 0.0030307896 0.64795774 0.17883515 0.8283214 0.7255524
8 0.0029788832 0.47268194 0.40685156 0.75830907 0.6863496
8 0.0029315052 0.08354452 0.17864649 0.70151126 0.7887318
3 0.0028814238 0.06382042 0.15742983 0.32041007 0.9140275
8 0.0028636359999999997 0.46971019999999997 0.2959145 0.6852196 0.72133535
8 0.0028539575 0.022320434 0.28995568 0.33887434 1.0
4 0.0027635612 0.23577869 0.34259835 0.8665035 0.8979823
4 0.0027203558 0.46621540000000006 0.39139915 1.0 0.9371575000000001
4 0.0026476549 0.05522632 0.0 0.21491015 0.52408147
8 0.0026281467 0.40596079999999996 0.36883190000000005 0.69719696 0.65791243
8 0.0026128986 0.0 0.077207595 0.3115996 0.6126507
6 0.0025739695 0.24471599 0.54008824 0.88073176 1.0
8 0.0025727975 0.6467323 0.3688955 0.8369095999999999 1.0
3 0.0025227256 0.032672457 0.44658598 0.23712653 0.79369056
3 0.002427765 0.654388 0.31538156 0.98253137 0.53713113
8 0.0024093103 0.30254376 0.78997904 0.64884436 0.99897224
3 0.0023295789 0.017738655 0.26388666 0.23384063 0.96452725
4 0.002317856 0.081798784 0.0 0.25034120000000004 0.45897314
3 0.0022797599 0.6215255000000001 0.2802659 0.8039628000000001 0.6908757
8 0.0022242153 0.0 0.1911134 0.24458678 0.48932776
6 0.002201668 0.07288325 0.110181965 0.22346947 0.5489828
3 0.002188542 0.637648 0.4281115 0.9377587 0.7758162
8 0.002179389 0.45059174 0.3185493 0.72221 0.60953695
8 0.0021547745 0.0 0.087447695 0.5573511999999999 0.7423411
8 0.0021535411999999998 0.6112915 0.4345627 0.8837060999999999 0.8891099
3 0.0021337993 0.28311068 0.16077839 0.7770483 0.77767944
3 0.002131627 0.038027838 0.0026855469 0.20569417 0.6390441
3 0.0020801285000000003 0.18650414 0.10848917 0.50813144 0.8595863000000001
1 0.0020725608 0.15760812 0.36980504 0.7875173000000001 0.8885055000000001
4 0.0020101126000000003 0.3007939 0.47606793 0.75881886 0.89735645
4 0.0020030895 0.13199109 0.46304503 0.5910853 0.87984586
13 0.0019699027999999998 0.22559479 0.45193493 0.9208039000000001 0.8922116
4 0.0019509135999999999 0.34509507 0.27367482 0.6220361999999999 0.86943084
12 0.0019307131 0.11796056 0.0 0.28085077 0.43847020000000003
1 0.001926142 0.10996029 0.0 0.25272536 0.42415193
8 0.0019013046 0.60103685 0.42572454 0.96800727 1.0
3 0.0019004010000000001 0.5234189 0.56498224 1.0 0.8723738000000001
8 0.0018879691 0.33078614 0.46604326 0.83208835 1.0
6 0.0018727264 0.26559937 0.72881395 0.8874097 1.0
12 0.0018479736 0.07918602 0.0 0.24686307 0.5312312
4 0.0018090289000000002 0.11447016 0.0 0.28724885 0.379171
7 0.0018082095999999998 0.0 0.06936765 0.22937511 0.5928883
4 0.0017923488 0.62809354 0.572349 0.958749 0.84696877
9 0.0017901598000000002 0.33884642 0.34862727 0.8773849 0.97898567
3 0.0017784759 0.61678743 0.41397786 0.8333091999999999 0.8646186
3 0.0017747347 0.00996872 0.20910735 0.19799349 0.53400236
3 0.0017710526000000002 0.03237623 0.31266698 0.38628873 0.93346965
6 0.0017603169 0.0039456487 0.087254085 0.211811 0.467291
1 0.0017571728 0.07402180000000001 0.0 0.21470709 0.5015635
8 0.0017508944 0.0012720227 0.03375962 0.6415274000000001 0.5014937
8 0.0017158879999999998 0.45913422 0.027638303 0.78420925 0.7115826999999999
8 0.0016845245000000001 0.0 0.02638289 0.20440632 0.23184493
3 0.0016844067 0.7362715 0.58358914 1.0 0.88286906
12 0.0016686028 0.34160188 0.40713817 0.92892873 1.0
3 0.0016467815 0.5321023 0.4143325 0.7624058000000001 0.8750226999999999
3 0.0016342892000000002 0.42139876 0.34916416 0.7500526999999999 0.5581339
3 0.001602027 0.6288064999999999 0.5533469 0.9761926999999999 0.91675144
8 0.0015810289999999999 0.6312022 0.23238097 0.8730018 0.63722855
11 0.0015759787 0.041124225 0.12629421 0.20826596 0.5523961
3 0.0015674542 0.015919104 0.022382272 0.24224968 0.21583982
3 0.0015669167 0.34850466 0.36886385 0.7072326 0.57958394
8 0.0015578633 0.0 0.10173419 0.29892796 0.3680049
4 0.0015125661 0.8383831 0.63858616 1.0 0.9209228000000002
3 0.0015042617 0.07964201 0.045631554000000005 0.40513468 0.3581778
12 0.0014820707999999999 0.045084223 0.017407311 0.21182068 0.6288145
8 0.0014549139 0.6079482 0.5255307 0.8815299000000001 1.0
3 0.0014340373 0.14077945 0.36968756 0.46347255 0.62985194
8 0.0014095355 0.0 0.042133834 0.17027763 0.3374877
4 0.0014046905999999999 0.79936624 0.57183003 1.0 0.9590863000000002
3 0.0013999179999999998 0.043376327 0.34260905 0.31705853 0.61146957
4 0.0013948729999999998 0.6626154000000001 0.5403432 0.88608444 0.9206646
6 0.0013870894000000001 0.570786 0.37081295 0.8184408000000001 0.77204543
3 0.0013858915 0.5579681 0.300169 0.7302279 0.7207555999999999
13 0.0013819195 0.03420368 0.04063503 0.19679958 0.5354658
3 0.0013635664000000002 0.57018566 0.6184831999999999 1.0 0.92850095
1 0.0013560395 0.7923614999999999 0.60422325 0.96314037 0.8724556
8 0.0013474829999999998 0.5560539000000001 0.2608841 0.8465233 0.54220325
3 0.0013204501000000002 0.06018129 0.04118101 0.3473545 0.28670737
1 0.0013171883999999999 0.032116822999999996 0.0 0.1871799 0.5665177
8 0.001315444 0.5593139 0.45483282 0.7785224000000001 0.9213345
2 0.0013128917 0.0 0.084225446 0.22164372 0.6007640000000001
3 0.0013050124 0.21130872 0.0 0.8654845 0.46118450000000005
4 0.0012904527000000001 0.77213484 0.51249236 0.92948276 0.9239656999999999
4 0.0012869908 0.65862656 0.5026172999999999 1.0 0.93930435
6 0.0012839261 0.0 0.055001426 0.19478979999999999 0.25656584
3 0.0012831746 0.5922783 0.47259066 0.9074517 0.8403424999999999
7 0.0012795113 0.5649353 0.29053932 0.86095333 0.7898242
13 0.0012769927 0.5811502 0.36748526 0.7955594 0.70829785
8 0.0012746255 0.73169875 0.47223820000000005 0.9385077 1.0
6 0.001274552 0.06270629 0.4829372 0.66511923 1.0
11 0.0012716386999999999 0.0 0.20563394 0.24119207 0.541985
12 0.0012714199 0.61209303 0.23945509 0.79721373 0.7644681999999999
3 0.0012561238 0.03283464 0.37014306 0.22745726 0.6548210999999999
7 0.0012523005 0.22243637 0.3381699 0.9950494000000001 0.97850186
3 0.0012470288000000001 0.73984605 0.43174878 1.0 0.6916074000000001
4 0.0012290566 0.29420215 0.15185574 0.7141175999999999 0.8823421
2 0.001222462 0.044022977000000005 0.0 0.23051673 0.58821815
8 0.0012176983 0.24868184 0.14363642 0.8721481 0.679519
3 0.0011961699 0.6875517 0.13336314 0.8766255999999999 0.5914176999999999
1 0.0011911569 0.008238427 0.0 0.2313087 0.4481844
1 0.0011884206 0.54620266 0.28595440000000005 0.7531656999999999 0.7741842
3 0.0011827110000000001 0.8629831 0.33530706 1.0 0.7094618
8 0.0011779595 0.04170022 0.027566612 0.28670323 0.23503079
4 0.0011649873 0.13514718 0.6278859999999999 0.8450327 0.9675992
8 0.0011613586 0.062069415999999995 0.05474484 0.7257403 0.35120597
3 0.0011602985 0.6190191999999999 0.43444946 1.0 0.6498855
3 0.0011591792999999999 0.15252355 0.018207232 0.334038 0.40622893
4 0.0011589227 0.44098303 0.20929848 0.7375144 0.8706978000000001
7 0.0011351284 0.06211692 0.0 0.24273539 0.56388324
8 0.001129823 0.34840596 0.0312966 0.8433521999999999 0.46572440000000004
13 0.0011254178 0.0 0.053910043 0.23130971 0.45003775
3 0.00111895 0.18548654 0.032363284 0.62500185 0.49613209999999996
11 0.0010916804 0.092239685 0.089678325 0.28480890000000003 0.45089589999999996
8 0.0010828883 0.0 0.11196063 0.16177997 0.42761093
6 0.0010770491 0.2583254 0.62564427 0.7077351 1.0
1 0.0010757362 0.4823857 0.30159807 0.78869814 0.6169026999999999
13 0.0010656293 0.2596904 0.62494534 0.9472871999999999 0.97940814
4 0.0010630811999999999 0.14770319 0.21007599 0.5672385999999999 0.8744903
6 0.001061229 0.47678912 0.42088059999999994 0.83448243 0.70335776
11 0.0010481789 0.3593832 0.4281678 0.9579532 0.9793716999999998
3 0.0010381261 0.4306545 0.47092596 0.81724787 0.7449172
3 0.0010361169 0.16830191 0.11875603 0.6936629 0.64435464
1 0.0010341973 0.022877619 0.0 0.21224551 0.2395161
11 0.0010329736 0.5996729000000001 0.35285848 0.7933309000000001 0.7090576
6 0.0010310658000000001 0.49579602 0.6737264000000001 0.907479 1.0
1 0.0010235664 0.6251553000000001 0.44110432 0.8249991 0.82695407
6 0.0010228254 0.11169581 0.08800883 0.25624610000000003 0.455297
3 0.0010202086 0.7673376999999999 0.12425073 1.0 0.5939671999999999
8 0.0010175798 0.7495352 0.5725348000000001 0.9924723 0.9451328000000001
3 0.0010162050999999999 0.017611608 0.649938 0.45055103 0.95746666
1 0.0010052966000000001 0.24453738 0.5038007000000001 0.87612045 0.9170558000000001
8 0.0009950785 0.54033905 0.13920183 0.92551714 0.7047048
6 0.000987408 0.0054389684999999995 0.12574774 0.16115049 0.72376174
3 0.0009853003 0.6066927 0.34088665 1.0 0.7751236
1 0.0009842274 0.0 0.30414045 0.6633859999999999 0.8239419
8 0.000977526 0.668678 0.5881272 0.9674956 0.9836362
1 0.0009768464 0.6255466 0.5100745 0.8926829 0.92791444
1 0.0009759062 0.27362922 0.26427466 0.8273481 0.83156085
3 0.0009694817 0.7968232 0.28943482 1.0 0.6462329000000001
3 0.00096410845 0.021707661 0.06366543 0.20714775 0.36275727
8 0.0009626829400000001 0.0 0.05028028 0.3204724 0.29403642
8 0.00095458195 0.40285063 0.19875029 0.8844273000000001 0.76783454
8 0.0009545169300000002 0.4957986 0.17601925 0.6573465999999999 0.8298218
6 0.00095128344 0.019647181 0.17470431 0.27559927 0.45429537
9 0.0009480844 0.6029241999999999 0.32676324 0.8066709 0.71003276
6 0.0009435918 0.8070588000000001 0.672304 0.99771106 0.95798165
9 0.0009382882000000001 0.07950209 0.024139484 0.24303089 0.57490784
8 0.0009360994 0.35021323 0.30931333 0.6535936999999999 0.6108829000000001
13 0.0009254819999999999 0.34857540000000004 0.31034657 0.79831034 0.87583226
6 0.0009218173 0.07056889 0.7329315 0.7667973000000001 1.0
3 0.0009054327000000001 0.0016901642000000001 0.45709473 0.20357305 0.9581537
2 0.0008974997300000002 0.27419140000000003 0.36258203 0.92564654 1.0
6 0.00088639715 0.28243053 0.53774154 0.60629016 1.0
2 0.00088471954 0.06793016 0.01227204 0.26523313 0.47752836
1 0.0008733799000000001 0.4482566 0.34832335 0.76155543 0.6836397
9 0.0008727619 0.43945926 0.18947983 0.82198197 0.95847017
4 0.00086975365 0.41817087 0.15254636 0.87154025 0.8836314000000001
3 0.0008665171000000001 0.42817659999999996 0.33726153 0.6928873999999999 0.64689285
3 0.00086375925 0.6781222 0.44197512 1.0 0.89613533
8 0.0008516015400000001 0.770656 0.026182361 0.9696201999999999 0.7078141
3 0.00085035816 0.20351173 0.35499123 0.5295024 0.5972069000000001
8 0.0008500143 0.13971211 0.2395565 0.37594736 0.6873897
3 0.0008428448 0.697461 0.25186694 0.9016398000000001 0.6920531999999999
11 0.0008424975 0.0 0.11683059 0.2525357 0.44030902
6 0.0008374493 0.6449906999999999 0.656938 0.96032536 1.0
4 0.0008350478599999999 0.5313126 0.29612386 0.8614569 0.91039056
13 0.0008306702 0.0997252 0.04712901 0.27227813 0.42800713
12 0.0008302964 0.18263209 0.39236537 0.8026882 1.0
1 0.0008291616700000001 0.49039552 0.40167916 0.79902744 0.72469985
1 0.000821855 0.009202898000000001 0.08305907 0.52250546 0.79674613
11 0.0008098619 0.21329215 0.43863773 0.8353658000000002 1.0
3 0.0008042677700000001 0.122562274 0.036078467999999995 0.5385805 0.41056326
8 0.00080336566 0.5954205 0.0 0.9557178 1.0
6 0.0008016728999999999 0.7497976 0.69031286 0.9831200999999999 1.0
3 0.0008013682000000001 0.5514324 0.10303966 1.0 0.62438226
8 0.0008001403999999999 0.67986107 0.055477276 0.95990086 0.5900204000000001
13 0.00079822773 0.0 0.3377946 0.7112401999999999 0.8778876
8 0.0007915841 0.107111245 0.32173744 0.4176657999999999 0.63362944
9 0.0007894641599999999 0.020184353000000002 0.034714937 0.27283 0.49523756
3 0.0007871408 0.15441845 0.33313498 0.3873738 0.70880586
6 0.0007864694000000001 0.0 0.071428575 0.16264892 0.33421767
8 0.0007859580999999999 0.0 0.072107874 0.4221107 0.45830834
3 0.00078183156 0.09208994 0.009482761 0.32518357 0.20988130000000002
8 0.0007796887 0.37980549999999996 0.016177096999999998 0.7133854000000001 0.75860715
7 0.00077903405 0.0 0.0 0.18287679999999998 0.29301378
8 0.0007779977 0.54005814 0.60556614 0.93824506 1.0
12 0.0007691442999999999 0.6494268 0.22284423 0.7773318 0.9113106
8 0.0007679507000000001 0.50282526 0.63189834 0.83900976 0.97727513
6 0.0007677213000000001 0.12387256 0.61224705 0.6019688 1.0
11 0.00075341 0.35038528 0.70630944 0.9947033000000002 1.0
11 0.00074799464 0.76231074 0.61851215 1.0 0.8797879999999999
11 0.0007419284 0.62636197 0.39611876 0.8277434000000001 0.7490964
8 0.0007407079700000001 0.20333622 0.052737582000000005 0.55771524 0.3798304
8 0.0007405738599999999 0.84686315 0.27975209999999995 0.9749521999999999 0.7406154
3 0.00074029196 0.029803067000000003 0.56211406 0.5400473000000001 0.9349707
4 0.0007389702 0.0024385452 0.08940184 0.3183588 0.4023334
4 0.00073553936 0.016405992 0.026696682000000003 0.17351629999999998 0.55545
8 0.0007346089999999999 7.096678000000001e-05 0.50852394 0.13351500000000002 0.9698902
8 0.00073296396 0.49073890000000003 0.4111601 0.7099478 0.88925976
13 0.00073032296 0.399335 0.53143066 0.96229196 0.94570094
13 0.00073019566 0.6155144 0.43572380000000005 0.8322134 0.7591167
6 0.0007287878 0.6462085999999999 0.59981793 1.0 0.88401955
8 0.0007220603299999999 0.40901145 0.27471843 0.64348626 0.70554715
1 0.00071724004 0.5704017 0.40326223 0.8569495999999999 0.9367854
12 0.0007168853999999999 0.5723348 0.2650945 0.8517453000000001 1.0
1 0.0007167134299999999 0.2426388 0.106519595 0.6672366999999999 0.8370994
3 0.00071623246 0.6547098000000001 0.24199541 1.0 0.6351197
9 0.0007117016999999999 0.017510071000000002 0.02395087 0.2016142 0.3258968
8 0.0007101458 0.0 0.45175996 0.16613288 0.76898545
1 0.0007071104 0.14326017 0.23179395 0.613911 0.8788804
13 0.00070303614 0.6057465999999999 0.5340828000000001 0.7991657 0.91469234
4 0.00070123497 0.6326143 0.49573407 0.82084376 0.923092
4 0.0007002571400000001 0.6223593000000001 0.34282446 0.94912267 0.921107
11 0.0006944144 0.0 0.20972592 0.33016434 0.45064244
7 0.00069199613 0.52477705 0.39355543 0.93198514 0.7563592
13 0.0006913072 0.54388374 0.48326610000000003 0.8586423000000001 0.7271721999999999
4 0.0006799362 0.55277604 0.45595843 0.88405484 0.7070899
3 0.00067873043 0.67552376 0.35482496 0.98055553 0.66574144
11 0.0006744514699999999 0.5836629 0.28980953 0.77569073 0.6398486
8 0.0006736563 0.6522204 0.35486856 0.9058450000000001 0.79033935
11 0.0006733375 0.55798197 0.46619898 0.8573871999999999 0.6987406
4 0.0006721521000000001 0.5933084 0.33482176 0.82269794 0.6978285
6 0.00067107973 0.36943084 0.6489431999999999 0.81266063 1.0
8 0.0006706902 0.00787266 0.38332576 0.10516386 0.83484554
1 0.00066920015 0.49275023 0.267892 0.7224539000000001 0.71776974
8 0.0006690867999999999 0.23644740000000003 0.0141245 0.58973247 0.7308296999999999
8 0.00066798733 0.0 0.21401927 0.13871291 0.53815204
1 0.0006676141 0.6479564 0.57773554 0.9305048 0.8524923000000001
13 0.0006674303999999999 0.20983404 0.26065403 0.6593539 0.8643379000000001
6 0.0006664782400000001 0.5284779000000001 0.47284729999999997 0.8956076 0.7430346
5 0.0006605232000000001 0.025315947999999998 0.018259598000000002 0.21873143 0.22627145
1 0.00065856 0.49539465 0.20172276 0.7769626000000001 0.8839619000000001
6 0.0006585425999999999 0.61029494 0.4480009 0.84449565 0.83477193
1 0.00065833575 0.61073387 0.26762936 0.7789084 0.71859694
7 0.00065457565 0.0 0.32243672 0.7891179 0.9169543
8 0.0006462203 0.15561844 0.29904836 0.49144262 0.6085401999999999
1 0.0006453601 0.5831523000000001 0.5578744999999999 0.88447237 0.82946527
13 0.0006430928 0.28314507 0.3462834 0.5983593 0.8999808000000001
13 0.0006424901 0.48515257 0.41205877 0.8008137 0.65036917
7 0.0006392210500000001 0.4987715999999999 0.30161402 0.873985 0.6487128000000001
8 0.0006391451000000001 0.5288497 0.5340808000000001 0.90588427 0.90497124
4 0.0006379138 0.16990256 0.0 0.61034876 0.8097121
