3 0.109940775 0.73233056 0.33517113 1.0 0.59258074
8 0.09964301 0.7485980999999999 0.24191509 0.96813107 0.66186684
8 0.08203575 0.6970457 0.2743689 0.95646095 0.58636373
3 0.04231075 0.44453433 0.44406256 0.68356156 0.7399446
8 0.03765693 0.4771933 0.24090147 0.6578006 0.7720734
3 0.035827048 0.47751477 0.30943754 0.652866 0.6961451999999999
8 0.033060982999999995 0.77406627 0.19283720000000001 0.9431029000000001 0.7874327
8 0.032727685 0.4517041 0.16070421 0.6107524999999999 0.70041585
3 0.031221667 0.60684955 0.38481966 0.9116117 0.657935
3 0.02766353 0.51826835 0.37700066 0.69948816 0.74864924
8 0.02742643 0.8341367000000001 0.24906227 0.98813534 0.76541334
3 0.026876066 0.8141375 0.28423634 1.0 0.6394514
8 0.02506071 0.78362304 0.024868197999999998 0.97182256 0.69948417
3 0.020860717 0.44781366 0.2781645 0.6149759 0.6715416000000001
8 0.020646542 0.7718351 0.11496525 0.9544183 0.5627053000000001
9 0.020511928999999998 0.71121514 0.29650933 0.98641336 0.59923756
3 0.020433143 0.74862236 0.282262 1.0 0.5162153
3 0.019403255 0.40817636 0.38555425 0.64741844 0.6450305000000001
8 0.018845578999999998 0.37687472 0.39976114 0.6696801 0.6830425999999999
8 0.018705358999999998 0.751861 0.08701510000000001 0.9849037 0.96224105
8 0.018034972 0.56930697 0.30999652 0.8550315 0.6086425999999999
3 0.018002111 0.77381474 0.40919614 1.0 0.6989626
8 0.01741291 0.7143233 0.15293626 0.9164258 0.5743607
4 0.017395526 0.7860067 0.32125798 0.97507334 0.60132116
8 0.016759906 0.4297375 0.31130114 0.64101607 0.70624775
8 0.016195778 0.6759767 0.2711008 0.89792424 0.7031159
8 0.01557973 0.5158122 0.35754845 0.82481426 0.6514118
8 0.0154518625 0.8878468 0.31868863 0.9950905999999999 0.9927914000000001
9 0.015093653 0.79563224 0.2760708 0.9756174000000001 0.56008625
3 0.014572213 0.4692807 0.3452991 0.7176014000000001 0.61165905
4 0.014381369 0.70204496 0.28545326 0.98304844 0.567026
3 0.01379209 0.45878267 0.41866344 0.62959397 0.8211768
11 0.01280822 0.7654954 0.41733631 0.99346566 0.6962001999999999
8 0.012373865 0.38565868 0.2947861 0.589873 0.6875184
13 0.011578787 0.7049254 0.30785862 0.96477866 0.59835833
11 0.011300478999999999 0.7104235999999999 0.35320327 0.99213004 0.6070807
12 0.010860275 0.7456229999999999 0.26339309999999994 0.9931424999999999 0.62015057
13 0.010374481 0.7847046999999999 0.32988 0.95816255 0.62078923
1 0.010332212 0.69376826 0.31834903 0.9141414000000001 0.59194136
8 0.010146803000000001 0.42040563 0.19823708 0.5717795999999999 0.75214523
2 0.009961848 0.73909056 0.26136473 0.9705719999999999 0.60881835
7 0.009275458 0.7139318 0.30580749999999995 0.99811363 0.6483475000000001
8 0.009176127 0.37765348 0.19923909 0.5697919 0.6003762
2 0.009031951 0.7031243 0.19104014 0.96336246 0.5280863
3 0.008987277 0.30877984 0.419916 0.61115867 0.65747947
8 0.0088876635 0.0 0.10077325 0.17839459 0.75372314
1 0.008416112 0.688227 0.25397858 0.93596655 0.5346857
3 0.008288627 0.37297547 0.4946731 1.0 0.91972905
3 0.00826515 0.561628 0.44329324 1.0 0.9086620999999999
8 0.008186265 0.33122438 0.36512658 0.6100462 0.65455693
8 0.007922226 0.6848293000000001 0.0 0.9559056 0.6776126
9 0.007707164 0.7321689 0.24179067 0.9748819 0.5034414
8 0.007303341800000001 0.47141913 0.45190728 0.6416035 0.9677281999999999
1 0.0070749194999999996 0.7741179 0.3361082 0.90903944 0.6307163
3 0.0069376803 0.681954 0.31603178 1.0 0.7594207
7 0.006931726 0.77217054 0.39475584 1.0 0.7101765
3 0.006893236999999999 0.47940928 0.49138302 0.6498619999999999 0.944002
8 0.006652895 0.5743164000000001 0.1892453 0.92849874 0.78301823
2 0.006638885 0.78234226 0.3220405 0.98664445 0.7227977
3 0.006618925 0.8086258000000001 0.19439636 1.0 0.5382773
9 0.0066073923 0.8398276 0.2733061 0.9710440999999999 0.69788575
1 0.0064952047999999995 0.8005691 0.30270687 0.9321665000000001 0.5798791999999999
8 0.0063907932 0.5905057 0.017438438 0.9173880999999999 0.6184683000000001
8 0.0061517785999999994 0.50645375 0.30781463 0.9101461 0.8791396999999999
3 0.0061224782999999994 0.89284575 0.32031485 1.0 0.88105756
4 0.0061181677000000005 0.7988334 0.24660093 0.9914229999999999 0.53626853
4 0.006013854 0.86983603 0.30416796 0.9920399999999999 0.69111997
3 0.0059927995 0.7983874 0.14708117 1.0 0.8055153
11 0.005951988 0.798496 0.32700949999999995 1.0 0.57134205
12 0.0059178355 0.8304155000000001 0.27216664 0.9847183 0.5839243000000001
9 0.0057918145 0.7886310000000001 0.3735538 0.9677802 0.69481725
8 0.005777453 0.75298727 0.37965438 0.9534223 0.7229869000000001
1 0.0057050376 0.7437954000000001 0.28390878 0.91938615 0.68890566
8 0.0054972730000000004 0.832875 0.10663393 0.97050965 0.5718526999999999
10 0.0054069585 0.6914014 0.29015386 0.98930293 0.60609365
3 0.005374983000000001 0.7358498 0.3987524 1.0 0.88708764
3 0.0053587365 0.8557372 0.33334073 1.0 0.81478375
3 0.00524714 0.15226057 0.41992494 0.6380253 0.9178129999999999
8 0.0050883796 0.6630531999999999 0.17945558 0.86646456 0.6194525
8 0.0050408468 0.0 0.16564007 0.16752592 0.5654536
11 0.0050330222999999995 0.67219406 0.28706753 0.9919899 0.52474135
12 0.005022643 0.80519545 0.24572226 0.99219954 0.73006916
11 0.0048913242999999995 0.8360846 0.33108383 0.99882007 0.7047182
11 0.0048496244 0.8222476000000001 0.43404440000000005 0.9859226999999999 0.8278228000000001
8 0.004843095 0.015100448999999998 0.34508902 0.49345383 0.9824168
6 0.0048041483 0.6885898 0.30665234 0.99824023 0.6339044
2 0.004747812 0.8042760999999999 0.22820027 0.9775573000000001 0.5767215
3 0.00439767 0.41480464 0.42376494 0.88772184 0.9001200999999999
1 0.0043724440000000005 0.8676242000000001 0.33475676 0.94464654 0.72801
3 0.0043713455 0.14602785 0.41161743 0.4202577 0.65579504
12 0.0043216245 0.49877380000000004 0.14141984 0.62708616 0.82588124
12 0.0042465227 0.78318024 0.20115894 0.984131 0.5221747
13 0.004052864000000001 0.83897036 0.31423733 0.9618909999999999 0.7000586
5 0.0040455204 0.7039473 0.2069383 1.0 0.5791348000000001
1 0.0040268544 0.83079576 0.29862845 0.93611765 0.7038291
11 0.0040021729999999995 0.5652244000000001 0.4223616 0.8810195 0.6593245
8 0.0039905976000000004 0.68120265 0.3261496 0.9716815999999999 0.945852
3 0.003935712 0.29742944 0.35379452 0.54824364 0.5948767
8 0.0039310143 0.1422435 0.37740678 0.7499754 0.9864609000000001
8 0.003906965 0.36676547 0.29803458 0.66237783 0.5862921
8 0.0038835572 0.11155221 0.20528181 0.7924408000000001 0.80740917
3 0.0038644136 0.7138278 0.16633476 1.0 0.6410106
8 0.0037875506 0.0 0.054726917 0.21188709 0.59380895
8 0.00377863 0.19845283 0.34157538 0.36519778 1.0
3 0.0037595755 0.6919328 0.24756408 0.9594648000000001 0.57628566
12 0.0037471943 0.7615878 0.12795094 0.9584499 0.6097316999999999
8 0.0037355390000000004 0.04065916 0.408065 0.3427766 0.6872533000000001
8 0.0037056221999999996 0.16610259 0.39001927 0.48266357 0.66028005
3 0.0036926193 0.21961477 0.45465624 0.49027464 0.69970804
3 0.0036688724 0.33808595 0.33157045 0.9839888000000001 0.81798565
7 0.0036665853 0.7368008 0.24354182 0.99004173 0.55481154
7 0.0036254933 0.82091326 0.28083159999999996 1.0 0.7550896
9 0.0035172861999999997 0.8014869000000001 0.20432165 0.97463876 0.47434548
9 0.0034789815999999997 0.5985786999999999 0.30876544 0.93417346 0.6036938000000001
11 0.0034046348 0.76755154 0.48959753 0.99108875 0.76048017
12 0.0033637295 0.88992834 0.23207521 0.9890388000000001 0.67073965
4 0.0033399633 0.8486738000000001 0.40950918 0.9897449 0.7772493
3 0.0033165265000000004 0.65460813 0.23061827 1.0 0.48083925
8 0.0033151049 0.43364644 0.41232820000000003 0.6059189 0.98181516
2 0.0033102324 0.4692827 0.038530696 0.60100144 0.7989696999999999
8 0.0032666423 0.28572875 0.26480472 0.8791024 0.8607619000000001
4 0.0032295964 0.70302004 0.30724785 0.9169263000000001 0.6847581
4 0.0032188408 0.58792186 0.33576414 0.9199871 0.60385823
9 0.0032045896999999997 0.4354936 0.26753473 0.66123366 0.68266135
9 0.0032025736 0.83687824 0.36587559999999997 0.9684358000000001 0.8198042999999999
8 0.0031985857 0.0 0.09794026 0.07038493 0.66257966
9 0.0031959624 0.3873433 0.3642446 0.7166517 0.6898901
8 0.0031790747 0.14724171 0.44277135 0.36520386 0.88441116
3 0.0031726495 0.23218283 0.40032905 0.50400496 0.6169689
1 0.00315596 0.49715940000000003 0.19946279 0.6326933000000001 0.8439174
3 0.0031347116 0.5053135 0.27720317 0.9854716 0.7554144
8 0.0031170414000000002 0.11520617 0.22569175 0.55612576 0.9131916999999999
8 0.003108793 0.597295 0.01254246 0.95223457 0.9493461
7 0.0030904384 0.78055894 0.21496087 0.9822960999999999 0.6901699
13 0.0030482702 0.87222475 0.3799715 0.9728181999999999 0.7516004
5 0.0030400035999999997 0.7213895 0.3011895 1.0 0.64579827
3 0.0030254207000000003 0.19525342 0.5036649999999999 0.50203365 0.7749391
1 0.0029957388000000002 0.8725915999999999 0.25756994 0.9526253 0.6355581
8 0.0029790793 0.19375979999999998 0.4130063 0.42749894 0.8442301999999999
8 0.0029298202 0.26710442 0.42598942 0.9026668 0.9672926
2 0.0028808676000000003 0.7917974 0.12712193 0.96998096 0.6595405
12 0.0028718765999999995 0.78716755 0.38709667 0.9854337 0.69367445
12 0.0028550925 0.90834993 0.39074162 0.98652524 0.9952448
8 0.0028541533 0.19035283 0.20786023 0.35330412 0.7451386999999999
6 0.0028469415999999997 0.7746177 0.35327329999999996 1.0 0.6821215
1 0.0028452346999999997 0.4596762 0.14737834 0.60608524 0.776199
12 0.0028403115 0.8786305 0.37183413 0.9827969000000001 0.7640631
8 0.002831872 0.16383155 0.33916014 0.38527447 0.7580720000000001
8 0.002808985 0.61694956 0.23018885 0.8336934000000001 0.68333894
3 0.0028001109999999997 0.06718925 0.40342018 0.32169780000000003 0.65603954
2 0.002782695 0.8230690999999999 0.28365657 0.9762769 0.8554253
13 0.0027435771 0.8317621999999999 0.42654267 0.9660008 0.797253
2 0.0027316566999999996 0.5062300000000001 0.101613075 0.6352613 0.8690667999999999
2 0.0027124626 0.4240638 0.37579235 0.6672392 0.75100833
8 0.0026899218 0.0 0.03221459 0.23636506 0.94315076
2 0.002683132 0.48290953 0.32066575 0.65775996 0.85293657
12 0.0026768271 0.5469446 0.23220639999999998 0.6745831999999999 0.85454255
11 0.0026639907 0.601063 0.37542677 0.9018103999999999 0.611632
3 0.0026588854 0.379289 0.30968270000000003 0.68231666 0.5565856
9 0.0026469970000000003 0.47022486 0.37724987 0.68761253 0.85509384
1 0.002642802 0.39763677 0.32497674 0.62647223 0.83328956
2 0.0026416506 0.85342246 0.21593104 0.9885749 0.7597719000000001
9 0.0026046927 0.50207 0.23114517 0.66729754 0.81666327
1 0.0026014939999999998 0.34937492 0.3766299 0.6706233 0.7335899
8 0.0025758187 0.0 0.09894553 0.17133370000000003 0.39292035
13 0.0025688002 0.87317866 0.27367437 0.96710926 0.64184934
3 0.002564103 0.25683546 0.54817116 0.72043973 0.9244401
9 0.002556797 0.82202756 0.06921516 0.97440207 0.6607835999999999
8 0.0025342472 0.4148463 0.061226502 0.8687806 0.61124176
4 0.0024902627 0.55970496 0.38479176 0.8864433 0.6583708
10 0.0024661887 0.71454537 0.21169338 0.9903207 0.5267042
12 0.0024379576 0.83423877 0.21097118 0.9622519 0.8467293
7 0.0024362218 0.44519955 0.16758019 0.64247674 0.8055981
12 0.002431411 0.6042776 0.29665422 0.91600204 0.62747663
8 0.002427209 0.0 0.08499805 0.108565874 0.4898848
11 0.002404317 0.87115544 0.28598255 0.99638504 0.61548406
13 0.0024002134 0.5746989 0.33480479999999996 0.8682486999999999 0.6121972
8 0.0023980003 0.83189744 0.40147194 0.9746389000000001 0.884851
8 0.002396713 0.0 0.14626029 0.26126677 0.54417115
10 0.0023834188 0.75066954 0.26847655 0.9985202 0.7051084
5 0.0023720046 0.79919875 0.39051944 1.0 0.6994776
9 0.0023716819 0.56522757 0.34677783 0.896265 0.6697642
2 0.002367292 0.47352657 0.17614575 0.6389954999999999 0.6879223000000001
1 0.0023644173000000003 0.4648928 0.29690814 0.66130275 0.7928026999999999
7 0.0023395007000000002 0.8136583000000001 0.38494290000000003 1.0 0.8630206
3 0.0023333323 0.6093054 0.20863345 0.9841261 0.67427063
8 0.0023099629 0.154345 0.29780906 0.47380920000000004 0.5727717
2 0.0023087035000000002 0.86165386 0.12709849 0.9832439000000001 0.6272606
8 0.0023051086 0.060285345 0.056470554000000006 0.23287754 0.62664133
8 0.002303685 0.05569963 0.14856917 0.35600240000000005 0.968735
8 0.0022728948 0.0 0.15432283 0.59834266 0.749903
1 0.0022633889999999998 0.7268079000000001 0.19005023 0.89784414 0.57215184
8 0.0022328713 0.0 0.24052368 0.09825736 0.8261103999999999
3 0.0022083968 0.08421038 0.26129463 0.35514320000000005 0.75234586
8 0.0022032396 0.0 0.3343783 0.14899424 0.6409419
2 0.0022000833 0.41486615 0.25576377 0.57946134 0.7787533
9 0.0021881789999999997 0.6356602 0.20222624 0.9663533999999999 0.47278872
1 0.0021533323 0.5612216999999999 0.31891865 0.85984886 0.6098791
6 0.0021530995 0.42357832 0.39908293 0.7067198 0.8238892
9 0.00214272 0.8058281999999999 0.20148407 0.9458261999999998 0.74638736
8 0.0021216008 0.0 0.35257557 0.23853806 0.63593274
11 0.0021144238 0.7469760999999999 0.26742259999999995 0.9990180000000001 0.48481193
11 0.0021057613 0.89389414 0.41884124 0.9893734000000001 1.0
10 0.002087822 0.78913486 0.39191547 1.0 0.7140706
11 0.0020858515 0.7915871 0.25437957 0.945264 0.78640324
2 0.0020784962 0.43793327 0.09775877 0.55974054 0.81510574
6 0.0020627398 0.44748256 0.24325650000000001 0.64022833 0.8313679
8 0.0020626935 0.10086626 0.22102866 0.30712062 0.63569516
8 0.0020431526999999997 0.87540054 0.019304726 0.9845357 0.6609351
8 0.0020423292 0.0 0.05599618 0.4573732 0.64169186
7 0.0020342243 0.8829280999999999 0.34672022 1.0 1.0
13 0.0020318772 0.89978623 0.41186917 0.9829984 0.9974228999999999
8 0.0020303791 0.6075538 0.17003167 0.9061895000000001 0.49052635
1 0.002016107 0.44367158 0.22415598 0.6498084 0.6850252
3 0.0019997335000000002 0.21486261 0.32225266 0.76818764 0.7922967
2 0.0019885027 0.62690073 0.27592558 0.90505046 0.63225013
9 0.0019869725 0.3822919 0.23487139 0.6254512 0.6474196
7 0.0019740278 0.5057805000000001 0.36674222 0.92477924 0.6930432
12 0.0019697277 0.85546654 0.024097284 0.98785836 0.7326451
3 0.0018959873000000001 0.20830904 0.21532483 0.6377298 0.65922976
5 0.0018933289000000002 0.551652 0.38863602 0.9236935 0.65534097
8 0.0018868126 0.13259746 0.27873003 0.44247663 1.0
2 0.0018851889000000002 0.42497307 0.13420476 0.6032246 0.6866310999999999
9 0.0018819842999999998 0.72296876 0.28301165 0.9335075 0.70595753
5 0.0018810241 0.82097006 0.25715905 1.0 0.6269528
3 0.0018781942000000002 0.22328089999999998 0.65041137 1.0 0.9411122
8 0.0018727587 0.0 0.2653664 0.14818382 0.55719936
4 0.0018658688 0.7865663 0.45400822 0.99374396 0.73093915
12 0.0018579381 0.8395769000000001 0.43414286 0.9808994000000001 0.83466595
8 0.0018567854999999999 0.095282145 0.34475237 0.30206209999999994 0.74153453
12 0.0018533042000000001 0.5437125 0.3364709 0.85621834 0.6809399
3 0.00184866 0.6649709 0.3040303 0.9093394 0.6257236999999999
4 0.0018478326999999998 0.75494856 0.18700999999999998 1.0 0.5091768
3 0.0018440281 0.045588300000000005 0.37153109999999995 0.24287947 0.75331193
3 0.0018411548 0.027082786 0.36268032 0.20001176 0.6328126000000001
8 0.0018314232999999999 0.43940574 0.23592049 0.7490106 0.9418614
8 0.0018297301000000001 0.012585521 0.29999098 0.31713846 0.58236873
1 0.0018143374 0.9000741 0.3198646 0.97578967 0.9613741
8 0.0017967309 0.0 0.25194493 0.33034706 0.86814815
9 0.001795981 0.69885665 0.19832739 0.91555506 0.5654973000000001
1 0.0017902534 0.81776214 0.08942609 0.9373988999999999 0.63785344
1 0.0017800488 0.802239 0.2147729 0.9385548 0.49205855
8 0.0017791886 0.23325834 0.33113509999999996 0.48391320000000004 0.76648194
13 0.0017668745999999999 0.51575875 0.3430244 0.6681763000000001 0.82815593
4 0.0017634744 0.87021816 0.2060739 0.99598 0.57669705
3 0.0017553832999999998 0.21465692 0.39317670000000005 0.5258404000000001 0.87176734
8 0.0017466351 0.0 0.13853273 0.33085582 0.44440943
12 0.0017390418 0.02014359 0.0 0.22431105 0.84446496
5 0.001726998 0.46181512 0.10385881 0.6592511999999999 0.81386757
7 0.0017268907999999999 0.7980015 0.20768711 1.0 0.5178686
2 0.001717615 0.81115294 0.11810169 0.95835924 0.4977992
13 0.0017146756 0.75190246 0.24580394 0.9590813 0.50313723
3 0.001714635 0.8764045 0.20945722 1.0 0.68283737
11 0.0017007135000000001 0.8605818999999999 0.2718585 0.9900123 0.8019956
8 0.0016968151 0.45041355 0.0012656053 0.76994157 0.71947026
13 0.001690521 0.47202292 0.46022564 0.6829623 0.85523254
8 0.0016896932 0.23135337 0.28926036 0.40195325 0.96598065
3 0.0016723173 0.18533854 0.39615005 0.39550674 0.7304769
5 0.0016697281 0.41012250000000006 0.41964477 0.7494029999999999 0.7647183000000001
8 0.0016603016 0.0 0.30306876 0.20821565 0.7041421999999999
13 0.0016389241 0.532086 0.39847136 0.82360053 0.68597215
13 0.0016372785 0.70027715 0.30161372 0.88685554 0.67627186
2 0.0016371646 0.74201936 0.078235365 0.9349099000000001 0.6029279000000001
12 0.001635416 0.7232065 0.30638909999999997 0.9177978000000001 0.752788
1 0.0016353669 0.78064996 0.24099949 0.90223056 0.7776228000000001
3 0.0016327173000000002 0.04220073 0.42251417 0.21378668 0.68301183
8 0.0016307717999999999 0.24890289 0.15784378 0.60668147 0.9539356
9 0.0016276784 0.40700388 0.31612805 0.62600327 0.7451366
1 0.0016268587 0.85134834 0.23299618 0.9480993000000001 0.7831475
3 0.0016028976999999999 0.7470611 0.18204631 0.9408315999999999 0.6189354
8 0.0015991809 0.10783381 0.1931421 0.25950915 0.7518604
8 0.0015666835 0.6753585 0.08295817 0.835149 0.69826734
12 0.0015636860000000001 0.010987088 0.0 0.16930979999999998 0.70763093
8 0.0015605679999999998 0.22914046 0.29032633 0.5444691999999999 0.59951633
6 0.0015338536 0.82380986 0.30793467 1.0 0.79531366
3 0.0015330598 0.08952743 0.45087877 0.47641605 0.90949535
6 0.0015329382 0.3662765 0.46352902 0.7669374 0.7805468000000001
9 0.0015288923000000001 0.36980546 0.46674743 0.67424774 0.8206604
5 0.0015155247 0.5144097 0.1398158 0.6900130999999999 0.9365585999999999
1 0.0015140534 0.3296275 0.30324070000000003 0.6578437 0.6375824999999999
11 0.0015074385999999998 0.7002505 0.35412340000000003 0.90763223 0.7124155
13 0.0015022944 0.7974361 0.2211221 0.93003285 0.73671883
2 0.0015007369 0.88631177 0.22121639999999998 0.98030293 1.0
3 0.0015004629999999998 0.23683535 0.41327855 0.40988678 0.8386435
9 0.0014986910000000001 0.7250091 0.06064648 0.9787843 0.7166743
8 0.0014977039999999999 0.11542001 0.46455568 0.44568047 0.7561014
12 0.0014902414000000001 0.48723394 0.20204955 0.674465 0.6826053000000001
12 0.0014883383 0.45140606 0.20657928 0.58365923 0.8472144
3 0.0014781691000000001 0.3446127 0.40714279999999997 0.56104636 0.7308279000000001
3 0.0014717286999999999 0.1874644 0.30148816 0.38723445 0.6428136999999999
8 0.0014693503 0.20555016 0.48142877 0.630636 0.9800165999999999
5 0.0014688397 0.7703962 0.27319697 1.0 0.7857005
6 0.0014670375 0.89186007 0.40148320000000004 1.0 1.0
9 0.0014662123999999999 0.8982659 0.26645820000000003 0.9797315000000001 0.86940014
3 0.0014632725 0.13316813 0.26313220000000004 0.33842137 0.62632996
3 0.0014604645999999998 0.14757648 0.23835237 0.45967367 0.68377995
3 0.0014558735 0.026659265 0.47331005 0.17938146 0.74081546
7 0.0014447260000000001 0.48808146 0.19666727 0.70197856 0.9255975000000001
6 0.0014333875 0.8557538 0.3933502 0.99797785 0.8735132
9 0.0014327822 0.865032 0.16783683 0.9722919 0.533782
