3 0.6056559 0.19631022 0.4860169 0.41250932 0.81223613
3 0.49203804 0.17055921 0.44977513 0.3369038 0.82825434
8 0.31908762 0.17606866 0.2513342 0.32115823 0.7715695
3 0.26688394 0.16116036 0.36337945 0.35582929999999996 0.75350595
8 0.17331284 0.1901378 0.32536432 0.37344320000000003 0.73108274
8 0.16182922 0.17992426 0.41911190000000004 0.32887077 0.87445706
8 0.10581066 0.15726036 0.3338388 0.2975421 0.8585029000000001
3 0.10050160400000001 0.14166752 0.4927694 0.3070215 0.8980113000000001
3 0.08748978 0.17267889 0.5498371999999999 0.44082785 0.8812141
3 0.06828315 0.071155414 0.54549927 0.32162768 0.8430064
8 0.06494591400000001 0.20563910000000002 0.46805280000000005 0.40307059999999995 0.84118277
8 0.045435272 0.10893077 0.48688820000000005 0.3733901 0.7820205
3 0.041547064 0.21183863 0.53014666 0.984007 0.9543198
8 0.040775396 0.15940772 0.17225739999999998 0.28653747 0.71318287
8 0.039588016000000004 0.09661704 0.4134696 0.3234606 0.72764724
3 0.03205261 0.2221846 0.3774296 0.38607162 0.8370146999999999
3 0.030758143999999998 0.08892706 0.5794722 0.6659755999999999 0.9825528
3 0.028946633 0.21277338 0.38239938 0.48197973 0.69283944
8 0.024533639 0.12157659 0.44865194 0.28938186 0.88565665
8 0.021952687000000002 0.097240455 0.4124531 0.25686646 0.8306431999999999
3 0.02116317 0.15999107 0.61939454 0.5193386999999999 0.92660886
3 0.019263871000000002 0.18294075 0.40246165 0.6855048 0.9301424999999999
3 0.018638754 0.04490994 0.38232059999999995 0.25414717 0.6454939000000001
3 0.018229233 0.11923359 0.60892224 0.31125867 0.9610491
3 0.01756534 0.028524011000000002 0.19486758 0.16178799 0.70569515
3 0.016245082 0.29047918 0.44265252 0.86968875 0.9072252000000001
8 0.016230064 0.14491585 0.41570362 0.74025106 0.9946202
3 0.015938189 0.029966287 0.41117539999999997 0.19048774 0.6942655
3 0.014318253999999999 0.022962853 0.17172213 0.18477471 0.43675579999999997
8 0.014237066999999999 0.0 0.10660476 0.10841066 0.6924906
3 0.01395011 0.02997142 0.23046364 0.1959481 0.5924357
8 0.01333434 0.13199238 0.24103212 0.2611463 0.8612418
3 0.012529713 0.12203261 0.669341 0.9446434000000001 0.9659655
3 0.012474022 0.012971918999999998 0.21756671 0.1370409 0.5683475
8 0.011979045 0.0 0.19617839 0.07248737 0.76219726
8 0.011781525 0.09591971 0.2553494 0.5132327 0.9435908000000002
3 0.011649308 0.02020102 0.29373068 0.13523963 0.6643631
3 0.011252278999999999 0.008567660999999999 0.15742254 0.10090414 0.68654484
8 0.011019408999999999 0.039153263 0.021373166000000002 0.34218633 0.9557296000000001
8 0.010844233 0.043693572 0.44939170000000006 0.47239736 1.0
3 0.010672484 0.023066595 0.31076175 0.17636953 0.8400719000000001
7 0.010231356 0.09613952 0.28713042 0.34575054 0.82481116
3 0.0095152855 0.032351382000000005 0.3539797 0.18569648 0.62279284
3 0.00926292 0.08922063 0.46375266 0.42339712 0.9522396000000001
3 0.009071211 0.22833139 0.44020337 0.45300388 0.9060273999999999
8 0.008792022 0.16519171 0.49733046 0.30052449999999997 0.9797412
3 0.008199139 0.47321504 0.44134490000000004 1.0 0.8896344
3 0.007833048 0.02206365 0.100609966 0.18872723 0.363609
8 0.007561309 0.0 0.09519551 0.14835536 1.0
8 0.0074492073999999995 0.225541 0.33790085 0.39123547 0.9997210999999999
3 0.006869162 0.10386923 0.71265835 0.5028260999999999 0.9591732
8 0.0065326790000000004 0.0 0.16583093 0.15517715 0.45647445
1 0.0064947675 0.13512616 0.2548224 0.3428923 0.69702655
2 0.006418956 0.10753117 0.24251175 0.33190796 0.71974194
12 0.0063675432 0.1990512 0.17114921 0.3251986 0.93072826
3 0.0063436143000000006 0.08194813 0.3655251 0.36952844 0.63328725
6 0.006327966 0.045224592 0.5443533 0.46697730000000004 0.8500734000000001
12 0.0060869763 0.15166168 0.21099827 0.3308162 0.7809640999999999
7 0.006059575 0.09358543 0.41618496 0.39361438 0.9842705
8 0.005880255 0.0 0.319054 0.1370073 0.63420224
7 0.005826444399999999 0.062968105 0.49229129999999993 0.45603952 0.8570631
3 0.005788569300000001 0.0073836967 0.40451297 0.09915174 0.9264657
8 0.0057026180000000004 0.31810743 0.25758508 0.81418234 0.9984244000000001
6 0.005697253 0.0786663 0.49027040000000005 0.36001882 0.9382140999999999
5 0.0055928174 0.17597921 0.23684226 0.42552006 0.81629795
8 0.005535509 0.039506778 0.33147404 0.31424946 0.9741794
7 0.0055200118 0.14729176 0.18021102 0.35677952 0.9346209999999999
3 0.00545156 0.23328876 0.63143283 1.0 0.92659295
8 0.00544694 0.029474347999999997 0.6262901999999999 0.6070759 0.96405995
3 0.0053569709999999994 0.07964142 0.24381681 0.3932339 0.7068759
3 0.005314388299999999 0.036706199999999994 0.21811506 0.22059310000000001 0.9096970999999999
7 0.005298781999999999 0.15186322 0.35510367 0.3742283 1.0
12 0.0051058647 0.2371672 0.17429736 0.35975300000000004 0.84874016
8 0.005039041 0.48085076 0.0 0.8235577 1.0
6 0.0050195353 0.15451841 0.48182032 0.3350078 1.0
8 0.0049567716 0.12888137 0.55958015 0.26317403 0.9712142
3 0.004755667 0.14231876 0.32877398 0.47843525 0.8973514000000001
8 0.004720001 0.0 0.099945575 0.15938121 0.37232497
3 0.0047059143 0.4492516 0.35725734 0.849727 0.8779781999999999
5 0.0046461145 0.09021027400000001 0.5047572 0.43387538 0.82896626
3 0.004517040999999999 0.39886343 0.5025684 0.62565815 0.92009723
6 0.0044977013 0.06307064 0.4147401 0.34290808 0.8342323
9 0.0044635785999999995 0.12768844 0.3288153 0.34857425 0.7534851
3 0.004449777 0.049505517 0.1310165 0.23022135 0.6886599
8 0.0044465847 0.5984047 0.0 0.93857986 0.94708234
8 0.004396959000000001 0.14618810000000002 0.001756827 0.4512167 0.99095136
2 0.004389901 0.09431225 0.45962182 0.38948816 0.8689915000000001
1 0.0043548583 0.046431527 0.43700144 0.37560087 0.8057609
8 0.0043546217 0.12071213 0.05234554 0.59354675 1.0
3 0.0043327035 0.016635638 0.08106814 0.13405873 0.43784678
3 0.004295644 0.0565311 0.41435522 0.29324964 0.7622981
3 0.004201166 0.5835719 0.13861383 0.97408235 0.8567235999999999
10 0.0041868966 0.09986967 0.5848363 0.46688342 0.8452437
1 0.0041738090000000005 0.12761384 0.36143008 0.35219502 0.8417439
3 0.004156593 0.13088556 0.32868767 0.43899417 0.5908751
5 0.0041120127 0.14724997 0.42644307 0.48119023 0.7838687
10 0.0040988126000000005 0.1348518 0.50715125 0.5213949999999999 0.74862796
2 0.004016445 0.124029785 0.30763555 0.35294846 0.8619973
8 0.003996309 0.0 0.16944914 0.14414313 0.6014414
10 0.0039502135 0.14743175 0.34058467 0.41398835 0.7305581
13 0.003944367 0.20816994 0.5969188 0.3807072 0.99732614
8 0.0039079585 0.0 0.07553892599999999 0.1078058 0.46310753
12 0.0038828482 0.14081587 0.348092 0.32688832 0.894388
6 0.0038266229 0.06764279 0.4778017 0.49498737 0.76753443
8 0.0038259947 0.15664569 0.35361275 0.45967759999999996 0.6532505
3 0.0037987034 0.031521372 0.2988097 0.26461127 0.5789228
1 0.0037969234000000004 0.10104129 0.3792042 0.39888933 0.7255782
3 0.0037963055 0.70979875 0.25476637 1.0 0.53114223
8 0.0037553594 0.61359715 0.012933837 0.7653661999999999 0.61398196
7 0.0036911874 0.16120942 0.31532747 0.42617267 0.8633953999999999
5 0.0036602195000000003 0.05620204 0.46132532 0.41118032 0.75203407
9 0.0036572059999999997 0.18484885 0.349044 0.39323723 0.8337484000000001
1 0.0036154527 0.15176529 0.22330321 0.30469596 0.84557325
8 0.003612245 0.47844106 0.34256902 0.94626015 0.93882734
1 0.003609852 0.10100104 0.42807877 0.32276344 0.9249002000000001
4 0.0036023532 0.14224489999999998 0.42728415 0.34440494 0.7887234000000001
3 0.0035997934 0.68652034 0.14608836 1.0 0.81991154
5 0.003571752 0.10173881 0.35995007 0.36587167 0.8643409
3 0.0035713818 0.22762796 0.29968858 0.7718729 0.8696254999999999
8 0.0035433840999999997 0.3168577 0.0 0.6591892 1.0
11 0.0035119115 0.22483186 0.52850676 0.37721550000000004 1.0
8 0.0034877826000000002 0.0 0.36554328 0.06860535 1.0
2 0.0034807557 0.11706656 0.36391312 0.43167186 0.7578498
10 0.003452508 0.14824286 0.5688769 0.5443983 0.80279773
11 0.0034076546 0.16363549 0.396466 0.37186748 0.84057266
10 0.0033546898 0.10135279 0.45000988 0.34843588 0.82186586
13 0.0033461994 0.06461841 0.55623734 0.4231374 0.8475309000000001
8 0.0033398652 0.22050741 0.55628526 0.37433288 0.98378646
6 0.0033172818 0.104420975 0.36877406 0.40089595 0.76101744
12 0.0032856525 0.10327548 0.46320513 0.3903769 0.8016363000000001
3 0.0032793276 0.5975194 0.5561937 1.0 0.8904296
8 0.0032012563 0.55667585 0.0372 0.7050821 0.59058934
4 0.0031763115000000004 0.20911184 0.30780944 0.42000416 0.66522187
9 0.0031441666999999997 0.084383994 0.49285109999999993 0.40035263 0.84179884
12 0.0031399815 0.1733178 0.101884924 0.29607064 0.8466767
4 0.003112875 0.11865926 0.5202909 0.40399337 0.7659376
10 0.0030861113 0.06254008400000001 0.5403005999999999 0.43320376 0.77149326
11 0.0030542482 0.18309468 0.24867027 0.32934654 0.8257174999999999
11 0.0030346613000000002 0.11138269 0.53802395 0.43006036 0.8321083
11 0.003013497 0.16301101 0.34550393 0.40607017 0.6858417
3 0.0030122441 0.7901151 0.22395685 1.0 0.5799943000000001
10 0.0029996182 0.15070868 0.49847868 0.40432763 0.86780137
10 0.002982365 0.18634236 0.42914975 0.45923454 0.79391503
7 0.0029789475 0.010710001 0.43355495 0.39588920000000005 0.80475026
8 0.002978378 0.0 0.22874819 0.13273627 0.80081296
3 0.0029777384000000003 0.6725507 0.019629903 0.82032156 0.52454835
1 0.0029761821 0.18854584 0.37267253 0.3376447 0.9902347
6 0.0029426601 0.15145528 0.37373320000000004 0.33300662 0.8950716999999999
4 0.0029374668 0.16369309 0.48360306 0.45882863 0.7242708000000001
11 0.0029062014000000003 0.17376605 0.49945033 0.5016941 0.8073035
11 0.002888968 0.16064693 0.5199614 0.36266279999999995 0.9446905000000001
9 0.0028870942 0.17514682 0.2798009 0.32221377 0.8437502
8 0.0028752687 0.51779854 0.13398756 0.8693061 0.94204766
7 0.0028050040000000003 0.17887996 0.45534563 0.48447460000000003 1.0
4 0.0027877712 0.16817051 0.3861187 0.36872637 0.72463155
8 0.0027647084000000004 0.0 0.031065437999999997 0.17547205 0.69326156
3 0.0027542214 0.49299958 0.17501470000000002 0.8685693999999999 0.83692265
13 0.0027413217 0.121795 0.55192 0.3656873 0.94297177
11 0.0027380341 0.22015762 0.37275818 0.43594449999999996 0.767614
12 0.0027108348 0.012171246 0.0 0.12982377 0.6327225000000001
1 0.0026692862 0.19179496 0.17310734 0.32028225 0.76597434
8 0.0026444902000000003 0.0 0.26062593 0.24612108 0.8538367
8 0.0025921232999999997 0.5719564 0.10013517 0.7294295 0.704819
12 0.0025895473000000003 0.22809952 0.35746348 0.35329908 1.0
8 0.0025893920000000003 0.084471054 0.53374106 0.32370245 0.84717363
4 0.0025793293 0.12888011 0.35034207 0.34149477 0.676346
13 0.0025749702 0.18873315 0.53489375 0.43954736 0.9392143000000001
8 0.002565679 0.64213836 0.19967814 0.9212153000000001 0.51476
9 0.002557166 0.04124829 0.40072712 0.38266844 0.7077718000000001
12 0.0025391185 0.19915694 0.34977064 0.37351704 0.86478025
3 0.0025339227 0.72603977 0.3198606 1.0 0.6774372
4 0.0025223517 0.22893694 0.49521965 0.36224523 0.9289694
5 0.0025155917 0.16891470000000003 0.24021435 0.35919514 1.0
2 0.0024935552 0.16993770000000002 0.26086402 0.40243503 0.7985228
11 0.0024924045000000003 0.18977004 0.41701072 0.32833517 0.99564976
2 0.0024788363 0.14539102 0.4229819 0.47237822 0.85324806
5 0.0024745034 0.17656294 0.4004312 0.42205372 0.9760808000000001
3 0.0024647848 0.6498605 0.36029267 1.0 0.8607428
3 0.0024524110000000003 0.023438975 0.5614100999999999 0.28514564 0.9759855
4 0.0024304055 0.22561648 0.46463760000000004 0.41400424 0.8453174999999999
2 0.0024253502 0.18393782 0.098838195 0.34634975 0.81658345
4 0.0024126160000000002 0.15205933 0.5057630999999999 0.35688788 0.87175727
12 0.0023841865 0.05357091 0.3530751 0.35166997 0.77148116
2 0.0023626427 0.19208264 0.39044014 0.40333259999999993 0.9853713
6 0.0023552806 0.18323503 0.52080166 0.43419898 0.95673835
8 0.002331004 0.10650319 0.5172329999999999 0.23287115 1.0
9 0.0023284736 0.15641485 0.18698569 0.30759925 0.73979694
2 0.002312091 0.14218363 0.28264976 0.31245163 1.0
8 0.0023030352 0.38130749999999997 0.37068227 0.5547686 1.0
8 0.0022700296 0.10355052 0.22187573 0.74571097 0.8126244
3 0.0022346529 0.7713249 0.5333154 1.0 0.7576815
4 0.002223166 0.14904147 0.48844004 0.8278759 0.9669974
11 0.0022176085 0.15836985 0.48084536 0.29217452 0.9878046999999999
13 0.002205696 0.114549085 0.48064047 0.43260986 0.75329584
8 0.002172657 0.42619157 0.36894040000000006 0.59904015 1.0
3 0.0021593529999999997 0.6167913 0.12018249 0.76921433 0.62016404
3 0.0021494785 0.016509905 0.7028389 0.33598298 0.97076637
6 0.0021416742999999998 0.1972793 0.56899434 0.38824877 1.0
3 0.0021412421 0.0061731264 0.022058103 0.095242135 0.2990684
8 0.0020938379999999998 0.05149786 0.2906793 0.24035381 0.7712180000000001
7 0.0020892743 0.0 0.15824182 0.109185666 0.76707894
3 0.0020708453 0.045257099999999995 0.061270673 0.2644149 0.41108397
3 0.0020562497 0.021977827000000002 0.22386906 0.29245508 0.5075543
12 0.002049278 0.1450941 0.41491717 0.2796578 1.0
8 0.0020275620999999997 0.704338 0.14866938 0.91327566 0.5957343
11 0.0020266501 0.21675628 0.23380227 0.37314934 0.74031746
13 0.0020231911999999998 0.16268402 0.37145132 0.37381238 0.7033236999999999
3 0.0020173767000000002 0.289406 0.18607862 0.6675736 0.80979985
8 0.0020129078 0.57872087 0.09847048 0.8036849 0.5477201
12 0.0020104742 0.1756249 0.2926042 0.30728185 1.0
12 0.0020009342000000003 0.006133701700000001 0.0 0.08138201 0.6150875
3 0.0019936105 0.10401941 0.3297452 0.27723646 0.8061326
11 0.0019824745000000003 0.07593736 0.48748854 0.41882178 0.7705698000000001
13 0.0019822798000000003 0.09235582 0.43626013 0.34005678 0.7955066999999999
8 0.0019795473 0.0 0.041667103999999996 0.08124219 0.30847803
3 0.0019771883 0.7012687 0.5381735 0.93915665 0.8929565999999999
9 0.0019757191 0.21221775 0.49316502 0.39991343 0.96264374
8 0.00196739 0.08521013 0.67882496 0.35499066 0.9897134
8 0.0019541610000000003 0.78338337 0.0 0.96580064 0.9482296
11 0.001935637 0.23929189 0.46022087 0.4493 0.87721837
8 0.0018900498999999999 0.41590255 0.62707126 0.66556233 1.0
8 0.001887556 0.76463675 0.15173812 0.96187675 0.5720459
8 0.001878267 0.60316986 0.028449377 0.91667134 0.5386278
12 0.0018280357999999998 0.14008978 0.23428088 0.2570277 0.9526002
10 0.0018269917999999999 0.064354986 0.47598013 0.45177677 0.71950555
3 0.0017776778 0.81295747 0.15271752 1.0 0.82239753
8 0.0017426529 0.12940578 0.59845346 0.37123138 0.8989394
8 0.0017409639000000002 0.0 0.03698789 0.15653324 0.26944196
5 0.0017259751999999999 0.2086105 0.13221547 0.39616844 0.96313775
9 0.0017111098000000002 0.18428981 0.4497419 0.31591386 0.9981496999999999
2 0.0017096342 0.10933982 0.33572274 0.27836895 0.99029475
12 0.0017010651000000001 0.24631432 0.37635717 0.42046788 0.8373431999999998
7 0.001698064 0.0 0.27720442 0.14715858 0.7214383000000001
10 0.0016973304 0.17116323 0.62793076 0.39150372 0.9820032
12 0.0016929191 0.15828289 0.34933722 0.41839987 0.7332069
8 0.0016881599 0.7071921999999999 0.0 0.94500744 0.99184513
5 0.0016880863 0.13671565 0.47325209999999995 0.32021537 1.0
3 0.0016828775 0.2860658 0.48094454 0.55855775 0.92976063
3 0.0016806806 0.73241836 0.08194056 1.0 0.51507765
3 0.0016775486999999999 0.21084806 0.21065241 0.5555872 0.8278628
4 0.0016686982999999998 0.18714923 0.398663 0.32471865 0.8985059999999999
8 0.0016506676000000002 0.062761575 0.2902638 0.37231734 0.59165215
8 0.0016408215 0.0 0.09471422 0.29319942 0.7114349
12 0.0016404867999999999 0.006419718299999999 0.19669263 0.12263052 0.6902889
4 0.0016393707999999999 0.19174907 0.24535410000000002 0.34615234 0.7285934000000001
9 0.0016279075 0.22668073 0.5484175 0.35043463 1.0
10 0.001620661 0.17153466 0.32052794 0.35432047 0.9196399
3 0.0016200261 0.02575574 0.028628051 0.18922326 0.25051028
13 0.0015819116 0.042501837 0.51100475 0.37457028 0.77766204
2 0.0015702798 0.13472447 0.045711199999999994 0.3061791 0.71907955
3 0.0015560185000000001 0.052663922 0.22032905 0.31805259999999996 0.89584583
9 0.0015518131 0.0 0.07473818 0.13014066 0.6845959
8 0.0015382070000000002 0.0 0.056159575 0.21507612 0.43381122
8 0.0015347548999999998 0.49948132 0.059231333 0.7409133000000001 0.49225998
3 0.0014787966 0.6680844 0.5708645 1.0 0.7968848000000001
4 0.0014673622000000001 0.33809447 0.39326045 1.0 0.99609363
8 0.0014660782999999999 0.0 0.061602857000000004 0.44198304 0.5805918999999999
3 0.001456082 0.37615287 0.30035084 0.9775884 0.7634976
5 0.0014365401999999999 0.08440544 0.5244819000000001 0.34105486 0.9625259
9 0.0014125166 0.16947241 0.35806373 0.49505132 0.64967823
12 0.0013858054999999999 0.03200552 0.0038106971999999997 0.17325883 0.36659777
2 0.0013855785000000001 0.015156571 0.15718992 0.11088112 0.76241547
11 0.0013759554999999998 0.005201578 0.2832475 0.08044533 0.7496213
8 0.0013649645000000001 0.0 0.029422654 0.1087233 0.22518992
12 0.0013497003 0.09117352 0.37396568 0.26892567 0.89157134
10 0.0013355782 0.22472402 0.6076716 0.45723537 0.9406498
3 0.0013321923000000002 0.018224627 0.658509 0.23128416 0.94215953
5 0.0013172757000000002 0.21068676 0.34248793 0.5394243000000001 0.7179263000000001
4 0.0012974731 0.16968915 0.65610534 0.9568211 0.97850114
8 0.0012890114 0.6815939000000001 0.45670864 0.8712008 1.0
9 0.0012880742999999998 0.14802386 0.48334345 0.28445667 0.95751953
3 0.0012856185 0.02151613 0.80709136 0.29439372 0.97985023
4 0.0012696963 0.07153393 0.45921454 0.380629 0.6857426
8 0.0012508212 0.35708666 0.62724465 0.5980087 1.0
8 0.0012477401 0.5612347 0.024905423 0.7780849 0.23882876
7 0.0012246153 0.0 0.3996344 0.114135906 0.9808937
1 0.0012190125 0.0320673 0.35161590000000004 0.28493395 0.8644784
11 0.0012162026 0.0138911195 0.36747040000000003 0.118393764 0.7127656
8 0.0011968203999999998 0.014370114 0.070965745 0.66740155 0.6416205
5 0.0011947492999999998 0.22173582 0.4991197 0.38857824 1.0
3 0.0011904232 0.634236 0.2071913 0.8043184 0.6838922
13 0.001189402 0.14347818 0.42179623 0.31001717 0.8967439
8 0.0011853512 0.18146500000000002 0.05696359 0.6433549 0.46432897
4 0.0011692906 0.17495185 0.5846615 0.33760290000000004 0.97371465
3 0.0011690835 0.57395416 0.037160676000000004 0.7935352 0.43278
8 0.0011670555000000001 0.0 0.04582416 0.6077435999999999 0.39699270000000003
5 0.0011651927 0.1270355 0.26814190000000004 0.31195736 0.957606
3 0.0011618815 0.28588548 0.12694332 0.8609725 0.6400482
3 0.0011505127 0.54450494 0.59053445 0.7893538 0.9522655999999999
4 0.0011489324 0.11018713599999999 0.51313764 0.30484545 0.86528313
2 0.0011457391 0.19008984 0.3225257 0.49361855 0.68733484
8 0.0011416905999999999 0.359926 0.58779716 0.89716196 0.99551755
4 0.0011380736 0.15084703 0.43973204 0.28757012 0.9034174
1 0.0011351507000000002 0.16071334 0.3449837 0.4872776 0.68355733
7 0.0011317594000000001 0.0 0.15085499 0.19951934 0.49341774
2 0.0011293557 0.016312431999999998 0.013470781999999999 0.13573724 0.8475378
3 0.0011293336 0.24261835 0.6937807 0.6078806 0.9481091
3 0.0011202068 0.5722385 0.34155956 0.91412526 0.58255047
13 0.0011185224 0.008657515 0.1265365 0.13006568 0.6678246
12 0.0011090664 0.57380766 0.0 0.7224451999999999 0.584695
