3 0.9988219000000002 0.739733 0.41480693 0.9991125 0.74646795
3 0.9054679 0.03866365 0.5009832000000001 0.10930093 0.5505383
8 0.62956315 0.053331077000000005 0.47923633 0.32953602 0.731854
3 0.57239616 0.09381522 0.46671617 0.36219203 0.72226655
3 0.057405367 0.041431822 0.49342206 0.10910677 0.53450894
8 0.04986119 0.02701841 0.49978814 0.11787908 0.55456895
8 0.010694355 0.10185747 0.5224614000000001 0.26971543 0.70061135
3 0.0062357085 0.6969234000000001 0.31964159999999997 1.0 0.7102874
8 0.005976145 0.6683854 0.37826679999999996 1.0 0.82289904
8 0.005389783 0.7339621999999999 0.41814286 1.0 0.7478156
8 0.004212693 0.03093835 0.49666893 0.10193292 0.5380111
13 0.0036570021999999995 0.020399645 0.5050652 0.100859456 0.5581385
13 0.0032286942 0.03567404 0.5003866 0.12412749 0.566759
3 0.0028286092 0.604 0.44139507 0.9894428 0.84752876
3 0.002665781 0.8864280999999999 0.41142315 1.0 0.55753165
13 0.0026588375 0.082666054 0.45638186 0.42832659999999995 0.7854679
8 0.0025898374 0.03659424 0.17203845 0.30985314 0.69141924
3 0.0021111173999999997 0.7358834 0.42661163 0.89626247 0.6432022
13 0.0017538749 0.6448026 0.5407321999999999 1.0 0.78675985
13 0.0012907162 0.019366384 0.47468814 0.35410549999999996 0.7570616
8 0.001161577 0.5444313000000001 0.41931593 0.9967629000000001 0.8985305
8 0.0011603745 0.10607529 0.18231570000000002 0.39091522 0.6728468000000001
9 0.0009998945 0.11885859 0.45929646 0.3736989 0.716785
3 0.0009456698 0.8320884 0.41332278 1.0 0.5984463000000001
1 0.0008288083500000001 0.53905946 0.39308786 0.9118722 0.61347115
1 0.0008239328 0.5514918000000001 0.47604096 0.90334994 0.6997284
5 0.0007968358 0.0011005923 0.5174679 0.09253044 0.557524
3 0.0007886648 0.9020575999999999 0.41312614 1.0 0.49403676
8 0.0007724705499999999 0.7324739 0.2179367 0.97866017 0.7575775
2 0.0007404766 0.028445203 0.49955547 0.10540105400000001 0.5465028000000001
13 0.00073450524 0.61402464 0.46588835 0.99517703 0.73915255
6 0.00073244947 0.59690005 0.5105122000000001 1.0 0.78751135
8 0.0007279175999999999 0.032938436 0.39556086 0.27215952 0.9757316999999999
2 0.0007099669 0.12551275 0.39058262 0.50094485 0.7157260999999999
1 0.00066178496 0.012900978 0.52111006 0.082827866 0.55762
1 0.0006554005000000001 0.5913409000000001 0.5363387 0.952731 0.7656134
7 0.0006333578 0.54770577 0.37934735 0.9786184000000001 0.7922986
9 0.00060574093 0.15237236 0.47214538 0.46406233 0.73414826
8 0.00058026996 0.045020208 0.42586720000000006 0.43506378 0.89531255
7 0.0005664169 0.0 0.3802682 0.38074392 0.7865611
2 0.00056294684 0.05051453 0.49181400000000003 0.12613821 0.55861914
6 0.0004970984 0.5890187 0.44154814 0.9875944999999999 0.74232554
5 0.0004909418 0.54608387 0.46975395 0.95472413 0.80443597
7 0.00047033905999999993 0.013630323 0.49332458 0.09256083 0.5627512
11 0.0004668642 0.036262922 0.49749544 0.08023385 0.57259864
5 0.00046068017 0.0046587437 0.56202173 0.46277229999999997 0.7746335
13 0.00045578312999999994 0.030551538 0.48322693 0.10059026 0.54618794
4 0.00044117038 0.19292465 0.47052652 0.50454545 0.8161252
5 0.0004362289 0.0 0.53171074 0.4429088 0.7292042
7 0.00040679186 0.023022115 0.41859323 0.49370903 0.8152225000000001
9 0.0003987556 0.7091298 0.35090598 0.9925386 0.64250946
3 0.00038746162000000004 0.7404968000000001 0.53490764 0.79844445 0.62434286
8 0.00038331182000000003 0.732635 0.5462725 0.7886132 0.60884637
7 0.00038105846 0.6467921 0.46171796 0.98336774 0.86165875
13 0.00038004917 0.7640674 0.42452186 1.0 0.7714098
1 0.0003753074299999999 0.0 0.48327250000000005 0.29452252 0.6940383000000001
7 0.00036684316 0.04538135 0.4919664000000001 0.12525053 0.5654475999999999
6 0.00035662373 0.010671798 0.51227033 0.12642492 0.56176645
12 0.00033431844 0.0 0.39038324 0.44037378 0.6364715
9 0.00032688697999999996 0.75507396 0.43124142 1.0 0.72109216
5 0.00032144680000000003 0.5344196 0.42163226 0.977555 0.6706544
4 0.0002974993 0.7440848000000001 0.42469797 1.0 0.79652596
13 0.00029233625 0.7105225000000001 0.45972311 1.0 1.0
13 0.00029154276 0.038903564 0.47270668 0.25843856 0.67167556
1 0.0002814052 0.054436907 0.5517692 0.36084956 0.7685563
12 0.0002743176 0.65478134 0.30721223 1.0 0.5775231
1 0.00027028655 0.69874537 0.57251567 0.9801556 0.79654783
4 0.00026919795 0.08812581 0.4178512 0.40664208 0.70658594
2 0.00026720933999999997 0.0121821165 0.41793516 0.42057082 0.7094651999999999
10 0.000262123 0.07644092 0.4880558 0.13277248 0.563271
13 0.00025138113 0.7705138000000001 0.50068295 1.0 0.90792644
1 0.00024470844 0.0 0.5264679 0.31479270000000004 0.7379226
11 0.00024421437 0.6697753000000001 0.40974838 0.8502831 0.7491774999999999
11 0.00024298189999999998 0.08750380599999999 0.39065638 0.27770567 0.7733673000000001
4 0.00023740367999999998 0.13169992 0.44926354 0.4566499 0.75863326
12 0.00022898807999999996 0.017350435 0.43772790000000006 0.5269556 0.6833011999999999
11 0.00022888498 0.69493246 0.37083256 0.8670002 0.6725689
8 0.00022365949000000002 0.26786003 0.55061835 0.3167419 0.61930054
1 0.00021860067000000003 0.04739597 0.52113986 0.11594418 0.5642788000000001
10 0.00021678276000000003 0.042944584 0.5072924 0.102813065 0.56042904
4 0.00021339022 0.064357884 0.49242476 0.12705272 0.5637205
1 0.00020150736000000002 0.7865009 0.4075335 0.9751293 0.64988106
8 0.00019488256999999998 0.02250269 0.19251418 0.15759805 0.840657
6 0.0001942884 0.04427053 0.49577415 0.53101164 0.8067923
8 0.0001883026 0.06795564 0.21738563 0.36052582 0.8485921999999999
12 0.00018717693 0.8150516999999999 0.32274709999999995 1.0 0.61144036
1 0.00018715781000000004 0.70857084 0.37713709999999995 0.9590924000000001 0.6004208000000001
9 0.00018165473000000002 0.7909988 0.36791036 1.0 0.6424456999999999
11 0.00017502808 0.69544107 0.43589579999999994 0.90381056 0.8300929
1 0.00017430128000000002 0.029384433999999997 0.52317977 0.09842226 0.5654554
9 0.0001728309 0.06595516 0.5079893 0.14149967 0.5561013000000001
11 0.00017163623 0.76596725 0.47507378 0.94032717 0.8655190999999999
7 0.00016617628 0.8072981 0.31791064 0.9962209000000001 0.7112576999999999
13 0.00016374838 0.77269214 0.36598876 0.9660565000000001 1.0
2 0.0001633091 0.608232 0.42421949999999997 1.0 0.697127
9 0.00015987555 0.05169631 0.50484025 0.12126002 0.5589897
9 0.00015864309 0.035777792 0.5037838 0.09777413 0.5585139
12 0.00015595659 0.033403028 0.5008252999999999 0.10456939 0.55079174
5 0.00015197317 0.027956184 0.5195733 0.12939982 0.56804067
10 0.00014965373 0.054170102000000005 0.49410879999999996 0.12199888 0.5660079
1 0.00014888957 0.049085132999999996 0.51607424 0.23487228 0.6201434
2 0.00014723033000000002 0.61571014 0.36195759999999993 1.0 0.61545867
10 0.00014490194999999999 0.11447825 0.5057510999999999 0.29638854 0.6311044
8 0.00014489722 0.7221486 0.52301395 0.77279514 0.60230666
11 0.00014461196000000001 0.051887699999999995 0.49841136 0.09737288 0.5711484
6 0.00014427066000000002 0.72335476 0.32168009999999997 1.0 0.63738155
12 0.00013611087 0.050572686 0.50450426 0.1231788 0.5510020999999999
12 0.00013336912 0.7017688 0.43516383 1.0 0.69065547
11 0.00013332134 0.12844425 0.4110417 0.33302978 0.8083036
6 0.00012932825 0.02770517 0.51057297 0.16014141 0.5663630999999999
13 0.00012763526 0.060733712999999995 0.5287434 0.28896502 0.6778001
6 0.00012634636 0.07615396 0.49939805 0.30710867 0.62911177
8 0.00012410109 0.47491318 0.38337204 0.8711681 0.9337683000000001
4 0.00012389386 0.041308477999999996 0.5008115 0.11391333 0.5634889
11 0.00012221208 0.21433829 0.39923509999999995 0.43836033 0.8377916
3 0.0001220837 0.07459425 0.46377343 0.30946666 1.0
3 0.00012092848999999999 0.27244732 0.53117645 0.3310837 0.6425611
6 0.00011697544 0.0 0.44827846 0.47979940000000004 0.76572144
2 0.000114136266 0.6407980999999999 0.30658385 1.0 0.5471225000000001
10 0.00011308597999999999 0.7654428000000001 0.2825091 0.99516374 0.63875973
3 0.00011283908000000001 0.9071604 0.449536 1.0 0.5381696
6 0.00011186608000000001 0.0 0.50937253 0.37239742 0.7952751
12 0.00010816431000000001 0.13504413 0.46009570000000005 0.30060333 0.6146071
4 0.000102393926 0.1463215 0.5023726 0.28938459999999994 0.65230405
8 9.909177e-05 0.19257374 0.19895715 0.47541445 0.8205718000000001
2 9.8025834e-05 0.70934194 0.47195393 1.0 0.7334129
13 9.7899705e-05 0.0 0.048706215 0.297862 1.0
11 9.681004999999999e-05 0.72468096 0.4177564 0.88153964 0.7140977
7 9.049971400000001e-05 0.74238247 0.38124627 1.0 0.9200654
5 9.040814599999999e-05 0.7105595 0.4042405 1.0 0.6521371
5 8.927521999999999e-05 0.778277 0.5642008000000001 0.9891655 1.0
4 8.8642904e-05 0.84208983 0.28820837 1.0 0.61237127
4 8.854720999999999e-05 0.0630472 0.47703573 0.34972778 0.77752846
3 8.765465e-05 0.1136048 0.21263033 0.36708152 0.6916604000000001
1 8.7318396e-05 0.5887315 0.48886555 0.9152315999999999 0.9056595
4 8.627370000000001e-05 0.6859515 0.38761634 0.9958358 0.6991295
3 8.62669e-05 0.7264884 0.447004 0.8478474 0.6387449000000001
10 8.569829499999999e-05 0.100911565 0.48561980000000005 0.28014955 0.6046218000000001
3 8.5615546e-05 0.7619906999999999 0.28339353 0.9866734 0.8350103000000001
3 8.514727e-05 0.7512788 0.42470542 0.95212835 0.67203075
5 8.4964515e-05 0.6596425 0.5716701999999999 0.9333610999999999 1.0
13 8.403065000000001e-05 0.7457526 0.56516945 1.0 0.8194229
11 8.194734e-05 0.07368229 0.49397498 0.11808705 0.5643305999999999
6 8.138121e-05 0.107776895 0.52418953 0.3241071 0.6606643
1 8.043771e-05 0.78328013 0.5725941 0.98466873 0.88359636
10 7.99519e-05 0.24380513 0.35739255 0.52721953 0.82366043
7 7.746834e-05 0.04059805 0.47783548 0.10435432 0.53769815
9 7.490914000000001e-05 0.13296854 0.5159476 0.30068377 0.65968126
6 7.414659e-05 0.7581826 0.49233696 1.0 0.9169200000000001
2 7.288363e-05 0.8086778 0.25297559999999997 0.9757966 0.9530190999999999
12 7.225595e-05 0.14984873 0.4966173 0.31687877 0.6523981
4 7.195906e-05 0.025133058 0.5040498 0.093354635 0.5555769
13 6.90274e-05 0.06011939 0.013850999999999999 0.39211708 1.0
5 6.765968e-05 0.033911876 0.52085745 0.28375563 0.6181129
1 6.7331755e-05 0.79018176 0.49515477 0.9773458 0.7312706
9 6.611315999999999e-05 0.054055452000000004 0.49036968 0.113712326 0.53680754
2 6.5818436e-05 0.046876382 0.4748547000000001 0.113193095 0.5196014
3 6.534634e-05 0.7884803000000001 0.41880542 1.0 0.67148024
8 6.5241526e-05 0.6180649 0.28264037 0.94869053 0.93509775
13 6.504004e-05 0.0 0.30272558 0.19934341 1.0
1 6.3009895e-05 0.07547305 0.54246163 0.25587289999999996 0.66005737
7 6.293809e-05 0.56696403 0.30054572 0.98955715 1.0
10 6.28024e-05 0.6370998999999999 0.31500468 0.9813156999999999 0.67947716
11 6.185483e-05 0.82428604 0.39928097 0.9301309000000001 0.65341204
1 6.113028e-05 0.030214509 0.49300638 0.092386745 0.52938545
5 6.0889894999999994e-05 0.022163764 0.56581205 0.27559733 0.6801656999999999
3 6.0369086e-05 0.050957583 0.46344918 0.2266837 1.0
2 5.796486e-05 0.6979584 0.24735700000000002 1.0 0.9461668
13 5.63135e-05 0.1833829 0.031052617 0.52901506 0.9657462
3 5.593689e-05 0.104206085 0.24962182 0.39848483 0.9261613000000001
5 5.5534492e-05 0.034841699999999996 0.54890305 0.30709696 0.6517486
5 5.5005945000000004e-05 0.021735389 0.49869162 0.110550985 0.5316514
12 5.4550719999999994e-05 0.040389147 0.47638590000000003 0.11034879 0.52711576
6 5.4062704000000004e-05 0.7154289 0.6103249 1.0 0.8431697
1 5.3450366999999995e-05 0.73463124 0.37379694 0.9380059999999999 0.7593302
1 5.3126216000000004e-05 0.7392890999999999 0.5408831000000001 0.96199256 0.94079155
10 5.2172910000000004e-05 0.10731793 0.53829265 0.28104973 0.66721904
10 5.1524225e-05 0.7071331999999999 0.45362747 1.0 0.83870614
6 5.1479547e-05 0.6105524 0.49970195 1.0 1.0
11 4.955062e-05 0.85658854 0.39464113 0.94945663 0.6546423000000001
5 4.8909686e-05 0.6255835999999999 0.44183105 1.0 0.77049804
7 4.8290967e-05 0.097612575 0.46720100000000003 0.26165766 0.6432491
3 4.7980290000000005e-05 0.09065200400000001 0.46904266 0.4992574000000001 0.93044317
3 4.7645062e-05 0.21587972 0.26700562 0.5423781 0.9219697
3 4.711168e-05 0.1569784 0.24816264 0.47863653 0.8342681000000001
10 4.7090307000000005e-05 0.1363334 0.32336143 0.46837049999999997 0.7875740999999999
4 4.7050864e-05 0.13371 0.48325379999999996 0.27184558 0.6115673
8 4.7029609999999995e-05 0.6934645 0.48641676 0.9417796 0.90688455
13 4.5060842e-05 0.04571621 0.35273355 0.35578376 1.0
8 4.4349756e-05 0.16763794 0.44090486 0.47227764 0.9403665999999999
5 4.3576187e-05 0.76854926 0.48434535 1.0 0.91309446
13 4.2278563000000004e-05 0.6546685999999999 0.28255045 1.0 0.86115026
3 4.1500563e-05 0.07020573 0.23432891 0.31126505 0.7682751
8 4.137779e-05 0.25700477 0.45027763 0.5299338 0.925617
12 3.9643283999999997e-05 0.78569984 0.3159825 0.9500178 0.8322956
11 3.960387e-05 0.842367 0.12931079 0.9431203000000001 1.0
5 3.9401147999999996e-05 0.02051811 0.4245152 0.31194878 1.0
13 3.9150957e-05 0.0095846355 0.044411544000000004 0.3423744 0.75023204
3 3.8556816e-05 0.20225762 0.18165153 0.5119229000000001 0.720842
1 3.8101378e-05 0.7336012 0.46238092 0.96304095 0.6994062
10 3.735244e-05 0.06136558599999999 0.47328502 0.11100949 0.53331846
2 3.7231297e-05 0.79350984 0.39874253 0.98297286 0.8077632
9 3.6921977999999996e-05 0.729142 0.22879052 0.97497183 0.8158704999999999
11 3.6042136000000004e-05 0.78195673 0.1380801 0.9456598 1.0
9 3.523547e-05 0.8353575999999999 0.39471808 0.9598091000000001 0.89462614
11 3.4730605e-05 0.124818206 0.5130649 0.20986143 0.65157527
4 3.4329725e-05 0.8350042 0.30438435 0.99936247 0.9826158000000002
7 3.3981953e-05 0.118182026 0.4999732 0.28241652 0.6753349000000001
3 3.350465e-05 0.6703856 0.43246353 1.0 0.9850690999999999
8 3.3346255999999996e-05 0.61822355 0.15839031 0.91578543 0.7778284000000001
8 3.2674809999999995e-05 0.88217044 0.41405597 0.9786626 0.5744188
12 3.204674e-05 0.7958212 0.45167604 1.0 0.7253628000000001
11 3.0927459999999995e-05 0.86649466 0.15852402 0.9764669 1.0
11 3.073961e-05 0.11851993 0.5367469 0.20300859 0.6892865
3 2.9741315e-05 0.03615357 0.32139036 0.17733684 0.98785347
8 2.9604424e-05 0.7138637 0.46130790000000005 0.84645313 0.6130014
8 2.9356420000000004e-05 0.028335184 0.16124414 0.1713191 0.60846055
4 2.8445698000000002e-05 0.12498401 0.5162532999999999 0.27129996 0.687904
5 2.7680025999999997e-05 0.21035984 0.30841893 0.51400554 0.90653884
13 2.7653474e-05 0.68078786 0.44589059999999997 0.8606103 0.6218296999999999
2 2.7165949999999997e-05 0.102819294 0.4727331 0.30075959999999996 0.58592457
12 2.6969195e-05 0.8220843000000001 0.4717918 0.9914849 0.8103535
1 2.6206033000000003e-05 0.5143193 0.23467572 0.9323783000000001 0.60406643
3 2.5847186e-05 0.8979936 0.5826055 0.969668 0.7400191999999999
12 2.5800255e-05 0.81995577 0.40890297 0.9948676 0.6755806
10 2.5598022999999997e-05 0.84470475 0.17012714 0.9786271999999999 0.9868478
13 2.555122e-05 0.8796253 0.42278796 0.9864478000000001 0.57569826
11 2.495125e-05 0.15381140000000001 0.53732336 0.23733088 0.6827999
5 2.4883038000000003e-05 0.06766237 0.526395 0.48181444 1.0
5 2.4878062e-05 0.071906105 0.34786972 0.42576049999999993 0.77462626
7 2.4806448e-05 0.08966478 0.5309837 0.24923685 0.7079741999999999
2 2.4701896e-05 0.08937397 0.49445572 0.3085285 0.6221593000000001
8 2.461895e-05 0.23171397 0.12256313 0.51047003 0.67036855
10 2.4280242e-05 0.8699388000000001 0.16035698 1.0 1.0
6 2.4076246999999997e-05 0.7763418000000001 0.40232402 1.0 0.7811051
2 2.3962644e-05 0.8367988000000001 0.30821679999999996 1.0 0.60966015
9 2.3534782e-05 0.78701365 0.47651953 0.98957896 0.9792864
5 2.3432168999999998e-05 0.10223296 0.39924133 0.39174157 1.0
11 2.3036999e-05 0.8477763 0.38572136 0.9592558000000001 0.9265813
1 2.2681916e-05 0.055669338 0.5684075 0.23887846 0.67857486
13 2.2619926e-05 0.73623693 0.47816387 0.94706607 0.648977
9 2.2435595e-05 0.067978606 0.12134988599999999 0.3581583 0.84887815
9 2.2212813e-05 0.84679633 0.48762038 1.0 0.80542165
13 2.2017775000000003e-05 0.75114214 0.50941247 0.9835433000000001 0.6766810000000001
6 2.1335249e-05 0.023582201 0.48417250000000006 0.1290907 0.5337082
8 2.1232103e-05 0.292459 0.10794978 0.5717299 0.6333664999999999
7 2.1128135e-05 0.070085295 0.49287647 0.24027231 0.6777524
9 2.0870763999999998e-05 0.028637767 0.09668983 0.3486169 1.0
13 2.0652982e-05 0.24882270000000004 0.5527944 0.3306892 0.6124885
11 2.0438776e-05 0.061824683 0.48477927 0.091397956 0.53102356
13 2.0243187e-05 0.7207199000000001 0.5598854999999999 0.7990375 0.6139438
11 1.9964560000000003e-05 0.13384604 0.5579689999999999 0.23232391 0.72192925
12 1.9866511e-05 0.78406775 0.43013290000000004 0.9934690999999999 0.9428032
13 1.9621231e-05 0.76506096 0.17264181 0.9980176 0.89169437
5 1.918966e-05 0.14957398 0.35273713 0.44948745 0.92670614
5 1.9027983999999998e-05 0.0 0.5756819000000001 0.25932315 1.0
4 1.8962333e-05 0.8044376 0.331194 1.0 0.67095846
7 1.8910505e-05 0.56126 0.11362284 0.9572915000000001 0.90107965
8 1.8659222e-05 0.90616244 0.4199706 0.97527903 0.48559996
3 1.863128e-05 0.7515154000000001 0.53929794 0.8168420999999999 0.6249361999999999
4 1.7812057e-05 0.8170013 0.19816269 0.9652613999999999 0.84857893
5 1.757615e-05 0.53762877 0.6164536 0.9015204 1.0
4 1.7542e-05 0.05660475 0.48271486 0.10587325 0.52964664
5 1.6992717e-05 0.011290036000000002 0.42395684 0.16583472 1.0
2 1.6907701e-05 0.7986531 0.27528220000000003 1.0 0.54345196
9 1.6729813e-05 0.04172413 0.34638628 0.30686575 1.0
10 1.6724376e-05 0.82049465 0.35737199999999997 1.0 0.89416283
13 1.6686263e-05 0.81247723 0.41160715 0.9727546 0.59671396
12 1.661811e-05 0.68549985 0.285756 1.0 0.8681662
3 1.6203492e-05 0.29442677 0.34453282 0.6440680999999999 0.97151953
9 1.5312451000000002e-05 0.8554367 0.51550895 1.0 0.9493249
13 1.4823758e-05 0.24832447 0.3949184 0.5596508000000001 1.0
12 1.4547812e-05 0.10234885 0.0 0.5484345 0.5234886999999999
6 1.4260309e-05 0.7776415 0.52364403 0.98174053 0.6664628
8 1.42033205e-05 0.33327675 0.16345075 0.6214451 0.80825686
2 1.4201494999999999e-05 0.07804729 0.5253334 0.2884171 0.64661866
13 1.4017279000000001e-05 0.034751713 0.5731122 0.25237483 0.6937930999999999
9 1.3852618e-05 0.82285035 0.11343601 0.9897475 0.8258404
13 1.3634628e-05 0.32285908 0.0072087827 0.6756909999999999 0.9300290999999999
3 1.3309997000000001e-05 0.88287055 0.41368777 1.0 0.6447918
8 1.3300111e-05 0.8293617 0.42021003 0.9575068999999999 0.594851
12 1.2833490999999999e-05 0.16930923 0.5264743000000001 0.32985473 0.6754916999999999
1 1.2303210000000002e-05 0.0 0.12020784 0.3119909 0.83616406
8 1.184748e-05 0.26459464 0.5722999 0.31379452 0.64527124
7 1.1808413000000001e-05 0.0 0.06539694 0.36899233 1.0
3 1.1650634e-05 0.5121237 0.37192205 0.96291685 0.99452597
3 1.1608391e-05 0.7768764 0.1703221 1.0 0.70340455
5 1.1574103999999999e-05 0.061778455999999995 0.5965142 0.35690343 1.0
4 1.1565739999999998e-05 0.7421246 0.32847348 0.9870071 0.9917056000000001
13 1.1475519999999999e-05 0.2727554 0.15274309 0.5990678 1.0
11 1.1391467e-05 0.73719954 0.08938676 0.9351554 0.86197597
11 1.1356214e-05 0.8068731 0.43930438 0.91851306 0.7197300999999999
10 1.08008e-05 0.7897297 0.19404313 1.0 1.0
3 1.0667257e-05 0.35203838 0.23554176 0.69577134 0.87717456
8 1.0570191e-05 0.7588087 0.35943422 0.95026547 0.6983324000000001
12 1.0041119e-05 0.5987049 0.08278569599999999 1.0 0.5980774999999999
13 9.891964000000001e-06 0.88152015 0.4134883 0.98608744 0.4905598
6 9.845692000000001e-06 0.1146268 0.5586236 0.33366746 0.6847905
3 9.65323e-06 0.19456631 0.500958 0.56528974 0.97492635
2 9.598383e-06 0.7044349 0.3888578 1.0 0.6573934
