8 0.99080807 0.4333799 0.5066569000000001 0.7069645999999999 0.65646446
3 0.69690484 0.34504065 0.49462062 0.516385 0.59457046
8 0.34283993 0.33364868 0.48536995 0.55877113 0.60506284
3 0.32374102 0.90179676 0.8779925999999999 1.0 0.99171793
8 0.09944453 0.013459501 0.45125875 0.04484228 0.5024102
3 0.046814907 0.47623745 0.51242656 0.6915701 0.6508305999999999
3 0.018912459 0.43838462 0.54547274 0.5442236999999999 0.62334454
3 0.011944141 0.86443794 0.89287883 1.0 0.98806036
3 0.010552062 0.44408885 0.49906229999999996 0.6443871999999999 0.6399560000000001
8 0.008506213 0.37264037 0.44511095 0.74178857 0.69058913
8 0.006538797 0.88998854 0.9003653 0.9786113000000001 0.9935004999999999
13 0.005704151 0.8711978000000001 0.92352533 1.0 0.9960664
8 0.004709500399999999 0.88579124 0.86743206 1.0 0.9970573
8 0.0039013685 0.9057772 0.88430023 0.97107685 0.9804109000000001
8 0.0033654117 0.29975617 0.435096 0.6597983000000001 0.6766807
13 0.0030628791999999998 0.8931093000000001 0.89690554 0.9788654 0.99045515
8 0.0025721984 0.43294750000000004 0.5441242 0.53556246 0.61559814
3 0.0025153859 0.46297213 0.5327 0.5600102 0.6329174
8 0.0021971131 0.33693594 0.51715684 0.49090987 0.5869014
13 0.0021853934 0.86883277 0.9049569 0.9924241 0.9768481999999999
3 0.0021484778 0.018688869 0.4529712 0.052194002999999996 0.51178193
13 0.002121254 0.5126022 0.55609465 0.74202234 0.66035455
13 0.00201938 0.84776014 0.9084327 0.99439514 1.0
7 0.0019982802 0.84811306 0.9162157 0.9743149999999999 1.0
13 0.0019632115 0.35460308 0.48079214 0.5572541 0.6289967
3 0.0018387295999999999 0.42261007 0.5079473 0.516653 0.6003473000000001
7 0.0017085407000000002 0.8845476999999999 0.9029215 0.9923886000000001 0.98071605
8 0.0016883393 0.50557 0.52368087 0.5748415 0.6384609
11 0.001620146 0.42374855 0.46314272 0.61435163 0.6945609
3 0.0015138448000000001 0.48174503 0.5261682 0.54117525 0.6338796
3 0.0015029919 0.45872283 0.5300074 0.5265221999999999 0.62983143
13 0.0013680069 0.40867709999999996 0.53033715 0.6365175999999999 0.64065117
11 0.001357915 0.91643065 0.9063234 0.9668761999999999 0.98585707
13 0.0013203467 0.52126336 0.51756686 0.7887861999999999 0.64468324
8 0.0013131619 0.47813028 0.5266354 0.54359245 0.64128906
11 0.0012568916 0.46777335 0.46764624 0.64706844 0.6437299
11 0.001240134 0.8962081000000001 0.93298024 0.9834241 1.0
13 0.0011946609 0.013948855 0.45359161 0.055713295999999995 0.494587
8 0.0010942848 0.8487991 0.89509016 0.9832429 1.0
8 0.0010855052000000001 0.42876040000000004 0.47823915 0.6262741999999999 0.64854425
13 0.001065965 0.441867 0.5538266 0.6708687 0.6575595999999999
8 0.0010488869 0.45591047 0.53660434 0.5569305 0.63361144
13 0.0010343867 0.33431652 0.51340085 0.51263154 0.6415813
2 0.0010036242 0.85172147 0.9083200000000001 0.99458385 0.9911919
11 0.0009612296000000001 0.8871438 0.9225709999999999 0.9552825999999999 0.97536194
12 0.0009590655 0.92324054 0.89759105 1.0 0.96097183
9 0.00095643965 0.89675474 0.90882266 1.0 0.9750655
8 0.0009419441 0.51024026 0.5317679 0.64428 0.59163624
9 0.0009167399000000001 0.44698119999999997 0.50551224 0.64314383 0.6264900999999999
11 0.0009072860000000001 0.8942822 0.90514785 0.9468214 0.9862269
1 0.0007955865 0.86144054 0.9150203000000001 0.9707855 0.9793735
11 0.000775115 0.46833584 0.48722076 0.6635668 0.716492
9 0.0007662226 0.5502864000000001 0.55504113 0.7921789 0.6617589
11 0.0007655410400000001 0.35554352 0.44511607 0.5367246 0.6626643
1 0.0007651269000000001 0.8737190999999999 0.9351516 0.9937495999999999 1.0
2 0.00075149647 0.37323654 0.4770602 0.5970118000000001 0.6085033000000001
1 0.0007486128999999999 0.8898618 0.91691035 0.9951093000000001 0.98215526
6 0.0007421325999999999 0.8465994000000001 0.9198921 1.0 0.99664664
9 0.0007318516 0.38219085 0.49295079999999997 0.5777243000000001 0.6081236999999999
5 0.0007254817 0.37321228 0.57204807 0.67901635 0.6733414000000001
9 0.0007220857700000001 0.5388229999999999 0.50324696 0.74912024 0.6054879
9 0.0007216184 0.90547603 0.9000703000000001 1.0 0.9566319999999999
5 0.0007117319 0.36978072 0.5499154 0.71361214 0.64594716
13 0.0007048878999999999 0.5345759 0.5170927 0.71688026 0.67606324
1 0.0007020257 0.39848053 0.5250812 0.6430145 0.6251188
7 0.0006995265 0.89769584 0.8868311 0.9734487 1.0
12 0.0006971478 0.90898556 0.9037415999999999 1.0 0.9869142
11 0.0006949987 0.39590840000000005 0.44058204 0.5866668 0.66095597
12 0.0006848407000000001 0.9233225 0.88657033 0.98134345 0.9780958000000001
1 0.0006794249000000001 0.34753105 0.5531658 0.5891163 0.6462129
1 0.00067900046 0.33412594 0.50594944 0.52990544 0.60561913
11 0.00064803293 0.90869147 0.9250466 0.9725587 0.9766419
2 0.0006332776400000001 0.52737993 0.52487046 0.7669632 0.68120867
8 0.00063042546 0.37444526 0.51443607 0.5023777 0.60111856
7 0.0006108390000000001 0.23813297 0.47730637 0.5408781 0.67008114
7 0.0006073081 0.32413045 0.45277482 0.5826378000000001 0.6439595
5 0.00059140014 0.25268447 0.53272665 0.5413896 0.64919364
9 0.0005773432 0.54725266 0.52157027 0.77940303 0.62733316
1 0.00057300605 0.33384994 0.5328604 0.52811795 0.6332848000000001
10 0.0005728778 0.8924008 0.89543945 0.99344254 0.9738123
3 0.0005442858999999999 0.44107179999999996 0.5210084 0.51748735 0.62074125
5 0.0005369402400000001 0.88753825 0.8830559000000001 0.98640805 0.9946974000000001
9 0.0005307809 0.49645156 0.50387573 0.7018685 0.6160059
11 0.00052388303 0.3287184 0.42857158 0.47695997 0.6227704000000001
11 0.0005235869 0.85381293 0.88864064 0.9462153 1.0
9 0.0005197398 0.45307395 0.55527914 0.6710366999999999 0.6716071
2 0.00049523334 0.86418897 0.8970691999999999 0.9929312 0.9572578000000002
2 0.00048407092000000003 0.4635219 0.54215723 0.7045248000000001 0.65453196
2 0.0004720617 0.3861074 0.44436198 0.5930203000000001 0.5808366999999999
5 0.00045829802 0.31291932 0.51954883 0.6182156999999999 0.6334896
5 0.0004568014 0.8302944999999999 0.89852786 1.0 1.0
4 0.00044329220000000004 0.57145727 0.5326609 0.77435553 0.69256943
1 0.0004413871 0.28153864 0.52405024 0.48586586 0.6223909000000001
12 0.00043744125 0.45603168 0.4882014 0.7032275 0.624684
3 0.00042501735 0.50698835 0.5214721999999999 0.5726891 0.63434315
10 0.0004197721 0.91164947 0.8760357 0.9760365 0.9862725
4 0.00041169353 0.8967754000000001 0.904449 1.0 0.9997098
12 0.00040912057999999997 0.32718444 0.46218964 0.59807515 0.58862376
9 0.0004069565 0.58854496 0.51496094 0.73322195 0.6691634
9 0.0004054709 0.35111105 0.51409686 0.5264664000000001 0.63253707
1 0.00040302245000000005 0.25186607 0.49646464 0.45283875 0.59267354
1 0.00038959613 0.35331440000000003 0.5148612 0.59065694 0.61649656
4 0.00038433410000000004 0.41899163 0.47635636 0.59801984 0.6290584
1 0.00037789257000000006 0.39962718 0.56649876 0.63090307 0.6712715
8 0.00036340667 0.51251435 0.53147495 0.62359375 0.63116795
4 0.00035405165000000003 0.9170456 0.8966133 1.0 0.96642286
9 0.0003532133 0.9128902 0.8818054 0.9817365 0.9707107
10 0.0003526284 0.48132256 0.49159083 0.6492981 0.59547585
6 0.00034422285000000006 0.8901056999999999 0.9082994000000001 1.0 0.9663613000000001
10 0.00034220197 0.49812266 0.5480003999999999 0.7062765000000001 0.6566621
9 0.00034169442000000003 0.5705591 0.48672232 0.70312905 0.6450345000000001
10 0.00033721625 0.42723772 0.42485568 0.5894659000000001 0.61270165
7 0.00032478434 0.80404913 0.85353315 0.9886309999999999 1.0
11 0.00030677533 0.5860818 0.4883661 0.76370466 0.7058196999999999
7 0.0003066677 0.88234746 0.9368322 0.9713466000000001 1.0
2 0.00030343872000000005 0.44100794 0.51046646 0.67296124 0.62389576
3 0.0002981503 0.5111689 0.5219446 0.6697774999999999 0.58674806
1 0.00029480224 0.50283444 0.49008679999999993 0.68001735 0.6260216
11 0.00027894136 0.9228814000000001 0.92612684 0.97745377 0.9919190999999999
10 0.00027401853 0.46545827 0.5289079000000001 0.63835454 0.62931013
7 0.00027187107 0.8776279 0.8851292 0.9553236999999999 0.9952108000000001
2 0.0002698728 0.8257104 0.84906906 1.0 0.98644006
5 0.00026657796 0.8333756999999999 0.9025958000000001 0.9969861999999999 0.9664321
12 0.0002615845 0.5474468000000001 0.48133382 0.6940851 0.64111453
1 0.00026057527000000004 0.81619 0.898631 0.9698857 1.0
1 0.00025898984 0.5210614 0.55903673 0.73292285 0.68202764
11 0.00025674869999999997 0.5201594 0.4678277 0.6926698 0.6447666
7 0.0002477022 0.782799 0.9145405000000001 0.9653623 1.0
6 0.00024681477000000005 0.3782147 0.53203386 0.6920607 0.64242613
1 0.00024468882 0.53213155 0.52862185 0.689578 0.6649538
8 0.00024043521 0.8881455 0.9187665999999999 0.9614870000000001 0.9857582
12 0.00023948943 0.5477776 0.5473031999999999 0.81297046 0.6575068000000001
6 0.00023323599 0.42321400000000003 0.56268543 0.7145803000000001 0.67494094
3 0.00023052686000000003 0.37495843 0.48781723 0.5537126 0.61399835
5 0.00023025027000000002 0.22221369 0.51064426 0.5117252999999999 0.6187606
10 0.00022957923999999998 0.8796314000000001 0.9011024 0.99147373 1.0
4 0.00022764273999999998 0.47165403 0.49964508 0.6907095 0.6442747
10 0.00022663616000000001 0.6110415 0.5239509 0.78716713 0.664628
11 0.00022571665 0.5126884 0.39487657 0.64430004 0.74817675
8 0.00022395971 0.05923254 0.38608205 0.67862797 0.8880716000000001
6 0.00022328956 0.40651134 0.49460232 0.7109379 0.62464374
3 0.00022215308999999996 0.7469996 0.8757524 0.99913466 1.0
5 0.00022139546000000002 0.45780352 0.5870637 0.79647076 0.690566
3 0.00022008331000000002 0.8961283000000001 0.88092947 0.9902761999999998 0.96487176
13 0.00021987310000000002 0.46660122 0.5189112 0.64697355 0.69422585
5 0.00021683576000000002 0.44655222 0.5485965 0.66731024 0.71053326
8 0.00021407584 0.41767479999999996 0.5173023 0.5143672 0.6056372
9 0.00021197909 0.53771985 0.520121 0.6785366 0.6767890000000001
12 0.00020877873 0.8664200000000001 0.839528 1.0 0.95553327
12 0.00020824678 0.5579921999999999 0.5206798 0.7240445 0.65902567
13 0.00020646042 0.5006415 0.50512713 0.7294724 0.6283388000000001
4 0.00020613885 0.6103543 0.47608033 0.7280394 0.6845444
10 0.00020521521 0.6159491 0.43235657 0.7154335 0.6269106
13 0.000202052 0.45185557 0.48734802 0.66670114 0.6296751
10 0.00020194324000000002 0.89421874 0.89640445 0.9595973 0.9843718000000001
13 0.00020038158 0.45018459999999993 0.54126626 0.53906804 0.6363946
11 0.00019768082999999998 0.5626278 0.3986098 0.68616927 0.74102527
9 0.00019458898 0.42333990000000005 0.5284224000000001 0.6076881 0.6537265999999999
6 0.00019364237 0.7998198000000001 0.87715966 1.0 0.9973377
2 0.00019086796000000001 0.57364196 0.4651853 0.72878796 0.7017696999999999
8 0.00018662049999999998 0.48265445 0.53315926 0.588777 0.6308378000000001
11 0.00018512657 0.53015244 0.48666942 0.7178759 0.71064997
2 0.00018167894 0.78263515 0.9087649 1.0 0.99935365
3 0.00018155327000000002 0.35002940000000005 0.5243805 0.48500010000000005 0.5889485
10 0.00018031229999999998 0.6380679 0.44146353 0.7327977 0.66631836
13 0.00017889196 0.52201146 0.54239315 0.6827586999999999 0.69837034
11 0.00017828349999999998 0.8987944999999999 0.8808789 0.9721434999999999 1.0
9 0.00017348224 0.32522643 0.48823565 0.47864568 0.61783963
7 0.00017101176 0.85815823 0.93839115 0.94858307 1.0
2 0.00017094523 0.89425087 0.874231 0.9853356 0.9795318999999999
3 0.00017051525000000002 0.40927756 0.5018682 0.49215126 0.6043875
6 0.00016866006999999997 0.50824475 0.5695771 0.8075325 0.6931927
2 0.00016822951 0.48281664 0.47949633 0.70191526 0.5986343000000001
7 0.00016802811000000002 0.4164486 0.4854262 0.66018736 0.66072077
1 0.00016740401000000003 0.8100074 0.93605596 0.9769621999999999 1.0
13 0.00016670731 0.4266138 0.5587175999999999 0.54081 0.61941206
13 0.00016638299 0.35432217 0.47496757 0.5020536 0.67357874
1 0.00016599598 0.48697063 0.52248365 0.6570419 0.6678261999999999
4 0.00015804304 0.3671603 0.48064750000000006 0.5487565999999999 0.6207049
11 0.00015665394 0.84070045 0.9274735000000001 0.9524294 1.0
3 0.00014949913 0.4896968 0.52510476 0.5944353 0.6250114
12 0.0001478387 0.44332802 0.5164850000000001 0.66956544 0.6422835
10 0.00014643701 0.600461 0.47284496 0.69519126 0.656821
10 0.0001460445 0.57452273 0.45445007 0.6797041 0.6194163
11 0.00014572142 0.59246814 0.39656922 0.7045537 0.6881908
3 0.00014455651000000003 0.40560013 0.5014613 0.7505527 0.68406695
6 0.00014153919 0.29774228 0.50851357 0.6423833000000001 0.64292455
12 0.0001414651 0.49336708 0.47098094 0.734474 0.58995456
11 0.0001414432 0.6120815 0.41272268 0.732384 0.7077300999999999
1 0.00014036746999999999 0.43840203 0.51783544 0.6170908 0.65562814
4 0.00013979306 0.45822555 0.5456627 0.6874 0.69221085
10 0.0001386254 0.5537632 0.48231995 0.66223466 0.6625032
8 0.00013604159 0.02957692 0.4439012 0.21022266 0.91533655
2 0.00013435461999999998 0.017257035 0.44753256 0.06384181 0.5103765
10 0.0001335885 0.37930949999999997 0.45163035 0.57052714 0.6540560000000001
12 0.00013338469 0.88533705 0.89947957 1.0 0.97095585
7 0.00013071093 0.37581405 0.5362005999999999 0.6855717 0.7126321999999999
6 0.00012941597 0.87348187 0.90364516 0.97804976 0.9740854
12 0.00012727822 0.51302713 0.4720869000000001 0.6667852 0.6506185999999999
12 0.00012452375 0.9284620000000001 0.9145622 0.9801694999999999 0.9914806999999999
4 0.00012400826000000001 0.65977275 0.5009165 0.82044506 0.65999275
4 0.00012379991 0.56528467 0.49416184 0.7684671999999999 0.6460035
1 0.00012313042999999998 0.56221676 0.539617 0.75695735 0.64726114
11 0.00011976107599999999 0.5671031999999999 0.46175304 0.72773486 0.63839906
11 0.000119371914 0.9010919 0.94375646 0.97299784 0.9966153
1 0.000115947725 0.46294785 0.48215935 0.6373055999999999 0.61875194
8 0.00011473069 0.50600535 0.5122361 0.5913388 0.5585533
3 0.00011367794 0.5094729 0.52332705 0.64224964 0.62938327
7 0.00011350513999999999 0.47851944 0.53401804 0.763878 0.71171635
12 0.00011336345 0.4676571 0.5369779 0.7400126 0.66578996
7 0.00011322322 0.8685153 0.8254359 0.99426544 1.0
10 0.000111705944 0.52175134 0.47344953 0.67536414 0.5742664000000001
5 0.00011049205 0.453908 0.5625427 0.83918643 0.66841924
13 0.000110454086 0.37533963 0.506214 0.7844260000000001 0.75641626
9 0.000108583634 0.89278775 0.8422415999999999 1.0 0.9758889999999999
1 0.000106199506 0.30838925 0.47006693 0.4721469 0.6096675
8 0.00010587930599999999 0.45571753 0.5246101 0.5221751 0.6216090999999999
12 0.00010522173999999999 0.52595943 0.50176793 0.7657672 0.6152074000000001
8 0.00010493903000000001 0.20585586 0.40216458 0.5739506 0.68928003
12 0.00010480193000000001 0.5812461999999999 0.53093547 0.8039354999999999 0.62770426
9 0.00010423679 0.91044194 0.92918134 1.0 0.98130596
13 0.00010387786 0.39526120000000003 0.52199215 0.5022084 0.6143139
2 0.00010269205 0.31648899999999996 0.45039418 0.5476326 0.5634918000000001
3 0.00010021809999999999 0.5191349000000001 0.5095662000000001 0.6061459 0.5555445
5 9.8307246e-05 0.3049962 0.52791584 0.4926496 0.6728744000000001
5 9.605431000000001e-05 0.40292147 0.5387609999999999 0.7797824000000001 0.62735504
9 9.456408000000002e-05 0.4929411 0.52127606 0.63702446 0.69221824
1 9.261738000000001e-05 0.4826515 0.5211484000000001 0.71979094 0.6224881999999999
7 9.248244e-05 0.33798674 0.5112037 0.6316158000000001 0.6842569000000001
12 9.165921e-05 0.013891497 0.45577398 0.0650814 0.5022621
6 9.146829999999999e-05 0.26287323 0.47516942 0.5943718000000001 0.62418544
11 9.120783000000001e-05 0.38572645 0.3704125 0.50529677 0.6735995
3 9.052074e-05 0.44411924 0.56786716 0.5445241999999999 0.6349149000000001
9 9.038135e-05 0.3602382 0.48622498 0.48691916 0.6670149000000001
13 8.8297995e-05 0.4851641 0.5276994 0.54169166 0.6519843000000001
5 8.74897e-05 0.5154579 0.562613 0.75734776 0.73097086
12 8.690409e-05 0.9302083000000001 0.9239333000000001 1.0 0.98065007
3 8.615132999999999e-05 0.8722769 0.9168434999999999 0.99622935 1.0
2 8.422052e-05 0.5170532 0.478079 0.6842741999999999 0.6485259
10 8.375145000000001e-05 0.54865605 0.53023434 0.75239235 0.6471384
8 8.147134e-05 0.032542236 0.43656130000000004 0.3243346 0.91664135
10 7.91589e-05 0.45098459999999996 0.55607736 0.54557085 0.6241715999999999
13 7.870786e-05 0.5079520000000001 0.5369803000000001 0.6302376000000001 0.5846517
3 7.728074e-05 0.44921917 0.52050143 0.5503803 0.60529166
4 7.7229e-05 0.8933135 0.90393096 0.9887655999999999 0.9644349
2 7.697454000000001e-05 0.5665842 0.50233966 0.79811054 0.6629678000000001
8 7.684425500000001e-05 0.34643164 0.51043624 0.46883833 0.56744915
10 7.5675685e-05 0.60377747 0.49383846 0.7597096 0.6278218000000001
1 7.4507494e-05 0.44095832 0.48166013 0.6655255 0.5725308000000001
9 7.3694e-05 0.89422363 0.8796851000000001 0.95999175 0.9790065999999998
5 7.24195e-05 0.75192857 0.9174578999999999 0.99498135 1.0
10 7.19727e-05 0.33522335 0.44101182 0.5252034999999999 0.6222001
13 7.1814204e-05 0.33602393 0.5294228 0.48793882 0.59908205
3 6.9079644e-05 0.33543670000000003 0.49133617 0.47363448 0.5749506999999999
8 6.715591e-05 0.44464126 0.52146685 0.5049002 0.6257743
10 6.715048000000001e-05 0.57532614 0.479012 0.7237571999999999 0.5944875
11 6.5998305e-05 0.9271610999999998 0.94926417 0.9926013000000001 0.9969253
5 6.5203436e-05 0.33693249999999997 0.54377836 0.5017134 0.7061586999999999
13 6.3952764e-05 0.3764602 0.5057824000000001 0.5023436 0.58169997
13 6.363221999999999e-05 0.0 0.2986321 0.35297242 1.0
3 6.213003e-05 0.50515217 0.5127456 0.5698107 0.55875635
10 6.183729e-05 0.029293796 0.44671074 0.060216207 0.50619304
13 6.0755152e-05 0.50689787 0.5306642 0.56448257 0.6482566
4 6.034661999999999e-05 0.028632803 0.46332879999999993 0.06124213 0.5041971
9 6.0215360000000003e-05 0.38608214 0.47657645 0.7473889 0.7340416999999999
4 5.9653612e-05 0.4127409000000001 0.5185867999999999 0.640451 0.6688109999999999
5 5.9609773999999995e-05 0.8633713 0.9040023000000001 0.9664205 0.99803734
13 5.9401904e-05 0.3397461 0.50788254 0.47095479999999995 0.5804798000000001
10 5.9330207e-05 0.48316620000000005 0.52758026 0.5440895 0.64941907
9 5.9267084000000003e-05 0.5181925999999999 0.49247906 0.65555024 0.66512096
4 5.8129197000000004e-05 0.55037105 0.49854666 0.69924515 0.68702763
10 5.8106634e-05 0.9126809000000001 0.90241295 0.9706773000000001 1.0
4 5.7988516e-05 0.9244549999999999 0.9069006 1.0 0.9920386999999998
10 5.7098330000000004e-05 0.87795156 0.8113176999999999 0.9832183000000001 1.0
8 5.6983597e-05 0.48987967 0.50923187 0.5634292 0.55654275
11 5.688835e-05 0.02667439 0.45938957 0.055222265 0.5168427999999999
10 5.682879e-05 0.5314173000000001 0.46188462 0.6483234 0.62656623
7 5.6314530000000006e-05 0.41528702 0.5443869 0.5406685999999999 0.6326544
13 5.6025124999999995e-05 0.52376467 0.52538556 0.5914216 0.64164144
8 5.5446366e-05 0.17250710000000002 0.30380609999999997 0.6221233 0.9676107
1 5.5209093e-05 0.87482905 0.9514200999999999 0.97776943 1.0
8 5.4367385e-05 0.5174953 0.5176033 0.6110627 0.6085772
9 5.4333927000000006e-05 0.5664799 0.55598027 0.7000408 0.70310414
9 5.3727093000000004e-05 0.8927401 0.9251753 0.9811586999999999 0.9853928
13 5.3466993e-05 0.50583893 0.5439684 0.607432 0.63075435
3 5.1865470000000005e-05 0.8696658000000002 0.83371544 1.0 0.99097335
12 5.1092646999999995e-05 0.47420746 0.52652305 0.54625404 0.6230116
8 5.0399844999999994e-05 0.49436179999999996 0.52570254 0.59858036 0.59211195
7 5.0177205000000005e-05 0.45172164 0.5274601 0.5405363000000001 0.6523481
4 5.0096012e-05 0.5385532 0.48082337 0.730079 0.6033014
1 4.881798e-05 0.33424252 0.49764135 0.48676959999999997 0.6385991
9 4.8486225000000005e-05 0.35024428 0.5453312 0.5634019 0.6600331
10 4.8395308e-05 0.4720455 0.5486541 0.5595581000000001 0.627675
13 4.821710999999999e-05 0.2956237 0.52370924 0.6868847 0.74488306
10 4.6702735000000005e-05 0.67132264 0.47614732 0.81074965 0.65279365
4 4.6332040000000006e-05 0.8519752 0.8971627000000001 1.0 0.99574566
8 4.5877998e-05 0.7318315 0.84514093 0.9477699 1.0
13 4.5733585000000004e-05 0.37871376 0.5596777 0.6187194 0.66570634
7 4.5463054e-05 0.53210473 0.47202617 0.72057647 0.7395689000000001
2 4.5206467000000005e-05 0.38711578 0.44684678 0.54236615 0.63451207
