3 0.99983776 0.009712014 0.33238438 0.12203196 0.4887182
3 0.99948394 0.15989 0.3510447 0.31786504 0.53228873
3 0.9854440000000001 0.39770633 0.37893644 0.4635911 0.46998325
3 0.16686675 0.33125204 0.40237945 0.37038952 0.44481304
8 0.086728945 0.39668062 0.39136463 0.45868483 0.4692728
8 0.009068016 0.1759795 0.34307685 0.32609296 0.5325601
8 0.0069168624 0.32700166 0.39008248 0.3780845 0.4484375
13 0.0037386701 0.37917516 0.41755366 0.47765538 0.46541744
13 0.003702103 0.1623703 0.37224737 0.36800316 0.53660846
3 0.0035230443 0.64742416 0.25655225 0.70000833 0.31515390000000004
13 0.0033436918 0.38549265 0.39227957 0.48386629999999997 0.459772
13 0.0033189352000000004 0.37085325 0.40249375 0.45943636 0.45729790000000003
13 0.0027799932 0.19559455 0.37949702 0.34517527 0.5915698
8 0.0027495543 0.39515552 0.3749774 0.45303276 0.44384906
5 0.0024645776 0.34687155 0.4010586 0.46435708 0.4521028
8 0.0023872054 0.0 0.26503956 0.13982339 0.5296012
7 0.0023523488 0.36317214 0.38176677 0.44995663 0.46555606
11 0.0021879554000000002 0.39207238 0.3930141 0.43603826 0.4559161
13 0.0020122372 0.11804429 0.41564968 0.31746757 0.53207505
6 0.0019732832000000002 0.37803382 0.38976320000000003 0.46042883 0.45144707
13 0.0018256585000000001 0.1666191 0.42586866 0.37328947 0.5578156999999999
1 0.0018244396 0.37076333 0.40408322 0.44304088 0.4538318
7 0.0017943579 0.39628379999999996 0.37514374 0.49091178 0.46499926
8 0.0017716619 0.01020433 0.31040776 0.11131828 0.48975253
13 0.0016528616 0.38121638 0.39621153 0.4456044 0.47741154
3 0.0016370821 0.34462625 0.39875603 0.3877328 0.44497988
2 0.0012885751 0.38150135 0.3867445 0.46565977 0.43730990000000003
7 0.0012807541 0.37656766 0.41307494 0.46301806 0.48460773
5 0.0012374425 0.0639113 0.38218692 0.29684952 0.52857864
13 0.0011993552 0.32813132 0.40343055 0.38463992 0.45448549999999993
2 0.0011170956 0.40956938 0.3822707 0.48765504 0.44222686
9 0.0010999327 0.38355059999999996 0.38504213 0.4569508 0.44270703
5 0.0010503848 0.36410922 0.39632264 0.44203788 0.47456273
3 0.0009782483 0.13925213 0.36738148 0.19974503 0.41912094
7 0.0009688622999999999 0.1861245 0.32267368 0.37334663 0.52003497
12 0.0009507393699999999 0.3913578 0.38772655 0.46096322 0.44389979999999996
1 0.0009181788 0.08394251 0.415509 0.2607518 0.5208161
1 0.0008409580300000001 0.40870157 0.40409198 0.4726031 0.46131456
4 0.00083633413 0.40336952 0.39915959999999995 0.46968505 0.4838941
11 0.0008361454 0.38994256 0.35549647 0.42815020000000004 0.47611850000000006
8 0.00082945253 0.6495675 0.25589913 0.6997776 0.31153178
1 0.0008287767 0.19606116 0.38512087 0.34970525 0.50382435
6 0.00080003735 0.39679235 0.38483843 0.49285495 0.45673266
1 0.00079616916 0.07703754 0.38468516 0.24862638 0.4911346
9 0.0007466367999999999 0.40208584 0.38704464 0.5007057 0.44426033
4 0.0007319233999999999 0.42013666 0.37426123 0.49280519999999994 0.46204579999999995
12 0.00073116954 0.40310693 0.38411027 0.49098569999999997 0.44675505
5 0.000725461 0.36109412 0.4264786 0.47109127 0.4776318
6 0.0007103674000000001 0.13976982 0.39586258 0.3576222 0.56512344
9 0.00069181365 0.40484193 0.41288403 0.48152587 0.46637315
11 0.0006749879700000001 0.13338444 0.35233277 0.24862105 0.534507
5 0.0006542832700000001 0.37294862 0.39871356 0.501027 0.45742294
6 0.0006385539 0.3889303 0.42144626 0.47833452 0.47417226
3 0.000638077 0.17888412 0.35184315 0.29878145 0.4226669
12 0.00062299974 0.19936147 0.33856016 0.3859208 0.49061704
3 0.000598543 0.39805314 0.37327509999999997 0.46093246 0.43375984
4 0.0005935956 0.3884591 0.38058385 0.45427835 0.45234376
10 0.0005910807 0.40007746 0.37725487 0.4854535 0.44714388
9 0.000588959 0.21189822 0.35487490000000005 0.3907972 0.47302178
3 0.0005886542500000001 0.63560486 0.27018854 0.6986898 0.33284852
6 0.00058095413 0.14744507 0.35083935 0.42006016 0.5111127999999999
10 0.00057043956 0.3718227 0.38614756 0.4573534000000001 0.44712478
8 0.0005664206 0.35315117 0.34441456 0.48797974 0.48574272
11 0.0005631714599999999 0.42215744 0.39300233 0.47212997 0.45829430000000004
8 0.0005629628 0.33822528 0.38671097 0.38993904 0.44735426
6 0.00054463104 0.09753488 0.38571924 0.3126474 0.52116245
11 0.00054059294 0.400819 0.39276135 0.4502567 0.45916924
1 0.00052960997 0.38542172 0.40469724 0.46029904 0.46236643
13 0.0005183691 0.6400173000000001 0.25716388 0.699358 0.3170018
13 0.0005097796 0.40122026 0.38032073 0.4710223 0.48082185
7 0.0005086663 0.07763712 0.3358992 0.27755445 0.52678186
5 0.0005046806 0.097021475 0.4089136 0.33744812 0.5689945
13 0.00049638585 0.15549168 0.38283740000000005 0.2930824 0.5734129
7 0.00048632491999999996 0.10749773 0.38612697 0.31219038 0.57885313
3 0.00048228275000000004 0.049151987 0.34137199999999995 0.12392609 0.49592727
11 0.0004791676 0.41109625 0.41200817 0.46364352 0.49490592
13 0.00046107230000000003 0.31679577 0.41120702 0.37126732 0.45315972
1 0.00045884526 0.21350485 0.39804664 0.3387527 0.549128
10 0.00044900057 0.39451918 0.40997612 0.4752055 0.48192638
12 0.00044231367 0.13522315 0.33611766 0.30254369999999997 0.47571874
1 0.00043132482000000005 0.20057517 0.42137155 0.32837140000000004 0.5846666
4 0.00042496607000000003 0.16069832 0.35408548 0.34990522 0.5637646
8 0.00039086462 0.017446801 0.25339213 0.20243512 0.55761397
7 0.00038538067000000003 0.36806577 0.36728078 0.4374267 0.490307
9 0.00037563223 0.18006888 0.39424405 0.33394614 0.5319078
13 0.00037175888 0.0 0.3845544 0.115233995 0.46481633
11 0.00035768704 0.14526598 0.3424159 0.23352824 0.49380356
13 0.00035365907 0.013108768 0.3367963 0.17060450000000002 0.64740086
8 0.00033475723 0.09118971 0.25329876 0.34204954 0.59009236
2 0.00032974835 0.39042616 0.41499382 0.47546053 0.4652840999999999
3 0.00032619605 0.10717502 0.37339318 0.15699264 0.42178467
5 0.00032408162999999997 0.16935296 0.36624166 0.38810098 0.52407026
4 0.00031764348 0.23344679999999998 0.3161634 0.39831772 0.49570328
9 0.00031334284 0.13647081 0.3683936 0.27610677 0.50970894
5 0.00031185406 0.18734357 0.40144559999999996 0.32950726 0.6345876
13 0.00030898082 0.0 0.32201245 0.13925472 0.51046854
12 0.00030406116 0.18219134 0.30078125 0.37416962 0.45916283
7 0.00029748646 0.19664727 0.30488405 0.34301966 0.60892487
2 0.00028351793 0.38656703 0.36199436 0.45040283 0.4440146
1 0.00028015435 0.16587645 0.35669562 0.32156366 0.47530127
7 0.00027412688 0.32034394 0.39361686 0.38491407 0.45911682
12 0.00026660982999999994 0.0053811219999999995 0.26327634 0.14842401 0.41905240000000005
2 0.00026176876 0.21171165 0.31182414 0.36606526 0.47666627
7 0.00025617887 0.009511724000000001 0.27870363 0.15183415 0.47093007
8 0.0002550478 0.03205028 0.38095419999999997 0.24544543 0.92964303
1 0.00025039876 0.19312006 0.43101522 0.36617428 0.53924394
12 0.00024997676 0.21323976 0.3549888 0.34376886 0.54433376
11 0.00024611150000000004 0.19095458 0.38566408 0.3061142 0.57114875
7 0.00023023047999999998 0.40555704 0.35080653 0.47290838 0.48966882
9 0.00022920044 0.21108627 0.31023988 0.31678182 0.49148363
4 0.00022820377 0.21837364 0.31558022 0.33348966 0.57920307
11 0.00022531972999999999 0.32667932 0.3878051 0.36035278 0.44635323
5 0.00022411424999999998 0.31358308 0.4091026 0.38792878 0.45142394
9 0.00020608425 0.3863692 0.38147600000000004 0.43665305 0.46674296
11 0.00020463142 0.14527839999999997 0.35977218 0.27673176 0.5706149
1 0.00020350757 0.32602802 0.40849656 0.37652543 0.44567454
9 0.00020254792 0.23082736 0.39094907 0.33517423 0.5516828
8 0.00020194849999999998 0.15274027 0.33322470000000004 0.28755665 0.511417
13 0.00020092147 0.1716966 0.42810214 0.30765137 0.61037827
13 0.00020047215 0.0 0.38729227 0.16590226 0.5285352
6 0.00019825666 0.17301592 0.42565498 0.361962 0.61056954
1 0.00019734888 0.30820522 0.40420043 0.36299375 0.44125736
8 0.00019428006999999998 0.6336064 0.27211526 0.69381624 0.32347086
1 0.00019322543999999997 0.13884856 0.43629465 0.3124138 0.5527526
12 0.00018330065 0.40731147 0.40690544 0.48424885 0.46243477
7 0.00018218328 0.30342040000000003 0.3947992 0.36562273 0.45967227
8 0.00018160723000000003 0.0057152435 0.37261215 0.08205817 0.47405562
12 0.00018000325 0.38792309999999997 0.3759143 0.44647583 0.45758477
9 0.0001791998 0.24456227 0.36504486 0.35653442 0.5259359
4 0.00017885762 0.24251805 0.29860207 0.36077243 0.557293
2 0.00017696894000000002 0.20783302 0.33482698 0.31984386 0.5674425999999999
1 0.00017461755 0.3914985 0.4298083 0.45696205 0.47396229999999995
11 0.00017449008000000002 0.34508598 0.38909256 0.37963563 0.44599864
9 0.00016977778999999999 0.15678465 0.33980983 0.3201969 0.46591762
5 0.00016913006999999997 0.12568942 0.36161736 0.28400879999999995 0.5470041
6 0.00016372843999999998 0.30743200000000004 0.39906149999999996 0.40974224 0.44682150000000004
10 0.00016047175 0.22933789999999998 0.31034312 0.36805275 0.48923469999999997
2 0.00015920558 0.12826213 0.32150578 0.31318447 0.43700692
8 0.00015570961 0.5554234 0.2700737 0.8184773 0.8914946
2 0.0001546666 0.13269451 0.35044998 0.31052986 0.47318992
9 0.00015229761999999998 0.41739777 0.37838814 0.47911254 0.45185596
12 0.0001518401 0.18306524 0.29264697 0.30905390000000005 0.49348329999999996
5 0.00015125117 0.29878720000000003 0.40516162 0.37057295 0.45010287
9 0.00014857468 0.21064484 0.40128556 0.38624054 0.52654594
12 0.00014782295 0.16846685 0.38095164 0.3538015 0.5299878
9 0.00014632843 0.024293877000000002 0.3095407 0.16429403 0.44909906
7 0.00014568136000000001 0.13127628 0.30693513 0.31716773 0.5102175999999999
2 0.00014494018 0.33297455 0.39038829999999997 0.39071113 0.43620726
8 0.00013975223999999998 0.14047194 0.36709285 0.18926385 0.41897506
5 0.00013785879 0.15469216 0.40315908 0.38110077 0.5794909
5 0.00013716523000000002 0.39631677 0.39306942 0.48400277 0.48624873
6 0.00013671808 0.13363008 0.3260883 0.3857237 0.47881928
6 0.00013588101 0.00679221 0.37931558 0.11337178 0.45852172
3 0.00013470405 0.0047976524 0.34292236 0.08524647 0.48125255
5 0.00013111618 0.09176375 0.38385677 0.25334144 0.56748587
1 0.0001309451 0.0 0.32737586 0.11247584 0.45050824
6 0.00012801989 0.0 0.2878597 0.15292862 0.4535054
11 0.00012753675 0.42641607 0.36180982 0.46508009999999994 0.47258154
5 0.00012730523 0.15392767 0.39689040000000003 0.29375595 0.61606604
10 0.00012022618000000001 0.0034992918 0.29118127 0.1336047 0.44173690000000004
1 0.000118410906 0.10442967 0.35839468 0.27515522 0.47345975
11 0.00011832024 0.24660468 0.29790664 0.32369316 0.5873792
1 0.00011616907 0.21314701 0.40905490000000005 0.38905850000000003 0.52291775
12 0.000116087875 0.21168917 0.38895646 0.39150822 0.5340398000000001
2 0.00011575526000000001 0.22474536 0.2960455 0.33933404 0.5512701
10 0.00011544578600000001 0.38629532 0.3751196 0.4452383 0.46628928
2 0.00011525063 0.41456893 0.35334763 0.47037086 0.46217206
8 0.0001144953 0.07319027 0.20906587 0.3919316 0.9023450999999999
11 0.00011420626 0.4050198 0.3638642 0.4434565 0.4770469
2 0.000103174425 0.15539773 0.38969440000000005 0.34035164 0.5036874
2 0.00010077436999999999 0.1890519 0.37844676 0.3696724 0.5217311
7 9.946097e-05 0.38686314 0.35297054 0.4537175 0.49584123
11 9.858819e-05 0.2570485 0.3298018 0.34929365 0.49059594
3 9.6879005e-05 0.15968978 0.37517688 0.22893098 0.5116937
8 9.677535e-05 0.11028534 0.37348157 0.15337974 0.41848844
8 9.610774600000001e-05 0.09988458 0.3700369 0.14346063 0.42087179999999996
3 9.597976000000001e-05 0.018994212 0.29295820000000006 0.16476446 0.49383053
13 9.536062e-05 0.38132563 0.37348259999999994 0.4529623 0.44314513
12 9.387726500000001e-05 0.31705013 0.39259520000000003 0.3937482 0.43835378
13 9.314682e-05 0.51158786 0.08407609 0.88006496 1.0
9 9.275710999999999e-05 0.33782288 0.40048438 0.39260079999999997 0.44964817
12 9.0278736e-05 0.40129712 0.3629639 0.47116348 0.41392732
12 8.892219999999999e-05 0.15982407 0.3047925 0.273867 0.5185853
3 8.80592e-05 0.11112695 0.39123765 0.16326955 0.43637612
8 8.769357e-05 0.16035214 0.4438028 0.44479874 0.89171505
13 8.7322376e-05 0.6255606 0.28312325 0.6935851 0.33157659999999994
3 8.4983105e-05 0.54076904 0.27160946 0.8820539000000001 0.9372633
9 8.4499465e-05 0.4040637 0.38032940000000004 0.45505548 0.45813686
11 8.357746e-05 0.16818509 0.27382272 0.25202867 0.5513279999999999
3 8.301656600000001e-05 0.15248092 0.3518421 0.23777838 0.42072570000000004
1 8.129458000000001e-05 0.1596126 0.4376608 0.28967947 0.60838133
2 7.9779056e-05 0.006743706800000001 0.21806648 0.20182753 0.5569432
5 7.9069905e-05 0.0 0.33951715 0.105408154 0.45895216
7 7.844188e-05 0.0 0.26437607 0.18561406 0.68075174
10 7.76921e-05 0.26071575 0.26915768 0.35101065 0.5709688
13 7.761128999999999e-05 0.0 0.35725159999999995 0.09168882 0.45306949999999996
8 7.7485616e-05 0.16932009 0.21371965 0.50777215 0.809484
9 7.728002e-05 0.19439134 0.39672703 0.28711873 0.56788766
10 7.572874e-05 0.33219165 0.38334653 0.3910656 0.44903538
7 7.553628000000001e-05 0.12199309 0.28890356 0.26557115 0.5820114000000001
11 7.5324075e-05 0.25381875 0.36336273 0.37788528 0.5632037
7 7.4993426e-05 0.13693507 0.36140170000000005 0.31068498 0.65183204
1 7.4076575e-05 0.39228526 0.37817544 0.44929615 0.4179981
7 7.329766999999999e-05 0.39907109999999996 0.36515948 0.46272886 0.4287196
9 7.313944000000001e-05 0.40378094 0.37655538 0.47433132 0.42199335
4 7.2823444e-05 0.19461039 0.33315188 0.38567033 0.5384647
10 7.249287599999999e-05 0.20353857 0.29606196 0.3438677 0.46420708
2 7.133420999999999e-05 0.4113535 0.35857859999999997 0.47810504 0.40973252
5 7.1065144e-05 0.08011243 0.35945562 0.32999933 0.47078279999999995
13 7.0262926e-05 0.20668593 0.34290975 0.30630818 0.63599163
7 6.987518e-05 0.17949928 0.25260583 0.31658232 0.5780357
9 6.976084e-05 0.16698088 0.3216062 0.26807606 0.5083097
8 6.957203e-05 0.14169453 0.28034544 0.40043795 0.57565826
5 6.9431306e-05 0.0 0.33414167 0.16333833 0.44554487
2 6.900524e-05 0.20657189 0.29433438 0.38582605 0.43454397
12 6.826632e-05 0.032271467000000005 0.37575006 0.113192685 0.45988290000000004
10 6.7669636e-05 0.4176817 0.34558234 0.47283542 0.46507373
4 6.7573616e-05 0.34343140000000005 0.39023855 0.39097482 0.44971648
4 6.6882596e-05 0.12289357 0.35887614 0.30499935 0.5290165
9 6.653887e-05 0.32527545 0.39852482 0.37227723 0.44971022
3 6.518883e-05 0.24321969 0.3544486 0.3172487 0.52526444
5 6.446033e-05 0.0 0.39939803 0.14973518 0.63432175
13 6.261752400000001e-05 0.029686984 0.38099214 0.11760789 0.48490974
4 6.253763e-05 0.042477705 0.28361788 0.16498291 0.42491080000000003
10 6.219066e-05 0.11324402 0.3774456 0.30555832 0.51744336
7 6.0613000000000004e-05 0.39435932 0.4153164000000001 0.48276338 0.4793094
13 6.0428247e-05 0.0052213483 0.3583495 0.11610287400000001 0.51579374
13 6.0267488000000006e-05 0.091625914 0.36742577 0.27377564 0.5181609
2 6.0036728000000004e-05 0.31760845 0.39121714 0.37847283 0.4331076
11 5.952544e-05 0.26981223 0.28354216 0.34725904 0.54917055
3 5.917071e-05 0.17587954 0.37106687 0.30536947 0.46100098
6 5.6968278e-05 0.16688776 0.3921989 0.44039792 0.5275350000000001
8 5.5827022e-05 0.025879316 0.36532775 0.09690871 0.49240988
3 5.5621472999999995e-05 0.02112101 0.32801467 0.20185564 0.5322808000000001
1 5.4444700000000004e-05 0.074895814 0.3417086 0.24482845 0.44800267
13 5.3908122999999996e-05 0.13685381 0.36926886 0.19818210000000003 0.42986372
10 5.3851287e-05 0.11218643 0.34697956 0.28769705 0.4852709
10 5.3613876e-05 0.0008049644500000001 0.37483355 0.09208046 0.4586781
10 5.235739000000001e-05 0.23063993 0.35701743 0.38041884 0.5636998000000001
11 5.1654217e-05 0.20428903 0.306578 0.28491706 0.62578315
7 5.116944e-05 0.0 0.349487 0.15511897 0.5579576
9 5.0771614e-05 0.23155814 0.37484387 0.41573632 0.49766147
11 5.0570383e-05 0.04554769 0.33107084 0.10415949 0.45137697
1 4.9808420000000004e-05 0.0 0.36519167 0.14152065 0.5900938
13 4.882662999999999e-05 0.10504653 0.37111148 0.16475657 0.42470586
3 4.7883009999999996e-05 0.07132038 0.37413356 0.13265534 0.47213453
8 4.7843837999999995e-05 0.6010566999999999 0.18562283 0.8536618 0.77131206
3 4.780617e-05 0.36655859999999996 0.37071243 0.48389107 0.47243140000000006
3 4.6778227e-05 0.20682333 0.3488155 0.29176345 0.51165175
2 4.568193e-05 0.64840347 0.24168843 0.72147995 0.29762024
13 4.4379030000000005e-05 0.006921798000000001 0.24523486 0.16632049999999998 0.5861390000000001
6 4.4147302e-05 0.39478198 0.37147257 0.46406212 0.42251664
10 4.378967400000001e-05 0.42111298 0.40612102 0.48402520000000004 0.47871260000000004
10 4.3679425e-05 0.14120355 0.37340197 0.34934285 0.5589152
3 4.3385934999999996e-05 0.0059941076000000005 0.32937175 0.09361805 0.39824149999999997
1 4.3149805e-05 0.6435581 0.26600283 0.6972683000000001 0.30559749999999997
11 4.311552e-05 0.18497750000000002 0.34488666 0.25885832 0.47781453
2 4.2666452e-05 0.19018143 0.34874114 0.3505413 0.48961198
11 4.2351396000000005e-05 0.2421262 0.32138649999999996 0.328972 0.47152275
3 4.2198142e-05 0.022210319 0.33031625 0.11389479 0.4085147
3 4.1836287e-05 0.12596501 0.3716802 0.18300883 0.4176472
13 4.1469687999999994e-05 0.007484615 0.3672542 0.09128945 0.47828284
1 4.1276220000000004e-05 0.013007636999999999 0.40068153 0.08775233 0.46472275
5 4.100217e-05 0.0 0.37923917 0.11895198400000001 0.46679422
4 4.040735e-05 0.41343647 0.36695448 0.46352879999999996 0.41999865
8 3.9650542e-05 0.32842994 0.28411824 0.57805836 0.88276887
13 3.9492625e-05 0.013981849 0.2720585 0.123937085 0.6753756999999999
12 3.9322476e-05 0.20357117 0.32008790000000004 0.32494720000000005 0.51385164
12 3.9176837e-05 0.020034414 0.29679766 0.10222636 0.45619163
3 3.9043940000000003e-05 0.20432404 0.36345097 0.32975647 0.48667598
11 3.9013798000000004e-05 0.2205384 0.35656363 0.32667276 0.5347158000000001
13 3.7650843e-05 0.0 0.38989857 0.35331740000000006 1.0
3 3.7636713e-05 0.311526 0.39814812 0.36643678 0.44846994
13 3.7535578e-05 0.3985285 0.37526393 0.467851 0.43620148
4 3.7328909999999995e-05 0.035219766 0.32429358 0.18383414 0.53843606
1 3.6717199999999995e-05 0.0 0.36958587 0.07363145 0.47373182
4 3.643656e-05 0.022515774 0.36042386 0.10599569999999998 0.46212570000000003
11 3.6170575e-05 0.019000503999999998 0.32360306 0.06568162 0.4687907
12 3.5597113e-05 0.6596504 0.24263532 0.7230085999999999 0.29453957
6 3.5476973e-05 0.6424908 0.2579181 0.7239284 0.30931464
8 3.5414843e-05 0.10717924 0.38179994 0.15452535 0.43658695
3 3.5320714e-05 0.38416123 0.38478094 0.44632852 0.45827186
10 3.5132234e-05 0.39498466 0.36568242 0.45733923 0.41699553
8 3.4420059999999997e-05 0.17798626 0.16415387 0.43754005 0.64499503
10 3.4246079999999996e-05 0.31550944 0.38648966 0.37945956 0.44984528
6 3.379912e-05 0.11322326 0.31900242 0.30395058 0.5371977
3 3.3517714e-05 0.24790715 0.37704733 0.3352622 0.46432942
4 3.3221786e-05 0.39633077 0.36575073 0.46715329999999994 0.47819352
7 3.2705804e-05 0.6415565 0.25001985 0.7135445 0.31159005
12 3.267757e-05 0.21779191 0.29912540000000004 0.29818338 0.5668138
11 3.2477740000000005e-05 0.03535095 0.38857698 0.08560637 0.46236548
3 3.217862e-05 0.17487457 0.34612668 0.36407527 0.5687911999999999
3 3.217593e-05 0.016681988000000002 0.37948119999999996 0.10104777 0.4898827
9 3.208433e-05 0.048724234000000005 0.37088346 0.18437354 0.5964456
2 3.1420409999999996e-05 0.03280229 0.26849 0.16428477 0.38962388
13 3.0983156e-05 0.026371434 0.36915863 0.3426863 0.63160723
4 3.0618787000000003e-05 0.42383337 0.39578295 0.47987354 0.48284712
12 3.0517855e-05 0.032209184 0.342681 0.11943662 0.42554158
11 3.0500541e-05 0.2271221 0.27952063 0.2955927 0.48077118
6 3.0423649999999998e-05 0.0 0.38367552 0.20621587 0.542127
