8 0.9877521999999999 0.39203915 0.35790586 0.46350855 0.42542565
3 0.9674924000000001 0.59403616 0.37425749999999997 0.66882175 0.45315045
8 0.22317755 0.5917893 0.38034450000000003 0.68340766 0.4592977
8 0.028295554 0.40833083 0.35653909999999994 0.46946907 0.41081828
3 0.02261528 0.39703736 0.34938633 0.46216598 0.41451782
8 0.017550332 0.37568286 0.35639673 0.44080043 0.40885088
8 0.015941366999999998 0.34237275 0.36389956 0.39137572 0.38797322
8 0.005436464 0.47663656 0.36597475 0.52812856 0.39116493
8 0.005342175 0.83692944 0.40699926 0.8853806999999999 0.4544769
3 0.0045543406 0.5516398 0.36444858 0.60292894 0.40008628
3 0.0039342125 0.47592825 0.36312798 0.5274215 0.3903007
13 0.0037639234000000003 0.58433914 0.3999875 0.6969359 0.45147496
8 0.0035579442 0.38098818 0.36487302 0.43934444 0.42833894
8 0.0025393679 0.55260426 0.36680323 0.5974513000000001 0.3993027
3 0.0025367246 0.8421280000000001 0.41105714 0.88078594 0.45230886
8 0.0024771977 0.4079346 0.34326599999999996 0.4623473 0.37008524
8 0.0023559534 0.45061195 0.36115018 0.51116747 0.3922093
8 0.0020507616 0.42633146 0.66859883 0.49545494 0.7062686
3 0.0020336767 0.34863177 0.3593687 0.3913434 0.39019594
13 0.0018659257999999999 0.56063664 0.4072259 0.66803175 0.44799078
13 0.0015985288 0.5808661999999999 0.38122140000000004 0.68527603 0.44091752
8 0.0014072828 0.34837475 0.33722234 0.4871474 0.45207033
8 0.0014067501 0.9365724 0.36619064 0.99464077 0.42075577
3 0.0013787771 0.4540902 0.35870559999999996 0.5116424 0.39125124
13 0.0013121584 0.59410477 0.392844 0.6801614 0.46926296
13 0.0012549473 0.55562454 0.3866368 0.65855014 0.43826306
13 0.0011691239 0.5945563 0.3704365 0.6507347 0.46398090000000003
8 0.0011654106 0.39425352 0.34409797 0.45077259999999997 0.37330416
9 0.0011097913 0.59470725 0.380949 0.69036996 0.42827827
13 0.001105249 0.35830265 0.35903695 0.47091213 0.39926928
2 0.001088623 0.6012728 0.37326196 0.6890229999999999 0.41645434
9 0.0010798281 0.38120040000000005 0.35261240000000005 0.46470839999999997 0.39791170000000003
7 0.0010069076 0.5599347 0.38908887 0.6688704000000001 0.47022253
7 0.0009968976 0.5923236999999999 0.36486176 0.67963624 0.44064659999999994
3 0.00096701644 0.41113869999999997 0.35134298 0.48153704 0.41041043
5 0.0009620228 0.5321779000000001 0.40843892 0.6930771 0.45806357
13 0.0009591992 0.37164482 0.37431556 0.4977829000000001 0.41818386
6 0.000920951 0.56872374 0.3778343 0.6626247 0.43046309999999993
11 0.00091882166 0.6128891 0.39494205 0.66969585 0.47151843
2 0.0008577459 0.37985640000000004 0.350497 0.4854081 0.39370874
11 0.0008362255000000001 0.59381276 0.39605948 0.65249556 0.46861309999999995
13 0.0008272534500000001 0.39252934 0.34275347 0.49071124 0.41838852
1 0.00076768716 0.5615776 0.38879672 0.64029664 0.43070552
9 0.0007199664999999999 0.5962679 0.39713994 0.6981943 0.45278728
4 0.0007125231 0.4131816 0.35197383 0.48396048 0.40718654
3 0.0007018736999999999 0.53590316 0.38432312 0.59430397 0.41507274
13 0.00068967027 0.8282456 0.4169085999999999 0.8812789000000001 0.4523879
8 0.0006809439 0.49870425 0.36952963 0.54691464 0.39295736
6 0.000676213 0.57274866 0.3983705 0.69732666 0.4577379
12 0.0006553014 0.5865146999999999 0.37320549999999997 0.68645936 0.42360473
7 0.0006389119 0.5661444 0.37324077 0.6571146999999999 0.43785340000000006
8 0.0006375987 0.8336768 0.42153415 0.88628864 0.46782258
5 0.0006301746 0.31148177 0.37014046 0.4778302 0.39417103
3 0.0006172225700000001 0.94272995 0.37479803 0.99274594 0.41623095
8 0.0005972562000000001 0.5470385999999999 0.32963073 0.69974655 0.4736196
4 0.0005969434 0.3938704 0.35375226 0.46022967 0.40285996
9 0.0005946943 0.57894135 0.3813063 0.6619925 0.42960635
13 0.0005733500599999999 0.4758598 0.36077446 0.5338935 0.39415398
4 0.00056530687 0.60645574 0.3707263 0.68530905 0.43075114
1 0.0005624929 0.5803199 0.3940637 0.65894395 0.43580166
4 0.0005597194 0.5947968000000001 0.3847259 0.6915456 0.46589163
11 0.00055891776 0.5936955 0.38643512 0.6326727 0.43502304
3 0.0005564132 0.41951000000000005 0.67367446 0.50542814 0.712421
7 0.00054952817 0.5900876 0.39189845 0.6883658 0.46466255
5 0.00054723927 0.59139454 0.3891072 0.64620477 0.46944842
2 0.0005432553 0.5809425 0.39653093 0.69398993 0.44462296
2 0.00053966517 0.60911286 0.37415937 0.6882515 0.46501338
13 0.0005315235 0.60607153 0.38758865 0.66430146 0.48803946
5 0.00052310893 0.53541106 0.39249918 0.66373855 0.4277938
4 0.0005170765000000001 0.62540597 0.38421738 0.71069676 0.46509185
13 0.0005076368 0.3937512 0.35421909999999995 0.49738157 0.40159792
5 0.00050436385 0.5641583 0.4067603 0.6624854 0.47739030000000005
1 0.00048286832000000003 0.58500427 0.3843109 0.63653016 0.44856706
13 0.00046006904 0.54339635 0.3596101 0.6041576999999999 0.40495104
3 0.00045412927 0.41251293 0.34030378 0.46701303 0.36827263
13 0.0004398956 0.33755055 0.3627886 0.39735684 0.38831964
8 0.00043339055 0.14782228 0.40063444 0.47591376 0.88018453
5 0.00043258732000000003 0.5823563 0.4085809 0.6897523 0.48413306
9 0.00042933645 0.61586446 0.37347075 0.6919112 0.43767783
8 0.00041927839999999995 0.4168782999999999 0.6711451999999999 0.47741717 0.7080191
11 0.00041745347 0.6304866 0.36407903 0.68091047 0.4859937
8 0.00040162227 0.5288185999999999 0.37742627 0.5884636 0.41250384
8 0.00039389537000000005 0.4264088 0.6527284000000001 0.49084842 0.6962964
2 0.00038278714 0.6170803 0.37195665 0.70428056 0.42361695
7 0.00038245282 0.594446 0.37161702 0.6818810000000001 0.48567882
11 0.00037421918 0.6034743 0.35965133 0.6536778 0.49755879999999997
9 0.0003727713 0.5811823 0.39981297 0.6679151 0.4499983
11 0.00036680907999999996 0.39271834 0.35772043 0.43887365 0.41084638
12 0.00035319345999999997 0.37438583 0.35535690000000003 0.470286 0.3952644
7 0.00035064867999999995 0.60547227 0.34316242 0.6801585 0.46476808
5 0.00033410516 0.32037532 0.38726106 0.46679079999999995 0.41972718
7 0.00033177099999999996 0.60987854 0.3705285 0.6978694000000001 0.4325463
11 0.00032692349999999997 0.6405406 0.39582565 0.69484985 0.46678279999999994
1 0.0003180991 0.5473611999999999 0.38357785 0.63061047 0.43893272
13 0.00031276757000000004 0.5652203 0.40501052 0.64876926 0.46729365
11 0.00031144798 0.5863403 0.35218862 0.6279868000000001 0.45508698
5 0.00030778226000000003 0.5430609000000001 0.388439 0.6497073 0.44741976
3 0.00030591775 0.4981885999999999 0.3663134 0.54936856 0.39490482
12 0.00030310777999999997 0.60107416 0.39697668 0.7120294 0.44605893
3 0.00029451360000000003 0.40523297 0.36168279999999997 0.48111963 0.43174812
4 0.0002940566 0.5895604999999999 0.37160432 0.6584276 0.42760068
9 0.0002926806 0.4112331 0.3489536 0.49264055 0.40684673
11 0.00028205 0.60781294 0.38907048 0.64760476 0.43767285
1 0.00027705153 0.6060154000000001 0.392394 0.6810456 0.4315498
5 0.00027567174 0.5870601 0.3997275 0.63994205 0.5040217
1 0.00027268994 0.5633325 0.41246864 0.6448807 0.45471033
13 0.00027224240000000004 0.38156387 0.36708096 0.47341093 0.43174556
12 0.00027220248 0.6098201 0.3783513 0.7036164 0.42615724
10 0.00027150929 0.5817901999999999 0.38849363 0.69204587 0.45901759999999997
12 0.0002703188 0.6010603 0.36296377 0.64359665 0.45445523
1 0.00026224914 0.35754004 0.36326602 0.43963559999999996 0.40221888
10 0.00026150262999999997 0.62008774 0.3872993 0.70271343 0.4553609
10 0.00026015623 0.5669122 0.37746924 0.6569923000000001 0.42455828
3 0.00025975177000000003 0.40021288 0.34128195 0.45355564 0.36985037
13 0.00025931365 0.36160007 0.3732061 0.4553956 0.42945105
6 0.0002573451 0.36634406 0.35907882 0.45929548 0.40484357
5 0.00025237375 0.3239281 0.36737987 0.45522204 0.40886924
4 0.00024924937000000004 0.41896248 0.37202690000000005 0.48615026 0.43625352
11 0.00024496106 0.6125891 0.33369955 0.63965523 0.47616705
9 0.00024231385 0.39242035 0.37421206 0.49660644 0.42467827
5 0.00024217961 0.58707696 0.39003196 0.7015648 0.45607015
11 0.00023978497000000002 0.38507283 0.32658374 0.43018878 0.43573314
1 0.00023734912000000002 0.58104867 0.41415846 0.66467434 0.4597383
7 0.00023086835999999998 0.56806093 0.3699912 0.6631358 0.49755844
2 0.00023085473999999998 0.40789440000000005 0.3198242 0.49394396 0.4267393
9 0.00022689152999999998 0.60329366 0.37453923 0.6439716 0.4627111
7 0.00022624026000000002 0.38794354 0.34400573 0.48081234 0.40768895
10 0.00022512193 0.38088593 0.35075897 0.45136672 0.39268744
11 0.0002132945 0.39088390000000006 0.37508159999999996 0.45275095 0.441968
9 0.00021284472 0.37907702 0.34552762 0.44506374 0.41306424
11 0.00021212812999999998 0.62994236 0.35859922 0.67112404 0.4503179
6 0.00020926273 0.59476566 0.37713924 0.7092728 0.4316268
9 0.00020303612 0.59951955 0.39331350000000004 0.6613401 0.4678934
2 0.00020028361 0.3849328 0.37044063 0.5044704000000001 0.42162496
4 0.00019909484 0.4269476 0.34440672 0.48916042 0.43286413
2 0.00019899629 0.58873945 0.37864000000000003 0.6729423000000001 0.4585625
4 0.00019398339 0.5813938 0.38770637 0.66590744 0.46095230000000004
4 0.00019109453999999998 0.6306055 0.37197474 0.7004166000000001 0.4283889
4 0.00019048927 0.6176602 0.3548446 0.6961433000000001 0.45502982
13 0.00018677468999999996 0.44776714 0.36081815 0.5145867000000001 0.39584938
5 0.00018675505 0.35032440000000004 0.3841001 0.46406806 0.43533266
7 0.00018591213 0.36674670000000004 0.34676838 0.45470592 0.40736392
10 0.00018519098000000002 0.6181300999999999 0.37093753 0.694108 0.42183822
2 0.0001816348 0.6102652 0.34983158 0.68486917 0.44574326
8 0.00018118732 0.54213125 0.37150127 0.59309846 0.41653153
3 0.00017790806 0.38195387 0.3490388 0.44680190000000003 0.40696025
10 0.0001770251 0.3922837 0.34553245 0.47066694 0.39528620000000003
8 0.00017471971 0.5320496 0.39372890000000005 0.874408 0.96836674
1 0.00017380523999999998 0.5966078 0.39390373 0.6722574 0.44999079999999997
8 0.00017283657999999998 0.48911443 0.34786838 0.65252864 0.46736684
7 0.00016264738 0.37174612 0.37133732 0.47034849999999995 0.43259966
6 0.0001604631 0.59736705 0.39492643 0.6986201999999999 0.47934735
12 0.00015865383 0.5777478 0.39658716 0.6752615 0.44594976
4 0.00015843732 0.39584717 0.37467265 0.45953926 0.4334168
11 0.00015782502 0.603662 0.36466977 0.6445444 0.45424357
1 0.00015781628000000001 0.5859941 0.40176243 0.63644856 0.4787291
5 0.00015507666000000002 0.36975676 0.36897746 0.5013181999999999 0.41845435
9 0.00015394011 0.59719414 0.37339157 0.66421264 0.44144459999999996
13 0.00015101825 0.40318102 0.33834797 0.47485790000000005 0.36949974
1 0.00014921358 0.6074432 0.41534385 0.68298537 0.45945690000000006
1 0.00014911516000000002 0.59919584 0.41106665 0.6704355 0.47659399999999996
11 0.00014878942 0.4131153 0.3586795 0.4580264 0.410596
2 0.00014819326000000001 0.8320367000000001 0.40667227 0.9122056000000001 0.44550407
8 0.00014351415000000002 0.20470792 0.22739828 0.77457 0.794718
8 0.00014107542 0.42954957 0.34502940000000004 0.48057896 0.36822940000000004
2 0.0001402361 0.38384858 0.35353485 0.48652829999999997 0.43408185
11 0.00013966816 0.41587466 0.37562868 0.47570774 0.44263723
7 0.00013886536 0.5788959 0.3437487 0.6580461 0.47229979999999994
12 0.00013762361999999998 0.39347595 0.35209954 0.49191549999999995 0.4095594
10 0.00013416761 0.62382287 0.36781377 0.6899801999999999 0.4668035
13 0.00012793059 0.090122566 0.23683444 0.54026437 1.0
13 0.00012718291 0.42132857 0.6716215999999999 0.4961138 0.7120295
7 0.00012605947 0.54978216 0.3592555 0.64032143 0.47137997
12 0.00012502219999999998 0.5944013000000001 0.39179483 0.6921888 0.46038392
8 0.00012427874 0.5589208000000001 0.12805352 0.8828845 0.70093316
1 0.00012253315 0.34453340000000005 0.35940570000000005 0.4289941 0.41220936
10 0.00012091986 0.61041313 0.35343054 0.64644516 0.46274307
12 0.00011933425 0.3864033 0.3730335 0.5039339 0.4157098
5 0.0001169766 0.6035887 0.4144459 0.66262215 0.5125335
13 0.00011419844 0.82596886 0.44013852 0.8838351999999999 0.47245753
8 0.00011319986500000001 0.8685799999999999 0.3610865 0.9174116 0.38822028
9 0.0001129253 0.5797515000000001 0.37385333 0.64164394 0.44930458
9 0.00011234915000000002 0.39599165 0.36943224 0.4684288 0.43598208
8 0.00011233953000000002 0.033630762 0.3479042 0.34008774 0.9326540000000001
8 0.000108308 0.45445803 0.36127838 0.7990347 0.8940773000000001
2 0.00010792043 0.37333196 0.33204836 0.47402763 0.40366858
11 0.00010432947599999999 0.4073506 0.3448933 0.45821372 0.46966615
10 0.00010314555 0.61921763 0.34680608 0.6867034000000001 0.43829322
2 0.00010159691999999999 0.6197564999999999 0.36108986 0.6674541 0.48604307
7 9.918007e-05 0.40711975 0.3276059 0.47976348 0.42496179999999995
7 9.896713e-05 0.5957793 0.33864117 0.6432103 0.48946223
3 9.4452975e-05 0.83849484 0.42506048 0.88381314 0.47084203
10 9.123787e-05 0.39859793 0.36460698 0.48126882 0.42579976
12 9.032473e-05 0.5709569 0.36464724 0.6495274999999999 0.43546972
11 8.920815e-05 0.5854864000000001 0.3493952 0.6398298000000001 0.49502432
5 8.776783000000002e-05 0.57629925 0.39070004 0.71200836 0.43298240000000005
2 8.760283000000001e-05 0.60382557 0.36316550000000003 0.6544718 0.46523163
1 8.652967500000001e-05 0.37831175 0.36603647 0.4564839 0.40652109999999997
3 8.4450796e-05 0.091986924 0.47192222 0.49039352 0.9906367
6 8.190763e-05 0.59075546 0.36413312 0.7015321 0.4484215999999999
8 8.1418046e-05 0.57842237 0.32774445 0.7365676999999999 0.48905945
1 8.129495e-05 0.8203389000000001 0.41712257 0.87923336 0.4465353
2 8.050031e-05 0.55853146 0.35370967 0.62053794 0.38844132
2 7.991992599999999e-05 0.41651794 0.34688559999999996 0.5086991 0.3990161
9 7.856428399999999e-05 0.42251945 0.35735700000000004 0.50629574 0.39816156
9 7.785272e-05 0.6268956 0.40173483 0.6651041999999999 0.48177338
6 7.766247e-05 0.54843944 0.36961859999999996 0.66705036 0.44333717
5 7.6711636e-05 0.5429527 0.40551934 0.6347557 0.47902822
11 7.6117765e-05 0.38460302 0.33267093 0.44092003 0.47160798
6 7.5332166e-05 0.83377576 0.41679353 0.8896423000000001 0.44796845
11 7.521693599999999e-05 0.4312154 0.33537403 0.4784557 0.42973047
11 7.51791e-05 0.63623977 0.33842963 0.6637227 0.49958
11 7.449647e-05 0.6364014 0.37977076 0.68133986 0.43036124
3 7.415009e-05 0.5766806 0.23466495 0.94822234 0.96407187
13 7.412337e-05 0.49238673 0.36237090000000005 0.5513626 0.39548194
6 7.1698225e-05 0.5843221 0.36588976 0.6621519 0.45780492
10 7.023751000000001e-05 0.5781042 0.36321956 0.64942604 0.444647
2 7.013094e-05 0.48024368 0.35431534 0.5524823 0.38985765
6 6.911623000000001e-05 0.38178176 0.38305765 0.48746154 0.43032008
7 6.7635505e-05 0.46525264 0.35680044 0.52778566 0.39544612
13 6.6225824e-05 0.53929776 0.014190165 0.91698486 1.0
10 6.602242500000001e-05 0.6128451 0.36527919999999997 0.6502319000000001 0.5029639
10 6.569754e-05 0.4279629 0.32232708 0.48119989999999996 0.41232234
8 6.447824e-05 0.34535778 0.42352226 0.68386537 0.9122609
3 6.445737e-05 0.41172332 0.46728212 0.83510107 0.98632604
1 6.4308355e-05 0.55095696 0.40446737 0.6293579 0.46639782
4 6.418879e-05 0.39975822 0.36518118 0.46410674 0.45787796
7 6.0241716999999996e-05 0.81585133 0.40512154 0.89575535 0.4571646
3 5.84025e-05 0.42726633 0.6574863000000001 0.50471437 0.6957681
10 5.8324793e-05 0.63323337 0.34667504 0.66832894 0.4880593
8 5.8249242999999995e-05 0.94401497 0.35570999999999997 0.98661137 0.41032192
1 5.7870857e-05 0.46839544 0.36311242 0.5198906 0.3902422
5 5.713885e-05 0.46056435 0.37115076 0.5334189 0.39544636
12 5.6869587e-05 0.5994515 0.38173258 0.64818335 0.4831537
11 5.6412067e-05 0.40379232 0.33708188 0.4484706 0.43865395
7 5.6227727000000004e-05 0.58712786 0.35932657 0.64842564 0.517
4 5.6120967e-05 0.59191823 0.35809585 0.67845917 0.4498906
2 5.548354e-05 0.59198326 0.355373 0.67219514 0.42944953
13 5.43817e-05 0.0 0.20206508 0.34807533 0.97736984
1 5.426848000000001e-05 0.54947793 0.36953366 0.60111624 0.39590433
12 5.3599884000000005e-05 0.36523682 0.34720385 0.4589005 0.40517226
12 5.3484022000000005e-05 0.61343914 0.39776817 0.6665711999999999 0.4804187
13 5.2865852999999996e-05 0.4426521 0.33390359999999997 0.856138 1.0
1 5.259017e-05 0.39252636 0.3666273 0.4670635 0.42218715
4 5.2417847e-05 0.6247983 0.36246999999999996 0.66378343 0.48756227
4 5.2329357e-05 0.44512665 0.35128984 0.49731725 0.40268484
7 5.2323343000000005e-05 0.54872453 0.35741007 0.61561525 0.39795640000000004
8 5.1378800000000003e-05 0.02069374 0.17240049 0.24745849 0.94125754
13 5.1204057e-05 0.8347344999999999 0.41257358 0.89609677 0.45500702
3 4.9307902e-05 0.566462 0.35929313 0.6998333000000001 0.4525384
9 4.9092443e-05 0.48726374 0.36554426 0.5368407 0.39702818
13 4.884488e-05 0.52616274 0.3871425 0.58559006 0.4231386
8 4.8652313000000004e-05 0.08671296 0.12448352 0.38029307 0.66602653
13 4.8119447e-05 0.29753559999999996 0.35680994 0.5294131999999999 0.44882330000000004
2 4.7841855e-05 0.33326778 0.35525668 0.41307414 0.38968778
4 4.7741618e-05 0.39949915 0.34612919999999997 0.46825123 0.42721090000000006
6 4.7194135e-05 0.58439195 0.39897865 0.660644 0.48926225
3 4.6887875e-05 0.520421 0.50808334 0.9422222 1.0
7 4.5157372e-05 0.36968905 0.3482125 0.46012706 0.45372856
9 4.502171e-05 0.6027389 0.39290607 0.6415632 0.49031273
13 4.4516037e-05 0.42313495 0.6529076 0.4884974 0.6936821999999999
2 4.412269e-05 0.6066484999999999 0.34508282 0.6528209 0.43534273
4 4.3505973999999995e-05 0.3841167 0.3440118 0.4446433 0.4196432
10 4.2940774e-05 0.5954771 0.37697026 0.67430234 0.47867712
8 4.2704890000000004e-05 0.48511273 0.13546447 0.84050655 0.88603437
8 4.183594e-05 0.10229452 0.03628979 0.7402908 0.31660727
10 4.1707066000000006e-05 0.39102352 0.33354273 0.44578227 0.40648073
12 4.1266485e-05 0.42012855 0.35467908 0.50125504 0.3961615
5 4.0866034e-05 0.123814486 0.5406476 0.5045117 1.0
8 4.0036368e-05 0.6529010000000001 0.10294554 0.90311307 0.6379876999999999
13 3.9719762e-05 0.3190226 0.30101094 0.7694861 1.0
12 3.9644674e-05 0.8307691999999999 0.40790832 0.9113361999999999 0.43851320000000005
13 3.94271e-05 0.51829404 0.367288 0.7108049 0.47542986
13 3.916004e-05 0.40733016 0.6729684 0.47869742 0.7092059000000001
7 3.8987528e-05 0.6090671 0.36675358 0.662506 0.50828195
9 3.828362e-05 0.3798296 0.37192553 0.4463451 0.4396291
13 3.7997324e-05 0.34476092 0.38234309999999994 0.45096147 0.41454625
13 3.7953352e-05 0.38492087 0.34151345 0.4539705 0.36909708
3 3.7469898e-05 0.56824154 0.18446694 0.94765514 0.6608272
11 3.7099846e-05 0.49066493 0.35925624 0.5281354 0.39586034
13 3.6834740000000004e-05 0.53481567 0.38366136 0.6021163 0.4263165
3 3.659645e-05 0.5685960999999999 0.37765622 0.637608 0.42949846
6 3.6410627e-05 0.35307625 0.35432968 0.45487145 0.41922486
8 3.619193e-05 0.0 0.6995422 0.36184245 0.9833649
7 3.618434e-05 0.35430816 0.33295527 0.43963814 0.43615735
7 3.5567635e-05 0.32349047 0.3561289 0.38237497 0.39546773
8 3.5518920000000004e-05 0.25855657 0.45244595 0.61454296 0.9077881
8 3.4644792e-05 0.56136864 0.3781983 0.6192283000000001 0.42724264
4 3.3735065e-05 0.6033925 0.3547913 0.6523975999999999 0.45955664
5 3.3460820000000005e-05 0.8146908 0.42203630000000003 0.886806 0.45055619999999996
3 3.3170247e-05 0.42750126 0.34038895 0.48357418 0.3673967
3 3.2330079999999996e-05 0.2668768 0.28465435 0.93004376 0.7527516
10 3.2313797e-05 0.43444434 0.3418437 0.49829605 0.39543649999999997
5 3.2270487e-05 0.04828638 0.5643471999999999 0.42140853 0.99414164
8 3.1863925e-05 0.873751 0.3396113 0.9690706 0.4300968
8 3.1859872e-05 0.5959045999999999 0.36673713 0.6610328000000001 0.40254070000000003
6 3.1752246e-05 0.60764915 0.40767556 0.67639047 0.49533948
9 3.1702675e-05 0.8421153 0.41442520000000005 0.9013034 0.4488969
1 3.1471533e-05 0.36399975 0.38572267 0.44166285 0.42232916
13 3.1137984e-05 0.0 0.0 0.24790210000000001 1.0
