3 0.0026390953000000003 0.11825454 0.4850081 0.16215646 0.52225363
3 0.0021706498 0.36245733 0.49167040000000006 0.40407985 0.525359
8 0.0019267183 0.36017966 0.49167746 0.39772266 0.52413255
8 0.000979653 0.11787269 0.47775072 0.16224055 0.5234848
8 0.0008603736 0.37051186 0.4914809 0.40933987 0.5245791
3 0.0006610959 0.3711026 0.49050249999999995 0.41610423 0.52629876
8 0.00039848138 0.3898855 0.49060282 0.42409724 0.52630424
3 0.00037989995 0.3912991 0.49127102 0.42930308 0.52678764
13 0.00033264665000000003 0.35564497 0.48844478 0.40107778 0.5278649000000001
13 0.00026389898 0.11420131 0.48670352 0.16065669 0.5286941999999999
8 0.00023958861 0.40681386 0.49223182 0.44012076 0.5268238000000001
3 0.00016261497999999999 0.40655735 0.49232029999999993 0.44596288 0.52850324
3 0.00015737076000000002 0.35137364 0.49312475 0.39198944 0.52501225
8 0.00014942462 0.42292749999999996 0.06367445 0.8086555999999999 0.31504866
3 0.00014365511000000001 0.10190369 0.46097112 0.15821426 0.5065115
8 0.00013884077 0.69687176 0.30352566 0.9032798000000001 0.9074251
8 0.00013544463 0.34818447 0.49032494 0.38508648 0.5243544
13 0.00011752993999999999 0.39599907 0.0 0.95009923 0.34436068
13 0.00011319352 0.366014 0.48743618 0.4134056 0.5274916999999999
8 9.805132e-05 0.028984562000000002 0.26029800000000003 0.3040812 0.9084530000000001
8 9.1295944e-05 0.10009967 0.4610601 0.14918506 0.50667155
8 8.867075999999999e-05 0.58941966 0.06506532400000001 0.86427647 0.31567898
8 8.2465245e-05 0.61907196 0.5164304 0.8820493 0.9233699000000001
13 8.13522e-05 0.3835461 0.48872858 0.4274844 0.5269857
8 7.882206999999999e-05 0.82217616 0.43792304 0.86363655 0.46341974
8 7.682446e-05 0.07380214 0.05683619 0.60651433 0.32553023
13 7.552385000000001e-05 0.6499235 0.026026373999999998 0.9739391 0.90742326
8 7.23539e-05 0.65458393 0.17807183 0.8918065000000001 0.7136139
8 7.160833e-05 0.21498302 0.07086893 0.72949266 0.31232324
1 6.993271e-05 0.3476695 0.49578279999999997 0.39658037 0.5203787999999999
13 6.7606554e-05 0.0 0.0 0.6590975 0.36518946
13 6.279169e-05 0.83072656 0.42646268 0.88836366 0.4620321
8 6.0857376000000006e-05 0.013713092 0.44801503 0.16695042 0.94379777
13 5.7133082e-05 0.16373923 0.0 0.8696790999999999 0.36734659999999997
13 5.406224e-05 0.13703111 0.32896852 0.51044476 1.0
8 5.23952e-05 0.25324062 0.7076165 0.7781441 0.9652586
8 5.2349726e-05 0.23971885 0.29324502 0.4996022 0.91272163
8 5.2058822e-05 0.14492704 0.50471014 0.42192322 0.92334604
6 4.9116320000000004e-05 0.35180455 0.49270833 0.40882759999999996 0.5221754
13 4.811088e-05 0.8207508 0.42988995 0.874085 0.46222574
7 4.756564500000001e-05 0.35320023 0.48982614 0.39883062 0.5254715999999999
13 4.7089844999999994e-05 0.23887265 0.04265779 0.5796324 1.0
8 4.7049263e-05 0.13236324 0.25785142 0.41027802 0.89403427
13 4.180198e-05 0.34276342 0.49133423 0.38449395 0.52790374
8 4.1647025000000005e-05 0.30466926 0.28517532 0.5611911999999999 0.92043203
8 4.137004e-05 0.0389944 0.042054698 0.2986437 0.3368948
3 4.1303345e-05 0.31295565 0.26078805 0.6385089 0.9451488000000001
3 4.0098497e-05 0.29528967 0.708457 0.9457493 0.9994088
3 3.9942188e-05 0.6800513000000001 0.25113863 0.9561620999999999 0.92230695
13 3.791205e-05 0.027923614 0.035088263 0.35598240000000003 1.0
9 3.7861279999999995e-05 0.3667861 0.49262655 0.40439776 0.5275066999999999
8 3.7074395e-05 0.090362266 0.46013555 0.13727725 0.5001922000000001
13 3.6527847e-05 0.12155822 0.0123198135 0.46767214 1.0
8 3.6367255e-05 0.5113397 0.03426139 0.8347532 0.16173324
8 3.5889814e-05 0.8344216 0.43841735 0.8718391 0.46263865
3 3.4989494e-05 0.06379822 0.31861186 0.36518866 0.983583
3 3.4755103e-05 0.48163682 0.0853318 0.9321249 0.34693003
8 3.4735996e-05 0.5367514 0.19750986 0.81062114 0.79473466
2 3.315222e-05 0.36415267 0.48342250000000003 0.40800673 0.515969
5 3.2268303999999995e-05 0.3462362 0.49847016 0.40219340000000003 0.5217908
13 3.1252133e-05 0.39567757 0.48579913 0.44493127 0.527015
13 3.0376043e-05 0.0 0.0 0.31554222 0.357387
8 3.0191552000000003e-05 0.01899255 0.21428089999999997 0.18547603 0.9548110999999999
8 2.9941490000000004e-05 0.054389194 0.17140663 0.34510654 0.69665766
13 2.9705225e-05 0.47697824 0.0 0.9527889 0.16416589999999998
3 2.9648265e-05 0.54061234 0.23158254 0.8815626 0.8613620000000001
9 2.9146323999999998e-05 0.5347989000000001 0.011201941000000002 0.9643802 0.37884665
3 2.840377e-05 0.5902569000000001 0.510031 0.9428431 0.9568622999999999
3 2.7851529999999998e-05 0.13300169 0.09793696 0.7574590999999999 0.3299933
3 2.7807047e-05 0.15765367 0.5014235 0.49913 0.97253704
13 2.6698544000000002e-05 0.0 0.30561095 0.18046567 0.9998427
8 2.6529632999999998e-05 0.41462319999999997 0.16457273 0.68449706 0.72674125
5 2.6237476000000002e-05 0.04984571 0.42967704 0.33235717 1.0
8 2.6224650000000003e-05 0.0 0.7053723000000001 0.29406136 0.9926153
8 2.5478817e-05 0.023668982 0.015176127 0.26523104 0.1712982
8 2.5051799e-05 0.40536383 0.51221204 0.44011292 0.5413041999999999
3 2.4975713999999997e-05 0.82764506 0.4371170999999999 0.8658688 0.4662464
1 2.4619105e-05 0.10777294 0.4911068 0.15794078 0.5222722
3 2.4501309e-05 0.16862436 0.27084514 0.47148067 0.92434114
13 2.4339357e-05 0.011095613 0.0 0.39561883 0.76982737
8 2.365495e-05 0.63771284 0.03747189 0.88110125 0.1613394
8 2.3578488000000002e-05 0.039667882 0.12231663 0.25657693 0.614937
13 2.3369355e-05 0.0980919 0.4864232 0.14860345 0.52688974
10 2.3326547e-05 0.36864412 0.48586777 0.41080642 0.522201
13 2.317189e-05 0.50075954 0.017379787 0.86839086 0.9115935
2 2.2884498e-05 0.11587405 0.47526532 0.17724714 0.51879275
5 2.2836142e-05 0.1517056 0.4204527 0.44049582 1.0
13 2.2674803e-05 0.30763784 0.6578063 0.9136981 1.0
3 2.237884e-05 0.40577137 0.58679575 0.9318867000000001 0.98549986
3 2.2338507e-05 0.09134629 0.46254858 0.14655946 0.5013121
5 2.2050011e-05 0.26379463 0.42785259999999997 0.55404615 1.0
8 2.1545808e-05 0.37985593 0.27424794 0.6414899000000001 0.9103293
8 2.1467464e-05 0.7862964 0.4579022 0.93365663 0.6877973000000001
13 2.1402293e-05 0.5722267 0.34870133 0.93272334 0.99440515
5 2.1383936e-05 0.07159108 0.111225605 0.6448359 0.31143713
12 2.0428544e-05 0.36005166 0.48600784 0.40912232 0.5197722
13 2.0030971e-05 0.7411156 0.0 0.9805929 0.31440824
8 1.9805913000000002e-05 0.7573472 0.07694708 0.92382574 0.32220584
13 1.978146e-05 0.0 0.0033799214000000003 0.30107632 0.16465970000000002
7 1.9524558e-05 0.09999573 0.48197886 0.16703987 0.5302908000000001
1 1.9463758e-05 0.36065590000000003 0.49431643 0.41052347 0.5196204000000001
8 1.9457304e-05 0.58439386 0.14273717 0.8436805 0.6705607
3 1.8828285e-05 0.050929338 0.25579917 0.32345513 0.81523675
13 1.8493949e-05 0.36547983 0.013815865 0.72256124 1.0
8 1.8489000000000002e-05 0.40359885 0.59711546 0.78231746 0.93975854
8 1.8336781000000002e-05 0.49514020000000003 0.25441697 0.7704965 0.89208007
13 1.6888635999999998e-05 0.055306688 0.007084589499999999 0.48916566 0.17096877
8 1.6430373e-05 0.015268512 0.42238796 0.15007979 0.6804422
8 1.6189677e-05 0.13259737 0.48233378 0.17342313 0.52481115
5 1.6143586e-05 0.5103904 0.11345596 0.9417175999999999 0.32039609999999996
3 1.6025777000000002e-05 0.06168358 0.083489366 0.3803017 0.34415522
8 1.5990379999999997e-05 0.5446075 0.58374155 0.836884 0.93288577
11 1.5990034e-05 0.37022835 0.48909086 0.39384369999999996 0.5233429
8 1.5853868e-05 0.75243443 0.053254906 0.9132604 0.23589587
8 1.5831449e-05 0.03142809 0.15364869 0.21838328 0.78226084
8 1.5515054e-05 0.32610846 0.58047056 0.68975556 0.9310573
1 1.48871e-05 0.37764272 0.49422657 0.42421666 0.51983774
9 1.4630008e-05 0.038425267 0.01416074 0.6624494000000001 0.3942643
5 1.4609332e-05 0.2945969 0.115726955 0.861568 0.3217316
13 1.4486314e-05 0.5634133000000001 0.0 0.9929207 0.5342763
8 1.4411093e-05 0.094983354 0.025192361 0.40864444 0.16591187
13 1.4387140999999999e-05 0.19371170000000001 0.007206115999999999 0.6560325 0.16914622
9 1.4176062999999998e-05 0.28899363 0.016937388 0.8623482 0.39520583
9 1.4135452e-05 0.38318387 0.49329123 0.4218295999999999 0.5263767
3 1.3489772000000001e-05 0.4101705 0.22872798 0.74864334 0.80795586
7 1.3377318e-05 0.38100472 0.48822236 0.43026432 0.52397686
13 1.2923907e-05 0.7368216999999999 0.37428138 0.9768179 0.69855005
6 1.2899328e-05 0.36385396 0.49150276 0.4255354 0.5216177
13 1.2781358e-05 0.29448617 0.31375632 0.6398381 1.0
9 1.2744297999999999e-05 0.72517455 0.061696034000000004 1.0 1.0
7 1.2743261e-05 0.36570036 0.48849472 0.41452765 0.52452403
8 1.2459777e-05 0.42001009999999994 0.49256185 0.45375586 0.52665544
8 1.202454e-05 0.7936111 0.2923259 0.9301710999999999 0.91063815
9 1.1979793999999999e-05 0.39880127 0.49170104 0.43732393 0.52772474
3 1.1876421e-05 0.034711942 0.61693424 0.3533516 1.0
13 1.1872878499999999e-05 0.31753600000000004 0.0059832763 0.77301085 0.16841885
8 1.162548e-05 0.5528946 0.7079241 0.8829421999999999 0.97336406
13 1.1507232e-05 0.32235742 0.0 0.70249045 0.7164782
6 1.1331187e-05 0.1011071 0.49027473 0.18083248 0.5255926
13 1.1021932999999999e-05 0.0 0.653683 0.31713143 1.0
1 1.0836814e-05 0.33286476 0.49451646 0.38036847 0.5179252999999999
8 1.0825304e-05 0.40659928 0.03379249 0.7445961 0.1648329
3 1.0785849e-05 0.025020517000000003 0.52307945 0.19130567 1.0
8 1.0729443000000002e-05 0.16243257 0.19452727 0.4482041 0.76337546
2 1.0586399e-05 0.37718046 0.48019978 0.4214186 0.51701367
3 1.0366059e-05 0.83882517 0.43680388 0.8769366 0.4670497
8 1.0223993e-05 0.21887042 0.030817792000000004 0.54955375 0.16313858
5 1.0216013e-05 0.0067283064 0.108470604 0.30485874 0.30593684
3 1.0156981e-05 0.40561634 0.5157663 0.45282906 0.54795665
13 9.450578e-06 0.0 0.0 0.23370349999999998 0.7991421
8 9.413673e-06 0.42109245 0.44137502 0.6866296 0.9245558
5 9.411103e-06 0.020680338 0.058400165 0.27754194 0.16505146
2 9.389454e-06 0.39142692 0.47942215 0.43872535 0.5153255
12 9.182097e-06 0.5295534000000001 0.0 1.0 0.21707945
13 9.153625e-06 0.762092 0.0020501444 0.98203254 0.8604161
8 9.028646e-06 0.76811373 0.03778851 0.9184562 0.16347112
8 9.003486000000001e-06 0.29214516 0.14033215 0.5720637 0.6935941999999999
9 8.974415e-06 0.13062261 0.48737487 0.17708845 0.5271111999999999
9 8.816274e-06 0.5870611 0.007294318 0.95351845 0.18290924
10 8.624504e-06 0.38557329999999995 0.48216617 0.42671248 0.52324295
5 8.564204e-06 0.35766155 0.49995098 0.41936213 0.52348083
5 8.367288e-06 0.022689998 0.2903376 0.30276582 0.82720226
5 8.353811e-06 0.09743489999999999 0.49395207 0.16475183 0.5255243
13 8.231851000000001e-06 0.4134452 0.503483 0.87953115 1.0
3 8.214371999999999e-06 0.54598194 0.04135672 0.9438668 0.17469595
7 7.989695e-06 0.6336541 0.039363325 1.0 0.8052031999999999
3 7.928397e-06 0.028684257999999997 0.03615796 0.3629165 0.17292614
5 7.849392e-06 0.19459446 0.64229226 0.45409358 1.0
9 7.702132e-06 0.25869632 0.09282105 0.5793738 1.0
9 7.643657e-06 0.037650123 0.04861737 0.37153554 1.0
5 7.633873e-06 0.61458206 0.33225959999999993 0.9385716000000001 0.8720838
3 7.598449000000001e-06 0.13408794 0.48847127 0.17729102 0.5296111
8 7.425329e-06 0.9556273999999999 0.37720463 0.9884710999999999 0.41018638
13 7.3984456e-06 0.09198445 0.4535241 0.15197320000000003 0.5014863
12 7.3558767e-06 0.11978844 0.4790244000000001 0.17945260000000002 0.5140927
9 7.2657745e-06 0.41164449999999997 0.49096096 0.4546651 0.53009075
9 7.245087999999999e-06 0.0 0.008756223 0.3199489 0.38712567
8 7.244388e-06 0.4990272 0.104329534 0.8288308000000001 0.46137318
4 7.135830000000001e-06 0.36959276 0.49082786 0.40504918 0.5216812
3 6.973721000000001e-06 0.59085685 0.7145354 0.9657802 1.0
5 6.951467e-06 0.5433036 0.32870468 0.8614575999999999 0.8991435
5 6.9370412e-06 0.65515965 0.124126405 0.95556265 0.3315639
12 6.803280999999999e-06 0.16232565 0.0 0.9277456000000001 0.22612302
12 6.6914645e-06 0.37344033 0.484897 0.42316097 0.5197367
1 6.6153369999999995e-06 0.0 0.01881426 0.6682123999999999 0.23993494
7 6.585096999999999e-06 0.39863855 0.48944464 0.44557595 0.5227048
5 6.582362000000001e-06 0.6816671999999999 0.3778167 0.9721333000000001 0.94313544
3 6.545322999999999e-06 0.09462528 0.039187862999999996 0.55104274 0.16953975
8 6.499389e-06 0.75210416 0.5034997999999999 0.9150536 0.7546732
7 6.291709e-06 0.33814692 0.49042109999999994 0.38277150000000004 0.52665794
1 6.2436375e-06 0.10989757 0.090934396 0.5568475 0.77099186
8 6.173999e-06 0.48805290000000007 0.14774364 0.7638944000000001 0.6709744000000001
5 6.06062e-06 0.1296204 0.061790798 0.45801213 0.17028615
6 6.0100238e-06 0.33757678 0.49538544 0.39360029999999996 0.5209788
13 5.9855247e-06 0.75136167 0.0 0.9821357 0.15144065
1 5.965043e-06 0.34437585 0.026775393999999998 0.9376359000000001 0.25606599999999996
10 5.962301999999999e-06 0.13320741 0.47388549999999996 0.17653504 0.5334675999999999
3 5.842337e-06 0.032329015 0.33383554 0.21223915 1.0
9 5.7823518e-06 0.0 0.0021908504 0.29938287 0.18668877
11 5.725573400000001e-06 0.12969702 0.48071864 0.16316608 0.52854675
5 5.681384000000001e-06 0.5908679 0.067779586 0.93291855 0.17035872
3 5.658361999999999e-06 0.35344046 0.37872112 0.71684283 0.9267231
4 5.549712e-06 0.12918165 0.48367077 0.16755998 0.52239764
1 5.4882e-06 0.0 0.13448556 0.3563469 0.79983014
1 5.418181e-06 0.0 0.0064923493 0.32009447 0.22966968
12 5.407474999999999e-06 0.7159835 0.0 1.0 0.6270549
1 5.3832587e-06 0.39306232 0.4941523 0.4409429 0.5210653000000001
12 5.3666986e-06 0.28101403 0.0 0.6509881999999999 0.68841535
8 5.362266e-06 0.95166075 0.51732653 0.9849974 0.55971634
5 5.3528742999999996e-06 0.37319103 0.49903578 0.43229259999999997 0.52298534
9 5.0807243e-06 0.15298268 0.037766274 0.4816124 1.0
5 5.0148124e-06 0.26084808 0.6347961999999999 0.532169 1.0
8 4.9529917e-06 0.014164597 0.57303065 0.21291272 1.0
12 4.779034e-06 0.053885132 0.0 0.44247928 0.6918956999999999
5 4.7759377e-06 0.39285055 0.40704709999999994 0.7057885 1.0
3 4.704124400000001e-06 0.22232935 0.04136527 0.69730234 0.17422594
3 4.7015005e-06 0.76566 0.47443998 0.972886 0.7248720999999999
6 4.6868990000000006e-06 0.44552168 0.05902121 0.9966309999999999 0.28956807
5 4.675743e-06 0.022071592999999997 0.6260150999999999 0.16020072 1.0
9 4.6336020000000005e-06 0.06785984 0.0019034079999999999 0.48318064 0.18695231
8 4.63269e-06 0.9478742 0.53732425 0.98312366 0.5768691999999999
13 4.580368e-06 0.6680316 0.0 0.9930699000000001 0.44140816
1 4.5665010000000005e-06 0.61458933 0.11941173 0.9473504 0.7117926
2 4.545051e-06 0.72581047 0.056246045999999994 1.0 0.9306992000000001
1 4.5003626e-06 0.0 0.10677761 0.46485770000000004 0.7489823
5 4.479948e-06 0.5816458000000001 0.41795886 0.8791761999999999 1.0
7 4.4322096e-06 0.40037048 0.0061590047999999994 1.0 0.32076314
7 4.384656e-06 0.15777367 0.08401686 0.6376337 1.0
8 4.375636e-06 0.7511397 0.44939145 0.9215575999999999 0.9762339
9 4.362371e-06 0.44958395 0.009114008 0.8315199000000001 0.18122464
3 4.2089850000000005e-06 0.36252505 0.041884727999999996 0.81091934 0.17338353
1 4.2049974e-06 0.089132875 0.48935866 0.14512612 0.5175808
13 4.2000443e-06 0.28716096 0.0 0.83895147 0.4872223
9 4.1592633999999995e-06 0.5617671999999999 0.055683542 0.8942901 1.0
5 4.1316803e-06 0.41689423 0.29650846 0.74298286 0.82146263
10 4.1115936e-06 0.62896425 0.0 1.0 0.35029382
1 4.106201200000001e-06 0.03825961 0.40204629999999997 0.4631315 0.8609976
3 4.100494e-06 0.7794058 0.10003580000000001 0.9751305 0.3654903
12 4.095191e-06 0.388642 0.4833019 0.43923646 0.51728266
12 4.083306e-06 0.07795282 0.0 0.44438022 0.22973055
11 4.0777245e-06 0.38568085 0.48702347 0.40956187 0.5231412999999999
9 4.0488326e-06 0.23834282 0.00794975 0.6275102 0.18410149
2 3.994202e-06 0.51852375 0.038923778 1.0 0.34478888
13 3.9782058e-06 0.0 0.39071490000000003 0.16329129999999997 0.7149479000000001
4 3.913277e-06 0.63382554 0.052689828 1.0 0.27328969999999997
9 3.8521707e-06 0.35052732 0.49236578 0.38663068 0.52909726
3 3.8182898e-06 0.42178872 0.49295294 0.46572134 0.5291089
5 3.780988e-06 0.29888862 0.06275899 0.62350625 0.17068339999999999
9 3.7263746e-06 0.4524787 0.65278274 1.0 1.0
4 3.7207148999999996e-06 0.38678712 0.48760355 0.42019534 0.5204239
10 3.6675951000000003e-06 0.6179079000000001 0.6006344 1.0 1.0
10 3.6652242999999997e-06 0.40027273 0.48180829999999997 0.44169492 0.5269484999999999
8 3.620984e-06 0.7998124 0.37439916 0.94340616 0.60327154
11 3.4607257999999997e-06 0.39973783 0.48887023 0.4230442 0.52341264
12 3.4330699e-06 0.066365436 0.0 0.4332775 0.11091934
10 3.4240702000000003e-06 0.25347066 0.0 0.8127043 0.32355103
8 3.421713e-06 0.21604092 0.15045296 0.49430805 0.6790797
5 3.390518e-06 0.42760393 0.06510647 0.74665034 0.1704886
12 3.3703145000000002e-06 0.34863567 0.48465636 0.39309174 0.51924694
8 3.346805e-06 0.8931353000000001 0.4924557 0.9693341000000001 0.59523106
2 3.3465506e-06 0.41089076 0.47997215 0.45635134 0.5158272
13 3.3436547000000003e-06 0.5828903 0.6492949 0.94708216 0.9875841000000001
3 3.3422997999999994e-06 0.45043853 0.37565634 0.8384789 0.9477964
8 3.3199196e-06 0.34786314 0.8394855 0.7176383000000001 0.9795681
5 3.287858e-06 0.33166840000000003 0.49916459999999996 0.38364324 0.522336
7 3.2745575000000004e-06 0.0 0.09257123 0.42711967 1.0
8 3.2643313e-06 0.36740175 0.5093460999999999 0.40645614 0.5378586
8 3.182335e-06 0.35351536 0.5089015 0.39209816 0.53718346
3 3.1804343e-06 0.7840411 0.058354612 0.9722913000000001 0.2692394
8 3.1445302000000004e-06 0.69629043 0.11679567 0.89224225 0.46315923
1 3.1394387999999997e-06 0.0 0.0 0.30467552 0.10652733
5 3.1075976000000003e-06 0.502121 0.06620733 0.8295795 0.16958316
6 3.1062818e-06 0.0 0.059952475 0.77256286 0.2577984
13 3.1011400000000005e-06 0.16688411 0.0 0.58105975 0.6926828
2 3.0810781e-06 0.35016698 0.48517293 0.39486128 0.51487654
12 3.0781169999999996e-06 0.17377487 0.0 0.55550647 0.6609769
2 3.0513937999999997e-06 0.09125127 0.10611047 0.40156364 0.9503062
10 3.0251956e-06 0.35279590000000005 0.48892283 0.39376402 0.5210425999999999
4 2.9911464000000002e-06 0.40389228 0.48858058 0.43368405 0.5205057
5 2.982699e-06 0.021037057 0.42817336 0.18603458 1.0
2 2.9657601e-06 0.28230056 0.15044968 0.6092781999999999 0.9654851000000001
8 2.9288362000000003e-06 0.01663497 0.006271588000000001 0.15727401 0.17074645
9 2.9112655e-06 0.80819756 0.006474503299999999 0.9992588 0.37043378
10 2.8924860000000003e-06 0.45525438 0.0006624172000000001 0.9945719999999999 0.33721402
6 2.8902848e-06 0.39761132 0.49208248 0.45257103 0.5213021
5 2.8569240000000004e-06 0.026754215 0.77720845 0.29836315 1.0
5 2.8362342e-06 0.3906698 0.5002246 0.44896850000000005 0.5236586
10 2.8288014e-06 0.79791903 0.0 1.0 1.0
5 2.821454e-06 0.47131990000000007 0.42954275 0.76064575 1.0
4 2.819832e-06 0.77464485 0.17904854 1.0 0.7849265999999999
5 2.7908562999999997e-06 0.39319485 0.76027375 0.89299864 1.0
8 2.7819867e-06 0.0009275972999999999 0.7184309 0.16473813 0.9828919
13 2.760974e-06 0.3781688 0.0 0.80939317 0.6329452
8 2.7499457e-06 0.046192825 0.07806821 0.31860223 0.47336888
5 2.7337112e-06 0.22366206 0.0628044 0.54002625 0.17235376
10 2.6957732000000003e-06 0.08195405 0.0 0.36062109999999997 0.16285405
12 2.6595342e-06 0.6343429 0.0 1.0 0.519174
12 2.6464083e-06 0.19457560000000002 0.28159207 0.567607 0.80295914
8 2.5991676000000002e-06 0.47545704 0.8407916 0.84983087 0.97619027
1 2.5852166e-06 0.4192518 0.11004596 0.8577157 0.6651052
