3 0.99962974 0.0043870807000000005 0.42781124 0.2910787 0.7000246999999999
3 0.9956815 0.8437193999999999 0.46598035 0.9947669 0.63883764
3 0.42265242 0.51173306 0.46904287 0.6588918 0.5591732
3 0.27820736 0.50697833 0.48899966 0.5701911999999999 0.5621771
3 0.06414455 0.84447587 0.473229 0.93150485 0.5883228
3 0.058930135999999994 0.50942206 0.48099867 0.60858333 0.5632335999999999
8 0.03726914 0.5053626 0.4588093 0.68240625 0.5608913000000001
3 0.03140915 0.6657871999999999 0.48658824 0.7126421 0.5285224000000001
3 0.030287996 0.31893468 0.45329040000000004 0.38365823 0.5114863000000001
8 0.013667462 0.8397846999999999 0.47331667 0.9883924000000001 0.6283476
8 0.011557895 0.82846904 0.42482424 1.0 0.6380078
8 0.007910158 0.034633963999999996 0.41041997 0.31126925 0.7231328
3 0.0076391846 0.5232180000000001 0.47796962 0.63576907 0.54656243
3 0.0065984027 0.8177105 0.73150104 0.9636203000000001 0.9557916
3 0.0065387846 0.6068564000000001 0.47974795 0.6785578 0.5340983
8 0.006436417 0.31612146 0.45354837 0.38194728 0.50975454
8 0.0049555087 0.6628878 0.4859986 0.7140229 0.52851707
3 0.0047511603000000005 0.50490564 0.46935648 0.58944064 0.54963195
3 0.004606345 0.46498862 0.4676181 0.5129135 0.52854925
8 0.0043766964 0.4992015 0.48945713 0.56787944 0.5575177
8 0.0042385159999999995 0.45844197 0.46939957 0.5095742 0.5215187
8 0.0026964321999999995 0.5094764 0.49388435 0.59884477 0.55546767
13 0.0022274002 0.8740329 0.49299896 1.0 0.6388752
8 0.0020988318 0.8170036 0.74852777 0.9532309999999999 0.9043296999999999
13 0.0012750966999999999 0.6584045000000001 0.4851946 0.7166422 0.53565556
8 0.0012232544 0.0 0.27061632 0.29722363 0.81747764
1 0.0011360702 0.76746905 0.5026096999999999 0.933491 0.60971546
3 0.0010714432000000001 0.017339148000000002 0.44540159999999995 0.26495513 0.62724936
13 0.0010354947 0.83509463 0.5161707999999999 1.0 0.6609891
13 0.0009477347 0.02190496 0.531291 0.35846817 0.80462044
6 0.000915349 0.83968383 0.51189214 1.0 0.67436445
5 0.0008276662 0.73873955 0.47953690000000004 0.98476046 0.61377037
13 0.000811835 0.49288929 0.49744546 0.5757078 0.55956143
13 0.00069024845 0.7823049 0.5124246 0.9979017 0.6310366
8 0.0006484527 0.79201907 0.41490920000000003 0.9851741 0.67875326
7 0.0006251891 0.7657757 0.44866670000000003 0.9606315000000001 0.6454984
7 0.0006251565 0.81968504 0.43399322 1.0 0.61522734
1 0.0006217467 0.80370146 0.46375462 0.9591659 0.5802010999999999
8 0.0006105012 0.5173031 0.48311025 0.6232227 0.5454743000000001
7 0.0006029102 0.8212702 0.49729356 0.99997807 0.69240385
13 0.0005866758 0.056544088 0.5153702 0.25888252 0.6658014
7 0.0005719462999999999 0.88417876 0.4630428 0.9911734000000001 0.6589909
1 0.00054527115 0.89946765 0.5179859 0.9992879000000001 0.6367055
8 0.00054303545 0.7866628999999999 0.8067968000000001 0.95795304 0.9533884
8 0.0005098737999999999 0.0 0.16931981 0.27488434 0.68151724
3 0.00049342425 0.037715137 0.40570673 0.29536384 0.8231645000000001
12 0.0004852738 0.82100004 0.41782603 1.0 0.55705565
9 0.0004845755 0.8482472 0.45794845 1.0 0.58934575
11 0.00046474667 0.8237146999999999 0.45171654 0.92002434 0.6219821
13 0.00045894613 0.08974889 0.42088230000000004 0.3547171 0.85411125
4 0.00045431557 0.87568706 0.46909362 1.0 0.66767025
13 0.0004165085 0.51105845 0.45365188 0.66732013 0.60112333
13 0.00041130357 0.78121376 0.7528233 0.9588641999999999 0.9111942
3 0.00038310547999999994 0.054766707000000005 0.43680415 0.27476752 0.5825491
12 0.00037177303 0.81121504 0.45359993 0.9929608 0.5840104
9 0.00037103443 0.917118 0.48803404 1.0 0.61184317
4 0.00036718018 0.9185139999999999 0.43553823 1.0 0.6180914000000001
12 0.00034339222 0.9121415999999999 0.50652295 0.9980379999999999 0.61962134
1 0.00032755936 0.8018049 0.5288101 0.966184 0.64024806
7 0.0003239893 0.47912526 0.49712120000000004 0.559554 0.5665220999999999
6 0.00032195437000000004 0.78024715 0.45963925 0.99102443 0.62347305
3 0.0003215128 0.84544116 0.49473745 0.91385347 0.6044463000000001
8 0.00031270034 0.6058816999999999 0.4779755 0.66737175 0.53297144
6 0.0003045197 0.0 0.5514587 0.43656206 0.8194093000000001
10 0.0003000226 0.9121556000000001 0.44648364 0.9977404000000001 0.6266792
1 0.00028285146 0.8959096 0.4920415 0.98617774 0.60772806
7 0.00027857348 0.46376625 0.41890752 0.67780095 0.6096649000000001
8 0.0002748467 0.5952142 0.44164142 0.9037426 0.9872474
13 0.00027225175 0.31063652 0.45223100000000005 0.380162 0.5105428
9 0.0002640785 0.82485944 0.4639135999999999 0.96580666 0.60368717
8 0.00025492915000000004 0.57192826 0.15487242 0.847309 0.6710614
5 0.00025404355 0.7909869 0.51432794 1.0 0.6776386
1 0.0002474001 0.0 0.5501413 0.30611265 0.7917524
8 0.00023801794 0.62829137 0.21040395 0.87111187 0.87864083
8 0.00023680674 0.52719486 0.3203139 0.83781695 0.9512461
5 0.00023343255000000002 0.77259225 0.4744782 1.0 0.57837105
3 0.00023295537 0.8540583 0.46926009999999996 0.95540076 0.5335217
5 0.00023249072999999997 0.4645942 0.49396572 0.67827517 0.59210855
9 0.00023188817000000003 0.8786898000000001 0.51000905 1.0 0.6473151
6 0.00022988244 0.8870508 0.49789944 1.0 0.6541971
3 0.00022535243999999998 0.7931268 0.76333106 0.9983783000000002 1.0
12 0.00022045578 0.9054306000000001 0.46832982 1.0 0.59250474
7 0.00021600392999999996 0.0 0.44238302 0.41055578 0.9228684000000001
11 0.0002112825 0.8642573 0.46498638 0.94930226 0.58804345
1 0.00021096069 0.8536773000000001 0.5482727 0.9827148000000001 0.6504222
2 0.00020978712000000002 0.024836153 0.4342815 0.40765402 0.7264917
4 0.0002038238 0.870859 0.43326590000000004 1.0 0.5680082
7 0.0002004215 0.6446204000000001 0.47597927 0.71190715 0.5384749
8 0.00019761398999999997 0.061083942999999995 0.49598402 0.23717794 0.67749345
2 0.00019229029 0.8141792 0.4326224 1.0 0.5532511
8 0.000191103 0.30000478 0.25420275 0.7083767 0.8564674000000001
3 0.00019058592000000002 0.014982626 0.29170206 0.2696588 0.7310444
12 0.00016394090000000001 0.13135761 0.46938744 0.28166890000000006 0.63439345
12 0.00016251577 0.8704251000000001 0.49289688 1.0 0.6363081
11 0.00016250875 0.54439414 0.41614863 0.6510198 0.5905018
6 0.00016250361000000001 0.11795045 0.49718437 0.3069111 0.6500855
8 0.00016145823999999997 0.49062657 0.12731288 0.77424085 0.5780154000000001
13 0.0001594287 0.45995814 0.47642303 0.5188229999999999 0.5290986999999999
3 0.00015346201 0.84930956 0.4682905 0.9232862 0.5509128000000001
11 0.00015327457 0.890423 0.5028495 0.98409826 0.6903395999999999
2 0.00015104921 0.86698794 0.41604830000000004 1.0 0.5275623
9 0.00014920338 0.5422096 0.46627182 0.6713222 0.5927680999999999
8 0.00014522403999999998 0.44553400000000004 0.4391129 0.7617279 0.89350164
1 0.00014213748 0.64513516 0.48629978 0.7025353 0.5241537000000001
10 0.00013996773000000002 0.81800044 0.43152776 0.9880687 0.565371
3 0.00013885136 0.5471578 0.48782232 0.6443774 0.55911946
11 0.00013757746 0.83649874 0.4808448 0.9520334 0.6490638000000001
12 0.00013732698 0.017374173 0.2793607 0.27948225 0.604479
11 0.00013623259 0.5064952 0.5013698 0.5513913 0.57344747
8 0.00013466379 0.73806965 0.43133944 0.95846486 0.95926696
5 0.00012888023 0.47674185 0.5076742999999999 0.56224793 0.5634159000000001
8 0.00012721877 0.10388142 0.14116248 0.42656229999999995 0.67332715
8 0.00012418193 0.73717386 0.21108805 0.9265296999999999 0.879007
10 0.00012333258999999998 0.8413084999999999 0.48798278 1.0 0.66548556
1 0.00012263938 0.46925873 0.46381700000000003 0.6320458000000001 0.5594872
3 0.000121371726 0.81354856 0.9565848 0.9254079 0.99778384
13 0.00011943483999999999 0.035299547 0.4789795 0.23287582 0.6458683000000001
13 0.00011907158000000001 0.49062037 0.49550697 0.64175296 0.6133579
5 0.000118017066 0.0 0.5287221999999999 0.32018036 0.8509459
5 0.00011741043999999999 0.8717368000000001 0.4945726 1.0 0.66174686
9 0.000117042444 0.035957143 0.40361965 0.24331214 0.6806903
1 0.00011627569 0.10275973 0.512115 0.25289044 0.6462726
1 0.000112363945 0.0 0.40632546 0.21510234 0.60958916
8 0.00011234062 0.0 0.3549785 0.47831327 0.83804214
6 0.00011202318000000001 0.4838148 0.5085649999999999 0.58282614 0.55735546
5 0.00011087933 0.42701253 0.5030662 0.6186547 0.613474
12 0.00010897276000000001 0.13942441 0.51055586 0.2898513 0.6599373000000001
1 0.00010869286 0.048240899999999996 0.5116694 0.36456853 0.75779253
2 0.00010859043999999999 0.90043795 0.4698549 0.9871645 0.6289068
13 0.0001078088 0.82149494 0.42456385 1.0 0.68448585
7 0.00010760793499999999 0.0 0.36932108 0.42303216 0.83829314
8 0.00010478533000000002 0.0127642825 0.32852459999999994 0.19487873 0.8021871
11 0.00010296381 0.67280066 0.47900409 0.7033802 0.5309159000000001
3 0.00010257533000000001 0.5765704 0.47711012 0.6577076 0.5388291000000001
1 0.00010249639999999999 0.14022446 0.5099545999999999 0.28997585 0.63686395
5 0.00010209920599999999 0.021380916 0.47516210000000003 0.46349406 0.82809573
8 0.00010127072000000001 0.36525548 0.46429366 0.66839254 0.8986827
5 0.00010108483 0.094001085 0.51230884 0.37221923 0.8961440999999999
2 0.000100664955 0.82334 0.46337223 1.0 0.5921905
7 9.974632e-05 0.0 0.31663463 0.27003258 0.7466772
4 9.950605e-05 0.82899487 0.4643666 0.98114574 0.6086326
5 9.932964e-05 0.6407761 0.49289940000000004 0.7158746 0.52821994
13 9.9050725e-05 0.0 0.45113257 0.27216965 0.7775232
3 9.615049000000001e-05 0.6428651999999999 0.48230237 0.70972407 0.53384054
12 9.395361999999999e-05 0.8230263000000001 0.48063615 1.0 0.605511
10 9.233916e-05 0.8055384 0.45019543 0.9709686 0.6025345999999999
13 9.206184000000002e-05 0.8534039000000001 0.48876005 0.90212643 0.60501474
8 9.159381999999999e-05 0.43894368 0.18134211 0.73320824 0.7413325
12 9.129519e-05 0.01771599 0.3741134 0.47509292 0.7008619
9 9.007253000000001e-05 0.09757833 0.50923604 0.39233446 0.7741821999999999
13 8.9617184e-05 0.8170389 0.47775790000000007 0.96816266 0.65986305
1 8.854608000000001e-05 0.48701869999999997 0.5174236 0.5507599 0.56035525
4 8.7238164e-05 0.14276561 0.4549593 0.2864846 0.63305956
8 8.655565999999999e-05 0.6670088000000001 0.14660698 0.8923890999999999 0.64363915
3 8.46826e-05 0.85878783 0.46211252 0.9598585 0.6030654999999999
8 8.2743005e-05 0.85793895 0.49106562 0.9072215 0.59093934
7 8.252946e-05 0.006454125 0.32393879999999997 0.32089559999999995 0.9308011999999999
9 8.239786e-05 0.8378288 0.40074736 0.98108107 0.6946784
12 8.067185999999999e-05 0.12536867 0.48497942 0.22324793 0.7087859999999999
11 7.994992500000001e-05 0.92627627 0.4675229 0.9867849 0.623164
8 7.8694524e-05 0.019179322 0.38633397 0.224127 0.6840919
10 7.822261e-05 0.49410024 0.50136745 0.5658165 0.56768084
12 7.817915e-05 0.08315478 0.33371282 0.3840769 0.7399836
8 7.734734e-05 0.055636525 0.46258482 0.19088495 0.6990736999999999
6 7.7303426e-05 0.63999116 0.48522145 0.7264316 0.530012
2 7.713251e-05 0.65834224 0.47374740000000004 0.7236283 0.5163609
1 7.540826e-05 0.77123004 0.45807780000000003 0.93108374 0.56570846
8 7.400301999999999e-05 0.6892712 0.53956854 0.9303248 0.9485494000000001
13 7.2942334e-05 0.31092113 0.0036175272 0.7815924 0.9794617
2 7.240973000000001e-05 0.49304143 0.497542 0.5708522 0.5488057
13 7.2100316e-05 0.52186644 0.47498474 0.62017417 0.5470331
1 7.185081e-05 0.7562346 0.39310855 0.9579168 0.5895852
12 7.163753e-05 0.4575611 0.4243953 0.6870565 0.5562102
3 7.114065999999999e-05 0.007594429000000001 0.43448100000000006 0.21286833 0.5516714
4 7.0873444e-05 0.51619756 0.48516279999999995 0.5779221999999999 0.5724651
4 7.042429e-05 0.4967594 0.49227570000000004 0.5598366 0.5641451
13 7.039976e-05 0.5951989000000001 0.47789472 0.6733323 0.54305774
11 6.965113400000001e-05 0.5220282999999999 0.4991673 0.5725597 0.57492834
5 6.8285764e-05 0.78078943 0.48526332 0.9418325000000001 0.6503831999999999
8 6.793545e-05 0.37570828 0.15817805 0.68245524 0.6699639000000001
9 6.755713000000001e-05 0.12678455 0.46201158 0.44348119999999996 0.71358395
13 6.713715e-05 0.8126026999999999 0.47822157 0.9946957000000001 0.7428458
4 6.664416999999999e-05 0.06534204 0.47068095 0.43972185 0.8253503000000001
2 6.664407e-05 0.85733855 0.5093293 1.0 0.6219359999999999
5 6.639951e-05 0.0 0.44966759999999995 0.30354440000000005 0.66926444
13 6.606665e-05 0.8488179 0.48367438 0.9226183000000001 0.5959885
2 6.5993256e-05 0.52214503 0.41683966 0.6904031 0.5404648
8 6.53529e-05 0.30054975 0.20101565 0.6028345 0.73619384
8 6.476398e-05 0.7240594 0.38839096 0.96353644 0.66311795
8 6.446453000000001e-05 0.27016753 0.45562112 0.5515613 0.9000358
1 6.393537500000001e-05 0.11557753 0.54423946 0.27418885 0.6623104000000001
1 6.3578074e-05 0.7364014 0.7905266 0.91136223 0.9077017
8 6.3547486e-05 0.21876410000000002 0.24341716 0.5229919 0.88633454
2 6.277536e-05 0.9094048 0.43571845 0.9950878000000001 0.6016706999999999
3 6.204944999999999e-05 0.5595169 0.22800031 0.8715533000000001 0.7510359000000001
13 6.193387e-05 0.041054294 0.48773938 0.29205159999999997 0.86630106
4 6.12671e-05 0.13699706 0.42195967 0.49327803 0.77496666
11 6.0433594999999996e-05 0.51269746 0.40260312 0.6373706 0.62324333
8 5.9882060000000004e-05 0.4902595 0.49573115 0.54504365 0.554779
10 5.9007438000000004e-05 0.5091141 0.49191016 0.5789616999999999 0.5699031
9 5.8434645e-05 0.50359577 0.50005555 0.56425864 0.5572176
12 5.8227695000000005e-05 0.32922226 0.4502 0.39260572 0.49440378
4 5.8045654000000007e-05 0.16494538 0.44845742 0.31208575 0.6042311
10 5.7157824e-05 0.5211337 0.4974894 0.5964963000000001 0.55873114
13 5.6934394000000005e-05 0.51666623 0.03149308 0.87380654 0.8076978
1 5.6828438e-05 0.43197852 0.48159143 0.6085344 0.5763179
2 5.647705e-05 0.12136257 0.3244308 0.36975142 0.7302316
8 5.6323009999999997e-05 0.5554252 0.6954696 0.9118367 1.0
4 5.5790227999999996e-05 0.18839914 0.38916448 0.38586742 0.79445064
9 5.5051780000000006e-05 0.5137612 0.49939036 0.5911761999999999 0.55885035
4 5.4715445e-05 0.54647946 0.43790746 0.6931906 0.5812101
1 5.4632987e-05 0.11379174 0.48364285 0.26182 0.6105751
1 5.3752563e-05 0.5029070999999999 0.51726836 0.564725 0.5657114999999999
2 5.368329000000001e-05 0.06727289 0.35213554 0.42290664 0.6758054
7 5.2156409999999995e-05 0.31895977 0.44711336 0.38604093 0.5096516
13 5.1669045e-05 0.5087520000000001 0.46122187 0.580395 0.5688727
7 5.166226e-05 0.08975136 0.51624733 0.26193646 0.6880208000000001
10 5.101365e-05 0.33600968 0.44325653 0.38823563 0.49918723
12 5.0322535e-05 0.14107725 0.4355397 0.3060912 0.5903479
13 5.0256655e-05 0.01683323 0.13539025 0.33446097 1.0
9 5.0114886e-05 0.6713893 0.48317876 0.718036 0.5361056
5 4.9678679999999994e-05 0.76829684 0.52104247 0.9621711 0.74171954
3 4.95879e-05 0.3789729 0.31669200000000003 0.7753897 1.0
12 4.9380909999999994e-05 0.51023805 0.4890656 0.5889274 0.5503744
9 4.76644e-05 0.57100546 0.46158215 0.7149769 0.5819687
3 4.742531e-05 0.48994195 0.48597223 0.8027023 0.9995248
8 4.6817186000000005e-05 0.08499664 0.4585572 0.23077649 0.64745
7 4.6544465e-05 0.3986814 0.45759386 0.6694800999999999 0.64190876
11 4.6252073000000003e-05 0.11885165 0.2852862 0.283028 0.8182971
11 4.566124e-05 0.54065955 0.49109319999999995 0.58993804 0.574978
11 4.502398e-05 0.04724551 0.37365904 0.18514192 0.64879334
8 4.3932592000000005e-05 0.6812959 0.42619672 0.9230715 0.69048333
8 4.3255495e-05 0.24310367 0.14551586 0.53668374 0.6810148
8 4.3175222999999996e-05 0.4935883 0.4742303 0.5539162 0.54181963
2 4.2896390000000004e-05 0.33016184 0.44172874 0.3957478 0.49203379999999997
11 4.2570299999999995e-05 0.08749382 0.38987705 0.3427329 0.8507955
6 4.2180327e-05 0.7855810000000001 0.79234767 0.96296895 0.91131085
1 4.1446165e-05 0.31426874 0.46255016 0.37363579999999996 0.5025112
3 4.1034786000000004e-05 0.056284294000000006 0.27374405 0.38536155 0.70481807
12 4.0985084e-05 0.6517301999999999 0.47512496 0.7259139 0.5208376
1 4.0678642e-05 0.07862433 0.5247074 0.20480794 0.6932548000000001
9 3.9912524e-05 0.13259433 0.44542098 0.32131195 0.7691785
13 3.9886929999999995e-05 0.49998054 0.46854553 0.5945286999999999 0.5450799
7 3.984427e-05 0.10671816 0.49295124 0.29679623 0.66204196
7 3.977822e-05 0.7562468000000001 0.3510313 0.9911972 0.74231327
13 3.9263236e-05 0.52517384 0.30629247 0.8941775 0.9759005
3 3.887855e-05 0.61107475 0.22250637 0.8939243 0.6280195
13 3.8877509999999996e-05 0.020568706000000003 0.4540401 0.26834327 1.0
10 3.8687147e-05 0.5328424 0.40018052 0.6877525999999999 0.6034965
8 3.8535403e-05 0.76310325 0.15718248 0.9370238999999999 0.65501755
1 3.7467034e-05 0.4288262 0.45892159999999993 0.6025659999999999 0.5512454000000001
1 3.679943e-05 0.75876486 0.43182862 0.95433223 0.6528509
3 3.6657086e-05 0.49153054 0.25339115 0.80580187 0.84480906
6 3.61671e-05 0.031137697000000002 0.49995187 0.24791777 0.6298778
13 3.594078e-05 0.42395299999999997 0.27751115 0.7815595000000001 1.0
10 3.4446755e-05 0.5867796999999999 0.38284135 0.7236599 0.5966991999999999
6 3.3719472e-05 0.31434876 0.45430797 0.40580237 0.5001576
11 3.3502634e-05 0.8398117 0.36743551 0.92277694 0.66656977
3 3.3321085e-05 0.1655721 0.23162335 0.47555542 0.7498476
11 3.3173314e-05 0.5931824 0.40341750000000004 0.69661695 0.589125
7 3.3094682e-05 0.74061096 0.7499878000000001 0.9507005 0.94933987
1 3.2259079999999996e-05 0.048271082 0.5117259 0.20534441 0.64678174
3 3.2225333e-05 0.011664681000000001 0.4172251 0.22201318 0.7990586
5 3.2161137e-05 0.014261007 0.59893674 0.19705157 1.0
10 3.1812673e-05 0.66603863 0.46888778 0.72234607 0.5350804
9 3.1806812e-05 0.08682832 0.45851812 0.24848458 0.8018638000000001
9 3.1414693000000004e-05 0.33910102 0.46109158 0.3964919 0.5028560999999999
13 3.1355776e-05 0.77324975 0.79194933 1.0 0.96301365
13 3.1104846e-05 0.12819728 0.03332798 0.48707333 0.8366520000000001
10 3.1090778e-05 0.09047739999999999 0.47246185 0.2391021 0.61816263
11 3.063545e-05 0.85436743 0.27533585 0.97851557 0.70167947
11 3.042687e-05 0.15433508 0.35729972 0.38271844 0.7598876999999999
8 2.9842270000000002e-05 0.024473831 0.4947751 0.17870267 0.67363995
6 2.9679390000000002e-05 0.0 0.35620050000000003 0.28049192 0.6439738
9 2.935842e-05 0.5052109 0.48410222 0.6313390999999999 0.6048259
10 2.9261365999999998e-05 0.10786606 0.4824905 0.25684506 0.6621342
5 2.925913e-05 0.30146740000000005 0.46735644 0.39232185 0.50167465
3 2.9140418e-05 0.56297475 0.4966968 0.8691402 0.9766575000000001
11 2.9100773e-05 0.19765858 0.2518214 0.36018223 0.8152158
13 2.8999351e-05 0.50233746 0.49798536 0.624472 0.5608789000000001
8 2.8826669999999998e-05 0.07757947 0.42102793 0.40538177 0.91098505
2 2.8718563e-05 0.49010503 0.45148805 0.69183624 0.5718420999999999
8 2.8361505000000003e-05 0.5480383000000001 0.49400774 0.62647015 0.55156356
5 2.8194127e-05 0.84858984 0.48265955 0.8955588 0.6110213000000001
2 2.6695587e-05 0.79453605 0.7465965999999999 0.99665016 0.87465376
11 2.6498520000000002e-05 0.87977713 0.48891634 0.9708838 0.6474755999999999
3 2.6415315000000002e-05 0.59504163 0.70717627 0.9498899 1.0
3 2.6318474e-05 0.34576213 0.25409782 0.65318507 0.8621093000000001
11 2.5755261999999997e-05 0.84104264 0.42874625 0.9279723 0.5805735
6 2.560113e-05 0.41547120000000004 0.48605767 0.7016611 0.60253537
9 2.5411553e-05 0.15177065 0.48532987 0.3096638 0.6143566999999999
6 2.4863553000000002e-05 0.45045897 0.43923140000000005 0.72775424 0.5874851
7 2.4859299e-05 0.5013097 0.49259707 0.5975339 0.56493247
4 2.4827305000000002e-05 0.5853036 0.43291855 0.7239222 0.58461237
8 2.4304563e-05 0.15781215 0.37588614 0.47538647 0.8932853999999999
5 2.4302455e-05 0.49271882 0.5092061999999999 0.6040859000000001 0.5651457
13 2.3897948e-05 0.83029675 0.49267155 0.9352224 0.5807127
3 2.3593000000000003e-05 0.09264047 0.43049625 0.31892455 0.72083765
3 2.3480596e-05 0.27108335 0.3402254 0.59303486 0.9917332
12 2.3425266e-05 0.0 0.36034334 0.28346717 0.7222144
