3 0.9839271999999999 0.6255449000000001 0.53012484 0.67534435 0.5784981
8 0.014866407 0.630599 0.52732116 0.6882291 0.5796597
8 0.005761920500000001 0.6220011999999999 0.5194911 0.67428625 0.5697154999999999
8 0.0035015111999999998 0.013781536 0.39372072 0.08339813 0.5066759
13 0.0027410449 0.62850136 0.53686607 0.6930464 0.58770543
3 0.0020723386999999998 0.7440089 0.5205857 0.78469527 0.557543
8 0.0020173855999999998 0.7454729 0.5225498 0.78248775 0.5565707
8 0.0016390285 0.59641373 0.49509585 0.62645626 0.52546227
3 0.0012824606 0.5950595999999999 0.49266225 0.6233261 0.52324045
13 0.0011687194999999999 0.7352556 0.5108341 0.7930716 0.5569299
3 0.0011099627 0.62087756 0.51900804 0.6719925999999999 0.5651646
5 0.0010025629 0.5968729 0.54078496 0.6686380999999999 0.58725107
13 0.0008849814 0.612711 0.5446741 0.6726310999999999 0.58363223
13 0.0007209384 0.589501 0.48950848 0.63331926 0.5240585
11 0.0005349111 0.61927867 0.5260796999999999 0.6580905 0.58982694
13 0.0004448229 0.61502033 0.52194625 0.67621285 0.5722010000000001
3 0.0004432516 0.10535022599999999 0.5710597 0.5266324 0.9676001000000001
7 0.00041752684 0.59827393 0.5302578 0.6658172 0.5954552
8 0.00041481908 0.5323787 0.51029456 0.57272315 0.54381114
3 0.00039905775 0.11651692 0.64904743 0.79841983 0.96764386
8 0.00039267546 0.54415137 0.5124746 0.5818555000000001 0.54346836
7 0.00037156892 0.6256614 0.5269763000000001 0.6981238000000001 0.5920423
1 0.00036115834000000004 0.603344 0.54761875 0.65950006 0.58408976
9 0.0003248673 0.62978107 0.5164715999999999 0.6879154000000001 0.5598988
3 0.00031730297 0.53302455 0.51367325 0.5766220999999999 0.5454233
6 0.00031502216 0.60705245 0.5385736999999999 0.6793965000000001 0.5847788
3 0.00030955824 0.022425182000000002 0.40765217 0.09722193 0.526413
8 0.00030617439999999996 0.071568936 0.5947388000000001 0.46068190000000003 0.9612877000000001
1 0.00030590495 0.6379760999999999 0.5498949000000001 0.6915788 0.58675146
9 0.00026494619999999997 0.62202334 0.5346034000000001 0.67015123 0.57797337
7 0.00026398327000000003 0.61923766 0.5085473 0.6803669 0.5672253
2 0.0002603975 0.63913196 0.5260397 0.7051715000000001 0.57593423
8 0.0002536563 0.06281265 0.43320453 0.106198065 0.4721884
13 0.0002443518 0.071365595 0.50623524 0.49098247 1.0
8 0.00023845161 0.0685049 0.68294734 0.6196883000000001 0.9534159
5 0.00023575734 0.62773734 0.5434055999999999 0.70352966 0.5942996
13 0.00023430652999999999 0.058361052999999996 0.62868994 0.70698917 0.99960655
12 0.00023314290000000002 0.62058884 0.5039529 0.68518406 0.5503531999999999
3 0.0002263199 0.54334277 0.5147286 0.58847255 0.54815125
2 0.00021810848999999997 0.61383814 0.53009814 0.68013996 0.5707334
8 0.00020433040000000002 0.53070503 0.49788532 0.5668201999999999 0.5253248
8 0.000194475 0.012607027 0.42013803 0.041985728 0.4687327
1 0.00019266314999999998 0.61542875 0.5171856 0.6726859000000001 0.5530622
9 0.00018728095 0.64489186 0.5375745 0.711565 0.58117497
8 0.00018682308 0.025760835 0.42870749999999996 0.079681896 0.47491467
4 0.00017809412000000001 0.6536311 0.52562165 0.7055992 0.58882785
12 0.00017367964 0.63539815 0.53108466 0.70567894 0.57504046
3 0.00017193754 0.15328327 0.49245778 0.83918047 0.97634023
6 0.00015299763000000002 0.61906505 0.5407869000000001 0.7204251 0.58767927
8 0.00015138438999999997 0.044711355 0.43199265 0.09224182 0.47489345
13 0.00014841928999999998 0.09216604 0.41404736 0.8248774999999999 1.0
3 0.00014810816 0.53286 0.49470842 0.57000023 0.5266208
10 0.00013100816000000001 0.6538972 0.51763564 0.70365924 0.5894835999999999
8 0.00012833404 0.13678426 0.53557175 0.6715661 0.9383273000000001
8 0.00012690723999999999 0.13347445 0.26378238 0.42208397 0.8993549000000001
9 0.00012592251 0.7536986999999999 0.5166248999999999 0.79807067 0.5573543000000001
9 0.00011252853000000001 0.6333276 0.53350824 0.6915195 0.57940555
10 0.00010593993 0.6256031 0.50717384 0.68286216 0.5555591999999999
3 0.00010322790000000002 0.16206364 0.25443733 0.47249526 0.95418966
1 0.0001001877 0.6181844 0.55039555 0.67463976 0.5908224
11 9.911354600000001e-05 0.6348399 0.5269189999999999 0.67527604 0.59085625
6 9.735883e-05 0.6154124 0.5126755999999999 0.6881674 0.5587465
11 9.556148000000001e-05 0.6582560000000001 0.5267113 0.69791704 0.589458
4 9.387558e-05 0.63794225 0.5094512999999999 0.6854475 0.5553759
11 9.188882e-05 0.6367845 0.5140297 0.66851777 0.5601618
2 9.187541e-05 0.74909335 0.50804543 0.79716295 0.5495183000000001
5 9.147473e-05 0.61564445 0.5259762 0.682042 0.5631142
7 8.8695866e-05 0.738835 0.5107206 0.79174125 0.55467856
12 8.767204400000001e-05 0.6153548000000001 0.5335605 0.6787218 0.57380116
8 8.755568999999999e-05 0.31241095 0.38940522 0.8037602 0.88529634
10 8.665136999999999e-05 0.61517835 0.53080404 0.6772516 0.5850751999999999
4 8.610457e-05 0.6164338 0.53147906 0.67377347 0.5837512
8 8.3558305e-05 0.016057812 0.42825 0.17179570000000002 0.92564315
13 8.206163e-05 0.5262256999999999 0.48782808 0.574018 0.52690375
13 8.131801e-05 0.035108462 0.29394957 0.38546687 1.0
13 7.999243e-05 0.0 0.36623538 0.095221706 0.5168344
8 7.948567e-05 0.010718331000000001 0.29249725 0.26873153 0.90988433
13 7.93398e-05 0.17035505 0.34916556 0.54237866 1.0
2 7.850118e-05 0.59495324 0.4787514 0.64670676 0.5196018
13 7.844863000000001e-05 0.12511106 0.032591924 0.46411735 1.0
1 7.5304066e-05 0.73597646 0.51931894 0.78525555 0.5503735
2 7.474869e-05 0.634625 0.50228065 0.6953712 0.5486905
8 7.420127e-05 0.06879036 0.46128175 0.35732538 0.91094995
1 7.281494000000001e-05 0.5871519000000001 0.49380505 0.62394845 0.51781934
13 7.211603e-05 0.5273818 0.51629585 0.5720203 0.55324996
13 6.841122e-05 0.0 0.22762333 0.22503188 1.0
8 6.631213000000001e-05 0.30506346 0.29421052 0.5944122 0.90929157
8 6.2569554e-05 0.2197384 0.30451313 0.50342906 0.9116118000000001
4 6.215679000000001e-05 0.6294161 0.5287641 0.6944146 0.590324
7 6.185561499999999e-05 0.5802339 0.4827451 0.6354516 0.5257229999999999
8 6.0383950000000007e-05 0.04759629 0.1596033 0.33357929999999997 0.6715808000000001
12 5.9820228e-05 0.7445245 0.50828147 0.79507995 0.54580873
3 5.969963000000001e-05 0.63795793 0.51448196 0.6909598000000001 0.5663606
8 5.8252688e-05 0.6057433000000001 0.4941714 0.6379143 0.5256917
3 5.699249e-05 0.023832812999999998 0.42411235 0.09427248 0.47967622
13 5.4245730000000004e-05 0.22248073 0.032869715 0.59402996 1.0
5 5.2501422000000005e-05 0.73432213 0.5254894 0.7895147 0.5518359
13 5.199141e-05 0.54061896 0.5125898 0.58462316 0.5526214
8 5.0570234e-05 0.014749989 0.69302815 0.30620587 0.995079
8 4.93678e-05 0.020475173 0.42710015 0.051939435 0.46879575
3 4.818468e-05 0.045606963 0.42969608 0.10472987 0.47800422
8 4.7397740000000005e-05 0.19312339 0.49895424 0.4702800999999999 0.9453866
3 4.7384732e-05 0.036583275 0.33960450000000003 0.29432026 0.96327615
3 4.7089291999999995e-05 0.074095115 0.45242825 0.40222275 0.9760515
8 4.6846686e-05 0.5534119000000001 0.32696256 0.8153809000000001 0.9175778
9 4.5615820000000006e-05 0.60178864 0.49170887 0.63995504 0.52756596
8 4.5435074000000004e-05 0.45948228 0.16093723 0.71404195 0.76637256
3 4.4258092999999996e-05 0.31305027 0.3307344 0.8991051999999999 0.8806394000000001
5 4.3279524000000004e-05 0.060575247 0.70978284 0.68161803 1.0
3 4.3167740000000006e-05 0.244054 0.24090827 0.5709965 0.9415445
13 4.2668544e-05 0.2356357 0.24523525 0.9160648000000001 0.9245736999999999
3 3.8732484e-05 0.044301078 0.728889 0.36840743 1.0
3 3.8269784e-05 0.3310035 0.23571545 0.648416 0.95656466
8 3.7256254e-05 0.5828612 0.06457008 0.86429584 0.3138982
8 3.656919e-05 0.60055685 0.51417166 0.639886 0.5494859000000001
13 3.6383393e-05 0.55810934 0.0 0.96713835 0.32403535
10 3.6306967e-05 0.7551285 0.50594544 0.7973262 0.5567107
4 3.6290938e-05 0.75563633 0.51579595 0.79521585 0.55038095
8 3.5609337e-05 0.42602682 0.10246228 0.7757248999999999 0.46358448
13 3.3102555e-05 0.18088499 0.68703204 0.6536305 0.95834166
13 3.233751e-05 0.0 0.0 0.3662725 0.74451643
5 3.195973e-05 0.57828313 0.49565607 0.63652354 0.5200098
8 3.1614974000000004e-05 0.20370759 0.7289736 0.55526716 0.9652290000000001
3 3.0596584e-05 0.031638615 0.29496880000000003 0.20405829 1.0
6 3.0538737e-05 0.7362404 0.51855916 0.8018460000000001 0.5530863
3 3.0278024e-05 0.06492525 0.4323518 0.11828999 0.47880116
8 3.0082985e-05 0.006882735500000001 0.40367782 0.02932572 0.48357058
8 2.952651e-05 0.60147345 0.13633792 0.868554 0.5663965999999999
13 2.9488174e-05 0.37222284 0.0 0.848833 0.5080003
3 2.9447509999999996e-05 0.07393098 0.21343024 0.38556403 0.75253963
8 2.9412373e-05 0.29454818 0.48528332 0.5670173000000001 0.96523464
10 2.9195764e-05 0.6260246 0.52381027 0.6938988 0.5873425999999999
12 2.913588e-05 0.5935819 0.47964359999999995 0.6396704000000001 0.51262915
8 2.8521048e-05 0.6136531 0.5302 0.6587017 0.5790227
13 2.848015e-05 0.007891893 0.6507520999999999 0.31005642 1.0
8 2.7311977000000003e-05 0.6379916 0.036630835 0.8786811 0.16123915
13 2.7290729999999998e-05 0.056705482 0.42679602 0.11392142599999999 0.47051898
5 2.6967496999999997e-05 0.056858897 0.6541564999999999 0.48042262 1.0
8 2.6895363000000002e-05 0.6325433000000001 0.5141029 0.6807071 0.5649358
3 2.638429e-05 0.014040297 0.4235343 0.0493035 0.4791228
8 2.6379432e-05 0.6151141 0.19282639999999998 0.8767246 0.90256256
5 2.6292690000000003e-05 0.09201258400000001 0.35458604 0.38482347 0.97341776
6 2.6257740000000004e-05 0.5864566999999999 0.49332970000000004 0.637 0.52217525
3 2.6014247999999997e-05 0.5483642 0.2506209 0.8645558000000001 0.9477535
1 2.5250963999999997e-05 0.5999534000000001 0.5134929 0.658986 0.54769886
13 2.5177582000000002e-05 0.61185646 0.0 0.9720019 0.160104
5 2.4465031e-05 0.14818433 0.38593957 0.44662568 1.0
8 2.2614671e-05 0.87809825 0.46032470000000003 0.9211339 0.49482253
8 2.1677997e-05 0.59315294 0.5611636999999999 0.8747950000000001 0.96119165
2 2.1359472e-05 0.18333945 0.67302895 0.8336673000000001 0.93819517
13 2.1127438e-05 0.040948793 0.42488325 0.09813918 0.47296578
8 2.0986407e-05 0.5159893 0.4952071 0.553535 0.5236198000000001
3 2.0289102e-05 0.0203922 0.42591467 0.05963335 0.47699612
13 2.0286092e-05 0.53494495 0.025985957999999997 0.87492734 0.9964844
13 2.012352e-05 0.25189477 0.37424606 0.64646035 1.0
13 1.9882378e-05 0.58821976 0.43732694 0.9384754000000001 0.99044925
8 1.9717385e-05 0.55830145 0.14702292 0.798208 0.71778184
6 1.9643707e-05 0.0 0.7113093 0.8333193000000001 0.9478088
13 1.9579631e-05 0.0 0.0 0.3208192 0.34211504
11 1.9483936e-05 0.60501915 0.48864058 0.6280231 0.5235350999999999
10 1.9479558e-05 0.32533909999999994 0.6270716 0.90230465 1.0
8 1.8780536e-05 0.021321934 0.40534166 0.052243818 0.45024055
5 1.8285606e-05 0.08006482 0.58190435 0.3585487 1.0
5 1.8187486e-05 0.023953087999999997 0.44726065 0.24916613 1.0
3 1.7666865e-05 0.25304028 0.6242882 0.6783898 0.9824514999999999
12 1.7493649e-05 0.16808954 0.6232357 0.95342517 0.9121534
13 1.7484305999999998e-05 0.02207958 0.42108333 0.08559668 0.47119528
8 1.7260272e-05 0.042214543 0.039576099999999996 0.31175584 0.34046495
8 1.6208918000000003e-05 0.36604949999999997 0.530712 0.52664715 0.9529030000000001
5 1.5902542e-05 0.018823735 0.35976434 0.17921361 1.0
3 1.5844338e-05 0.6011894 0.49172333 0.6382076999999999 0.52626973
3 1.5747803e-05 0.4874937 0.21360578 0.7987761 0.8493658000000002
7 1.5376307e-05 0.0 0.6463879 0.87381274 1.0
3 1.5275959e-05 0.5946308000000001 0.49928695 0.93798333 1.0
7 1.5239449e-05 0.51321405 0.5115959 0.5700857 0.5554836
3 1.5154436e-05 0.40115850000000003 0.26931936 0.7268041000000001 0.984661
9 1.5103365499999999e-05 0.13933212 0.6304718 0.8284308000000001 1.0
11 1.49062025e-05 0.7613021 0.51741254 0.7855996999999999 0.55371517
9 1.4689268999999999e-05 0.6167038 0.5142339 0.6668411 0.5600069999999999
7 1.4465988e-05 0.6048536999999999 0.5109615 0.65973 0.5651748999999999
13 1.39409385e-05 0.35663873 0.024083677999999997 0.7231619 1.0
1 1.3650487e-05 0.5164478 0.5159444000000001 0.5621151999999999 0.5441050000000001
3 1.3359799000000001e-05 0.5174118 0.49490246 0.55826426 0.524216
13 1.3191537e-05 0.630462 0.5182204 0.6883571999999999 0.5670564
2 1.3126487e-05 0.14312802 0.55678743 0.57700145 0.93748826
10 1.3070998e-05 0.2209991 0.4917125 0.6212158 1.0
5 1.2969685e-05 0.15564594 0.61996585 0.73115444 1.0
8 1.2867021999999999e-05 0.6676524 0.17146699 0.88896173 0.716481
8 1.2674481e-05 0.45903760000000005 0.34409437 0.7401903000000001 0.9769359000000001
13 1.2672909e-05 0.5900698 0.0 0.9518161 0.87892866
7 1.2648938e-05 0.0 0.49227476 0.5946537 1.0
3 1.2647764999999999e-05 0.601329 0.51326096 0.6474802 0.54892147
8 1.2473664e-05 0.7023154 0.3085877 0.91862434 0.99399376
8 1.1963403000000001e-05 0.027435109 0.40714628 0.072755985 0.45190516
10 1.1641749999999999e-05 0.6068145 0.48046526 0.6425837 0.53192806
4 1.1498604e-05 0.6063775 0.49634618 0.63755345 0.522515
5 1.14095055e-05 0.6027083000000001 0.5267808 0.66336364 0.5620536
9 1.1395259e-05 0.1545412 0.53313303 0.55770314 1.0
13 1.1375313000000002e-05 0.5670552 0.0 0.9650291 0.5404542
11 1.1354494999999999e-05 0.6243486999999999 0.50992435 0.65362424 0.5561832
8 1.1340050000000002e-05 0.033034407 0.27286459999999996 0.16641292 0.5278064
8 1.1325186000000001e-05 0.1426084 0.11456636 0.40101522 0.62801176
7 1.1263174e-05 0.52977294 0.513158 0.5862016 0.55410135
13 1.1120896e-05 0.8686273000000001 0.45151952 0.92338324 0.49631476
1 1.1118091e-05 0.0 0.69261986 0.6295488 0.9465106
5 1.1046352e-05 0.26528907 0.42957753 0.5619784000000001 1.0
13 1.10396595e-05 0.5105069999999999 0.49020818 0.55937505 0.5267074
3 1.0429834000000001e-05 0.62290126 0.08886057 0.9468669 0.36450127
5 1.0143367e-05 0.017574608000000002 0.60483193 0.15975150000000002 1.0
13 9.725752e-06 0.56997395 0.64296675 0.94951475 0.9913107
8 9.699904000000001e-06 0.40518636 0.70112723 0.5233948 0.85416794
12 9.524864e-06 0.09014013400000001 0.5087482 0.7030065999999999 0.88290834
5 9.204163999999999e-06 0.04081939 0.24595958 0.34020835 0.70192873
7 9.169936e-06 0.01877734 0.41335067 0.91290843 1.0
5 9.169144e-06 0.33319790000000005 0.43655023 0.6425645000000001 1.0
13 9.081310999999999e-06 0.007937403 0.41351688 0.040932193 0.46497253
3 8.868854e-06 0.48654807 0.14833774 0.89602757 0.5133305
5 8.837661e-06 0.016609326 0.7637823 0.2998789 1.0
8 8.61316e-06 0.0085181445 0.57258654 0.20898217 1.0
3 8.426793e-06 0.373923 0.49855375 0.5574265 1.0
2 8.413454e-06 0.52555615 0.50595456 0.58592695 0.5463892
8 8.350898999999999e-06 0.028435542999999997 0.14339808 0.17983870000000002 0.674412
13 8.19091e-06 0.2084926 0.57726294 0.62031317 0.925183
10 8.0477885e-06 0.6173218 0.5102988 0.66524523 0.5537426999999999
8 7.8563335e-06 0.54652214 0.70562804 0.87292147 0.98428386
3 7.797136e-06 0.58297426 0.69402313 0.94914895 1.0
8 7.678276e-06 0.16250208 0.65432906 0.49657091 0.9318607
5 7.5773573e-06 0.5148590999999999 0.520633 0.5630965 0.5517301
8 7.5201165e-06 0.011480348000000001 0.39898556 0.039230525 0.44996372
13 7.4887657e-06 0.5948275 0.54264253 0.6580151 0.5799076
9 7.217104000000001e-06 0.6740986 0.0 0.98823667 0.38184184
6 7.0895403e-06 0.0 0.6013016999999999 0.6051738 0.93495786
12 7.069136200000001e-06 0.21028095 0.37231440000000005 0.9328378 0.83831817
9 6.914987e-06 0.16052333 0.063956514 0.49151930000000005 1.0
3 6.8787235e-06 0.61729985 0.20731671 0.9404481 0.98825336
9 6.676856e-06 0.53576696 0.48983765 0.577152 0.52832174
9 6.561743199999999e-06 0.25351086 0.41182890000000005 0.9228101999999999 1.0
5 6.5408076e-06 0.5751642 0.43597525 0.8808792999999999 1.0
1 6.537490000000001e-06 0.0 0.48765102 0.731813 0.88827896
13 6.5049289999999995e-06 0.006307699 0.51145846 0.21302631 1.0
3 6.3718280000000005e-06 0.06324735 0.091688685 0.38621458 0.3546739
10 6.262472e-06 0.417133 0.39981222 0.9350704 1.0
12 6.2070967000000006e-06 0.16721894 0.0 0.5560819 0.72138155
1 6.2009435e-06 0.0033585876 0.17278355 0.44369859 0.7930983
8 6.172607000000001e-06 0.24149564 0.6307818000000001 0.58149564 0.9311644
9 5.9890745e-06 0.702094 0.0 0.98379916 0.18189105
5 5.9202530000000005e-06 0.02016808 0.11137494 0.30220598 0.3106793
7 5.8025980000000005e-06 0.13647845 0.22139588 1.0 0.8650631
4 5.7498764000000006e-06 0.21864551 0.68713075 0.8131549 0.9547138000000001
9 5.6641584e-06 0.022865776 0.39212054 0.09463386 0.53219867
3 5.662630400000001e-06 0.6660691999999999 0.038184277999999995 0.9536969999999999 0.1732523
1 5.558714e-06 0.0 0.5689893 0.43186188 0.8934030000000001
7 5.4732686e-06 0.04049939 0.041139606 0.5378271 1.0
1 5.3954045e-06 0.0 0.4086594 0.07902494 0.49774632
9 5.3632166e-06 0.013208210500000001 0.020421993 0.20964253 1.0
10 5.302797e-06 0.41294843 0.6889374 0.77244025 0.97550935
1 5.271935599999999e-06 0.5336522 0.51756537 0.5782676999999999 0.5457673000000001
8 5.1963407e-06 0.3933153 0.12121473 0.67022085 0.68976206
12 5.160462e-06 0.2799816 0.0 0.6448148 0.7510991
1 5.132549e-06 0.0 0.13042258 0.19771598 0.7743232
2 5.109341e-06 0.26240402 0.44399536 0.8882883 0.9609289000000001
13 5.0611742999999994e-06 0.50681853 0.2827475 0.82682014 1.0
9 5.0452945e-06 0.37621874 0.23453690000000002 1.0 1.0
1 5.0115695999999994e-06 0.0 0.38735393 0.372523 0.8798085999999999
10 4.967344e-06 0.26710662 0.004927554000000001 0.5516373 1.0
10 4.885926e-06 0.3215275 0.50484407 0.7164967 0.99491274
3 4.7645176e-06 0.8771211999999999 0.4590369000000001 0.9265578000000001 0.50199014
2 4.7624194e-06 0.54608333 0.50422144 0.59964705 0.5486721999999999
2 4.7216075999999994e-06 0.6210757 0.5048703 0.6803680999999999 0.5442642
5 4.6841074e-06 0.42903888 0.46776447 0.8206309000000002 1.0
3 4.6335836e-06 0.03658005 0.6198663000000001 0.2577846 1.0
2 4.5605293e-06 0.02143759 0.35947967 0.11427492 0.49793023
9 4.5294382e-06 0.27151638 0.089746624 0.5992224 1.0
13 4.450907e-06 0.5889386 0.51709104 0.6486155 0.5539333000000001
13 4.435646599999999e-06 0.0155438185 0.39474398 0.08264529999999999 0.44965299999999997
8 4.4174913e-06 0.047770865 0.054991443 0.23142478 0.4712558
8 4.39833e-06 0.31772503 0.622722 0.5317189999999999 0.9721752
13 4.394397e-06 0.01625076 0.41619143 0.0534944 0.46723464
5 4.3567243e-06 0.0 0.42778862 0.08766449999999999 0.5055967
9 4.350885e-06 0.011009768 0.6439902 0.33230537 1.0
8 4.333370299999999e-06 0.25033838 0.17321725 0.5489045 0.77485704
13 4.313798e-06 0.35158676 0.41950864 0.5723651999999999 1.0
5 4.2322913e-06 0.43923019999999996 0.27723584 0.7739425999999999 0.84966063
13 4.225444599999999e-06 0.08468364 0.0 0.44342709999999996 0.6696632
3 4.196195e-06 0.29065067 0.539246 0.6679516 0.8929796
11 4.189286e-06 0.5406438 0.50986844 0.5680779 0.5550395
3 4.1303897e-06 0.101260245 0.80706793 0.56983805 0.99409425
5 4.0892696e-06 0.28962055 0.46868336 0.94389427 0.8753950999999999
6 4.083929e-06 0.5163936 0.5224715999999999 0.5786858 0.55053633
8 4.0826394e-06 0.06771198 0.8179644 0.38236326 0.9633366
5 4.0501780000000004e-06 0.02337633 0.3243185 0.29861337 0.85292983
13 4.030252e-06 0.0 0.0 0.18722433 0.6877623
13 4.0125274e-06 0.013246543999999999 0.39141290000000006 0.05691713 0.44738743
12 4.0107034e-06 0.09470259 0.0 0.46756947 0.4936063
1 3.9844813e-06 0.52148366 0.49193752 0.56414974 0.51818395
9 3.938162e-06 0.5366989999999999 0.51710594 0.5753465 0.5528305
2 3.921934e-06 0.18433668 0.093769535 0.49799258 0.9265884
8 3.8777985000000004e-06 0.30500920000000004 0.5834446 0.615809 0.87390506
9 3.8550180000000004e-06 0.4848714 0.0 0.8703221999999999 0.5853584
6 3.850749600000001e-06 0.06358513 0.5486622 0.9455795 0.93749464
