3 0.99567324 0.510479 0.38255078 0.8485049000000001 0.74206585
3 0.96498305 0.25132018 0.45947585 0.47809064 0.7545665
3 0.5759585 0.46184200000000003 0.49400413 0.5169289 0.5753735
8 0.48678127 0.4896008 0.4072522 0.8646425 0.80974966
8 0.05113687 0.21392116 0.43449616 0.50504315 0.7998489000000001
8 0.021352831 0.43714812 0.32666028 0.8434913 0.93390137
13 0.016370601999999998 0.17752479999999998 0.5789074000000001 0.52164525 0.8050298
8 0.01616494 0.006586399000000001 0.517803 0.05951565 0.5911592
3 0.014862811 0.24930103 0.44376585 0.48345345 0.60687876
8 0.00932924 0.5248885 0.38221008 0.81537783 0.7039198
8 0.009241354 0.4580651 0.48985136 0.51652706 0.5744594
3 0.007828062 0.007617034 0.49664414 0.07664794 0.6072835
5 0.0078156525 0.32301342 0.47702405 0.80464184 0.7531398
13 0.0075261816 0.50975716 0.5118319 0.9537879000000001 0.78363127
13 0.0050546720000000005 0.22177847 0.49543092 0.60709643 0.82176447
6 0.0042259856 0.09817219 0.53903246 0.5545774 0.8348769
13 0.0038569428 0.3692413 0.48089185 0.83781236 0.7441413
9 0.0034457615 0.5633371 0.5123645 0.8942839 0.7845288
13 0.0033337317999999998 0.44725245 0.5043930999999999 0.5158582 0.5717748
5 0.003305137 0.42945388 0.5106569999999999 0.94976866 0.80360126
5 0.0031295703000000005 0.07504964 0.5259096 0.48921013 0.8504003000000001
9 0.0031292642999999998 0.20584351 0.5138042 0.5165420999999999 0.7758864000000001
4 0.002909053 0.61996573 0.40531537 0.9270683000000001 0.8095106
1 0.0028274523 0.105026886 0.56299996 0.47924024 0.82618314
11 0.0027275714 0.22054608 0.45371535 0.4561714 0.87417287
1 0.0027239670000000003 0.32568365 0.47321445 0.7003531999999999 0.7097861999999999
6 0.00270822 0.46652445 0.5475949999999999 0.9084476 0.8302064
6 0.0026712697 0.39554596 0.49016094 0.8092195 0.7608478
8 0.0026306328 0.48445037 0.20975347 0.8373687 0.78699154
4 0.002624016 0.5589964 0.45603746 0.86921245 0.8450972999999999
11 0.0023571905 0.47011149999999996 0.42560533 0.71082973 0.8148739
1 0.0022612398000000002 0.56185603 0.47202972 0.9034358 0.73428684
1 0.0022475175 0.37166297 0.5346413000000001 0.7299373 0.7567451
7 0.0021435001 0.037606597 0.49460477 0.4834057 0.88935965
7 0.0021049685 0.15455633 0.41435105 0.5484823 0.839081
7 0.0020943037 0.40804526 0.49607354 0.85472655 0.87123895
1 0.0020350309 0.23230088 0.5577557 0.53690195 0.8186135999999999
4 0.0020036942 0.663354 0.3458719 0.9881869000000001 0.7247673000000001
13 0.001975186 0.55305475 0.38737458 0.8979228000000001 1.0
9 0.0018690747 0.6145616 0.40417317 0.97991425 0.66263235
9 0.0018306014000000002 0.27835673 0.46600842 0.6399060999999999 0.71622956
5 0.001776442 0.36725616 0.5162188 0.7253876 1.0
13 0.0017353363 0.47310287 0.4573417 0.8074308000000001 1.0
13 0.0015836853 0.5178161 0.39002645 0.9112411 0.74831355
2 0.0015751667999999999 0.19543485 0.45306972 0.5864054 0.72441983
13 0.0015652027 0.0 0.52232605 0.08036743 0.58568203
1 0.0015574606 0.06996022 0.52944297 0.3968494 0.7710336
7 0.0014371539000000001 0.57465106 0.34482992 0.9289697 0.7681150999999999
9 0.0014034626 0.48597986 0.44229979999999997 0.7745655 0.7453419
1 0.0013430123 0.4550605 0.5170644 0.5161723 0.5674619000000001
7 0.0013103517 0.44882584 0.4955599 0.5356475 0.5734328000000001
7 0.0013019697999999999 0.35695058 0.42423540000000004 0.7430975999999999 0.83337927
11 0.0012901978 0.5954976 0.45196408 0.8513653 0.91697514
12 0.0012768945 0.57978666 0.45749295 0.9779036 0.74483556
11 0.0012300389 0.4481857 0.37576076 0.66132754 0.72839355
6 0.0012109741000000001 0.13227266 0.48859173 0.6992505999999999 0.8045025
5 0.0012034508 0.43878090000000003 0.6006453 0.8092165 1.0
4 0.0012032825 0.21543829999999997 0.47384107 0.53643703 0.85681695
9 0.0011721626 0.20773315 0.4334875 0.46332340000000005 0.6992917
11 0.0011558378 0.6599758000000001 0.44036835 0.89335877 0.84028536
5 0.001145528 0.48212284 0.45641178 1.0 0.75219667
6 0.0011240760000000001 0.32675679999999996 0.45476300000000003 0.8197267 0.6937270999999999
7 0.0010940736 0.4356392 0.3109234 0.8098965 0.6991915
1 0.0010896445 0.3424036 0.4824590999999999 0.6992015 0.93237156
13 0.0010719227000000001 0.12020446 0.51327384 0.481645 0.7892983
5 0.0010692832000000002 0.33741492 0.42063102 0.8289301 0.67075825
2 0.0010378030000000001 0.5389675 0.47135308 0.9216616 0.74177885
6 0.0010265148 0.5119144 0.43008885 1.0 0.7548413
1 0.0010088955999999999 0.3683269 0.38073006 0.7329210999999999 0.6303871
9 0.0009968705000000001 0.5018325 0.35398278 0.8134339 0.6396036999999999
12 0.0009924264 0.5352420999999999 0.2945293 0.96355164 0.59552324
9 0.0009791902 0.55767405 0.42871937 0.8847865 0.7182267
7 0.0009337399 0.091943815 0.39308733 0.4677375 0.7933909
11 0.0009262017999999999 0.51215494 0.13008189 0.7406478 1.0
4 0.0009053004300000001 0.32880783 0.39766628 0.66422766 0.84080034
12 0.0009010664 0.21927725 0.44929752 0.6133933000000001 0.727747
2 0.0008901264 0.57899797 0.1949386 0.9121443000000001 1.0
7 0.0008834827 0.4107483 0.15832801 0.8519539 1.0
1 0.0008787703999999999 0.49940953 0.5098332999999999 0.81734645 0.95153123
5 0.0008737087 0.11745828400000001 0.45977205 0.5752719000000001 0.76309854
6 0.0008495962 0.45250344 0.5035452 0.54377556 0.56705135
11 0.00083401013 0.16288078 0.42915422 0.37050492 0.84131235
1 0.000810993 0.49733472 0.40727895 0.83392954 0.6454626
1 0.0007964350500000001 0.47180086 0.55665183 0.82352906 0.8010231
10 0.00076563016 0.58446896 0.41852749999999994 0.9160148000000001 0.79712635
8 0.00076041295 0.11490461 0.33394605 0.5347475 0.9146447
12 0.0007266625 0.49149835 0.4316981 0.81820214 0.72855127
9 0.00072030537 0.57124484 0.46858293 0.8109739 0.9643745000000001
9 0.0007140651600000001 0.52487814 0.48210534 0.75316834 1.0
1 0.0006923983 0.071918756 0.43150735 0.4312577 0.67799115
6 0.0006882335300000001 0.07108115 0.4708277 0.49711590000000005 0.76650155
2 0.0006827609599999999 0.42371905 0.436216 0.8120710999999999 0.68263763
5 0.00068142504 0.18128347 0.50722575 0.62981313 0.8132906999999999
2 0.00067052746 0.59251714 0.35282937 0.9361794 0.6713375
2 0.0006572911 0.44822586 0.29486993 0.8416114 0.9268846
9 0.00064062746 0.6394774000000001 0.31675485 0.85369897 0.63397735
8 0.00063324755 0.2689821 0.41296786 0.61216366 0.94923514
11 0.0006259831 0.2164489 0.42756933 0.40233612 0.799201
9 0.0006095601999999999 0.61657727 0.488001 0.8928393 0.9308735
9 0.000608582 0.44690216 0.38076177 0.73937476 0.7075600999999999
10 0.0006018510299999999 0.6315062 0.31787273 0.9342625 0.66570055
2 0.0006003244 0.46443915 0.49352467 0.5375763000000001 0.5472083999999999
4 0.00057939976 0.45486745 0.4334857 0.79034567 0.77672833
12 0.0005656891999999999 0.48972879999999996 0.24327672 0.9096084999999999 0.54683614
4 0.00055930164 0.6289475999999999 0.30653155 0.95714664 0.6071659
3 0.0005447207 0.417446 0.39292562 0.86376584 0.8973134
10 0.0005420757 0.51115584 0.49033454 0.8862190000000001 0.8387665000000001
9 0.0005185599 0.27004555 0.5266295999999999 0.6357181 0.7851063
7 0.0005136852 0.006478544300000001 0.52804244 0.073338866 0.59057575
8 0.0005077330999999999 0.42150205 0.44743207 0.7294366999999999 0.77918565
2 0.0005009308 0.39784655 0.37138757 0.8243195 0.6157479
12 0.00049325544 0.46318990000000004 0.49069867 0.5372154 0.5519765
2 0.00048189113 0.20522198 0.3855119 0.5689515 0.64464194
11 0.0004774803 0.5698845 0.15015021 0.8117866 1.0
1 0.00046861486 0.6006315 0.51751786 0.95659745 0.76202023
12 0.00046717888 0.48403722 0.36364305 0.84134096 0.6478164000000001
11 0.00046063019999999997 0.2779281 0.4439001 0.4580844 0.7700547
11 0.0004373321 0.33435348 0.42850512 0.53724587 0.7968670999999999
12 0.00043354419999999997 0.60565966 0.291642 0.8537013000000001 0.67598605
11 0.00042628942000000005 0.67388237 0.36252832 0.88789237 0.7037533
8 0.00041159257000000007 0.081698164 0.45337170000000004 0.37787676 0.9062848
9 0.00040991879999999995 0.5458428000000001 0.14795439 0.8093347 0.7612613
10 0.00040179785000000003 0.45740932 0.49455297 0.53419405 0.5624611999999999
3 0.00039640377999999995 0.56467295 0.381092 0.8168148000000001 0.53541446
10 0.00039181858 0.011016518000000001 0.5228735999999999 0.07544917599999999 0.59052527
6 0.00038445193999999994 0.39549243 0.36612649999999997 0.8438233 0.6566286
12 0.00038075505 0.49162236 0.30307 0.92700624 0.85822076
13 0.00036504856 0.40714398 0.55498546 0.8398261999999999 0.7924319000000001
10 0.0003640916 0.4292304 0.45616382 0.8268015 0.76493025
11 0.00036132382000000007 0.66647834 0.069936894 0.905942 1.0
4 0.00036018347999999996 0.46928906 0.49254426 0.52849936 0.56605494
9 0.00034849477 0.46308115 0.506495 0.5362561 0.5632713
4 0.00034810166 0.65522206 0.35741213 0.9305996999999999 1.0
4 0.00034667220000000003 0.028072199 0.5195986 0.08026939 0.5930288
6 0.00032789458 0.00972731 0.5321983 0.08502072 0.58743304
9 0.00032407 0.616111 0.45961687 1.0 0.7270711
13 0.00030025747000000003 0.24894203 0.516962 0.44316775 0.6810794
3 0.00029802267000000003 0.54555464 0.25092798 0.8615110999999999 0.7124691
13 0.00028979057 0.21158053 0.47482392 0.38689464 0.62104833
5 0.000288341 0.44753468 0.39786756 0.9374578000000001 0.6407965999999999
12 0.00028522802000000003 0.14972723 0.41077107 0.5226335999999999 0.6648135000000001
11 0.0002828639 0.52964884 0.36438435 0.69081014 0.6374641
10 0.00028192802000000006 0.4101571 0.4052746 0.7857287 0.67287844
3 0.00028137423 0.23019336 0.49884284 0.5185087 0.8732167
5 0.00027366923 0.08030549 0.467988 0.47184804 0.69327474
4 0.00026410422 0.5233671 0.32152238 0.8410056 0.59110457
10 0.00026346752 0.5446323000000001 0.29233703 0.8635833 0.5997752
12 0.0002610877 0.14043961 0.34900132 0.57603323 0.6237712
3 0.00025143174999999997 0.63467574 0.38302317 0.8691399999999999 0.6057206999999999
9 0.00024630093999999995 0.019109752 0.52217025 0.089476734 0.58692497
2 0.00024353775 0.49549288 0.2886962 0.91263944 0.5253601999999999
8 0.0002423363 0.5850161 0.20002902 0.88853246 0.95149046
6 0.00024065822 0.37969065 0.465613 0.87724733 1.0
10 0.00023992636000000003 0.19415042 0.43942022 0.536682 0.86532736
13 0.00023966946 0.4005397 0.35899723 0.9358620000000001 0.9160325
10 0.00023176611 0.6306745 0.20361054 0.8227806000000001 0.61113375
3 0.0002297519 0.42042485 0.41530025 0.792722 0.76681614
11 0.00021677032000000002 0.6409781 0.34839764 0.8111075 0.6321371
8 0.00021349959999999998 0.6350875 0.128179 0.8980651 0.75037163
5 0.00020976894 0.31431359999999997 0.5298568 0.7516430000000001 0.82733345
11 0.00020424445 0.4743168 0.50553143 0.512926 0.56788784
4 0.00020135506999999998 0.65486085 0.22075199 0.8836286 0.6363171999999999
7 0.00019475418 0.6087108 0.24050543 0.8315572 0.76514316
11 0.00019391002 0.35149017 0.44408718 0.5879333999999999 0.86741865
10 0.00019215092000000002 0.69939864 0.13900049 0.94696045 1.0
2 0.0001882321 0.442666 0.21379551 1.0 0.9476117000000001
8 0.0001857029 0.21832974 0.18527034 0.508579 0.7757232
5 0.00018111042 0.42728879999999997 0.5059180999999999 0.53057694 0.56261104
4 0.00018076946 0.16847274 0.45222822 0.46289614 0.81622523
4 0.00017693338 0.5581254 0.3780397 0.8862336999999999 1.0
7 0.00017091015 0.4881863 0.3420875 0.84941834 0.79807204
2 0.00016936754 0.17388913 0.32101586 0.5693536 0.58862436
11 0.00016511584999999999 0.54149103 0.47187224 0.76266336 0.8040881
6 0.0001644761 0.3607208 0.5687644000000001 0.8308216 0.8057707
9 0.0001643566 0.5186467 0.49767520000000004 0.9620719000000001 0.9707834000000001
2 0.00016135101 0.6086267 0.2696254 0.9666604999999999 0.57156575
7 0.0001560795 0.25151515 0.3679914 0.99959695 1.0
4 0.00015256731000000003 0.47876090000000004 0.38525102 0.8386210999999999 0.6871694
5 0.00015111177 0.28930533 0.5475625 0.9146509 0.9696481
13 0.00014657997 0.48285484 0.1894381 0.8366485999999999 1.0
10 0.00014572153 0.66057265 0.350681 0.97451305 0.7684214
10 0.00014309898000000002 0.4366058 0.317431 0.7832507 0.60451895
8 0.00014290813 0.057505675 0.14430319 0.27838752 0.6683932
1 0.00014178475 0.6005571999999999 0.39919257 0.86159337 0.69749415
1 0.00014009836 0.33025540000000003 0.41260470000000005 0.8626925 0.91207933
11 0.0001380281 0.59345937 0.36357647 0.74097013 0.61648023
12 0.00013055735000000001 0.44711792 0.0 0.84738874 0.5755664
5 0.00012840495 0.0 0.5396286 0.081308216 0.5882149
9 0.00012666672 0.35835445 0.40114066 0.8410069 0.9338513
12 0.00012416803999999997 0.025153808 0.5189827 0.09344939 0.58589727
10 0.00012284 0.28546613 0.34954375 0.64813054 0.8154916999999999
4 0.00011832041000000001 0.23684876 0.3752247 0.5085767 0.6828526
1 0.00011608275 0.54809535 0.53269535 0.8617741 0.77464193
11 0.00010666175499999999 0.6813539000000001 0.26165622 0.82431054 0.7225568
11 0.00010445322 0.7077248 0.37577665 0.9598671 0.7802650999999999
9 0.00010402812 0.24361975 0.39418024 0.55299056 0.69294465
8 0.000103734026 0.12077302 0.25748089999999996 0.40676922 0.96531487
9 0.00010207938 0.43131813 0.31737545 0.9659542 0.86859614
1 9.996448e-05 0.22097829 0.4998043 0.38737740000000004 0.6081439999999999
8 9.831783999999999e-05 0.03469109 0.15193525 0.15313394 0.66472745
12 9.736543e-05 0.32500738 0.50793874 0.4997813 0.6586211
13 9.634733599999999e-05 0.25149512 0.47017235 0.4484979 0.6400155
2 9.541135e-05 0.0047963113 0.52201253 0.07493992 0.5873628000000001
13 9.199151e-05 0.5174055999999999 0.1527684 0.930544 0.8585872999999999
13 8.907533e-05 0.26684418 0.5726565 0.49146578 0.7129685
10 8.846131e-05 0.5447528 0.25772670000000003 0.8386700999999999 1.0
11 8.726776e-05 0.50267345 0.42821049999999994 0.7628090999999999 0.91908586
5 8.666302e-05 0.47629523 0.38322577 0.8733072000000001 0.8081283
9 8.4926185e-05 0.46348 0.27378708 0.8391315 1.0
4 8.245595e-05 0.49428069999999996 0.36318976 0.80938697 0.99704784
6 8.016611e-05 0.5325297 0.28221464 0.91943383 0.7061397
1 8.01398e-05 0.3727032 0.12430655 0.813234 0.55390704
8 7.774451e-05 0.24920633 0.6118121999999999 0.39409706 0.7797509
12 7.7542885e-05 0.25874984 0.2738699 1.0 0.82947636
10 7.674923000000001e-05 0.6160399000000001 0.15978861 0.9058559000000002 1.0
7 7.650173e-05 0.46370548 0.0 0.8459949000000001 0.8942260000000001
1 7.500147e-05 0.44323644 0.46278328 0.7790216 0.7038031
3 7.492884e-05 0.5260288000000001 0.3842684 0.75076395 0.5153835
8 7.4626856e-05 0.23478160000000003 0.4614577 0.40942833 0.6015613000000001
8 7.101311e-05 0.038657673 0.25241729999999996 0.22248322 0.9468261
3 7.089579999999999e-05 0.54333436 0.71702474 0.92172515 1.0
8 7.085187e-05 0.5354526 0.7229274 0.8164325 0.97794074
1 7.000206999999999e-05 0.28446750000000004 0.52143514 0.46659799999999996 0.6842087
9 6.826494000000001e-05 0.57586485 0.2321865 0.8557859 0.9072884
6 6.780298000000001e-05 0.27930474 0.5338647 0.4774059 0.6644472
1 6.7726505e-05 0.23022306 0.5307399 0.40650243 0.6759725999999999
11 6.728004e-05 0.60508335 0.41809592 0.8096349 0.7624854
10 6.551769e-05 0.707361 0.18253617 0.88648033 0.67740184
8 6.523398e-05 0.27611244 0.51153094 0.4211669 0.6883656
6 6.410236e-05 0.22982383 0.5390689999999999 0.4326225 0.653943
13 6.3734195e-05 0.16872664 0.52598196 0.49264938 1.0
8 6.366533e-05 0.12286596 0.13299271 0.3912099 0.75544477
11 6.345400999999999e-05 0.603086 0.21616735 0.9919174000000001 1.0
10 6.117034000000001e-05 0.14931163 0.3295605 0.49758908 0.6936661999999999
8 6.0716502e-05 0.029158406 0.42256130000000003 0.19549435 0.8790819999999999
4 6.0065988e-05 0.56271577 0.34126145 0.9092823 0.65761447
1 6.004857e-05 0.10910407 0.33641177 0.8010465999999999 0.8574478000000001
1 5.995408e-05 0.015809451999999998 0.5450243 0.06875079 0.5925109000000001
3 5.7002493e-05 0.29091468 0.43835688 0.47374466 0.56448567
5 5.6545209999999996e-05 0.60355276 0.44098645 0.9564739 0.81091404
1 5.3576769999999996e-05 0.11805773 0.3662928 0.48241705 0.61628973
11 5.3340544e-05 0.57035935 0.030499107999999997 0.7928202 0.74389154
8 5.1655825e-05 0.2679557 0.5829772 0.4127883 0.7473413000000001
11 5.1466783999999996e-05 0.7266083999999999 0.2239824 0.88413334 0.64232457
11 5.140764e-05 0.41602725 0.16035560000000001 0.8936543 1.0
4 5.0218758e-05 0.61617094 0.38929840000000004 1.0 0.99944997
11 4.9304177e-05 0.031286918 0.54378104 0.06856767 0.59809035
1 4.9206974e-05 0.43889698 0.16609657 0.8159002 0.71231705
7 4.825747e-05 0.5633513000000001 0.23760276 0.78467834 0.8572598
9 4.7786187e-05 0.6047475999999999 0.071600825 0.93644863 0.71313393
4 4.7514244e-05 0.31308135 0.49070647 0.461395 0.65613943
11 4.623704000000001e-05 0.53454643 0.44057283 0.7316446999999999 0.719429
6 4.611436e-05 0.30513507 0.5194803 1.0 1.0
1 4.5570177e-05 0.22904554 0.2451549 0.7435925 0.80825675
7 4.5507749999999995e-05 0.28623286 0.5090218 0.45414874 0.6829666
5 4.3873617000000006e-05 0.53148973 0.46018523 0.8688365 0.9681009
1 4.2044852e-05 0.50708324 0.48711064 0.7977962 0.7587726
8 4.1027946e-05 0.3088116 0.17362897 0.66413724 0.7777866
2 4.0265764e-05 0.43984255 0.5145092 0.821314 0.7677184
10 3.880501e-05 0.29044549999999997 0.47687749999999995 0.44427657 0.6684036999999999
8 3.8074675e-05 0.6521944000000001 0.5941662 0.79699016 0.7418978
10 3.780574e-05 0.5096479 0.37561059999999996 0.90902466 0.71080005
13 3.6540290000000006e-05 0.22850057 0.63972366 0.4502435 0.758155
12 3.6043166e-05 0.2714722 0.43812629999999997 0.4474838 0.6000639
5 3.5909216e-05 0.30434918 0.45383418 0.9433613999999999 0.86101997
2 3.576176e-05 0.21433239 0.5180745 0.60601383 0.8151906999999999
3 3.5432342e-05 0.13290685 0.48723590000000006 0.449517 0.91466457
2 3.5169094e-05 0.41285375 0.08283354 1.0 0.78292686
11 3.3696662e-05 0.6184988 0.2987842 0.7629788000000001 0.75420797
3 3.3633445e-05 0.51558405 0.43468267 0.6674158 0.66334045
10 3.154722e-05 0.56053543 0.0 0.8503808 0.75004375
10 3.1496318e-05 0.25113392 0.5063509 0.40582085 0.66127425
5 3.115728e-05 0.10480961 0.63167346 0.39044008 1.0
1 3.044327e-05 0.06961411 0.41969186 0.42072478 0.89919955
7 3.0195835000000002e-05 0.24388102 0.5111303 0.4033942 0.67785233
4 3.0002312999999998e-05 0.6058816 0.10817144 0.89915276 0.68463206
11 2.9517754e-05 0.5372294 0.044901524000000005 0.9750984 0.9025846
9 2.9316541000000002e-05 0.23593028 0.496936 0.4667611 1.0
5 2.8492379999999997e-05 0.19999422 0.5082379 0.40501946 0.66540927
13 2.8207642000000002e-05 0.0 0.39868417 0.73657966 1.0
13 2.702355e-05 0.6584058 0.42863950000000006 0.8463931999999998 0.5686993
8 2.6043406e-05 0.25326228 0.4703151 0.43019408 0.64123905
1 2.600525e-05 0.20863444 0.46336508 0.38591433 0.56919354
11 2.5951961999999998e-05 0.29480752 0.5278978 0.38837108 0.6744074999999999
12 2.5883515e-05 0.34672129999999995 0.5620074 0.51850533 0.71156776
2 2.501295e-05 0.63499475 0.22109175 0.8696308 0.66578907
5 2.4556167999999996e-05 0.24272466 0.50418997 0.44967365 0.6814406999999999
13 2.4500567e-05 0.22276777 0.56815475 0.41842175 0.70277196
8 2.4260227e-05 0.7722536999999999 0.07827039999999999 0.9323662 0.67901695
7 2.3651079999999997e-05 0.21980855 0.44808993 0.39030924 0.63258135
6 2.3329214000000002e-05 0.1701079 0.48014012 0.48715920000000007 0.5957557
3 2.3318764000000003e-05 0.50878525 0.49326049999999994 0.6763514 0.7141383000000001
10 2.2804198999999998e-05 0.66380155 0.0 0.9307996999999999 0.9734913000000001
11 2.2755728e-05 0.3438535 0.52689624 0.4318659000000001 0.66865724
3 2.2659951000000003e-05 0.25638258 0.26363137 0.5464948000000001 0.6769791999999999
6 2.2165916e-05 0.088813424 0.40759733 0.5678350999999999 0.657355
6 2.0965028000000003e-05 0.291906 0.5747345 0.48969334 0.7164526999999999
4 2.0165373e-05 0.26504403 0.5023755999999999 0.42557829999999996 0.6736340000000001
13 1.9771294000000002e-05 3.9555132e-05 0.2982303 0.21699044 1.0
8 1.9599649999999998e-05 0.046229444 0.13609062 0.20670500000000003 0.7182571
