3 0.99784994 0.58039033 0.44992134 0.86360425 0.5930378000000001
3 0.9977912 0.49183616 0.43862158 0.67130584 0.57693285
3 0.15493077 0.76468366 0.6121219 0.9710665999999999 1.0
3 0.010853326000000002 0.7919489000000001 0.6817746 0.97806907 0.9190453000000002
8 0.010514045 0.48427296 0.42841426 0.6819386 0.5866064999999999
8 0.009932619 0.7995358 0.63526857 0.96128005 0.9668007
8 0.009135372 0.8274597 0.6914276999999999 0.9422578000000001 0.9241138000000001
8 0.0032038846999999995 0.5120664 0.49416667 0.90372384 0.9716085999999999
13 0.002414615 0.8044706 0.5989255 1.0 1.0
3 0.0023447522 0.5085063 0.5239777 0.9525024 0.9452458
13 0.0020797309 0.75296193 0.676197 0.98487353 0.9732296
8 0.0020330674 0.79982764 0.7184866999999999 0.93636876 0.88346976
13 0.0019043075 0.812345 0.74909216 0.99602544 0.9630884
8 0.0013691034 0.7121470999999999 0.6950018 0.9552796 0.97849244
8 0.001284158 0.81429344 0.67625064 0.9564501 0.8606783000000001
8 0.001137058 0.58727306 0.43300354 0.836859 0.6000438
3 0.0011021345 0.52207875 0.43175507 0.73569596 0.5806539000000001
3 0.0011000339 0.6191886999999999 0.58985424 0.9561008 1.0
13 0.001047627 0.46227512 0.49136582 0.6616522 0.6058775
8 0.00086297275 0.4893206 0.3849357 0.8898959999999999 0.6373681999999999
8 0.00085425575 0.7645938 0.73100275 0.93738383 0.94842196
13 0.0008489912 0.49191720000000005 0.47839132 0.74079186 0.62267363
3 0.000830421 0.49639982 0.6862381999999999 0.9535148000000001 0.9870674
3 0.0007699047999999999 0.6159356 0.34162587 0.959559 0.9739123
3 0.0007535511999999999 0.49263316 0.43511227 0.59955186 0.56609434
8 0.0007069819000000001 0.6116759 0.3687953 0.9223708 0.9762384
13 0.0006406923 0.61818063 0.45723528 0.87658525 0.6199958000000001
3 0.0005591659 0.57880974 0.45580217 0.7062424 0.59362066
3 0.00054142484 0.55695474 0.43399185 0.66768724 0.48917142
11 0.0005044866 0.4694786 0.4149968 0.6399638000000001 0.6367056999999999
5 0.00048156269999999996 0.3746222 0.46128133 0.65009594 0.6240705
1 0.00045734204000000007 0.39690977 0.44487977 0.59936607 0.54776716
13 0.00043666273 0.49543747 0.4648335 0.6423864 0.6572614999999999
11 0.00041772862 0.45875636 0.39707384 0.59815854 0.5985937
1 0.0004146065 0.3937263 0.48319104 0.60074633 0.58628136
13 0.00040671957000000005 0.565234 0.48930222 0.8151458 0.6208576
7 0.00038501745 0.36425897 0.46103877 0.67179257 0.64694107
13 0.00038136126000000003 0.42744040000000005 0.47586823 0.63119864 0.59217083
13 0.00037458097000000004 0.5160296 0.40537176 0.96372014 1.0
8 0.0003617133 0.49270663 0.6863078 0.84663695 1.0
1 0.00035179305 0.5107829 0.49485418 0.74484634 0.6048423
5 0.00033743886 0.4449263 0.4816672000000001 0.624383 0.66799504
13 0.0003297501 0.71885043 0.6954585999999999 0.9664325999999999 0.87628573
13 0.00031916462000000005 0.5047516 0.43150379999999994 0.69041604 0.64471114
6 0.0003131457 0.40431064 0.48467073 0.6995995 0.6130598
3 0.0002941453 0.59190106 0.4324703 0.93805236 0.62023866
7 0.00026915452 0.45991579999999993 0.44538116 0.75737274 0.63136804
6 0.000261932 0.42815542 0.47064295 0.8310813 0.6116925
7 0.00026164448 0.3798519 0.41805047 0.63204354 0.60508686
7 0.00021488569 0.77081525 0.46713543 0.9738658000000001 1.0
11 0.00021250632000000002 0.48959452 0.32844809999999997 0.6097264 0.6462608
3 0.0002015457 0.49672079999999996 0.43046084 0.57843876 0.47174367
2 0.00019880287 0.44609654 0.45427802 0.69101715 0.5760093000000001
11 0.00019799611 0.5112449 0.35396004 0.6290968000000001 0.6929396
1 0.00019757285 0.46284872 0.50221974 0.6163042 0.64931345
5 0.00019721655 0.36170948 0.44354799999999994 0.64174783 0.5668201
3 0.00019473718000000002 0.67880124 0.45330846 0.8402519 0.5095885
8 0.00018863546000000002 0.36143359999999997 0.27850949999999997 0.82309616 0.96820796
8 0.00018585357 0.11585363 0.31407183 0.7103463000000001 0.8477411
1 0.00018469028999999997 0.5155885 0.49021809999999993 0.67422265 0.6397486
7 0.00018400591 0.6384181999999999 0.41909117 0.89251363 0.6139669
8 0.00018388807000000002 0.7930378 0.7615920999999999 0.9198028 0.9036881
7 0.00017848317 0.42434394 0.43449214 0.66924644 0.70911396
10 0.00017643611 0.84250546 0.41634881 0.9834272 1.0
7 0.0001747363 0.7028515000000001 0.6199695 0.9825056999999999 0.9779129999999999
8 0.00017451821 0.61023587 0.6131206 0.91386396 1.0
11 0.00017232381999999997 0.8566544 0.595544 0.97062844 1.0
12 0.00016984931 0.6656977 0.4246612 0.90907705 0.568142
8 0.00016849204 0.6296214 0.7056406999999999 0.8929045 0.97218233
9 0.00016717911 0.8420818999999999 0.5509776 1.0 0.9458261
8 0.00016635558999999998 0.04926149 0.48249376 0.39022002 0.9148143
7 0.00015635397 0.49492157 0.36077642 0.6875886 0.64666396
13 0.0001514962 0.5368789 0.41845158 0.9839326999999999 0.68508303
2 0.00015041959999999999 0.5306102 0.41993400000000003 0.67619497 0.6058732
9 0.00015022805000000002 0.82698995 0.6898310999999999 1.0 0.8638304
5 0.00014468333 0.48574272 0.4833433 0.6747426999999999 0.6851821
12 0.00014132493000000002 0.5116088 0.38059837 0.6710969 0.56062216
13 0.00014111226 0.6444021 0.7511346999999999 1.0 0.9936296999999998
1 0.00013990913000000001 0.77731895 0.73215806 0.9651200000000001 0.9381591999999999
7 0.00013921187 0.7893316999999999 0.7457296999999999 0.9462796 0.98405385
11 0.00013628843999999998 0.59783214 0.41581318 0.73427 0.58775055
5 0.00013498183000000002 0.44682845 0.46903774 0.76567113 0.6307967
13 0.00012968563999999998 0.4856635 0.45483607 0.6289513000000001 0.53422225
3 0.00012842272 0.52132636 0.4392504 0.6912858000000001 0.5290388
4 0.00012337018999999998 0.5279894 0.42561546 0.7380265 0.6140988000000001
5 0.0001229826 0.52999 0.45952067 0.812032 0.5869382
9 0.00012251398999999999 0.7882125 0.63227206 1.0 0.89306843
10 0.00011675513000000001 0.5782067 0.33218116 0.6950978 0.6017438
12 0.00011542572 0.44195247 0.40257472 0.67789197 0.53080666
9 0.00011312829 0.5389329 0.46127087 0.76535493 0.6090806
6 0.000111104426 0.45469573 0.49061530000000003 0.6957008000000001 0.659894
1 0.00011099966999999999 0.6533984 0.473508 0.86517805 0.5889576
1 0.00011070188999999999 0.5096001 0.43360662 0.6715631 0.5810825
13 0.00011062856000000001 0.6587305 0.34874755 1.0 1.0
13 0.00010917633999999998 0.46278062 0.4219786 0.6884906999999999 0.5882352
6 0.00010866193999999999 0.38315243 0.4312675 0.6552896 0.56438875
11 0.000106591666 0.8420962 0.7743886 0.9402313 0.9673568000000001
7 0.00010598063999999999 0.6810541 0.73111194 0.9395322 1.0
9 0.00010443574000000001 0.83540916 0.73048145 1.0 0.9222523000000001
10 0.000104163926 0.5462952 0.43136042 0.74082327 0.62147486
9 0.00010185333000000001 0.46091047 0.4221437 0.6235791 0.55425847
11 0.00010116445 0.78609383 0.7445549 0.9325754 1.0
4 9.8230244e-05 0.8749679 0.49278027 1.0 0.9403411
2 9.7538476e-05 0.44324744 0.42082053 0.68003297 0.53749454
8 9.662379000000001e-05 0.4047322 0.49932048 0.8297899999999999 1.0
8 9.402066999999999e-05 0.025705231000000002 0.45797852 0.23681644 0.9300457000000001
9 9.217719000000001e-05 0.5670165 0.40451923 0.69754094 0.58742434
7 9.1697264e-05 0.80557805 0.6756754 0.96503884 0.9277926
9 9.117216999999999e-05 0.47934744 0.46628532 0.64868295 0.596539
3 9.1106325e-05 0.40219867 0.4805955 0.87849945 0.98944575
11 8.852234e-05 0.52596974 0.42801320000000004 0.6756960999999999 0.63931155
10 8.8276036e-05 0.84231037 0.65550804 0.96489036 0.9244678
13 8.640333e-05 0.46709356 0.68694866 0.9651571 1.0
4 8.571075999999999e-05 0.4424919 0.44745937 0.6667233 0.6121978
6 8.552049999999999e-05 0.79104596 0.70265603 0.983504 0.9104351
4 8.431348400000001e-05 0.8699931000000001 0.71890754 0.99504226 0.9434308000000001
11 8.2663704e-05 0.568335 0.3568148 0.67505985 0.6744151999999999
3 8.131488000000001e-05 0.49415216 0.42417609999999994 0.6416526 0.5346359
5 8.104992e-05 0.7865025999999999 0.7190926 0.99998784 0.9048360999999999
5 8.091515e-05 0.7811534000000001 0.7485663 0.991924 0.9675056999999999
3 8.0616686e-05 0.5248978 0.42901245 0.6309538 0.48070680000000005
13 7.889916999999999e-05 0.7708786 0.79879963 1.0 0.94314426
12 7.849863e-05 0.5554483 0.45999712 0.7641548 0.587911
13 7.534098000000001e-05 0.6198191 0.61463946 0.9950306999999999 1.0
1 7.5147356e-05 0.6770484 0.6972139 0.94569874 0.9439707
11 7.4771655e-05 0.85010266 0.8138632 0.9495964 0.9969859000000001
13 7.383336e-05 0.017445201 0.35960957 0.40172264 1.0
5 7.227326e-05 0.48043427 0.61730826 0.8269206 1.0
12 7.220622e-05 0.8123931999999999 0.4706397 0.97613496 0.8755768
3 7.207626e-05 0.57175726 0.43434647 0.6639393 0.566653
13 7.149293000000001e-05 0.38420767 0.3752914 0.8349181999999998 1.0
7 6.74539e-05 0.59836614 0.6388057 0.95673054 1.0
10 6.705447600000001e-05 0.5727238 0.38857162 0.70756733 0.66304266
12 6.647441999999999e-05 0.48968813 0.36953732 0.7295802 0.50579166
3 6.570560000000001e-05 0.5953630999999999 0.44453420000000005 0.6864557 0.5761229
10 6.549579000000001e-05 0.46183643 0.44935274 0.6957783000000001 0.61951345
11 6.4685126e-05 0.58702743 0.3445373 0.68326604 0.5929693
12 6.420238e-05 0.7963864 0.6077935 1.0 0.86714184
6 6.3129235e-05 0.6863239999999999 0.6705179 1.0 0.9411125
9 6.312899e-05 0.70759946 0.44850100000000004 0.9138101000000001 0.5762944999999999
13 6.280318500000001e-05 0.49377763 0.48125455 0.6459973000000001 0.5464678000000001
4 6.266064999999999e-05 0.67859346 0.41884452 0.90989256 0.5697538000000001
7 6.2578336e-05 0.48348567 0.39265259999999996 0.7354031 0.56626457
1 6.248809000000001e-05 0.45864332 0.4444991 0.61620307 0.58273786
12 6.2005136e-05 0.8619238000000001 0.6898092 1.0 0.88228333
2 6.1928586e-05 0.74069875 0.65368855 1.0 0.9382082
1 6.116267e-05 0.8008685999999999 0.80015963 0.9822312 0.98444265
8 6.098945e-05 0.51320684 0.43608928 0.726849 0.60934603
9 6.0783706e-05 0.7984464 0.70744884 1.0 0.82333225
4 5.9590784e-05 0.55163413 0.37771988 0.6987916000000001 0.5848034000000001
12 5.9334419999999994e-05 0.594333 0.42470598 0.8132088000000001 0.5786741
1 5.9186423e-05 0.4668842000000001 0.41658163 0.66265553 0.5179577000000001
1 5.9076216999999995e-05 0.7509712 0.6070774 0.9565402 0.9367363000000001
1 5.8407084e-05 0.7085792 0.72850233 0.93891376 0.85082346
2 5.7123662999999995e-05 0.7877105 0.70112145 1.0 0.8274815000000001
3 5.6983314e-05 0.07471229 0.50459117 0.46541777 0.96615887
1 5.6092390000000005e-05 0.62656504 0.43313208 0.8324395 0.5398661
7 5.547066999999999e-05 0.7669438000000001 0.7486991 0.97181165 0.91151196
1 5.432173000000001e-05 0.7041097 0.8186443 0.95662224 0.99033725
2 5.4029140000000004e-05 0.44646522 0.39355052 0.6947211999999999 0.50312734
12 5.2534730000000006e-05 0.47516579999999997 0.44383413 0.7063815999999999 0.58651716
3 5.128598e-05 0.64739513 0.46148622 0.8539065 0.5444228
1 5.0994786000000003e-05 0.47999823 0.47236049999999996 0.6340298000000001 0.6240458999999999
7 5.0540802e-05 0.47398314 0.34472394 0.9847369 1.0
6 4.987633e-05 0.51497215 0.44877574 0.8429754 0.583994
2 4.9850673999999996e-05 0.6626415 0.41402036 0.8672167 0.561647
12 4.9662005e-05 0.5290238 0.4332863 0.6877143 0.6207318000000001
7 4.942613e-05 0.5591571999999999 0.44928019999999996 0.8373927999999999 0.65200067
1 4.9050825e-05 0.6300717 0.7438562 0.9097885 0.96330225
9 4.901604e-05 0.53165096 0.41530624 0.85539716 0.68262947
13 4.8918297e-05 0.0 0.30434805 0.24222799 1.0
9 4.8803566e-05 0.51361597 0.4684812 0.6285835 0.6529916
5 4.878217000000001e-05 0.82112134 0.65192294 1.0 1.0
11 4.8444390000000006e-05 0.70360714 0.41359553 0.81338316 0.53647155
7 4.77155e-05 0.77917385 0.69488555 0.9969450000000001 0.85092765
13 4.7406750000000005e-05 0.46598667 0.10323679999999999 0.95526093 1.0
8 4.7050909999999994e-05 0.50343424 0.16149697 0.86923397 0.7867519000000001
6 4.6881940000000005e-05 0.60280097 0.4478826 0.93540764 0.59782267
9 4.6878224e-05 0.55126476 0.46347879999999997 0.685439 0.6415202
8 4.685355e-05 0.76328975 0.7861458 0.9009010000000001 0.9203485
9 4.6243293999999995e-05 0.5356655 0.44522979999999995 0.6539675 0.6220028000000001
10 4.5271285e-05 0.5203144000000001 0.4348885 0.6929116999999999 0.66078085
10 4.522271e-05 0.67198724 0.40368924 0.8384687 0.5418843000000001
9 4.4910863e-05 0.5197838 0.42337343 0.7388246 0.5403295
4 4.4721957000000006e-05 0.89574116 0.6858604 1.0 0.9040242
5 4.413368499999999e-05 0.70075047 0.7071672 1.0 0.9456836
10 4.3953813e-05 0.68236023 0.40950894 0.880524 0.57520187
9 4.3935073000000005e-05 0.6504661 0.4633411 0.9995959999999999 1.0
9 4.3514880000000004e-05 0.48761689999999996 0.44010225 0.6040441999999999 0.6341273000000001
10 4.2931297000000005e-05 0.7877107 0.576455 0.97124326 0.99547803
3 4.2701959999999996e-05 0.6210718000000001 0.44764355 0.7030965 0.5750347
2 4.2625707e-05 0.8163906 0.7037175999999999 0.9903668999999999 0.90238273
12 4.2207570000000004e-05 0.83692336 0.68575126 1.0 0.8113796
2 4.161851399999999e-05 0.5169471999999999 0.41108716 0.73388565 0.54277915
6 4.159803e-05 0.6495885 0.7866366 1.0 0.9987594000000001
4 4.0778858e-05 0.82639176 0.6489739999999999 1.0 0.9566646999999999
12 4.055015e-05 0.52120584 0.42351595 0.7567261 0.56741446
9 4.0520863e-05 0.60308707 0.41115338 0.9600641 0.6686496
13 4.0281986e-05 0.57734436 0.44994345 0.77337676 0.65386367
9 4.0092043e-05 0.8129177 0.74236965 1.0 0.87508994
11 3.999579e-05 0.71770847 0.44122687 0.83294743 0.576842
6 3.919883e-05 0.7447843000000001 0.71257585 0.9764588 0.8558421
6 3.734394e-05 0.7825574000000001 0.7445395 0.9866938000000001 0.9760058000000001
1 3.6822345e-05 0.44689300000000004 0.43210736 0.8766153 0.8861015
13 3.6624362000000004e-05 0.73091245 0.76415974 0.9657803 0.8986009
12 3.6024558e-05 0.54990685 0.43845072 0.6712545 0.52192456
12 3.584837e-05 0.475471 0.41422427 0.64244825 0.6057543000000001
9 3.56167e-05 0.5158100999999999 0.41538966 0.6297344 0.60457224
1 3.4862787e-05 0.6053805 0.5052336 0.81552386 0.61795384
2 3.4112340000000005e-05 0.5851939 0.45191035 0.80521315 0.5631975
8 3.3647422e-05 0.079940185 0.35502705 0.43693122 0.8921316999999999
5 3.3562574e-05 0.5175218 0.46563459999999995 0.7160789000000001 0.66976845
10 3.3377844e-05 0.5683598000000001 0.44609433 0.7919525 0.5690475
13 3.3138786e-05 0.48736742 0.46143900000000004 0.5879116 0.5599939
9 3.30489e-05 0.5626786 0.39662206 0.89676636 1.0
5 3.275304e-05 0.6183858 0.46108323 0.9058396999999999 0.5896722
5 3.2709973e-05 0.41687515 0.47689056 0.82418394 0.6804828
3 3.2423973999999995e-05 0.6439265000000001 0.44613734 0.80531675 0.5114544
10 3.2011874e-05 0.43933263 0.40176326 0.633815 0.551981
5 3.1931275e-05 0.5552656 0.64888835 0.950558 1.0
8 3.149522e-05 0.50436467 0.4428179 0.6141141999999999 0.54232544
12 3.0691554000000004e-05 0.87143576 0.7506883000000001 1.0 0.9486062
8 3.0436313e-05 0.035915975 0.21169932 0.30057272 0.952304
2 2.966025e-05 0.48912725 0.39680590000000004 0.66985536 0.5557612
8 2.9382854000000004e-05 0.4842219 0.42996553 0.55857795 0.47091818
10 2.867492e-05 0.496587 0.41564056 0.6433932 0.62711763
8 2.8655809999999998e-05 0.15128039999999998 0.45546946 0.5383656 0.9289470999999999
13 2.8464274e-05 0.48580790000000007 0.45100588 0.55401146 0.57084656
11 2.8317932e-05 0.52983147 0.41380847 0.64670134 0.5733613000000001
3 2.7843247e-05 0.4931389 0.30064076 0.8777838 0.8922941999999999
8 2.7693566000000002e-05 0.49416640000000006 0.44933609999999996 0.55221844 0.553905
3 2.692127e-05 0.04907254 0.49312022 0.2666489 0.98677135
2 2.6890973e-05 0.69460976 0.7674633000000001 1.0 1.0
6 2.6776296999999998e-05 0.5822516999999999 0.7148763000000001 1.0 0.9827214
10 2.6667953e-05 0.77290547 0.69107515 0.96553427 0.86099946
5 2.6600843e-05 0.4219245 0.4413224 0.7312344 0.5757913
1 2.6564731999999997e-05 0.3415376 0.38145086 0.8541209000000001 0.59284586
12 2.6221976e-05 0.5033131 0.31975484 1.0 0.83077997
1 2.6109783000000002e-05 0.75055295 0.7592469000000001 0.96140087 0.8866146
11 2.6079168e-05 0.63559467 0.45030203 0.77520096 0.6161591
4 2.5774027e-05 0.45724997 0.41458368 0.6438691 0.5476774
10 2.576551e-05 0.6099646 0.34586669999999997 0.71833295 0.63418144
7 2.5626088e-05 0.3400014 0.38768423 0.8997556999999999 0.73720104
3 2.4836148e-05 0.50364214 0.42510545 0.5807216 0.54508865
1 2.4510377e-05 0.584324 0.47662893 0.80200046 0.5897382
2 2.4241936999999997e-05 0.55000603 0.3535503 0.6928535 0.5413897
10 2.4143597e-05 0.7326274 0.39411286 0.8973785 0.55160034
6 2.4008847999999998e-05 0.74219817 0.5384174 1.0 1.0
5 2.3960425e-05 0.38634673 0.6170104000000001 0.74157965 1.0
1 2.3529503e-05 0.33153757 0.34108093 0.822464 0.84898835
12 2.3491215e-05 0.64611304 0.44763932 0.86294806 0.5924866
8 2.3322953e-05 0.6445725999999999 0.19784664 0.8994989 0.8686486999999999
4 2.3125258e-05 0.8594549000000001 0.70451343 1.0 0.8479030000000001
8 2.3114826e-05 0.46924183 0.32843828 0.74738556 0.62894326
5 2.2675173e-05 0.5020494000000001 0.47365057 0.9296131999999999 0.6691734
8 2.2515867e-05 0.61243194 0.14804725 0.9259903 0.6843185
11 2.2509120000000002e-05 0.73688585 0.74534404 0.89516175 1.0
2 2.2215844999999998e-05 0.8160681 0.47707978 1.0 0.9948737
8 2.1719917999999998e-05 0.49533013 0.47007814 0.60535663 0.5521326
13 2.0662110000000004e-05 0.42285216 0.47193828 0.85247564 0.7233649000000001
6 2.0254589999999997e-05 0.59885967 0.41975290000000004 0.89455914 0.55960214
13 2.0147536e-05 0.3127587 0.22778232 0.91758084 1.0
13 2.000792e-05 0.52839154 0.45116803 0.6377553 0.5486793000000001
9 1.9912663999999998e-05 0.50621516 0.44314194 0.6711116 0.572784
4 1.9564532e-05 0.6782484999999999 0.39672697 0.88473076 0.52119815
11 1.9133275e-05 0.6132445 0.28685079999999996 0.8878535 0.6587205
2 1.8909634000000002e-05 0.7896218 0.73055845 1.0 0.8591809000000001
9 1.869261e-05 0.7705995 0.2096776 0.9905598 0.99374557
6 1.8589419e-05 0.4587956 0.40925094 0.74244416 0.6108432
2 1.8561654e-05 0.56171036 0.31798902 0.9533166 1.0
8 1.8560118e-05 0.022371216 0.21754487 0.20635062 0.9142802999999999
3 1.8541614e-05 0.79765725 0.72048813 0.95329595 0.8140759
10 1.8456407e-05 0.509313 0.37644237 0.6692984000000001 0.5951174
1 1.8021241e-05 0.5273045 0.46043798 0.6317801 0.5196170999999999
12 1.8012315e-05 0.5552543000000001 0.4748488 0.65562904 0.54593724
3 1.7923692e-05 0.59670913 0.43654862 0.70231 0.48788977
13 1.7482218e-05 0.5220297 0.45811582 0.7296878000000001 0.67108476
12 1.7297154000000002e-05 0.8529764999999999 0.71509534 1.0 0.8496548
11 1.7284541e-05 0.8117821 0.77717286 0.92062354 0.89945894
5 1.7232916e-05 0.0633654 0.6409863 0.41325936 1.0
4 1.7199527e-05 0.5153698 0.4049989 0.7184334 0.56169504
2 1.7037615000000002e-05 0.79979134 0.746917 0.97848195 0.96956736
8 1.6824739e-05 0.47393462 0.48538586 0.56208014 0.5677871999999999
13 1.6694043e-05 0.56170297 0.4383049 0.66031986 0.49723540000000005
3 1.6501166e-05 0.8376710999999999 0.7031156 0.9893149 0.7869016
10 1.6322247e-05 0.52408814 0.36671707 0.6925485 0.5373543000000001
9 1.6284558999999998e-05 0.62661225 0.6538248000000001 1.0 0.9440893
4 1.6026974e-05 0.7324628000000001 0.40204090000000003 0.92895514 0.52685994
5 1.6003065e-05 0.6770728 0.7476994 1.0 1.0
2 1.5430896e-05 0.5936885999999999 0.4207151 0.7931841 0.5304515999999999
13 1.5272408e-05 0.5492281 0.41669482 0.85357827 0.76093507
7 1.5234043e-05 0.7449191999999999 0.8203332 0.9518791999999999 0.98016715
5 1.474138e-05 0.7142658000000001 0.7214489000000001 1.0 0.824226
3 1.4690571e-05 0.54064584 0.39456399999999997 0.84221864 0.6234871999999999
13 1.4543624e-05 0.16740903 0.38779658 0.6131573 1.0
3 1.4492937e-05 0.04498472 0.29214796 0.33851317 0.9963648
10 1.4440054e-05 0.720429 0.20275046 1.0 1.0
5 1.3949192e-05 0.5680363 0.47055548 0.8695540999999999 0.6155759
13 1.3817481e-05 0.5461621999999999 0.44457623 0.6363187 0.49504527
7 1.3797057999999999e-05 0.5318703 0.4500825 0.6413689 0.5258235
