3 0.99575764 0.67613363 0.52356714 0.82143676 0.6529326
3 0.9920636999999999 0.8172331 0.5457367 0.9554335999999999 0.67668426
3 0.8438543 0.41746000000000005 0.5002681 0.49012747 0.5655703000000001
3 0.6732394 0.52174944 0.9132708 0.71834177 1.0
3 0.47198707 0.31615427 0.472941 0.42844376 0.55644727
8 0.46207118 0.31143390000000004 0.4674894 0.43189138 0.55174804
8 0.25366079999999996 0.92148197 0.17593095 0.9781181999999999 0.25310084
8 0.21350327 0.28610408 0.45350920000000006 0.46176898 0.56930053
3 0.21331319 0.5802246999999999 0.9490639000000001 0.69413155 0.9965978999999999
3 0.21094197 0.024608042000000004 0.42380628 0.09429255 0.47542927
8 0.13814965 0.41191632 0.5004162 0.49596292 0.5647345
3 0.11707879 0.9251939 0.15816215 0.97065437 0.2532483
8 0.07879744 0.02041921 0.42342252 0.09288476400000001 0.46996966
3 0.0675972 0.10368031 0.44926366 0.16358083 0.49786314
13 0.06509250400000001 0.9194100000000001 0.18183969 0.9860482 0.25524887
3 0.05961197 0.697493 0.5275183000000001 0.860823 0.67956
3 0.054790646 0.50033385 0.5067392 0.61398536 0.61326647
3 0.050934657 0.82000303 0.5460484 0.9078459999999999 0.66088706
8 0.04660475 0.5071534000000001 0.5241412999999999 0.5946876999999999 0.5962834
13 0.039801300000000005 0.91047937 0.16834675 0.97307783 0.23890091
8 0.036291316000000004 0.48637763 0.49242857 0.61993474 0.6213637
13 0.032524113 0.9086464 0.18995082 1.0 0.24229237
8 0.03109621 0.74202335 0.16874437 0.82295907 0.21791570000000002
3 0.028063507999999997 0.15121369 0.45480028 0.19780402 0.49641883
8 0.026645468999999998 0.23540372 0.44486004 0.29692554 0.50318587
8 0.022783842000000002 0.90360254 0.16362564 1.0 0.2744958
8 0.018244141999999998 0.81308156 0.5363245 0.98047966 0.6728371
8 0.017792784 0.690072 0.51746637 0.83145314 0.6565919
3 0.014385371999999999 0.24218489 0.44865707 0.29908606 0.504959
8 0.01253439 0.10673055 0.44839618 0.15833864 0.49323747
8 0.01212672 0.14730972 0.44706450000000003 0.20293552 0.50193846
8 0.011446837 0.5125653 0.90975684 0.7065167 1.0
3 0.008860827 0.7286351 0.5369696999999999 0.9115701999999999 0.6810413000000001
3 0.0075410697999999995 0.09688495 0.43175277 0.15973695 0.48312932
3 0.007365933000000001 0.6178051 0.94588447 0.7166705 0.9961095
8 0.0072009466 0.22398205 0.4462446 0.28180754 0.49863112
13 0.0070264502 0.67998755 0.57627016 0.82178414 0.6892349
8 0.0070158327 0.49427740000000003 0.518694 0.56272703 0.59273875
8 0.0060078404000000005 0.34724236 0.44751677 0.49796355 0.583915
13 0.0059463074 0.10369690000000001 0.4444252 0.17519055 0.5011842000000001
13 0.0056721102 0.6943704 0.55924934 0.8658735999999999 0.701074
13 0.005352493000000001 0.90060836 0.17025921 0.9925248999999999 0.27367646
8 0.0049516573 0.48855987 0.5151531 0.53641295 0.5605392
13 0.0048895497 0.6474386999999999 0.5643597 0.80815154 0.6743416999999999
3 0.0038108758000000003 0.49324512 0.5125188 0.53614485 0.557932
3 0.003798631 0.22899094 0.45077749999999994 0.28239778 0.5004992
8 0.003419235 0.49781457 0.51707876 0.54893255 0.5662159000000001
3 0.0031495355 0.012383382 0.4197151 0.042762153 0.46618262
1 0.0030691159999999998 0.89803004 0.17491631 0.957808 0.24064027
3 0.0030460313 0.754258 0.16448835 0.82485634 0.22048828
1 0.0027990108 0.6002172 0.5489963000000001 0.77092254 0.6525350999999999
13 0.002789991 0.7778755 0.5764792 0.95088595 0.69669646
13 0.0026865783000000003 0.70977575 0.52170384 0.90028864 0.70957136
3 0.0026535196000000002 0.5228994 0.52570665 0.6145543000000001 0.60028034
13 0.0025705146 0.47579858 0.5242683 0.6182486999999999 0.6417239
9 0.0025304204 0.91784906 0.15202789 0.97339916 0.24393739
9 0.0025275764000000003 0.92865974 0.17763768 0.9978146000000001 0.26779535
2 0.002468201 0.91520333 0.17151998 0.9957981 0.2799922
13 0.002202102 0.7388087 0.17538789999999999 0.8260668 0.21400048
2 0.0021854525 0.90615535 0.14906155 0.9889629000000001 0.24488515
13 0.002161797 0.022489976000000002 0.41764826 0.09777805 0.47972876
13 0.0020995467999999997 0.40153843 0.5091319999999999 0.49128294 0.564154
8 0.0020465234 0.099992014 0.43331045 0.15112256 0.47894374
13 0.0020305323 0.33173335 0.47226027 0.43392724 0.54408264
2 0.0018537932000000001 0.90672207 0.16102043 1.0 0.22659315
8 0.0017975810000000001 0.7143010000000001 0.1396054 0.8670232 0.24582127
13 0.0017764695 0.89320636 0.20087750000000001 0.9821433 0.23935337
8 0.0017310939999999999 0.49969164 0.5381058000000001 0.5630898 0.6085095
13 0.0017119748999999999 0.09652459 0.42351922 0.1672433 0.4834494000000001
7 0.0016877041 0.58701235 0.5373425999999999 0.83582073 0.71588266
5 0.0015749311 0.594668 0.5425726 0.78690094 0.67006475
13 0.0015734463000000001 0.1423629 0.45599845 0.20079660000000002 0.5012325
11 0.0014953306 0.6577035 0.48765695 0.75852096 0.6554274999999999
8 0.0014511425 0.0072331335 0.41525674 0.04131022 0.46243329999999994
13 0.0014252655 0.7041441999999999 0.5244595000000001 0.8176889 0.71952736
3 0.0014212367999999998 0.5030643 0.52102387 0.5667709 0.59323895
13 0.0013889376 0.54762053 0.8994492000000001 0.74258685 1.0
9 0.0013789963 0.33678934 0.47446454 0.43189844 0.53748894
9 0.0013708387 0.65872306 0.52107215 0.78815037 0.65032595
9 0.0013510778 0.9185380999999999 0.17080477 0.9761113000000001 0.26897258
11 0.0013430725 0.41973764 0.49293739999999997 0.47305083 0.56931317
3 0.0013220448000000001 0.5003844 0.5132827 0.5517361999999999 0.56208897
7 0.0013015465 0.6828673000000001 0.47701374 0.8757296999999998 0.67056507
7 0.0012988711 0.9139202 0.16047002 0.9808735000000001 0.27484038
5 0.0012906622 0.61869925 0.55650413 0.8081406 0.6996339
4 0.0012265517999999998 0.9375849 0.17884728 0.98852515 0.26956640000000004
1 0.0011779480999999999 0.9187049 0.20580810000000002 0.97588223 0.2799974
9 0.0011654036 0.7131255 0.50716436 0.8759969999999999 0.6284605
8 0.0011242367999999999 0.7060126999999999 0.515079 0.87863445 0.68413466
13 0.0011160731 0.4221775 0.50274944 0.51347065 0.56175625
9 0.0011002672000000001 0.92871207 0.17081046 1.0 0.22804549999999998
11 0.0010970702 0.9214423 0.16608511 0.9553144 0.28558755
12 0.0010887391 0.33595959999999997 0.47435552 0.4421584 0.53504497
5 0.0010842722 0.88510984 0.18055551 0.9772715 0.23937692
1 0.0010552951 0.90115976 0.20023753 0.9597206 0.2766298
6 0.0010208618 0.9013429000000001 0.16760837 0.97620124 0.24627967
12 0.001019102 0.68600714 0.4664946 0.8779942 0.62177056
1 0.0010118588 0.6338064999999999 0.571701 0.81561273 0.69520056
6 0.0009844587 0.6121781999999999 0.56291676 0.8735409 0.69749343
7 0.0009784324000000001 0.8999140999999999 0.13716608 0.9633232 0.252712
7 0.0009739442999999999 0.89355206 0.15984015 0.9647118 0.28148273
13 0.0009612010300000001 0.30093506 0.46755302 0.40154693 0.53750217
12 0.00095809036 0.9139593 0.15236007 0.98169965 0.22473729
1 0.0009555461 0.7332316 0.5497536999999999 0.9049676999999999 0.6597851
7 0.0009505563599999999 0.394968 0.48720290000000005 0.48552576 0.5770888000000001
2 0.0009480285 0.6232621 0.49550370000000005 0.8382245999999999 0.62062854
11 0.0009437785499999999 0.93972814 0.1739454 0.97321177 0.28705814
8 0.00092780835 0.7496623 0.15102345 0.81665397 0.20280254
1 0.000898084 0.69431883 0.5751043 0.8606021999999999 0.69455296
9 0.00089682353 0.9194495999999999 0.16426796 0.9917883 0.23047462
13 0.00089523906 0.8934761 0.17617759 0.9654529000000001 0.22348651
7 0.0008891305000000001 0.41759762 0.48928759 0.50205714 0.57176596
13 0.0008736086999999999 0.33574352 0.46299583 0.41122392 0.56323326
9 0.0008706338699999999 0.36456409999999995 0.47748345 0.4459153 0.5333616
7 0.0008667971699999999 0.71912 0.5228105 0.9337485000000001 0.72895044
2 0.0008550792999999999 0.6484975000000001 0.53441226 0.8680814 0.65598834
5 0.0008290797000000001 0.37858373 0.51193315 0.49740493 0.56330496
10 0.00081126526 0.33877656 0.46225443 0.41520569999999996 0.52744466
5 0.0007953969000000001 0.72527933 0.56558645 0.92649496 0.70017785
9 0.0007949878999999999 0.6867883 0.5529255999999999 0.82322097 0.6711689999999999
1 0.00078125304 0.6936063 0.52128434 0.83913296 0.6434464
9 0.0007707800999999999 0.71681005 0.504495 0.80008286 0.6910088000000001
5 0.0007652859 0.88499963 0.20116222 0.96859443 0.27126327
1 0.00076350314 0.35573152 0.47368193 0.41658370000000006 0.54803646
10 0.0007482414999999999 0.94297516 0.15264994 0.99380684 0.27058995
11 0.0007352739 0.3543855 0.46908322 0.41258287 0.5443645
10 0.0007340967 0.36617005 0.46004012 0.42966694 0.52599686
5 0.0007264893 0.6561051 0.5497986999999999 0.77899355 0.7170793000000001
11 0.0007262880000000001 0.7995383 0.50649476 0.88717896 0.6741505
3 0.0007260333 0.55409354 0.5341332 0.618993 0.59571916
1 0.0007095180999999999 0.6714411 0.49829862 0.7887633000000001 0.635686
11 0.0007084254 0.69740427 0.50454396 0.8157164000000001 0.69891554
4 0.0007021849000000001 0.34775668 0.46563420000000005 0.43093485 0.54545724
7 0.0006989024000000001 0.67407084 0.46325259999999996 0.8319837999999999 0.7478557
11 0.0006826611 0.44171357 0.49470073 0.49408823 0.562846
3 0.0006599509 0.8281303 0.53188014 0.89996606 0.5904468
2 0.0006597892999999999 0.90952396 0.18808587 1.0 0.260288
5 0.0006596477 0.29216096 0.49103272 0.45070959999999993 0.53881425
8 0.0006592881399999999 0.58447725 0.94593394 0.68014723 0.99902874
13 0.0006562845 0.7096571 0.13527709999999998 0.8893628 0.24736223
11 0.00063625246 0.32660259999999997 0.46570897 0.3820987 0.5358632
12 0.00061747315 0.36411747 0.47871205 0.42377767 0.54726493
10 0.0006098856 0.92131156 0.1399141 0.97803706 0.2423065
4 0.0006040630000000001 0.944069 0.18873319 1.0 0.2564965
6 0.00060206995 0.587504 0.52406013 0.82940686 0.667034
12 0.0005968397 0.92387784 0.16983509 0.9948758 0.25349197
2 0.00059468625 0.34619823 0.46083412 0.43160709999999997 0.5300169
6 0.00059306115 0.8979149 0.1965811 0.9782398999999999 0.2768272
9 0.0005891427 0.37062067 0.46772420000000003 0.42585975 0.54836226
1 0.00058718945 0.6511562 0.5287501 0.7764609 0.6712999
1 0.0005811254 0.69352317 0.5380055 0.8116262 0.6945906
7 0.0005791227 0.08963689 0.44052348 0.16534898 0.50564075
2 0.00057819753 0.42654517 0.49567429999999996 0.50628436 0.55031806
12 0.0005738146 0.35083753 0.4679689 0.41612715 0.5513991
13 0.0005721219000000001 0.22954167 0.44915889999999997 0.28834444 0.5001692
1 0.0005518353 0.33581802 0.47404096 0.40098736 0.54941416
12 0.0005479703500000001 0.6660644 0.45128462 0.81110895 0.6402668
9 0.000540411 0.71412826 0.5567755 0.8819418 0.67030257
13 0.0005384053 0.80682814 0.5534124 0.9745697 0.70577735
9 0.0005362619 0.43027177 0.50538534 0.50852996 0.5546013000000001
4 0.0005331203 0.43292564 0.49411756 0.50468767 0.56662464
2 0.00053064903 0.8884363999999999 0.136216 1.0 0.30803722
7 0.0005298165 0.3335032 0.45486102 0.42658842 0.55821466
4 0.00052389194 0.37178847 0.45947888 0.4372672 0.5366058000000001
5 0.0005114774 0.69030464 0.55989265 0.8193219 0.7339187
11 0.0005088589 0.4034678 0.48140642 0.46173313 0.56655717
12 0.0005023588 0.92833227 0.15898165 1.0 0.20892788
2 0.0004993639299999999 0.77886426 0.52187 0.96674204 0.6518626000000001
7 0.00049657736 0.4136459 0.48574755 0.6300269000000001 0.6624526999999999
13 0.00049598975 0.49168682 0.52258724 0.5831386 0.58540064
6 0.0004950466000000001 0.3242199 0.46595243 0.45398465 0.5481965999999999
11 0.000489765 0.922351 0.19934161 0.9630631 0.26760414
13 0.000488455 0.3031736 0.45849663 0.45106882 0.5914928
5 0.000482966 0.90511143 0.20129146 0.9868556 0.27623132
10 0.00048140032 0.3641778 0.44123959999999995 0.40697607 0.53881836
10 0.00046858167999999997 0.38084787 0.4340754 0.42096317 0.54063255
1 0.00046339275999999997 0.40137616 0.5181937 0.47428688 0.56965977
10 0.00046260242 0.42491972 0.4875847 0.49811417 0.5581574
13 0.00045922339999999995 0.41114956 0.50710666 0.46920204 0.5906892
8 0.00045616875 0.010754643999999999 0.40605667 0.03583739 0.44490108
12 0.00045548612 0.6408374 0.50907165 0.83191043 0.62899905
4 0.00044847017999999995 0.9233134 0.1624573 0.9717065 0.2368947
9 0.00044747654000000005 0.32272777 0.46726987 0.4601201 0.576443
1 0.00044702580000000004 0.42467788 0.5209792000000001 0.4909524 0.5672785
4 0.00043167087 0.6606253000000001 0.53743917 0.8460023999999999 0.6899116999999999
13 0.00042157587999999994 0.3344459 0.49971804 0.44042528 0.55855817
1 0.0004203167 0.9102292 0.18149690000000002 0.974167 0.22803634
4 0.00042005449999999995 0.9188726999999999 0.18068641 0.9712379999999999 0.26352143
11 0.00041671356 0.70880187 0.43757713 0.7889813 0.7219788
6 0.00041653836 0.39693004 0.5025523000000001 0.5066318000000001 0.56806827
1 0.00041542246 0.91845995 0.21500334 0.9819190999999999 0.26167646
9 0.00041444725 0.34790766 0.46764883 0.4065749 0.5562642
12 0.00041380626000000006 0.6848653 0.481072 0.8379931 0.67399514
10 0.00040353199999999996 0.92444843 0.16080593 0.9809796000000001 0.2728213
12 0.00040265867999999996 0.41753358 0.5020401 0.50813437 0.5559706999999999
7 0.00039970694 0.01859511 0.41239682 0.09106853599999999 0.48016423
1 0.00039726918 0.31517258 0.47723509999999997 0.38397017 0.5455858
12 0.00038249572 0.6927711 0.52640903 0.9085591999999999 0.66659194
2 0.0003791547 0.02951805 0.4111775 0.10313833 0.4673888
9 0.00037626167999999996 0.41897473 0.50193113 0.48751608 0.5566687
6 0.00037009470000000003 0.7347059 0.5557571 0.9723096999999999 0.7072281
8 0.00036705667 0.5566246 0.38633022 0.86949533 1.0
5 0.00036506203 0.28445414 0.48775858 0.40402868 0.5320786
13 0.00036268297 0.6085567 0.9482146999999999 0.69725007 1.0
7 0.00036253741999999996 0.35429868 0.46283466 0.43701179999999995 0.5498261
12 0.0003615108 0.77084833 0.5060665 0.9642337 0.6389778
9 0.00035952806000000005 0.70025164 0.52568907 0.7853140000000001 0.7146252
13 0.00035664137000000003 0.8212223 0.5575247 0.87245667 0.6814717
11 0.00035582497000000005 0.34483123 0.4322522 0.39277009999999996 0.5630022
12 0.00035560175 0.33581755 0.46363540000000003 0.40078559999999996 0.5526213000000001
4 0.00035329059999999996 0.9260691999999999 0.19155446 0.9877412 0.25500688
4 0.00034953363 0.948585 0.17533778 1.0 0.22773692
3 0.00034634330000000004 0.7545812 0.14764988 0.87108326 0.23975007
1 0.00034426057 0.8880853000000001 0.18230616 0.9801051 0.29522756
9 0.00034198927 0.80413055 0.54358625 0.93267643 0.67887145
5 0.0003363445 0.31159565 0.48924807 0.40535226 0.55975765
7 0.00033556129999999995 0.5431279 0.88294584 0.7219845 1.0
9 0.00033396580000000003 0.7325363 0.5237636 0.8263841999999999 0.69918895
2 0.00032928036 0.10327458 0.44044137 0.17835143 0.49824932
13 0.0003282957 0.81192946 0.57197195 0.89027405 0.6666946
8 0.0003279067 0.51246715 0.5477238 0.58300304 0.6091342
11 0.00032222517999999997 0.74889565 0.45352864 0.82397926 0.7150333000000001
1 0.00032121397 0.42951208 0.5055669 0.59234816 0.61277616
4 0.00031744293 0.7234807 0.5215482 0.902496 0.703455
7 0.00031505644 0.8970117 0.15597458 0.9801298 0.23329896
1 0.00031440528 0.29395017 0.4843344 0.3823727 0.5354671999999999
6 0.0003117785 0.90470165 0.20032778 1.0 0.25825876
4 0.00031120837000000003 0.41243786 0.49441743 0.48834687 0.56686974
3 0.0003109021 0.011853078999999999 0.40472597 0.040814277 0.44608727
3 0.000310762 0.5979571 0.9291004999999999 0.69292873 0.9850533000000001
11 0.0003039657 0.7261186 0.42836633 0.80512923 0.68058884
6 0.0003026534 0.6385198000000001 0.4900255 0.91433626 0.64893514
5 0.00029880015 0.24476501 0.49826884 0.47291508 0.58541906
11 0.00029833955000000003 0.42279297 0.46221122 0.46678704 0.58757925
11 0.0002958052 0.36410877 0.4330895 0.40998182 0.55799294
1 0.00029544787999999996 0.3822062 0.5115548 0.45648122 0.5598820999999999
7 0.000293996 0.9178413000000001 0.15412864 0.9980769 0.22973183
2 0.00029120926 0.47429356 0.47559246 0.6633619000000001 0.61715984
5 0.00028881495 0.6850648 0.52606785 0.88189936 0.6556932
10 0.00028688650000000004 0.31997454 0.47577283 0.39320248 0.52676624
2 0.00028593914 0.7119201000000001 0.4513286 0.8399163000000001 0.6752646999999999
7 0.00028512438 0.63208365 0.4882701 0.8458208 0.6961916
11 0.0002830087 0.043046225 0.42540213 0.0816835 0.47949964
5 0.00027950303 0.86068803 0.20365824 0.99109846 0.25457695
3 0.00027711209999999997 0.25057432 0.46517086 0.32965836 0.526664
5 0.00027549785 0.0 0.43649265 0.09654748 0.47286054
11 0.00027094697 0.9441042 0.20472346 0.98298967 0.26896614
7 0.00025600979999999997 0.7711901999999999 0.49588072 0.96261114 0.7050209
1 0.0002522561 0.27543545 0.46154153 0.42746603 0.5594176
5 0.00024729816000000003 0.07854353 0.45842105 0.1662847 0.49953422
4 0.00024600618 0.73743844 0.48496345 0.8953334000000001 0.6419100000000001
2 0.00024247577 0.71146715 0.45546126 0.8774059999999999 0.6078041999999999
11 0.00024112055 0.34089124 0.38555470000000003 0.46765935 0.59924674
9 0.00024027388 0.8316321 0.5122139 0.97330874 0.6490003000000001
3 0.00023797669999999998 0.017929598999999997 0.42446720000000004 0.06717389 0.47106750000000003
10 0.00023785251 0.3470467 0.45328772 0.39321443 0.5435066
8 0.00023668955000000002 0.82122046 0.56560344 0.88417894 0.6597456
5 0.00023652759999999998 0.40861815 0.52802444 0.6199619000000001 0.62349766
9 0.00023574765999999998 0.91912806 0.15696056 1.0 0.29649743
8 0.00023539337000000004 0.016531928 0.42401819999999996 0.061309904000000005 0.46276438
10 0.00023425679 0.042128727000000005 0.4202514 0.1012536 0.47630796
5 0.00022956012000000003 0.5323401 0.9209594999999999 0.75735754 1.0
11 0.000226609 0.3807369 0.46783220000000003 0.43119478 0.53251565
3 0.00022578644 0.36448914 0.4665793 0.49184924 0.57361454
3 0.0002192154 0.50991434 0.5364774999999999 0.57781607 0.6215513
4 0.00021482764 0.37539274 0.43586436 0.42434102 0.54865223
11 0.00021428932000000002 0.507508 0.47332573 0.6129438 0.6405576999999999
10 0.00021278757999999997 0.93870604 0.1518919 1.0 0.22601913
9 0.00020507546000000002 0.49819416 0.5097654 0.6242091 0.63749635
11 0.00020239565 0.7594147 0.48819157 0.8490263000000001 0.641026
11 0.00020185666 0.15643348 0.450779 0.19237739999999998 0.50640917
6 0.00020108912 0.91715944 0.17858739 0.9962232 0.22925610000000002
6 0.00019679665 0.12679791 0.4590322 0.21791974 0.4995849
8 0.0001951089 0.048757635 0.48696056 0.18909857 0.9538184000000001
1 0.00019401133999999998 0.2828191 0.48386344 0.45335287 0.58358926
4 0.00019335794999999998 0.7278382 0.49385446 0.8407065 0.715444
1 0.00019325528000000003 0.13347614 0.45915857 0.19151422 0.49823254
2 0.00019144955000000003 0.32373759999999996 0.450925 0.5115392 0.58851576
2 0.00019126266 0.5183232 0.52369225 0.5859885 0.5742281
9 0.0001906815 0.750042 0.5222113 0.91773874 0.64980197
1 0.00019067484 0.53677654 0.9238896999999999 0.7214550999999999 0.9947319
6 0.00018932515 0.30240512 0.4780678 0.42738438 0.5342196
7 0.0001827997 0.26585490000000006 0.43484423 0.47056955 0.6158968
2 0.00017811375 0.7776376 0.49168950000000006 0.9636189000000001 0.6195841999999999
1 0.00017609002 0.60100985 0.512423 0.7708006 0.614949
10 0.00017602256 0.39517579999999997 0.49470398 0.47093487 0.56162894
13 0.00017582298 0.48155507 0.5132753999999999 0.53932065 0.5579405
9 0.0001753179 0.33029628 0.4731758 0.3873034 0.5624253
13 0.00017488176 0.3467347 0.49024802 0.42098182 0.5749295999999999
7 0.00017192696 0.12901245 0.45135307 0.19715916 0.5049151
10 0.00017172493000000002 0.51249313 0.53467894 0.5871419 0.5803071
12 0.00017165557 0.7971666999999999 0.46592449999999996 0.99459386 0.6031546
10 0.00016973112 0.6052835999999999 0.87466043 0.75633097 0.9983576
11 0.0001690652 0.92933834 0.12669815 0.98218656 0.30968872
5 0.00016785512999999998 0.39587587 0.5081234 0.47320914 0.5914463000000001
4 0.00016527901000000002 0.9317951999999999 0.17740819 0.98268884 0.22514418
9 0.00016486348000000002 0.3283256 0.48997579999999996 0.47705713 0.5945773
2 0.00016485731 0.14106335 0.44699728 0.21045239999999998 0.49251297
8 0.00016308003 0.70962864 0.3650532 0.9127168999999999 0.98747814
1 0.00016261912 0.07916809 0.43126082 0.14038023 0.47011498
