1 0.9974280999999999 0.5000180000000001 0.38069114 0.57873225 0.6454006
3 0.9963224 0.23012522 0.45517907 0.36737952 0.6117194
3 0.99506134 0.6984256999999999 0.40305486 0.9994896000000001 0.71621484
3 0.9666402 0.5749820999999999 0.45584366 0.6535205 0.5493094000000001
4 0.94149613 0.51570874 0.5355124 0.57533497 0.69995826
3 0.90287423 0.63531137 0.40917394 0.8116076999999999 0.57685626
3 0.86603767 0.41049929999999996 0.42540467 0.5107705 0.6047344
10 0.7873334 0.34308237 0.25948912 0.35997802 0.30638823
3 0.76580036 0.39127558 0.47247484 0.41575329999999994 0.5226116
3 0.62854075 0.3524381 0.46679237 0.38750458 0.5140813
10 0.3543002 0.48463142 0.29874029999999996 0.4935581 0.33199054
1 0.35148895 0.033798534 0.47466034 0.05270678 0.553172
10 0.31767690000000004 0.47941098 0.29971590000000004 0.48858204 0.3328644
