1 0.9966139 0.5521752 0.35392258 0.65038127 0.72066015
3 0.9948485 0.71091545 0.42140898 1.0 0.7270991
3 0.9922530999999999 0.0 0.45580068 0.25174725 0.81421643
4 0.96540546 0.5575256 0.53487474 0.6554441 0.78649527
3 0.9330265 0.46025863 0.44708149999999997 0.54041153 0.5826979
10 0.90006244 0.25472224 0.09835513 0.27677023 0.17954023
3 0.8707642 0.43703400000000003 0.47935835 0.45961833 0.5213912
3 0.82568306 0.3122187 0.47380236 0.36750636 0.5354951
10 0.76143134 0.48489422 0.22780056 0.5046807 0.2785552
3 0.6128475 0.39490685 0.48871994 0.42068824 0.5255947
3 0.5210923 0.36253133 0.48195547 0.39310107 0.5288765000000001
3 0.51959735 0.063507676 0.68824846 0.6690499 0.9640034
10 0.48090730000000004 0.49351949999999994 0.22928844 0.5080781 0.27798375
10 0.38861599999999996 0.4985406 0.22910497 0.5107686 0.27781475
10 0.38465264 0.76507527 0.25523838 0.81045395 0.3265926
