3 0.9452710999999999 0.5158371 0.57257205 0.9392358000000001 0.8999739999999999
3 0.8672491 0.6568437 0.58999234 0.9759478000000001 0.9075556999999999
10 0.8515101999999999 0.44701195 0.23162569 0.47119534 0.30414949999999996
3 0.7962249 0.29315197 0.5565036 1.0 0.94020545
3 0.7559193000000001 0.69818354 0.57103044 0.8120507 0.625329
3 0.7415938 0.44709742 0.5723057 0.5018513 0.61637044
3 0.72573805 0.21256004 0.55978435 0.25751296 0.60635716
3 0.6884993 0.85109955 0.5946114 1.0 0.90224457
10 0.67721885 0.04951474 0.48207882 0.0684037 0.53400356
3 0.47676309999999994 0.26073176 0.56472 0.29974395 0.6025170999999999
3 0.395742 0.8353294 0.59888506 0.98224664 0.6956844
8 0.35235409999999995 0.5240058 0.5630344 0.5685302 0.6404399000000001
