3 0.99610907 0.3320816 0.15265429 0.5780964 0.42093256
1 0.7028978 0.559901 0.10986871 0.5880959 0.26500678
1 0.6038286999999999 0.66948074 0.09125773 0.7073048000000001 0.24465744
3 0.58124465 0.0 0.060413733 0.43545952 0.9464783000000001
1 0.56641334 0.30849496 0.16235410000000003 0.32484987 0.23058152
1 0.5484804 0.30328249999999995 0.15847045 0.3218071 0.23226679999999997
1 0.5384336 0.33694047 0.14632683 0.36307340000000005 0.20729983
3 0.41263232 0.0 0.08498719 0.7606133 0.9033751
1 0.3472155 0.7730295 0.06192353 0.81381375 0.17537351
1 0.3359227 0.31432512 0.1636134 0.3295659 0.22949947
8 0.32757074 0.24185482 0.12920764 0.30703685 0.2802981
