3 0.9991222 0.29130375 0.16816397 0.4744134 0.42066509999999996
6 0.9846311 0.33014440000000006 0.02075633 0.6206596999999999 0.22402039999999998
3 0.9803065000000001 0.76367044 0.04802847 0.90101635 0.14408864
3 0.93896013 0.8952921 0.035021577000000005 1.0 0.16860315
3 0.9338719000000001 0.61790186 0.07580913 0.74950904 0.1894202
1 0.9296209999999999 0.70463496 0.08897869 0.7397718000000001 0.227994
8 0.7661703000000001 0.09851916 0.11665033 0.19640942 0.2508051
3 0.6554406999999999 0.21327545 0.18986462 0.23898561 0.2239986
1 0.60302407 0.13935938 0.16865344 0.16901931 0.2505806
6 0.5949151999999999 0.2690677 0.036962356 0.48338163 0.22515051
1 0.58345133 0.6953223000000001 0.09346906 0.7266085 0.22590688
1 0.35999924 0.13047653 0.16662326 0.16057229 0.24815944
3 0.35878313 0.22471835 0.18700029 0.24739067 0.21786198
