3 0.9953584000000001 0.1964108 0.5044423 0.4130207 0.74476236
3 0.9891690000000001 0.0 0.46330723 0.32911929999999995 0.8795244000000001
3 0.98657346 0.85915774 0.5111858 1.0 0.68218005
3 0.9717054 0.47559540000000006 0.5342886 0.52213943 0.62564516
3 0.9672115 0.3681342 0.48201980000000005 0.48928530000000003 0.6595578000000001
3 0.9516216999999999 0.08896564 0.49727079999999996 0.41969436 0.7736705
3 0.94258565 0.7969811 0.51708114 0.9124532 0.6565534000000001
3 0.9114360999999999 0.7654791 0.53232104 0.82096577 0.63516694
3 0.8178086999999999 0.50700414 0.52734673 0.5713614 0.60206246
3 0.75261384 0.7517564999999999 0.5365773 0.7838753 0.59426177
3 0.67955023 0.7447699000000001 0.53929555 0.7716046 0.58448195
3 0.52028686 0.79149735 0.5285131 0.81930935 0.6415738000000001
3 0.4976723 0.55106944 0.5220869 0.5858671999999999 0.58043927
3 0.48999298 0.7539853 0.53716016 0.7972053000000001 0.6108427
3 0.36670664 0.023703172999999998 0.44446030000000003 0.50306517 0.8837833
3 0.33176503 0.5541916 0.5331901 0.577464 0.5882129
3 0.32994586 0.7239249 0.54352456 0.7540041000000001 0.57737845
3 0.32231224 0.71067667 0.5472041 0.7408844 0.5776992
