3 0.9939604 0.6115552 0.51469475 0.96214724 0.81957173
3 0.9900564000000001 0.03544894 0.41087717 0.36335033 0.7490285
3 0.9715421999999999 0.6374305 0.49637285 0.76612717 0.60920906
3 0.9429614 0.60967493 0.51470053 0.66138864 0.5940544
3 0.83644164 0.5129473 0.49496168 0.5624672 0.5574524000000001
3 0.8254389000000001 0.4685754 0.49916998 0.505265 0.53897077
3 0.80005014 0.96328497 0.51759636 0.99882925 0.6803785
8 0.7943939 0.3552276 0.47500452 0.45936596 0.5724229999999999
51 0.71676683 0.49323493 0.80648255 0.6300475999999999 0.9468711
3 0.7057099 0.55924475 0.5243304 0.61398304 0.5724208000000001
3 0.6375529999999999 0.57233924 0.5651906999999999 0.62244767 0.64189196
3 0.33164218 0.35621440000000004 0.47848144 0.45489866 0.56940633
3 0.31341368 0.5606572 0.53057325 0.6153930000000001 0.5938467
