3 0.9976913000000001 0.10130389 0.39338759999999995 0.265706 0.5780953000000001
3 0.9913884 0.56175804 0.36333218 0.78430843 0.56952786
3 0.99102485 0.00034163892 0.39992264 0.13416438 0.7214566
3 0.9838409 0.72953737 0.31880295 1.0 0.70515984
3 0.9632315999999999 0.4867229 0.40978065 0.55881184 0.49736267
3 0.96270066 0.38973752 0.41895866 0.42255697 0.4671483
3 0.9140716 0.24971259 0.40659179999999995 0.32946348 0.48519364
3 0.83085716 0.44921000000000005 0.41381383 0.4892242 0.45319620000000005
3 0.7207756 0.33381587 0.4162098 0.35983092 0.46099472
3 0.6429146 0.33838359999999995 0.41451657 0.37044147 0.45432943
3 0.5253269 0.2546928 0.42106977 0.3112917 0.5150811
3 0.47954434 0.24861942 0.4007867 0.32802963 0.4581794
3 0.47733247 0.5230321 0.35032812 0.6297007 0.4517957
3 0.40531763 0.44433194 0.40927476 0.48089778 0.44608027
3 0.32500229999999997 0.34982324 0.41418728 0.37190205 0.44850942
3 0.30382859999999995 0.36326390000000003 0.41206622 0.37830395 0.44130757
