3 0.99632394 0.35168988 0.38920134 0.46344090000000004 0.548509
3 0.9933868 0.038671613 0.34356037 0.25648698 0.61329126
3 0.97516984 0.22028679 0.39695635 0.28289908 0.5184795999999999
3 0.9619821 0.64250475 0.34650716 0.9675937 0.6675389
3 0.8848864 0.54429054 0.3958862 0.671088 0.52131283
3 0.8531044 0.46044114 0.38884598 0.5163260999999999 0.45270893
3 0.7835828 0.26899055 0.4077558 0.32090506 0.4986755
3 0.74967957 0.29792379999999996 0.39149508 0.34697490000000003 0.4440571
3 0.6430610999999999 0.27039903 0.40623936 0.30051297 0.49997017
3 0.5817247 0.6148231 0.34503552 0.7012608 0.40451592
28 0.48247382 0.52079177 0.323203 0.6405821 0.41958320000000005
3 0.38471743 0.23270467 0.388892 0.28992197 0.49463135
