3 0.9932975 0.37354857 0.41792467 0.43963832 0.51194584
3 0.9923902 0.0 0.40376008 0.19826034 0.68320996
3 0.98515147 0.12510866 0.37768382 0.27101275 0.5723001
3 0.98268557 0.23999178 0.38383317 0.33031636 0.51762414
3 0.97653383 0.81333804 0.35759518 0.9946735999999999 0.73907924
3 0.9445787 0.47482416 0.40895647 0.5304614000000001 0.48054022
3 0.9182379999999999 0.0 0.33214065 0.102563635 0.41771957
3 0.8571690999999999 0.60251445 0.3355927 0.9118083 0.6493165
3 0.63471293 0.5729973 0.450362 0.63569015 0.5532448
3 0.57719797 0.43807959999999996 0.42501011 0.45959014 0.46921450000000003
3 0.5571668000000001 0.30918893 0.3928704 0.34288016 0.48731327
3 0.51523805 0.35124412 0.41910590000000003 0.37563226 0.46009308
3 0.47375137 0.08560319 0.35838443 0.15247977 0.41828096
3 0.47019815 0.5116385 0.42670935 0.5555928000000001 0.49295908
3 0.45594728 0.46978566 0.40622783 0.5162005000000001 0.46938854
3 0.44619492 0.596862 0.36276805 0.67423743 0.4449659000000001
3 0.44218206 0.526515 0.43403682 0.5527228 0.49496084
10 0.42247573 0.4427568 0.32416442 0.4570419 0.35356826
3 0.37697342 0.25036144 0.29444703 1.0 0.79716235
10 0.36880076 0.35422197 0.30727094 0.36666933 0.34495798
3 0.3108695 0.45111337 0.42425543 0.46945020000000004 0.46504503
