3 0.9975546000000001 0.30700517 0.37938535 0.46845559999999997 0.6062513
3 0.9961367 0.0023045093 0.35991445 0.21713457 0.6535831999999999
3 0.9672426 0.16821295 0.38128462 0.28975338 0.53875726
3 0.9006158999999999 0.2241679 0.35992876 0.32622242 0.49408776
3 0.74607533 0.47967297 0.32835338 0.7255246 0.49142182
3 0.69395775 0.4684503 0.37539932 0.5057429 0.4297746
3 0.58047885 0.18726406 0.33654392 0.24034995 0.3841639
10 0.51709664 0.38498995 0.28402033 0.40335986 0.3181087
3 0.44862759999999996 0.60052174 0.32938218 0.77574295 0.4861463
3 0.33519268 0.43637380000000003 0.37940785 0.45867774 0.43102208
