3 0.99138415 0.85195905 0.43673185 0.9979486999999999 0.7333783
3 0.9893281999999999 0.15040153 0.38740507 0.26638612 0.5723699000000001
3 0.98368233 0.2373024 0.41868004 0.30074152 0.5409507
3 0.9832598 0.38354346 0.41554055 0.43650833 0.49681035
3 0.9801319 0.53974706 0.41296524 0.6684445999999999 0.5725656
3 0.9798895000000001 0.0 0.3308603 0.19762346 0.6895564999999999
3 0.94657165 0.6237321 0.33213934 0.9047394 0.6321143
3 0.90247434 0.5106515 0.43454087 0.5681651 0.5192273000000001
3 0.8714881 0.8826815 0.40803793 0.9975492 0.5212588
10 0.86434424 0.2995335 0.18209384 0.32575083 0.26619232
3 0.8453019 0.3191454 0.41374040000000006 0.36254528 0.4743441
10 0.83292747 0.468674 0.23848908 0.48840666 0.29948106
3 0.8148241999999999 0.45451358 0.42244527 0.5083295999999999 0.47557299999999997
3 0.6242072 0.23885292 0.4161978 0.27642763 0.55340755
3 0.6199399999999999 0.8711708 0.42289495 0.9992525 0.6305925
28 0.579451 0.49553100000000005 0.31959683 0.65142316 0.43197292
3 0.53852654 0.19852597 0.41004902 0.28786883 0.55127877
10 0.39825597 0.447184 0.308025 0.46196136 0.3447653
3 0.3400225 0.43625057 0.42002964 0.49926668 0.46615702
