3 0.99536186 0.36688462 0.38745683 0.44302574 0.49395576
3 0.9808224 0.17551920000000001 0.3818361 0.28328648 0.5116156
3 0.9774893 0.5478076999999999 0.40985218 0.6496928000000001 0.51219684
3 0.96434325 0.24661249 0.38168785 0.32116902 0.48618487
3 0.9541814000000001 0.012793124 0.38483843 0.21712072 0.59708554
3 0.92760885 0.47452018 0.38369462 0.5331815 0.46284252
3 0.9258844999999999 0.48031357 0.3946356 0.54482996 0.47591326
3 0.8952507 0.6194769 0.29251942 0.97615254 0.64929056
3 0.84741545 0.43373394 0.38373435 0.4722575 0.43156666
3 0.7074195 0.44699305 0.3852364 0.46999055 0.43275747
3 0.7016319999999999 0.46760646 0.37493226 0.5165246 0.4399964
3 0.6863278 0.25263220000000003 0.3819533 0.29510729999999996 0.496879
3 0.63578105 0.30340913 0.3845912 0.34903952 0.449899
3 0.5821609000000001 0.30336162 0.38830864 0.32767126 0.45785248
10 0.4799753 0.35671484 0.30693424 0.37241834 0.34848943
3 0.36113128 0.09457405 0.37182185 0.21885575 0.5783054
