3 0.9796282 0.11222353 0.6225651999999999 0.18266061 0.7162663
3 0.97162694 0.5187491 0.62440777 0.6238643 0.74084365
3 0.9405870000000001 0.57199335 0.60648245 0.77157307 0.78332305
3 0.84023595 0.17677528 0.6254595000000001 0.21744189 0.6987146
3 0.80191416 0.760847 0.43298474 0.99455357 0.8050745
3 0.6653616 0.40072453 0.6467063 0.4384709 0.7012274000000001
6 0.56114835 0.4325518 0.5592751 0.5561924 0.7269813
3 0.5451884 0.3540337 0.65042603 0.38065672 0.6873446999999999
3 0.46730632 0.19245365 0.62608796 0.21992347 0.69735163
3 0.44726276 0.32658476 0.65488786 0.34345359999999997 0.68249565
8 0.43470553 0.4378338 0.5719615 0.5621476 0.7266281
3 0.40482736 0.17167449 0.6255172 0.18548799 0.7032596999999999
8 0.32891923 0.7568446999999999 0.441489 0.99869066 0.77736783
