1 0.9786456 0.9323323 0.4014276 0.9959183000000001 0.7342863000000001
1 0.9781658000000001 0.0022129249 0.46187237 0.040461205 0.6309488
3 0.9554063 0.503789 0.477904 0.63310546 0.6755829000000001
1 0.93998504 0.7184965 0.47669083 0.74607366 0.59850353
3 0.92316425 0.43830368 0.5029461 0.4826214 0.57545507
8 0.8899031 0.21490648 0.47222890000000006 0.29823115 0.65423447
3 0.86269337 0.12780827 0.5224420999999999 0.20834681 0.6034005
6 0.80338925 0.5005655999999999 0.43667635 0.5606974 0.5525338000000001
1 0.7966521 0.76667196 0.48024645 0.7886035 0.5919962
3 0.691315 0.37282926 0.4799889 0.4417677 0.60073584
28 0.6707972 0.7465275 0.4578518 0.7848889 0.4888567
1 0.6479022 0.35350493 0.49768585 0.36792693 0.56685764
1 0.6083318 0.32635385 0.50088674 0.34197778 0.57810885
1 0.58460134 0.35840170000000005 0.49294943 0.37122259999999996 0.5663813
28 0.58390605 0.74542725 0.4515566 0.7848649000000001 0.48015273
1 0.5791814999999999 0.6481792 0.4890912 0.6648811 0.5633295
1 0.54203516 0.30909118 0.5046183 0.32527605 0.58727336
1 0.49719414 0.34623462 0.4938194 0.35978649999999995 0.5645401
1 0.47500458 0.30286023 0.50699544 0.31643125 0.5948602
3 0.37481034 0.47464162 0.49653116 0.49746388 0.5589139
1 0.34786257 0.75587785 0.477196 0.77577424 0.5852359
