1 0.99344975 0.8997196 0.48141167 0.9452584999999999 0.62923735
3 0.98766255 0.00033796206 0.5422415 0.079197615 0.78690666
3 0.98762053 0.02093479 0.535658 0.16642845 0.7267773
3 0.9783927 0.29231405 0.50689495 0.49996847 0.7929321
3 0.9612018 0.7259216 0.5335072 0.81895906 0.6047878000000001
3 0.92844105 0.5422128 0.5231845 0.6882383000000001 0.6161746
1 0.8373225000000001 0.79604954 0.51271677 0.82406074 0.62238795
1 0.70129365 0.7012778000000001 0.522859 0.72537404 0.60796064
3 0.60472965 0.16306233 0.57300144 0.18969741 0.64150125
3 0.560087 0.015072435 0.53796554 0.11261587 0.7559319
3 0.53038394 0.28822416 0.543999 0.31779724 0.6146124
8 0.5257297 0.18614602 0.50765234 0.29273713 0.6914718000000001
1 0.5107068 0.83576375 0.5090779999999999 0.86300033 0.6319151999999999
3 0.48397959999999995 0.18278825 0.5062924 0.29409 0.69242316
1 0.44656652 0.51483566 0.5352128 0.53513724 0.6034421
1 0.38832890000000003 0.47863722 0.5385135999999999 0.50174177 0.59923035
