8 0.954625 0.2215857 0.2772684 0.29951185 0.38711026
3 0.9088166999999999 0.43032762 0.19402374 0.46646723 0.23203629999999997
8 0.8912110999999999 0.5467303000000001 0.20117076 0.65199906 0.41382915
8 0.88099176 0.52680606 0.12088547 0.69444007 0.24453688
8 0.7980917 0.5323956 0.12794408 0.6830583 0.30214742
10 0.7759636999999999 0.5552855999999999 0.0368638 0.5715039000000001 0.07966799
3 0.7665095999999999 0.46924090000000007 0.19101004 0.5146890000000001 0.22206368
3 0.7613388000000001 0.5394975000000001 0.3327748 0.6300919 0.44079968
8 0.73766375 0.31363675 0.22546169 0.37508109999999995 0.30264518
10 0.6734518 0.61080825 0.031888936 0.6252124 0.07176687
10 0.6115233 0.6894461 0.037396464 0.7016272 0.07358309
