1 0.99997437 0.65244126 0.43884152 0.7768181 0.86603945
10 0.99085665 0.313802 0.09418071 0.35011244 0.20292468
10 0.9810806000000001 0.57103664 0.081973344 0.60800666 0.19826248
3 0.94880867 0.21974728 0.5216777 0.2947474 0.6103417
10 0.89849395 0.86931986 0.08544131 0.90230054 0.17567173
10 0.8493710999999999 0.849714 0.37934738 0.8783549999999999 0.4269076
3 0.7829756999999999 0.47856015 0.49372676 0.6020424 0.6546941
3 0.6709706999999999 0.14668086 0.5246152 0.2147714 0.5971074000000001
10 0.63727254 0.41597095 0.27632870000000004 0.4393651 0.33009318
3 0.55971855 0.17093892 0.5200749 0.29805377 0.6083017
3 0.30726135 0.16956949 0.5267847 0.21109073 0.6001017
