3 0.9702373 0.9422738000000002 0.5288056 0.97484154 0.59579027
3 0.9651149 0.40410554 0.6097847 0.45502955 0.68962
3 0.9547103000000001 0.19078432 0.69739544 0.26021615 0.81079876
3 0.94676346 0.31667852 0.61281246 0.37782085 0.71386343
3 0.94439495 0.11868946 0.765468 0.21399535 0.92320263
8 0.9243476999999999 0.84048694 0.19877012 0.9406293 0.28111985
3 0.9198951999999999 0.37493837 0.42458344 0.41287535 0.48450568
3 0.87256783 0.3871982 0.54256696 0.42893314 0.6271317
8 0.7757829 0.29331338 0.5663048 0.3559972 0.67664176
3 0.72559893 0.4677017 0.5968694999999999 0.5087555 0.6568630999999999
3 0.6235078000000001 0.83444464 0.3285809 0.8603661 0.36553004
3 0.56433874 0.41262713 0.52245784 0.44732198 0.57511085
3 0.5387088000000001 0.48776814 0.46439480000000005 0.51830506 0.5004670999999999
3 0.5252669 0.90376866 0.49425307 0.9470886000000001 0.56324834
8 0.43011459999999996 0.90511125 0.49228388 0.9463913 0.5648407
20 0.33453545 0.68501955 0.26936036 0.8417055 0.6693972
3 0.33308718 0.8052066999999999 0.25331196 0.8438261 0.28945056
3 0.32188076 0.4442808 0.43074587 0.47455633 0.47046003
