3 0.9962146999999999 0.6328887 0.63723546 0.82913697 0.83027565
1 0.99144745 0.35999697 0.6019097 0.38520294 0.7284345
3 0.99052423 0.057394862000000005 0.6009131 0.22182047 0.7991764
3 0.9684050999999999 0.19556600000000002 0.63271075 0.2481288 0.74644035
3 0.9437533000000001 0.5699107 0.6329397 0.67837995 0.7542658
3 0.92676216 0.22597289 0.62186825 0.29191405 0.7144259
3 0.8892899 0.5095485 0.6265062 0.5535968000000001 0.7024697
3 0.82385457 0.49466106 0.61750484 0.5472068 0.6933228
3 0.8180772 0.44691497 0.6155646 0.47982520000000006 0.66138154
3 0.65983224 0.27472916 0.60242146 0.32426724 0.6819776
3 0.6307272 0.47995555 0.61034757 0.5379205 0.6806522
8 0.59159726 0.53637046 0.57984084 0.63998836 0.7155964
1 0.5571376 0.8719131999999999 0.47855413 0.89481795 0.6075534
3 0.5042487 0.19723846 0.6330981999999999 0.23029141 0.7570674
3 0.43246797 0.5422745 0.59272385 0.6530335999999999 0.7261948
3 0.40608764 0.26565233 0.6098106 0.31284472 0.6924935000000001
3 0.36502346 0.473292 0.61084926 0.5212535 0.67172796
3 0.31396982 0.5038944000000001 0.6216166 0.53647333 0.69502807
8 0.30826950000000003 0.27341852 0.600507 0.3249484 0.6839299
