3 0.9981148000000001 0.87966573 0.35283113 0.9976116 0.70093375
1 0.9980614999999999 0.48829108 0.3328113 0.5905294 0.55776036
3 0.9761386999999999 0.7829119000000001 0.33687624 0.93096447 0.5910774000000001
3 0.96443087 0.0060744053 0.36204678 0.30470840000000005 0.52848953
3 0.9514788000000001 0.88688827 0.35718340000000004 0.9658783000000001 0.6607811
3 0.9497088 0.83568317 0.3514679 0.9688373 0.64407116
3 0.90105224 0.7137203000000001 0.34197927 0.96817017 0.59472334
3 0.76757056 0.1387595 0.34928113 0.37380907 0.50184053
3 0.68275315 0.6216348 0.32673457 0.86879534 0.5394585999999999
3 0.63464105 0.74804574 0.38154970000000005 0.81388587 0.5636789000000001
3 0.5689429 0.60249776 0.34519002 0.6646529 0.45526654
3 0.46006355 0.69842505 0.34350064 0.8429509 0.55091023
8 0.39366764 0.6354068 0.33139706 0.8471249 0.53488123
3 0.3462903 0.75462544 0.34936842 0.9018790000000001 0.5688324
