3 0.9908298000000001 0.6866639 0.51384 0.7645163 0.58977956
3 0.9630061 0.578853 0.50721496 0.6492401 0.57976
3 0.94870144 0.3721056 0.53246224 0.7022592 0.8152956
3 0.89105433 0.37459022 0.48498209999999997 0.48090658 0.56180567
3 0.819001 0.04175848 0.47771840000000004 0.18060120000000002 0.58719546
10 0.7986878000000001 0.9590985999999999 0.3791651 0.9865993000000001 0.45581627
10 0.7084843000000001 0.46592692 0.39943898 0.47752520000000004 0.43161356
10 0.5593156 0.72670126 0.4438583 0.73951757 0.4895665
9 0.5202738 0.7860760999999999 0.5048843 0.85822785 0.55462205
10 0.44333646 0.46363354 0.40236107 0.47427413 0.42989355
10 0.4005013 0.72229 0.44413915 0.73400897 0.48764858
10 0.30433136 0.8302855 0.33210334 0.84360826 0.37253186
