3 0.99835795 0.06932258 0.56831944 0.24278553 0.7429
3 0.9915976000000001 0.6085566 0.5389996 0.72699034 0.7002440999999999
3 0.9883888000000001 0.46540976 0.5336615 0.56390333 0.6478585
3 0.9733978000000001 0.3092287 0.49546576 0.40732002 0.6156113000000001
3 0.96187633 0.018654943 0.508103 0.103383936 0.6087004
3 0.94732744 0.7031245 0.5010451 0.78389096 0.6100614000000001
3 0.9453379999999999 0.0 0.5460614 0.046782475 0.8026248
3 0.88167626 0.21281397 0.49167380000000005 0.29594615 0.5673524
3 0.81183106 0.37431264 0.4942682 0.44009960000000004 0.56154346
3 0.8013756 0.12918873 0.48505200000000004 0.20600714 0.5608284
8 0.7606066999999999 0.52205056 0.47589225 0.6296255000000001 0.5923725000000001
10 0.71191496 0.79501396 0.20967288 0.81230676 0.26908416
3 0.6995453 0.485957 0.5112247 0.5943556999999999 0.6303309
10 0.6402936 0.42167938 0.20394762 0.43876478 0.26683670000000004
10 0.46250314 0.660927 0.20527439 0.67978585 0.27340138
3 0.43143925 0.5112260000000001 0.48681712 0.6135811999999999 0.6029631
10 0.37339026 0.04552550599999999 0.14591095 0.06373775 0.22086294
3 0.35673028 0.72458196 0.47925672 0.8081154 0.56935173
