3 0.9898116 0.2840258 0.42571828 0.41466853 0.57621217
3 0.98611814 0.6131763000000001 0.43890290000000004 0.7063068 0.56246245
3 0.9847530999999999 0.6948575 0.368985 0.99532247 0.6715623000000001
3 0.98164177 0.02563249 0.40106179999999997 0.3298066 0.6637202
3 0.95239514 0.578038 0.45855805 0.6215473000000001 0.5360726
3 0.8343794 0.39448702 0.45029587 0.43910420000000006 0.5463806
3 0.77135545 0.5426649 0.46946332 0.57285386 0.5159457000000001
3 0.7343466 0.4268041 0.45857546 0.4669392 0.527771
3 0.69104093 0.41299602 0.45406893 0.4449792 0.54015625
3 0.62932503 0.44370613 0.46201809999999993 0.48397005 0.51956266
3 0.5794385 0.55296195 0.4712487 0.5739733 0.5187428
3 0.43555072 0.42856783 0.462742 0.45085675 0.5344919
3 0.40943074 0.44382414 0.46594325 0.46628296 0.52406406
3 0.3291571 0.45815974 0.46814570000000005 0.48193052 0.51978606
