3 0.9888359 0.49044752 0.43274304 0.6732640999999999 0.5663639
3 0.7250134 0.58943963 0.45559877 0.8866613999999999 0.5542078
3 0.15160383 0.7892239000000001 0.6398092 0.97744656 0.9631652
3 0.10269831 0.61676526 0.45678797 0.7295275999999999 0.5037515
3 0.086993426 0.5635403 0.48529620000000007 0.6812993 0.57333106
8 0.046225913 0.7869980999999999 0.68797886 0.9621632 0.96461946
3 0.045974962 0.8436428 0.45142278 0.9514956 0.49724656
8 0.041553423 0.46685413 0.43897438 0.7171841 0.57607085
3 0.028619116 0.90978175 0.43719286 0.99529463 0.47711006
3 0.027556375 0.8490822 0.43444052 0.95124847 0.48504457
3 0.016936775 0.54785174 0.4320983 0.6604433000000001 0.48212546
3 0.016502867 0.88433117 0.43666846 0.9806870999999999 0.48090887
8 0.01091863 0.4485639 0.47591054 0.9306976999999999 0.9405421999999999
3 0.008213601 0.870711 0.44871658 0.98442185 0.493758
13 0.00617959 0.76992786 0.7106201 1.0 0.9667008
8 0.005915046 0.50316244 0.37485585 0.92026496 0.6525143
8 0.004555795 0.81193167 0.6863059 0.9510552 0.8831530000000001
3 0.00453983 0.5485134 0.43762106 0.8262528 0.5500078
8 0.0043469593 0.84182394 0.44855765 0.9517875 0.49808615
8 0.0038866854999999997 0.5801038000000001 0.45147395 0.8798945 0.56676835
3 0.0038470746999999996 0.55907494 0.42275977 0.9219815999999998 0.63035023
3 0.0032581093 0.5055168999999999 0.51047915 0.9572054 0.9129818000000001
3 0.0026809921999999997 0.48399878 0.44388327 0.62117714 0.559116
3 0.0026026743 0.6575970999999999 0.4520456 0.8297768 0.50989
8 0.0025719876999999998 0.8439677999999999 0.43775895 0.9409335999999999 0.4843059
8 0.00255108 0.90152305 0.43131003 0.9947299999999999 0.48185396
8 0.0021808841 0.8712851999999999 0.43357795 0.9768976999999999 0.48241127
13 0.0016014342000000002 0.4935924 0.429953 0.7291903000000001 0.5969713000000001
8 0.0015783913 0.5659134 0.45169836 0.94870895 0.76831365
8 0.0015295851 0.69539654 0.69221234 0.9467578000000001 0.9864536
8 0.0014681687 0.8023922 0.7344565 0.9361398999999999 0.89944685
3 0.0013460585999999998 0.41205055 0.42499438 0.90964603 0.9756007
8 0.0013090033 0.62087286 0.40893567 0.9271676999999999 0.9931085999999999
3 0.0011852884 0.8117936 0.43255198 0.90968764 0.48699883
3 0.0010736561 0.6349587 0.46608928 0.85858625 0.53231627
8 0.0010298669 0.34349188 0.32309344 0.84543645 0.9606857
8 0.0010262516 0.14493373 0.32114437 0.7915230999999999 0.8456030999999999
13 0.0009945483 0.47581312 0.47560015 0.6925573 0.60942185
3 0.0008768503 0.5999896 0.45556417 0.7245062 0.5395776999999999
13 0.0007850126 0.6490066999999999 0.45475408 0.8659388000000001 0.6099955
13 0.0007843149400000001 0.43754455 0.47365898 0.6466090999999999 0.5855164
1 0.0007719807 0.5050368 0.4814219 0.72081274 0.59663427
3 0.0007403139 0.57700425 0.46747953 0.69891346 0.55382353
8 0.000717854 0.5357325 0.24558249 0.9030784 0.90159243
13 0.0006907882600000001 0.70762277 0.7557736999999999 1.0 0.9904035
3 0.0006518208000000001 0.5769269 0.49817175 0.9932201999999999 0.77745664
11 0.0006394951 0.46979836 0.39140240000000004 0.59242094 0.56843525
7 0.0006319688 0.47320235 0.41608167 0.74887955 0.6051975
13 0.0006180696700000001 0.49262777 0.45040807 0.6438311 0.652885
1 0.0005878287999999999 0.39054015 0.44850070000000003 0.60220206 0.5520509
7 0.0005723179 0.6964461 0.61954004 0.974986 1.0
8 0.00056548126 0.5681326 0.48296252 0.66144997 0.56766015
3 0.00055444584 0.61366546 0.37943074 0.96797603 0.9762084000000001
9 0.000541016 0.79963326 0.65299517 1.0 0.9032424000000001
1 0.00053163443 0.50059 0.45008266 0.7108074000000001 0.56203896
13 0.00051478203 0.61603147 0.45718339999999996 0.7079671999999999 0.5222468
3 0.0005095421 0.8126357 0.67503315 0.9929046999999999 0.88049656
13 0.0005015423 0.55426824 0.4563548 0.80890083 0.6064016999999999
9 0.00049980904 0.54429066 0.45210177 0.76346916 0.57243216
3 0.00048340907 0.6634591999999999 0.59165156 1.0 0.98931015
7 0.00048111422999999994 0.41506980000000004 0.44895968 0.70242196 0.6402585
5 0.00047304385 0.43610984 0.48732337 0.62261665 0.66883713
5 0.00046826788000000003 0.35094604 0.44343773 0.6569724 0.5652834
2 0.00045985739999999996 0.5093065999999999 0.4132482 0.7357925000000001 0.55222416
8 0.00044750815000000005 0.61386037 0.44682115 0.7107180000000001 0.51226336
9 0.00044245037000000003 0.5162802 0.42254514 0.74521697 0.53224707
12 0.00044109765 0.5015596999999999 0.40096697 0.75130475 0.5474735
12 0.00043182775999999997 0.48695523 0.37194040000000006 0.73428327 0.50999135
5 0.00042696355 0.44851179999999996 0.4670508 0.763512 0.6082569
1 0.0004028451 0.46954215 0.42017362 0.668607 0.5238696
13 0.0004012017 0.47251022 0.41739854 0.92569625 1.0
7 0.00039537922999999996 0.381708 0.4017739 0.63321203 0.6055656
3 0.00038960428 0.81006545 0.45357879999999995 0.91087294 0.5045701
3 0.0003842151 0.92442364 0.4468812 1.0 0.49526298
11 0.0003841386 0.79921657 0.7346516 0.93376034 1.0
11 0.00038111747999999997 0.48487228 0.34066355 0.60613585 0.65808797
1 0.00036276385 0.39400494 0.4830156 0.6050079 0.590503
8 0.00034434343 0.5090357 0.41767687 0.65883315 0.5821236999999999
3 0.00033776858 0.6191348000000001 0.45640174 0.70208114 0.55359614
13 0.00033447087999999997 0.5760458 0.49812108 0.6559235999999999 0.5941829000000001
7 0.00033445668 0.56301004 0.42662272 0.8289361999999999 0.6190409
13 0.00033143157 0.5442802 0.43586183 0.6411081999999999 0.49335277
13 0.0003162199 0.572146 0.50150716 0.6841146 0.57331747
8 0.00030940567000000004 0.81210923 0.4326348 0.89252347 0.48331127
3 0.00030787694 0.5391129 0.43194297 0.6649268 0.53290445
6 0.00029823664 0.43429396 0.48031476 0.76768714 0.61799824
5 0.00029780078 0.4076367 0.48155645 0.6885319000000001 0.62857825
7 0.00029445002999999996 0.47161487 0.37774026 0.67294014 0.67188907
3 0.00029438914 0.7660640000000001 0.6995679 1.0 1.0
11 0.0002907422 0.5275651 0.41547486 0.6798079 0.6456889
13 0.00028923203 0.8217082 0.45523270000000005 0.91769224 0.51339614
11 0.00028471372 0.6521904000000001 0.4032476 0.8040044 0.5767874
1 0.00028232776 0.69505566 0.73003584 0.9666145 0.9845923000000001
11 0.00027842584 0.45875826 0.40555766 0.62658036 0.6420413
4 0.00027533495 0.5448198000000001 0.41560826 0.7526109000000001 0.6023873000000001
13 0.0002726947 0.7627397 0.7468754 1.0 0.9044523000000001
3 0.00026798295 0.5041445999999999 0.68836623 0.9541533999999999 0.9783574
8 0.00026422256000000003 0.41659018 0.34143475 0.83421606 0.62359804
3 0.0002556385 0.59956986 0.43539628 0.6973858000000001 0.48028946
9 0.00025477367999999996 0.45765513 0.42749137 0.6264647 0.5519456
3 0.0002517879 0.5911917 0.44748822 0.7023351999999999 0.51907635
2 0.00024554535 0.49769932 0.43150379999999994 0.6623858 0.5855763
8 0.00024236091 0.48176467 0.6852284000000001 0.85348064 1.0
11 0.00023707081000000002 0.58012974 0.40043533 0.7295304 0.59544194
12 0.00023652556 0.50329936 0.38175282 0.67136306 0.562949
3 0.00023050183999999999 0.7914317 0.4352992 0.8795045 0.48511842
12 0.00022763757000000002 0.42890242 0.40381137 0.6746785 0.5365979000000001
5 0.0002259665 0.34120068 0.47530508 0.61812043 0.6270906999999999
5 0.0002250317 0.57050073 0.46915197 0.82413363 0.59000057
8 0.0002225086 0.5289203 0.43619716 0.6422894 0.48887129999999995
12 0.00020766663000000002 0.6416105 0.43114692 0.89411795 0.56940275
13 0.00020565034 0.8176687 0.42628396 0.9317386000000001 0.49415442
1 0.00020181306000000002 0.6370960999999999 0.47095529999999997 0.86736524 0.5800509
1 0.00019949005000000002 0.50609684 0.42756593 0.66558754 0.5813986
8 0.00019849863 0.37385467 0.3998246 0.8301155000000001 0.6879456
2 0.00019414481 0.52340317 0.37687683 0.74570775 0.52174693
11 0.00019195199 0.53786445 0.36191090000000004 0.6460673000000001 0.65516347
1 0.00018825724999999997 0.47774458 0.46830523 0.6381393 0.6207691999999999
6 0.00018562473999999998 0.39914656 0.45663329999999996 0.6828481 0.58925986
9 0.00018128785 0.8101183000000001 0.72915864 1.0 0.93684196
1 0.00018118713 0.45985088 0.4989763 0.61581516 0.65533614
10 0.00017628967 0.56818014 0.38026279999999996 0.7474799 0.5917205
2 0.00017505321 0.7185173 0.6736319000000001 1.0 0.98178947
8 0.00017434474 0.5001968 0.44642659999999995 0.61579835 0.5440324000000001
13 0.0001742561 0.5376994 0.4172303 0.9392537000000001 0.6993965999999999
9 0.00017417144000000001 0.5346748 0.4480035 0.6635116999999999 0.6198154
8 0.0001733986 0.52230024 0.43514970000000003 0.8068808000000001 0.56884396
1 0.00017306926 0.57383657 0.47049332 0.8029421 0.5724090999999999
4 0.00017217766 0.4866964 0.43361583 0.7002863 0.6239808000000001
13 0.0001701398 0.9051063 0.43563494 0.9930856 0.4895127
9 0.00016977827000000002 0.5580063 0.41631576 0.6974496 0.5843861
13 0.00016677202 0.48121732 0.44719709999999996 0.625748 0.5377274000000001
5 0.00016631893 0.7115749 0.70521724 1.0 0.97261983
7 0.00016350791000000001 0.33798888 0.4649304 0.63961256 0.640785
10 0.00016280258 0.5795998 0.31586087 0.69394517 0.60396826
2 0.00016153864 0.43108204 0.42233350000000003 0.6738845 0.5397881
2 0.0001614885 0.44139639999999997 0.39467382 0.6839429 0.5049956
4 0.00014942767 0.8141802 0.660288 1.0 0.98137593
9 0.00014736304 0.7071733 0.45785198 0.8930853000000001 0.5782079999999999
13 0.00014647018 0.93527764 0.43132088 0.99713814 0.49157172
1 0.00014498341999999998 0.46069336 0.5027323 0.6850798 0.61795235
11 0.00014271219 0.72383064 0.40952283 0.8672158000000001 0.57201564
5 0.00014189453000000002 0.6236388 0.47688466 0.8828166999999999 0.60199046
3 0.00014175089 0.59032446 0.47574735 0.6747348000000001 0.58819455
6 0.0001399024 0.68610686 0.7082115 1.0 0.97340924
3 0.00013956214 0.5042629 0.42607814 0.6022171 0.47745225
13 0.0001367982 0.8530253000000001 0.42966062 0.96200985 0.49083614
11 0.00013651713 0.5190874 0.3506038 0.6245848 0.6121789000000001
10 0.00013243979 0.5249269 0.3592155 0.69874203 0.5290731
6 0.00013100676000000003 0.39946 0.40898696 0.8354351999999999 0.5724433000000001
13 0.00012813392 0.72601104 0.69585985 0.9641174000000001 0.86087954
2 0.00012790799999999998 0.41652992 0.45807192 0.6793039000000001 0.5764989
9 0.0001265398 0.51097137 0.47537482 0.70563215 0.60249233
4 0.000121844954 0.559107 0.38924098 0.7402032 0.5232812
2 0.00011715408000000002 0.6727095999999999 0.4215874 0.88064045 0.55740106
2 0.00011554361999999999 0.62902856 0.45477104 0.8442763000000001 0.5657734000000001
9 0.00011409620000000001 0.5593245 0.42330033 0.8814134 0.6762031
5 0.00011213891400000001 0.83126044 0.46591687 0.92586434 0.51400197
12 0.00011151183999999999 0.7822291 0.6353175999999999 1.0 0.9008188
6 0.00010783506000000002 0.43347502 0.39478016 0.7641496 0.5373794
8 0.00010764169599999999 0.64744675 0.6154175999999999 0.9378992 1.0
7 0.00010458816500000001 0.6371757 0.40778854 0.87609714 0.5948219
7 0.00010431946 0.8196790999999999 0.42117655 0.91174114 0.48801473
3 0.0001025082 0.5752147 0.43580818 0.65298843 0.5238333
5 0.00010054449 0.80510753 0.44440386 0.91999876 0.4833156
9 9.983046999999999e-05 0.6304975 0.45833284 0.80714005 0.5906069
3 9.967212e-05 0.48149467 0.42924786 0.58404785 0.5339823
10 9.809019e-05 0.78652036 0.5977232 0.97839355 1.0
1 9.796896000000001e-05 0.4536 0.44864064 0.6160501 0.58640647
13 9.745826499999999e-05 0.79539424 0.7994613 1.0 0.94342107
11 9.56017e-05 0.5874293 0.33741859999999996 0.687245 0.5992246
4 9.465809000000001e-05 0.6711524 0.42176765 0.9081902000000001 0.5641472
4 9.361652e-05 0.5562665 0.37841153 0.69382286 0.5905083999999999
5 9.35984e-05 0.47841933 0.63496196 0.87912947 1.0
13 9.32312e-05 0.48437579999999997 0.44906840000000003 0.55351144 0.56921864
9 9.2773815e-05 0.64014393 0.4243651 0.9803120999999999 0.6613241999999999
5 9.234799e-05 0.42843893 0.4381566 0.7482304 0.5408563
7 9.1172114e-05 0.82887983 0.45129696 0.9395 0.51688004
9 8.973606e-05 0.51994944 0.47187373 0.63743055 0.6526794
1 8.851554e-05 0.58711815 0.49885470000000004 0.8166114000000001 0.60481334
8 8.784873e-05 0.6091423 0.16602579999999997 0.9314912000000001 0.7071851
9 8.635584500000001e-05 0.46294147 0.47116747 0.63438 0.5955581999999999
8 8.503982e-05 0.49238443 0.45357066 0.5533501000000001 0.551331
2 8.454017400000001e-05 0.6353714 0.42951720000000004 0.84755766 0.5386645999999999
10 8.453571e-05 0.7232748999999999 0.40787002 0.8982395000000001 0.58952427
10 8.369140400000001e-05 0.5037724 0.43180263 0.72477484 0.6152969
7 8.3372346e-05 0.59273326 0.45007223 0.72554564 0.5270285
11 8.329642e-05 0.86614364 0.44763687 0.9267402 0.5182747999999999
10 8.288803e-05 0.6557571999999999 0.43372977 0.84480643 0.58231425
9 8.275959000000001e-05 0.48940536 0.4427915 0.6084204000000001 0.6284153
13 8.045914e-05 0.7787466 0.42898846 0.87933564 0.49266866
3 8.036544e-05 0.5454829999999999 0.42990565 0.6392139 0.5662286
8 8.0064485e-05 0.5668954 0.49858436 0.9004056999999999 0.86737907
8 7.991516e-05 0.79144216 0.78764796 0.9092719000000001 0.9283313
13 7.903574e-05 0.8468206 0.45311683 0.9564421999999999 0.51192796
8 7.880031999999999e-05 0.09396768 0.36865628 0.45976629999999996 0.9152073000000001
3 7.744095999999999e-05 0.5442804 0.29369962 0.961878 0.8156366999999999
6 7.682986e-05 0.53272307 0.4597164000000001 0.92879575 0.58524907
7 7.5765325e-05 0.5743954000000001 0.48206553 0.65898955 0.60359204
10 7.54542e-05 0.86663085 0.45322470000000004 0.94928205 0.5140979999999999
9 7.540730400000001e-05 0.51248044 0.42052886 0.63239807 0.60028595
10 7.531791000000001e-05 0.5257299 0.4160032 0.6936071999999999 0.66538405
3 7.5014126e-05 0.49992207 0.44671953 0.7118495 0.59584063
10 7.365378000000001e-05 0.59846085 0.4394737 0.79938287 0.57304966
10 7.3303425e-05 0.86122495 0.4248263 0.94575924 0.4823527
11 7.281093000000001e-05 0.5242918000000001 0.40115252 0.6534405 0.575743
3 7.099483e-05 0.59987664 0.46449336 0.77981824 0.530564
10 7.031748999999999e-05 0.602621 0.47867188 0.67088056 0.5983619000000001
1 6.938193e-05 0.32765459999999996 0.39679155 0.8506154 0.6065274
7 6.931458000000001e-05 0.8418204 0.42321166 0.9327633 0.49045798
8 6.906494e-05 0.79236966 0.43058416 0.85870147 0.48085943
10 6.803805999999999e-05 0.8869992 0.42325556 0.9623169 0.48241237
11 6.753526e-05 0.58143574 0.29784486 0.8720245999999999 0.6797346
11 6.739076999999999e-05 0.57169473 0.388121 0.6823682 0.5382239999999999
10 6.669054e-05 0.43995506 0.39245707 0.6329231 0.55186605
13 6.628165e-05 0.68381286 0.46224022 0.8066972 0.5173987
8 6.6259774e-05 0.4449816 0.17866173 0.8507596 0.7094261
9 6.452972e-05 0.81187963 0.7583582 1.0 0.87671846
12 6.424918e-05 0.5991129 0.40028745 0.8297370000000001 0.5462164
7 6.1971296e-05 0.34030205 0.37951928 0.90726864 0.75606215
11 6.180971e-05 0.93395585 0.42878821 0.986728 0.48642159
13 6.17993e-05 0.42272475 0.13318807 0.9021486999999999 1.0
3 6.1480336e-05 0.63215256 0.45947438 0.8026300000000001 0.546855
4 6.130079e-05 0.45726204 0.41501355 0.6408128000000001 0.5539571999999999
12 6.1238425e-05 0.7858189999999999 0.56829005 1.0 0.8271521999999999
8 6.0629085e-05 0.8090389 0.44942266 0.88720757 0.5025609000000001
12 6.0322756e-05 0.56855494 0.43033009999999994 0.8132866999999999 0.5805733000000001
5 6.0218466e-05 0.39703540000000004 0.46208918 0.8666696 0.67431635
3 6.0021892e-05 0.47922993 0.38508275 0.8551846 0.5873096999999999
12 5.9641509999999995e-05 0.46862248 0.41386807 0.6362415 0.59620726
12 5.9510065e-05 0.54252225 0.44388902 0.6688354999999999 0.5205087
3 5.8956673000000004e-05 0.22581149999999997 0.38167673 0.91152126 0.8405928
2 5.7241537e-05 0.5444385 0.35234275 0.6863183 0.54255044
1 5.7060977000000005e-05 0.5659643 0.4342 0.7898444 0.5264004
13 5.6898617999999993e-05 0.4904107 0.47814524 0.64923966 0.5477996999999999
1 5.6322977e-05 0.6343496999999999 0.43469359999999996 0.84837896 0.53522694
13 5.6178098e-05 0.6233328 0.44975662 0.6946693 0.54314864
13 5.6166853000000004e-05 0.6642697 0.27430996 1.0 1.0
6 5.6029340000000005e-05 0.83106536 0.46476695 0.9745073000000001 0.50967264
5 5.5707973e-05 0.41234124 0.6403876000000001 0.7926833000000001 1.0
8 5.5061085999999995e-05 0.024238586 0.45593324 0.21644402 0.93410563
6 5.448398e-05 0.6961082 0.64894545 1.0 0.8938299999999999
13 5.3876156000000004e-05 0.52682817 0.44021899999999997 0.6439799 0.54274154
13 5.2234754999999994e-05 0.48635218 0.46171698 0.5831365 0.5625025
10 5.1779403e-05 0.50126946 0.39953175 0.64388067 0.6317209
1 5.158843e-05 0.6894831 0.66714084 0.9431383 0.9096884
11 5.1144685e-05 0.84703964 0.44904542 0.9046103999999999 0.51750946
9 5.0825707e-05 0.5770983000000001 0.49106354 0.9439408000000001 1.0
11 5.0220245999999996e-05 0.8694458 0.43313682 0.9195101999999999 0.4880956
2 4.929933e-05 0.85314435 0.45134223 0.9431456 0.5006254
11 4.928459e-05 0.85136694 0.43469309999999994 0.89629126 0.4879656
2 4.885133e-05 0.76136804 0.6191005 1.0 0.90440124
13 4.8342943e-05 0.013520411999999999 0.26531318 0.43894684 1.0
1 4.8101636e-05 0.3590528 0.40080392 0.83532673 0.8516458
12 4.794159000000001e-05 0.48835135 0.44325134 0.73993254 0.5831119
1 4.6702873e-05 0.8353804 0.4661013 0.92623913 0.50869143
1 4.669972e-05 0.8161965 0.46418184 0.9044419 0.50741535
13 4.6698104000000004e-05 0.798248 0.4509303 0.89690214 0.5177130999999999
1 4.6686055e-05 0.59906095 0.46545503 0.70443726 0.5166119
3 4.6221634000000004e-05 0.09535084 0.3884608 0.5124507 0.9261591
10 4.6103842999999995e-05 0.9069546999999999 0.42371374 0.9822531999999999 0.4828674
2 4.5742163e-05 0.82992196 0.452245 0.92219794 0.5013226
11 4.5677676e-05 0.60684234 0.47653607 0.65696204 0.58905286
7 4.56599e-05 0.5615206 0.6515166 0.9459966000000001 1.0
8 4.4899916000000004e-05 0.9308296999999999 0.43883932 0.99596286 0.49543682
10 4.4826767e-05 0.46132034 0.44387659999999995 0.67587364 0.6225084
6 4.4430977000000006e-05 0.4538214 0.4358125 0.7171199 0.65026855
7 4.3534892e-05 0.36399135 0.3402442 0.94014007 1.0
10 4.34529e-05 0.6169639 0.48285204 0.7066755 0.58032566
10 4.332247e-05 0.8891245999999999 0.45074490000000006 0.9685623999999999 0.5106972
11 4.319834e-05 0.9562308 0.42272034 0.99159765 0.48702586
10 4.318262e-05 0.52331775 0.43552426 0.6228434 0.510676
7 4.2895437000000004e-05 0.7675314999999999 0.7475594 0.98335147 0.90150416
3 4.269867e-05 0.5373085999999999 0.47085398 0.7949776 0.60094273
12 4.206735e-05 0.49372664 0.43990475 0.66459036 0.61906105
7 4.1815753999999994e-05 0.58411306 0.4950906 0.69798523 0.57983315
7 4.1805597e-05 0.9020812 0.42856732 0.98921376 0.48619264
10 4.0838026e-05 0.9281706000000001 0.42337433 1.0 0.48385134
5 4.0529936e-05 0.85332716 0.44644162 0.9640095 0.48825854
1 4.0197843e-05 0.61803424 0.75935507 0.92487305 0.9707113000000002
7 3.9590690000000006e-05 0.76636356 0.7799465 0.9699654000000001 0.9410891
6 3.9549990000000005e-05 0.8155276 0.43431443 0.9510274999999999 0.48269773
4 3.7995393e-05 0.43842697 0.44868258 0.63502324 0.6118541000000001
11 3.784085e-05 0.600299 0.4121567 0.7641347 0.6258256999999999
6 3.754777e-05 0.88806593 0.43676287 1.0 0.47977879999999995
10 3.7497164e-05 0.5104382000000001 0.35134309999999996 0.6681344 0.59577596
1 3.7110785e-05 0.8110976 0.43957692 0.90153384 0.4775753
7 3.6263584e-05 0.5468495 0.422491 0.6470349 0.49571905
12 3.5949302e-05 0.59481555 0.47146454 0.6642448000000001 0.57490295
5 3.5915382e-05 0.85388726 0.46681059999999996 0.94705325 0.51544183
12 3.5892896e-05 0.6073099000000001 0.49394828 0.70417863 0.56147766
12 3.5331228e-05 0.5543884 0.42100114 0.66067547 0.485703
2 3.5288222999999995e-05 0.54574895 0.41741353 0.6960899 0.60978293
2 3.5048735000000005e-05 0.6184548000000001 0.44438500000000003 0.72740173 0.5008922
4 3.490027e-05 0.5114225 0.40582857 0.71653736 0.5635438
1 3.3997505e-05 0.52272224 0.46186170000000004 0.628273 0.5206614
13 3.3975266e-05 0.45905235 0.7006710999999999 0.9764048000000001 1.0
4 3.331491e-05 0.6010363000000001 0.42410365 0.8577966 0.5584573
5 3.2945313999999996e-05 0.5315923 0.48898906 0.7805694999999999 0.6199332
9 3.2898445999999996e-05 0.802759 0.7229565 1.0 0.8261664000000001
