3 0.9659937 0.6604228 0.33428416 0.74737644 0.39237225
8 0.8546929 0.88561076 0.25549364 0.99305445 0.36057228
8 0.5399204000000001 0.9012734 0.28715026 0.9797334000000001 0.36513695
3 0.44443583 0.903316 0.2762757 0.9775021999999999 0.36844440000000006
3 0.13255413 0.6478476 0.35188568 0.7314723000000001 0.40843379999999996
3 0.11540239 0.43097693 0.3811736 0.4821242 0.42118174
8 0.045598973 0.083590016 0.4280028 0.13972673 0.47047475
3 0.03912221 0.48446178 0.37733957 0.5278518 0.41286466
8 0.036603604 0.8658998 0.23277733 1.0 0.38194406
3 0.03429681 0.42860302 0.392827 0.48144457 0.43127027
8 0.022724425 0.6438047 0.33821937 0.7238956999999999 0.40206513
3 0.01868368 0.006568401999999999 0.45051727 0.05088534 0.51116174
8 0.012297009 0.47975197 0.3723985 0.5308615 0.41530755
3 0.01077994 0.08844931 0.42853448 0.14272320000000002 0.47355506
3 0.0063231774 0.0063665397 0.47050010000000003 0.048923943 0.5277890000000001
8 0.0050978325 0.4283875 0.3761204 0.47939566 0.42467684
8 0.004936861 0.66264606 0.33051790000000003 0.7525358 0.40017816
13 0.004757316 0.8979695 0.29444644 0.96032584 0.37676018
8 0.0032656707000000003 0.6254390999999999 0.30780083 0.7966761 0.42512170000000005
3 0.0030178335 0.6414224000000001 0.34334365 0.71495783 0.39800978
3 0.0029437477000000003 0.6783164 0.32621908 0.74856025 0.36119947
13 0.0029387529999999997 0.47742537 0.37520027 0.52401996 0.41842920000000006
3 0.0024610432 0.003232086 0.4438795 0.041339695 0.526171
13 0.0024164377 0.90324944 0.30387637 0.9971581 0.35956305
3 0.0022093242 0.6402699000000001 0.3216745 0.7701739000000001 0.40368462
13 0.0018682871 0.9139541999999999 0.29756007 0.98710304 0.37602162
8 0.0018620153 0.8899289 0.20624751 0.9887176 0.34615546
8 0.0013250851000000002 0.90609944 0.26446697 0.95438075 0.36802554
13 0.0013120491 0.90536886 0.27705532 0.9700286 0.36503850000000004
9 0.0013120294 0.91094464 0.29053888 0.99052984 0.339119
11 0.001295185 0.90385306 0.2637639 0.9526601 0.40603027
3 0.0012006166 0.65665215 0.33709279999999997 0.7958128000000001 0.42539849999999996
13 0.0011829621000000001 0.6480685 0.337337 0.7398649 0.4075862
11 0.0011168297 0.92402875 0.26197960000000003 0.96504915 0.37013862
13 0.0010800251 0.67855084 0.3368494 0.76198876 0.40186808
3 0.0010687509 0.91463494 0.23529224 0.99596834 0.35047725
13 0.0010082319 0.08297002 0.42961597 0.13501872 0.47123760000000003
4 0.0009803058 0.9233778 0.27385804 0.98776275 0.34908548
8 0.0009598618 0.8906058000000001 0.15998538 0.97957075 0.3903783
9 0.0008814862 0.9182294 0.28465572 0.97032696 0.35992336
10 0.0008660203300000001 0.89923126 0.27886552 0.9791451999999999 0.33396090000000006
4 0.00083851576 0.9393957000000001 0.2873425 1.0 0.378406
13 0.0008303202999999999 0.64324063 0.3331183 0.71055 0.42585272
13 0.0008166283 0.42432156 0.37527925 0.47352704 0.42855010000000004
2 0.0008091801400000001 0.91427255 0.26865128 0.9908173000000001 0.32942015
5 0.0007958894000000001 0.88101625 0.30802584 0.95784247 0.38973108
13 0.0007939766 0.8860041 0.27985355 0.9786761999999999 0.34695402
11 0.0007902870399999999 0.9231106 0.29114009999999996 0.96664405 0.34912676
10 0.00075026276 0.9329482 0.29747847 1.0 0.36090028
11 0.0007331538 0.9463010000000001 0.30345285 0.9949104999999999 0.3798655
12 0.000728409 0.9024304 0.27797794 0.9944235 0.33501604
11 0.0007128128 0.91822493 0.30210240000000005 0.97859085 0.3888482
9 0.0007006855999999999 0.9310623 0.31170604 1.0 0.35992894
13 0.0006653971499999999 0.66585404 0.33236545 0.74147636 0.43120640000000005
6 0.0006513172 0.90334594 0.28291818 0.99378264 0.33908784
12 0.0006405302 0.9084075 0.27277315 0.97561926 0.35174959999999994
5 0.00061201886 0.86938816 0.3191761 0.99444443 0.37337777
5 0.00060818676 0.8734289000000001 0.30022532 0.9901120999999999 0.33937263
13 0.0006078336 0.42672920000000003 0.39826652 0.47554898 0.44488284
10 0.0005796529 0.9182423000000001 0.25555307 0.9699102 0.35067138
8 0.00057643524 0.042105958 0.4081485 0.24973448 0.8930511000000001
8 0.00051465473 0.0074860994 0.44826037 0.03963452 0.50772256
9 0.0005026830000000001 0.9358804000000001 0.28001976 0.98952603 0.35155484
9 0.00050170074 0.9199630999999999 0.3023574 0.97138786 0.37912378
1 0.00048782787 0.881028 0.30818190000000006 0.9429601999999999 0.37599766
11 0.00048542104000000004 0.94379073 0.27269182 0.9819433000000001 0.40013036
4 0.000473225 0.9152652 0.29200602 0.99358606 0.37997055
8 0.00046996682 0.058871463 0.17350969 0.32573384 0.82823586
10 0.00045141423 0.9037287 0.27014646 0.9587333 0.34957540000000004
5 0.00045101562999999995 0.8963234 0.2969579 0.9809428 0.3700744
7 0.00044582703000000003 0.6442168 0.32536644 0.7369189 0.41239193
2 0.00044491634000000006 0.91912943 0.28967568 0.99336904 0.3647944
10 0.00043961318 0.90875244 0.29479864 0.9681834999999999 0.384827
8 0.00043743788 0.635357 0.34023390000000003 0.70409226 0.39468107
10 0.00043310800000000003 0.9380805 0.25132445 0.9848648000000001 0.3447395
5 0.00043174814000000006 0.6270753000000001 0.34849074 0.72898066 0.3924531
2 0.00041757585 0.47933376 0.36858967 0.53451157 0.41040856
11 0.00041419527 0.9084714 0.28687558 0.9523577 0.34776540000000006
8 0.0004134703 0.0940828 0.10976283 0.37552053 0.6768983000000001
13 0.00040926246 0.89792544 0.28373626 0.99115354 0.40366662
9 0.00040070372 0.9371726999999999 0.30405590000000005 0.99154145 0.37355822
11 0.00039719362 0.66532826 0.3354764 0.7192447 0.40190676
1 0.00039666262 0.8976043 0.28981692 0.96812826 0.34077606
1 0.00038255434 0.46774027 0.38041240000000004 0.5202417 0.4118748
7 0.00038059922999999997 0.9097674000000001 0.30051988 0.9934689 0.36730418
11 0.00037976800000000005 0.92376685 0.21642198 0.99710476 0.46027559999999995
8 0.00037704970000000004 0.9625575000000001 0.24624552 0.9934052999999999 0.3673145
11 0.00036254755 0.6557361999999999 0.34080106 0.7026386 0.4017167
1 0.0003612433 0.87741435 0.2812519 0.9454473 0.34680918
4 0.00036010199999999995 0.9367656999999999 0.26918325 0.98750985 0.39044032
13 0.00035322492 0.6408943 0.36663629999999997 0.7180386999999999 0.41746655
8 0.00034874468 0.0026774518 0.43318504 0.03199978 0.52575994
6 0.00034703120000000005 0.6406710999999999 0.34229267 0.76336783 0.39924538
7 0.00034182 0.9081771999999999 0.27602014 0.98601836 0.34586948
2 0.0003363222 0.9004245999999999 0.27696540000000003 0.9673039000000001 0.36152247
5 0.00032508397 0.88325953 0.2924085 0.96396625 0.35944244
1 0.00032034193 0.6456168999999999 0.3516351 0.7306020000000001 0.4007324
7 0.00031302363 0.46580055 0.37082064 0.5254693 0.42233288
10 0.00031282599 0.939807 0.27296170000000003 0.98888093 0.37368277
4 0.000301943 0.92218864 0.255927 0.97759616 0.37113532
2 0.00030030903999999996 0.92661774 0.26613146 0.98157144 0.38688165
8 0.00029576416 0.89140075 0.27989823 0.95599204 0.35277286
1 0.00029068169999999996 0.6297079000000001 0.3523004 0.7094581999999999 0.395577
10 0.00028605127999999997 0.9041540000000001 0.30213490000000004 0.9941626 0.36723566
1 0.00028447979999999997 0.9221101 0.31686490000000006 0.9929458000000001 0.36708504
2 0.00028432903 0.08637096 0.42298853 0.15214516 0.46645582
10 0.00028284619999999997 0.92363447 0.27836195 0.97830874 0.38134322
5 0.00027830177 0.9105238000000001 0.31779552 0.9927889000000001 0.40341234
6 0.0002740248 0.91607165 0.3126928 1.0 0.36981648
1 0.00027324667 0.89869475 0.30773467 0.9612254000000001 0.38546136
12 0.00025489992999999997 0.9262662 0.27918172 0.98959374 0.35517943
12 0.00025407036 0.9257148999999999 0.3076475 1.0 0.35907483
2 0.00025321796000000004 0.6518489000000001 0.33437768 0.7242205 0.38203259999999994
13 0.00024447122000000005 0.0075574964000000005 0.46872813 0.04304205 0.5350218000000001
13 0.00024363952 0.0053864177 0.44296587 0.045842692000000004 0.5156612
9 0.00023346947 0.90573037 0.30095190000000005 0.9556385000000001 0.38821715
5 0.0002322184 0.6508839 0.34460488 0.72690475 0.42561066
10 0.00022547151 0.9313821 0.27262995 0.99296933 0.32894159999999995
7 0.00022209449 0.42107135 0.36938617 0.47754085 0.42745695
9 0.00021964328 0.66130275 0.33817792 0.7343486 0.40159327
10 0.00021443765 0.6506858 0.34268653 0.729087 0.38591188
12 0.00021304422000000003 0.65880316 0.32937476 0.73928744 0.39454934
1 0.00021266991000000002 0.41777298 0.38110809999999995 0.47227523 0.41435096
8 0.00020982766 0.11096911 0.43273932 0.16316052 0.47841300000000003
3 0.00020860720000000002 0.6594597 0.32587335 0.7205578 0.40774056
8 0.00020652516 0.009474269 0.4269138 0.03299955 0.47021090000000004
8 0.00020622577 0.0069341585 0.4643236 0.036730126 0.52184993
1 0.00020580403 0.91533005 0.3094116 0.98089826 0.3800642
5 0.0001986077 0.6371519 0.34439709999999996 0.70938045 0.41627797
10 0.00019585417000000002 0.69765246 0.31171024 0.7444228 0.4078025
8 0.00019294847 0.67586684 0.32763293 0.73324656 0.36358508
11 0.00019139191000000003 0.6576701 0.31135195 0.69936424 0.42283723
6 0.00018675531000000002 0.46091400000000005 0.37878162 0.5445637 0.41565183
6 0.00018528054 0.8870005999999999 0.31179842 0.9805401 0.37809017
11 0.00017974181000000002 0.67615414 0.3037014 0.7142004 0.42179832
7 0.00017928334 0.88198745 0.28632802 0.96062756 0.3998315
1 0.00017668266 0.6473619 0.33684440000000004 0.71604884 0.4082825
12 0.00017481142 0.9265832 0.30213815 0.9917665999999999 0.37297657
2 0.00017347402 0.91229266 0.24458109 1.0 0.39057803
1 0.00017311330000000002 0.9117038000000001 0.28247634 0.9825169 0.34888706
9 0.00017291475 0.899384 0.28098458 0.95200324 0.3644019
7 0.00017114035 0.8850145 0.29815325 0.98060817 0.37336332
2 0.00017093249 0.10175941 0.42053768 0.16395769 0.47033623
3 0.00016898682000000001 0.12690856 0.20980918 0.45646167 0.7892786
12 0.00016085345 0.6753979 0.32351726 0.74357545 0.4110874
9 0.00016061206 0.43000340000000004 0.378035 0.47998542 0.4203367
3 0.00015945167 0.09231414 0.26011598 0.40683663 0.95512044
13 0.00015734408000000002 0.6499376 0.34440094 0.80097497 0.46712938
7 0.00015280844999999998 0.9074116 0.25645208 0.96946955 0.37455377
3 0.0001508883 0.20921147 0.3065347 0.5914212 0.94732744
8 0.00015058931999999999 0.40205187 0.3757076 0.7060035 0.8681059999999999
12 0.00015044768 0.90886235 0.28847623 0.96878886 0.37442806
7 0.0001503741 0.66965806 0.31415823 0.73477376 0.4363601
5 0.00014985516000000002 0.4597331 0.38245955 0.5225795999999999 0.41597049999999997
11 0.00014947947 0.69228077 0.30304468 0.7270273 0.42009189999999996
11 0.00014895297 0.48957829999999997 0.37028426 0.51855856 0.41916373
8 0.00014740828000000002 0.76678526 0.12299765 0.94431114 0.41282082
10 0.00014613585 0.67389184 0.3616692 0.7474770000000001 0.42115125
4 0.0001446357 0.9099200000000001 0.2770118 0.97281206 0.34420475
2 0.00014185159 0.91712403 0.24103642 0.9730351 0.35016909999999996
7 0.0001417454 0.9149947 0.28284097 0.98043025 0.38757086
8 0.00014172308000000002 0.0985305 0.41312262 0.38709295 0.8921763
13 0.00014048498 0.0030452907 0.0 0.35888395 1.0
3 0.00013684203000000002 0.90048295 0.25194705 0.99615246 0.37840018
8 0.00013647243999999998 0.35866052 0.21937168 0.6655397 0.8466271999999999
3 0.00013581007 0.45980752 0.3763073 0.5150855 0.41676164
3 0.00013340572 0.04646489 0.43080756 0.29322708 0.95971394
9 0.00013273496 0.92114645 0.29972002 1.0 0.4031192
9 0.00013271027 0.6492456 0.33858874 0.71270573 0.4037515
5 0.00013039549 0.8752455 0.31671438 1.0 0.4331021
5 0.00013036614 0.4145848 0.38707438 0.4825991 0.42139378
8 0.00013035847 0.19025186 0.16039975 0.50507104 0.85036737
3 0.0001284484 0.3667572 0.3226223 0.7627688 0.9562294
10 0.00012832308000000002 0.716322 0.30987197 0.75757843 0.41089597
5 0.00012760733 0.063369066 0.44028047 0.13142563 0.47289827
8 0.00012513253000000002 0.9482714 0.27330464 0.9927894 0.36496413
7 0.00012321875 0.67993236 0.32855952 0.7624948 0.4094252
12 0.00012272819 0.6572391 0.31733623 0.7216667 0.41163865
1 0.0001225282 0.6664571 0.35455537 0.7454496 0.40308785
10 0.00012248065 0.7097751999999999 0.3270881 0.7713392 0.39289805
10 0.00012058194 0.6780282 0.32060182 0.7264708000000001 0.40696692
9 0.00011789263999999999 0.48625138 0.37778273 0.5284805 0.41986302
11 0.00011566138 0.685347 0.33327004 0.7349449 0.39862877
8 0.00011502488000000001 0.5973725999999999 0.24602582 0.8866084000000001 0.8995468000000001
8 0.000113804956 0.04135815 0.15598877 0.25444585 0.6308262
4 0.000112970425 0.9455957 0.27048895 1.0 0.3419548
11 0.00011219450000000001 0.43895619999999996 0.37724640000000004 0.47053003 0.42011859999999995
12 0.00011009343000000001 0.42694783 0.3640203 0.48357677 0.4157915
13 0.00010674525 0.68123674 0.32328054 0.7438333 0.3715994
3 0.00010674261 0.110632986 0.43002048 0.17262256 0.48243582
8 0.00010524711000000001 0.01712922 0.80936515 0.24327368 0.989532
11 0.00010409399 0.6580047 0.35473087 0.7231228 0.43529457
3 0.000103527294 0.91021717 0.20308203 0.99106455 0.39077663
8 0.00010037746 0.117086396 0.25040954 0.43547082 0.90700626
3 9.946529e-05 0.059810235999999996 0.8212598 0.32460654 1.0
10 9.904787000000001e-05 0.6614861999999999 0.33590397 0.71247965 0.40288147
8 9.788078000000002e-05 0.024017096 0.37828192 0.17408386 0.86682004
9 9.6072705e-05 0.68783617 0.33232638 0.7381705 0.41446656
2 9.281358000000001e-05 0.42990026 0.3712966 0.48636094 0.4091136
3 9.229799e-05 0.009943526 0.42476654 0.04239177 0.47707427
9 9.203765999999999e-05 0.68345934 0.33852744 0.7577916 0.39628637
5 9.103325000000001e-05 0.6515065 0.34293494 0.7622923 0.40178046
2 8.981966000000001e-05 0.66647 0.32778359999999995 0.7557661999999999 0.3865726
6 8.865798e-05 0.41277885 0.37594897 0.49472177 0.41651863
10 8.786366e-05 0.42900765 0.37004462 0.48134118 0.42126554
1 8.660643000000001e-05 0.6857641 0.3448941 0.74569356 0.41411784
4 8.604406e-05 0.65549177 0.33020595 0.74639386 0.39531535
10 8.525414e-05 0.48830100000000004 0.36605135 0.53797835 0.419513
12 8.4763196e-05 0.67815596 0.33717504 0.7671791 0.39298838
8 8.421103000000001e-05 0.7216041999999999 0.19321169 0.9251168 0.45839757
7 8.399540999999999e-05 0.07305726400000001 0.42326707 0.13141989999999998 0.47517636
7 8.362564e-05 0.40484157 0.38982925 0.4798183 0.4569085
10 8.327385e-05 0.67810374 0.33003000000000005 0.76189095 0.39056394
5 8.101683000000002e-05 0.6856403 0.34959263 0.7532397 0.42587879999999995
1 8.093313e-05 0.07429279 0.43612358 0.12898129 0.4683825
7 8.058214e-05 0.63507307 0.3557938 0.74120855 0.43497753
12 8.029036e-05 0.47225815 0.36835500000000004 0.5424389000000001 0.40983915
4 8.014776999999999e-05 0.93120116 0.26237708 1.0 0.4323344
6 7.984734e-05 0.88404185 0.28090996 0.9764189 0.346536
2 7.961675e-05 0.6563188 0.35540143 0.7403171 0.41353855
13 7.8753685e-05 0.90351856 0.26438144 0.9449519000000001 0.37403855
2 7.860064999999999e-05 0.9037495999999999 0.24982515 0.96784186 0.3325675
1 7.837477e-05 0.69094616 0.35451064 0.7616975 0.40069583
7 7.702474e-05 0.8886265 0.26438522 0.9569232 0.37518477
7 7.655432e-05 0.6376828 0.32012653 0.7091025 0.42912159999999994
4 7.601491e-05 0.9004771999999999 0.28885546 0.96697783 0.39139602
1 7.553617599999999e-05 0.88190424 0.29705477 0.9771955 0.39909825
8 7.50518e-05 0.017193161000000002 0.39961979999999997 0.16231203 0.61905926
2 7.331781e-05 0.49618128 0.36660483 0.5475633000000001 0.41557829999999996
3 7.317149e-05 0.9665187 0.262841 0.9977148000000001 0.37735575
13 7.293005e-05 0.8770787 0.31197974 0.9569269 0.35533068
2 7.2641924e-05 0.6788930999999999 0.30871812 0.7395303000000001 0.3957526
6 7.246523000000001e-05 0.6263331 0.37342918 0.7581706 0.41978884
2 7.241885999999999e-05 0.9293254000000001 0.26216218 0.999245 0.3423219
7 7.123604e-05 0.87089556 0.25383579999999994 1.0 0.43490818
2 6.935659e-05 0.41861314 0.39408994 0.49166077 0.44198000000000004
9 6.874768e-05 0.10710597 0.43053138 0.16089469 0.47307545
8 6.7437984e-05 0.6045778 0.060818765 0.8730929000000001 0.33846729999999997
11 6.702308e-05 0.9484947 0.28367909999999996 0.99129295 0.34179044
2 6.70157e-05 0.93018997 0.23577178 0.983518 0.36461562
8 6.633629e-05 0.6133559000000001 0.11263793 0.86489475 0.6431452
8 6.6167595e-05 0.4573834 0.37189063 0.5115420999999999 0.41889495
8 6.558829e-05 0.5246304 0.18170126 0.80903244 0.8631841
6 6.484321e-05 0.073329255 0.43726525 0.15537837 0.47240552
13 6.435994000000001e-05 0.86017317 0.30784896 0.9767979999999999 0.40320492
11 6.4283515e-05 0.09487101 0.4280859 0.13078344 0.4802161
6 6.418889e-05 0.673236 0.34571353 0.7943237 0.40128046
8 6.414121e-05 0.30480587 0.16392565 0.7677505 0.7202107
10 6.373389e-05 0.096537635 0.42344319999999996 0.14714208 0.47600925
3 6.258215e-05 0.9477606 0.7293149999999999 0.99659014 0.7934633000000001
10 6.0763945000000006e-05 0.932846 0.22930389999999998 1.0 0.40711528
13 5.8973073000000006e-05 0.2028252 0.037997313 0.5427755999999999 1.0
13 5.7626536999999996e-05 0.000114452094 0.42955086 0.03470682 0.53312445
13 5.6862664e-05 0.11210953 0.0 0.4664272 0.9104338
13 5.5520253e-05 0.3847689 0.22644648 0.75954384 1.0
1 5.5195384999999996e-05 0.08937098 0.43678599999999995 0.14644727 0.46912155
6 5.5162966999999997e-05 0.65933543 0.34049514 0.7571606 0.42211965
8 5.507825e-05 0.042449935999999994 0.046151605 0.3035425 0.32719043
9 5.477024e-05 0.09101464 0.42999992 0.13974044 0.47268918
4 5.439781e-05 0.69986373 0.32579622 0.76860756 0.39107406
2 5.4345568e-05 0.6932255999999999 0.31244376 0.75272465 0.39998484
6 5.398420999999999e-05 0.62711895 0.33616745 0.734524 0.40675753
13 5.290312e-05 0.64850646 0.35476914 0.7159141 0.44842570000000004
5 5.259517e-05 0.03936383 0.3488611 0.35028479 0.90242994
8 5.173619000000001e-05 0.69189227 0.09620134 0.912241 0.45064035
1 5.1198046999999995e-05 0.6249366 0.37555838 0.70866525 0.41990834
7 5.0422415e-05 0.08835174 0.4249174 0.15040787 0.47470045
9 5.038076e-05 0.9082345 0.24844570000000005 0.99722755 0.35223925
12 4.973622e-05 0.10107723 0.42617103 0.16401783 0.46832004
9 4.954741e-05 0.66520995 0.33299643 0.7184252 0.4268206
13 4.91926e-05 0.92136574 0.28941128 0.9718908000000002 0.38881522
13 4.880612e-05 0.30083615 0.10487246 0.66402423 1.0
2 4.8767020000000004e-05 0.6660713 0.31061292 0.7281313 0.38665879999999997
5 4.8280213e-05 0.62786245 0.37288168 0.7244406999999999 0.42648274
13 4.7846435e-05 0.0 0.25625595 0.26346526 0.981409
2 4.7691333999999995e-05 0.9095911 0.27793124 1.0 0.42333409999999994
11 4.6980458e-05 0.7133594 0.32922688 0.7573641999999999 0.394259
10 4.6944475e-05 0.110851616 0.41742054 0.16065994 0.47489017
9 4.608326e-05 0.7060535 0.3328114 0.75786054 0.40562415
5 4.531813e-05 0.07580739 0.44095773 0.15089113 0.47109076
8 4.471112e-05 0.03580773 0.06180438 0.22506422 0.45447177
4 4.4322150000000004e-05 0.69686735 0.31140429999999997 0.75348353 0.4054448
9 4.4142853e-05 0.70760995 0.33850813 0.7755328 0.39185286
8 4.410194e-05 0.66293335 0.32477653 0.71058273 0.40580320000000003
13 4.3170294000000006e-05 0.63115907 0.34669715 0.6964022 0.3995295
9 4.2895263e-05 0.65497214 0.37216523 0.7247601 0.41902536
8 4.2717380000000004e-05 0.94153285 0.7266324000000001 0.99160993 0.7851089
13 4.2319447e-05 0.91549927 0.27219617 0.9583574 0.37995076
13 4.2221753e-05 0.8947091999999999 0.23071295 0.9858135 0.35792529999999995
8 4.104031e-05 0.18209767 0.11912422 0.4688112 0.6529803000000001
11 4.0212555e-05 0.71228796 0.30545086 0.746695 0.41524947
4 3.8355214e-05 0.67875516 0.30816966 0.7409109 0.40786624
5 3.8034046e-05 0.40940917 0.4062217 0.46920037 0.45019165
11 3.7553873e-05 0.8961725 0.18652620000000003 0.9924654 0.42816907
1 3.7539096e-05 0.42160475 0.4093315 0.47388500000000006 0.44574165
8 3.749188e-05 0.00530272 0.41113058 0.07421892 0.5434745
12 3.7486774e-05 0.88174605 0.26751918 1.0 0.37909186
8 3.724175e-05 0.9418503 0.29384288 0.98794365 0.35745135
2 3.7024984e-05 0.66300446 0.305056 0.8424427999999999 0.44157959999999996
4 3.6981048e-05 0.94071704 0.23488851 1.0 0.4039627
