3 0.99418145 0.50550747 0.5310501 0.70863914 0.6377076999999999
8 0.06258844 0.0051243994 0.503514 0.078130804 0.6354518
8 0.04247923 0.50222856 0.5150534000000001 0.71524453 0.6342137
8 0.020029312 0.2632733 0.5517984 0.48311827 0.7078058
8 0.017719435 0.0055001327 0.59539616 0.03563526 0.6788969
3 0.01678435 0.30375427 0.57629323 0.4497933 0.6882491
8 0.016699327 0.9322709000000001 0.44004318 0.9797300999999999 0.48342749999999995
8 0.011625294 0.75144994 0.48864009999999997 0.82537603 0.5241766
3 0.00700265 0.75696295 0.48475674 0.8260389000000001 0.52686995
3 0.0061560776000000005 0.43874466 0.5435042 0.5155195 0.59067035
8 0.0045834817 0.7691834 0.48647255 0.84565514 0.5247196999999999
8 0.0033643246000000003 0.75198096 0.4691952999999999 0.8193363000000001 0.50580704
8 0.0026451426000000003 0.23349757 0.5296505 0.4154887 0.7072782
13 0.0026248584000000004 0.0 0.48046866 0.09915159 0.6195398
13 0.0024725865 0.5161022 0.53112715 0.75474626 0.67216295
3 0.0024080474 0.4218929 0.5567156 0.5198891 0.6091426
3 0.0022871476 0.019117663 0.47701153 0.09793242 0.66089845
3 0.0022667985999999998 0.012579045 0.5909767 0.043378115 0.6945076
8 0.002143962 0.50968826 0.55000216 0.6498119000000001 0.6252346999999999
3 0.0020766929 0.85621005 0.45991793 0.9343938 0.49807975
3 0.0020008382999999997 0.75208646 0.46643707 0.8277713 0.5095419
8 0.0019225108 0.7883647 0.4859661 0.8625732 0.52325076
8 0.0018707135000000001 0.12867454 0.60235566 0.19490057 0.6406955
3 0.0017604714000000001 0.77371895 0.4822294 0.848994 0.5292351
8 0.0017219789000000002 0.85707724 0.46045559999999996 0.9273528 0.49780238
13 0.0016005776000000002 0.7497691999999999 0.48393774 0.8292499 0.5285116999999999
3 0.0014942954 0.3618464 0.561136 0.42532423 0.60786206
3 0.0013531141000000001 0.53193426 0.5276102 0.69042283 0.6002865
5 0.0012372975 0.41344506 0.57012206 0.6537525 0.69814914
13 0.0012150016 0.47429112 0.5828654999999999 0.68313676 0.68321407
8 0.0011413553 0.7707619000000001 0.46731243 0.8432459000000001 0.5074237
9 0.0010371315 0.5649609 0.51540226 0.7604609999999999 0.6284968000000001
13 0.0009946830000000001 0.9300089 0.42654487 0.99162817 0.47970074
8 0.0009857606 0.7905474 0.46702352 0.86188054 0.50663596
8 0.0009335433 0.35752288 0.5561257 0.42245190000000005 0.61259604
3 0.00083487283 0.9362232 0.43710536 0.99224555 0.4838883
13 0.00082111533 0.5112074000000001 0.5522549 0.65814865 0.62737536
1 0.0008111545 0.5180057 0.5278887 0.73207945 0.6275270000000001
12 0.0008010389 0.5071074999999999 0.49197479999999993 0.76139385 0.6186083
1 0.0007469410000000001 0.41325003 0.5822361 0.6494729 0.67933035
8 0.0007456578999999999 0.43637264 0.5453087 0.50263834 0.59195226
3 0.0007382484 0.14088893 0.59805804 0.21043018 0.6522482
7 0.0007274717999999999 0.5105994 0.47990459999999996 0.7606935 0.66629887
11 0.0007082042 0.48966122 0.49541667 0.66727185 0.7111763000000001
3 0.0007018675 0.79346055 0.48178869999999996 0.86748165 0.53242207
13 0.00068648095 0.12355861 0.5895606 0.21372093 0.6395731
8 0.0006518838300000001 0.45152977 0.5183302 0.68765527 0.6622703000000001
7 0.00061834004 0.36617777 0.5505555 0.699393 0.70441735
3 0.00060054247 0.27740282 0.60835844 0.40750647 0.7012934000000001
8 0.0005624078 0.01948264 0.42069579999999995 0.1251767 0.794918
6 0.00055750174 0.42944854 0.56460035 0.73575836 0.6887253000000001
8 0.0005218459400000001 0.011099271499999999 0.48386246 0.04445632 0.5340276999999999
4 0.0005217792 0.59987694 0.4847196 0.7915888000000001 0.64325154
3 0.00050647644 0.77335465 0.46544075 0.85286206 0.5105147
1 0.00049623626 0.40562308 0.5282614000000001 0.62512875 0.61425114
13 0.00047489276 0.74242604 0.45328140000000006 0.83113104 0.50577116
13 0.00047395337999999994 0.0 0.5918051999999999 0.037075456 0.67189026
1 0.00046858627999999997 0.49752226 0.5843526 0.7041019000000001 0.6848743
8 0.00045477357000000006 0.42782435 0.5564658 0.5040852 0.6071191999999999
9 0.00045115003 0.5009617000000001 0.5676772 0.66802675 0.67503685
8 0.00045111644 0.008918576 0.43009213 0.15677631 0.6793212
8 0.0004412562 0.0076326965 0.50691825 0.044568624 0.5770314000000001
3 0.0004228141 0.25072566 0.5451796 0.43173279999999997 0.68752354
13 0.00040552697999999995 0.46328226 0.55221677 0.6753102 0.6609163
5 0.00036710934 0.47724864 0.57499635 0.7256858 0.7053649999999999
8 0.00036616786 0.014207952 0.51295775 0.05338804 0.5706935000000001
11 0.00036568610000000003 0.48507425 0.47690964 0.62676847 0.63170975
11 0.00035723692000000004 0.5993552 0.4819504 0.747123 0.63072723
5 0.00035394495 0.50912905 0.54082143 0.80046034 0.65928406
2 0.00034456042 0.52090394 0.5286996999999999 0.7617710999999999 0.65295386
1 0.00032526968 0.5254413 0.56202644 0.73281187 0.6676843000000001
4 0.00032192888 0.5545425 0.53315187 0.776856 0.69959706
8 0.00032103332 0.28058288 0.5999544 0.38382849999999996 0.6928516
5 0.00031037626 0.3974586 0.54287285 0.67535305 0.6434358
11 0.00030917662999999996 0.55706125 0.5418926 0.6335582 0.62055653
8 0.00030648115 0.8111473000000001 0.46708885 0.8833091000000001 0.50431216
3 0.00030344963 0.014762885 0.48424724 0.056295604000000006 0.53779733
8 0.00030339652000000003 0.0048142076 0.49384126 0.03666427 0.5952166
13 0.00029481470000000004 0.24629322 0.5881689999999999 0.48204067 0.7133252
13 0.00028196396 0.5276069999999999 0.52491426 0.69843036 0.7184029000000001
9 0.000280509 0.022450698999999998 0.4976911 0.13781676 0.6173771
11 0.00027853966000000003 0.5661433000000001 0.5053866 0.73950905 0.7042714
13 0.00025612192 0.7877487 0.4829361 0.8651071 0.5293495
9 0.0002482398 0.48136362 0.5126966 0.6455941999999999 0.6419271
9 0.000246642 0.5458887 0.5715047 0.7359960999999999 0.6716747
10 0.00024590074 0.5738325 0.45797944 0.7459048 0.64086133
12 0.0002450866 0.5517201999999999 0.5545359000000001 0.66410893 0.6280001000000001
13 0.00024168521 0.002631805 0.5091977 0.05933749 0.56233764
7 0.00024020906000000002 0.39407647 0.49015459999999994 0.659932 0.67674404
3 0.00022929357999999997 0.33380473 0.55937946 0.524312 0.6895581000000001
8 0.00021071982000000003 0.19989133 0.6359927 0.2561333 0.68566924
5 0.00020962612 0.47497436 0.5559487 0.6434853 0.7227272
5 0.00020605516 0.4882907 0.55574596 0.6572325 0.6232298000000001
12 0.000205356 0.49616748 0.47400367 0.6741998 0.6373734999999999
8 0.00020271691000000002 0.0043569184000000006 0.539971 0.07159432 0.6693451
1 0.00020031636999999998 0.51308835 0.5733602 0.63366413 0.6265637
13 0.00019929303 0.7635526 0.45592138 0.8501801 0.5074839
1 0.00018860381999999997 0.48739532 0.49614066 0.6525465 0.63133323
2 0.00018620091 0.0 0.46543829999999997 0.13822924 0.6396115
13 0.00018435578 0.42825598 0.5433091999999999 0.5037157999999999 0.5994841
9 0.00018082224 0.55036294 0.5129959 0.67236274 0.69422704
6 0.00018042965 0.51425475 0.5563448000000001 0.682394 0.62230664
8 0.00017987409 0.10182607 0.45203679999999996 0.4236566 0.74651617
3 0.00017927587 0.62094533 0.54645133 0.7123218000000001 0.6260812
13 0.0001778304 0.8552550999999999 0.4582724 0.9305252 0.5065922
4 0.00017250986 0.48497602 0.5377251999999999 0.709326 0.687621
13 0.00016831596 0.34800616 0.5694533 0.42247418 0.61545885
12 0.00016266952 0.44250909999999993 0.48813513 0.66391873 0.6130201999999999
8 0.00016214604 0.23938052 0.49327403 0.6008689 0.74671304
9 0.00015703103 0.94853336 0.43941534 0.9987285 0.4814411
3 0.00015614496 0.504101 0.5381623000000001 0.63154393 0.6248201
5 0.00015342401000000003 0.51891464 0.563893 0.69270647 0.7370941999999999
11 0.00014953454 0.53290975 0.42683230000000005 0.66488045 0.7308495
3 0.00014867545 0.013603587 0.5087661 0.07662227 0.57799196
13 0.00014854851 0.0035942362 0.4790321 0.047989998 0.52568656
8 0.00014541733 0.3602362 0.5442218000000001 0.41510963 0.6003634
2 0.00014535742 0.5552189000000001 0.48922604 0.75747305 0.6329551
10 0.00014045378000000002 0.56937444 0.44000962 0.69350475 0.6835163000000001
7 0.00013919461 0.74397904 0.47864409999999996 0.82630855 0.5315546999999999
8 0.0001360998 0.409822 0.59721226 0.49093590000000004 0.6631123999999999
1 0.00013546992 0.46476465 0.52679664 0.6360274 0.651884
5 0.00013346465 0.43049785 0.5503859 0.71054333 0.6705732
2 0.00013323374 0.7568661999999999 0.47994440000000005 0.8485334999999999 0.525942
8 0.00013148742 0.19467337 0.47563154 0.50907606 0.7222733
11 0.00013134052 0.78119475 0.48487824 0.8304741 0.5397674
10 0.00013119502 0.5301260999999999 0.5519980999999999 0.6411324 0.61670023
11 0.00013059242000000002 0.58821964 0.43525959999999997 0.7042938 0.7184714
6 0.00012945582 0.45898518 0.49192446 0.8202636000000001 0.6393732
3 0.00012767252000000002 0.28093493 0.63228863 0.3694559 0.6984902
8 0.00012674076000000002 0.012343318999999998 0.6262667 0.040578328 0.67993623
8 0.00011702486 0.9338465 0.4550085 0.9798026 0.5030947
3 0.000116861935 0.40567467 0.5929804 0.52470917 0.6789958
12 0.00011379932399999999 0.017547226000000003 0.47267029999999993 0.13900056 0.5999109
11 0.00011224456 0.5675703000000001 0.41747996 0.6833815 0.6822357
9 0.00011164947000000001 0.53442186 0.5150657999999999 0.69816875 0.6375654000000001
13 0.00010944016000000002 0.26950252 0.5980399000000001 0.37834948 0.68766457
4 0.00010767223 0.58521134 0.48437095 0.7050215 0.6925384
5 0.000105402694 0.7395658 0.5016111 0.8303504 0.53519595
8 0.00010412975 0.03836101 0.31168988 0.19777563 0.8994827
3 0.00010380386999999999 0.8145034000000001 0.46513343 0.8960799 0.50927347
7 0.00010210075999999999 0.4910058 0.46141073 0.69940305 0.7189087
8 0.00010152506999999999 0.32625347 0.52573 0.5057451 0.6895903
9 0.00010108684999999999 0.76917344 0.49021563 0.8369082 0.531489
10 0.000100902354 0.6055611 0.4449084 0.71910703 0.7108391
3 0.00010088512500000001 0.51127905 0.5365236999999999 0.58991915 0.63567734
1 9.93754e-05 0.7509511 0.49296793 0.82306373 0.5275201999999999
7 9.531368000000001e-05 0.0 0.4656932 0.12659243 0.626816
12 9.164802e-05 0.5119119000000001 0.54080194 0.7718959 0.6555510999999999
11 9.135662500000001e-05 0.76370746 0.48569529999999994 0.8078019000000001 0.53663576
10 8.833085e-05 0.77763176 0.47850502 0.84421664 0.5292836999999999
2 8.801505499999999e-05 0.57037663 0.46368054 0.71240544 0.6733781999999999
7 8.7392305e-05 0.5237873 0.55050915 0.6321763000000001 0.6287855
12 8.657871999999999e-05 0.9435431000000001 0.42709133 0.9974870000000001 0.47437996
10 8.637844399999999e-05 0.49055317 0.53279555 0.7404246 0.69960445
1 8.6353706e-05 0.0 0.5315804000000001 0.09008629 0.62471515
9 8.412250500000001e-05 0.7541153 0.48973048 0.81402755 0.5313294
8 8.3216226e-05 0.27227286 0.6325168000000001 0.34922326 0.6961545
3 8.239306e-05 0.26648322 0.5961057 0.46527693 0.7016528000000001
8 8.099678000000001e-05 0.29369175 0.43186274 0.65567833 0.7186117
8 8.00831e-05 0.39724603 0.51767254 0.59187925 0.6558373000000001
6 7.820518e-05 0.39407158 0.5007271 0.70925635 0.63601977
13 7.798152e-05 0.55200714 0.5567041 0.6642326999999999 0.63858056
9 7.617563e-05 0.5751548000000001 0.53008634 0.7020556 0.6959281
4 7.5927244e-05 0.52778643 0.53908783 0.65677583 0.6244115
9 7.484478e-05 0.52217984 0.53566206 0.64331406 0.7166197
12 7.438621999999999e-05 0.76099855 0.47714403 0.84233105 0.5235983000000001
8 7.349277e-05 0.76203793 0.42860505 0.92419004 0.6356939
12 7.300311e-05 0.03193468 0.5084069 0.085736156 0.5530533000000001
12 7.256730999999999e-05 0.5928483 0.56296456 0.68552095 0.62268907
9 7.161106e-05 0.52533764 0.55845034 0.64520043 0.6230656
1 6.972465e-05 0.73381656 0.4922638 0.8020246999999999 0.52480847
10 6.9703514e-05 0.5677055999999999 0.5204106 0.7838334 0.6996095
8 6.9518304e-05 0.0032350624 0.58070505 0.030342044 0.66565067
3 6.650636e-05 0.37475172 0.5582107 0.4399996 0.61038727
13 6.5271204e-05 0.5005464 0.5445625 0.61838204 0.63398033
1 6.443293399999999e-05 0.93292576 0.43875068 0.9876031999999999 0.47463313
7 6.400868000000001e-05 0.43415950000000003 0.53877807 0.5136698000000001 0.59104836
1 6.377031999999999e-05 0.56371605 0.56941414 0.68120587 0.6209501000000001
6 6.359984e-05 0.5649301 0.5622184 0.7068671 0.62510955
4 6.287638000000001e-05 0.58970916 0.5266831999999999 0.6775849 0.6131091
4 6.029985e-05 0.047087993 0.52088034 0.12447414 0.6335904
11 5.980994000000001e-05 0.012614088 0.60575926 0.031071027999999997 0.7149224000000001
8 5.9629107e-05 0.08040624 0.15479419 0.38550407 0.7377096
8 5.9522514e-05 0.13182622 0.6137788000000001 0.19098589 0.6561253
11 5.7154116999999995e-05 0.5308930000000001 0.5004848 0.6720348 0.6370690999999999
2 5.6738027000000005e-05 0.93882453 0.42002162 1.0 0.48761418
8 5.664115e-05 0.050077084 0.16985327 0.23997016 0.9090269
8 5.5705586000000006e-05 0.064215064 0.37191865 0.3211868 0.9256983
10 5.4987977e-05 0.9576793 0.41968283 1.0 0.47768128
12 5.4751836000000005e-05 0.020983394 0.5012816 0.06420931 0.55604035
7 5.4734230000000004e-05 0.9361488000000001 0.42779282 0.9978630999999999 0.48088354
10 5.453081999999999e-05 0.5779863000000001 0.5434161 0.6708930999999999 0.6182281999999999
13 5.3353404e-05 0.0 0.49131536 0.036062300000000005 0.5647988
13 5.2075366999999996e-05 0.4187643 0.56220955 0.502807 0.61885893
12 5.1668820000000004e-05 0.7610352 0.45223379999999996 0.8397501 0.49889629999999996
2 5.149188e-05 0.52667284 0.546136 0.64931285 0.61199206
4 5.0466962000000006e-05 0.77531904 0.49073955 0.83237076 0.5264458000000001
13 4.9309895999999996e-05 0.0 0.6232542 0.03825226 0.6908371999999999
3 4.8768329999999994e-05 0.56849045 0.54256916 0.7039470999999999 0.6259023
1 4.8202179999999996e-05 0.7486939 0.4669684 0.8216674 0.50301087
9 4.637733599999999e-05 0.7706712 0.46709216 0.8432794 0.50901425
8 4.6335063e-05 0.0069262143000000005 0.5899766 0.04255406 0.6431885
10 4.6109104e-05 0.032394357 0.45535275 0.13620223 0.6309048
1 4.5827834e-05 0.0 0.49062330000000004 0.08730725 0.5926465999999999
1 4.5222212e-05 0.4250162 0.54944634 0.49534976 0.58345205
1 4.5197095e-05 0.36523649999999996 0.55055106 0.6087669 0.63887155
6 4.4976787000000004e-05 0.74747723 0.4953187 0.84898955 0.5319883000000001
8 4.3170699999999996e-05 0.52370685 0.49139404 0.8387311 0.91494054
11 4.1424664000000005e-05 0.4542981 0.46993715 0.6116808000000001 0.66904604
2 4.120781e-05 0.5320357 0.48063326 0.69669044 0.64900273
10 4.0210303e-05 0.45492079999999996 0.48883770000000004 0.66208434 0.6396824000000001
2 3.9674540000000004e-05 0.76344883 0.4534228 0.8448073 0.4975447
1 3.854367e-05 0.0024121786 0.50739884 0.047935683 0.5619626999999999
4 3.8537146e-05 0.5449361 0.49000815 0.7533970999999999 0.63923985
10 3.811828e-05 0.7599568 0.48093116 0.825408 0.5285337
3 3.7718524e-05 0.41682127 0.5163007000000001 0.62118673 0.6460678000000001
3 3.68996e-05 0.01669514 0.6158284 0.05665633 0.7073568
13 3.6847425e-05 0.20599209 0.5999929 0.4301813 0.70315874
8 3.6512545e-05 0.011198216 0.60948986 0.048737723 0.6626548000000001
4 3.638176e-05 0.49157882 0.49999833 0.68801486 0.6290650999999999
10 3.6372137e-05 0.009819897 0.584914 0.043868683 0.6848873000000001
9 3.624874e-05 0.59181005 0.5606536 0.6861389 0.6140173000000001
9 3.6241745e-05 0.027373366 0.5225976999999999 0.13617007 0.65158594
11 3.5763092e-05 0.7992145 0.48505393 0.8524571 0.5402639
3 3.554703e-05 0.006678564499999999 0.48419675 0.050653495 0.5955854
10 3.5237662999999995e-05 0.77907324 0.45051625 0.84495443 0.506058
4 3.513054e-05 0.95944715 0.43682185 1.0 0.47858945
3 3.4337532e-05 0.29934326 0.6108037 0.43602979999999997 0.68143743
8 3.4022236e-05 0.37328377 0.54319996 0.42601386 0.59702647
13 3.3977764999999996e-05 0.26415026 0.6147881 0.40148816 0.6739803000000001
3 3.3195534e-05 0.21053226 0.64094675 0.26725679999999996 0.69353527
13 3.2811764e-05 0.80642253 0.45706418 0.88863385 0.5087151
2 3.2312197000000004e-05 0.47255915 0.47691897 0.7190749 0.58905053
1 3.2285516e-05 0.7682762 0.49313203 0.84335446 0.53025717
1 3.2040190000000005e-05 0.012391512 0.51224947 0.066488795 0.560508
2 3.1869854999999995e-05 0.43904108 0.53334105 0.52038366 0.5753616
13 3.0857293e-05 0.25143704 0.64386463 0.3584545 0.6890092
13 3.0808256e-05 0.5368406 0.54162693 0.669114 0.6095824000000001
3 3.0736202e-05 0.26991072 0.63478637 0.3418078 0.69736755
8 3.0621525999999996e-05 0.013188364 0.53708935 0.060380325 0.5946121
10 3.0554158000000005e-05 0.018065533 0.50555646 0.05702216 0.56177115
5 3.0007513e-05 0.3614855 0.5580733 0.63635993 0.6731098000000001
13 2.9730889000000004e-05 0.18780762 0.5577498000000001 0.42656702 0.6798314999999999
3 2.9670238e-05 0.6219279999999999 0.5293789000000001 0.7320247 0.5988899999999999
12 2.9665274e-05 0.46498778 0.513016 0.7221247 0.636863
7 2.9480227e-05 0.84792095 0.457841 0.92876965 0.5055953
2 2.944663e-05 0.49479540000000005 0.5041029 0.7238675 0.6204701
11 2.9196979e-05 0.7846234000000001 0.46590509999999996 0.8273918 0.51293933
1 2.9150879999999998e-05 0.34655353 0.5733313 0.42191850000000003 0.6112898
8 2.8974564e-05 0.12466463 0.39126740000000004 0.6037707 0.9259066999999999
10 2.8464274e-05 0.7980921 0.47589996 0.86434436 0.53264415
9 2.7903425000000003e-05 0.78728527 0.49010092 0.8597378000000001 0.5330331
12 2.789988e-05 0.009254980999999999 0.588737 0.049139685999999995 0.6736335
12 2.785106e-05 0.43937084 0.5334691999999999 0.52127045 0.5831334
11 2.7634507e-05 0.957292 0.43144506 0.993419 0.48551905
7 2.7551763e-05 0.74606866 0.45324346 0.8303098 0.50650954
13 2.7364482e-05 0.0021135353 0.5352189 0.078856915 0.58692205
4 2.7195942e-05 0.043394048 0.493572 0.11996002 0.604677
10 2.7012084e-05 0.02851403 0.5067495 0.07580917 0.5604929
6 2.6663689e-05 0.49608679999999994 0.53251535 0.74120766 0.71608174
6 2.663317e-05 0.00046516415999999996 0.5233643 0.11606435 0.64295465
7 2.646163e-05 0.3392983 0.5586784 0.42771286 0.61737573
13 2.5489853e-05 0.3387996 0.5387854999999999 0.42730606 0.59225374
7 2.513059e-05 0.56197244 0.55149275 0.660611 0.6263316
9 2.4656993999999998e-05 0.021844592000000003 0.5170338 0.08167329400000001 0.56105155
2 2.4650733e-05 0.008224587 0.49986318 0.06312613 0.5582989
13 2.3962084e-05 0.61039186 0.5669261 0.70898557 0.61778945
8 2.3926532000000003e-05 0.213087 0.6360017 0.27084717 0.68801147
5 2.3693889e-05 0.737105 0.47498837 0.8350417 0.5046497999999999
5 2.3529607e-05 0.538499 0.56127316 0.69330573 0.6265347
12 2.3481199999999998e-05 0.59811866 0.5614140000000001 0.66162443 0.64011407
9 2.3327511e-05 0.33081096 0.6094205 0.5394561 0.7227531999999999
6 2.3188608e-05 0.0 0.49510479999999996 0.11152046 0.6105060999999999
5 2.30669e-05 0.0 0.5282781999999999 0.122464165 0.59899515
6 2.2833640999999996e-05 0.42603916 0.5459084 0.52366954 0.5896537
8 2.2722579999999997e-05 0.27090588 0.61177266 0.3678135 0.68041205
11 2.2614455e-05 0.31846657 0.55441856 0.43989405 0.7479775
4 2.2578648e-05 0.7588089 0.49213982 0.8132554 0.5241191
8 2.190697e-05 0.010124061 0.53294086 0.045872315999999996 0.59927857
8 2.1766624e-05 0.18217877 0.634976 0.2393265 0.68643486
8 2.103608e-05 0.6230576 0.5579799 0.6956956 0.61648107
7 2.0959339999999997e-05 0.411369 0.5599961999999999 0.51926845 0.6229925000000001
2 2.090555e-05 0.0178215 0.50684834 0.080179766 0.5590275
2 2.0878431e-05 0.7937350999999999 0.47737825 0.88663185 0.5281456999999999
1 2.0687268e-05 0.85322475 0.47182044 0.926375 0.50267726
3 2.0357995e-05 0.36605316 0.5448284999999999 0.43381354 0.6025020000000001
7 2.0342820000000003e-05 0.7782346 0.48101234 0.8663767 0.53182715
8 2.0336014e-05 0.2580622 0.630918 0.32872656 0.6915471
9 2.0321224e-05 0.0078048087 0.6051390999999999 0.046148945 0.69406646
5 2.018572e-05 0.41712958 0.55241835 0.5130675 0.586592
2 2.0101621e-05 0.86067986 0.4545393 0.9440052 0.50048625
1 2.007622e-05 0.0 0.6177729999999999 0.037853617 0.6876738
4 2.0028136e-05 0.5354585999999999 0.49747276 0.6725220000000001 0.680037
2 1.9958188e-05 0.0 0.58304816 0.041970454000000004 0.67952156
10 1.9352674e-05 0.45057473 0.5337118000000001 0.52006894 0.58924776
2 1.9261879e-05 0.35378295 0.5592654 0.4437986 0.61067927
9 1.9236695e-05 0.45173717 0.5469193 0.5183839 0.59057605
13 1.9203238e-05 0.0 0.5360079000000001 0.11373888 0.652621
8 1.8870378e-05 0.56437546 0.20784198 0.8600551 0.8001406
6 1.8868532e-05 0.0087922355 0.5187015 0.049997788 0.5655116
