3 0.9600270000000001 0.8566116 0.6430642 0.9955975 0.90023756
3 0.93727934 0.06280308 0.6037766999999999 0.12515926 0.6657559000000001
3 0.6999286 0.10045588 0.588004 0.18167609 0.6558928
3 0.28963340000000004 0.26559576 0.6198707 0.31310913 0.6594512
3 0.21980815 0.869574 0.6491722 0.94281596 0.7254377
8 0.12241715 0.8465965 0.59260035 0.9987966999999999 0.9006924000000001
8 0.11753636599999999 0.0933636 0.59149396 0.1771019 0.655137
8 0.06773828 0.059681285 0.58893806 0.12799296 0.6632746
8 0.026293186 0.2637098 0.61607105 0.3139827 0.66253656
3 0.026118284 0.07356303 0.6054517 0.14224437 0.67292464
8 0.02102609 0.06892383 0.56357837 0.22588920000000004 0.67112386
3 0.017917698 0.05996017 0.59420794 0.11362471 0.6507145999999999
8 0.015721006000000003 0.05177429 0.5965724 0.11085464 0.64846545
3 0.015448188 0.28354695 0.6225048000000001 0.33546582 0.6612084
8 0.008763946 0.83457184 0.6758765999999999 1.0 0.86493754
3 0.008608428000000001 0.071335815 0.5869484 0.15378597 0.65905225
3 0.0076556327000000006 0.89694047 0.5804494 1.0 0.76179
3 0.0050280844 0.71325386 0.6154633 0.86194706 0.755307
3 0.0049785194 0.9039556999999999 0.59640634 1.0 0.8763957
3 0.004828053 0.7709068 0.616536 0.9855361999999999 0.8906607
8 0.004393099 0.86652637 0.65719986 0.93989027 0.72855467
13 0.00428932 0.8665238000000001 0.66260463 0.94515914 0.7324611999999999
13 0.0042247158 0.26454243 0.6198368000000001 0.32015792 0.6708761
13 0.0036406124 0.091568425 0.58198094 0.18937145 0.6568243
8 0.0035387559999999997 0.07498622 0.6036295 0.14495364 0.66968876
3 0.002738297 0.091945134 0.57961935 0.21529621 0.66979563
8 0.002561813 0.7630041 0.5600015 0.9826792999999999 0.8911525
8 0.0023222505 0.9049577 0.60257834 0.98448616 0.7440097
8 0.002320453 0.036221467 0.55100745 0.19312382 0.68282413
8 0.0017898323999999998 0.28205144 0.61636597 0.33580953 0.6635521
13 0.001708589 0.85980386 0.64371365 0.94010776 0.71851933
13 0.0016344927 0.059958145 0.61707675 0.14222413 0.67419237
13 0.0014221654000000001 0.81269884 0.6161358 1.0 0.9267983
3 0.0012498336 0.6023761999999999 0.563944 0.6895226 0.6208983
8 0.0011928108 0.06950398 0.5828066 0.1511659 0.6601139
13 0.0010827412 0.0973434 0.5789092 0.16262127 0.68158907
7 0.0010268649 0.7891986 0.54000884 0.9984004999999999 0.9432029000000001
7 0.0010191555999999999 0.25721717 0.6209053000000001 0.3246323 0.6694769
3 0.0009459984 0.9590053 0.67526644 1.0 0.8907443000000002
13 0.00092903 0.8491972 0.51529616 1.0 0.9534544
6 0.0008591061 0.86413777 0.7207004 1.0 0.86548835
2 0.00085413933 0.09946061 0.5805587 0.1828604 0.6324509
13 0.00083094265 0.7905001 0.7191078000000001 1.0 0.85906875
5 0.0008123467599999999 0.059991598 0.6026364000000001 0.18702278 0.6435135999999999
3 0.00079397723 0.26691213 0.6013387 0.31773737 0.6457271
12 0.00077958213 0.10502784 0.5885958 0.20259552 0.6420969
7 0.0007302811 0.08936097 0.57531416 0.17448102 0.65832216
9 0.0007056780000000001 0.05695359 0.5974147 0.12590848 0.64709705
7 0.00069689803 0.04854349 0.58851635 0.12025594 0.6579369
11 0.0006958167 0.11100718 0.56010616 0.14901903 0.67363083
11 0.00064624887 0.11011246599999999 0.5902753000000001 0.15476662 0.6546586999999999
5 0.00064519315 0.75910574 0.66032016 1.0 0.8836574
3 0.0006416878 0.61817545 0.73465216 0.68757623 0.7869857
11 0.0006410144 0.06709396 0.59458524 0.11213494 0.65107363
2 0.0006368277 0.26467708 0.6165685000000001 0.32347742 0.65897584
9 0.0006107394 0.8957375 0.5623843000000001 1.0 0.8789366
7 0.00056164735 0.8549411 0.44789073 0.9958551 0.94318384
8 0.0005449319999999999 0.836041 0.6352956999999999 0.9699224 0.8212704
13 0.00053818943 0.053293705 0.5890976 0.13106969 0.66571665
13 0.0005252647 0.047925885999999994 0.5997237 0.114078894 0.6606046999999999
3 0.0005218497 0.5917821 0.7366564999999999 0.6468799 0.78375924
8 0.0005176411 0.60400677 0.7367611 0.66533697 0.7853197
8 0.0005086638 0.8685210999999999 0.7090014 0.9803866 0.87131757
13 0.0004982723 0.06679632 0.59189326 0.12172842 0.68939334
13 0.00048291087 0.8786373 0.63371456 0.9453106 0.73804206
1 0.00047510717000000003 0.7752153 0.6356427 0.96460015 0.8704354999999999
1 0.00046754215 0.086737975 0.60628736 0.16470166 0.6529636
5 0.00045653523 0.25794983 0.63223356 0.32178759999999995 0.6720289
6 0.00045297372999999997 0.084855914 0.59176445 0.19683212 0.65454066
2 0.00045275402999999997 0.8639306000000001 0.66032004 0.95766056 0.7215144
1 0.00045216559999999997 0.26530245 0.63440937 0.31723616 0.66909057
5 0.00043127295999999997 0.033892576 0.60859036 0.13458832 0.64955264
9 0.00042886237 0.07485883 0.5930538000000001 0.1260461 0.66760033
10 0.00042107265 0.05116401 0.5909321 0.12155644 0.6413367
7 0.0004208827 0.7147635 0.5979446999999999 0.9995502 1.0
1 0.00041691220000000004 0.7491393 0.7008743000000001 0.95739317 0.9231555
6 0.0004158075 0.78480655 0.5843419 1.0 0.9195953000000001
13 0.00041034626000000006 0.8705881 0.5569335 1.0 0.757694
8 0.00040744597 0.11005156 0.61331874 0.17212988 0.6609765000000001
13 0.00040719970000000004 0.85917276 0.65886515 0.92914945 0.7483496999999999
5 0.00040456050000000005 0.08388135 0.6007624 0.16373152 0.6766681
6 0.00040291745 0.25503114 0.6287899 0.33964851 0.66784513
9 0.00039224405 0.1050267 0.59207386 0.18033484 0.6498028
13 0.00038662067000000004 0.8656531999999999 0.6949987 1.0 0.9149645000000001
11 0.000385944 0.85419834 0.5548018 0.9569769 0.92365164
11 0.00038268769999999996 0.08199892 0.5649132 0.12865081 0.6658864999999999
10 0.00038173946000000003 0.0950245 0.5791918 0.17980742 0.6433683000000001
10 0.00037990877 0.06694547 0.5833093 0.13869414 0.6466823
12 0.00037778379999999997 0.83457434 0.47401842 1.0 0.8158890000000001
11 0.0003776422 0.28344512 0.6203453 0.32015914 0.6704649
7 0.00037632836 0.8634806999999999 0.65745234 0.9555423000000001 0.74090457
1 0.0003689844 0.04413717599999999 0.60009676 0.108465 0.6425748
6 0.00036846232000000003 0.74170053 0.6899609 1.0 0.96394706
3 0.0003667797 0.8430058000000001 0.60974854 1.0 0.79373664
12 0.00036282394999999996 0.8769860999999999 0.6572648 0.96141535 0.72362846
2 0.00035563397000000003 0.06744245 0.5886519 0.13617517 0.63310546
5 0.0003524301 0.03115758 0.6273445 0.13398787 0.6774555999999999
13 0.0003510945 0.28126985 0.6223162 0.3367579 0.67177904
13 0.00034881616 0.54817307 0.6240018 0.60226214 0.66808605
11 0.00034307275 0.06964744 0.6114241 0.11514061 0.68006754
4 0.00033507627 0.102784574 0.5882038 0.17472321 0.65094924
12 0.00032535478 0.8821545 0.65498406 1.0 0.8545174999999999
3 0.00032404342 0.5525335 0.6153034000000001 0.59526765 0.66634744
1 0.0003240071 0.7868968000000001 0.75140494 0.96523094 0.85977185
3 0.00032308580000000003 0.10400976 0.60860705 0.18374221 0.6671606
8 0.0003202452 0.6144098000000001 0.5593066 0.9413110999999998 0.98676324
12 0.00031807207 0.87545526 0.6197545999999999 0.9407603999999999 0.71694833
8 0.00031496375 0.8802123 0.5785445 0.9867779000000001 0.716967
8 0.00031207732000000004 0.59091944 0.7360309 0.6429524 0.78343594
7 0.0003107762 0.048245482 0.6058838000000001 0.14438492 0.68259937
13 0.00030600355 0.7991111999999999 0.728809 0.9933725 0.98729765
9 0.00030556854 0.12134576 0.5970313 0.19952327 0.64678574
8 0.00030441227 0.71439147 0.6108149 0.85091937 0.74888456
3 0.00030013832 0.11244242 0.5784530999999999 0.18437625 0.62154585
7 0.00029818586 0.8720259 0.6140138 1.0 0.90931404
8 0.00029691814999999996 0.26544747 0.60445505 0.30671445 0.6489149000000001
6 0.0002942441 0.8152335 0.7622814 1.0 0.87958777
8 0.00029129928 0.5509961999999999 0.6157135 0.59791994 0.6621172
1 0.0002904191 0.8257625 0.57523465 0.97853255 0.84314835
5 0.00028740874 0.71665424 0.69966006 0.96117944 0.96487445
7 0.0002872251 0.054356057 0.5626515999999999 0.13043132 0.6984127
4 0.00028104382 0.123916924 0.5844425 0.18847975 0.6497486
12 0.00027972792 0.056095384000000005 0.58708966 0.13305163 0.6447439
1 0.00027649984 0.86916906 0.6818675000000001 0.93971807 0.7411076999999999
13 0.00026988942000000005 0.7331972 0.65513176 1.0 0.94322294
2 0.00026911633999999996 0.8217819 0.5147494 1.0 0.8232176
11 0.000268874 0.09229377 0.58420813 0.14400946 0.6532408000000001
4 0.00026749974 0.068718515 0.589669 0.122822784 0.64780444
1 0.00026302077 0.059298545 0.5940658000000001 0.11465973 0.65943795
4 0.00026287092 0.9032290999999999 0.61028886 1.0 0.86963004
7 0.00025594509999999997 0.84909284 0.69591266 1.0 0.87607044
5 0.00025017957999999996 0.055327777 0.61001813 0.13836773 0.6850124
10 0.0002490847 0.88438207 0.60193175 1.0 0.86296463
2 0.0002468366 0.77975345 0.5714938 1.0 0.9035984
4 0.00024313356 0.27753845 0.6201443 0.32510057 0.66935396
10 0.00023164150000000002 0.27981079999999997 0.6121321 0.33012182 0.6725491
12 0.00023013978 0.87129885 0.6271278 0.9580112 0.6972146
1 0.00022461433999999998 0.8463562 0.7576274000000001 0.99157673 0.87095195
4 0.00022068334999999998 0.89300966 0.47114336 1.0 0.8670700000000001
3 0.00022017932 0.9075876 0.5828724000000001 1.0 0.66619444
5 0.00021809432999999999 0.73217684 0.73058844 0.9967565999999999 0.8554424
6 0.0002179375 0.04450024 0.5900724 0.13972795 0.64874667
4 0.00021689374 0.8431832 0.5563321 1.0 0.88749343
11 0.00021660779 0.90433055 0.49226797 0.97979146 0.9040389000000001
8 0.00021197002 0.35549742 0.3415285 0.41659868 0.38135278
10 0.0002107714 0.07711436 0.5560682 0.12948328 0.67504215
9 0.00020931759999999998 0.88865256 0.71481025 1.0 0.8544265
12 0.00020888013 0.09802006 0.57467777 0.16685893 0.66025466
4 0.00020847455000000002 0.08481909 0.60462636 0.15148307 0.6844549
1 0.00020782866 0.8524040999999999 0.6830792 0.922861 0.73496926
7 0.00020427596 0.8730745999999999 0.613588 0.9419771999999998 0.74121684
11 0.00020359881 0.0837627 0.60972166 0.13571544 0.68198305
11 0.0002003011 0.13487083 0.58802193 0.17374524 0.65046
12 0.00019866958999999998 0.86405504 0.69843775 1.0 0.8353248
5 0.00019581855 0.82735354 0.7016288 1.0 1.0
7 0.00019491776999999998 0.8684947000000001 0.6349755 0.9568499 0.71507746
1 0.00019460868000000002 0.86679447 0.6446523000000001 0.92529213 0.7173537
6 0.00019107695 0.77775025 0.75034904 1.0 1.0
10 0.00019011887 0.89176947 0.38589856 1.0 0.88792604
12 0.00018900604 0.26364726 0.62069577 0.329264 0.6611892
7 0.00018702987 0.08730504 0.5584859999999999 0.15537944 0.6906262
10 0.00018655196 0.84389055 0.69713044 1.0 0.8635464
11 0.00018553731 0.8573678 0.7345356 0.9510295 0.8883777
2 0.00018261377 0.06827934 0.6100576999999999 0.15192889 0.6600365
9 0.00018259665000000002 0.8914403000000001 0.63959974 0.9402225000000001 0.72648644
9 0.00018244052 0.8482122999999999 0.65356815 1.0 0.94071954
2 0.00018241060000000003 0.87337375 0.64688575 0.9380181000000001 0.7360941
5 0.00017565089 0.8638018 0.6574949999999999 0.9404995999999999 0.7283767
13 0.00017558131000000002 0.07708131 0.58026606 0.21649949 0.7037194999999999
1 0.00017225575 0.8409568999999999 0.67196524 0.9762851999999999 0.95391923
8 0.00016700673 0.0120256925 0.5085892 0.040125992 0.5530916
3 0.00016564823 0.8588152 0.52279127 1.0 0.8681465
1 0.00016216497 0.75071007 0.560137 0.9678056999999999 0.80924845
10 0.00016111023 0.8917331000000001 0.6041605999999999 0.93935376 0.73112196
8 0.00016083533000000002 0.56911945 0.5506154999999999 0.7056391 0.67121875
11 0.00015907039 0.90006894 0.6251941999999999 0.92945987 0.7222155
5 0.00015842633999999997 0.8224534 0.7071161 1.0 0.8818367
12 0.00015762613 0.883331 0.6513144000000001 0.9412134 0.7394944
13 0.0001532014 0.04416687 0.597485 0.099114485 0.6492488000000001
1 0.00015233475 0.7780309 0.7557311 0.97684276 0.97918737
7 0.00014996312 0.8263789 0.7335587 0.9936965 0.91132796
9 0.00014995976000000002 0.27321926 0.6267767 0.3293003 0.6646813
9 0.0001498794 0.8454189000000001 0.5452166 1.0 0.83773565
1 0.00014980353999999999 0.06707652 0.6011755999999999 0.14600278 0.64853954
9 0.00014875444 0.068477735 0.6188249 0.13204487 0.6647436
4 0.00014701106 0.08359361 0.5852458 0.14298829999999998 0.6551732
10 0.00014643442 0.08336484400000001 0.58896077 0.16301225 0.64107394
10 0.00014514096000000002 0.111511275 0.5679199 0.16493057 0.6689248999999999
11 0.0001432549 0.9074042999999999 0.667766 0.9759711999999999 0.8985065000000001
2 0.00014323369 0.8270225 0.6893983 1.0 0.8176138000000001
6 0.00014160985 0.053891413 0.6215455 0.14320403 0.67255896
2 0.00014084428 0.8751084000000001 0.48308694 1.0 0.9028311
5 0.00013933463 0.7598123 0.7555134 0.96730274 1.0
8 0.0001389055 0.6014929 0.5710478 0.6761425999999999 0.6197723
6 0.00013849203 0.8048899 0.7011679 1.0 0.8322495999999999
10 0.00013835706 0.8946431 0.6503445 0.957092 0.7362243
10 0.00013709889 0.83477736 0.50508446 1.0 0.9093502
5 0.00013366857 0.7439953 0.6264268 1.0 0.80903924
13 0.00013316626 0.59798753 0.55516994 0.6850549 0.62183833
8 0.00013295368 0.9020306 0.5620189 0.98317146 0.6841878
4 0.00013278727 0.08104983 0.57164705 0.13604109 0.6770243
7 0.00013251573999999998 0.06242249 0.58160704 0.15309384 0.65727466
11 0.00012790122 0.060458637999999995 0.58865774 0.09892001 0.64993477
13 0.00012681058 0.6945653 0.6058513000000001 0.8742924000000001 0.76524144
3 0.00012593940000000002 0.73925316 0.66665435 0.82859194 0.7421958000000001
8 0.00012577133 0.6048906 0.5421014000000001 0.9142034 0.8400083
6 0.00012407501 0.8536811 0.6747107 0.97908163 0.74331146
10 0.0001226011 0.07344897 0.6071179 0.14922692 0.6732845999999999
4 0.00012238996000000002 0.06227223 0.6078331 0.12903214 0.67352057
3 0.00011903348999999998 0.9493009 0.68047243 1.0 0.82235587
5 0.00011797421999999998 0.8838845 0.6850345 1.0 1.0
8 0.00011639948999999999 0.6294286 0.7328604999999999 0.68860316 0.78553706
3 0.00011468754999999999 0.62915915 0.6014901999999999 0.96496254 0.9509371999999999
12 0.00011370898 0.087538496 0.59165186 0.17084686 0.64839345
13 0.000111553854 0.7666951999999999 0.64972943 0.98238856 0.8442845999999999
2 0.00011102518999999999 0.8867716999999998 0.6208642 0.9975848 0.8497753
3 0.00011036343999999999 0.5655956 0.54121023 0.71803963 0.68361163
2 0.00011019829 0.8747537000000001 0.6279964 0.9593359 0.6938257
3 0.00010927901000000002 0.90327 0.5470264 1.0 0.7019303000000001
4 0.00010847857599999999 0.88018924 0.66207236 0.9552646 0.7316121
1 0.00010750796999999999 0.053283382000000004 0.63221115 0.11353421 0.67358893
8 0.00010734508999999998 0.6025236999999999 0.29766020000000004 0.87738085 0.9441818999999999
2 0.00010681202499999999 0.105210245 0.5623368000000001 0.16623423 0.6409977
1 0.00010626143 0.88370085 0.7532919 0.9978545 0.90359354
2 0.00010553308999999999 0.8088723000000001 0.64752525 1.0 0.9607824
3 0.00010483496600000001 0.8833827 0.6345854999999999 1.0 0.80644625
4 0.00010082834999999999 0.84809583 0.6862969 0.9851815999999999 0.8643995999999999
8 0.00010075728999999999 0.104155056 0.5802255000000001 0.16906077 0.62213045
11 9.917565e-05 0.8521981 0.59041387 0.9878708 1.0
10 9.835125e-05 0.060038857 0.6173593 0.133326 0.672737
12 9.822516e-05 0.8431646 0.5616760999999999 1.0 0.88933176
9 9.799005999999999e-05 0.88600326 0.64764446 0.9598502 0.70772046
10 9.655931999999999e-05 0.8980601 0.62835515 0.9419619 0.7575348000000001
13 9.6347605e-05 0.25632 0.5964573000000001 0.31944448 0.65147954
1 9.59966e-05 0.034860782 0.6009919 0.09219285 0.6362941999999999
2 9.597111999999999e-05 0.87772584 0.61265045 0.94169736 0.70720935
7 9.4307354e-05 0.03696615 0.59361565 0.10051215 0.65276575
13 9.375985e-05 0.33565685 0.33890876 0.43336179999999996 0.38223755
8 9.274226999999999e-05 0.87585694 0.6637899 0.92803544 0.7429451
5 9.258630999999999e-05 0.8273786 0.6760931 0.9289506999999999 0.7313869000000001
11 9.1453156e-05 0.8932983 0.7441743000000001 0.9702632999999999 0.8905304
12 9.08512e-05 0.9208395 0.70689225 1.0 0.8527976999999999
9 9.056819999999999e-05 0.8879108 0.67080057 0.9645625 0.7306355999999999
8 8.904988000000001e-05 0.9165454 0.64716756 0.9908886 0.9075489
11 8.8315e-05 0.90209216 0.6616626 0.94328576 0.7356908000000001
1 8.8304856e-05 0.87316114 0.5688770000000001 0.9810274 0.9398529
1 8.577481e-05 0.6808512 0.6626175 0.938678 0.87512314
9 8.565171399999999e-05 0.10292151 0.5886041999999999 0.15513058 0.6750775
11 8.457950999999999e-05 0.8849819999999999 0.66688573 0.9237781999999999 0.73876184
10 8.308711e-05 0.89939755 0.47226343 1.0 0.997531
1 8.167126e-05 0.067821 0.6322937 0.12298114 0.6798046
10 8.1405575e-05 0.9365954 0.29997253 1.0 1.0
7 8.1378435e-05 0.82215685 0.40380517 0.99436766 1.0
5 8.122483e-05 0.86339486 0.6705123000000001 0.9332606999999999 0.7604348000000001
6 8.03388e-05 0.67076415 0.64862716 1.0 0.91896534
8 7.955194499999999e-05 0.025185987000000003 0.59151465 0.20943786 0.9406653
2 7.8875346e-05 0.07252137 0.5610613 0.13570789 0.6503420999999999
3 7.837405e-05 0.8477584999999999 0.7200951 0.9315743000000001 0.78179204
1 7.738026e-05 0.80250067 0.78114456 0.97050554 0.8791271999999999
4 7.5475844e-05 0.8912300999999999 0.68183565 1.0 0.89689046
10 7.383385999999999e-05 0.88386214 0.6259093000000001 0.951594 0.71011615
12 7.2195755e-05 0.78286946 0.60558134 1.0 0.86525774
11 7.192623e-05 0.90039116 0.33882767 0.9893511 1.0
10 7.169511999999999e-05 0.09233986 0.6029001 0.16386007 0.67275333
11 7.123954000000001e-05 0.85410553 0.7533801 0.96667606 0.92509615
9 7.052308000000001e-05 0.88948655 0.5940008000000001 0.99875355 1.0
3 6.769349e-05 0.59414965 0.5702479 0.9566565 0.83167917
1 6.729535e-05 0.84476495 0.64940614 0.91597545 0.70026267
2 6.6994005e-05 0.05644601 0.5912782 0.11854058 0.632274
11 6.692786e-05 0.9355053 0.34307328 0.99303246 1.0
7 6.523238e-05 0.8058484 0.64061666 1.0 0.8239458000000001
4 6.485382e-05 0.812411 0.600899 0.9899377 0.94450414
12 6.4411746e-05 0.83218867 0.6306845999999999 1.0 0.7820286
13 6.4410444e-05 0.5885729999999999 0.73123115 0.6489508 0.7846924
5 6.423585e-05 0.7878548000000001 0.7488279 1.0 0.90212303
8 6.4032705e-05 0.8581626 0.67044175 0.9244991 0.72515196
4 6.327546e-05 0.8847482 0.6168863 0.9430002000000001 0.71264845
9 6.260791e-05 0.9168831000000001 0.6897302 1.0 0.8814536000000001
13 6.209608e-05 0.07276392 0.5780071999999999 0.14641976 0.6877475000000001
12 6.1889776e-05 0.88163173 0.45163065 0.99458075 0.90000844
9 6.160388000000001e-05 0.9212815999999999 0.56379116 1.0 0.9979938
13 5.9795537e-05 0.8781889999999999 0.64574987 0.92544454 0.7644186
8 5.965068e-05 0.9195841 0.5954547 0.9776959000000001 0.65521824
11 5.902812e-05 0.9009029000000001 0.6453858 0.93894655 0.70806974
4 5.8607464e-05 0.92361695 0.4094616 1.0 0.98390144
1 5.815219e-05 0.78847325 0.7104729000000001 0.9513222 0.83023304
1 5.7663092e-05 0.7812077 0.67992795 0.9452144 0.80308104
9 5.7368292e-05 0.08396447 0.5891233 0.16142727 0.6558109000000001
13 5.678048000000001e-05 0.09459068 0.61744225 0.17473139 0.6673805
13 5.659188e-05 0.10547273 0.5709147 0.17907526 0.626898
7 5.6162135e-05 0.90218496 0.54603446 0.99219656 0.72724265
10 5.520998000000001e-05 0.84871083 0.63633835 0.99711937 0.7906572
8 5.46037e-05 0.11265759 0.3068534 0.39389282 0.96433884
13 5.3183347000000005e-05 0.8296085999999999 0.5513942 1.0 0.72413105
12 5.2650128e-05 0.060260724 0.61125875 0.15817037 0.6615121999999999
4 5.1910472e-05 0.8915774999999999 0.63733625 0.9566332000000001 0.7039703
1 5.1612565999999995e-05 0.27817744 0.6319548 0.3342967 0.666043
9 5.1294515e-05 0.09939913 0.5782383000000001 0.23488449999999997 0.6898553000000001
6 4.9948387e-05 0.85494274 0.64395237 0.9646515 0.7120941
2 4.9485814e-05 0.8545653 0.64666665 1.0 0.7631121
