8 0.9619036 0.42788398 0.5013712 0.7056316 0.65821296
3 0.9357013000000001 0.34147593 0.5258328 0.47398004 0.5902379
3 0.8285498 0.89507157 0.88508517 1.0 0.99891555
3 0.15366825 0.43298690000000006 0.5416274999999999 0.5397318 0.6169603
3 0.11641413 0.48476398 0.50324076 0.70809865 0.6651529
3 0.087826855 0.41202330000000004 0.5164747000000001 0.50265616 0.5975600999999999
8 0.0864239 0.31285040000000003 0.48592785 0.5470423000000001 0.5987385000000001
3 0.03151711 0.34942356 0.49643000000000004 0.5124972 0.59267694
8 0.025985337999999997 0.3348056 0.52225506 0.48189345 0.5856723
8 0.023731554 0.023854647000000003 0.45204849999999996 0.089626275 0.51213974
8 0.012546451 0.42347398 0.5388678000000001 0.53880215 0.6190019
8 0.004982262 0.89088994 0.86508346 1.0 1.0
8 0.0046484666 0.40192140000000004 0.51737976 0.50788146 0.6101713000000001
13 0.004368889 0.87470925 0.92272717 1.0 0.99372756
9 0.004161764 0.5522155 0.50617456 0.7746236999999999 0.6134592
8 0.004118967 0.012130772 0.44151133 0.04353030000000001 0.51244235
8 0.0036556812 0.88893783 0.90044487 0.9806964 0.99295604
8 0.0033135716999999998 0.90828794 0.87731963 0.98690104 0.9968723
13 0.003146083 0.5127980999999999 0.5102907 0.7537465999999999 0.63706946
13 0.0030491964000000002 0.5183042999999999 0.5558843000000001 0.7569363 0.6630592
13 0.002839882 0.8851821 0.89496994 0.9711334999999999 0.9863506999999999
3 0.0026234402000000004 0.34158882 0.5104932 0.46215752 0.5736832
8 0.002406592 0.31735690000000005 0.42321232 0.73323095 0.6732897
7 0.0020176421 0.8489669 0.9204293 0.9758962 1.0
13 0.0020003029999999997 0.41822120000000007 0.5535689 0.6663975000000001 0.66001856
7 0.0019490583 0.8781697 0.9055119 0.99494123 0.98364526
13 0.0017444938 0.87090164 0.9059888 0.9914279 0.97582155
13 0.0016401845000000002 0.53602475 0.5209606 0.72541565 0.68098557
3 0.0016327838000000001 0.3990366 0.50733256 0.46939105 0.60167074
11 0.0014473884 0.9126019000000001 0.90225804 0.96698517 0.98596877
3 0.0014357874 0.4204776 0.5046492 0.66519886 0.62553006
13 0.0013864470999999999 0.5223211 0.54637444 0.69732887 0.704164
3 0.0013701215 0.440229 0.5182928 0.50839955 0.6113974
11 0.0013150581 0.47764975 0.46886775 0.6446999 0.6452258000000001
13 0.0013056305 0.81426495 0.92188853 0.97867566 0.9970572
12 0.0012923689 0.5464326 0.49643877 0.77678066 0.6172554
11 0.0012361218 0.44858706 0.48780805 0.6460104 0.723908
5 0.0012343253 0.35395540000000003 0.57028615 0.6524274999999999 0.662454
9 0.0012214155 0.49538752 0.5074896 0.7087465999999999 0.6185069000000001
3 0.0011856743 0.37162212 0.50782233 0.4488898 0.59817356
9 0.0011782862 0.54705983 0.55450976 0.7951876 0.6612384
3 0.0011729377 0.8886373 0.8821386 0.9931661 0.96397537
12 0.0011484155 0.92167646 0.8945208 0.99824184 0.9618151
11 0.0011437087 0.8905509 0.90182525 0.9474437 0.9893253000000001
11 0.001116676 0.8947825999999999 0.93082327 0.98243004 1.0
9 0.0010681066 0.891418 0.9101341000000001 1.0 0.97510886
9 0.0010490833 0.45012072 0.5123677 0.64532155 0.63180506
4 0.00103752 0.59288436 0.4895696 0.7836334 0.6445225
9 0.0010169361 0.59131473 0.5169628 0.7374168000000001 0.6739949000000001
13 0.0009839673 0.42788919999999997 0.5574471999999999 0.53752995 0.6177775
2 0.0009802725 0.5308295999999999 0.52792627 0.7549191 0.6789999
3 0.0009571844000000001 0.41375694 0.5429056999999999 0.5109231 0.60842997
9 0.00094073295 0.9044962999999999 0.9007499 1.0 0.9558468000000001
9 0.0008967156 0.5784372 0.5252898 0.8178036 0.6272234999999999
11 0.0008917683 0.90575665 0.9238128000000001 0.9710815 0.9780283000000001
12 0.00088715146 0.9092522 0.89954305 1.0 0.9869757
3 0.0008792471499999999 0.3808763 0.49190915 0.56452787 0.59645736
11 0.0008747956599999999 0.8506475 0.8827569 0.94473076 1.0
1 0.00087072345 0.8926818000000001 0.91454214 0.9949366 0.9836292999999999
9 0.00086072565 0.48517764 0.54981893 0.73162353 0.6637850000000001
6 0.0008597207 0.84205 0.91515476 1.0 0.995027
7 0.0008457282699999999 0.8874550999999999 0.8741843 0.99856746 1.0
4 0.0008441082000000001 0.57387763 0.5273066 0.7790894 0.6976809
11 0.0008435979 0.91482097 0.897015 0.9771748 1.0
1 0.0008226615 0.5173058 0.52067643 0.7351211999999999 0.62387276
13 0.00079653744 0.8680519 0.8777038 0.98658156 1.0
5 0.0007949605400000001 0.3605392 0.5547373999999999 0.7146382 0.64552885
1 0.0007873857400000001 0.39135474 0.5266396 0.6407525 0.6265776
10 0.0007760980499999999 0.8890245999999999 0.89714664 0.98677415 0.9776181999999999
13 0.00074393424 0.20744947 0.45242718 0.34710518 0.5065823
7 0.0007262060000000001 0.8960386 0.88958347 0.9771349 1.0
2 0.0007205321000000001 0.8488776 0.9070913 0.98911154 0.9909341
1 0.0007120623 0.87279946 0.9346774 0.9926206 1.0
12 0.0006902519999999999 0.9231505999999999 0.8816725000000001 0.9800653 0.9782008
11 0.000678077 0.5914028 0.47405586 0.7514153 0.6335415
13 0.00067493075 0.43783942 0.5071857 0.6603666 0.648277
10 0.00066961395 0.58769745 0.48451057 0.7404071 0.60389775
1 0.0006682059599999999 0.5117397 0.5525217 0.67537016 0.70053864
6 0.00066708814 0.8851515999999999 0.90258354 1.0 0.96616465
6 0.0006511964599999999 0.764107 0.89599705 0.99731606 0.9952989999999999
1 0.00064093835 0.8694400999999999 0.9132696 0.95753425 0.9930964
9 0.000634756 0.5693773 0.55556756 0.7047035 0.6989173000000001
9 0.0006259469 0.4298576 0.5601036 0.65289754 0.67919725
5 0.0006182896299999999 0.89011276 0.8856171999999999 0.98307675 0.9928627
2 0.000599657 0.560451 0.46650732 0.7588302 0.64529926
3 0.0005985902400000001 0.8830855 0.83542365 1.0 0.99198663
13 0.0005878855000000001 0.32612732 0.52913505 0.4530937 0.59185886
8 0.00058366265 0.01319378 0.46585290000000007 0.041052587 0.51960003
13 0.00058299757 0.33389640000000004 0.51443714 0.43710136 0.6070686
7 0.00056617556 0.801616 0.8538087 0.9895864999999999 1.0
1 0.00055067806 0.3802508 0.57085884 0.6156716999999999 0.66792536
12 0.0005487951599999999 0.45516932 0.48871726 0.6968825 0.6227155
2 0.0005399447400000001 0.5767266 0.45932624 0.72439843 0.70204675
8 0.0005297671 0.22124082 0.4208095 0.6025151999999999 0.70485586
1 0.000525421 0.53633 0.53488636 0.6913878000000001 0.671875
4 0.0005239793700000001 0.8926913000000001 0.9006129 1.0 0.99566823
10 0.00051292265 0.47175753 0.55951726 0.6829224 0.6598786
2 0.00050269754 0.5474651999999999 0.50239205 0.7056701999999999 0.7147534999999999
13 0.00050174724 0.35506964 0.5357079 0.50765413 0.60113865
11 0.0004933507 0.8948915999999999 0.87897384 0.96774167 1.0
7 0.0004927463 0.5413356 0.47917380000000004 0.7598041999999999 0.66197604
11 0.00048983307 0.8437416 0.92717427 0.95744413 1.0
11 0.00048704235999999995 0.58536226 0.49296819999999997 0.7625363000000001 0.7061305999999999
3 0.00047992988 0.028001275 0.4548192 0.11893421 0.51321083
5 0.00047954405 0.8892799000000001 0.87471396 1.0 1.0
5 0.00047566026 0.3323272 0.53479964 0.4255738 0.61595476
9 0.00047182672999999996 0.91832244 0.8821201 1.0 0.98064506
4 0.0004716365 0.61177456 0.47853273 0.73287123 0.697353
5 0.0004641103 0.45496413 0.5858313 0.80650765 0.69134194
5 0.00046332035000000004 0.8269274 0.8993156999999999 1.0 1.0
13 0.00045868294999999997 0.43303102 0.5450763000000001 0.5206684 0.63414896
2 0.00045204669999999997 0.8759699000000001 0.8952825999999999 0.99588275 0.9602405
2 0.00045090099999999997 0.4503424 0.5445441 0.6829488 0.6565831
4 0.00045027828 0.9141695 0.89188385 1.0 0.9654119000000001
5 0.0004430385 0.85595953 0.89723575 1.0 0.96873355
6 0.00044008647000000003 0.8879168 0.89144826 1.0 1.0
11 0.00043268345 0.5175711 0.47648865 0.6892531999999999 0.64573073
8 0.00042862108 0.43032 0.4456799 0.7724646 0.7003635
12 0.00042616212 0.8644975 0.82628053 0.99207747 0.9609776
13 0.00042243449999999997 0.49072662 0.5030964 0.6683885 0.6901371000000001
9 0.00041343879999999997 0.53916955 0.52249956 0.6822457 0.681925
10 0.0004103058 0.47870052 0.4904946 0.645471 0.5940508000000001
10 0.00040498142999999997 0.91074765 0.8838193999999999 0.9750911 0.9878290000000001
9 0.0004044403 0.91205746 0.8822761 0.97668624 0.9688706
10 0.0004034993799999999 0.9133518 0.8618705 0.99299353 1.0
12 0.000400891 0.5561680999999999 0.510772 0.72568905 0.6529073000000001
4 0.00039465667 0.9175448 0.87150055 1.0 0.98757297
11 0.00039380876000000005 0.55732286 0.40060559999999995 0.6812704 0.74684733
11 0.00039199862 0.3579908 0.51728874 0.43185675 0.60770094
2 0.00038389504 0.89185303 0.86371595 0.9929855 0.99359
2 0.00038372437000000004 0.77613866 0.9068200999999999 1.0 0.9951563
8 0.00037260763999999994 0.32950482 0.51863575 0.43951434 0.5685673000000001
11 0.00036927480000000006 0.8115508 0.8962863999999999 0.92856896 1.0
5 0.00036887709999999997 0.49906364 0.5944084 0.71093816 0.75314647
13 0.00036641955 0.34269786 0.48689413 0.5292113 0.62919915
1 0.0003663857 0.80848783 0.93442875 0.97646636 1.0
1 0.0003635227 0.5468896 0.55266523 0.75004774 0.6563768
13 0.00036014046 0.3630731 0.5290269000000001 0.6221926999999999 0.64016765
8 0.00035519660000000005 0.43763230000000003 0.5161634 0.5033731 0.6199665
11 0.00035467223 0.61013216 0.41279435 0.72842187 0.7190413
11 0.00035464586000000004 0.5898300999999999 0.4180606 0.7003210999999999 0.7558821
5 0.00035285857000000006 0.47314880000000004 0.5415113 0.8299913000000001 0.63870203
11 0.00034907224000000004 0.5012601999999999 0.49307135 0.6981457 0.72021616
2 0.00034851834 0.81597507 0.8442321 1.0 0.984391
7 0.00034812587999999997 0.87592435 0.88680613 0.9571594000000001 0.99815077
13 0.0003478307 0.36070365 0.5199278 0.46620047 0.615
1 0.0003425796 0.76545286 0.9153382999999999 0.96159774 1.0
5 0.00034141525999999996 0.31597674 0.5447998000000001 0.44878090000000004 0.59684813
6 0.00034003306000000003 0.50455475 0.50171775 0.80267787 0.6325053
6 0.00033000769999999997 0.39898533 0.5664635 0.70817816 0.6698887
11 0.0003277897 0.3559175 0.48076309999999994 0.41949079999999994 0.6260164
12 0.0003082782 0.53856885 0.54123974 0.8123118 0.65543634
5 0.00030779443 0.48073563 0.56475294 0.70751464 0.7155404000000001
4 0.0003056092 0.49112886 0.5366827 0.7236871 0.7002204000000001
10 0.00030508876 0.62570435 0.44453672 0.7301678 0.66957915
5 0.00029725087000000004 0.47323677 0.5676654999999999 0.8591315 0.6727061
7 0.00029672755 0.88143754 0.9409934999999999 0.97523755 1.0
3 0.00028656592000000003 0.68499184 0.2898794 0.77265066 0.34230190000000005
13 0.00028460575 0.45093974 0.5888456999999999 0.7234371999999999 0.67637235
12 0.00028451130000000004 0.8784209999999999 0.89090824 1.0 0.9746466
4 0.00027980728 0.5752526 0.5005867 0.7084451999999999 0.7186965999999999
1 0.00027645138 0.46575278 0.49468675 0.64015585 0.6250429
11 0.0002740225 0.44515526 0.4462463 0.6130595999999999 0.6603039
10 0.0002723884 0.59619606 0.5229984000000001 0.7826429 0.66027194
5 0.00026657694 0.34862384 0.54172504 0.44677776 0.6298898
6 0.00026653567 0.50796396 0.56480205 0.8153106 0.69146407
8 0.00026496398 0.38126862 0.47473544 0.5647012 0.6365126
12 0.00025899615 0.5114117 0.47083482 0.65901166 0.64997005
7 0.00025849187 0.86315507 0.8254886999999999 0.99645644 1.0
1 0.00025569453 0.48709905 0.531143 0.65557563 0.67139244
13 0.0002499109 0.4151317 0.5192053 0.49867523 0.61855537
10 0.00024268007999999998 0.55750996 0.45222545 0.6726104 0.63138795
4 0.00024013722999999997 0.47680370000000005 0.4976854 0.6890361 0.64538175
10 0.00023688372000000004 0.8804019000000001 0.90216136 0.9872466999999999 1.0
3 0.00023109921000000002 0.4611885 0.53095686 0.5534739000000001 0.6286646
11 0.00022643074 0.37773705 0.51597524 0.4521791 0.6105545
9 0.00022229966 0.8957635 0.8481254999999999 0.9968402 0.9721695
3 0.00022112997000000003 0.21765989 0.46088308 0.32928452 0.51641697
8 0.00021819297000000003 0.39868899999999996 0.504185 0.46807992 0.61424863
13 0.00021120101000000001 0.32733986 0.5180104 0.50468785 0.6429796
8 0.00021079087000000003 0.3725907 0.5078152 0.4479776 0.60444707
8 0.00021069875 0.027318077000000003 0.36610883 0.6617001 0.8995434000000001
10 0.0002070177 0.59027046 0.47187567 0.69281137 0.66593754
13 0.00020090115000000002 0.41663852 0.528265 0.5233219 0.60168344
10 0.00019890238999999997 0.51080287 0.5381670000000001 0.73752433 0.6585724000000001
10 0.00019230737 0.41634768 0.5149212000000001 0.50370544 0.5948749
11 0.00019228175999999998 0.46235576 0.5555594 0.5371204 0.63514537
10 0.00019206826 0.44867924 0.5497119 0.54401535 0.62609065
7 0.00018668831000000002 0.48829937 0.5276095999999999 0.76753354 0.7122497
1 0.00018471715 0.33809584 0.5148391999999999 0.58143234 0.61027133
2 0.00018208442 0.47010708 0.50640655 0.6901936 0.6341833
5 0.00018157776999999997 0.75279 0.9117031999999999 1.0 1.0
1 0.00018028381999999997 0.32375479999999995 0.5367970999999999 0.40262726 0.59691256
8 0.00017817706000000002 0.20685294 0.46608734 0.29911768 0.5022807
2 0.00017676306 0.48262740000000004 0.47758684 0.7009749 0.5989435000000001
4 0.00017575291000000002 0.43841416 0.5487261 0.65822095 0.6963026999999999
8 0.00017143728 0.45641577 0.51997817 0.52133656 0.6242469
11 0.00016876009999999998 0.38464046 0.47749254 0.43800548 0.6258906999999999
1 0.0001622289 0.46386890000000003 0.56857246 0.696667 0.6798475
10 0.00016122933000000002 0.8815065000000001 0.8148653 0.9828203999999999 1.0
6 0.00015889535 0.3961534 0.49316946 0.72316426 0.6258409
8 0.00015741205 0.4230952 0.507529 0.48627200000000004 0.6188831
7 0.00015728528 0.53207314 0.45912420000000004 0.7216416 0.7480453
10 0.00015220935 0.48027545 0.51977515 0.66416955 0.62902606
10 0.00015168123 0.6276094 0.49199048 0.7840248000000001 0.63664734
3 0.00015057197 0.9089626000000001 0.8969845999999999 1.0 0.97251964
8 0.00015001606000000003 0.5350372 0.5380918 0.8549049000000001 0.9320921999999998
7 0.00014590548 0.3200507 0.52854747 0.44584933 0.60430056
8 0.00014219168 0.5166354000000001 0.5404525 0.64204526 0.63607293
3 0.00014176339 0.78285885 0.8737594000000001 1.0 0.9964097
3 0.00013966832000000001 0.88073474 0.92963034 1.0 1.0
9 0.00013559586999999998 0.35820922 0.5006210999999999 0.55367494 0.615647
2 0.0001348261 0.8813989999999999 0.8690323 0.97127587 0.9667203000000001
10 0.00013318622999999998 0.3674657 0.5202749 0.42900568 0.6023679
7 0.00013269865 0.42013523 0.5432241 0.53961873 0.63468224
12 0.00013210053 0.44754606 0.5357824999999999 0.5594835 0.6137431
11 0.0001302946 0.92098546 0.9245039 0.97753394 0.9934083
10 0.00012966951 0.40945370000000003 0.4941067 0.46285829999999994 0.60888475
4 0.00012735582 0.52465206 0.5063972 0.7572896 0.68032444
7 0.00012435377 0.41523328 0.4813664000000001 0.6631949 0.66986483
1 0.00012342467 0.3158554 0.5477814999999999 0.41988364 0.59203833
11 0.00012287703 0.5142173 0.39722103 0.64366853 0.74832255
12 0.00012183863000000001 0.45941025 0.5362207 0.71009713 0.6689283
6 0.000120340585 0.41050124 0.52941686 0.7268760999999999 0.65193164
10 0.000119143864 0.39046767 0.50219417 0.44560966 0.60726327
6 0.00011734898000000002 0.41306952 0.56302255 0.58221734 0.61894786
9 0.00011680728999999999 0.37496966 0.52396786 0.5774956 0.63475764
4 0.00011661128 0.8648789000000001 0.8619256 1.0 0.9949450000000001
13 0.000115799405 0.0175914 0.45746437 0.10196447 0.49627548
7 0.00011545113000000001 0.35484594 0.5340216999999999 0.6598634 0.70977426
8 0.00011486458 0.8891439 0.9233941999999999 0.9575139000000001 0.98402876
5 0.00011428573999999999 0.45495892 0.58385926 0.6614211 0.7399109
2 0.00011390488 0.3887489 0.48449323 0.6024642 0.61362106
10 0.00011387919 0.3525469 0.5341861999999999 0.45266807 0.59322697
1 0.00011177066999999999 0.32548714 0.5486161 0.56097287 0.6383960999999999
9 0.00011121231000000001 0.4991209 0.5868044 0.7753404 0.6942339
7 0.000110201654 0.31177855 0.46105897 0.55876684 0.64198124
12 0.00010928249 0.3996205 0.53762037 0.49783552 0.58955437
3 0.00010861763000000001 0.7494684 0.2857731 0.88348967 0.35269514
9 0.00010576239600000001 0.34412846 0.5381909 0.43065456 0.59589005
1 0.00010489893 0.8505751 0.8623962 0.9738667 0.9802700999999999
10 0.00010391224000000001 0.4482 0.500061 0.5084555000000001 0.61658555
6 0.00010309205 0.5120496 0.542062 0.84351647 0.6597046
8 0.000101987964 0.03733336 0.43177015 0.20842224 0.92023885
13 0.000101908525 0.449596 0.51905066 0.5340111999999999 0.61586964
11 0.0001015158 0.35411575 0.43190655 0.5095670999999999 0.6236375
1 9.9808225e-05 0.43508420000000003 0.5198502 0.6174424 0.6517208000000001
9 9.851774999999999e-05 0.84244406 0.88395023 1.0 0.9675123999999999
9 9.761269000000001e-05 0.90499425 0.9297499 1.0 0.98272616
9 9.7610726e-05 0.36170240000000003 0.5369834 0.45870483 0.5950798
5 9.690312400000001e-05 0.33680874 0.53927726 0.646262 0.6208529
9 9.548929e-05 0.8927333000000001 0.8812540000000001 0.9567694999999999 0.97405124
8 9.450826999999999e-05 0.9056378 0.8760075 0.9697969000000001 0.96318746
11 9.262309999999999e-05 0.89639485 0.92372876 0.95784885 0.9975207
9 8.996891e-05 0.45056745 0.56253356 0.5553534000000001 0.6216634
11 8.9666304e-05 0.36739573 0.44558117 0.5456717 0.6627718
10 8.7047956e-05 0.46323770000000003 0.5291825 0.52634877 0.6454734999999999
1 8.532664e-05 0.42054096 0.5707448 0.5277130999999999 0.62840575
4 8.4231004e-05 0.40893874 0.50435835 0.49471122 0.59238493
10 8.358709e-05 0.55011916 0.4848795999999999 0.658926 0.6670595
6 8.290032600000001e-05 0.32928106 0.5387092 0.49001469999999997 0.5911357
6 8.0636004e-05 0.8501843000000001 0.83194345 1.0 0.9716324000000001
1 7.864592e-05 0.3821466 0.5473616 0.49670255 0.5975778
7 7.8137215e-05 0.25352967 0.48960444 0.530573 0.6675376000000001
8 7.806876e-05 0.27893206 0.29623425 0.72880894 0.9088959000000001
9 7.687348000000001e-05 0.41865575 0.53750527 0.51667225 0.5946974
2 7.680631999999999e-05 0.34564868 0.52210605 0.45038798 0.576179
11 7.661074000000001e-05 0.44787535 0.49805787 0.50254875 0.6191554
1 7.660470000000001e-05 0.35173607 0.5345337 0.42955428 0.6059008
8 7.6250675e-05 0.05270128 0.42392245 0.35360327 0.91295767
10 7.5614305e-05 0.4399854 0.5169593 0.524778 0.5990734999999999
10 7.527086e-05 0.4434264 0.5343201 0.6276702 0.63168955
11 7.371927e-05 0.42666584 0.5172781 0.49572077 0.60080516
8 7.360153e-05 0.6877098 0.25479886 0.8967113999999999 1.0
8 7.318766e-05 0.5050418999999999 0.5318744000000001 0.64292943 0.5931948
10 7.257524999999999e-05 0.46549574 0.49822384 0.5251041 0.6172671999999999
2 7.239326999999999e-05 0.44217047 0.5449888 0.5454219 0.6156465
8 7.214169e-05 0.4775103 0.5217592000000001 0.5361023 0.63571745
1 7.1815004e-05 0.3760554 0.5348482 0.45261532 0.605225
12 7.140081999999999e-05 0.38563538 0.526033 0.46269736 0.6022794
1 7.131789e-05 0.2664402 0.48890382 0.47001174 0.58270854
7 6.969856e-05 0.37123740000000005 0.52038103 0.48979002 0.61089456
4 6.946215600000001e-05 0.4423786 0.539018 0.54694045 0.6293693
6 6.737073e-05 0.36643538 0.53682864 0.5504656 0.59969085
5 6.709219500000001e-05 0.29703888 0.5480941 0.58735126 0.65195733
9 6.6867884e-05 0.37135246 0.53015953 0.43713850000000004 0.61293805
3 6.566508000000001e-05 0.37835863 0.51357573 0.5052957 0.5687996
4 6.479687e-05 0.9047972 0.83455527 1.0 0.9655174000000001
5 6.390471e-05 0.28616533 0.52642804 0.5841518 0.6263721
7 6.205394000000001e-05 0.33323914 0.51250637 0.43203154 0.6243078000000001
2 6.1840845e-05 0.44937340000000003 0.52910376 0.52245665 0.6249104999999999
8 6.180888000000001e-05 0.5912368 0.3572706 0.85492826 0.97849876
3 6.176809e-05 0.34505135 0.49921525 0.70456755 0.68180907
12 6.144568e-05 0.3608117 0.51812094 0.43600458 0.60256606
10 6.129099e-05 0.5672169 0.5659069 0.76754296 0.7020288
7 6.0752062999999996e-05 0.8732459 0.9238208000000001 0.94425726 1.0
12 6.0699269999999995e-05 0.9288518 0.90941584 0.9798941999999999 0.9923962
11 6.0608540000000004e-05 0.46792623 0.5208805000000001 0.5221110999999999 0.65053695
8 6.0456718e-05 0.33856693 0.50723845 0.41918245 0.5881074000000001
10 5.9635699999999996e-05 0.4315999 0.49587908 0.48920340000000007 0.6133929
