3 0.999292 0.0014263764000000002 0.53326696 0.17793068 0.66395026
3 0.93956244 0.42523640000000007 0.49458092 0.5828808000000001 0.61269015
3 0.49661130000000003 0.15344985 0.52473205 0.20980518 0.58267933
3 0.48375067 0.27954996 0.49633667 0.43569189999999997 0.58241946
8 0.29580307 0.6904291 0.40109 0.7556590999999999 0.45531023
8 0.20601363 0.58263093 0.38324356 0.75944203 0.5264687
3 0.20230363 0.60368955 0.46648154 0.64444315 0.5315715
8 0.104289226 0.41388583 0.47789112 0.5946044 0.61434305
3 0.088220656 0.42359486 0.50392187 0.49427935 0.61941284
8 0.07128582 0.25381145 0.47894293 0.44438365 0.5874725000000001
3 0.035611957 0.69715244 0.39267024 0.760771 0.45713679999999995
3 0.034688897 0.5520963000000001 0.51369923 0.6022472 0.59337956
3 0.031008803999999997 0.6939616999999999 0.41961277 0.74272805 0.52532077
3 0.03049764 0.54109037 0.4963698 0.60934913 0.57788956
8 0.030415239 0.68893856 0.40920237 0.7516373000000001 0.48322797
8 0.02915639 0.0 0.51247376 0.18755151 0.66254795
8 0.025623394 0.69194376 0.43564412 0.7449986999999999 0.50714993
3 0.025437431 0.44382536 0.43189570000000005 0.48928565 0.47323748
3 0.023347707000000002 0.6157087 0.41034576 0.74253285 0.5301891
8 0.02132579 0.5974369 0.4606849 0.65375555 0.53272086
8 0.016109185 0.00461627 0.44287696 0.044561118 0.50241053
3 0.0144839445 0.3245409 0.49614248 0.42285959999999995 0.56987625
8 0.012963348000000001 0.6061973 0.44346225 0.69299394 0.51568556
8 0.009360661 0.15158896 0.51674706 0.21886371 0.58277935
8 0.009032731 0.53801394 0.44083950000000005 0.595893 0.47872275
8 0.0065833884 0.43403283 0.43108779999999997 0.48976007 0.47813174
3 0.0064755509999999995 0.009124665 0.42533398 0.04954779 0.48547065
8 0.006336683399999999 0.5353775 0.44765678 0.60249496 0.4945340999999999
3 0.0050883903000000005 0.4265253 0.5344183000000001 0.47723567 0.6156166999999999
3 0.00497623 0.009269061 0.43569237 0.05124814 0.5152702
3 0.0046239425 0.69641066 0.40668499999999996 0.7546656 0.48598045
13 0.0043968856 0.67951316 0.3925659 0.7677644 0.44801888
8 0.0043191593 0.26740697 0.5058813 0.39619473 0.5701178000000001
8 0.0043131155 0.9516863999999999 0.43459200000000003 0.9927353999999999 0.51552117
3 0.004261519 0.9505139000000001 0.41454035 1.0 0.5414398
3 0.0039827805 0.36409837 0.5001739000000001 0.43242425 0.56192815
8 0.0033436484999999996 0.0064579174 0.42360777 0.04351254 0.4808757000000001
3 0.0031186184000000002 0.26756787 0.49569795 0.38221216 0.5606599
13 0.0029773253000000004 0.43529364 0.42690950000000005 0.49661450000000007 0.48036414
8 0.002943468 0.537849 0.48509908 0.5976185 0.58828217
13 0.0027291474 0.5849524 0.48679724 0.6504746 0.53150916
3 0.0026394771000000004 0.6194863 0.44613215 0.69966954 0.5154965
3 0.0025824998 0.5358982 0.43379828 0.5939331 0.47442275
13 0.0023962974 0.44703820000000005 0.5088905 0.6193575 0.6450996
13 0.002362233 0.022246309 0.5403934 0.22899827 0.6829675000000001
8 0.0023139026000000003 0.5843678000000001 0.46584776 0.64208406 0.53169394
8 0.0020920062 0.90523374 0.38814829999999995 1.0 0.5611421
13 0.0019436595 0.6751937 0.45463395 0.757045 0.5086767
8 0.0019110711 0.6118561 0.45978433 0.6862185000000001 0.5285379
8 0.00181511 0.5467659 0.51161426 0.6024821 0.59182084
3 0.0017431704999999998 0.4422445 0.49807936 0.5712883000000001 0.5770249
2 0.0015713682000000001 0.69305927 0.38795358 0.7745711 0.44479936
8 0.0015584595999999999 0.57133317 0.4470012 0.62543845 0.50748277
3 0.0014696848 0.90798223 0.39867628 1.0 0.5605142
13 0.0014172774 0.28002068 0.51278466 0.4326326 0.6375844
8 0.0012362804 0.0 0.45055583 0.18042375 0.64980334
13 0.0012159866 0.14835013 0.53843504 0.21023102 0.59110075
8 0.0010963015 0.5904156 0.44562408 0.6419722 0.5192376
8 0.0010783977 0.6886882 0.46020547 0.7380386 0.5201919
13 0.001053938 0.27624667 0.5052424 0.38366890000000003 0.5739367
13 0.00088938413 0.6764522 0.46121088 0.7354519 0.52112186
8 0.0008129499599999999 0.42189115 0.51900977 0.47911668 0.606455
13 0.0008107092 0.0046515986 0.4323432 0.042445502999999996 0.504031
5 0.00081008655 0.22597626 0.52984756 0.41573426 0.6453979999999999
3 0.0007699833400000001 0.53948766 0.44641793 0.60868055 0.49785057
1 0.00075013563 0.43988088 0.51830584 0.60697585 0.6245715999999999
11 0.0007497592 0.4976960999999999 0.44731617 0.6357662 0.642227
9 0.00074585364 0.04853095 0.51368225 0.20397837 0.63654816
1 0.00071344845 0.24205251 0.5207923 0.40778697 0.62513655
3 0.0006628473599999999 0.27573487 0.5195122999999999 0.39786944 0.5835
11 0.00064793613 0.59839535 0.47919863 0.63963354 0.545331
13 0.0006329315 0.39791748 0.53058755 0.5580635 0.6409161
11 0.0006120304 0.4133446 0.44355320000000004 0.536108 0.64853466
9 0.000609676 0.30378053 0.47676003 0.42285259999999997 0.59600216
12 0.0006023323 0.42469525 0.48664913 0.65085995 0.6208107
3 0.0005881971 0.6163251999999999 0.45961684 0.6893038 0.53439087
4 0.0005858295 0.4906058 0.47706990000000005 0.6540479 0.64918274
8 0.0005833327999999999 0.01779022 0.5263675999999999 0.11767029 0.67659324
7 0.00058157515 0.6939043 0.39037314 0.7613189 0.45100838
13 0.00058046734 0.0067596324 0.5373179 0.10885042 0.6808304000000001
7 0.00057334587 0.4157322 0.47161478 0.6382509 0.6640554
8 0.00057230913 0.1592127 0.50850904 0.21280394 0.56934875
2 0.0005694732 0.27501425 0.47259447 0.47329172 0.59767574
5 0.00056882703 0.409966 0.52246517 0.6556828 0.6621741
13 0.0005660648000000001 0.14163813 0.51351357 0.20638168 0.5717124
8 0.0005656329 0.42447454 0.5445469000000001 0.47071130000000005 0.60963815
11 0.00056036504 0.30859044 0.44803506 0.44354048 0.64713216
7 0.00052918185 0.19374947 0.48340783 0.46777219999999997 0.6666062
11 0.000528674 0.44229972 0.45790705 0.57514167 0.64503306
12 0.0005208584500000001 0.6896163000000001 0.39449042 0.7749269 0.44338086
7 0.0005120405 0.24233468 0.44678295 0.4595036 0.6435082
9 0.0005045183 0.6970395 0.3960565 0.76964474 0.45208420000000005
5 0.0005006086 0.6608999 0.41265988 0.7619033000000001 0.44586387
12 0.00048504537 0.013669058999999999 0.47834444 0.20768891 0.6307109000000001
6 0.00047906916 0.5790661 0.48257446 0.6630258000000001 0.532509
2 0.00047433402999999996 0.6868162 0.44648519999999997 0.7760569 0.5002292
11 0.00046797589999999996 0.2908042 0.4224241 0.4083159 0.6229117
13 0.00046650335 0.52573276 0.42501009999999995 0.59787285 0.4756634
13 0.0004612638099999999 0.5322895000000001 0.5416689 0.60767853 0.5935201999999999
9 0.00045741122 0.47466457 0.5085947000000001 0.6277646 0.6217793
5 0.00044915426 0.24946100000000002 0.5149630999999999 0.45725912 0.62868524
13 0.00043741727 0.42010427 0.5243648 0.48698002 0.6147096
13 0.00043100494000000006 0.591316 0.39309920000000004 0.7816694000000001 0.5277373000000001
7 0.00043002085 0.5686156 0.47182164 0.6483986999999999 0.5469752
6 0.0004290192 0.6765897 0.4563455 0.7543845 0.5086798
9 0.0004285335 0.30367443 0.51337856 0.43475983 0.6264405
1 0.0004223742 0.25811106 0.48941818 0.41348850000000004 0.5963295999999999
1 0.00041385102999999995 0.03941863 0.5510062 0.21292489999999997 0.6453299
13 0.00040408 0.0055918675 0.4147048 0.040471226 0.48231557
8 0.0004001617 0.6993510000000001 0.41460726 0.76232713 0.4748192
1 0.00039489887 0.35432228 0.5153007000000001 0.51819885 0.6168716999999999
3 0.00039308248 0.34679317 0.48200762 0.42313248 0.53657085
13 0.00039243483 0.6716342 0.42035649999999997 0.7563523 0.47717568
4 0.00039103839999999994 0.70882815 0.39669442 0.76087636 0.4501168
12 0.00038781762 0.41697097 0.4542526 0.62839496 0.59636056
12 0.00038679112999999996 0.21706077 0.43020377 0.44067183 0.556493
12 0.00038677241999999996 0.30649993 0.5031432 0.39590374 0.5741595
1 0.00037548828 0.22048466 0.49487182 0.38383390000000006 0.5899612
5 0.00037323878 0.3682503 0.5245028 0.5869774999999999 0.6490244000000001
3 0.00037265546 0.32693508 0.48243803 0.40953216 0.53141785
7 0.00037091 0.14730354 0.5041667000000001 0.21213199 0.5701775
7 0.00035292544999999996 0.66232806 0.44948533 0.7435824000000001 0.51885086
2 0.00035274962999999994 0.46927333 0.45434326 0.6307050000000001 0.61478275
2 0.00035156839999999994 0.5802369 0.4760094 0.66046166 0.5200130000000001
7 0.00034864193999999994 0.12257674 0.52498984 0.21241993 0.60357696
3 0.00034398860000000003 0.16373073 0.5116838 0.21827354 0.5701868
9 0.0003387069 0.45183727 0.48654032 0.5776053000000001 0.6166626999999999
8 0.0003348957 0.31777906 0.50286174 0.41751337 0.5686194999999999
11 0.00032975222000000004 0.31217104 0.48613006 0.36764055 0.55967104
5 0.00032865175000000005 0.5645832 0.4860481 0.64901173 0.5387424
2 0.0003274296 0.30087483 0.43400064 0.47211295 0.57279474
3 0.00032629896 0.46233582 0.47824314 0.6141474 0.6048992
13 0.0003250642 0.41809627 0.5661873000000001 0.49312952 0.61371505
1 0.0003230199 0.23436326 0.46653703 0.39374143 0.5516276999999999
8 0.00031580817 0.06348091 0.28481415 0.44781655 0.94281656
8 0.00031439892999999994 0.7971959 0.30500248 0.96138966 0.61112064
9 0.00031215572 0.08810237 0.52706087 0.2544114 0.64033115
1 0.0003099253 0.6873315 0.46222287 0.7452310000000001 0.510193
12 0.00030965614 0.23164685 0.45144117 0.482419 0.58831865
1 0.00030134443999999997 0.19829658 0.51669955 0.37424633 0.6115911999999999
5 0.00029641642999999994 0.0 0.56815946 0.13212638 0.7273598000000001
6 0.00028470077 0.40894425 0.5000138 0.6718823 0.64019483
10 0.00028327698 0.31865959999999993 0.48891488 0.3890171 0.5537574000000001
1 0.00028094995999999997 0.6674725 0.459505 0.7293090999999999 0.50431025
13 0.00028090575 0.008333728 0.5399862 0.14402327 0.7350148
1 0.0002790626 0.010830678 0.5240459 0.17532429 0.62216145
6 0.0002780887 0.22918789 0.5168075 0.48122835 0.6441779000000001
5 0.00027785246 0.26688373 0.50822514 0.38662463 0.5712961999999999
1 0.0002718188 0.28198552 0.5181147 0.36677540000000003 0.57171834
10 0.00027040692 0.48380667 0.45102125 0.6279498 0.63277936
3 0.00026650272999999996 0.0087855905 0.56304187 0.113178834 0.665976
10 0.0002622675 0.70290333 0.38855648 0.7651071 0.44663826
8 0.00026211404 0.28031534 0.5006742999999999 0.36561418 0.5777974
3 0.00026094678 0.6020951999999999 0.45035255 0.6476638000000001 0.5191971
8 0.00026038624 0.95365083 0.45995694 0.9891479999999999 0.5233517
12 0.00025737490000000003 0.049055852000000004 0.5205779 0.23320138 0.6524032
11 0.00025592933999999995 0.31021404 0.42656320000000003 0.4249152 0.58660465
2 0.00025574048 0.14548378 0.5234077 0.22929858 0.57496345
1 0.00025378772999999996 0.43089193 0.48099405 0.6003961999999999 0.5832301999999999
1 0.00024834825 0.57936746 0.48641282 0.6413875 0.53425306
8 0.00024745325 0.53355324 0.47434357 0.5942371 0.53286296
1 0.00024669498 0.03522709 0.57961696 0.22166994 0.6767993
12 0.00024120595 0.33398464 0.5081845 0.41496548 0.56738013
13 0.00024027324 0.6788151 0.48295265 0.74832976 0.52205086
7 0.00023980547999999998 0.014493607 0.47608307 0.20125255 0.677142
11 0.00023714173999999998 0.025526464 0.42793685 0.1182664 0.72783625
10 0.0002362489 0.3023358 0.49339792 0.3755808 0.55707264
7 0.0002360127 0.67478484 0.39104217 0.74182516 0.45371848
9 0.00023511632999999999 0.69968086 0.44691017 0.77184373 0.50135374
2 0.00023385228 0.004513884 0.43450373 0.04882344 0.49966043
1 0.00023150527000000002 0.3506449 0.48564503 0.51622665 0.58234113
8 0.00023015126 0.061022103 0.13654809 0.3548598 0.6450974
6 0.00022336307999999997 0.13848794 0.5367672 0.23270747 0.5966484999999999
8 0.00022181137000000002 0.5657897 0.3414752 0.7952585 0.6087705
13 0.00022067066000000003 0.56910694 0.43401727 0.72916293 0.54547906
9 0.00021833213 0.07858295 0.56001127 0.25708434 0.6641875
12 0.00021719256000000002 0.69890416 0.43364030000000003 0.7780403 0.49129584
7 0.00021367855 0.42439833 0.41967535 0.4967281 0.48315862
7 0.00021162331 0.330594 0.48826468 0.5542419 0.67933446
1 0.00020848957999999998 0.39069727 0.52184045 0.5560648 0.6319932
9 0.00020821518 0.060373433 0.52678066 0.15983957 0.7068401999999999
8 0.00020753200000000002 0.42285413 0.52206314 0.53960127 0.5904629
12 0.00020623037 0.15117249 0.50208145 0.21996006 0.55302185
5 0.00020568401999999998 0.12520805 0.53909 0.2081353 0.6006636
9 0.00020508093999999997 0.5997021 0.4763059 0.6601125 0.52943677
4 0.00020480008999999998 0.11062838 0.47782725 0.25044036 0.6732795
1 0.00020222813 0.0055683553 0.53698367 0.13839482 0.6692359999999999
13 0.00019740245 0.9380546000000001 0.4396655 0.9997835999999999 0.5131521
11 0.00019337838 0.0742102 0.48669887 0.17739543 0.63107896
1 0.00019247248 0.0 0.5301206 0.10547775 0.6589289
9 0.00019071833 0.019010112 0.51637006 0.1516737 0.6454754
10 0.00019058044999999997 0.33917603 0.48752433 0.40575567 0.55447555
3 0.00019025286 0.26056844 0.50380963 0.33757806 0.5575683000000001
9 0.00018918255 0.43505240000000006 0.50590754 0.5617926 0.6335854000000001
12 0.00018743872 0.021515400000000004 0.48689938 0.15254374 0.6742016
5 0.00018636338 0.0037662834 0.5843414000000001 0.16891514 0.7497597
11 0.00018609473999999998 0.16342011 0.5230630999999999 0.21162307 0.5991920999999999
4 0.00018565044 0.5055122999999999 0.44747296 0.6412223000000001 0.6170295
7 0.00018490563999999998 0.52077043 0.5289868000000001 0.5970956000000001 0.6028165
2 0.00018257498 0.6929706 0.41886744 0.76989394 0.46985119999999997
1 0.00018114389 0.13792145 0.54706484 0.20404360000000002 0.59587854
6 0.00017926174 0.6918917 0.40733773 0.7748189999999999 0.45463604
8 0.0001779957 0.010520823 0.41100842 0.21033943 0.8503698000000001
4 0.0001743118 0.32545987 0.47080976 0.47151837 0.61901826
9 0.00017409702 0.15881845 0.5115805999999999 0.21935147 0.5598593000000001
6 0.00017401505 0.27583784 0.5034625 0.41262293 0.56606126
8 0.0001739509 0.025268852999999997 0.21814401 0.32878256 0.9114083000000001
13 0.00017385838 0.3101031 0.50111663 0.39393142 0.59791714
2 0.0001733064 0.43642455 0.41547307 0.50177133 0.4658218
6 0.00017204655 0.67054427 0.44589755 0.7485055 0.5240116
3 0.00017177816000000002 0.5411959 0.47498795 0.6083439 0.5361362
1 0.00016732789000000001 0.6632547 0.40358624 0.7323374 0.44515306
1 0.0001663812 0.39608023 0.49783742 0.5578845 0.59885323
8 0.00016119162 0.0055822358 0.45233490000000004 0.2295335 0.7018126
8 0.00016113251 0.5495689 0.46899074 0.607514 0.5267951
4 0.00016054716 0.70942056 0.441362 0.76619875 0.51499873
5 0.00015910654 0.0101638585 0.5685034999999999 0.25550854 0.720479
11 0.00015899356999999999 0.6839329000000001 0.429511 0.7240484 0.5465153
1 0.00015534923 0.6781020999999999 0.40917957 0.7496998 0.44964367
4 0.00015422644 0.07122174 0.4869489000000001 0.22960660000000002 0.6283941
8 0.00015183252 0.5221802 0.47931890000000005 0.58783996 0.5806905
3 0.00015131854 0.25969285 0.5082409999999999 0.306342 0.5573245
5 0.00015036046 0.33900127 0.5132204 0.5493299 0.6199434
11 0.00014979798 0.32995236 0.49031618 0.38058835 0.5580456
3 0.000149412 0.9562983 0.39635542 1.0 0.4682071
7 0.00014751118 0.68301004 0.42132503 0.7629637 0.48081648
9 0.00014748437 0.6409786999999999 0.39762846 0.8153746000000001 0.5197109999999999
8 0.00014634643 0.41275233 0.35711136 0.6530145 0.6451906999999999
6 0.00014365354 0.35131409999999996 0.5099745 0.5853841999999999 0.6376274000000001
5 0.0001434207 0.5035657 0.46184200000000003 0.73927516 0.55365753
5 0.00014281635 0.0 0.5434366 0.23463299999999998 0.6590573000000001
1 0.00014034861000000002 0.42654140000000007 0.43202776 0.48242164 0.47120553
10 0.00013924761 0.042056076 0.47273466 0.1741561 0.63129663
7 0.00013917128999999998 0.28677946 0.49431384 0.37019855 0.5798196
1 0.00013898623 0.14090724 0.51907873 0.20203324 0.557848
6 0.000138916 0.14422026 0.5131597999999999 0.21884546 0.56184745
1 0.00013815804 0.31806034 0.5160215 0.40366793 0.5699616999999999
6 0.00013765351 0.5292281 0.53756887 0.6144798 0.59047365
2 0.00013593556999999998 0.16034931 0.50166667 0.22795007 0.54740435
7 0.00013497462 0.4156193 0.5079537000000001 0.48200083 0.6248934
10 0.00013474328 0.013896503000000001 0.4486621 0.047970667 0.50723046
10 0.0001325066 0.11431844 0.47041383 0.23813510000000002 0.65378517
7 0.00013242336 0.004442565 0.43921754 0.04339941 0.5079918
9 0.00012911904 0.3139022 0.5071232 0.39282912 0.56653285
9 0.00012875712 0.023241151 0.52768475 0.12007202 0.727074
12 0.00012855332 0.59400934 0.46560803 0.6625262 0.5162293
8 0.00012730290000000002 0.21183024 0.3560423 0.52170664 0.9329175999999999
13 0.00012690162 0.9291447 0.41571763 0.98986596 0.49853382
11 0.00012628171999999998 0.60197353 0.3816288 0.7219858 0.59591645
10 0.00012531588 0.5987635 0.4670759 0.6602345000000001 0.5384557
5 0.00012505696000000003 0.0 0.53746986 0.097016975 0.6710090999999999
10 0.0001243909 0.30970597 0.45655358 0.48390627 0.64610404
10 0.00012271608000000001 0.32534420000000003 0.41818538 0.46810466 0.61408913
8 0.00012018483 0.42856239999999995 0.33272058 0.70947397 0.88758737
13 0.00011722813999999998 0.5192641 0.5077643000000001 0.60315144 0.5753855
9 0.00011568317 0.40784183 0.48120335 0.5308354999999999 0.62260765
4 0.00011564697 0.4330093 0.49034414 0.60425675 0.6441789000000001
4 0.0001153009 0.46663746 0.45838746 0.6135129 0.6158688
6 0.00011523552 0.0 0.4818438 0.23255748 0.64588183
9 0.000114813105 0.9605869 0.4481001 1.0 0.50134206
2 0.000114617615 0.42290962 0.47215518 0.6120063 0.59663445
8 0.00011448503 0.5745323 0.21092826 0.82847524 0.9864901
1 0.00011437333000000001 0.42409167 0.5313871 0.48079988 0.61086625
11 0.000114133814 0.068620846 0.44227840000000007 0.1502224 0.7236241999999999
7 0.00011351806000000001 0.0051136166 0.52713513 0.23363879999999998 0.71457005
4 0.00011239083999999999 0.596627 0.46596748 0.6494148 0.535942
10 0.00011171846600000001 0.9476040000000001 0.43738464 1.0 0.50357074
5 0.00011107331 0.6532703000000001 0.4602684 0.7408404000000001 0.5087759
11 0.00011087573999999998 0.54841876 0.53013116 0.5931641 0.60141516
11 0.000109600376 0.6842808000000001 0.45546415 0.7257076 0.5199198
1 0.00010774039399999999 0.5286778 0.54058903 0.59439766 0.58918685
8 0.00010773421999999998 0.067369476 0.41922665 0.33557177 0.9386763000000001
1 0.00010732726500000001 0.0 0.52901787 0.13205971 0.6275393
10 0.00010602334 0.70021075 0.43902355 0.76054925 0.51269084
12 0.00010598466999999999 0.36814684 0.45058519999999996 0.551888 0.5919751999999999
11 0.00010568013999999999 0.71111345 0.40565115 0.74745786 0.45718545
9 0.00010522799999999999 0.27140993 0.51756525 0.392635 0.63135034
11 0.00010398282 0.021237962000000003 0.4887129 0.08671306 0.6960389
6 0.000103946644 0.0063746274 0.56892556 0.29928422 0.7004421999999999
9 0.00010303475 0.2891261 0.505249 0.37096417 0.5716536
5 0.000102555525 0.66369444 0.45521894 0.73068875 0.53412163
7 0.00010166297599999999 0.006188668299999999 0.4546495 0.16167456 0.7621034999999999
9 0.00010119828000000001 0.59302366 0.43066930000000003 0.7331654000000001 0.55776507
9 0.00010069913 0.44570640000000006 0.43025932 0.49854615 0.48258293
5 9.983015e-05 0.4127018 0.43976608 0.49554378 0.4742715
12 9.946398499999999e-05 0.43806055 0.5033759 0.49371406 0.5984546
12 9.827538e-05 0.011846743500000001 0.40662614 0.048200245999999995 0.47363624
10 9.791042999999999e-05 0.29454595 0.40005544 0.4357339 0.5977136
1 9.781761999999999e-05 0.0 0.55682385 0.07712158 0.6510908000000001
6 9.7726515e-05 0.0 0.52907604 0.28980237 0.6681274
8 9.701038000000001e-05 0.0 0.37407386 0.17966369 0.7533376
2 9.6683274e-05 0.051049322 0.5174644 0.22878766 0.67456967
12 9.662431999999998e-05 0.37728652 0.47456545 0.57620096 0.62188035
2 9.658165000000001e-05 0.6769935 0.43373132 0.74908817 0.5119674
11 9.579653e-05 0.6952435 0.40274233 0.7293246999999999 0.45633414
4 9.567380999999999e-05 0.31674206 0.44530118 0.46124226 0.57136816
11 9.511336e-05 0.121963315 0.472808 0.23415369 0.66143656
1 9.503158000000002e-05 0.0048088897 0.46060053 0.037932962 0.5039595
9 9.500083000000001e-05 0.33734128 0.5069884 0.41354403 0.56292784
12 9.427261999999998e-05 0.9635143 0.43416503 1.0 0.4962177
