3 0.99917775 0.00620313 0.33395009999999997 0.12720576 0.49198502
3 0.9987826 0.15868627 0.3663098 0.3147803 0.5222726
3 0.9401669 0.39769834 0.38058734 0.47276014 0.46892396
3 0.5798318 0.6346935 0.26773095 0.69121563 0.32723624
8 0.32423029999999997 0.39732546 0.39108962 0.47522646 0.47239795
8 0.135011 0.63211006 0.27004886 0.701747 0.32957342
8 0.026194097000000003 0.15894938 0.37773854 0.34014264 0.53082377
8 0.015035483999999998 0.0 0.26542407 0.14294994 0.50846666
3 0.010374743 0.035377998 0.34327593 0.11172111 0.48712564
8 0.007762941 0.6264475 0.25829077 0.6881706 0.3220519
13 0.005905851700000001 0.6219509 0.2849678 0.6944036 0.33121336
3 0.005398781 0.14310375 0.34993646 0.20514858 0.42434220000000006
8 0.0027842813 0.008574162 0.29998990000000003 0.12049873 0.49107978
3 0.0026963784000000003 0.402035 0.37513822 0.47314483 0.43192226
13 0.002633172 0.38133103 0.41964078 0.47955649999999994 0.46391246
13 0.0019341689 0.6117009 0.26072562 0.6912037 0.31886843
13 0.0018559591 0.16298428 0.37054393 0.36087075 0.5421832
13 0.0017679122 0.37625217 0.3979275 0.45718968 0.45323652
13 0.0015456073000000002 0.109037355 0.405316 0.3034469 0.5357668999999999
13 0.0015344522 0.009458125 0.35408777 0.21364012 0.517658
3 0.0014744443 0.0044593997 0.34539938 0.08006768 0.49542642
5 0.0014410294 0.35381365 0.40363740000000004 0.48370045 0.45065346
13 0.0012945597 0.38676986 0.39193135 0.49018827 0.458491
5 0.0011356821 0.36056292 0.42917988 0.47225559999999994 0.4780358
9 0.0011180216 0.6429698 0.26339763 0.7068234999999999 0.30885999999999997
13 0.0011158829 0.009391218 0.27266598 0.17828633 0.608846
8 0.0011146575 0.011375218999999999 0.25227153 0.21743324 0.54890364
2 0.0011058733 0.39495915 0.38521746 0.47850513 0.4427263
9 0.0010968875 0.39491203 0.39118606 0.47826 0.44548628
6 0.0010423511 0.39050156 0.39180640000000005 0.4843564 0.45401874
7 0.0010165657000000001 0.40125033 0.37617636 0.48738495 0.46565235
4 0.0009737846000000001 0.41621670000000005 0.39772505 0.48790947 0.49044433
11 0.00095675024 0.39692926 0.39793850000000003 0.43675393 0.45391664
11 0.0009525645300000001 0.4108314 0.40899688 0.4628415 0.49441156
1 0.00094198453 0.3838873 0.40868086 0.4601531 0.45705873
11 0.00090579456 0.64706916 0.27578804 0.68637246 0.35418335
11 0.0008868500999999999 0.40340215 0.39773056 0.4494599 0.45758048
3 0.0008465437599999998 0.14997527 0.3566974 0.25886402 0.41732877
4 0.00080404757 0.39697638 0.3834278 0.48085454 0.45974156
2 0.00079227414 0.6199121999999999 0.27341524 0.7036001000000001 0.32705498
11 0.0007889514699999999 0.6318064 0.2752988 0.6717516 0.354025
13 0.0007729347999999999 0.14774668 0.39843762 0.27774802 0.60426265
9 0.0007655111999999999 0.64265466 0.2848835 0.70928574 0.33272353
9 0.0007428935000000001 0.4042268 0.4185831 0.48449394 0.47235194
11 0.00073349447 0.42861718 0.41131863 0.48071253 0.49695128
1 0.00073285296 0.37394935 0.40628007 0.4398793 0.45030642
6 0.0007190835300000001 0.38796386 0.42429933 0.48543414 0.47778738
13 0.0007154775999999999 0.18446855 0.40250224 0.32626814 0.6121115
5 0.0007111804 0.065500066 0.38896224 0.29696482 0.52743834
8 0.0007042582000000001 0.39599895 0.38252524 0.45556247 0.43273225
4 0.00070405647 0.41762397 0.37818703 0.49549738 0.46288723
7 0.0006742227000000001 0.6347822 0.248928 0.69694006 0.3146894
1 0.0006543863 0.40498427 0.4093335 0.47548935 0.46212885
4 0.0006291047 0.6344860999999999 0.27250066 0.7003925999999999 0.34492442
12 0.00061249087 0.3938115 0.39228937 0.4826978 0.44849747
10 0.0005982626 0.4094926 0.41055837 0.4913054 0.48053235
1 0.0005934687 0.07773179 0.41743842 0.25577495 0.5227279
6 0.0005890018 0.62117875 0.28703259999999997 0.7200438 0.34096825
7 0.0005764989 0.6134191 0.27157506 0.69367343 0.3453469
11 0.0005727413 0.42230076 0.39696884 0.46913666 0.45807743
5 0.00057099527 0.60427123 0.2935262 0.6963982 0.34124833
12 0.0005641572 0.63709533 0.25085366 0.7029524 0.2990781
7 0.0005399762 0.38986573 0.41193187 0.48059490000000005 0.48648389999999997
13 0.0005364359999999999 0.39417678 0.38478547 0.46074808 0.476728
7 0.0005313589 0.37137574 0.38820487 0.44895566 0.45768368
10 0.00052586367 0.37941322 0.39557594 0.45488504 0.4444955
11 0.000521058 0.13587084 0.35217148 0.2490933 0.5341047
10 0.0004955555999999999 0.39525127 0.38271886 0.4874965 0.44754475
3 0.0004908992 0.16677378 0.3728204 0.30404824 0.45771270000000003
8 0.0004907718 0.36737156 0.34254748 0.5009326 0.48829220000000007
1 0.0004897222400000001 0.6242203000000001 0.29662144 0.6916626 0.34444250000000004
10 0.00048320362 0.6314154000000001 0.24864751 0.701613 0.30785576
8 0.0004710738400000001 0.09774187 0.25500032 0.36005879999999996 0.6088353
2 0.00046842480000000006 0.63571817 0.24422875 0.7026884 0.301025
6 0.0004640681400000001 0.62635267 0.25954458 0.70893013 0.31090182
13 0.0004584495 0.13430882 0.43502647 0.32909244 0.5501713
1 0.0004384258 0.62160385 0.26866493 0.68598187 0.31294715
4 0.00043317812000000005 0.6468698 0.24932753 0.69784045 0.31379855
5 0.0004326017 0.37868214 0.39920038 0.46272159999999996 0.47420806
11 0.0004239773 0.647188 0.26575509999999997 0.6788635999999999 0.32098675
6 0.00041166343999999997 0.14920197 0.41655335 0.39629567 0.56403244
2 0.0004087814 0.40291485 0.41321635 0.48747159999999995 0.46761468
3 0.0004080697 0.0022318438 0.37915006 0.036666546 0.49161774
3 0.0003678459 0.011996105 0.2826338 0.17692952 0.48036814
5 0.00035776256 0.114340834 0.39743447 0.26020148 0.6014781
1 0.00033926833 0.19034626 0.38683233 0.34452915 0.50089324
3 0.00033458782 0.14629199 0.34470338 0.21516807 0.3961726
5 0.00033313668 0.12305050000000001 0.36535522 0.27817020000000003 0.5470537
8 0.00032907720999999997 0.14161426 0.35305002 0.19602334 0.42956868
8 0.0003263507 0.01824452 0.2308828 0.29048073 0.90518004
1 0.00032408700000000003 0.07330451 0.38119116 0.24927214 0.48675078
6 0.0003227675 0.09718867 0.39347935 0.3237149 0.5199991
5 0.0003179743 0.13526043 0.41669214 0.36497524 0.56896836
1 0.00031678157000000003 0.60755193 0.29340467 0.67843413 0.33710694
13 0.00031503433 0.0016495325 0.3716735 0.11094649 0.51784503
9 0.0003104838 0.38447383 0.3920677 0.45401213 0.44840395
12 0.00029847442 0.15582488 0.30067655 0.36383384 0.46018174
7 0.00029370276 0.14659345 0.37737095 0.36409312 0.5855676999999999
11 0.00029333192000000004 0.40421507 0.3640306 0.44312890000000005 0.47910243
10 0.00029099395 0.6371786 0.26845104 0.71089584 0.3446528
3 0.00028957188 0.23514515 0.36839512 0.32502437 0.48724887
9 0.00028740117000000003 0.62935305 0.28563792 0.68884325 0.33509368
5 0.00027847118 0.61004645 0.27110666 0.70351547 0.30836030000000003
7 0.0002762839 0.07534672 0.36172667 0.28744042 0.56612223
9 0.00027350074 0.22186899 0.36048406 0.39038855 0.47853320000000005
7 0.0002702413 0.18776938 0.33146057 0.37497565 0.523011
13 0.00026799174 0.0 0.31045120000000004 0.14199914 0.5047345
12 0.00026381669999999996 0.19869205 0.3381552 0.3851833 0.49041247
9 0.00025874272 0.41799462 0.38313285 0.4765647 0.45796293
12 0.00025810124 0.0056446790000000005 0.26532146 0.14843693 0.4193268
1 0.00025257276 0.17342591 0.44193527 0.34009928 0.5588331999999999
7 0.00024657542 0.0 0.20184481 0.17750978 0.61057526
5 0.00024571485000000003 0.39308506 0.40085370000000003 0.48298943 0.48652290000000004
1 0.00023825876 0.109959975 0.4328767 0.24395843 0.57802606
3 0.00023661499 0.0063413233 0.39570713 0.04628943 0.48183417
1 0.00022818607999999997 0.19525026 0.42844817 0.31933445 0.5880350000000001
3 0.00022633777999999998 0.24576505 0.38452247 0.33111999999999997 0.46094197
9 0.00022523513 0.21519506 0.4099934 0.37416350000000004 0.53519547
9 0.00022092252999999997 0.15623483 0.34692872 0.31664383 0.47709346
7 0.00021842832000000003 0.00993824 0.2809233 0.15577002 0.47013992
1 0.00021828182999999998 0.20859782 0.41370022 0.38070428 0.5248106
4 0.00021715961 0.39144090000000004 0.38881907 0.45562086 0.45468011
7 0.00021065558999999997 0.0 0.35436282 0.16730914 0.55596566
4 0.00021004717999999998 0.20449129 0.36643678 0.38132766 0.5684866
1 0.00020909829 0.14618623 0.35577908 0.30496833 0.4660235
1 0.00020683397000000002 0.387739 0.4268872 0.46026880000000003 0.47428519999999996
6 0.00020592290000000002 0.0032550990000000004 0.28812566 0.16213138 0.45020837
11 0.00020229263 0.16951497 0.27550640000000004 0.26165625 0.6395073
2 0.00020150341 0.18790922 0.3779546 0.36290756 0.5172294
10 0.00019800672 0.00028666853999999997 0.28836098 0.13687065 0.4380407
12 0.00019329677 0.632937 0.27322832 0.70770055 0.32280585
1 0.00019296975 0.104973026 0.35429522 0.27246362 0.46054068
12 0.00019146521 0.41020393 0.41522259999999994 0.49863789999999997 0.46474406
7 0.00018316237000000002 0.13133737 0.30615547 0.3148548 0.51337945
6 0.00018140166 0.14827883 0.3610272 0.4105705 0.50734043
3 0.00018086898 0.09997707 0.3546368 0.25510523 0.5029697
6 0.00017862009 0.08567752 0.35154667 0.31958848 0.49718323
8 0.00017810131000000002 0.05727513 0.35092816 0.3706532 0.91628164
7 0.00017772224 0.40656862 0.35409552 0.4671696 0.49067378
3 0.00017659203 0.019987829 0.31458557 0.21975663 0.5168759
8 0.00017628153999999999 0.16298124 0.31659707 0.27576387 0.56107175
12 0.00017375076000000002 0.12631834 0.33615905 0.3067136 0.48307788
11 0.0001730948 0.42564523 0.36421645 0.46275383 0.47757912
1 0.00017102720000000001 0.40417337 0.4298053 0.47556877 0.47757572
8 0.00016795522 0.13884477 0.33457875 0.28983402 0.49853414
7 0.0001648913 0.009735085 0.31994763 0.19907674 0.5225141
5 0.0001637123 0.0 0.34817165 0.18186413 0.5743232
6 0.00016028813999999998 0.0 0.38648337 0.22813548 0.5390656999999999
11 0.0001532482 0.23899192 0.36460376 0.34773916 0.57494956
3 0.00014875018999999998 0.15701565 0.38446012 0.27069828 0.5004658
9 0.0001479564 0.40367946 0.38583565 0.45592275 0.46292812
7 0.00014538885 0.38740692 0.3574073 0.45246062 0.49365640000000005
4 0.00014393742 0.040370687999999995 0.3218707 0.19623281 0.54735506
4 0.00014342621000000002 0.6227857 0.2762718 0.6815723000000001 0.3379468
12 0.00014226694 0.155354 0.3015337 0.27544555 0.5263375
5 0.00013986374 0.17126966 0.37505203 0.39298004 0.5194605
9 0.00013874394 0.13018191 0.3769618 0.27155640000000003 0.5199778
2 0.00013627298 0.13502392 0.35205612 0.30615428 0.472933
8 0.0001348864 0.61764073 0.27649677 0.6786463 0.33261365
4 0.00013345627 0.09048906 0.28621504 0.22610319 0.5270113000000001
3 0.00013289767 0.1501645 0.37065196 0.26856333 0.4446702
13 0.00013223373 0.04575105 0.38094774 0.13095711 0.479303
2 0.00012806628 0.41577506 0.35670412 0.47227776 0.46424356
1 0.00012769141000000002 0.0 0.32857390000000003 0.116581164 0.45678365
9 0.0001267824 0.04529915 0.24609418 0.1881065 0.5177759
5 0.00012586225 0.08041178 0.36770776 0.33041602 0.47047997
6 0.00012356705 0.122395135 0.41238573 0.30854645 0.58629906
8 0.00012084065 0.039936322999999996 0.3649844 0.10850291 0.48291975
5 0.00012040178 0.151111 0.4081276 0.29500356 0.6209358
9 0.00011800496999999999 0.02377773 0.3155883 0.16486707 0.44896210000000003
12 0.00011741823999999998 0.39628779999999997 0.3826409 0.46328235 0.46090249999999994
9 0.0001173234 0.17361319 0.40364972 0.31450665 0.5289305000000001
5 0.00011629783999999999 0.18277831 0.40637016 0.32717645 0.6428262
1 0.00011629145 0.027978204 0.39848685 0.18679854 0.50459415
1 0.00011376232 0.0 0.31138575 0.1407173 0.531462
4 0.000111331654 0.65986717 0.26655877 0.71328807 0.3427656
11 0.00011122583999999998 0.17901672 0.37454256 0.28471702 0.57873
12 0.00010950921999999999 0.18444502 0.39035836 0.3811016 0.5397649999999999
4 0.00010940416000000001 0.23637855 0.32566607 0.3957529 0.49412608
9 0.00010904774 0.6275608 0.26282933 0.68651193 0.3125173
7 0.0001085355 0.11879691 0.2907406 0.2668548 0.5989398
1 0.00010772181999999998 0.20513257 0.4019054 0.32988873 0.54592365
6 0.00010752514 0.0 0.36055929999999997 0.28766876 0.5068431999999999
6 0.000103050144 0.17355442 0.40050593 0.4387223 0.534895
12 0.00010192654000000001 0.20084324 0.3273479 0.32378270000000003 0.513853
2 0.00010135506499999999 0.018151283 0.15989077 0.19341268 0.48969594
2 9.833232e-05 0.20893025 0.31513092 0.36566585 0.48214462
4 9.624405999999999e-05 0.059308685 0.24747306 0.20139479999999998 0.5820126
1 9.609562e-05 0.6057053000000001 0.26199493 0.67345697 0.30503058
3 9.522353000000002e-05 0.15093504 0.3429856 0.3714292 0.5734226
2 9.4179915e-05 0.40187228 0.36091682 0.46221954 0.44906148
7 9.326895e-05 0.18802670000000002 0.2797821 0.32840654 0.5942578000000001
5 9.250116e-05 0.0 0.38117447 0.09598574 0.5242678
6 9.194060999999999e-05 0.13920291 0.32868686 0.36023092 0.48383063
10 9.050118e-05 0.41544998 0.3501675 0.47360462 0.46785685
8 8.974684000000001e-05 0.14347678 0.34982115 0.19882026 0.3939525
2 8.970549e-05 0.2163717 0.3292432 0.32468688 0.57331866
12 8.7169174e-05 0.00018103421000000003 0.2990538 0.18920648 0.4499687
11 8.715827e-05 0.6337096999999999 0.2631799 0.6668506 0.31856388
4 8.624548e-05 0.041933099999999994 0.2783983 0.16528210000000002 0.43312207
3 8.6043736e-05 0.41226768 0.40331890000000004 0.48889554 0.4713178
5 8.43754e-05 0.0 0.3613798 0.24304813 0.52539533
9 8.421295e-05 0.23736504 0.3355214 0.33901098 0.50675213
9 8.415056000000001e-05 0.24674764 0.38872048 0.41541812 0.5027019
3 8.349124e-05 0.12737855 0.3705623 0.18929747 0.41977546
10 8.2401726e-05 0.23946863 0.30887386 0.37276703 0.49488696
11 8.224525e-05 0.06518009 0.17049138 0.17669994 0.57258683
4 8.202553e-05 0.22401669999999999 0.3264164 0.3368223 0.58386266
13 8.103911e-05 0.14380895 0.34930775 0.20535184 0.4518358
12 8.058182e-05 0.0 0.18753720000000001 0.20180705 0.47046974
11 7.922985e-05 0.04837463 0.32795453 0.109535255 0.45847288
12 7.737529999999999e-05 0.20310524 0.38860172 0.33393744 0.57064444
10 7.641489e-05 0.6240733 0.25354904 0.68537647 0.30361316
11 7.561156e-05 0.052715804000000005 0.34639224 0.15780212 0.55251265
13 7.470689000000001e-05 0.40297338 0.37681144 0.47296736 0.4323613
1 7.4302894e-05 0.6413395000000001 0.2941018 0.70865756 0.3405655
1 7.1493225e-05 0.15200382 0.4435393 0.28019720000000004 0.6011883000000001
12 7.0890346e-05 0.0 0.11030201 0.17464668 0.41100967
9 7.070358e-05 0.063124456 0.36136124 0.24369752 0.48134091
1 7.034713e-05 0.013231002 0.37120694 0.15029013 0.48719898
4 6.952455e-05 0.14630225 0.36350328 0.3371699 0.56821465
3 6.940941999999999e-05 0.15801527 0.3680069 0.23398705 0.5087962
11 6.8498695e-05 0.021897232000000003 0.3372726 0.07564554 0.55548847
10 6.77791e-05 0.6626217 0.2615487 0.71695846 0.34673238
4 6.692536e-05 0.2174643 0.31094015 0.36509702 0.45438203
10 6.691885e-05 0.17570502 0.30005077 0.3229891 0.46660993
9 6.472549e-05 0.23919466 0.40588670000000004 0.33545312 0.56671876
5 6.3883075e-05 0.0 0.32941023 0.17151657 0.44062120000000005
2 6.3739266e-05 0.13221057 0.32466242 0.3113863 0.44073549999999995
9 6.3279644e-05 0.15455861 0.34587672 0.25172955 0.5411904000000001
6 6.135336999999999e-05 0.17666787 0.42755285 0.36419362 0.6129727
12 6.0083280000000007e-05 0.019187838000000002 0.34567228 0.20992829999999998 0.47439995
2 5.937365e-05 0.1402894 0.39081648 0.33487892 0.5098657
8 5.927842e-05 0.020124987 0.15595720000000002 0.17251729999999998 0.8222063000000001
10 5.8717764e-05 0.053323336 0.29690778 0.20776847 0.5067089
6 5.863967e-05 0.39965037 0.37214154 0.48960784 0.47672429999999993
11 5.8087302e-05 0.18768537 0.34226793 0.26338276 0.47638056
9 5.6920390000000004e-05 0.03919349 0.37629998 0.20720571 0.5100216
11 5.6618697e-05 0.2546232 0.29466322 0.32532516 0.5929073
5 5.627849e-05 0.0 0.34187147 0.11106157 0.46561664
10 5.5699445999999996e-05 0.20847824 0.3671399 0.37688119999999997 0.5598517
10 5.472826e-05 0.3988219 0.37433743 0.46356338 0.46837696
1 5.3805390000000004e-05 0.0 0.25298315 0.13707949 0.4451433
2 5.3030402000000005e-05 0.009860881 0.35181168 0.17839918 0.4776222
1 5.2551873999999996e-05 0.008527778 0.41659287 0.15616754 0.52990264
10 5.2145813e-05 0.11978190400000001 0.37419835 0.30389002 0.51882
6 5.1479987e-05 0.0 0.39027090000000003 0.11811768 0.5225054
9 5.0902145e-05 0.0420919 0.33646998 0.22471511 0.46654140000000005
11 5.0691260000000004e-05 0.019540066000000002 0.32358885 0.06740787599999999 0.47870266
8 4.9466744e-05 0.03086248 0.3478335 0.18535087 0.9218634
2 4.9364808e-05 0.16910869 0.3517677 0.2935571 0.51332456
11 4.8978407e-05 0.15508422 0.2784679 0.2421498 0.5888651999999999
7 4.8939957000000005e-05 0.6344496000000001 0.2735161 0.70985496 0.34150959999999997
10 4.8820870000000003e-05 0.24382046 0.25028065 0.33843959999999995 0.54560924
5 4.878899e-05 0.1874855 0.37646016 0.3490408 0.5906138000000001
8 4.872017e-05 0.18136367 0.3376712 0.3124426 0.557467
7 4.858398e-05 0.13834283 0.35182199999999997 0.31768644 0.6615499
13 4.7707079999999995e-05 0.0 0.30583066 0.091996744 0.4894518
2 4.729175e-05 0.17169604 0.3003673 0.3541005 0.4047624
5 4.6437489999999996e-05 0.0 0.38676018 0.15487951 0.634837
11 4.6323496999999996e-05 0.20683405 0.29457197 0.28261128 0.6308416
7 4.5691515e-05 0.61705714 0.2527202 0.6799857 0.31322540000000004
12 4.5586099999999994e-05 0.017839257 0.30508545 0.09696512 0.45486227
6 4.5532164000000006e-05 0.0 0.2789442 0.2241199 0.5697455
8 4.4820074000000004e-05 0.09673894 0.33431086 0.24166396 0.5132799
3 4.4566114e-05 0.18932122 0.35585120000000003 0.27944103 0.5075072
11 4.4001237e-05 0.22957301 0.3360208 0.30717963 0.4739161
11 4.2347576e-05 0.26501579999999997 0.33281659999999996 0.35358003 0.48735294
8 4.230109000000001e-05 0.20658118 0.18857448 0.52279156 0.80628926
5 4.189510999999999e-05 0.6309759 0.29229894 0.7120003 0.34542066
3 4.1486543e-05 0.61347634 0.27500759999999996 0.6866365 0.33269137
9 4.1017152e-05 0.26094264 0.3709122 0.3594839 0.54090637
10 4.09046e-05 0.26648903 0.31643993 0.40718848 0.53228736
11 4.056968e-05 0.09308766 0.32076254 0.19539721 0.5013364
13 4.0423045e-05 0.09921357 0.36258146 0.27779344 0.5124198
11 4.007588e-05 0.66969484 0.27192903 0.70975214 0.3447442
10 3.9404415e-05 0.27162070000000005 0.27033323 0.35593218 0.56980145
8 3.9038565e-05 0.032639742 0.11606439 0.22052109 0.5019852
10 3.8340433e-05 0.16223162 0.31735912 0.27949744 0.53246504
8 3.822337e-05 0.026366897 0.81769985 0.19202125 0.9710815
13 3.7986938e-05 0.13488714 0.37037876 0.20133282 0.42944953
8 3.772642e-05 0.09834951 0.2622197 0.44062865 0.7887029999999999
1 3.6501715e-05 0.0 0.4290898 0.0809658 0.5346291
13 3.6217020000000004e-05 0.046386055999999995 0.37524325 0.101065315 0.4990821
13 3.6103105000000004e-05 0.0016922951000000002 0.31857273 0.26202568 0.63576
10 3.5795736e-05 0.06182207 0.116443306 0.21157889 0.6179031999999999
3 3.578552e-05 0.029015437 0.8467665000000001 0.25191426 1.0
9 3.5621837e-05 0.19551036 0.41240445 0.2875048 0.5762636999999999
4 3.5576588e-05 0.22828594 0.28301603 0.3499069 0.52921736
1 3.515139e-05 0.42565948 0.40654302 0.4902959 0.45358837
10 3.4206490000000005e-05 0.0022830255 0.32757179999999997 0.09598218 0.46157032
3 3.4190103e-05 0.08894053 0.4140661 0.43209997 0.92278296
4 3.4085490000000004e-05 0.17506170000000001 0.31101066 0.32464147 0.44685355
10 3.3994955e-05 0.11576439 0.34159988 0.28203779999999995 0.48828770000000005
1 3.3949196e-05 0.0 0.37563598 0.074238814 0.48014823
10 3.3919438e-05 0.43497002 0.37957546 0.49515240000000005 0.44720188
8 3.3780965e-05 0.14477226 0.27058026 0.3253512 0.6637278
10 3.370635e-05 0.007680066 0.37972313 0.106871925 0.5358145000000001
8 3.2865748e-05 0.15411086 0.36526865 0.23164944 0.4196834
8 3.2257158e-05 0.035054825 0.09825523 0.26752800000000004 0.62279356
