3 0.91723394 0.39421937 0.5282960999999999 0.5107229 0.6040215999999999
3 0.86397445 0.00725621 0.64512557 0.039933644 0.6915517
3 0.788118 0.7082976 0.45131382 0.78157055 0.4991885999999999
3 0.53957134 0.12386559 0.522053 0.410689 0.7287651999999999
8 0.19696018 0.085690245 0.47312748 0.44256306 0.7294042
3 0.16753641 0.40401176 0.50696313 0.5512978000000001 0.6030576999999999
3 0.096410535 0.53440416 0.49034488 0.588972 0.531654
8 0.05440742 0.3716144 0.5042728 0.5504275 0.6108709
8 0.037823234 0.0029619372999999997 0.64209294 0.040226612 0.6930901999999999
3 0.035478797 0.47221574 0.5136501 0.55093616 0.56763214
8 0.032051567 0.5289726 0.4918669 0.58927333 0.53304017
3 0.023423374 0.01854858 0.6473557 0.04800629 0.692549
3 0.02171925 0.7427763000000001 0.44664177 0.80712473 0.49146494
8 0.020634715 0.01475931 0.6466056 0.04935184 0.6899578000000001
8 0.019379518999999998 0.69602287 0.44796205 0.7828109000000001 0.5008431
8 0.01775962 0.38941659999999995 0.525609 0.50125504 0.59680665
8 0.015195876 0.14155039 0.55797607 0.3548406 0.7265498
8 0.013615228 0.122465596 0.5267666999999999 0.39616156 0.69908714
8 0.007211316999999999 0.55911803 0.47942364 0.6177132 0.5267282
3 0.007050614 0.7470594 0.43013763 0.8031272 0.48137656
3 0.0067333886 0.112682715 0.553791 0.32936394 0.7231951999999999
3 0.006507559 0.5267891 0.50379735 0.58536416 0.5517173000000001
8 0.006370582 0.5224679 0.4935771 0.5859147 0.5509670999999999
8 0.006031764 0.5364889 0.48717138 0.60376704 0.5278366999999999
8 0.0052955896 0.46235853 0.5063449999999999 0.547988 0.5714119000000001
13 0.004139248 0.10866498 0.5505094 0.33747604 0.72616243
3 0.0033143628000000002 0.72628057 0.43382826 0.7933531 0.48079368
3 0.0029213375 0.5437125 0.48680356 0.60737073 0.52936774
3 0.0023186412 0.5663083999999999 0.48078746 0.61827576 0.52481234
13 0.0021961178 0.16494602 0.55408317 0.42333502 0.69646883
3 0.0019523453 0.4412433 0.51272774 0.53879976 0.57057095
3 0.0019170366 0.11257531 0.57719976 0.18703543 0.71234906
3 0.0018667716000000001 0.33135146 0.5084494 0.48877138 0.6368437
13 0.0018302039000000002 0.52682805 0.48419318 0.59538376 0.5347585
3 0.0018015479999999998 0.3762458 0.5173966 0.49666208 0.59448874
13 0.0015567017000000002 0.39408362 0.5111149 0.56268084 0.65919024
9 0.0014961293 0.14109989 0.5127802 0.40207857 0.76898587
13 0.0014746196 0.38431190000000004 0.53459024 0.49455035 0.60962075
13 0.0014071214999999998 0.1329577 0.51363915 0.4642545 0.81983995
7 0.0013599636999999999 0.35677308 0.48308635 0.57757366 0.6646063
13 0.0012638046 0.015735453 0.64724505 0.0553168 0.6917635
13 0.0011240625999999999 0.009486375 0.6447102 0.044489272 0.6990004
5 0.0011057439 0.0 0.5872024 0.37977174 0.8125536
1 0.0010951777 0.08513603 0.62324834 0.28953502 0.7261510999999999
11 0.0010843744 0.122852966 0.39018017 0.4151647 0.83134305
8 0.0010823230999999999 0.40912968 0.54250884 0.48379690000000003 0.6041868
3 0.0010517585 0.38639215 0.50935495 0.47791275 0.5673864000000001
1 0.0010201455 0.0 0.54348665 0.35155565 0.7677607
13 0.00093346025 0.6933222 0.45380476 0.76032186 0.5103648000000001
13 0.0009143911300000001 0.41935182 0.5229616 0.5048939 0.6200784
8 0.0008908136 0.7389891 0.44267290000000004 0.807361 0.4932625
9 0.0008893715 0.16384752 0.48042876 0.47105068 0.7314185999999999
7 0.0008794728999999999 0.0 0.4643027 0.46578392 0.89039636
1 0.0008594864599999999 0.21361741 0.5744458 0.40110830000000003 0.6884819000000001
8 0.00083519047 0.7391853 0.42823490000000003 0.79887813 0.48137778
13 0.0008336942 0.3963026 0.5185460999999999 0.47937533 0.6254776999999999
11 0.0008233938 0.41397434 0.52275294 0.47399753 0.5997655
5 0.0007834503999999999 0.07528159 0.57663906 0.31883797 0.7159968000000001
12 0.0007681417 0.24971715 0.5711241 0.4187431 0.6855002
2 0.000766915 0.08450639 0.47500926 0.49943286 0.7453126
1 0.00074115425 0.030393198 0.5096776 0.3640688 0.7097621999999999
3 0.0007200719599999999 0.4367102 0.52361673 0.54404503 0.5867667
8 0.0007134614 0.0071242237 0.6301825 0.034487016 0.6776545999999999
11 0.0007017872400000001 0.16334593 0.54902446 0.29396433 0.73418677
5 0.00068993954 0.35344023 0.5415327 0.56731915 0.64470404
11 0.0006842266999999999 0.43668184 0.4533495 0.5717312 0.6406115
1 0.0006549744 0.12154642 0.5850002 0.30167675 0.6970972
13 0.0006520376 0.7122223000000001 0.4539765 0.7871974 0.51160127
5 0.0006516738 0.057743996 0.5810384 0.4948599 0.7990156999999999
4 0.0006036957499999999 0.26810455 0.4850742 0.41139382 0.6781550999999999
13 0.0005699715 0.07402487 0.5262418000000001 0.29713166 0.70793223
9 0.0005667082 0.2640475 0.56292975 0.41889733 0.67950904
3 0.0005640246 0.25671208 0.5261153000000001 0.34302628 0.57884467
10 0.0005486730000000001 0.25040695 0.5083424 0.40905657 0.67271477
5 0.00054702436 0.37463817 0.53525805 0.50696445 0.59751356
3 0.0005415509 0.22396950000000002 0.51767844 0.43174326 0.67617136
9 0.0005401821 0.18898176 0.5470983 0.49184012 0.7803218000000001
9 0.0005399066 0.4150456 0.51600754 0.55940473 0.6342806
8 0.00053767866 0.12086443599999999 0.52948594 0.2782094 0.73524475
7 0.0005214621 0.38981894 0.5119033 0.48825595 0.6102055000000001
10 0.0005187319 0.43542686 0.49772286 0.48526707 0.59885716
13 0.0005157597 0.367787 0.536108 0.5299186 0.6591095
1 0.0005151881 0.08841488 0.52579385 0.41922835 0.7524196999999999
8 0.0005096359999999999 0.43012542 0.51524407 0.5325988 0.5880273
6 0.0004985826999999999 0.38592196 0.5236978 0.5254263000000001 0.5941814999999999
12 0.00049531594 0.41858720000000005 0.5295038000000001 0.49853897 0.5918414000000001
1 0.0004933764 0.39704734 0.5471691 0.48644537 0.60409975
6 0.00049050496 0.20705497 0.5682871 0.47026384 0.7067066
13 0.00046823235 0.55872494 0.48634747 0.62106687 0.530012
1 0.0004589652 0.36881566 0.519796 0.53368807 0.6318651
10 0.00045103227999999994 0.41710119999999995 0.5172701 0.5001544 0.5885482
3 0.00044646742999999994 0.109902725 0.56222796 0.24908383 0.7146034000000001
11 0.00043898632000000006 0.23244183 0.3997243 0.49513888 0.7916074000000001
10 0.0004259239 0.39896062 0.5260023 0.48737934 0.5922400999999999
11 0.00042281952000000004 0.3985073 0.44698852 0.53161466 0.6445134
4 0.00042204125 0.41658658 0.5101813000000001 0.5082717000000001 0.5950255999999999
7 0.00041574205 0.20909145 0.5152509 0.39885876 0.7061589
11 0.00040110042999999995 0.70641935 0.44546312 0.75166094 0.5129354
11 0.00039934178 0.4351655 0.5207763 0.48677495 0.5978144
4 0.0003830468 0.42962927 0.5015532 0.5846073 0.641722
12 0.0003806231 0.16802060000000002 0.55091304 0.34706122 0.69558585
7 0.00037244265 0.52695477 0.48137718 0.58823645 0.53488684
13 0.00036853788 0.68003076 0.45859206 0.747374 0.5066034
3 0.00035982335 0.37302440000000003 0.5056879 0.45531106 0.5541206999999999
4 0.00035618902999999996 0.24033853 0.47438344 0.56023204 0.8117646
2 0.00035496943999999993 0.16664413 0.39586517 0.5350729000000001 0.7197302
3 0.00035427152999999997 0.35778147 0.49601242 0.5032930999999999 0.61256623
11 0.0003532028 0.422411 0.48775290000000004 0.46472862 0.61059654
12 0.00034936485000000003 0.032737404 0.43292427 0.54553676 0.70074433
8 0.00034877216 0.3184645 0.49230307 0.4886956 0.64502984
5 0.00034833910000000006 0.39730809999999994 0.5343875 0.47590095 0.6205925
11 0.00034593322 0.18179925 0.52103996 0.296596 0.6823621999999999
2 0.00033760097 0.41080487 0.46979028 0.59645605 0.61094105
5 0.00033482097 0.6783545 0.4625403 0.76724553 0.5084667
12 0.00033426608 0.4323867 0.5229199999999999 0.49113864 0.6083221999999999
12 0.00032998639999999997 0.050607532000000004 0.36635062 0.47992447 0.6545574000000001
10 0.00032741542 0.14387068 0.5734733 0.31395686 0.7029104
9 0.00031822556 0.38942108 0.50788546 0.5260627 0.639939
9 0.00031593953999999995 0.4372899 0.49195355 0.57849807 0.6108882
10 0.0003073763 0.44328964 0.51440257 0.5144808 0.5891647
4 0.0003020227 0.12979597 0.49964514 0.46019638 0.81168085
6 0.00029959843999999996 0.08789292 0.5818024 0.39903679999999997 0.69778496
4 0.00029723527000000003 0.17460883 0.45010862 0.507411 0.75125104
1 0.00029082785 0.17503498 0.56562054 0.3413093 0.6785439999999999
11 0.00028640975 0.4289164000000001 0.43803963 0.5381128000000001 0.60993457
7 0.00028527877 0.6820109000000001 0.44527367 0.7638710999999999 0.51870954
13 0.0002839863 0.47029978 0.51488435 0.54697806 0.56934977
10 0.00028340702000000003 0.4544625 0.49290103 0.50024986 0.60307467
8 0.00027787843 0.7170748 0.43321344 0.7854534000000001 0.48232517
11 0.00027713034 0.44159168 0.4865735 0.48159152 0.6090279000000001
2 0.0002741031 0.53487706 0.47742712 0.59514666 0.5199521
1 0.00027109118 0.4348808 0.5343774 0.49985707 0.6054026
12 0.00026866357000000004 0.41790649999999996 0.5174065 0.47794297 0.60967976
10 0.00026575447 0.41770387 0.5093977 0.47072363 0.6028701
1 0.00025976988 0.40378615 0.5339049 0.46663895 0.6084754
7 0.00025797292 0.41683736 0.5001758 0.48982283 0.6288333
12 0.00024875868 0.35199007 0.48523897 0.5994010999999999 0.6135566
1 0.00024821743 0.38766748 0.48829398 0.55314153 0.58992773
8 0.00024746236 0.094436064 0.32939446 0.51955676 0.9232940999999999
10 0.00024576009999999996 0.43543825 0.4555647 0.5770538000000001 0.63817143
1 0.00024480026000000003 0.07590513 0.46227749999999995 0.42045920000000003 0.6466316
6 0.00024401417000000002 0.0 0.54436004 0.49799383 0.8162315
9 0.0002434859 0.42364913 0.53270465 0.5107782 0.5931004
13 0.00023760975 0.5177407 0.50563395 0.5907688 0.5590228
8 0.00023610586 0.75205594 0.424162 0.80927414 0.4782871
5 0.00023560713 0.51086533 0.49683827 0.59361196 0.5306159
1 0.00023462922999999998 0.050841465999999995 0.58595854 0.24448161 0.6819841
10 0.00023262142999999996 0.15056324 0.54193 0.30606884 0.66975194
8 0.00023252606 0.2029715 0.516833 0.38815683 0.6839706
7 0.00023166616 0.09791380000000001 0.36794874 0.495933 0.8137005
1 0.0002313253 0.6850235 0.46473154 0.7558699000000001 0.50510573
3 0.00021737113999999999 0.7604890000000001 0.42701256 0.8178426999999999 0.48380646
12 0.00021614634999999997 0.4464085 0.53273433 0.49959075 0.6080788
5 0.00021378427000000004 0.37699217 0.5260433000000001 0.5970478 0.6266786
9 0.00020873797999999998 0.43241405 0.5235404 0.48791623 0.6115742
1 0.00020171388999999998 0.3271119 0.50883806 0.49997604 0.6196186
9 0.00020094849999999998 0.08306287 0.50624484 0.32375429999999994 0.7799356
11 0.00020092292 0.7262316999999999 0.44466805 0.76879287 0.5135755999999999
1 0.00020067797 0.5209287 0.4931585 0.58250433 0.5296848000000001
11 0.00019854389999999998 0.021564457999999998 0.6387848 0.04080903 0.7065099
12 0.00019776745 0.44670612 0.53759676 0.5189769000000001 0.593368
12 0.00019458699 0.34522033 0.4566053 0.56098396 0.59390765
13 0.00019387927 0.7383736 0.45565552 0.7979607 0.5061810999999999
11 0.00019265607 0.35861817 0.43588784 0.49021992 0.64426315
13 0.00019032585 0.1863761 0.5201823 0.34753668 0.7277279999999999
4 0.00018912883999999997 0.44280013 0.50354147 0.5189811 0.5898135
10 0.00018890691000000002 0.13166639 0.43213559999999995 0.47563556 0.83377826
10 0.0001841024 0.5418191 0.47807799999999995 0.5958408000000001 0.52971214
9 0.00018312041 0.5421113000000001 0.48920894 0.5934384 0.53266615
12 0.00017874662000000002 0.5255884 0.47773420000000005 0.59472287 0.52786654
6 0.00017720432 0.6804021 0.4528536 0.7945698 0.50829864
2 0.00017588490000000002 0.40383613 0.5185151 0.48702145 0.5853239
3 0.00017241168999999998 0.012088966000000001 0.6295467 0.041752446 0.68139493
6 0.00017150988 0.51958835 0.48651284 0.60853875 0.53102356
8 0.00016905836 0.70399165 0.22216946 0.91891134 0.9603523000000002
7 0.000165828 0.42308640000000003 0.5093466 0.5165566 0.6102001
11 0.00016347945 0.2764656 0.52184594 0.37660307 0.67241883
2 0.00016191215 0.37462342 0.50504684 0.5677485 0.63642234
7 0.00015931649 0.11356632400000001 0.55637455 0.29445213 0.7184151999999999
9 0.00015645269 0.45148829999999995 0.52389324 0.50832945 0.60554
1 0.00015590434 0.0 0.4915452 0.29510123 0.6710448
5 0.0001527748 0.1670384 0.56779087 0.45044124 0.70175415
4 0.00015258159 0.45529490000000006 0.46779729999999997 0.5977295 0.60843486
10 0.00014534718 0.19816485 0.52598727 0.33986935 0.6679456
8 0.00014453598 0.41797224 0.50696576 0.5069992999999999 0.57315266
8 0.00014407042 0.04309036 0.20328246 0.34829938 0.8494565999999999
8 0.00014371463 0.39122787 0.51232654 0.46604767 0.6010857
12 0.0001428069 0.23122676 0.524346 0.41017592 0.66509587
2 0.00014094127 0.01818902 0.6440319999999999 0.058446124 0.69141126
7 0.00013969174 0.006847378 0.6401304 0.043329578 0.70397764
13 0.0001395818 0.73569643 0.42891940000000006 0.80571103 0.48597896
13 0.000137926 0.06354524 0.55514103 0.37017113 0.78292483
11 0.00013533079 0.13272738 0.52753705 0.24019036 0.70207626
8 0.00013449066000000001 0.36333176 0.47232652 0.49987265 0.6327858000000001
3 0.00013396336000000002 0.42180634 0.5056891 0.5170064999999999 0.56779677
2 0.00013308888000000002 0.69701564 0.44596824 0.7686013 0.49072447
8 0.00013171724 0.65505993 0.38468236 0.9069214 0.93222284
10 0.00013112593 0.23682187 0.36650598 0.54335225 0.8165687
9 0.00013059276 0.70328027 0.45605054 0.7625868 0.5061279000000001
13 0.00013056638 0.0961467 0.5504667 0.24823907 0.74701506
9 0.00013035633 0.13191268 0.5662696999999999 0.30777109999999996 0.7068061999999999
5 0.00013014556 0.27427495 0.5333791999999999 0.4896804 0.6429682
11 0.00012831007 0.6943649000000001 0.44503912 0.7361566999999999 0.51009697
6 0.00012442574 0.41625136 0.53369737 0.5528006 0.59870523
5 0.00012426307 0.052002884000000006 0.5672884 0.28159624 0.6793127
11 0.00012376915 0.0897341 0.35139635 0.33203703 0.7560392
1 0.0001227061 0.31591007 0.48535636 0.49230159999999995 0.5854739999999999
9 0.00012129787000000001 0.71865284 0.45876932 0.7812661999999999 0.5046879
1 0.000115252195 0.7008114000000001 0.4648911 0.7740767 0.5078
11 0.000112146634 0.209008 0.5432939999999999 0.32652238 0.72593516
5 0.00011187638000000001 0.32203123 0.55584896 0.50956696 0.6701901
13 0.00011037166400000001 0.11311467 0.59165645 0.16693737 0.712651
5 0.00010966317 0.4227004 0.5405323000000001 0.5113333 0.6240967
1 0.00010810266000000001 0.3370815 0.5355783000000001 0.5175234000000001 0.65148467
4 0.00010805868000000001 0.54122555 0.48206568 0.59103096 0.5312303
10 0.00010749729 0.70077765 0.44551286 0.7727121 0.5078159999999999
1 0.00010675438999999999 0.6700756 0.46337065 0.7397651999999999 0.49960786
6 0.000106649946 0.0 0.47441116 0.5652604999999999 0.7647307
11 0.00010617691999999999 0.5489944 0.4850204000000001 0.5809082 0.53318334
5 0.000105312705 0.003836263 0.65988344 0.049511655999999994 0.7098616999999999
1 0.00010292176 0.19166622 0.54390043 0.3676692 0.66126347
8 0.000102702244 0.03131552 0.14149119 0.21976726 0.72497815
6 0.00010138962999999999 0.33361518 0.50730985 0.613858 0.64234644
13 0.000100988196 0.40875074 0.56174076 0.49583068 0.6147446999999999
7 0.000100213634 0.28018153 0.5152637 0.54658204 0.69115627
6 9.910866e-05 0.327635 0.5477641 0.59526116 0.6556059000000001
7 9.781833e-05 0.7134446 0.44498786 0.7885648000000001 0.5135637
4 9.7131844e-05 0.12857811 0.5510454 0.34136009999999994 0.7148883
9 9.662279e-05 0.36682075 0.48719013 0.50035495 0.6225979
9 9.556646e-05 0.41500017 0.52485114 0.46940950000000004 0.6195202
4 9.154291e-05 0.018480752 0.64263254 0.04742075 0.70105654
1 9.121682500000001e-05 0.09991315 0.55009395 0.274802 0.6592351
8 9.066474e-05 0.40493673 0.24338293 0.6737786 0.9428134
10 8.963169e-05 0.40516940000000007 0.42987767 0.5573474 0.62679034
10 8.939575999999999e-05 0.23992684 0.5002738 0.37644318 0.63964945
8 8.929711999999999e-05 0.5084605999999999 0.51310176 0.56037074 0.5745650999999999
2 8.914669e-05 0.0128269885 0.63632685 0.04492663 0.69485706
7 8.849790000000001e-05 0.010798553 0.64992666 0.05649239599999999 0.696534
10 8.827472e-05 0.48385066 0.5010808 0.54380614 0.5551921
10 8.445514000000001e-05 0.26472104 0.48309529999999995 0.35297215 0.7131398
12 8.3923005e-05 0.15621522 0.50895953 0.33700019999999997 0.6654764
12 8.2824496e-05 0.19519204 0.58084935 0.35903090000000004 0.72265923
5 8.1618266e-05 0.12873444 0.5612073000000001 0.36001869999999997 0.70186394
12 8.026673e-05 0.70105684 0.44785020000000003 0.7736641 0.5025558
11 8.00658e-05 0.46032563 0.49379498 0.49560037 0.60080236
10 7.9345344e-05 0.71691716 0.43698987 0.78540504 0.5099785
10 7.926908000000001e-05 0.50025403 0.49643844 0.5589031999999999 0.5562644
9 7.858998e-05 0.23784089 0.5456631 0.40188718 0.6641574
1 7.751885999999999e-05 0.7197828000000001 0.46284549999999997 0.7941283 0.5034503
5 7.662401999999999e-05 0.31394005 0.52091795 0.51182675 0.6221054
4 7.6200944e-05 0.4093833 0.49531359999999997 0.47926134 0.6004888
2 7.5357515e-05 0.22004806 0.5242979999999999 0.37436914 0.70566744
1 7.493724000000001e-05 0.23641402 0.54700655 0.4038899 0.6651260999999999
4 7.418686e-05 0.25106212 0.52155256 0.39304040000000007 0.70023614
2 7.366973000000001e-05 0.42958263 0.50148165 0.48580453 0.60060686
4 7.332558000000001e-05 0.71598387 0.43999037 0.7857108 0.5054125
4 7.17768e-05 0.39434624 0.49481735 0.54606587 0.6325941999999999
7 7.1745984e-05 0.31813398 0.46412539999999997 0.51991975 0.65193784
8 7.159905e-05 0.5690227 0.23945732 0.83758754 0.92658156
13 7.1462695e-05 0.31150493 0.5322979 0.4716212 0.68395126
4 6.994608e-05 0.20230345 0.5176708999999999 0.3734933 0.67506045
5 6.92172e-05 0.012877246 0.662682 0.061764367 0.6997665
1 6.917428e-05 0.034153222999999996 0.6131456000000001 0.22781247 0.71301126
13 6.874845e-05 0.7173455 0.43027209999999994 0.7909013 0.48974514
10 6.823232e-05 0.24179345 0.5485962 0.40206498 0.7120218
11 6.7950445e-05 0.032475393 0.6468877 0.056331415 0.6999354999999999
3 6.7853434e-05 0.18698734 0.50292844 0.4078992 0.63998985
13 6.766557e-05 0.6419463000000001 0.0 0.96649337 0.88062656
11 6.7515335e-05 0.7486574 0.44489914 0.7866308000000001 0.5066208999999999
10 6.696547e-05 0.73970175 0.43336907 0.7969159 0.5085153
6 6.6516404e-05 0.19302934 0.527562 0.45038217 0.6751736
11 6.630542e-05 0.45981395 0.5197268 0.5059697 0.58769387
8 6.4421554e-05 0.72798455 0.17311366 0.92249155 0.68077815
13 6.392334e-05 0.505232 0.5100122 0.5753881 0.56467605
10 6.236052e-05 0.10585942 0.56504655 0.27637562 0.663452
8 6.2055144e-05 0.08741164 0.5522534 0.2421925 0.71393865
4 6.138542e-05 0.031772405 0.64812976 0.06161861 0.69914067
8 6.107679e-05 0.12042174 0.5875355999999999 0.16174772 0.70414686
12 6.0738625e-05 0.19287490000000002 0.5058377000000001 0.38333523 0.6736401
4 6.0707017999999996e-05 0.70021534 0.4440937 0.76862454 0.5038237
8 6.0188199999999994e-05 0.31759113 0.3790843 0.61089236 0.9316353
8 5.9088503000000003e-05 0.6418108 0.17443106 0.89417267 0.7401288
6 5.9052483000000004e-05 0.7042129 0.45508760000000004 0.82671523 0.5053988
7 5.8555845e-05 0.47271487 0.5007442 0.5435454000000001 0.57112384
9 5.7591619999999994e-05 0.25257775 0.58847433 0.39881775 0.70929086
5 5.7397974000000004e-05 0.7122906 0.46474725 0.80174917 0.51370245
9 5.6885669999999994e-05 0.19811447 0.5706009 0.36188054 0.70771354
1 5.657772e-05 0.008854032 0.66354954 0.040653866000000004 0.7024238
2 5.5419383e-05 0.42698297 0.5227399 0.50789624 0.59411854
13 5.5109696e-05 0.24688111 0.5345456999999999 0.42682362 0.6781299
6 5.3625452e-05 0.06421651 0.5638557 0.36834192 0.67214274
10 5.3244374e-05 0.018369272 0.63305306 0.04357145 0.6991069000000001
12 5.2868414e-05 0.73041624 0.4557192 0.79800147 0.5010765
6 5.1842983999999994e-05 0.45906463 0.511789 0.5735406999999999 0.5632227
10 5.1570718e-05 0.5371751 0.5030322 0.5956723 0.5605757
9 5.0933540000000006e-05 0.15667479999999998 0.59681505 0.31883687 0.72582513
1 5.0721454000000006e-05 0.46841255 0.52141076 0.5343839 0.55936474
5 5.004986e-05 0.40682640000000003 0.5407630999999999 0.5351138000000001 0.59859204
11 4.9222227999999994e-05 0.23955396 0.5128642 0.34383747 0.6786844
7 4.9104583000000004e-05 0.51401985 0.50176716 0.5886781 0.56565255
