8 0.8307179 0.5925416 0.54801273 0.9160216999999998 0.7765339
8 0.38907853 0.65385 0.6350854 0.8677673 0.7831437
3 0.2546931 0.6231463 0.53931147 0.8749205 0.8017996000000001
3 0.07258053 0.6557782 0.62180465 0.86415535 0.77977026
8 0.06799654 0.6132354999999999 0.5699477 0.77207875 0.77207005
3 0.025104746 0.60261387 0.5616023 0.7971241 0.81052476
8 0.0054380769999999995 0.66962945 0.66608363 0.8346030999999999 0.79470336
8 0.0042248988 0.5641801 0.4828134 0.8341972 0.7965535
13 0.0032755074 0.6651829 0.6389331 0.89036936 0.76704985
8 0.0025813475 0.40456570000000003 0.52018636 0.77773726 0.7971630000000001
13 0.0020325903 0.5955597 0.5212603 0.99016845 0.8140661
8 0.0017380442 0.5863378 0.51486486 0.9253634 0.88025844
13 0.0016119427 0.54116017 0.5696534000000001 0.89735204 0.8060041
8 0.0013141324 0.65893036 0.61242795 0.80654615 0.79814184
9 0.0010708835 0.6006585 0.5498645999999999 0.8884763000000001 0.8108376
8 0.0010488164 0.5234074000000001 0.4345464 0.8747645000000001 0.87559366
13 0.0009671581 0.61270297 0.588829 0.8802357 0.90236104
9 0.0009398675999999999 0.56465167 0.4962345 0.8527964 0.7733190999999999
9 0.000936935 0.74359834 0.6349299 0.9155612 0.75389445
8 0.0007190348700000001 0.64840245 0.47341317 0.86288285 0.86288834
5 0.00071346026 0.4087437 0.62401485 0.89593744 0.83264345
13 0.0006892747500000001 0.6983726 0.6644161 0.9046252 0.78980714
13 0.0006737204400000001 0.70727646 0.6324498000000001 0.86045134 0.8214450000000001
9 0.00061634416 0.6775100000000001 0.5548193 1.0 0.802158
8 0.00059161684 0.51325434 0.5193229 0.56618017 0.5548126999999999
8 0.0005356687 0.6101599 0.6205073 0.74399126 0.7795788
9 0.0005281419000000001 0.57877916 0.5808584 0.8254401 0.83715713
4 0.0004922853 0.7547965999999999 0.5000279000000001 1.0 0.87439734
1 0.00048915297 0.4020533 0.5082914000000001 0.8173478 0.7029529999999999
4 0.00048585163 0.76328367 0.5898438 0.8843048000000001 0.7884334
1 0.00047350847 0.45031247 0.58464456 0.8080137 0.79368716
11 0.00046318739999999997 0.576549 0.47421607 0.82246894 0.9023968000000001
13 0.00045220917999999995 0.58159924 0.5649057 0.7654319 0.7652920999999999
9 0.00042201547 0.7264832 0.60775554 0.8929751 0.73305404
5 0.00041728024 0.51988226 0.65343195 0.81095356 0.9457863000000001
9 0.00040866222 0.67661554 0.5980686 0.87575656 0.88777936
7 0.00040555492 0.44218487 0.49947315 0.8788764000000001 0.87445146
4 0.0004047956299999999 0.6016602 0.50574535 0.8996105999999999 0.8477773999999999
8 0.00037934145 0.5678725 0.21660791 0.88855946 0.83590513
3 0.00036682605 0.5096815 0.5170916 0.5707999 0.5608295999999999
5 0.00034091953 0.35545987 0.6374919 0.8041775999999999 0.8725273000000001
2 0.00033066089999999996 0.642386 0.5258943 1.0 0.8611605
1 0.00032610384999999997 0.6805129 0.66206867 0.8651645 0.7662986999999999
10 0.0003241642 0.75776017 0.5696814 0.9009254999999999 0.76209646
9 0.00031492364 0.6321521 0.5885778 0.8156471 0.9108040999999999
8 0.00030893687 0.5957541000000001 0.54266936 0.7282781999999999 0.75256205
9 0.00029736466 0.74886143 0.67011386 0.92581105 0.7803008
5 0.00029143653 0.53866696 0.63169235 1.0 0.85629696
2 0.00027727635 0.6494436 0.46759700000000004 0.9043521999999999 0.88653934
1 0.00026644586 0.58730036 0.5829621 0.92577845 0.79756
12 0.0002585234 0.7109701 0.6426501 0.88963777 0.75415176
4 0.0002544198 0.6694462 0.4823559 0.9686440999999999 0.8266957
2 0.00025089752 0.5354186 0.49303657 0.95237553 0.7796483000000001
1 0.00024775165 0.56368494 0.60168946 0.8233906999999999 0.85055494
11 0.00024482692000000003 0.6403274999999999 0.4530017 0.9003088 0.87647873
10 0.0002295844 0.6375746999999999 0.5526479999999999 0.73816776 0.74339074
5 0.00022108040000000002 0.6430942 0.6704131999999999 0.9237702 0.79219645
11 0.00021881967 0.6400140000000001 0.38053486 0.8147661 1.0
5 0.00021570914 0.5821430999999999 0.6104828 0.7516056999999999 0.7809275999999999
13 0.00020930769 0.49973795 0.5014917999999999 0.5744265000000001 0.5591715
11 0.00020434904 0.7000289000000001 0.3811398 0.8666587 1.0
1 0.00020230063999999997 0.4896661 0.55432147 0.86212075 0.76047873
1 0.00020187556 0.5668181999999999 0.61369354 0.72423285 0.76333886
12 0.00020106573 0.45668059999999994 0.4452126 0.90648013 0.68865913
12 0.0001998197 0.49412546 0.52133626 0.900797 0.7477901
8 0.00019523985 0.5233386 0.5185528 0.5819854 0.5557692
1 0.00019476387 0.44817890000000005 0.65534157 0.8121884 0.8535008
9 0.00019186737 0.67927825 0.62307304 1.0 0.8484178
11 0.00018798188999999998 0.7516618 0.44687817 0.9967067 0.87718135
10 0.00017371951000000002 0.7212407 0.5603736999999999 0.87064344 0.7256431999999999
13 0.00017330293 0.6248921 0.67140996 0.8580401 0.7905641999999999
11 0.00017019388999999998 0.7774268 0.6072123 0.8716832 0.7768648
6 0.0001645885 0.48166509999999996 0.55862683 0.9678841999999999 0.8401241
13 0.00015922988000000002 0.51578397 0.6203244000000001 0.961412 0.86610156
4 0.00015482368 0.69772184 0.5085459 0.88570774 0.93838924
2 0.0001515881 0.7085904000000001 0.59690493 0.88868976 0.7763085
7 0.00014792048 0.70135397 0.5970727 0.8595349 0.7887951999999999
5 0.00014367871 0.53025776 0.6760976 0.99528056 0.9159374
7 0.00013898918 0.57373136 0.49319700000000005 0.98580414 0.8448305
7 0.00013284791 0.54915303 0.5113492999999999 0.9000790999999999 0.9693303
1 0.00012355917999999999 0.67509556 0.6921567 0.8751935 0.79996085
1 0.00012216499 0.3390994 0.5398887 0.7592373 0.7305229
9 0.000119038086 0.7627856 0.6391443 0.87615365 0.7982389
10 0.000117145944 0.6596975 0.45330343 0.86574763 0.92076933
10 0.00011689695 0.760108 0.39605463 1.0 0.8339027
8 0.000112343216 0.70002156 0.6785001 0.76303834 0.7686363
11 0.00011043728600000001 0.6387510999999999 0.5170116 0.72868735 0.8089227
1 0.00010927978000000001 0.6649548000000001 0.6301541 0.8558650999999999 0.73851854
6 0.00010917216 0.42174608 0.49035913 0.9944361999999999 0.7608226
6 0.00010533359500000001 0.6716835999999999 0.65040106 0.9482531999999999 0.782154
10 0.000104918865 0.5851437 0.44097656 0.92769384 0.8509905000000001
8 0.00010312465 0.70760757 0.6492259 0.7533607 0.765443
12 0.00010222169 0.59361684 0.52997077 0.90265214 0.8168015000000001
12 0.00010079863000000001 0.7001698000000001 0.60828143 0.8883457 0.7346685000000001
8 9.407001e-05 0.72263473 0.6557629 0.76694304 0.7649468
10 9.120782499999999e-05 0.71474046 0.4031288 0.91537875 0.9311644
8 9.0879694e-05 0.20694432 0.4275354 0.75130284 0.9363593000000001
11 8.871652e-05 0.5375618000000001 0.44132945 0.7566403 0.8607751
12 8.789136e-05 0.5044274999999999 0.5482416999999999 1.0 0.78618944
3 8.6928645e-05 0.4470501 0.5329283 0.8451538000000001 0.8118485
7 8.508652e-05 0.402803 0.57729006 0.9258360000000001 0.9382499
12 8.123774e-05 0.64880687 0.5848749 0.7698465999999999 0.75386554
5 8.0614605e-05 0.6306855 0.64621323 0.90491706 0.75746167
10 8.040597e-05 0.5585188 0.38617912 0.8810880999999999 0.7747575
3 7.577856e-05 0.6727605 0.4846225 0.86685336 0.8900665000000001
5 7.52504e-05 0.5977289000000001 0.6971606 0.86229235 0.8135958000000001
8 7.436724e-05 0.69946796 0.6606464 0.7377272 0.7717088000000001
9 7.300269e-05 0.72802866 0.6329464 0.84085405 0.80703604
9 7.2865245e-05 0.6955726 0.6697201999999999 0.85946095 0.79190236
3 7.213982e-05 0.7238962 0.6344685 0.7761015 0.7722246
2 7.1532355e-05 0.536405 0.42348576 0.9805661 0.7164851999999999
8 7.112461e-05 0.071384415 0.26948112 0.37599868 0.910858
4 7.081371e-05 0.8112792 0.5979694000000001 0.9216540999999999 0.7933170999999999
9 7.0597875e-05 0.6182803000000001 0.58787215 0.73149025 0.79557854
12 6.996590000000001e-05 0.71315765 0.66785383 0.9065844000000001 0.7759651999999999
6 6.956151999999999e-05 0.4924778 0.6300277 0.99017906 0.909364
9 6.796238e-05 0.6447126999999999 0.65863955 0.9845046999999999 0.9039037
13 6.688673e-05 0.59941506 0.6427991999999999 0.84520495 0.7655439
10 6.409637e-05 0.7830755 0.50560117 0.87768215 0.81985575
3 6.2333e-05 0.5223042 0.5164196 0.59109056 0.5650569000000001
10 6.2232924e-05 0.7992925000000001 0.56981754 0.93441683 0.77717686
4 6.120071999999999e-05 0.6418931 0.49528667 0.8324004999999999 0.9197965
4 6.0504350000000006e-05 0.7721819999999999 0.55341035 0.8580276 0.8259931
10 6.0273680000000004e-05 0.7131605999999999 0.62774837 0.8555334000000001 0.795095
8 5.5091953999999994e-05 0.52772903 0.14551525 0.8196515999999999 0.74127626
8 5.3479209999999995e-05 0.52663666 0.53881514 0.58605176 0.577285
13 5.0373365000000006e-05 0.6476175000000001 0.4848193 0.8499139000000001 1.0
8 4.9883194e-05 0.54149675 0.637514 0.862877 0.9262085999999999
1 4.9442526e-05 0.70245636 0.6435935 0.8460742 0.7974848000000001
5 4.9145652e-05 0.70076495 0.6898281999999999 0.86686593 0.85452825
7 4.871185000000001e-05 0.534909 0.57413495 1.0 0.9048607
6 4.7613543e-05 0.58947504 0.6064705 0.8072766 0.7650945
10 4.681499e-05 0.75185406 0.52363896 0.84716237 0.80571973
3 4.64654e-05 0.70470124 0.66954255 0.7799285 0.7770438000000001
11 4.581146e-05 0.76609105 0.60065776 0.85881525 0.74055195
11 4.5522884e-05 0.7896054 0.5417428000000001 0.85857224 0.83283913
2 4.5070083e-05 0.73828393 0.5664307 0.8631508 0.8246876
13 4.4230863e-05 0.55368614 0.6186688 0.80949557 0.7492671
3 4.2568015e-05 0.58765495 0.4463 0.9111326999999999 0.8606226
5 4.233013e-05 0.6627316999999999 0.6780648 0.8367118 0.8454951999999999
13 4.0963707e-05 0.61774284 0.6041906 0.80905336 0.79048383
5 3.9694347e-05 0.44918199999999997 0.7141986 0.92258966 0.9359445
13 3.943435e-05 0.046518177 0.015013104 0.39130118 0.9500707
8 3.8620492e-05 0.73644125 0.6835223000000001 0.79356384 0.76995254
8 3.8286627e-05 0.43367510000000004 0.15810026 0.7564414 0.81421924
5 3.8211291999999996e-05 0.62356246 0.65975016 0.9069538 0.9772504000000001
4 3.6978643e-05 0.69634247 0.6292746 0.8317863000000001 0.8105538000000001
10 3.6720547000000004e-05 0.664042 0.56670266 0.7610680000000001 0.77543145
3 3.545485e-05 0.7071503 0.630498 0.76303536 0.7752941999999999
5 3.4708806e-05 0.5958704 0.64368904 0.7534485 0.828569
8 3.3851553e-05 0.59752375 0.42412114 0.80444354 0.86320966
11 3.1428022e-05 0.7190941999999999 0.625735 0.8203905 0.8373636000000001
11 3.0467405e-05 0.8158446999999999 0.60235465 0.9153078000000001 0.78190684
4 2.866232e-05 0.5597863000000001 0.46479616 0.8247005 0.7915054
11 2.7962156e-05 0.7550022 0.5431513000000001 0.82347137 0.83017814
1 2.7842138e-05 0.58676636 0.63050413 0.7424625 0.79250616
8 2.7649632e-05 0.35238844 0.3507802 0.8019106 0.9557709000000001
8 2.7539354e-05 0.042291254 0.17278944 0.20925936 0.91978693
10 2.7430586e-05 0.6450415 0.6235069999999999 0.7890678000000001 0.7495416
1 2.7135966e-05 0.6176269 0.68993574 0.8299325999999999 0.7954015999999999
3 2.663712e-05 0.5289238 0.5402093000000001 0.59666604 0.58801794
4 2.5427864e-05 0.62627774 0.5533975 0.7429889000000001 0.7905637
5 2.5415994999999998e-05 0.56510335 0.67307615 0.8598333 0.7870255
8 2.4767376e-05 0.026959478999999998 0.41108236 0.20196503 0.9601690999999999
10 2.3573838999999998e-05 0.6859703 0.60005385 0.8270860000000001 0.75301313
8 2.3468040000000002e-05 0.7541314 0.6643669 0.82766646 0.75780135
3 2.2192402000000003e-05 0.1018693 0.24428219 0.40470403 0.9743242
4 2.2149745e-05 0.7679087 0.47556502 0.9212471 0.9391873
3 2.1687254e-05 0.6088865 0.272852 0.9452156999999999 0.84658647
2 2.1683596e-05 0.7374957 0.627437 0.9199527 0.7969621
10 2.1565656e-05 0.63023525 0.60872805 0.7325428 0.78647214
9 2.13977e-05 0.67391294 0.6281671999999999 0.8429721 0.77592963
7 2.1094686999999998e-05 0.64225405 0.6517736999999999 0.83068997 0.8045675999999999
6 2.0766436e-05 0.6301770000000001 0.6774799 0.91550696 0.8033741
4 2.0675333999999998e-05 0.71494824 0.566226 0.9655200999999999 0.9591649
7 2.0263525999999998e-05 0.5944233 0.5618199 0.73866737 0.8067806
11 1.9809717e-05 0.76558375 0.38199118 0.92784584 0.97900134
8 1.9392911999999998e-05 0.059978664 0.08376439 0.33439833 0.6890149
3 1.9068673e-05 0.73544306 0.6667270000000001 0.81274325 0.772675
2 1.8848696e-05 0.6644015999999999 0.649403 0.8611949000000001 0.77904147
3 1.879474e-05 0.75973487 0.6772628 0.8727578000000001 0.7675599
11 1.8701494e-05 0.665095 0.53136235 0.7477052 0.83719903
13 1.8628605e-05 0.5144031 0.5954599 0.8198234000000001 0.89480776
8 1.8583012e-05 0.7420638 0.6494843000000001 0.7872965000000001 0.7645647
8 1.846363e-05 0.7420812 0.6963100999999999 0.82140607 0.7636031999999999
4 1.8365277000000002e-05 0.79589474 0.5744704 0.9064865 0.74645585
10 1.8243339999999998e-05 0.78218555 0.3626118 0.958516 0.90946066
8 1.7084343e-05 0.7080896 0.69649315 0.7770103 0.76136935
4 1.7072656e-05 0.73288137 0.54582304 0.83071893 0.8220606
11 1.6563217e-05 0.6990916 0.46069944 0.97299653 1.0
12 1.5545322000000002e-05 0.7127562 0.6375960999999999 0.8370581 0.78303707
5 1.5444031e-05 0.69772345 0.70118594 0.93954736 0.8218496
3 1.5117491e-05 0.64513034 0.5628757 0.97230154 0.9090415000000001
8 1.5061188999999999e-05 0.36554570000000003 0.20649160000000003 0.6955604000000001 0.9062796000000001
3 1.4928947e-05 0.7419355 0.6588045 0.86472833 0.7438678000000001
8 1.4861902e-05 0.13029292 0.17482911 0.44646344 0.84951437
4 1.4805959e-05 0.6846812 0.6029525 0.8108009 0.77749395
8 1.4347025000000002e-05 0.23275875 0.23393108 0.5468611999999999 0.88966936
13 1.4334031e-05 0.5586187 0.5170636 0.9437992000000001 0.9739607
13 1.4094720000000002e-05 0.52652365 0.5040926 0.606057 0.55952305
9 1.3615800999999999e-05 0.6403073 0.6303023 0.7534833000000001 0.8302825999999999
2 1.3556534999999999e-05 0.63282317 0.5445168 0.7586531999999999 0.718539
3 1.3318126e-05 0.69953734 0.6547143 0.75185615 0.78688854
1 1.2920589e-05 0.59897196 0.6469767 0.81492805 0.76646596
7 1.2905547999999998e-05 0.5035058 0.50642186 0.57363844 0.5606492
8 1.2790491e-05 0.74289066 0.6757350999999999 0.82251865 0.73940736
6 1.2470565999999999e-05 0.6725991 0.6259529 0.9667380999999999 0.74490523
5 1.2232711999999998e-05 0.09055073599999999 0.38369244 0.37217087 1.0
13 1.22181755e-05 0.5405588000000001 0.5729257 0.7227186999999999 0.7516480999999999
8 1.2140589e-05 0.7559228 0.6462901999999999 0.80657315 0.76764756
8 1.2118610000000002e-05 0.038291544 0.031415782999999996 0.29393905 0.30620918
10 1.2056134999999999e-05 0.7288465999999999 0.50271803 1.0 0.9431917999999999
10 1.1792687000000001e-05 0.6995106 0.5545153 0.7947042 0.77904004
9 1.1577881e-05 0.62445986 0.62222564 0.7839191 0.7753399999999999
8 1.1566423999999999e-05 0.37456697 0.12200523 0.66362256 0.6987868
13 1.1255514000000001e-05 0.49718666 0.46653223 0.8683208 1.0
8 1.1253699999999999e-05 0.6894894 0.697198 0.75333744 0.76550263
13 1.1145993e-05 0.33773708 0.5425061 0.81730807 0.80625826
13 1.1115669e-05 0.5113753 0.5321741 0.590152 0.58510685
8 1.0734177e-05 0.7632248 0.6976496 0.8415428 0.75823534
8 1.0688257000000001e-05 0.6729480999999999 0.22792405 0.923005 0.96342003
12 1.0430681e-05 0.6649972 0.61344224 0.7869611 0.78267634
7 1.035523e-05 0.71338326 0.6384708 0.90619045 0.7996778
2 9.583695e-06 0.51633286 0.50417376 0.5857066 0.5525591
11 9.4252455e-06 0.65197384 0.60235876 0.7640680999999999 0.8050783
7 9.079229e-06 0.68557256 0.5836001000000001 0.82073766 0.8302745
8 9.049811499999999e-06 0.7818741 0.5739922 0.9662257 0.82679695
6 8.804007e-06 0.594306 0.6517904999999999 0.8458936 0.7608361
3 8.748193e-06 0.7155251 0.68765646 0.7866592 0.7656248999999999
13 8.716515000000001e-06 0.0 0.0 0.2238831 0.9303068999999999
6 8.485702e-06 0.69037527 0.63923204 0.91178566 0.82605565
8 8.2253855e-06 0.010826752 0.66602707 0.30940914 0.9537196
9 8.192141e-06 0.52434504 0.5123639 0.57877696 0.5632528
8 7.960795e-06 0.7136547 0.6729703 0.7840559 0.73619837
1 7.950029e-06 0.50377464 0.5144174 0.56272733 0.5511826
13 7.835347000000001e-06 0.0 0.0 0.31640524 0.32013556
8 7.777697e-06 0.6830401 0.5616058 0.9444594999999999 0.93567324
3 7.5426005e-06 0.48058009999999995 0.47843477 0.9785563 0.94154835
3 7.2737503e-06 0.74085504 0.63021857 0.80144244 0.763317
3 7.234340999999999e-06 0.046997517 0.22007991 0.22652215 1.0
13 6.9489915e-06 0.5747085999999999 0.14106621 0.9370761000000001 1.0
7 6.743899599999999e-06 0.73172903 0.58400416 0.88378835 0.7606523000000001
13 6.6117100000000004e-06 0.72049814 0.63543564 0.76899546 0.7623008000000001
2 6.5847630000000005e-06 0.735588 0.5733651 0.90680367 0.74764764
10 6.452906e-06 0.6195252 0.6003575 0.7637267 0.7198785
3 6.400649e-06 0.6133651999999999 0.5032699 0.83600616 0.92318094
4 6.3693624e-06 0.6334731 0.61658555 0.7705993 0.7770204
9 6.3581597e-06 0.60413724 0.6280465999999999 0.713916 0.82920086
10 6.313721e-06 0.616823 0.62990564 0.75568026 0.75709903
9 6.2428044e-06 0.73950034 0.6795324 0.8495087 0.836176
1 6.233454799999999e-06 0.516496 0.628761 0.7134941 0.7424468000000001
10 6.2248027e-06 0.5330358000000001 0.496648 0.5821349 0.56132454
3 6.159543e-06 0.2699275 0.23982188 0.6089281 0.9815716999999998
13 6.128155e-06 0.7269031 0.66913724 0.84280527 0.7309043000000001
11 5.911444e-06 0.80160487 0.59498405 0.89620316 0.7404786
8 5.647125999999999e-06 0.5679788 0.55613315 0.6964666 0.73101354
8 5.613441e-06 0.6945344 0.6691802 0.7491915 0.7437037
5 5.589715e-06 0.5015297000000001 0.5231455 0.5718492 0.5604406
13 5.571613e-06 0.21022236 0.021317141 0.59498036 0.96405166
9 5.563762400000001e-06 0.7082351 0.5075739 0.8512413000000001 1.0
5 5.5235473e-06 0.028379038 0.32985267 0.28160447 1.0
12 5.3282370000000005e-06 0.51708245 0.49868754 0.58428836 0.548033
13 5.0654266e-06 0.7038455 0.6859441 0.7791079000000001 0.7737134
8 5.0517338e-06 0.67800844 0.6770878 0.7247149 0.7795854999999999
5 5.0064385999999995e-06 0.6727365 0.6649235 0.82202923 1.0
10 4.9630867000000004e-06 0.6510092 0.5846712 0.79348624 0.7141592
5 4.8198117000000005e-06 0.5408958 0.6431661999999999 0.7832786 0.7433729
13 4.7731182e-06 0.68714505 0.6919708999999999 0.76333696 0.7769343000000001
3 4.6794053e-06 0.046328157 0.397564 0.32954314 0.9986924
2 4.675101000000001e-06 0.6401501 0.5769693 0.76865953 0.76062137
2 4.6615237e-06 0.65688986 0.62042916 0.85477406 0.74286026
9 4.5330794000000005e-06 0.57854617 0.589407 0.76579714 0.92734015
12 4.4688822999999994e-06 0.12080197 0.0 0.5244175 0.76906747
11 4.467185e-06 0.53755176 0.5092302 0.57020044 0.5628521
13 4.4303210000000005e-06 0.0 0.28137009999999996 0.29754749999999996 0.9558568000000001
5 4.3590585e-06 0.5205202 0.6619878 0.76987875 0.77455026
13 4.2892343e-06 0.3437755 0.43893649999999995 0.90445054 0.96089077
6 4.268901e-06 0.62854606 0.6196239 0.8820527 0.7450311
9 4.2068173e-06 0.67601407 0.6228562 0.78873456 0.82292455
3 4.102015e-06 0.6215738000000001 0.542834 0.80393624 0.71991044
8 4.084404e-06 0.7763165 0.6733643 0.84808874 0.7563814
13 4.0432415e-06 0.74068767 0.661246 0.8303742000000001 0.74970317
13 3.9930646e-06 0.54228795 0.6526352 0.78594196 0.76797533
13 3.92362e-06 0.7026954000000001 0.6436641 0.75622755 0.7625702
8 3.915287e-06 0.19897509 0.35549217 0.49680883 0.9484565
8 3.8180169999999995e-06 0.12393254 0.09048071 0.39575 0.6273622
8 3.7812324e-06 0.7018568000000001 0.633141 0.7539714 0.73680156
13 3.7765567000000005e-06 0.68376833 0.70097625 0.79211193 0.7562825
1 3.6378053e-06 0.52706444 0.5906539000000001 0.6796316 0.7291859
11 3.5872283e-06 0.7054728 0.53267485 0.77795124 0.82347286
5 3.5507142000000004e-06 0.5247885 0.6555584 0.84489894 1.0
13 3.5431453e-06 0.6879286 0.68082374 0.7394542 0.78206927
13 3.4162072e-06 0.72627234 0.6974611 0.8535358000000001 0.755985
3 3.4095912999999997e-06 0.7072092 0.654668 0.7724725 0.7421388000000001
10 3.2521582e-06 0.6213835999999999 0.48603344 0.81639403 0.8914556
10 3.2504188e-06 0.18743876 0.0 0.47271606 1.0
13 3.2264916e-06 0.0 0.0 0.3544343 0.6362168
8 3.1642660000000003e-06 0.03671574 0.060737599999999996 0.20053932 0.69373506
13 3.112723e-06 0.7011071999999999 0.6502517 0.7802504 0.74583584
12 3.0975455e-06 0.70889366 0.42079923 0.8998436 0.8858241
