3 0.9997135 0.010716245 0.4461969 0.2930218 0.70332485
3 0.9108622 0.84725815 0.4624399 0.9964523999999999 0.6491226999999999
8 0.17696306 0.82940334 0.46990782 0.99950737 0.6267943
8 0.09996492 0.29621238 0.44900039999999997 0.37361312 0.5113462999999999
3 0.027738927000000003 0.5120245 0.5006807 0.57090425 0.5600023000000001
3 0.022200532000000002 0.30528122 0.44817520000000005 0.3773895 0.51857686
8 0.014347816999999999 0.71337306 0.48006192 0.79591095 0.53101796
8 0.008882265 0.027362734 0.41615152 0.30545637 0.7393757
3 0.0083866175 0.8480037 0.46543264 0.9421883 0.58190453
3 0.008118958 0.72361803 0.48199564 0.7925929 0.5289501999999999
8 0.0059209373 0.3049321 0.46284676 0.36824158 0.5176979
8 0.005319303 0.50522536 0.4971465 0.57046324 0.5558801999999999
13 0.004442478 0.7973013000000001 0.50945 0.99007964 0.62419677
5 0.004394783 0.7317718000000001 0.5041044 0.9815780999999999 0.6375738000000001
1 0.0031862583 0.7707944999999999 0.52161455 0.9407735999999999 0.6332177
9 0.002858479 0.82637197 0.47987482 0.9820457 0.61756563
8 0.0027968425 0.74219644 0.39913332 0.9332674999999999 0.50954545
11 0.0023491487 0.8158868 0.4740417 0.9434261999999999 0.6548035
6 0.00233743 0.83320606 0.519367 1.0 0.67527926
6 0.0022030768 0.79649806 0.5024337000000001 0.99596345 0.64596426
8 0.0021628803 0.7420018 0.39159817 0.9898478999999999 0.66700596
3 0.0021525223 0.85667455 0.46854848 0.9449122 0.53367066
8 0.0021082407 0.5307632 0.43312514 0.8816059000000002 0.8855694
9 0.0020030322 0.867411 0.5090665 1.0 0.6503569
13 0.0019200546 0.044202402 0.45061877 0.42941302 0.7882281
7 0.0019189228 0.75791913 0.47748670000000004 0.9628319 0.6637006999999999
4 0.0018752960999999999 0.8590243000000001 0.48840898 1.0 0.67811084
8 0.001686043 0.845476 0.41355658 0.9533418 0.62271214
5 0.0016543514000000002 0.7694439000000001 0.52857935 1.0 0.667502
13 0.0016485920000000002 0.8533774 0.5021165 1.0 0.6380452
2 0.0016414017999999999 0.7992803 0.47115785 0.99745405 0.5976033000000001
8 0.0016290859 0.67069495 0.3756323 0.94705987 0.65223414
9 0.0015789963000000001 0.85969436 0.46343770000000006 1.0 0.5890127
9 0.0015531732999999998 0.8887620999999999 0.48767406 1.0 0.6149256
7 0.0015155606 0.79518485 0.51231945 0.99552464 0.68992984
8 0.0013349978 0.8269011000000001 0.43658277 0.9144981 0.48269883
8 0.0012273085 0.6330744 0.3448016 0.9142251 0.60523087
11 0.001141848 0.87451446 0.50086635 0.985144 0.6982414
12 0.0010817008 0.80765885 0.48428845 0.9980779000000001 0.6043784000000001
12 0.0009616736 0.8253905999999999 0.4199965 1.0 0.55738205
3 0.0009159652 0.84656256 0.42465773 0.9304635 0.4830237
13 0.00090497383 0.83887494 0.46239164 0.9695239 0.6503279000000001
13 0.00089191925 0.8382956 0.4145468 0.9493538 0.4787984
7 0.0008914639 0.85435027 0.47108003 0.99537665 0.6618815
1 0.00087737513 0.8690869000000001 0.5185082000000001 0.9949207 0.6405957
4 0.00084152614 0.8187074000000001 0.47978726 0.97774404 0.6471515
13 0.0008408088999999999 0.28888613 0.45127034 0.36975265 0.50649875
3 0.00082882337 0.035421126000000004 0.44082034 0.26136129999999996 0.5803948
13 0.0008094990600000001 0.7196233 0.48167129999999997 0.7926818 0.5329883000000001
13 0.0008079177400000001 0.021881357 0.48642313 0.21304412 0.79148996
7 0.0007962250999999999 0.83970517 0.43434006 1.0 0.60893637
2 0.00077709707 0.8768115 0.47291413 0.9981686 0.6167784000000001
1 0.0007719524400000001 0.8362854 0.54230064 0.97729975 0.6476474
8 0.0007646923 0.7070005 0.43169522 0.9549314 0.93000364
8 0.0007600321 0.7890321 0.82213503 0.9612533000000001 0.96846414
5 0.0006997594 0.8281013 0.50759435 1.0 0.6542365
4 0.000683613 0.8854209999999999 0.4661106 1.0 0.6405837
2 0.00064369605 0.8315065999999999 0.43922165 1.0 0.56836236
12 0.0006393068499999999 0.8789614 0.50213677 1.0 0.613155
2 0.0006388539 0.8381421 0.5075611 1.0 0.6232226
11 0.0006182821 0.89884603 0.477025 0.9848459999999999 0.64963543
4 0.0006114618 0.8835598 0.43782637 1.0 0.580121
13 0.00059789943 0.8090406 0.44941986 0.9840549999999999 0.6118845
8 0.00058232906 0.47129342 0.22973354 0.7888904999999999 0.8577706
1 0.0005750937000000001 0.81302816 0.46412674 0.96252924 0.57575727
11 0.0005711508 0.8498539 0.39056194 0.93754363 0.68654144
10 0.00054795825 0.8363719000000001 0.49899873 1.0 0.6711079000000001
8 0.0005183898 0.5827755 0.16103710000000002 0.87298703 0.6991427
10 0.0005173150599999999 0.8801774 0.45726117 1.0 0.6205982
3 0.0004852064 0.7945061 0.7863313 1.0 1.0
2 0.00047849424000000006 0.87390983 0.41701993 1.0 0.5397930999999999
10 0.0004745001 0.8050904999999999 0.47082627 0.9821556 0.63712245
8 0.00045153989999999997 0.59560996 0.49897483 0.90556806 0.94861627
5 0.0004171863 0.78208065 0.50708276 0.93971336 0.6829409000000001
8 0.00041500022000000005 0.32067558 0.45264333 0.38243946 0.50718385
12 0.00041027745 0.84780693 0.46289963 1.0 0.58811384
9 0.00040488457000000005 0.8635451999999999 0.48496276 0.96482635 0.659015
1 0.0004025729 0.7715692 0.4504236 0.94101876 0.5628677
11 0.00039754462 0.85068333 0.48270118 0.96661377 0.6670839
1 0.00038504731 0.83889157 0.50201845 0.9777896 0.6161975000000001
12 0.00035924718 0.8333792999999999 0.42456007 0.9690525999999999 0.6115381
5 0.00034197343999999995 0.81287175 0.5120031 0.9809856 0.69521093
10 0.00034162457 0.83049667 0.42554623 0.9844296999999999 0.5658068
1 0.00033753554 0.0 0.56310356 0.15262862 0.73293656
8 0.00033502870000000004 0.8058038000000001 0.43009436 0.96229815 0.5711187
1 0.00033179412000000006 0.043359577999999996 0.49063903 0.3705468 0.71355957
11 0.00033053182 0.87983555 0.4700973 0.96324235 0.5937977
6 0.00033014148000000003 0.8371021999999999 0.4455553 1.0 0.59308755
3 0.00031132017999999995 0.8504487 0.4320425 0.9622059999999999 0.62980443
5 0.00030734590000000003 0.7929913000000001 0.4931397 1.0 0.61105037
5 0.00030422994 0.77862597 0.48547655 1.0 0.57350075
8 0.0002999708 0.0 0.18429494 0.28566194 0.8076681
8 0.00028731732 0.8356582 0.78185225 0.9634527 0.963742
9 0.0002841974 0.8754568000000001 0.45956597 0.98759544 0.64042807
10 0.0002763479 0.31262946 0.44727734 0.3727917 0.49874532
8 0.00027577401 0.36511794 0.21089503 0.6777251999999999 0.8632340000000001
13 0.0002744696 0.7431645 0.34275988 0.9617956 0.47603557
9 0.00027348337 0.31368604 0.45935875 0.37849542 0.50620264
13 0.00027044602999999997 0.040670216 0.5109428 0.24048942 0.6601445
1 0.00026296015 0.82506514 0.5321336999999999 0.9481019 0.6779574
11 0.00025814 0.85955405 0.41755095 0.9557667 0.73200196
3 0.00023570127 0.5210686 0.2635918 0.82469547 0.966253
7 0.00022902912999999997 0.80447763 0.40810263 0.9595087 0.70170134
8 0.00022410102000000002 0.3928737 0.4473420999999999 0.71087795 0.88659585
1 0.00022070192999999998 0.7419087 0.49095637 0.9170868000000001 0.5922121
13 0.00021119161 0.5013717000000001 0.5066996 0.5723786999999999 0.56132215
12 0.00020973492000000003 0.03847915 0.35328248 0.47218627 0.6787518
2 0.00020674894 0.30890033 0.43920058 0.38181922 0.4964134
12 0.00020198186 0.32283979999999995 0.4542446 0.39486438 0.49818185
3 0.00020038288000000001 0.89798886 0.47304463 0.9948389999999999 0.52586293
8 0.00019834290000000001 0.8397534 0.45285770000000003 0.91314363 0.5089471
11 0.00019577453 0.3185962 0.45331520000000003 0.35874978 0.51442397
8 0.00019547521 0.51023847 0.14771728 0.83556026 0.5912314000000001
3 0.00019504692999999999 0.30473706 0.46369275 0.38508192 0.53276455
5 0.00019130752 0.0 0.460502 0.18250197 0.7726714
3 0.00019009293000000002 0.03493333 0.26823038 0.29512045 0.74078804
1 0.00018954561 0.0 0.47895736 0.1513691 0.66244864
6 0.00017850107 0.29845953 0.45879722 0.39242804 0.50259084
7 0.00017490333 0.0 0.34185213 0.42877895 0.8068233
13 0.00017285513999999998 0.052474424000000006 0.47821584 0.33641845 0.8474295000000001
10 0.00017042674999999998 0.33147395 0.44086075 0.38729440000000004 0.49844350000000004
8 0.00017015453999999998 0.0 0.32562622 0.23127037 0.80513614
8 0.00016712793 0.744887 0.2325109 0.95226455 0.8583195
9 0.00016688931000000002 0.8297916999999999 0.4804268 0.92570835 0.689554
3 0.00016680956 0.5110595 0.47812390000000005 0.5849501 0.5512138000000001
9 0.00016552157 0.82588214 0.40568757 0.98279136 0.6785300999999999
2 0.00016380606000000001 0.8470058000000001 0.3940784 0.9703265 0.58247554
1 0.00016073394 0.29437909999999995 0.45723959999999997 0.36416695 0.500372
2 0.00015674238999999998 0.85533535 0.44231215 0.9742719000000001 0.640066
8 0.00015314347 0.0 0.35440720000000003 0.48090547 0.83156896
3 0.00015155581 0.32295293 0.45179087 0.39326972 0.5150984000000001
3 0.00015118378 0.41617040000000005 0.23347034 0.7180655 0.9938896999999999
11 0.00014771779 0.8513263000000001 0.45185897 0.9429367000000001 0.5901689999999999
3 0.00014675192 0.5602163 0.45102158 0.8682208 0.95885617
3 0.00014612120000000002 0.010983072 0.43449974 0.20545599 0.55893576
3 0.0001426466 0.85453135 0.44784817 0.9361678 0.50779086
10 0.00014134494 0.8444965 0.41677538 0.96643627 0.6408998
9 0.00013938056999999998 0.33542755 0.45944864 0.39754876 0.5045609000000001
9 0.00013560658000000002 0.15043639 0.43150526 0.47877234 0.6929259
5 0.00013498196000000001 0.03794965 0.47576085 0.5064907999999999 0.792617
11 0.00013101994 0.88257104 0.4086269 0.96992785 0.6898956
4 0.00012680086 0.335704 0.44419506 0.38748917 0.5051072
4 0.0001266519 0.17582971 0.38840902 0.5146632000000001 0.74261165
13 0.00012339008 0.800744 0.48102638 0.9876248 0.7219946999999999
5 0.00012026895 0.2767106 0.47004324 0.3774862 0.503423
13 0.000119977194 0.8465575000000001 0.48389740000000003 0.9186046 0.5854117
1 0.00011988192 0.06506798 0.55305034 0.3696063 0.78755796
4 0.00011941531999999999 0.31439105 0.44857829999999993 0.37312886 0.5074549
8 0.000114891205 0.8576437 0.47892195 0.9077871999999999 0.5815589
12 0.00011308187 0.051172077999999996 0.35371166 0.22236538 0.6982954
11 0.00010930948 0.037844174 0.33904457 0.15638152 0.82044035
6 0.00010901118 0.0 0.4248696 0.54079854 0.7435350000000001
12 0.00010711236000000001 0.1179692 0.47112063 0.28036922 0.64616734
13 0.00010649553999999999 0.06827083 0.52960676 0.29287764 0.6675854
8 0.00010632883999999998 0.7610584 0.13207982 0.9389431999999999 0.57483274
5 0.00010591733 0.7557913 0.52829504 0.97933865 0.734214
12 0.000104198574 0.8466879999999999 0.47235316 0.97671515 0.63813233
1 0.00010155694 0.31113 0.45903859999999996 0.37698817 0.5033549
8 0.0001011598 0.65713555 0.19247985 0.9029072 0.88391817
10 0.00010089858 0.74662286 0.47055343 0.7982307 0.52921766
8 9.935399400000001e-05 0.24206842 0.23618715 0.5572195 0.88750064
6 9.686905e-05 0.0 0.5227919 0.50595194 0.80828846
3 9.622663500000001e-05 0.82825553 0.43490708 0.97936726 0.56552166
8 9.600731599999999e-05 0.5083494000000001 0.5659755 0.86447906 0.91893095
6 9.502716399999999e-05 0.0 0.52977294 0.24017215 0.7477688
1 8.93433e-05 0.75519335 0.38540658 0.9481096 0.56886345
13 8.63632e-05 0.5029646 0.24189277 0.87114584 0.9782808000000001
8 8.494979600000001e-05 0.061218478 0.4998991 0.22585037 0.6763975999999999
8 8.406118e-05 0.30898109999999995 0.45773038 0.60870755 0.90508217
3 8.351789e-05 0.8536363000000001 0.4535228 0.912409 0.5597281999999999
7 8.306487e-05 0.022413671 0.3321917 0.32189798 0.90805924
7 8.237846e-05 0.30137977 0.44675127 0.37100634 0.5104022
8 8.044512e-05 0.5022078 0.48210877 0.565499 0.5414145
12 8.0073485e-05 0.084908575 0.34238088 0.37731695 0.7314861
8 7.9215024e-05 0.021195665 0.38550386 0.22144869 0.6834762
1 7.892637e-05 0.02791088 0.51257277 0.268179 0.7616354000000001
5 7.7096454e-05 0.08911671 0.51906544 0.38497514 0.9037384
11 7.694738e-05 0.84822273 0.28987712 0.9985764000000001 0.78528124
11 7.609958e-05 0.75161546 0.47488174 0.78867275 0.538485
11 7.600404e-05 0.8152381 0.44397600000000004 0.9133177 0.6186744000000001
2 7.465416e-05 0.7342227 0.4741701 0.79982775 0.52890146
8 7.3749405e-05 0.070887834 0.21889551 0.418905 0.8769799
2 7.0341375e-05 0.8738828000000002 0.3993191 0.9886341999999999 0.6108081
6 6.9493195e-05 0.07002723 0.49707022 0.27180842 0.63687426
1 6.917921e-05 0.76058185 0.43491393 0.94675386 0.6469948
8 6.8652174e-05 0.8440466 0.49602133 0.9184419 0.5788191999999999
6 6.748055000000001e-05 0.75894284 0.47135118 0.98887897 0.61300826
13 6.715716999999999e-05 0.3795268 0.0 0.7236683 1.0
12 6.709047e-05 0.8020064 0.45916882 0.97577304 0.5825226
1 6.258389e-05 0.030347697000000003 0.5161157999999999 0.19087178 0.6469623000000001
10 6.214622e-05 0.8667613000000001 0.43878204 0.9794103000000001 0.6745945
2 6.047969e-05 0.8270001 0.38619667 1.0 0.6691805000000001
6 6.0034430000000005e-05 0.09517831 0.5138066 0.31080019999999997 0.67669547
2 6.0031012e-05 0.08053191 0.32722777 0.44001222 0.6478577
7 5.9716178e-05 0.48682109999999995 0.50496566 0.5594318 0.56705314
13 5.9501624e-05 0.29520363 0.48065707 0.36554754 0.5225332
5 5.8102418e-05 0.71215266 0.49771407 0.7952098000000001 0.5355156
8 5.8039593999999996e-05 0.8475209999999999 0.47897995 0.9202103000000001 0.5410366
9 5.7460016e-05 0.73996836 0.4884843 0.7977827 0.53234404
2 5.6125515e-05 0.12398645 0.34056097 0.37072784 0.7402741999999999
9 5.5990575e-05 0.12582257 0.48729759999999994 0.44650105 0.734096
4 5.5481472000000004e-05 0.18767184 0.38528183 0.38343376 0.7967393
1 5.541745e-05 0.72125703 0.48293608 0.78943676 0.52476627
7 5.436223000000001e-05 0.73553985 0.4017834 1.0 0.8079156
11 5.2001270000000004e-05 0.34134057 0.44920412 0.37764380000000003 0.5084522
8 5.123305999999999e-05 0.77719295 0.31611300000000003 0.9592794 0.7177460999999999
1 5.0575505000000004e-05 0.085528135 0.51106286 0.24462274 0.646407
3 5.0079678e-05 0.78337735 0.37437946 0.9495201999999999 0.48806694
3 4.9842467e-05 0.86225384 0.47521132 0.97490996 0.5888029
11 4.8461890000000004e-05 0.18693131 0.33560574 0.4017294 0.7297352
7 4.8418777e-05 0.7214741 0.47824459999999996 0.7868130999999999 0.53702956
3 4.8416590000000006e-05 0.8080166999999999 0.9538689 0.91906446 1.0
8 4.7054940000000005e-05 0.29129428 0.16324611 0.6010869000000001 0.7409986
12 4.5489483e-05 0.7313568 0.47886777 0.8004951 0.52553904
12 4.528035e-05 0.76353526 0.34118536 1.0 0.58246404
6 4.3822805e-05 0.7153111 0.48710119999999996 0.8176889 0.5284668
10 4.370826e-05 0.03640102 0.4357693 0.20521204 0.69148964
10 4.213804e-05 0.1737015 0.29532048 0.4669861 0.7517348
13 4.1435338000000004e-05 0.8400226999999999 0.4789889 0.9164964 0.5430429
13 4.1274215999999996e-05 0.77273285 0.80457604 1.0 0.9666243
9 4.1233598e-05 0.08533406 0.41421515 0.40220684 0.6826515999999999
8 4.1191543000000005e-05 0.19552866 0.40546793 0.50265086 0.88502127
13 4.1061863000000006e-05 0.016764626 0.38939008 0.28392333 1.0
7 4.0963194000000005e-05 0.0 0.37303388 0.18589765 0.7741271
12 4.0610095e-05 0.14142898 0.50941765 0.29577620000000004 0.6680786
13 4.0588737e-05 0.016071804 0.4814535 0.20410118 0.63387173
8 4.029387e-05 0.69231987 0.15754983 0.91439426 0.6874574999999999
12 3.971364e-05 0.13614678 0.4307718 0.31229478 0.5986878000000001
3 3.82723e-05 0.03999862 0.4226969 0.36975604 0.849966
1 3.8035464999999996e-05 0.8396996999999999 0.3889698 0.9309122 0.61066484
9 3.7344346999999996e-05 0.12697381 0.45559806 0.32110152 0.7640564999999999
8 3.595207e-05 0.8958558000000001 0.47682706 0.97087216 0.5311003000000001
5 3.5805009999999994e-05 0.0 0.49696842 0.27792838 0.86056477
13 3.5497420000000005e-05 0.8302761000000001 0.43981309999999996 0.9292014000000001 0.5067778000000001
5 3.547003e-05 0.8451165 0.50451183 0.94282913 0.7570054
11 3.4691783999999995e-05 0.8382069999999999 0.34880918 0.92473197 0.6452180999999999
8 3.4635388e-05 0.03242001 0.47152552 0.18772882 0.65891975
13 3.4608714e-05 0.7976044 0.40074626 0.9473378 0.48281312
4 3.449394e-05 0.098332494 0.45395654 0.26660007 0.6097123000000001
3 3.4085537e-05 0.63747716 0.2361091 0.93461454 0.7186554
1 3.3981843e-05 0.0 0.47916082 0.2851097 0.68852526
7 3.3613527e-05 0.0 0.44753677 0.19569653 0.8655673
6 3.3194072e-05 0.8514594999999999 0.4341022 1.0 0.68103296
1 3.265715e-05 0.0 0.53805816 0.21562698 0.79391783
10 3.2471806e-05 0.20837814 0.27855802 0.38745284 0.797932
11 3.239988e-05 0.11755106 0.29538342 0.2817604 0.8296203999999999
1 3.1620228e-05 0.10883683 0.48062559999999993 0.25759205 0.6083449000000001
12 3.1584314e-05 0.0 0.31692170000000003 0.35900515 0.6382502
3 3.1112504e-05 0.29595068 0.32953435 0.6115116 0.9781405999999999
4 3.104262e-05 0.7418928000000001 0.4736776 0.7881268 0.52628225
9 3.093436e-05 0.8228713 0.42542246 0.9253484000000001 0.64858687
9 3.0679337e-05 0.86960316 0.42437404 0.9395962 0.741962
6 3.0624327e-05 0.0 0.4394717000000001 0.26028258 0.68582255
10 3.0207186000000003e-05 0.03603383 0.4927295 0.22754923 0.7466929
10 3.0095962e-05 0.79771495 0.4486771 0.95893896 0.5970255999999999
4 2.9400955e-05 0.14694118 0.45512265 0.28342965 0.6381180999999999
1 2.8849798e-05 0.4883696 0.5187636 0.5497443000000001 0.5580555
8 2.8272114e-05 0.35019404 0.13673797 0.6619895 0.67070293
13 2.746337e-05 0.004312262 0.40884393 0.19245103 0.7327576
13 2.7391659999999998e-05 0.31630820000000004 0.45325267 0.39016682 0.50754565
10 2.7109841999999997e-05 0.87077045 0.40565282 0.9247718 0.4742129
10 2.6818109999999997e-05 0.89745873 0.3538683 0.956117 0.6893417
10 2.664058e-05 0.8563662000000001 0.25397208 1.0 0.6643895000000001
10 2.6447802e-05 0.52088016 0.49686 0.5803625 0.56752443
8 2.6391735e-05 0.22195117 0.12909706 0.5265132 0.6761251
10 2.6136030999999997e-05 0.88446885 0.39936325 0.9357498 0.47656038
3 2.610921e-05 0.054010347 0.27973238 0.42383927 0.7166741999999999
1 2.5763387e-05 0.8571681000000001 0.4947653 0.9148296 0.59079355
5 2.5530302e-05 0.5204380999999999 0.39860427 0.82170844 1.0
11 2.5019785000000003e-05 0.5107785 0.5037259 0.5502073000000001 0.5711251
13 2.4817786e-05 0.8361274 0.49640185 0.9323906999999999 0.57266194
13 2.4191297e-05 0.6116759 0.046799187 0.9602552 0.75282145
9 2.3447192e-05 0.08315696 0.45929947 0.2565509 0.7802786999999999
3 2.2895816e-05 0.8695733 0.45734712 0.9483549000000001 0.61238056
8 2.2552116e-05 0.16725674 0.18494052 0.47374675 0.8490244
7 2.1911808e-05 0.08943480000000001 0.5207742 0.25925149999999997 0.6813066999999999
5 2.181472e-05 0.41179395 0.37794954 0.7049546 1.0
12 2.1782607e-05 0.5047548 0.0 0.9341912 0.8081600999999999
11 2.1707328e-05 0.52500534 0.5044156 0.5685878000000001 0.57248604
8 2.157917e-05 0.53669274 0.70141983 0.89910185 0.97736245
12 2.1347483000000002e-05 0.51064324 0.49548852 0.58997667 0.5495901999999999
13 2.0827138e-05 0.82155496 0.7451873 1.0 0.96415555
2 2.0481639999999997e-05 0.49960515 0.5034104 0.5698413 0.54881203
5 2.0278543e-05 0.0 0.45838714 0.4291612 0.7387246000000001
5 2.0272406000000002e-05 0.0 0.6251114000000001 0.22484823 1.0
12 2.0046147e-05 0.87184995 0.48396873 0.93183047 0.5786119000000001
11 1.9888104e-05 0.053845145 0.33567329999999995 0.22016436 0.85635436
1 1.9743875e-05 0.109059654 0.5416878 0.27032918 0.6622066999999999
10 1.95314e-05 0.50686604 0.50281405 0.56573504 0.56849086
12 1.951394e-05 0.8683771999999998 0.38127790000000006 0.9484246999999999 0.64690703
3 1.934072e-05 0.84505 0.47317612 0.91524935 0.5281249
8 1.9260991e-05 0.032683283 0.15279310000000002 0.23937625 0.67990977
1 1.8434668e-05 0.50148207 0.5171247999999999 0.5665129 0.56148285
6 1.8266384e-05 0.48873013 0.51344156 0.608241 0.5603961999999999
6 1.8254312e-05 0.021244407000000003 0.46141368 0.36105418 0.8502658000000001
3 1.8060671e-05 0.5081488000000001 0.21781626 0.8383063000000001 0.70692253
10 1.758194e-05 0.11837528 0.33034563 0.34062657 0.78901434
11 1.7251714e-05 0.8828981 0.24512656 0.95057726 0.7607732
1 1.7222636e-05 0.33974597 0.19716606 0.79552436 0.8200405999999999
1 1.720085e-05 0.8440719000000001 0.4906794 0.8868801 0.58682823
