3 0.9499662 0.13269417 0.15593517 0.3567602 0.30675337
8 0.9255851 0.1437761 0.3804135 0.22026959999999998 0.41796014
3 0.9223826999999999 0.16472846 0.29126087 0.24937510000000002 0.33783606
3 0.84413964 0.17031565 0.35331097 0.21180038 0.38017717
3 0.81788653 0.045856025 0.00044988468 0.47922644 0.122150436
3 0.42437327 0.19262083 0.13444057 0.24171832 0.16026253
3 0.42002144 0.16915327 0.31018502 0.24663526 0.34245425
7 0.41544786 0.61968887 0.03205976 0.9154752 0.93247986
3 0.36078647 0.17560339 0.32959715 0.2314996 0.3541384
27 0.31066066 0.057189863 0.007408943 0.45586163 0.12559628
