3 0.9939966 0.59399444 0.6424986 0.90453786 0.9665601
3 0.94992745 0.5594815 0.51887983 0.63424915 0.5717954000000001
3 0.94396156 0.59345144 0.83444124 0.7147603 0.99228793
3 0.9363551 0.56603175 0.44108897 0.6155729 0.4931308
10 0.8521335999999999 0.22813694 0.44412342 0.30377164 0.46977250000000004
3 0.77909815 0.57012564 0.7076826 0.62003016 0.8070984999999999
3 0.6595726 0.56475306 0.26535112 0.5971819 0.29200208
3 0.5138279 0.58788043 0.8468001000000001 0.6502485 0.9824048000000001
3 0.50360864 0.56131077 0.24681365 0.9236091000000001 0.97384393
10 0.48794153 0.21848541 0.42718370000000006 0.29609194 0.45387304
10 0.398527 0.48025015 0.05066223 0.5313420999999999 0.066921204
10 0.36655486 0.22403198 0.43239355 0.29449543 0.4623139
3 0.31417155 0.56190795 0.5027034 0.6105345 0.5320785
