3 0.9833381999999999 0.4387735 0.18840510000000002 0.5212819000000001 0.28545570000000003
3 0.95618075 0.4300590999999999 0.58498275 0.48693392 0.6394166
3 0.9518665000000001 0.44618878 0.32644412 0.49000427 0.37155554
3 0.95077413 0.41748798 0.44919884 0.45903587 0.48575336
3 0.84743726 0.4236311 0.51655316 0.47081763 0.5517324
3 0.81136864 0.44718987 0.38060170000000004 0.47835615 0.40999717
72 0.76029384 0.0010736253999999998 0.7763064000000001 0.28976303 0.9914943000000002
3 0.5065626 0.44835806 0.3719774 0.47860914 0.39970142
3 0.47368386 0.5009992999999999 0.0 0.5830092 0.10085875
3 0.36791503 0.41248548 0.4810412 0.44739613 0.5036401
10 0.3545394 0.39391020000000004 0.32137984 0.41149527 0.3343348
