1 0.9958318000000002 0.36441946 0.8886050999999999 0.5548498000000001 0.93191314
3 0.96981806 0.42893392 0.054465614 0.6405552 0.26393459999999996
3 0.9682257 0.4259428 0.22092988 0.52035826 0.29013303
3 0.95910054 0.37486708 0.7445041 0.4880314 0.8755434999999999
3 0.7943916 0.43417045 0.32193705 0.47814575 0.35614607
3 0.79352754 0.42555109999999996 0.3793143 0.48633045 0.4226827
8 0.67881966 0.38703737 0.32438183 0.44926086 0.36658102
1 0.5853316 0.40740415 0.30176592 0.47483173 0.31233376
1 0.55335444 0.4068242 0.30885178 0.47405434 0.32168287
1 0.3424271 0.42020947 0.2875475 0.4753133 0.30115226
