3 0.9721591999999999 0.43652534 0.84963757 0.5137863 0.95600265
3 0.9589591999999999 0.41819802 0.14455134 0.4885487 0.24394882
3 0.95872873 0.43854278 0.40058658 0.8026514 0.9059060999999999
1 0.9129290999999999 0.40789580000000003 0.17508385 0.5428930999999999 0.20538005
1 0.89250964 0.4356498 0.23370185 0.54081625 0.2555447
3 0.8900271999999999 0.43992788 0.22023885 0.50195324 0.29108614
3 0.8643013 0.42364070000000004 2.6613474e-05 0.4881713 0.11211934
3 0.7803684000000001 0.42747173 0.48398754 0.5019842999999999 0.55414474
1 0.642552 0.4098081 0.16701289 0.5434587 0.19715418
3 0.51557666 0.4092401 0.667814 0.47799227 0.7838055
3 0.41972020000000004 0.43406984 0.14497668 0.4857235 0.17714813
10 0.41342252 0.17825045 0.5828810999999999 0.23581277 0.597183
3 0.40320778 0.44624677 0.8004015999999999 0.5057261 0.8358305
10 0.40196204 0.17699264 0.58731693 0.23653622 0.5998445
10 0.309725 0.3062864 0.4806451 0.337696 0.48697922
