3 0.99846834 0.6645823000000001 0.57334965 0.9350681999999999 0.74292797
3 0.98647225 0.20022377 0.64835525 0.31852362 0.71944106
3 0.9283695 0.047508687 0.65779805 0.12172009 0.7142083
3 0.7718041999999999 0.056400657 0.7824486999999999 0.6210772 1.0
3 0.6528098000000001 0.8654683000000001 0.59725416 0.9319771000000001 0.64966017
3 0.6185767 0.92874163 0.60866505 0.95857066 0.6691517
3 0.59609663 0.18063882 0.6688368 0.21471277 0.7127013000000001
8 0.39212176 0.11821983 0.6514288 0.16414675 0.7073065
3 0.33867025 0.117901295 0.65550727 0.16317031 0.7079354
3 0.32616496 0.009110481 0.70170236 0.7428669 1.0
