3 0.9972274999999999 0.37942729999999997 0.33927268 0.64302313 0.48144373
3 0.89726454 0.32782882 0.34222835 0.39165324 0.4388844
3 0.80801517 0.31154695 0.3411618 0.37580553 0.43170398
8 0.7614445 0.63025606 0.23326297 1.0 0.6762772
3 0.7014060999999999 0.052489784000000005 0.32725778 0.12020165 0.37724233
3 0.5616333 0.017164057 0.33381093 0.07184459 0.3834548
3 0.47105074 0.25930938 0.3555974 0.31555608 0.42129987
3 0.45865744 0.31565362 0.34470966 0.35442662 0.42936045
3 0.38549072 0.11166024 0.33965597 0.14030996 0.3709495
3 0.3322436 0.59555686 0.1850147 0.9922540000000001 0.6666861999999999
