3 0.9947714 0.8319816999999999 0.62175405 0.95881575 0.6999022
10 0.98704404 0.9211421000000001 0.12609965 0.94863415 0.22581466
10 0.9816159999999999 0.8752042 0.18643995 0.8959836999999999 0.28196007
10 0.9447479999999999 0.5307376 0.38768378 0.5470322 0.4445292
10 0.92369974 0.45482156 0.3846157 0.47333893 0.4348229
3 0.9215844000000001 0.09324098 0.62567425 0.15855852 0.69613534
10 0.8836584000000001 0.28219593 0.37005818 0.29827398 0.4257598
3 0.85586524 0.22665423 0.6270631999999999 0.27797437 0.6892678000000001
10 0.849992 0.34642163 0.37365848 0.36586294 0.42633727
3 0.75895137 0.34844324 0.6411774 0.38054016 0.67421204
3 0.6911713 0.27174836 0.62090605 0.31019914 0.6843968
3 0.6145648 0.30222505 0.62287873 0.3461687 0.6864802
10 0.5856724 0.6656288 0.4966122 0.68088245 0.5578738
3 0.32947087 0.04061558 0.6244666 0.086203985 0.6714392
