3 0.89892566 0.49396774 0.31026337 0.76327515 0.49678720000000004
8 0.6652446999999999 0.20566073 0.38566354 0.26764303 0.45232100000000003
8 0.49866623 0.4789731 0.29025635 0.85300726 0.5018608
3 0.47574744 0.43384814 0.36784145 0.5136616 0.45030913
8 0.43298679999999995 0.42388046 0.36945659999999997 0.5178698 0.43795636
3 0.1480529 0.21661183 0.39315513 0.25951964 0.44979966
3 0.0913814 0.501378 0.29508084 0.83898276 0.54825294
8 0.059124935 0.023511656000000002 0.90368545 0.17190325 0.9866790000000001
8 0.020579869 0.21179576 0.4064295 0.27016512 0.4608665
8 0.015473907 0.50588685 0.34430759999999994 0.71416897 0.48994657
8 0.010886093999999999 0.63659155 0.34019515 0.8272233 0.49934629999999997
8 0.009776453499999999 0.41330558 0.27883288 0.79926676 0.54397964
8 0.009592509 0.20227122 0.36947209999999997 0.25350305 0.43480313
3 0.007882881999999999 0.6692861999999999 0.33720386 0.8073326 0.50777143
3 0.007447399699999999 0.21538654 0.40780157 0.2695261 0.4647585
8 0.0060956115000000005 0.5220244 0.30409908 0.6801629 0.5161954000000001
13 0.0038094784000000004 0.20398676 0.40475592 0.25442824 0.44244784
3 0.0035455425 0.025606006 0.8978231 0.22373044 0.9921336
13 0.0035157509999999997 0.207986 0.39679608 0.27108988 0.44463587
8 0.0028776552000000003 0.008351423 0.8337587 0.17806959 0.9943639999999999
8 0.0025029657 0.41214186 0.32398456 0.54578495 0.45776007
9 0.0021394063 0.54344106 0.28113806 0.79961395 0.54080164
8 0.0017265447 0.46155068 0.20958118 0.8949169 0.8937136
2 0.0016142065 0.204128 0.3918237 0.27398708 0.44030005
3 0.0016047117999999998 0.22025128 0.39462745 0.28423434 0.45275470000000007
8 0.0015572687 0.36892134 0.21006158 0.8487449 0.7242185
13 0.0014601508 0.5403973000000001 0.30045775 0.8813033000000001 0.6211536999999999
5 0.0014330611999999999 0.30679688 0.39033782 0.73735464 0.6291394
13 0.0014200473000000001 0.021922529 0.88037384 0.22753537 0.9789108
3 0.0013396742000000002 0.21192813 0.37454626 0.26183677 0.42982948
3 0.0013332333 0.7178058 0.36003643 0.81004375 0.49770474
3 0.0013015728 0.4327545 0.33322915 0.5408791000000001 0.45083272
5 0.0012336356 0.3453799 0.34924954 0.7611651 0.5605066
11 0.0011798092 0.21592659 0.38980743 0.2538018 0.45461604
9 0.0011404008 0.49098885 0.30572113 0.74054754 0.5711782
13 0.0011244051 0.4701218 0.32779044 0.77661437 0.5796234
13 0.0010858852 0.47718677 0.33908078 0.6928741999999999 0.49992713
11 0.0010761592 0.4756455 0.166114 0.72839546 0.5958511
8 0.0010628258 0.7277675 0.39263442 0.78908366 0.48555902
8 0.0010333064 0.49057484 0.28801936 0.83853436 0.7777758
13 0.0010306048 0.42432263 0.38810477 0.51816094 0.44618404
8 0.0009749469500000001 0.5938254 0.35783723 0.77862436 0.5003819
13 0.0009193285 0.44467816 0.36797383 0.51331097 0.45632609999999996
1 0.0008494361 0.35026985 0.306157 0.70115024 0.52105224
1 0.0008257234599999999 0.3405605 0.37801975 0.6812603 0.5771715999999999
13 0.00081621204 0.51350826 0.30613855 0.6638326 0.5417903000000001
3 0.0007664928999999999 0.43095502 0.37851977 0.49367324 0.44525337
7 0.00073701044 0.3265681 0.24436016 0.7914356 0.63135725
5 0.0006901825 0.17730394 0.40917286 0.26422587 0.44682740000000004
5 0.0006849212 0.43602753 0.3729805 0.94024885 0.63364506
8 0.0006801522999999999 0.41339856 0.32326123 0.74670595 0.7909385999999999
2 0.0006652542500000001 0.5886977 0.2516073 0.93029344 0.5762739
13 0.0006236109 0.20783415 0.42449173 0.2684905 0.46439904
12 0.0006162131299999999 0.57425845 0.3153553 0.7556523 0.47178888
8 0.0006025466999999999 0.53709537 0.36174375 0.69139904 0.5071809
11 0.00059714576 0.23188454 0.3867284 0.27436715 0.45899498
1 0.00057242514 0.37275290000000005 0.27412468 0.7459743000000001 0.46360356
10 0.0005703663 0.4413537 0.38093390000000005 0.5295959 0.44978803
10 0.0005581255 0.4721768 0.33219668 0.5186156 0.43309087
2 0.0005443186400000001 0.42156196 0.2900716 0.86256456 0.54180986
11 0.00053037045 0.5118291 0.32953274 0.63257307 0.5070388
8 0.0005277133000000001 0.27891263 0.21661583 0.7319424 0.85520095
1 0.00052135356 0.19661227 0.40679917 0.25124052 0.44468868
1 0.0005210709 0.51571465 0.37742043 0.8886347 0.5879196999999999
11 0.0005096927 0.5329598000000001 0.17896979 0.81580126 0.652373
10 0.00049473846 0.21515337 0.38875570000000004 0.27464887 0.44511747
5 0.0004910558299999999 0.43440783 0.3566043 0.69491434 0.48863320000000005
8 0.0004797306 0.13544798 0.20116831 0.6776101999999999 0.721388
1 0.0004794278599999999 0.4816422 0.35936376 0.6492291 0.47419673
9 0.00047773498 0.2123971 0.40416062 0.2669278 0.44578362
8 0.00047762733 0.4148241 0.36982965 0.47437063 0.42434666
8 0.00046694482000000004 0.06789298 0.6767232 0.42537087 0.94794255
11 0.00045406547999999995 0.45348695 0.37805638 0.5122689 0.47291540000000004
13 0.0004538162 0.42226607 0.3771114 0.48741769999999995 0.46166775
9 0.0004517586 0.5844283 0.32119647 0.9206816999999999 0.57425815
12 0.00044687505999999993 0.46131435 0.36133152 0.5207621 0.4362839
9 0.00044444652 0.46606904 0.36469355 0.5179178 0.44248205
10 0.0004437264599999999 0.47556952 0.34547162 0.52379596 0.46714237
12 0.00043975582000000004 0.36958979999999997 0.19812158 0.8514632 0.46003416
7 0.00043656415 0.446988 0.23144542 0.92962575 0.6524302
12 0.00040203237 0.19812174 0.39671025 0.27773064 0.43878599999999995
1 0.0003984318 0.39377326 0.34559378 0.7488813 0.5457563
7 0.00038939641999999997 0.19117579999999998 0.3936199 0.2632348 0.45529250000000004
9 0.00038707777 0.21670882 0.4058844 0.28715559999999996 0.45044532
9 0.00037980690000000004 0.44362628 0.39380124 0.52777934 0.44932985
3 0.00037458807 0.7295857 0.36189535 0.8137843000000001 0.44228464
8 0.0003697703 0.42837068 0.3343368 0.5730703 0.5048935999999999
5 0.00036567370000000003 0.48987168 0.31850082 0.6701849 0.52021086
13 0.00036518247000000005 0.19507878 0.37069812 0.25306717 0.42481312
5 0.0003599075 0.40142778 0.40248659999999997 0.5311363 0.4546763
12 0.00035874327 0.55142653 0.29484603 0.6675978 0.5009008
11 0.0003558303 0.53657436 0.24219836 0.63696504 0.4971798
1 0.00035546056000000003 0.4464639 0.36910248 0.5099815 0.43771425
13 0.00035537832 0.51583827 0.27683535 0.75285447 0.6313456000000001
11 0.00034231515 0.47567168 0.33603123 0.5140789000000001 0.4482219
1 0.00033713697 0.45344213 0.38376170000000004 0.6335411 0.49284852
6 0.00033671007000000004 0.19691907 0.40366113 0.2741433 0.4428548
9 0.0003286404 0.5648089 0.33488032 0.7297431999999999 0.47173828
8 0.00032773773999999995 0.14713092 0.38116843 0.42834848 0.922826
8 0.0003268877 0.41465232 0.13406605 0.7274474 0.5603163000000001
7 0.00031970994 0.41695517 0.38042608 0.51908255 0.46831962
1 0.00031802748 0.5346441 0.35170683 0.7068962 0.48232523
11 0.00031720943 0.5475391 0.3225406 0.67475545 0.5080359
10 0.0003143396 0.2293402 0.38427624 0.29183286 0.44437432
2 0.00031297293 0.43193552 0.38206708 0.5202142 0.44001922
11 0.0003107338 0.6214599000000001 0.1871217 0.89942783 0.6216626000000001
1 0.00030989517000000005 0.28234380000000003 0.26761854 0.6619674 0.44434005
3 0.0002977036 0.4451445 0.31241176 0.60546106 0.4530827
4 0.00029065486000000003 0.6447135 0.30180368 0.953225 0.6133628000000001
6 0.00028897932 0.42855936 0.39124840000000005 0.5508448 0.45469823
6 0.00028354442000000005 0.46755555 0.36010894 0.7137701 0.48706493
3 0.00028292014 0.53725195 0.29067698 0.7575259 0.4379085999999999
1 0.00028211708 0.45031396 0.39580342 0.5086422 0.46680479999999996
12 0.00027972924999999997 0.46122122 0.24224268 0.9367689 0.51349694
7 0.00027712487 0.46288556 0.33563805 0.6605179 0.52322406
2 0.00027330598 0.45639703 0.3558099 0.5154412 0.46122628
8 0.00026226463 0.16944367 0.34511912 0.33773476 0.46433640000000004
8 0.00025951943999999997 0.06898287 0.31251988 0.34731796 0.91320187
4 0.00025899295 0.44092816 0.37451988 0.5258999 0.46896505
2 0.00025882090000000003 0.45441782 0.20798175 0.8506681 0.4788875
8 0.00025670681 0.48770207 0.3379707 0.62395674 0.5039596
12 0.00024783060000000003 0.61335886 0.33144546 0.7814846 0.46399880000000004
13 0.00024719134999999997 0.4220428 0.36513084 0.5018867 0.43685055
10 0.00024373482999999997 0.4462987 0.36025283 0.5109619000000001 0.41276538
11 0.00024151257999999997 0.43801009999999996 0.37677443 0.4968323 0.47159177
10 0.00023749229 0.4590299 0.34194857 0.50424355 0.429771
8 0.00023685221000000002 0.03431987 0.17224564 0.27251590000000003 0.91022015
3 0.00023664345000000002 0.029107123999999998 0.8511415999999999 0.2156156 0.98583007
1 0.00023314249 0.49548647 0.3887038 0.6652278 0.50136703
12 0.00022934351 0.59084177 0.35891488 0.75115967 0.48718154
10 0.00021707626 0.53242177 0.34259298 0.7026326 0.4799521
4 0.00021495429 0.49264759999999996 0.27388424 0.81583875 0.5561775
6 0.00021390522 0.471912 0.34513038 1.0 0.6185775
6 0.00021125749 0.5205667 0.3244694 0.7848208000000001 0.480829
12 0.00020997563999999999 0.45971313 0.38239652 0.5245592 0.45830384
9 0.00020914508999999998 0.468574 0.38648990000000005 0.52107334 0.46863332
1 0.00020900544999999997 0.20812918 0.4066 0.26681253 0.44896445
11 0.0002080118 0.52958256 0.3033749 0.6428773 0.45899254
4 0.00020645754000000002 0.4675062 0.3404438 0.5171326 0.44697377
6 0.00020042417000000002 0.35832456 0.3621823 0.86430335 0.6269174
10 0.00019318476999999999 0.53346 0.29220343 0.6435845 0.47259238
8 0.00019267657 0.45548760000000005 0.18483794 0.77468514 0.6460594
10 0.00018976247999999998 0.46404245 0.36122070000000006 0.5091375 0.46177465
3 0.00018880476000000002 0.4266827 0.3691395 0.48146176 0.42670870000000005
5 0.00018829906000000004 0.4386504 0.39998156 0.5232909 0.49069512
8 0.00018801205 0.2767522 0.35928676 0.62836003 0.86248475
13 0.00018571773999999998 0.5358463000000001 0.30844414 0.7322472 0.4699376
3 0.00018514664 0.60477823 0.35375935 0.81734294 0.5232129
6 0.00018442032 0.35759014 0.28629905 0.85340387 0.5560916
3 0.00018368976000000004 0.49285470000000003 0.34423524 0.6728095000000001 0.50805867
8 0.0001826056 0.44738853 0.35987929999999996 0.5057757 0.44969058
3 0.00018218848000000002 0.46496302 0.3639437 0.51766324 0.45786637
4 0.00017459394 0.56245774 0.23731452 0.8954416 0.5086225999999999
4 0.00017412892 0.20778579 0.39220170000000004 0.27147356 0.4520334
5 0.0001688725 0.430004 0.38550562 0.7224456 0.6729861
4 0.00016846787 0.5620092 0.31333122 0.74283814 0.46443138
4 0.00016510545 0.22429442 0.39047965 0.28867495 0.45827399999999996
4 0.0001644226 0.46281874 0.36056396 0.51778406 0.47270632
8 0.000163595 0.71633023 0.37971869999999996 0.7957949000000001 0.46301302
1 0.00016084723999999998 0.5115435 0.30670458 0.86756325 0.5163769
7 0.00016053978000000002 0.44567713 0.36301786 0.5166172 0.49221414
5 0.00016045732 0.48632120000000006 0.37005603 0.75088596 0.50317144
11 0.00015825409 0.45842910000000003 0.33276564 0.49908500000000006 0.45099995
8 0.00015709458999999998 0.04576978 0.57484 0.33759573 0.95837724
1 0.00015480709 0.5753986999999999 0.34817517 0.7431228 0.4760357
1 0.00015387725 0.42500508 0.36262703 0.4957084 0.43405488
2 0.00015370417 0.21106145 0.41949484 0.28591877 0.47030658
1 0.00015225101000000002 0.42568308 0.23513818 0.68800443 0.47484723
4 0.00015106586 0.53581774 0.29964559999999996 0.87022805 0.602839
1 0.00014943931999999999 0.43004507 0.40132080000000003 0.50653946 0.45629904
6 0.0001492523 0.44473687 0.38890890000000006 0.5418621 0.48056388
10 0.0001422898 0.48690844 0.19325887 0.8179126999999999 0.5698857
13 0.00014190697 0.67158353 0.34217015 0.78920937 0.5417208
10 0.00014043208 0.5546976 0.29288462 0.7105251 0.44720954
10 0.00013909777 0.44867805 0.3759862 0.49538532 0.4627992
5 0.00013862264 0.43963975 0.38242638 0.53173536 0.45636514
12 0.00013745681 0.45240286 0.36726627 0.5305541 0.42230976
7 0.00013630382 0.5457350999999999 0.31033492 0.7247781999999999 0.49725010000000003
9 0.00013499665 0.6534466999999999 0.2844908 0.9906156999999999 0.54069287
11 0.00013497856000000002 0.5055474 0.28906342 0.6133387 0.46883288
5 0.00013249331 0.41416153 0.3967279 0.48820612 0.47471383
8 0.00013194514999999998 0.023936227 0.20733209 0.19297627 0.9466996999999999
2 0.00012711833999999998 0.20953716 0.36314762 0.27416599999999997 0.41205463
10 0.0001250871 0.43641907 0.36780187 0.49683112 0.41374654
12 0.0001243092 0.5377900999999999 0.28738803 0.9769158000000001 0.557656
12 0.00012025861999999999 0.554574 0.27637348 0.72779524 0.4437347
9 0.00011967206 0.44755957 0.37392753 0.5173765 0.42379698
12 0.00011834120000000001 0.44167049999999997 0.38258436 0.5434545000000001 0.4418553
8 0.00011110114 0.34275959999999994 0.26499054 0.6449059 0.54785174
9 0.000111077425 0.44689396 0.3670308 0.49820420000000004 0.4478853
11 0.00010953718999999999 0.59325165 0.31066259999999996 0.6843479 0.45551693
12 0.00010849091999999998 0.39301616 0.29804757 0.8234133 0.5414631999999999
13 0.00010726396 0.45506978 0.38473552 0.53121495 0.47145393
11 0.00010616428999999999 0.43669328 0.34059423 0.48419687 0.49303082
2 0.000105214946 0.45096946 0.36053276 0.52236074 0.41652718
13 0.00010505073999999999 0.410095 0.40047562 0.47569849999999997 0.4400581
12 0.00010465594999999999 0.45679417 0.15780419 0.7631011999999999 0.4818912
9 0.000104275685 0.6079229 0.34185177 0.77304244 0.46467578
6 0.00010376426499999999 0.43879715 0.35868695 0.53954524 0.4462266
1 0.00010328902 0.41253597 0.3976112 0.48667943 0.4468861
11 0.00010323671000000001 0.57708323 0.078949906 0.7352295 0.6573463
11 9.742871e-05 0.5943123 0.32884234 0.6992688 0.50298584
13 9.511666e-05 0.0092615485 0.84226775 0.18819176 0.9811636999999999
10 9.046256e-05 0.5121898 0.31916478 0.6704758000000001 0.44282037
12 8.843816e-05 0.20165285 0.36824602 0.2699066 0.41070439999999997
4 8.7845074e-05 0.6933097 0.25062075 0.98478657 0.5766508
9 8.752504999999999e-05 0.06041892 0.9166738999999999 0.21367843 0.99698746
10 8.734469e-05 0.25323838 0.38451729999999995 0.3024165 0.44435707
2 8.686181000000001e-05 0.23117548 0.3861387 0.2969659 0.45115249999999996
8 8.4461986e-05 0.2560327 0.23397262 0.55383325 0.9056582000000001
8 8.415409e-05 0.5006558 0.16155139999999998 0.68851995 0.5937775
8 8.377985e-05 0.032437228 0.08933719999999999 0.26526722 0.6734263
2 8.291469000000001e-05 0.5505714 0.29755124 0.7236456 0.44001198
13 8.28066e-05 0.4167308 0.34892035 0.55154264 0.48627539999999997
12 8.2321785e-05 0.52557415 0.32729322 0.6834453 0.46610823
9 8.032099e-05 0.21443705 0.37913284 0.26509723 0.42290730000000004
9 7.9799e-05 0.07548119 0.8936118000000001 0.23665108 0.9911011999999999
8 7.9541795e-05 0.6609585 0.14707279999999998 0.9125025 0.82869214
1 7.929148e-05 0.19527856 0.37728873 0.25313768 0.4116885
10 7.802954e-05 0.65325415 0.17118137 0.93862545 0.60901046
7 7.7987526e-05 0.4338183 0.17091495 0.7861093000000001 0.70420647
9 7.748848000000001e-05 0.43917823 0.32408118 0.68447864 0.5869953
6 7.718809500000001e-05 0.43238664 0.36778059999999996 0.53139216 0.4247002
1 7.6945245e-05 0.40884817 0.38787133 0.4709515 0.45475528
6 7.630274e-05 0.43532017 0.33022806 0.69017303 0.45866844
13 7.584295e-05 0.63724774 0.36064035 0.79785365 0.4926109
3 7.574338000000001e-05 0.5733434000000001 0.28479955 0.9606428 0.9155475000000001
9 7.531143e-05 0.49916083 0.34338670000000004 0.6521099 0.502019
4 7.447031999999999e-05 0.60886604 0.30009767 0.76292413 0.45060550000000005
2 7.377768e-05 0.48959600000000003 0.33638316 0.6756245 0.4477273
11 7.253701e-05 0.10188739 0.90176666 0.19384588 1.0
8 7.196691999999999e-05 0.54703367 0.16987264 0.8598715 0.69100255
7 7.1629205e-05 0.4426935 0.36476179999999997 0.5183581 0.43329750000000006
13 7.107406399999999e-05 0.39523116 0.37163448 0.72780263 0.6083576
1 7.0106515e-05 0.43204167 0.37303144 0.50279236 0.4225204000000001
3 6.9624024e-05 0.5431471999999999 0.34862223 0.87452686 0.8473516
10 6.7244284e-05 0.46689865 0.35568303 0.5285356 0.41897875
9 6.716390999999999e-05 0.44804758 0.38750714 0.49968404 0.47304708
1 6.690770499999999e-05 0.497996 0.3273457 0.6586574000000001 0.44189826
3 6.663755999999999e-05 0.42294914 0.37541115 0.46690714 0.4211438
1 6.535550000000001e-05 0.47130668 0.3674208 0.60335386 0.51480144
10 6.507768e-05 0.59989184 0.28875422 0.73833233 0.45179683
9 6.488831999999999e-05 0.43307954 0.37401986 0.49643177 0.4249162
8 6.3809406e-05 0.01953262 0.08066525 0.15267214 0.8465703000000001
13 6.3497544e-05 0.06828263400000001 0.2511074 0.41859594 1.0
4 6.320556e-05 0.49595767 0.346946 0.6783288000000001 0.50461483
2 6.316324000000001e-05 0.5310746000000001 0.33208758 0.71718377 0.46680465
10 6.246545e-05 0.57171947 0.092138745 0.8041921 0.5888226
8 6.175195e-05 0.7276115 0.20880279 0.94212204 0.93222135
4 6.154966e-05 0.42984775 0.38591227 0.5054348 0.46340996
11 6.0502483e-05 0.46059722 0.37153983 0.5016182 0.42872337
7 5.940005600000001e-05 0.5077387 0.2682363 0.6512228 0.5609349
1 5.6491069999999996e-05 0.41679472 0.37158525 0.48202443 0.41858378
10 5.6260644e-05 0.72594553 0.13311163 0.9702185 0.5794189000000001
4 5.5124189999999996e-05 0.45264927 0.35855174 0.51268387 0.42622855
13 5.500376e-05 0.49404275 0.2427335 0.81805897 1.0
2 5.452828e-05 0.43590993 0.36718866 0.49761343 0.44316435
10 5.4262113e-05 0.075472176 0.8826793 0.2318117 0.9924499
9 5.4101703e-05 0.5133509 0.30805959999999993 0.62631196 0.5234747999999999
6 5.3634933e-05 0.4859802 0.30479664 0.6971881999999999 0.49897349999999996
8 5.3626663e-05 0.231908 0.13962391 0.5395255 0.70956886
7 5.2027079999999994e-05 0.20025527 0.4237595 0.27400467 0.47641674
13 5.0190573999999996e-05 0.41633450000000005 0.003839516 0.89899695 0.93425417
10 4.9168535000000004e-05 0.2160625 0.36808795 0.2698204 0.41610685
10 4.8653234e-05 0.23424795 0.41335496 0.2911063 0.47969297
5 4.8606640000000006e-05 0.47284090000000006 0.3288643 0.6257144 0.54692715
11 4.832518200000001e-05 0.692068 0.17188136 0.9463434000000001 0.57676655
5 4.7686859999999996e-05 0.20021991 0.4354449000000001 0.2696285 0.48129177
6 4.6618005999999996e-05 0.44729096 0.29129758 1.0 0.5404886
8 4.51914e-05 0.11228822 0.1037591 0.40631735 0.73329055
9 4.446222e-05 0.23547600000000002 0.40477073 0.30206943 0.44815150000000004
12 4.4222529999999994e-05 0.22222307 0.39740333 0.306079 0.44146925
11 4.4142427e-05 0.118782915 0.8778359 0.21267605 0.9979577
8 4.377633e-05 0.7509585999999999 0.116098724 0.9355034 0.76417077
11 4.3499196e-05 0.25374728 0.38961008 0.29392248 0.45421728
2 4.322964e-05 0.5180766 0.22043478 0.78787225 0.5436714
2 4.312273e-05 0.52526385 0.3024102 0.70161957 0.40786546
13 4.2758493e-05 0.7224208000000001 0.36813867 0.7719989 0.48644647
13 4.1114417e-05 0.0 0.010125765 0.28232378 1.0
8 4.0871009999999996e-05 0.7324238000000001 0.36763728 0.7976154000000001 0.4324918
9 4.0293497e-05 0.53263587 0.33231753 0.7191984 0.6660354
13 3.994626e-05 0.0 0.34154007 0.29150929999999997 0.96656907
11 3.990447e-05 0.44401968 0.37176493 0.48536444 0.42865705
9 3.9506394e-05 0.22158258 0.43272316 0.28830084 0.4729566
3 3.8984173e-05 0.13938908 0.4340164000000001 0.47123617 0.97715914
2 3.884268e-05 0.44824392 0.34205726 0.50792354 0.42797235
7 3.8730934000000005e-05 0.43176335 0.35267374 0.505077 0.46463954
3 3.8708746000000003e-05 0.056288972 0.33979404 0.32561755 0.9808393
8 3.8639322e-05 0.7961351 0.08950443599999999 0.9430693000000001 0.6375014
4 3.8250837000000004e-05 0.4493715999999999 0.34835735 0.5034324 0.44671705
6 3.8024346999999996e-05 0.41244614 0.39312977 0.5175569 0.46293026
8 3.7858294999999996e-05 0.70805955 0.39130983 0.7691759 0.49217328
9 3.7624697000000004e-05 0.4621572 0.37503245 0.5362256 0.42535159999999994
3 3.719966e-05 0.49069232 0.22980818 0.76006407 0.5670614
11 3.6988550000000004e-05 0.2354996 0.41200614 0.27631676 0.48665977
6 3.6659305e-05 0.19649081 0.38165479999999996 0.27101654 0.41665757
9 3.6554185e-05 0.22394852 0.3814305 0.28465609999999997 0.42616495
5 3.5762540000000005e-05 0.4082884 0.3830751 0.52971303 0.42449412
13 3.5655434e-05 0.38126433 0.26575446 0.74504364 0.96895045
5 3.5485005000000004e-05 0.46641016 0.32019824 0.70272624 0.44906154
