3 0.8918083000000001 0.09930284 0.45057878 0.21287073 0.51246077
3 0.75753874 0.4351563 0.34965056 0.77768344 0.57794386
8 0.73662215 0.4013164 0.33991784 0.8158016 0.5475879
3 0.30476785 0.32798812 0.38772059999999997 0.44621673 0.50633645
8 0.11123588 0.30569842 0.37400490000000003 0.4640343 0.508871
8 0.06453401 0.08767699 0.44393474 0.21849616 0.50955266
3 0.041982733 0.32509777 0.43818232 0.37171105 0.5049792000000001
8 0.029153869 0.31457305 0.41041547 0.42707717 0.491943
3 0.026607575 0.42371312 0.37388664 0.6946353 0.55116034
3 0.018534591 0.3289586 0.4266049 0.43087813 0.5076149999999999
8 0.01756468 0.9565435999999999 0.38787353 1.0 0.46634424
8 0.016372396 0.32786632 0.42937264 0.41996837 0.49692065
3 0.012408586999999999 0.9629542 0.39130417 0.9993194 0.46640784
8 0.0082870405 0.45801315 0.38660547 0.6525652 0.5540964
8 0.007012711 0.31090313 0.43171877 0.3728878 0.49751540000000005
3 0.004033701 0.097286455 0.46946687 0.19236761 0.5183129
8 0.0037118918 0.09713562 0.45122007 0.18580373 0.50576216
3 0.0037017232 0.20324272 0.449535 0.26179016 0.49376133
8 0.0031919144 0.07278797 0.40655159999999996 0.25806624 0.5285383000000001
8 0.0031061794 0.3519912 0.33276305 0.7345438 0.5956143
8 0.0031052444 0.41798090000000004 0.21705039 0.86557007 0.84647346
13 0.0024558797 0.12138058 0.45171943 0.21236531 0.5133215999999999
8 0.0023546395999999997 0.40193668 0.13095610000000002 0.7579583000000001 0.5792115
3 0.0022009036 0.6805326999999999 0.43419746 0.75738263 0.57092035
13 0.0022005267 0.43425569999999997 0.38841403 0.65755695 0.5504138000000001
13 0.002181312 0.3251398 0.39719164 0.46031174 0.53696257
3 0.0020701012 0.0953137 0.4282594 0.25250915 0.51229537
8 0.0016129519 0.10571262 0.2757011 0.77548695 0.74753124
13 0.0015515148000000002 0.08973886 0.449417 0.18431549 0.5137241
11 0.0014255301999999998 0.42314446 0.22209942 0.74206233 0.70161504
5 0.0012299811999999999 0.28775293 0.42083457 0.74577135 0.6613697
9 0.0011689055 0.4135508 0.33785686 0.68207604 0.587114
9 0.0011016697 0.52683556 0.32631665 0.83232045 0.5662088000000001
8 0.0010840628999999999 0.07118806 0.36722347 0.3616455 0.88879514
8 0.001047315 0.2607035 0.16779292 0.71557134 0.8598945
13 0.0010381158 0.4769876 0.3798531 0.8547040000000001 0.64559495
13 0.0010153624 0.40329915 0.4344418 0.72719294 0.6716791
13 0.001003241 0.30703115 0.45839256 0.36993927 0.49985844
8 0.0009295446 0.00917691 0.20540516 0.6334295 0.70178777
13 0.0009243029600000001 0.33400887 0.40443513 0.41086763 0.5083154999999999
9 0.0009240938999999999 0.43934733 0.3785442 0.7031359 0.6374468000000001
8 0.0009233617 0.686046 0.45600632 0.7354529000000001 0.5430524
11 0.00081990677 0.10493908 0.43893045 0.1651404 0.5150630999999999
1 0.00079313107 0.42872474 0.42920703 0.6069765 0.55303735
11 0.0007757444400000001 0.47659886 0.37162453 0.62807024 0.5492249
8 0.0007687045 0.5720681 0.2601113 0.9010360000000001 0.8851966
11 0.0007637938000000001 0.14113003 0.43744484 0.19371125 0.51055855
1 0.0007586849 0.26435202 0.3256704 0.65632755 0.49397144
1 0.0007350868 0.3022309 0.39101145 0.66429293 0.5920786
8 0.0007306906 0.19670612 0.16507874 0.79719454 0.6642069
5 0.00072063773 0.07358647 0.46174556 0.19283459 0.5036805
8 0.00070923235 0.40775347 0.32316056 0.7431897 0.8250509
8 0.0007075225 0.33396524 0.38345915 0.6821864000000001 0.85167927
10 0.0006917700500000001 0.13950056 0.4385883 0.21389952 0.49649704
1 0.0006821173599999999 0.10699269 0.46189759999999996 0.1975356 0.509413
7 0.00068182487 0.26709467 0.36378333 0.49231172 0.5618748
11 0.0006582840600000001 0.31465727 0.32135349999999996 0.43991303 0.5451948
1 0.0006521433 0.29504776 0.40413463 0.4416713 0.51155657
1 0.0006424723 0.13408479 0.46301365 0.21332939999999997 0.50720894
8 0.0006417432499999999 0.026877402999999998 0.38430759999999997 0.17121677 0.93288785
13 0.0006117593 0.38967362 0.37385488 0.7363914 0.61980003
9 0.0006052537000000001 0.49344462 0.3993434 0.7627223000000001 0.6415622
8 0.0006010655000000001 0.4543156 0.35223293 0.60091525 0.5656486
5 0.0005930598 0.09585893 0.46251202 0.2265822 0.5105108
9 0.00059256854 0.13200077 0.45380917 0.20733643 0.5092026
1 0.0005911776999999999 0.28274440000000006 0.44892150000000003 0.666211 0.660172
12 0.0005787266 0.37651527 0.26573536 0.8467653 0.50060385
10 0.00054592616 0.3441245 0.41779068 0.4176982 0.47019547
2 0.00054583815 0.32709953 0.35951498 0.51124763 0.487501
1 0.00053120864 0.07119228 0.46679544 0.16193879 0.5078146
2 0.00053039956 0.39981609999999995 0.36131343 0.8096177 0.6206076
7 0.0005260346 0.28407297 0.30807957 0.7794949000000001 0.73233634
5 0.0005201964 0.42489964 0.4030143 0.6371239000000001 0.5389822
13 0.0005013915 0.33004713 0.41714877 0.43100524 0.48838950000000003
1 0.0005009973 0.3357619 0.42419332 0.40163082 0.49620554
13 0.0004995795 0.32028290000000004 0.440091 0.41339204 0.49962127
5 0.00048309462999999997 0.23366699 0.42373896 0.44161257 0.5383334
8 0.00047187606 0.03597881 0.39962536 0.24809141 0.9225952
11 0.0004588857 0.36318374 0.37788597 0.40554821 0.5006241
11 0.0004574979 0.5373521 0.22133933 0.8450011999999999 0.70383316
13 0.00045705802 0.36057964 0.41048136 0.43843535 0.50032306
8 0.0004505427 0.14747077 0.42413095 0.44351745 0.9126393
9 0.00044864972 0.15517229 0.4529674 0.2268706 0.50551856
12 0.00044638005999999994 0.50915664 0.41356292 0.66509694 0.5540143
12 0.00043722047 0.35679528 0.41674167 0.4162152 0.49700075
10 0.00043477042 0.36221397 0.40955532 0.4341451 0.47122923
13 0.00043109537000000003 0.42682064 0.36658785 0.5875802 0.5647428000000001
5 0.00042370627999999995 0.3544563 0.43330997 0.9006618000000001 0.6776091999999999
1 0.00042084407 0.40594600000000003 0.33170334 0.7569872 0.508972
10 0.00041037484 0.47262025 0.4166309 0.6336101 0.5260758000000001
10 0.0004079157 0.36094886 0.40138003 0.40866690000000006 0.48833585
9 0.00040630982 0.34190565 0.4001566 0.48929352 0.53149503
12 0.00039772980000000004 0.14551888 0.453924 0.22090878 0.5073077
8 0.00038898637 0.24340823 0.422799 0.58773315 0.8870421999999999
1 0.00038331927 0.31266046 0.42325065 0.38004684 0.4883119000000001
12 0.00037142830000000003 0.35230783 0.4213042 0.44213685 0.48210519999999996
11 0.00036219059999999996 0.3505836 0.34872803 0.4815656 0.53945357
9 0.00035960646 0.45493013 0.44462818 0.7115706999999999 0.67926925
3 0.0003534479 0.4330929 0.34995064 0.64176744 0.48937148
7 0.00035222532 0.11441279 0.4341205 0.20511124 0.5272631999999999
1 0.000336796 0.46983567 0.41696906 0.8231299000000001 0.60905457
8 0.00032898787000000003 0.23040143 0.21654629999999997 0.5505804 0.9061497
11 0.00031714942 0.16264834 0.43644629999999995 0.20933084 0.5035113
6 0.00031472658 0.33484134 0.44945544 0.8595729999999999 0.69124585
4 0.00031287242999999997 0.15252228 0.4316133 0.22587533 0.50398576
10 0.00030997876 0.10871361 0.4589625 0.1830986 0.49861893
6 0.00030843563999999996 0.12196034 0.45132238 0.24843901 0.5129616
9 0.00030780144 0.10705822 0.45524675 0.18565342 0.51215684
5 0.00030224884 0.33110508 0.42816335 0.42023869999999997 0.5063473
2 0.00030152993999999996 0.5620498 0.30541977 0.8906608 0.64094704
8 0.0002977973 0.19952752 0.4388558 0.25913778 0.49728033
11 0.00029711987000000003 0.34123635 0.38130277 0.3892473 0.5020710999999999
8 0.00028503564 0.48627084 0.37062022 0.71681637 0.5473858
12 0.00028397363999999996 0.11181566 0.44766656 0.20772082 0.50684375
11 0.00027829598 0.4831174 0.20144564 0.74471 0.56444997
2 0.00027245565 0.44549036 0.3086255 0.80692136 0.56353724
6 0.0002704272 0.44179407 0.4118446 0.68503267 0.53086543
4 0.00026868970000000004 0.12792629 0.43599942 0.21806705 0.50918037
1 0.00026661716 0.28623968 0.27176118 0.7113092 0.4608808
6 0.0002651192 0.33629212 0.41769248 0.44842038 0.48474163
10 0.00026467085 0.43499350000000003 0.2217678 0.7289058 0.5407199
12 0.00026230104 0.35702428 0.3130923 0.764429 0.58291966
13 0.00025995838 0.29776916 0.43677324 0.42669716 0.5486234999999999
13 0.0002598861 0.5203818 0.4088933 0.751765 0.53295624
9 0.00025754736000000003 0.59352875 0.40074640000000006 0.91584015 0.6190720000000001
10 0.0002571031 0.11927433 0.44734573 0.19870807 0.49830922
11 0.0002521978 0.35961318 0.41138148 0.40758222 0.48570058
1 0.00024796822 0.39399725 0.39873618 0.57112813 0.51418126
1 0.00024744758 0.4039207 0.3841255 0.76411957 0.60011464
13 0.00023847619 0.0070872307 0.27681613 0.35752913 1.0
7 0.00023774776 0.4042462 0.23614457 0.8484098 0.67445934
1 0.00023586182 0.43876854 0.39619523 0.60299546 0.52397346
10 0.00023557928 0.34541222 0.41548696 0.39434662 0.48342368
4 0.00023528872000000002 0.6059905 0.2757583 0.9261639000000002 0.588634
4 0.00023082715000000001 0.5787723000000001 0.34277385 0.8834063 0.65214103
3 0.00022797009 0.17697951 0.44879407 0.25633678 0.49630168
12 0.00022725099 0.28283772 0.36404845 0.516011 0.48813015
11 0.00022713562000000002 0.3419565 0.41633022 0.39437592 0.4840585
12 0.00022613861 0.49396142 0.37760633 0.6691682 0.52950066
2 0.00022400498 0.30065359999999997 0.44482985 0.38669744 0.4979313
1 0.00022026968999999997 0.34839559999999997 0.42824385 0.42857736 0.4800632000000001
8 0.00022025987 0.015337706000000001 0.1444468 0.28159344 0.92899024
2 0.00021961406000000003 0.34981292 0.4084824 0.42896897 0.46893668
1 0.00021856 0.29753318 0.45736188 0.3568425 0.5001073
7 0.00021841603 0.28816822 0.44608378 0.37314925 0.51890606
3 0.00021305217999999996 0.13978982 0.44982374 0.23358837 0.5021888
10 0.00021280702999999999 0.5486291 0.18628514 0.8213235999999999 0.5648128000000001
10 0.00021182997000000002 0.46907347 0.29229477 0.78610307 0.6256459
6 0.00020884221999999998 0.24201211 0.39946687 0.48541215 0.52687156
9 0.00020774006000000002 0.36755562 0.42565498 0.44838190000000006 0.48038882
8 0.00020660266 0.013607398 0.9146125 0.17390436 0.99406743
8 0.00020608176 0.65652835 0.15737452 0.8952869000000001 0.7925416000000001
2 0.00020263183999999997 0.12461113 0.43647423 0.20681146 0.50181603
7 0.00020039469 0.08448546400000001 0.4401532 0.17479423 0.5233132
4 0.0001955416 0.36658856 0.40302792 0.43825433 0.4801675
10 0.00019093729999999999 0.34815952 0.45375362 0.4094052 0.50118625
9 0.00018440752 0.34683537 0.42789027 0.42915857 0.48645133
10 0.00017948046000000001 0.38160017 0.38729548 0.4239191 0.49020737
3 0.00017813276 0.074904054 0.48195517 0.39830393 1.0
2 0.00017726253 0.31485653 0.39098167 0.5234486 0.5237081
4 0.00017712136000000003 0.35238847 0.37703755 0.49676928 0.5360628000000001
11 0.00017268238 0.37705 0.40870229999999996 0.42396185 0.4815531
10 0.0001725105 0.396465 0.37676197 0.44056368 0.49536199999999997
10 0.00017211717 0.3598355 0.33924782 0.49746472 0.5406335999999999
4 0.00017050854999999999 0.4591915 0.34942612 0.77773994 0.63820773
4 0.00016844578 0.34957713 0.4097817 0.4242093 0.4855834
12 0.00016700833999999998 0.49764043 0.36987612 0.9099676 0.60336214
13 0.00016379006 0.9473860999999999 0.3989308 0.99214846 0.4559174
7 0.00016261211000000002 0.350545 0.4123668 0.43987006 0.49187020000000004
2 0.00015631865 0.95245147 0.3839701 1.0 0.44079438
1 0.00015458018 0.37175038 0.42269096 0.43054453 0.49437508
5 0.000153068 0.22852162 0.44342309999999996 0.41670504 0.56745464
13 0.00014915255 0.20026141 0.45632577 0.24987009 0.50394195
11 0.00014678827 0.31602412 0.44020233 0.36075777 0.51973104
6 0.00014613917 0.29292905 0.4596701 0.3880604 0.50765544
8 0.00014209775 0.7541872 0.22844376 0.9404788000000001 0.94703054
9 0.00014195143999999997 0.3944707 0.40496966 0.6552756999999999 0.66348773
6 0.00013879122 0.07634593 0.45391809999999994 0.21961501 0.5053147
5 0.00013862607 0.32245252 0.38114128 0.8276279000000001 0.58483785
11 0.00013739841000000002 0.48700290000000007 0.34430679999999997 0.61993414 0.49830368
12 0.00013542699 0.38295358 0.42180148 0.43590802 0.49122542
6 0.00013476358 0.33505058 0.36894906 0.8150023000000001 0.64213336
8 0.00013474199 0.72206575 0.4002386 0.78960127 0.45941459999999995
9 0.00013367391 0.3507514 0.42132044 0.40603507 0.5098734
10 0.00013136149 0.49133444 0.32935485 0.8770081000000001 0.6910508000000001
3 0.00013106343000000002 0.43962985 0.23074804 0.77259976 0.6197050000000001
11 0.00013091006 0.63643277 0.23215939 0.91161764 0.68991673
13 0.00012992663999999998 0.6807146 0.4587935 0.7560593000000001 0.54712796
7 0.00012883736 0.43532813 0.404585 0.62373936 0.566282
5 0.00012875807 0.3106306 0.43267313 0.43731627 0.48144868
8 0.00012749522 0.12614429 0.1539083 0.40259027 0.77781296
4 0.00012639191 0.32242477 0.38185135 0.45539534 0.5305614000000001
8 0.00012554637 0.5164411 0.124786615 0.82638764 0.62728304
11 0.00012119850000000001 0.3442342 0.43235150000000006 0.40428612 0.52244616
8 0.00012100697500000001 0.5896988000000001 0.12149807 0.87834966 0.58134115
3 0.00011916848599999999 0.35661626 0.4018026 0.43855983 0.45154120000000003
9 0.00011649221400000001 0.32040504 0.44420493 0.37955959999999994 0.5017193
13 0.00011554252000000001 0.0 0.32942387 0.24658948 0.9849063
3 0.00011547784 0.49841009999999997 0.34446004 0.929953 0.89706033
1 0.00011545763999999999 0.2561372 0.42337722 0.42150235 0.5287683000000001
4 0.00010881999 0.46111359999999996 0.39453334 0.6666404 0.55639035
13 0.00010688674999999999 0.4737186 0.35447207 0.7312721 0.7017994000000001
6 0.00010608891000000001 0.24821499 0.43647814 0.49351248 0.55045384
1 0.000105931176 0.4681134 0.42594153 0.64888376 0.5581073000000001
4 0.00010584666600000001 0.48240578 0.28970483 0.7972939 0.56429845
8 0.00010558408999999999 0.050208703 0.11722194 0.31562948 0.74833864
12 0.00010362439000000001 0.60836 0.4282956 0.7685556 0.5371807
8 0.00010054790000000001 0.019737288000000002 0.8260347 0.2797885 0.9905976000000001
10 9.52697e-05 0.5837363 0.25464407 0.86419344 0.61071545
13 9.333452e-05 0.11500299 0.44760185 0.19169259 0.5370050999999999
9 9.329863000000002e-05 0.44360277 0.41455603 0.6090908 0.55671245
10 9.306093e-05 0.47166985 0.38189363 0.6088794 0.49209622
13 9.154539e-05 0.66522926 0.46984259999999994 0.76445025 0.53193957
10 9.140766600000001e-05 0.36333397 0.4419646 0.42251834 0.50564
10 9.120795e-05 0.31775853 0.44324830000000004 0.37618604 0.5121408
9 8.8109715e-05 0.32212794 0.42367098 0.4555465 0.5461604
5 8.736110999999999e-05 0.28551479999999996 0.45386147 0.36510440000000005 0.5117866
10 8.576905e-05 0.6792174 0.250289 0.91764563 0.651473
6 8.4591076e-05 0.43506846 0.40209717 0.9929836999999999 0.66851836
7 8.419812e-05 0.3361658 0.4009041 0.41547 0.5260066
9 8.301230999999999e-05 0.39222926 0.41708848 0.44354259999999995 0.49498245
8 8.167842e-05 0.55705625 0.3886191 0.7592439999999999 0.5403398
12 8.127623e-05 0.47326756 0.27970356 0.73562074 0.5910033
7 7.944654000000001e-05 0.20541461 0.40396702 0.47064006 0.5876271
3 7.8126526e-05 0.12194514 0.33323595 0.43012690000000003 0.9627906999999999
4 7.782458999999999e-05 0.39185008 0.37291607 0.43884245 0.48704293
12 7.782005e-05 0.48239547 0.34408736 0.59955543 0.5552214
2 7.755409e-05 0.49880645 0.251214 0.84946835 0.5327531999999999
2 7.684863e-05 0.47648352 0.39051294 0.65596634 0.51515806
13 7.650039e-05 0.27460945 0.25170082 0.88248515 0.85821617
10 7.638177e-05 0.5038769000000001 0.39062527 0.6526303000000001 0.5272725
1 7.604697e-05 0.40834534 0.29453164 0.691743 0.55491996
10 7.587732e-05 0.40386656 0.32518995 0.52193177 0.52847385
13 7.579708000000001e-05 0.079822995 0.4436442 0.22020498 0.56363946
3 7.556341e-05 0.05845207 0.51454854 0.26726353 1.0
10 7.490082e-05 0.60640055 0.37439454 0.74569863 0.5407156
6 7.437119000000001e-05 0.31782478 0.41224006 0.42564708 0.49299496
2 7.40248e-05 0.1056681 0.44237020000000005 0.19176700000000002 0.48887333
1 7.401357e-05 0.43560573 0.41430455 0.5599360999999999 0.57613224
11 7.382042499999999e-05 0.56105566 0.14358883 0.7410151999999999 0.70726484
13 7.3419345e-05 0.21471421 0.45247479999999995 0.2633692 0.5038072
8 7.312809e-05 0.75909406 0.14260268 0.9312789 0.7459968000000001
10 7.186474e-05 0.5926148 0.21239924 0.7661932 0.64799315
13 7.175252499999999e-05 0.9498074000000001 0.42193967 0.9917054 0.47162548
13 7.170640000000001e-05 0.39631736 0.11864451 0.8685236999999999 1.0
5 7.0787035e-05 0.43377718 0.43908509999999995 0.7268996 0.7403941999999999
5 7.0616166e-05 0.43279427 0.3920052 0.5713560999999999 0.60107076
11 7.0339964e-05 0.5279549 0.36041456 0.6592601 0.5307775
1 6.967707e-05 0.3149446 0.45734408 0.38741574 0.50227547
11 6.843385e-05 0.46131387 0.27614227 0.56764823 0.5472375
7 6.829428499999999e-05 0.37115476 0.39107916 0.43661930000000004 0.5177146
12 6.829296999999999e-05 0.31636888 0.43538624 0.39154035 0.49009112
1 6.740608e-05 0.5520198000000001 0.42282936 0.74171454 0.5456097
8 6.7163295e-05 0.40105152 0.37580648 0.5423541000000001 0.5476453
1 6.696069599999999e-05 0.9448003 0.40400487 0.99186546 0.44494945
9 6.6905e-05 0.3753687 0.41874877 0.42657977 0.5014015
9 6.689348e-05 0.96066916 0.40179503 1.0 0.44947228
8 6.626389000000001e-05 0.2829679 0.12348299 0.6018084 0.65911686
9 6.5834065e-05 0.5216227 0.36866826 0.7161618000000001 0.6899874
6 6.413978e-05 0.39610517 0.39138535 0.65978587 0.50537205
6 6.409898e-05 0.94795895 0.39786038 1.0 0.44904799999999995
5 6.408e-05 0.08833958 0.459758 0.16225113 0.53122985
8 6.294611e-05 0.059727892000000005 0.547297 0.37177497 0.96424717
3 6.268111e-05 0.5104635999999999 0.37059742 0.8115585999999999 0.5542454000000001
11 6.15108e-05 0.46000248 0.35200149999999997 0.5824949 0.5106069999999999
7 6.1169165e-05 0.31741157 0.41741288 0.4110469 0.49119523
2 5.8950532999999994e-05 0.35769632 0.39142582 0.41431817 0.47547048
10 5.8877955000000005e-05 0.43660140000000003 0.38972357 0.5825347 0.5018939
4 5.872825e-05 0.39690205 0.36589134 0.5231941 0.5391942
5 5.7870326e-05 0.11653975400000001 0.46261963 0.193712 0.5387424
5 5.6955555999999994e-05 0.30935377 0.45441964 0.4142785 0.5091295
2 5.6504865e-05 0.95266145 0.41492158 1.0 0.47427306
1 5.6410518e-05 0.07553306 0.45291394 0.14642803 0.5102805
13 5.5135412999999996e-05 0.5764511999999999 0.049533118 0.9258485999999999 0.9248917999999999
10 5.510635e-05 0.1548568 0.42384174 0.19674975 0.5098478
13 5.5033480000000006e-05 0.47168761 0.16934018 0.79481405 0.7678784000000001
13 5.4921893e-05 0.09627859 0.31448156 0.43003458 1.0
13 5.4599569999999996e-05 0.0 0.0047061513 0.30002093 1.0
8 5.4572185e-05 0.43732154 0.36080006 0.6202675 0.5037515
3 5.418541999999999e-05 0.043941355999999994 0.50864446 0.18619746 1.0
8 5.351018e-05 0.31664377 0.4176674 0.3833503 0.48650318
6 5.3100717000000005e-05 0.31913143 0.45177966 0.44202816 0.5027122
10 5.2536450000000004e-05 0.46299595 0.37172145 0.5620248999999999 0.5203601999999999
9 5.22493e-05 0.45526013 0.31478065 1.0 0.8733801999999999
10 5.0900749999999995e-05 0.10360819999999998 0.46494943 0.16504012 0.49740916
3 5.065392e-05 0.36833638 0.30050722 0.76925117 0.90376675
8 5.0619291999999996e-05 0.0150619745 0.10449823 0.15090656 0.83958906
11 4.9870418e-05 0.9639017 0.39319232 0.9895753 0.45932773
5 4.9465884999999996e-05 0.28842384 0.4183759 0.52620023 0.55696166
6 4.8775117e-05 0.5630361 0.42841887 0.804217 0.55095124
2 4.8575548e-05 0.54105175 0.23126893 0.7735542 0.59297127
11 4.7911937e-05 0.14656375 0.3998518 0.18713672 0.5319401
11 4.7549012e-05 0.38401154 0.37557116 0.41975072 0.4981161
13 4.7454756e-05 0.26551205 0.14172857 0.72007304 1.0
3 4.6939093999999996e-05 0.6815101 0.28350997 0.97076964 0.9342642
11 4.6638e-05 0.10764219 0.40245527 0.15605323 0.53591233
9 4.6494017000000006e-05 0.32726997 0.42510653 0.40811859999999994 0.4878482
9 4.5816791999999996e-05 0.59787095 0.42211270000000006 0.7562469 0.5409284000000001
11 4.5791289999999996e-05 0.39727312 0.3275156 0.52753246 0.5275306
6 4.5257657e-05 0.36495188 0.4190398 0.46281323 0.5101072
