3 0.9355336999999999 0.00956928 0.3573907 0.11887301 0.5357746999999999
8 0.8927929 0.31598085 0.31266052 0.53238004 0.4589519
8 0.63878465 0.20354442 0.37489384 0.29474208 0.45521229999999996
8 0.63404804 0.7856135000000001 0.33634546 0.9626954 0.43804740000000003
3 0.63083166 0.21171217 0.38171318 0.28136504 0.46205859999999993
3 0.5186253 0.8133249 0.3543615 0.93812716 0.43571287
8 0.33328673 0.80530256 0.35635558 0.9353314 0.4263302
3 0.24183242 0.33912328 0.33202842 0.5380235 0.47039837
8 0.23674877 0.00413144 0.34804425 0.12208903 0.52442545
8 0.022548119 0.008701875999999999 0.38381922 0.10200924 0.55122554
8 0.022036958 0.0 0.32024908 0.16281584 0.5459633
8 0.009176851 0.20723943 0.39405009999999996 0.27466422 0.46130540000000003
8 0.007605525 0.18257794 0.32421014 0.33775702 0.46493548
8 0.006994735 0.0045575723 0.8395199000000001 0.17161968 0.9831081
8 0.00631223 0.28773314 0.26631059999999995 0.6170303 0.49457070000000003
8 0.0054581426 0.23868196 0.23281439999999998 0.5458392 0.5063038
9 0.0045139007 0.35545936 0.30774698 0.5154748 0.43487412
8 0.0030530195000000003 0.023181021 0.41896167 0.102108 0.52215177
8 0.0029243706 0.19930029 0.36313704 0.26889616 0.44240683
13 0.0025590255 0.32809582 0.35395634 0.4990107 0.48269692
13 0.0025558618 0.0 0.35791948 0.1455234 0.5233662
13 0.0023527225 0.34562355 0.3381259 0.47630233 0.5378586
12 0.0023162859 0.34539884 0.292959 0.5418736 0.42001945
9 0.0022579993 0.014806598 0.3745079 0.173583 0.49587145
9 0.00217142 0.40221184 0.30875775 0.55628055 0.42527336
7 0.0020395976 0.006231636 0.33785793 0.16550857 0.5247034
13 0.0019403182999999998 0.36572802 0.33301228 0.5755416999999999 0.46178988
3 0.0019386748 0.2117667 0.35422716 0.3218818 0.46146974
13 0.0018877316000000001 0.8052284000000001 0.3581862 0.90555066 0.4337109
5 0.0018662297 0.27486548 0.38299390000000005 0.5018072 0.48452502
3 0.0018446601000000002 0.80014336 0.3610067 0.86857057 0.4237125
8 0.0017597295000000002 0.35979286 0.14574154 0.6600064 0.7623207
8 0.0017036704000000001 0.8243835999999999 0.34263188 0.9144846 0.43803346
9 0.0016302671 0.84442914 0.36246252 0.93469155 0.42523623
13 0.0016270729000000001 0.81367344 0.36934862 0.95411104 0.49062678
13 0.0016223668 0.83179057 0.36653045 0.94113994 0.4278867
5 0.0015524567999999999 0.25134670000000003 0.36366954 0.47292465 0.44753453
1 0.0015429948 0.23952529 0.35274595 0.42576066 0.45300213
11 0.0014813495 0.8237781999999999 0.35453647 0.88613945 0.42876738
5 0.0014709544 0.32175785 0.37435582 0.47060394 0.5432564999999999
5 0.001466721 0.0 0.42213926 0.097594135 0.55040556
1 0.0014439649 0.30855295 0.3151408 0.49036512 0.42559054
1 0.0014190502 0.0030155778000000005 0.38672740000000005 0.12667465 0.50581807
8 0.0014028188 0.0041586309999999994 0.21186358 0.44965976 0.6778808000000001
13 0.0013860397 0.0 0.43557963 0.16098987 0.5533486999999999
12 0.0013851801999999998 0.0 0.33483744 0.17295098 0.46710178
13 0.0013796910999999998 0.19229838 0.3959495 0.26953962 0.44314834
13 0.0013783346 0.0019648485 0.3917906 0.10723743 0.5389883000000001
13 0.0013659816 0.81353724 0.33971843 0.9779334000000001 0.47323635
8 0.0013017476 0.032727607 0.2056723 0.26351404 0.8745451
2 0.0013003799 0.032201037 0.32701984 0.16428079 0.47232503
4 0.0012934363000000001 0.37585673 0.3059489 0.54231757 0.4482630999999999
4 0.0012877728 0.049104773 0.35519704 0.17461565 0.51619714
9 0.0012375133 0.3387743 0.35633045 0.4967728 0.49257395
10 0.0011095933 0.35122937 0.29473190000000005 0.49963337 0.41257825
5 0.0010665857000000001 0.0 0.39773270000000005 0.10844189 0.5118449
13 0.00103147 0.0 0.3411559 0.09595803 0.5284954000000001
13 0.0010191994 0.22339185 0.37738046 0.29739678 0.46884704
9 0.0010169395 0.42698365 0.35877909999999996 0.58812326 0.47249573
2 0.0010127304 0.7947867 0.33472097 1.0 0.46964487
13 0.0009965103 0.20689082 0.3883455 0.29775125 0.44952744
11 0.000973401 0.013556658999999999 0.3787689 0.079374015 0.57457703
1 0.0009616464 0.28678736 0.37886894 0.45107272 0.48013514
1 0.0009564022 0.0 0.42180988 0.080411606 0.53141665
11 0.0009534894999999999 0.21326149 0.38597664 0.27194226 0.4638192
8 0.00094777136 0.23176037 0.13597925 0.59767824 0.8160025
13 0.0009303156 0.20254709 0.37839085 0.27440559999999997 0.46381176
11 0.0009223338000000001 0.31182998 0.28565985 0.4313246 0.4867965
10 0.00091157435 0.84550416 0.34968925 0.9258251000000001 0.41615546
1 0.0009062073 0.0 0.37701496 0.07466513 0.48818853
11 0.0009031651 0.37052855 0.29771805 0.4950687 0.44412902
1 0.0008982415 0.82544076 0.3735455 0.92302036 0.4316264
9 0.0008940802699999999 0.43448820000000005 0.3304277 0.5936904000000001 0.44200870000000003
8 0.00088993524 0.37250137 0.32026306 0.44457352 0.36670682
9 0.00086686877 0.87200564 0.3638117 0.95123607 0.41973710000000003
5 0.0008576961000000001 0.7841778 0.37209946 0.9163152 0.41739568
11 0.0008347100999999999 0.21318479 0.34493923 0.26215106 0.4947545
1 0.0008242769000000001 0.79459494 0.3789872 0.88085014 0.4251714
5 0.0008160614999999999 0.29436588 0.34876552 0.5455471 0.44158924
13 0.0007982603 0.3744308 0.3232546 0.52020735 0.50356334
1 0.0007781066000000001 0.31559983 0.36758909999999995 0.44596620000000003 0.51291114
12 0.000772549 0.011872951000000001 0.33727694 0.10567184 0.47407427
9 0.0007702448 0.20974045 0.39460728 0.28888035 0.4507442
5 0.0007659878 0.1747533 0.40291575 0.29868448 0.44829267
8 0.0007631781599999999 0.2427426 0.3815913 0.32126212 0.44244552
5 0.0007573425999999999 0.0 0.39248288 0.17492372 0.5018269000000001
8 0.0007481155 0.31946832 0.07742318 0.6260305 0.581912
11 0.0007321766000000001 0.32626203 0.3002486 0.46567532 0.52827305
10 0.0007248393400000001 0.22366588 0.38214412 0.29868755 0.4450749
1 0.00071340025 0.29220355 0.33541107 0.42982215 0.47686693
3 0.00070921273 0.03640548 0.39367473 0.1127583 0.53393835
10 0.0006968587400000001 0.20668358 0.39062527 0.28180942 0.44220132
11 0.0006903633500000001 0.8559955 0.3538315 0.91465384 0.4313286
12 0.0006841016 0.86636174 0.36956197 0.9565084999999999 0.41919179999999995
2 0.0006743764 0.22118731 0.3810014 0.29618059999999996 0.44487029999999994
2 0.0006692575 0.8321674000000001 0.3510061 0.9322444 0.41940764
7 0.0006690427499999999 0.3319209 0.2899325 0.525722 0.46118414
11 0.0006633575999999999 0.23184429 0.38497913 0.2898706 0.46688917
9 0.0006615838 0.30545485 0.33849144 0.45851797 0.4642629
5 0.0006549623 0.79717606 0.37967482 0.95231074 0.42811552
10 0.0006373820400000001 0.81948805 0.36746356 0.89809215 0.41089857
11 0.0006369508999999999 0.36698052 0.21165095 0.46707097 0.6024607
6 0.00063312834 0.32387003 0.29218626 0.54581976 0.4362962
5 0.00063109724 0.19337147 0.39825448 0.2796675 0.47299808
4 0.0006241455000000001 0.8683253000000001 0.35158542 0.9400868 0.42862937
6 0.0006158479 0.0 0.35715568 0.17356011 0.5096182
10 0.0006098634 0.40620002 0.28296492 0.5375526999999999 0.41176108
9 0.0005901195 0.42074478 0.32751635 0.52496433 0.4924464
2 0.00058630167 0.84218353 0.29355840000000005 1.0 0.45509565
8 0.00058551814 0.119809896 0.14404279 0.6365634 0.6692803
8 0.0005817579 0.79430616 0.34316325 0.8570452 0.43114346
9 0.000569114 0.36111253 0.36066514 0.46767790000000004 0.5370275999999999
9 0.0005647196 0.8308829 0.33591953 0.9785764000000001 0.44685042
1 0.00055684306 0.38653436 0.34156585 0.5497495 0.44519806
11 0.00055168197 0.04192132 0.3657606 0.12556015 0.5200778
5 0.0005502461599999999 0.7331691999999999 0.39744937 0.96675885 0.4973878
1 0.0005477908999999999 0.24716967 0.37478572 0.41822170000000003 0.4747005999999999
8 0.0005450297000000001 0.16075826 0.34862596 0.45960605 0.8992423
10 0.0005260362 0.0147168785 0.3375311 0.14510642 0.49666715
2 0.0005257147000000001 0.3165821 0.33344623 0.50821424 0.46011183
11 0.00052563724 0.01872101 0.36092502 0.07026486 0.50200695
12 0.0005199967 0.41843387 0.34122342 0.5842495 0.44086617
12 0.0005132216 0.7616669 0.290161 0.99275494 0.40793803
9 0.0005097726999999999 0.006775904399999999 0.35943237 0.094909176 0.4965791
1 0.0005042426 0.012407898999999998 0.42588547 0.13835834 0.5398663
2 0.0004993779 0.368724 0.2692587 0.543441 0.41502094
12 0.00049397757 0.83670866 0.36332268 0.9184679 0.42560607
4 0.00049325934 0.42642108 0.31976148 0.56556934 0.49813630000000003
4 0.0004920904 0.22832458 0.37771356 0.3049553 0.47074333
4 0.0004890538 0.8415521999999999 0.35249913 0.9322674999999999 0.4346697
10 0.00048791105 0.008069139 0.355946 0.084986866 0.47073329999999997
7 0.0004877445 0.19283673 0.38229656 0.28154883 0.46629897
1 0.0004670927 0.19563964 0.40148485 0.27253193 0.453784
1 0.0004641777 0.3695195 0.3736415 0.5345287 0.47452512
11 0.00045460023 0.23389982 0.34861790000000004 0.27733 0.48732173
1 0.00045387347999999996 0.3256175 0.33507055 0.46402884 0.47906485
9 0.00044365093 0.37478587 0.33156434 0.48177865 0.5127596
13 0.00044266315000000004 0.76817054 0.37159142 0.9249465 0.47304615
9 0.00043942753 0.013292719 0.40696928 0.09422997 0.54469496
4 0.00043804792 0.21144184 0.38271 0.28904703 0.46513540000000003
12 0.00043430629999999997 0.40340770000000004 0.36374882 0.5821159 0.46577153
4 0.00042142486 0.0376798 0.38051388 0.18357220000000002 0.58034307
6 0.00041428552000000006 0.8002044 0.36337233 0.92767906 0.42045249999999995
2 0.00041075418 0.38410303 0.32017764 0.5478016 0.49606824
6 0.00040908116999999997 0.8166675999999999 0.35865104 0.96779543 0.43372232
11 0.00040417089999999996 0.83802843 0.28148696 0.9586406 0.4960085999999999
5 0.0004011078 0.0 0.41156405 0.19435024 0.5286408
1 0.0003927862 0.36616570000000004 0.32955120000000004 0.49723536 0.47158203
12 0.00038390032999999994 0.017101128 0.3725698 0.10530953 0.5042265
9 0.00038182974 0.8291079 0.38188493 0.98075604 0.48883820000000006
6 0.00037729672999999996 0.20065297 0.39372948 0.30649078 0.45023558
3 0.00037603214 0.38285103 0.31864083 0.44842997 0.36514250000000004
6 0.00036890775999999997 0.0 0.38145605 0.11728366 0.5233369000000001
4 0.00036681787 0.45824793 0.29123634 0.5875224 0.47679344
3 0.0003659212 0.25326622 0.38937816 0.32339877 0.45226333
12 0.00036523497 0.31834427 0.32271433 0.49990615 0.43793204
9 0.0003636929 0.7900253 0.35176405 0.9128428 0.47270745
1 0.00036025987000000003 0.17996679999999998 0.39938520000000005 0.2525404 0.44634578
8 0.00035458972000000004 0.113049716 0.39371285 0.38108402 0.9052868000000001
3 0.00035427147000000004 0.3321305 0.30588648 0.6058885 0.4929616
2 0.00035253784 0.3634913 0.30457368 0.49084443 0.48250693
7 0.0003525095 0.71710867 0.33498096 1.0 0.5246765
6 0.00034898077000000005 0.29558579999999995 0.3692472 0.5507798 0.4867875
12 0.0003488789 0.20678398 0.38586313 0.29899213 0.4423469
9 0.00034860472 0.33900687 0.32981235 0.44854316 0.5194143
8 0.00033565567 0.19181326 0.37900257 0.24742869 0.45186383
8 0.00033426884 0.045845285 0.40791628 0.30270106 0.9366302
12 0.00033280178 0.35913646 0.33802659999999995 0.48911393 0.49708992
10 0.0003307818 0.25693649999999996 0.35766783 0.3020199 0.46350124
8 0.00033013233999999996 0.32264176 0.26746252 0.63035095 0.8846208000000001
7 0.00032862512000000004 0.0013630204 0.33827087 0.09068382 0.51641315
6 0.00032569340000000003 0.0 0.35244352 0.10939052 0.4905107
9 0.00032458996 0.02390135 0.41199595 0.18229952 0.54065835
8 0.00031976978 0.048612817999999995 0.24806085 0.34942280000000003 0.71624
1 0.00031857903 0.720865 0.34342033 0.8900285 0.43663785
7 0.00031854393 0.0 0.37885234 0.15230878 0.58485967
10 0.00031655474 0.38822207 0.2996307 0.50300217 0.5188348
1 0.00030984427000000004 0.21353829 0.40218738 0.28858155 0.45949274
12 0.000303267 0.40059367 0.32144505 0.51976174 0.4629758
12 0.00030233798 0.34460914 0.29789624 0.47472286 0.47262478
5 0.0003019962 0.26273522 0.41304487 0.4695212 0.51677483
6 0.00029818404999999997 0.0 0.38675570000000004 0.19922009 0.54663664
1 0.00029814452999999997 0.7887392 0.33352005 0.938707 0.42160177
7 0.0002979608 0.82407135 0.34399763 0.92162305 0.44684264
10 0.00029019310000000004 0.44097233 0.3192414 0.5825491 0.47122484
7 0.00028888587000000006 0.8000276 0.35064358 0.89064157 0.44265184
10 0.00028845252 0.009202663 0.41908443 0.09798062 0.54432774
5 0.00028608725 0.33356848 0.38790867 0.59968674 0.5106833
6 0.00028409992 0.26423928 0.33704743 0.5196383 0.44800028
10 0.0002816692 0.3395574 0.35415405 0.5272856 0.489278
10 0.00027869517000000005 0.2545133 0.38160062 0.31274775 0.44604826
8 0.00027852333999999997 0.22027461 0.3647442 0.2979024 0.42786320000000005
11 0.00027736857999999996 0.41932562 0.28372529999999996 0.5331800999999999 0.4378947
9 0.00027656592999999996 0.8509256 0.35733172 1.0 0.46040459999999994
8 0.00027452042999999996 0.2515306 0.32655725 0.55434585 0.849734
11 0.00027421792 0.427781 0.29137844 0.55257505 0.51544344
2 0.00027245592 0.30777353 0.31257399999999996 0.49340367 0.42858475
10 0.0002719369 0.008370969 0.38465554 0.09100419 0.50966567
2 0.0002705147 0.009976216 0.3782423 0.16116568 0.5182996
10 0.00027029906 0.44759884 0.25536224 0.53497094 0.47917765
5 0.00026908667999999997 0.70580614 0.37811458 0.9062594 0.47071826
2 0.0002689664 0.20222822 0.39007708 0.27692428 0.43506795
7 0.00026288262 0.7862978 0.2898375 1.0 0.47971326
1 0.00026272435 0.23382470000000002 0.39302102 0.29341259999999997 0.46865013
5 0.00026126953999999997 0.2926512 0.36950535 0.43687794 0.5234291
5 0.00025869964 0.20694397 0.40172857 0.29767734 0.48677380000000003
3 0.00025617084 0.029954754 0.84198934 0.21179491 0.99176794
1 0.00025305388 0.35007602 0.35302013 0.5244260000000001 0.45590824
11 0.0002518132 0.43024155 0.21322750000000001 0.51503104 0.52569515
2 0.00025179418 0.23072107 0.36256042 0.28355009999999997 0.45630288
11 0.0002483495 0.87928855 0.3585692 0.9266958000000001 0.42761930000000004
9 0.0002468931 0.22908711 0.39182925 0.28435624 0.46882212
10 0.00024656893 0.22013421 0.37840593 0.27328336 0.45546395
9 0.00024639474999999997 0.21323785 0.38963848 0.266783 0.47062328
12 0.00024529555 0.24071121 0.386466 0.30074120000000004 0.45949247
1 0.00024411156000000002 0.7807742 0.38755265 0.93031293 0.4876956
5 0.00024377752999999998 0.00058753043 0.4499149 0.10267674 0.7096621999999999
10 0.00023963554 0.23581289 0.3594882 0.28837009999999996 0.45506087
13 0.00023856139 0.0139864795 0.35467434 0.10045934 0.65339124
10 0.00023622474999999998 0.32064265 0.32907670000000006 0.4779454000000001 0.44326579999999993
2 0.00023606731 0.02598751 0.30566168 0.14301784 0.539805
7 0.00023267229 0.0 0.39256716 0.089714855 0.57480335
13 0.00023161035 0.0 0.30449283 0.17987245 0.6297628000000001
5 0.00023115228 0.0 0.45202029999999993 0.15468320000000002 0.585443
11 0.00022961796000000003 0.8807325999999999 0.27591118 1.0 0.48515870000000005
10 0.00022899862000000002 0.46075904 0.293031 0.58762825 0.44032833
11 0.00022818957000000003 0.78634524 0.27207342 0.90159047 0.48349607
7 0.00022526835999999998 0.21481289 0.36341432 0.2868186 0.4931905
8 0.00022408738999999997 0.21313842 0.20542948 0.49218649999999997 0.8434845
2 0.00022369865000000002 0.0044045895 0.41417497 0.17309159 0.549975
12 0.0002221616 0.7822887 0.31523177 1.0 0.43174586
7 0.00021912751 0.26441878 0.34113315 0.50241166 0.52336353
5 0.00021845848999999998 0.78158724 0.38149240000000006 1.0 0.48551613
8 0.00021637531000000002 0.023376271 0.39705595 0.17953204 0.9166752
3 0.00021614056 0.22025022 0.36813396 0.29314783 0.44037777
10 0.00021320726000000003 0.36901408 0.29078943 0.48035854 0.48705822
6 0.00021314330000000002 0.18986799 0.39961073 0.28634793 0.4443562
1 0.00021289726000000002 0.8105671 0.36222592 0.95874554 0.46147323
12 0.00021227307999999997 0.87046325 0.36603025 0.93408906 0.43312916
11 0.00020917176 0.037524643999999996 0.38211074 0.13857758 0.5875821999999999
4 0.0002074629 0.89198697 0.34611988 1.0 0.48814799999999997
2 0.00020615893 0.21710986 0.36405605 0.27467752 0.44556642
4 0.00020098772000000002 0.42516798 0.27242790000000006 0.5249655 0.49595582
8 0.00019863468000000002 0.40245882 0.33670706 0.46262386 0.45942095
13 0.00019514851999999998 0.37579772 0.31931087 0.43668106 0.3661703
4 0.00019272107 0.018098716 0.35922775 0.10246602 0.49531254
8 0.00018923258000000002 0.44961409999999996 0.20100112 0.8131904000000001 0.72676605
5 0.00018845918000000002 0.36423725 0.37375656 0.5291449 0.5508124
2 0.00018845036 0.007951625 0.38325897 0.094431 0.5044761
2 0.00018843346 0.022682644 0.32865435 0.10804804400000001 0.4431219
4 0.0001883898 0.007943749 0.39544502 0.10511196 0.55791664
2 0.00018617744 0.8205365 0.35700354 0.9098593 0.40422934
10 0.00018284467 0.4116763 0.27243555 0.5078603 0.48144436
11 0.00018280036 0.25631620000000005 0.35450658 0.29651818 0.47110152
7 0.00017616292 0.1796152 0.39529428 0.2633705 0.46006656
2 0.00017082597 0.013655226999999999 0.35159308 0.0965219 0.47455075
4 0.00016976341 0.3292466 0.35635272 0.50860083 0.50698936
9 0.00016945216000000001 0.33571175 0.39321378 0.49876413 0.52124906
6 0.00016596215 0.0 0.44383228 0.18883799 0.58614016
11 0.00016332779 0.44602048 0.27769405 0.574713 0.4722449000000001
8 0.00016072205 0.8130413000000001 0.34207147 0.88656497 0.42423770000000005
2 0.00015936508 0.40802935 0.2626436 0.5189295 0.50264525
13 0.00015934395 0.0 0.4358084 0.12500125 0.5058954000000001
8 0.00015871399 0.012596421000000002 0.4074967 0.08304167 0.5034069999999999
2 0.00015771405 0.034138697999999995 0.29328150000000003 0.113927335 0.59137505
6 0.00015428981000000002 0.3582607 0.37709826 0.6202714 0.5021597
8 0.00015279024 0.8429049000000001 0.36306915 0.92566526 0.42587602
9 0.00015244422 0.24800943 0.39241570000000003 0.30540344 0.4649359
2 0.00015197262 0.38489586 0.27108306 0.499637 0.45435438
9 0.00015193652 0.021233678 0.37438756 0.11613926 0.5454624
9 0.00015127777 0.80809724 0.36032942 0.8890399 0.43378225
12 0.00014998825000000002 0.21078858 0.37303367 0.2784594 0.4556486
5 0.00014820576999999998 0.35485733 0.37148600000000004 0.6293131999999999 0.4851351
7 0.00014717822 0.31225142 0.31101424 0.48892840000000004 0.5818949999999999
4 0.00014645947 0.8419745000000001 0.36900616 0.99602437 0.5102063
8 0.00014604596000000001 0.027195364 0.10413056 0.22344682 0.7301749
6 0.00014575683000000002 0.3175578 0.35809654 0.5234681 0.52895373
3 0.00014439567 0.38535148 0.22810695 0.70915264 0.8603569999999999
13 0.00014242817 0.8317778 0.35442773 0.91241217 0.44956532
12 0.00014166642 0.24259450000000002 0.39668298 0.31782955 0.44755740000000005
9 0.00014160711999999998 0.031866126 0.40381926 0.098332115 0.63914376
11 0.00013866598999999998 0.040378067999999996 0.19651534 0.10105692 0.7509323
3 0.00013839819 0.20688553 0.36759898 0.26211023 0.43247733
9 0.00013762274 0.19806165 0.39802167 0.26604623 0.44978422
8 0.00013453924 0.010989658999999999 0.14740029999999998 0.16109839 0.7471207
3 0.00013273292 0.23718747 0.40661484 0.30439040000000006 0.472721
10 0.00013268394 0.024897172999999998 0.34659177 0.17916970000000002 0.5353111
1 0.00012882370000000002 0.002274938 0.46033690000000005 0.1357126 0.56546086
11 0.00012761855 0.8476143 0.30678108 0.8916718000000001 0.44643158
4 0.00012693803 0.25109717 0.35943769999999997 0.30244866 0.47353923
13 0.00012615252000000002 0.0 0.8329431 0.18145263 0.97703964
13 0.00012601 0.0 0.40645316 0.1067384 0.49303642
2 0.00012599242 0.7651329000000001 0.31727034 0.9744636999999999 0.44172177
7 0.00012581423 0.34693345 0.33477053 0.5541724 0.5193289000000001
3 0.00012298352 0.37024102 0.330758 0.45788547 0.38243955
11 0.00012168669 0.33719185 0.21527293 0.44006476 0.5910801
13 0.000120087934 0.18632142 0.35787463 0.3225243 0.48197228
4 0.00011945341 0.8795898999999999 0.32143518 1.0 0.45310423
8 0.00011756037 0.12249895 0.2650126 0.37165612 0.5296962
5 0.00011275968 0.81509835 0.3681012 0.9009357 0.45018962
