8 0.7733241999999999 0.23709957 0.39550728 0.49288622 0.49531144
3 0.7512736999999999 0.7777785 0.39005706 0.90772885 0.4671389
8 0.68595123 0.5920057 0.40622818 0.74568826 0.47673652
8 0.5400146 0.7568053000000001 0.38456799999999997 0.93825907 0.46567377
3 0.51075333 0.9092971 0.42347429999999997 0.99140763 0.4869029
3 0.27851698 0.27471676 0.39902923 0.46581367 0.49970537
3 0.2493186 0.59839225 0.40583533 0.73913366 0.4834806
8 0.15582806 0.7515818 0.37784246 0.97868055 0.48679623
8 0.044099845 0.90373355 0.42330298 0.9965649999999999 0.47521815
3 0.03260641 0.25298414 0.41844913 0.33984002 0.50110614
8 0.03046543 0.7874825 0.37651804 0.89464927 0.47491562
8 0.020732377 0.28636646 0.40966812 0.42560437 0.49325509999999995
8 0.01708601 0.5741111 0.37168607 0.7793353 0.48932597
3 0.013496716 0.9482939 0.42310870000000006 0.9984700999999999 0.48406938
3 0.01180756 0.59778106 0.40377247 0.6854418000000001 0.45910677
3 0.010516979 0.8020616 0.38514605 0.90424705 0.4246793
8 0.008806314 0.24426824 0.41671103 0.34341976 0.4887066
3 0.0071381097999999995 0.92981935 0.40973485 0.99977976 0.46322393
3 0.005921710300000001 0.30340457 0.4062226 0.42328063 0.5030483
8 0.00556975 0.63202685 0.39308584 0.73792267 0.47238505
8 0.0043192394 0.7862219 0.3882429 0.9096526 0.43455175
8 0.0041987775 0.25666657 0.42404440000000004 0.41075802 0.4870339
3 0.0033123042 0.08775486 0.43753165 0.16560446 0.481019
3 0.0031302715999999998 0.95443445 0.40740627 1.0 0.47072650000000005
13 0.0029628320000000003 0.630987 0.43335673 0.7535548000000001 0.47956553
3 0.0026880960999999997 0.76740426 0.39403990000000005 0.8656944 0.46477890000000005
3 0.0026383467 0.63838583 0.3970094 0.7506782 0.48078940000000003
13 0.002636302 0.76855534 0.3982575 0.8903254999999999 0.4589868
3 0.0026204353 0.79831237 0.39226055 0.9644370000000001 0.4841210999999999
13 0.0023759761999999998 0.5964005 0.42174062 0.710064 0.47556356
8 0.0023681372 0.079056844 0.43962902 0.16244778 0.48058474
8 0.0020431278 0.7222491999999999 0.36026433 0.9391338 0.49770778
8 0.001996346 0.6436993000000001 0.36741132 0.8663166999999999 0.50006706
13 0.0016921978 0.7772958000000001 0.38591516 0.8686993000000001 0.48281842
13 0.0014164272000000001 0.23859842 0.3948006 0.41522664 0.5151266999999999
11 0.0013980306 0.7870689999999999 0.38835517 0.8691088 0.47117072
13 0.0013897882000000002 0.64521325 0.40348437 0.7363293000000001 0.47967505
3 0.0012705277 0.26313207 0.42216563 0.37225749999999996 0.49207428
13 0.0012101236 0.8942386 0.42860028 0.9899329 0.483212
13 0.0012042861 0.25749248 0.42687953 0.44146112 0.54027677
13 0.0011504235 0.27727777 0.3960592 0.47820118 0.52684397
13 0.0011173968 0.79652476 0.39808252 0.93564487 0.45948213
8 0.0010707027 0.070070215 0.43942109999999995 0.41450703 0.9043134
8 0.0010319228 0.9048982 0.40910634 0.9890021000000001 0.46054209999999995
9 0.0010068322 0.8148308000000001 0.40099959999999996 0.93998975 0.45605159999999995
8 0.0009893101 0.5899409999999999 0.40306363 0.67532766 0.4579986
9 0.0009783951 0.68242645 0.40043527 0.74621123 0.46823904
9 0.0009677962 0.6670858000000001 0.43050109999999997 0.77899593 0.48177034
11 0.0009184794000000001 0.6166216 0.4133937 0.6918821999999999 0.49842972
9 0.00089744705 0.6498898 0.41039068 0.74907815 0.45905635
4 0.0008294175 0.66767883 0.40492585 0.7567041999999999 0.4886968
8 0.0008094258000000001 0.9448636999999999 0.42154077 1.0 0.47571513
2 0.00080627424 0.2987312 0.36512452 0.5160393 0.51213896
1 0.0007957083 0.14190492 0.39452899 0.3869827 0.47749314
2 0.0007888111 0.2379516 0.40311044 0.5004094 0.52360123
11 0.0007805905999999999 0.81746995 0.34546053 0.8744091 0.49643806
11 0.00077672984 0.7921552 0.35623252 0.8523033999999999 0.49238938
5 0.0007622458500000001 0.7356333 0.40980285 0.9068527 0.45422292
10 0.0007173535400000001 0.8191958 0.38533306 0.9281449 0.44679359999999996
11 0.0007152196000000001 0.8330199 0.38142437 0.91719913 0.47249502
1 0.0006958965700000001 0.6433625 0.4056691 0.7323470999999999 0.4626205
10 0.0006865171 0.67682606 0.4145571 0.7717304 0.47533277
3 0.0006816243400000001 0.8931359 0.40413123 0.99636096 0.48985237
1 0.0006785026600000001 0.75861377 0.41550925 0.8699986999999999 0.46443096
5 0.0006774859 0.16920502 0.45519486 0.43576807 0.55522877
2 0.0006742461 0.64383405 0.4138001 0.7507195 0.48398718
5 0.0006642973 0.16089322 0.420059 0.42702115 0.49656346
12 0.0006459535 0.6459341 0.40815204 0.75450563 0.46141556
8 0.0006271436599999999 0.7602853 0.3910335 0.87290883 0.45801663
8 0.0006244763 0.8737099 0.39491323 1.0 0.49466097
10 0.0006102428299999999 0.7783012 0.4021847 0.8875902 0.44983318
13 0.0006068684999999999 0.7638917 0.39301163 0.95026666 0.5080614
5 0.0006016795 0.7627782 0.4027884 0.86912405 0.47673940000000004
9 0.0005917795 0.25063035 0.39383850000000004 0.4248510999999999 0.5026689999999999
11 0.00058881874 0.66223097 0.40781880000000004 0.7297843 0.49981970000000003
5 0.0005843287 0.57971406 0.43608050000000004 0.70481664 0.48279068
13 0.00056730385 0.6416622 0.42420685 0.73501337 0.49429700000000004
1 0.00054669846 0.641117 0.43123227 0.74800307 0.47872534
1 0.0005456327 0.57296026 0.43600196 0.67523944 0.47740972
13 0.0005411846 0.79640687 0.3958649 0.9002101999999998 0.47765574
12 0.0005334688 0.6681524 0.406413 0.7386378 0.46979102
11 0.00052972755 0.68727654 0.40898153 0.75082344 0.49335602
10 0.00051335915 0.6137344 0.43535203 0.71365523 0.4799437
5 0.00051321357 0.77895504 0.41063590000000005 0.8899530999999999 0.48738924
12 0.0005123176 0.66205275 0.43072897 0.7781815 0.47635815
6 0.0005115647 0.62643707 0.39895394 0.77047837 0.45800290000000005
7 0.0005114266 0.8860838 0.42314840000000004 0.9939388000000001 0.49485576
5 0.00050838874 0.59519565 0.444272 0.7563286 0.49412298
6 0.0004996175400000001 0.759289 0.40138072 0.9234792 0.461674
1 0.0004967665 0.7987661 0.41289413 0.9186599 0.4680364000000001
3 0.00048743302000000004 0.595956 0.41613075 0.69847673 0.47840628
9 0.00048276124 0.32885924 0.39600995 0.5239621 0.49221843
4 0.0004761303 0.8132791 0.38711512 0.94427073 0.47108638
4 0.00047518132000000005 0.6521402 0.394353 0.7420951 0.46099840000000003
12 0.00047321187000000007 0.8151683000000001 0.40227923 0.9443049000000001 0.45703477
9 0.0004723037 0.7910812 0.39211467 0.9698808000000001 0.4958189
8 0.00046839382000000003 0.47118238 0.47363526 0.85558164 0.8787662
4 0.00046744464999999997 0.6362563 0.4086493 0.74681383 0.49428132
1 0.00045483937999999996 0.6205234000000001 0.41228774 0.7267637 0.45579886
1 0.0004537182 0.783814 0.4091518 0.8686325 0.47606075
10 0.00045319292 0.65366226 0.39776003 0.73656505 0.44816762
8 0.00044992975999999995 0.94868594 0.4097545999999999 0.99516517 0.46440193
2 0.00044936115999999997 0.6520963000000001 0.39040473 0.7405170999999999 0.45609440000000007
2 0.00043603585999999996 0.8987871999999999 0.42404014 1.0 0.47474733
12 0.000430993 0.80528826 0.39243048 0.8878849 0.47098770000000006
7 0.00042304364999999996 0.75941753 0.38060704 0.8815691999999999 0.48147568
13 0.00041571230000000004 0.24523242 0.41922170000000003 0.32105815 0.5045811
11 0.00040870428 0.29361358 0.35024962 0.44198593 0.59221244
11 0.0004064011 0.25437623 0.34853098 0.37695759999999995 0.5181764
2 0.00040533050000000003 0.8098508000000001 0.38481677 0.9258821 0.45830459999999995
5 0.00039971003 0.17619422 0.4355297000000001 0.46145410000000003 0.5321300999999999
10 0.00039907660000000004 0.8602393 0.38475043 0.94231707 0.44959906
9 0.00039725337 0.7754524 0.4011421 0.88659364 0.4609911
13 0.0003885063 0.60633206 0.40156624 0.7151682 0.46816713
6 0.00037024982000000004 0.6411364 0.43158823 0.79851574 0.4865974
12 0.00036434608 0.7939135 0.3974051 0.90576863 0.45677929999999994
8 0.00036058528 0.77642894 0.40195027 0.8782701999999999 0.46971235
9 0.00035792617999999993 0.29294223 0.44369045 0.47815555 0.54417306
5 0.00035715513999999993 0.75445986 0.41234952 0.96442235 0.4634351
11 0.00035109613 0.8106404 0.30763754 0.97444475 0.5282029
8 0.00034863432000000003 0.32413733 0.41335259999999996 0.44335714 0.48871756
5 0.00034746435 0.7059768 0.4174312 0.9618034 0.51305795
2 0.00034094587 0.7821741999999999 0.39268932 0.89356476 0.4466536
10 0.00033929286 0.8221222 0.3760593 0.88233685 0.465875
13 0.00033699394999999995 0.20493248 0.4222229 0.39753935 0.5300467
13 0.00032918227999999993 0.6014628000000001 0.39261997 0.68239814 0.4846456
2 0.00032252836 0.7735417 0.3483483 1.0 0.48488617
6 0.0003105689 0.9003905999999999 0.43418762 1.0 0.48540813
13 0.00031036226 0.6015037 0.40012833 0.75766885 0.5205681
11 0.00030553245 0.6701319 0.40309256 0.7221816999999999 0.45898142
13 0.0003037398 0.30785690000000004 0.41526729999999995 0.40171188 0.5003696
11 0.0003031883 0.92594475 0.4300464 0.98109955 0.4937323
8 0.00030107435000000004 0.26264685 0.4115445 0.32550204 0.49515676
5 0.00029995115 0.60160905 0.4238739 0.75762385 0.4635258
1 0.0002994817 0.23018342 0.39964970000000005 0.46173100000000006 0.48298773
11 0.00029749787 0.3449291 0.34954554 0.47798359999999995 0.5575171999999999
2 0.00029686240000000003 0.6121353 0.42225727 0.71609914 0.46672872
6 0.00029552175 0.78775084 0.3944646 0.96143943 0.46656242
9 0.00029289458 0.6763191999999999 0.40986598 0.76869994 0.45670387
7 0.0002885945 0.7912008 0.37863314 0.9257788 0.47972209999999993
12 0.00028548494 0.21592985 0.36263347 0.45084792 0.47382920000000006
9 0.0002851193 0.6565793000000001 0.40414944 0.72192353 0.47602698
3 0.00027978251 0.5885576 0.41019183 0.65817994 0.45695227
1 0.00027631703 0.70986897 0.39336908 0.92151064 0.48553258
7 0.00027540996 0.7022175 0.36263016 0.9811841 0.5418964
10 0.00027071623 0.6898732 0.3695968 0.7430845 0.464776
6 0.00026846162 0.58762217 0.43236288 0.7515105 0.47791117
11 0.00026729467 0.2950711 0.35747898 0.41822362 0.52274317
9 0.00026175252 0.8055661999999999 0.39868197 0.8768674000000001 0.47838379999999997
10 0.0002581822 0.6338691 0.40140495 0.71444356 0.44842216
4 0.00025391037 0.67930245 0.368593 0.74245805 0.47627939999999996
12 0.00024496313 0.6479634 0.40136287 0.7246421 0.47601375
3 0.0002446883 0.89010316 0.42127088 0.96973807 0.48772758
13 0.0002398 0.79439545 0.38809679999999996 0.887231 0.43405244
11 0.00023899343999999998 0.64772874 0.40302327 0.7004077 0.45689129999999994
1 0.00023856339 0.8080531999999999 0.40583020000000003 0.8892099 0.47517774
8 0.00023655672 0.3174267 0.40134212 0.39439204 0.49816585
1 0.00023534756000000002 0.23893547 0.42192012 0.45616353 0.5173258
9 0.00023433956000000003 0.28942865 0.41504753 0.4718942 0.5193805
9 0.00023297400000000002 0.8440344999999999 0.40274662 0.96168464 0.45110527
1 0.00023080125 0.19376457 0.44362250000000003 0.41872970000000004 0.5445747
9 0.000229968 0.6262411999999999 0.41201907 0.72314036 0.46150586
7 0.00022977804 0.24323440000000002 0.38063159999999996 0.49680683 0.5486901
1 0.00022363146000000002 0.5881024 0.41487595 0.6774684 0.45511186
5 0.00021720167000000002 0.23701431 0.42316023 0.52588147 0.51172525
10 0.00021426995 0.91904694 0.41956708 1.0 0.48207578
10 0.0002127436 0.7952505 0.39490992 0.8650752 0.46417394
9 0.00021268317999999998 0.9233879 0.43690908 1.0 0.4779236
13 0.00020862221999999998 0.7490453 0.42199832 0.9215402 0.5132898
8 0.00020763824 0.4068945 0.70946497 0.92565477 0.9328040000000001
11 0.00020213556 0.62767684 0.40218058 0.68414927 0.45561260000000003
12 0.00019583991000000003 0.61918837 0.40701994 0.71112204 0.46080699999999997
8 0.00019366201 0.051708486 0.33950976 0.24582325 0.9387713
1 0.00019298587 0.57846665 0.40992394 0.66311586 0.46688554
7 0.00019175895000000002 0.15863869 0.3668297 0.41619793 0.5273864
7 0.00018972656000000002 0.15441616 0.41036190000000006 0.47997645 0.5741221
8 0.00018883537 0.112576306 0.29940715 0.73548484 0.7829276
9 0.00018806073 0.67954576 0.42414090000000004 0.74674195 0.4960304
11 0.00018684486 0.68849874 0.37439296 0.7317945 0.47686297
7 0.00018607204 0.62330467 0.41811892 0.7456258000000001 0.49603182
8 0.00018419926 0.87326366 0.41761658 0.9562815 0.47680697
10 0.0001828848 0.85113484 0.36511314 0.90253663 0.46457943
9 0.00018254633000000002 0.60376185 0.43500692 0.7005099 0.48694387
11 0.00018080880000000002 0.90255463 0.43002959999999996 0.95744586 0.49348795
4 0.00017932058999999998 0.77150875 0.39414403 0.9025167 0.4667169
8 0.00017668479 0.26475766 0.43123525 0.65247697 0.8772935
8 0.00017585001 0.23353383 0.37230444 0.43420908 0.5218716
10 0.00017534095 0.6163794 0.40960315 0.6986449 0.45124283
10 0.00017501578000000002 0.35338467 0.40258062 0.41080803 0.49109808
2 0.00017352734 0.81321335 0.36974534 0.88883334 0.45991462
11 0.00016992107 0.8641594000000001 0.3809482 0.9363277 0.46525672
2 0.00016399611000000001 0.22194557 0.3536719 0.46993962 0.46425283
3 0.00016305298999999998 0.056782125999999995 0.48714215 0.45438144 0.95516574
5 0.00016119388000000002 0.88559866 0.43939382 0.99525136 0.4896346
9 0.00016107327 0.83217174 0.3975911 0.90290433 0.47193509999999994
7 0.00015937454 0.7902212 0.3651402 0.88201326 0.5018384
11 0.00015580651000000003 0.6678791000000001 0.3655026 0.7148551999999999 0.48396819999999996
12 0.00015390718000000001 0.9140823 0.42182645 1.0 0.47408962
1 0.00015182122 0.89616877 0.44255495 0.9838289000000001 0.4839145
2 0.00015047911 0.66338545 0.39321423 0.7319726 0.49936453
12 0.00014981421000000001 0.6302246 0.42171967 0.73461306 0.47915366
8 0.00014971403 0.16226244 0.44401217 0.52242374 0.87791914
3 0.00014824073999999997 0.3196263 0.42396405 0.44524220000000003 0.49394175
10 0.000148234 0.6734810999999999 0.37301597 0.7247062 0.46669993
6 0.00014548785 0.5952586999999999 0.40390572 0.7353119 0.4526236
1 0.00014091465 0.12097933 0.41366297 0.35436282 0.50067025
4 0.00013838979 0.62841403 0.39757633 0.72149307 0.4600665
9 0.00013802867 0.62077755 0.39761198 0.7896626 0.5085869000000001
6 0.00013783615 0.16445509 0.37762517 0.49759057 0.48121655
4 0.00013657036 0.6812301 0.39147540000000003 0.7561953 0.45500037
12 0.00013244945 0.24692674 0.39319357 0.5408869000000001 0.49638265
6 0.00012744457 0.20586763 0.43468142 0.52773863 0.5518856
5 0.00012693486999999998 0.6249029 0.42625687 0.7310354 0.49461386
10 0.00012687506 0.6757936999999999 0.3962094 0.75287443 0.44683420000000007
7 0.00012617947 0.6343819 0.39640936 0.7299975000000001 0.46713609
2 0.00012540042 0.7601736 0.38420737 1.0 0.51096994
11 0.00012514324 0.84679455 0.34143654 0.89757943 0.49557979999999996
7 0.000121759535 0.5663136999999999 0.42268887 0.7117901999999999 0.4956521
4 0.00011856806999999999 0.34531155 0.37174809999999997 0.5368869000000001 0.5123429
13 0.00011847233 0.6114679000000001 0.4121009 0.70681304 0.49778140000000004
13 0.000118445205 0.08143272 0.4390314 0.14356007 0.48212484
5 0.000117715565 0.7988165 0.41789052 0.9099309999999999 0.49376210000000004
13 0.00011758666000000001 0.59048486 0.4097865 0.6677682 0.45927256
1 0.00011649295 0.3036046 0.42395908 0.3923889 0.49445909999999993
11 0.00011645871000000001 0.6229528 0.37109023 0.67922807 0.48535573
8 0.000109117245 0.6714906 0.8057155 0.74113435 0.8443630999999999
4 0.00010828628999999999 0.26005366 0.41989878 0.48419670000000004 0.56314117
8 0.00010812073 0.6039233 0.46983379999999997 0.9010450999999999 0.8815976999999999
12 0.00010795206599999999 0.66645217 0.42545024 0.7457888 0.49042857
8 0.00010701307500000001 0.45589936 0.16905539 0.8157508000000001 0.86594576
4 0.00010660178999999998 0.91943663 0.42596385 1.0 0.48546132
8 0.00010595423000000001 0.020620925 0.13921136 0.35445112 0.82783335
2 0.00010519778999999999 0.62164336 0.40186614 0.70862657 0.44534963
8 0.00010476858 0.82259303 0.38944367 0.9319267 0.464416
8 0.0001045128 0.07666473 0.7149369000000001 0.44878140000000005 0.97069055
10 0.00010321478999999999 0.6906472 0.38638175 0.7478663000000001 0.48967743
10 0.00010310620000000001 0.26459202 0.35775137 0.44858888 0.50190216
2 0.000102629 0.8290591999999999 0.36738178 0.9029845999999999 0.47375909999999993
9 0.000100287994 0.77028155 0.42035779999999995 0.9502018 0.51444304
5 0.0001001243 0.5758826 0.41741937 0.70071775 0.45881320000000003
1 9.914026e-05 0.5972645999999999 0.40680644 0.69067115 0.46708059999999996
7 9.912351e-05 0.6547233 0.381318 0.72829825 0.49569485
5 9.9106845e-05 0.6857154000000001 0.44151634 0.9292265 0.53405845
3 9.486412500000001e-05 0.48558825 0.47574252 0.9204625 0.9688171999999998
10 9.399409e-05 0.901804 0.42276883 0.9809233 0.48625820000000003
10 9.354563e-05 0.3703533 0.34216326 0.54740804 0.5333872
4 9.32982e-05 0.67378575 0.38768098 0.73344547 0.49601766
4 9.299463e-05 0.28761512 0.37762186 0.49947497 0.5079707
3 9.285124e-05 0.79721993 0.41333175 0.9233708 0.47492483
8 8.875296e-05 0.77819854 0.38561618 0.87087023 0.43018633
6 8.86257e-05 0.2412237 0.40138638 0.5490378 0.52488744
5 8.837197e-05 0.586973 0.41424873 0.6849003 0.47970912
1 8.821914500000001e-05 0.87261385 0.43794809999999995 0.95750386 0.4815209
12 8.7174485e-05 0.61695915 0.3893236 0.6937723000000001 0.47534898
12 8.673948e-05 0.7017196 0.35125229999999996 1.0 0.47410432
1 8.6712294e-05 0.55216813 0.39137402 0.73999953 0.48009979999999997
1 8.530822e-05 0.57978445 0.4287184 0.6619275 0.49232066
1 8.517543e-05 0.62214977 0.42407572 0.71085787 0.49129274
10 8.468096e-05 0.3226559 0.37775242 0.5462667 0.5694085
8 8.3684026e-05 0.28445974 0.40567765 0.34855992 0.4966765
13 8.321362e-05 0.28812817 0.42666000000000004 0.41032997 0.48299566
5 8.3201594e-05 0.6386654 0.44087842 0.74397415 0.5211895000000001
9 8.3164465e-05 0.9093443000000001 0.43428320000000004 0.9788606 0.48018113
12 8.3101455e-05 0.33808082 0.42732790000000004 0.41294269999999994 0.49735606
11 8.1367776e-05 0.34590709999999997 0.39697155 0.39165720000000004 0.517358
11 8.1249644e-05 0.6491840999999999 0.31093323 0.8047896 0.5104621
13 8.0100486e-05 0.26709109999999997 0.41302887 0.3701275 0.50304973
8 8.006896999999999e-05 0.1055027 0.12560362 0.56404227 0.8854820999999999
3 7.896482e-05 0.6697264 0.80651325 0.74594456 0.84272754
10 7.757866999999999e-05 0.62369555 0.39795855 0.68553233 0.46731654
8 7.7490935e-05 0.34591234 0.42399818 0.44542888 0.47966987
8 7.6123484e-05 0.7964262 0.41201693 0.90472883 0.4701124
4 7.570640400000001e-05 0.79864454 0.37453198 0.89120287 0.4766407999999999
13 7.51896e-05 0.25913376 0.39752287 0.41087306 0.5888335
6 7.496725e-05 0.77787817 0.38840640000000004 0.9161556000000001 0.48124263
8 7.360158599999999e-05 0.7894438 0.37516084 0.8484693999999999 0.46673339999999996
9 7.346076e-05 0.78048575 0.39539775 0.8494749 0.48690888
12 7.150699999999999e-05 0.6309899999999999 0.39963907 0.7066281999999999 0.48125768
8 7.135557e-05 0.5083773 0.31862602 0.87740767 0.7974161999999999
5 7.107513e-05 0.5258738000000001 0.42513075 0.78195953 0.5172905
4 7.007542e-05 0.8151016 0.37611753 0.9941235 0.5123166
9 6.988312e-05 0.23191674 0.41311294 0.40226890000000004 0.52768296
13 6.986185e-05 0.71197987 0.41121835 0.89704895 0.50137943
13 6.96058e-05 0.24137056 0.4288375 0.35268679999999997 0.4838548
3 6.913323e-05 0.59019715 0.42306229999999995 0.6551842 0.47489884
2 6.905753000000001e-05 0.7990715 0.37281546 0.87500775 0.44495723
1 6.847156e-05 0.6727198 0.40304354 0.74633574 0.46611379999999997
13 6.827681e-05 0.468408 0.36485174 0.9119560999999999 0.9776349
2 6.734259e-05 0.5976869 0.34397444 0.8533129 0.47791769999999995
8 6.652196e-05 0.050189912 0.5716875 0.39824376 0.96208304
13 6.575946e-05 0.038917027 0.22322816 0.49748996 1.0
5 6.514829e-05 0.58913994 0.42682840000000005 0.6771635 0.50464517
2 6.492300599999999e-05 0.655402 0.3698535 0.7225841 0.46589077
8 6.460714e-05 0.35919023 0.17385262 0.7214851999999999 0.8273513000000001
9 6.4589054e-05 0.6987359999999999 0.40340477 0.7665251000000001 0.47001994
1 6.440873000000001e-05 0.79225934 0.39113146 0.87486446 0.4305758
13 6.331956e-05 0.0 0.34624879999999997 0.40821087 1.0
2 6.310766e-05 0.20879789 0.38052616 0.45897195 0.48712799999999995
2 6.2778374e-05 0.58487064 0.3744842 0.8616197 0.5058632000000001
10 6.156826e-05 0.32658005 0.42631608 0.40792778 0.47267544
