8 0.9597621999999999 0.8153614 0.31058009999999997 0.9879780999999999 0.44508126
3 0.9070504 0.008615255 0.37139776 0.16395375 0.6062664000000001
8 0.8858756999999999 0.4025962 0.37933838 0.5426998000000001 0.45442128
8 0.40812638 0.012279071 0.33055538 0.17992955 0.568
8 0.29073328 0.013152383 0.41052476 0.17087969 0.58821493
3 0.28583074 0.21524875 0.39538983 0.2601007 0.46007365
8 0.25970370000000004 0.029662475 0.9065215 0.17867707 0.9859709999999999
8 0.2530082 0.40463388 0.3590502 0.59967864 0.46053854
8 0.22147025 0.6405689 0.3896737 0.7002874 0.43701196
3 0.19375226 0.42661464 0.3808483 0.52936655 0.45774728
8 0.08929249 0.6330685 0.37616265 0.70090884 0.42925808
3 0.054224997999999996 0.84298223 0.33670965 0.9848822 0.45116138
8 0.038652927000000004 0.20591170000000003 0.39482436 0.27494934 0.46075119999999997
3 0.03264934 0.22017744 0.3933423 0.30503556 0.46036747
3 0.027443257999999998 0.6374084 0.3847065 0.706166 0.43911603
3 0.016517323 0.42471132 0.36975294 0.5776526 0.45731002
3 0.016027813999999998 0.013337962 0.8996609 0.20665777 0.9965815
8 0.015172458 0.51882887 0.38996065 0.59160995 0.44136104
8 0.01423143 0.22162245 0.40451694 0.30772740000000004 0.47005793
8 0.014080964 0.42958838 0.3747591 0.5125872 0.45711446
13 0.0075211906999999995 0.021939337000000003 0.43069205 0.19801626 0.56514907
8 0.006435569 0.85915655 0.3258717 0.9652755999999999 0.44573644
8 0.0054611469999999995 0.0064902530000000005 0.8369700999999999 0.17698747 0.99449515
8 0.0051275496000000005 0.0 0.3171097 0.20259708 0.6295985
8 0.004822691 0.7885456 0.26446357 0.9883472 0.48151594
13 0.0046275216 0.01546447 0.89902323 0.23993053 0.9769121999999999
8 0.0041251094 0.24526199999999998 0.41806689999999996 0.32461044 0.4672621
13 0.0038446183000000003 0.0102640465 0.40980422 0.14616781 0.55510163
8 0.0035691122 0.41774803 0.3884393 0.49272746 0.44725454
13 0.0034412710999999997 0.004917115 0.30192894 0.17606695 0.6025974000000001
13 0.0032134613 0.0064964667 0.34816274 0.24677801 0.6740318000000001
8 0.0030163421999999996 0.016400448999999998 0.35429785 0.134729 0.59826845
13 0.0027785203 0.6385022 0.39505315 0.6954058000000001 0.43505028
13 0.0027780202 0.0 0.3504683 0.13736482 0.5639313
3 0.0025430764 0.24624957 0.41440713 0.33652353 0.47053728
13 0.0024974805 0.039367028 0.44254383 0.17114827 0.620937
8 0.0024074004 0.8350568000000002 0.38912678 0.8992423 0.4423425
9 0.0023764127 0.032038197000000004 0.312959 0.18832548 0.57836694
13 0.0022960631 0.42086396 0.38728923 0.5097337000000001 0.44734088
6 0.0022761552 0.009718992 0.41248536 0.1683572 0.5432011999999999
3 0.0021944596 0.5257470000000001 0.3877705 0.5879498000000001 0.43695506
1 0.0019410629 0.0 0.42380235 0.12213617 0.5328156999999999
2 0.0017656707 0.009363122 0.341688 0.25370717 0.6475892
13 0.0017263289000000002 0.19538717 0.40817302 0.25417504 0.45282117
3 0.0016941798000000001 0.42235246 0.3882985 0.49850532 0.4465589
11 0.0016493001999999999 0.4336991 0.38760644 0.49672505 0.45949033
6 0.0015080652 0.025583401000000002 0.41836807 0.21406828 0.5613403
9 0.0014795198000000002 0.04105325 0.45624503 0.20410337 0.59323394
12 0.0014578728 0.034692198 0.36806318 0.1736404 0.49517113
9 0.0014327895999999998 0.04349739 0.4282805 0.22978675 0.5700265
13 0.0014132382 0.0078029484 0.48307330000000004 0.18365572 0.5869479000000001
10 0.0013707762 0.0063831285 0.3890418 0.14953792 0.5040422
9 0.0013397582 0.018124051000000002 0.39674040000000005 0.17747417 0.53095233
1 0.0013369072 0.0 0.44976738 0.10764362 0.55909437
13 0.0013027495 0.6341195 0.37113205 0.6908761 0.42555815
13 0.0012930991 0.19904168 0.39668378 0.27027965 0.45589885
5 0.0012863973 0.39897642 0.39994356 0.5198045 0.44389609999999996
1 0.0012815972 0.4067805 0.402512 0.4918643 0.45146385
13 0.0012771254 0.022287026 0.36700642 0.18711461 0.73481995
10 0.0012713416 0.0122916475 0.41945937 0.14324188 0.52633077
8 0.0012559805 0.18350296 0.36819497 0.36071068 0.4857884
5 0.0012449217 0.0 0.45220256 0.13134587 0.5645803
2 0.0011732662 0.034272767999999995 0.37280643 0.16843542 0.4916246
8 0.0011670645 0.0021754876 0.23108589999999998 0.20741701 0.7950923000000001
10 0.0011607016 0.42821115 0.39670154 0.50652677 0.44174427
8 0.0011426739 0.01257503 0.35089645 0.17326806 0.86300635
6 0.0010555683 0.0036802515000000004 0.45128006 0.17275384 0.56010693
13 0.0010406426 0.81961507 0.36891490000000005 0.97177774 0.47140822
8 0.0010089666 0.82717234 0.39353130000000003 0.8814716999999999 0.43996587
8 0.0009803682 0.049373224 0.3987961 0.33543366 0.87159467
8 0.0009525842 0.016403928 0.8381243 0.26747352 0.9865124
8 0.0009366609 0.8440699 0.35920882 0.95677084 0.43064678
10 0.000914373 0.01695469 0.45535168 0.14778845 0.56099737
4 0.0008764053300000001 0.08522673 0.40774053 0.24397235 0.5930208
12 0.0008733619999999999 0.047137305 0.43132678 0.25840664 0.5555525
7 0.0008657619 0.0 0.35423312 0.24553728 0.74281585
8 0.0008376245399999999 0.026411712 0.09408572 0.2979616 0.5830843000000001
7 0.0008309543 0.0 0.21617024 0.19063956 0.63103807
2 0.0008282130000000001 0.63161075 0.3919905 0.71406746 0.43871075
2 0.0008177258999999999 0.20674032 0.39210704 0.2719259 0.43678164
2 0.0007987604 0.04323502 0.39098054 0.21569674 0.5821965
4 0.00078393804 0.033946745 0.38759288 0.16805366 0.5251795
10 0.0007678944400000001 0.085469685 0.40673178 0.23581249 0.5745103
11 0.0007601132400000001 0.034955087999999995 0.44568667 0.10683859999999999 0.591804
6 0.00074268214 0.005161129 0.47443458 0.21620107 0.60669935
7 0.0007388468 0.012410164 0.36052367 0.14842249999999998 0.5362148
5 0.0007261284599999999 0.0 0.41564643 0.14644398 0.50929517
13 0.0007233875999999999 0.20753697 0.38924173 0.29273286 0.45890656
12 0.0007182282000000001 0.040748883 0.40645 0.15652989 0.5364879
4 0.0006972966400000001 0.03622204 0.38806242 0.20692098 0.56798464
11 0.00069300644 0.029989235 0.42591873 0.096941985 0.5616813
13 0.0006760687 0.87857515 0.3187002 0.9971021000000001 0.45052293
7 0.0006641639 0.19773770000000002 0.39317393 0.26322237 0.45957709999999996
7 0.0006628589999999999 0.0 0.40182438 0.18898293 0.6087756
12 0.00065673614 0.0 0.22748736 0.18454954 0.49797365
5 0.00063336594 0.0 0.48594499999999996 0.17975067 0.6081023
6 0.0006268143000000001 0.035741642000000004 0.45925137 0.26316255 0.58662707
13 0.0006234699 0.42403029999999997 0.3716601 0.4941066 0.4656186
9 0.00062040257 0.42486522 0.39153898 0.49790505 0.45036176
11 0.00061820337 0.040603876000000004 0.28302842 0.1513914 0.62253326
4 0.0006179673000000001 0.04779452 0.27529603 0.23153204 0.5799754
8 0.0005983376999999999 0.8474639000000002 0.38125476 0.93048507 0.44462979999999996
1 0.00059227704 0.039939716 0.45985138 0.19557033 0.5826043000000001
4 0.00059127 0.022464707 0.43189418 0.20440294 0.6246206
1 0.0005912035 0.0 0.3392662 0.15821949 0.56430125
9 0.0005902315 0.028599813999999998 0.4357495 0.14035396 0.57510984
5 0.0005748508000000001 0.0 0.45695445 0.20343298 0.57725424
5 0.00056190736 0.7383821 0.39566332 0.9592166 0.4871765
1 0.00055440597 0.19798633 0.41239044 0.24889639 0.45159438
10 0.0005512416 0.46379659999999995 0.37805229999999995 0.53922015 0.43721774
8 0.0005490003400000001 0.007503651 0.089208074 0.1974929 0.5481756999999999
6 0.0005447445 0.0 0.4469798 0.28260159999999995 0.7078089
9 0.00053799024 0.04266202400000001 0.45229363 0.23886898 0.68519855
5 0.0005311758999999999 0.0 0.4327067 0.13354047 0.6285663
13 0.00051939074 0.44637015 0.393314 0.53844446 0.45211372
2 0.0005132527 0.01876086 0.39299855 0.1418045 0.5099640000000001
5 0.00051073305 0.0 0.4824321 0.20677957 0.71797115
4 0.00050721 0.020140111000000002 0.4048633 0.15388384 0.5567638
2 0.0005058187 0.04858555 0.39100298 0.17226611 0.64171624
11 0.0005040425 0.046302438 0.45401347 0.15427697 0.6396986
8 0.00050324696 0.22091239999999998 0.14994673 0.5715054 0.8488075
13 0.0005016121 0.43488824 0.37461394 0.59127307 0.5045508
9 0.00050160324 0.45824440000000005 0.39031604 0.53859484 0.44472435
8 0.00050009537 0.01854125 0.4067823 0.11033322 0.5780085
9 0.0004985874 0.83792573 0.31954327 0.9940880999999999 0.43721804
9 0.0004977646 0.042737998 0.38465315 0.24041587 0.63295525
4 0.0004906899 0.071422316 0.39498818 0.18925852 0.64651036
1 0.00048810217000000005 0.0032204688 0.45508868 0.14989074 0.5698960999999999
1 0.00048290116999999996 0.0 0.43873438 0.18287525 0.68029696
8 0.0004779132 0.3702315 0.14843276 0.6387991 0.83820575
6 0.0004776242400000001 0.41093293 0.39294273 0.5418625 0.44849974
4 0.00047746548 0.043097205 0.41052088 0.25648326 0.7092967
2 0.00046252584000000004 0.02000644 0.2583778 0.24545419 0.5796161
5 0.00045916007000000006 0.0 0.40466604 0.21166784 0.62372905
11 0.00045534622 0.057382844 0.29184285 0.22612129999999997 0.74135816
10 0.00044062693 0.22982724 0.39196095 0.29489142 0.44185399999999997
2 0.0004394342 0.4297601 0.38685977 0.51366436 0.43570638
8 0.00043306660000000006 0.034441262 0.1371981 0.38713783 0.7894911
3 0.00042467074999999997 0.0060814843 0.43428612 0.13498425 0.6119416999999999
7 0.00042435373 0.0 0.40792367 0.12214099 0.60376716
8 0.00042192807 0.4369933 0.3813362 0.5231706 0.42450202
9 0.00041288248 0.04065989 0.4952759 0.20711583 0.62391716
13 0.00041191160000000004 0.19913486 0.42859268 0.255222 0.46385866
9 0.00040997084999999997 0.20972243 0.4025678 0.2647523 0.44502318
12 0.0003970619 0.2050513 0.39504075 0.27247557 0.44020329999999996
8 0.00039270415 0.20624317 0.44421604 0.5024132 0.92372376
8 0.00039086674 0.42919812 0.39537895 0.4989123 0.46160975
11 0.0003878425 0.21746619 0.39891538 0.24818484 0.45060882
12 0.0003864378 0.025959833999999998 0.40267822 0.2073005 0.5241498
7 0.00038575966 0.0 0.4370238 0.16383862 0.636146
2 0.0003825889 0.8112256999999999 0.34594426 1.0 0.47425285
11 0.00037574026 0.46892446 0.37886187 0.5293873 0.46017367
2 0.00036965517 0.21463901 0.389153 0.28923708 0.4421527
2 0.00036884952000000007 0.015762165 0.41037425 0.18964301 0.5601538
10 0.0003674334 0.0 0.40787622 0.18862487 0.54495734
8 0.00036731309999999995 0.40070614 0.095520206 0.6786423 0.6067666
3 0.00035540343000000003 0.83967173 0.38943827 0.91018903 0.44979626
11 0.0003514605 0.090513855 0.36790067 0.16403115 0.6600355
10 0.00034615367999999997 0.031002328 0.20860039 0.19120184 0.5946654
8 0.00034420727999999993 0.102565244 0.33551443 0.4065798 0.8949236999999999
9 0.00034218477 0.07580206 0.91230166 0.23716408 0.99167824
6 0.0003410398 0.19082636 0.40133800000000003 0.27641314 0.44715363
5 0.00034057921999999997 0.0 0.47899646 0.14011061 0.6561374
12 0.00033934 0.4384822 0.39292762 0.53275007 0.45067465
8 0.0003356246 0.17927772 0.17806675 0.67380893 0.7343034
9 0.00032845564 0.08404027 0.45981953 0.19662587 0.6224561
13 0.00032232585 0.20079979999999997 0.42173383 0.27516273 0.46598879
1 0.00032199096000000004 0.20771874 0.41238679999999994 0.26225040000000005 0.45596176
9 0.000316738 0.6487744000000001 0.3838703 0.70453155 0.42024709999999993
5 0.00031324266 0.0 0.46845436 0.24469529 0.5933341
2 0.00031080612 0.6422943 0.36448866 0.7108251999999999 0.41285568
2 0.0003102232 0.041727908 0.88235307 0.22092089 1.0
1 0.00030860648 0.43875748 0.40325466 0.53314775 0.45417273
10 0.00030844452 0.48686558 0.37628323 0.55416924 0.4410589
9 0.00030816437 0.8414155000000001 0.3752223 0.98159575 0.49152985
8 0.00030739585 0.40239978 0.4133418 0.6999711999999999 0.87057525
11 0.00030731325 0.022964573999999998 0.358541 0.10899196 0.6610894
13 0.00030699217999999995 0.41278496 0.40156379999999997 0.5496423 0.50668555
4 0.0003049104 0.078400925 0.36304759999999997 0.31080085 0.7048944
10 0.00030195597 0.02770248 0.48228398 0.14697206 0.59227896
5 0.00030189402999999997 0.0 0.5106515 0.15658686 0.63416255
8 0.00028714613 0.580407 0.34476104 0.9063343 0.91487014
13 0.0002852914 0.20881988 0.42050365 0.3045033 0.4727907
11 0.00028435012999999997 0.046137158 0.36938348 0.12651215 0.6938842
5 0.00028120616 0.17500688 0.40755050000000004 0.26889563 0.44613224
2 0.0002782433 0.011173114 0.422388 0.14242046 0.54626095
8 0.00027560195 0.43797714 0.15847741 0.7310309 0.8065965
9 0.00027479927000000006 0.060706668 0.41650507 0.17840552 0.5992384
2 0.00027097308 0.46665150000000005 0.32967055 0.6353623 0.48242208
13 0.00027050983 0.025206555 0.37111068 0.12168379 0.6723715
1 0.00026931227 0.0 0.46920207 0.11576302 0.627533
8 0.000268474 0.23776281 0.40182006 0.31898636 0.45791855
13 0.00026678224 0.5215199 0.40244576 0.5792984 0.43871605
11 0.00026376976 0.6620741 0.3926895 0.6978543 0.45221388
5 0.0002609134 0.015498847 0.49534340000000004 0.180248 0.6779205
1 0.00025910637000000004 0.027801864 0.46758422 0.16607249 0.64320344
6 0.00025276382999999997 0.034217946 0.4799638 0.21835315 0.66441905
10 0.0002527063 0.2043171 0.39190486 0.26722527 0.44667858
13 0.00025229025 0.81519866 0.30866170000000004 0.98890305 0.43927827
2 0.00025087473 0.44458467 0.37830349999999996 0.5342018 0.45127764
8 0.00024633310000000004 0.72259533 0.05156837 0.92408955 0.45541126
10 0.00024137907999999999 0.0088732615 0.45529377 0.1962114 0.6074429
1 0.00023496331000000001 0.77869177 0.37408167 0.9362924000000001 0.47356418
8 0.0002342398 0.65850323 0.18030469 0.9048478999999999 0.83766085
9 0.00023088792000000002 0.21842113 0.4011254 0.2870346 0.4491834
6 0.00023059834 0.0 0.51036 0.2128306 0.62909746
11 0.00023038843999999997 0.24238299 0.38971895 0.2868985 0.45456296
4 0.00023010513 0.42513937 0.38833909999999994 0.51848364 0.46153653
6 0.00022832185000000002 0.0 0.43227372 0.18558016 0.6181701000000001
5 0.00022719367999999998 0.4129139 0.39394104 0.49290606 0.4678365
11 0.00022615783 0.04690087 0.26629147 0.17086598 0.8093004
11 0.00022456152000000003 0.09587279 0.4210108 0.20601460000000002 0.5854879
9 0.00022174601000000003 0.48218718 0.39246929999999997 0.5553375 0.44351012
10 0.00022172404 0.22018552 0.386173 0.28301573 0.44998303
9 0.00022138654999999998 0.07354677 0.46779704 0.25907493 0.59257334
2 0.00021748546000000001 0.0042895377 0.44538093 0.17941985 0.5831556999999999
5 0.00021016851000000002 0.0 0.45130184 0.17637035 0.6364774000000001
1 0.0002015666 0.21762134 0.40526783 0.2858624 0.4514477
11 0.00019963765 0.07509659 0.8975791 0.17196424 1.0
2 0.00019951997 0.0061896965 0.47955036 0.18810657 0.6153268
5 0.00019813108 0.4166874 0.40558207 0.5576533 0.45354655
11 0.00019759721000000001 0.43749845 0.3533002 0.48302835 0.47534457
3 0.00019266769 0.8399964 0.31421256 0.9953386000000001 0.489938
13 0.000191318 0.44068143 0.385142 0.51697266 0.4728022
9 0.00019088297 0.051098927999999995 0.45360497 0.15893844 0.6423574000000001
12 0.00019084063999999997 0.052823365 0.45179582 0.20029196 0.6109562
10 0.00018917504 0.09068929 0.88154244 0.23670422 0.9849566999999999
12 0.0001877666 0.4570517 0.40038434 0.55685085 0.45245793
6 0.00018774333999999998 0.20559067 0.39526877 0.32669443 0.4449767
8 0.00018457136000000002 0.46584043 0.38387278 0.55767596 0.44951114
11 0.0001840239 0.8372860999999999 0.30112764 0.96937084 0.5252051
5 0.00018207158 0.0 0.48530608 0.12400599999999999 0.60442287
4 0.00018178495999999998 0.4578975 0.3771383 0.5409789 0.46636644
1 0.00017936504000000002 0.0057818666 0.49021724 0.15427426 0.60765463
7 0.00017794571 0.40414563 0.38044345 0.5047413 0.4684960999999999
5 0.0001757593 0.0 0.5029907 0.17148292 0.7864492
11 0.00017428666000000002 0.061933685 0.36491984 0.14132941 0.6469208000000001
6 0.0001732111 0.0 0.28079617 0.22473457 0.5594380999999999
6 0.00017288522 0.0 0.35701890000000003 0.2954883 0.63059616
12 0.00017013779999999998 0.6366313 0.37211975 0.70891875 0.41113009999999994
10 0.00016961 0.6513232 0.36672288 0.70354295 0.42011255
7 0.00016946383 0.02052854 0.39183602 0.16994883 0.69169575
9 0.00016166594 0.85269004 0.34054086 1.0 0.45823172
9 0.00016115839 0.47080249999999996 0.38413966 0.6184761 0.48900357
1 0.00016094044 0.6301746 0.3813992 0.6886758000000001 0.41309148
10 0.00015989158000000002 0.03522385 0.4792424 0.19937837 0.6464868
7 0.0001579234 0.62576824 0.39299887 0.69750446 0.4478772
5 0.00015741255 0.3943282 0.41001546 0.6200401999999999 0.51129806
11 0.00015672724 0.49435067 0.30203024 0.61505985 0.5145824999999999
12 0.00015587673 0.23095900000000003 0.3977982 0.30900228 0.45280412
5 0.00015493986000000002 0.75692725 0.35650653 1.0 0.43418999999999996
5 0.00015196829999999999 0.7386712 0.37308967 0.9999995 0.46182495
4 0.0001514876 0.09911847 0.3510836 0.1976214 0.60168755
10 0.00015069566 0.11475873 0.3419031 0.21277645 0.5939224
9 0.00015001388 0.08030783 0.41882244 0.25621736 0.5463432
3 0.00014938807 0.8407455 0.36378515 0.96189004 0.4380552
6 0.00014937828999999998 0.0022478104 0.4854377 0.16986708 0.58012795
7 0.00014921637 0.0 0.35572228 0.12860383 0.67843807
11 0.00014648121 0.23180949999999997 0.39392406 0.26843870000000003 0.45458496
10 0.0001455509 0.059967473 0.8907190999999999 0.2090315 0.99140984
3 0.00014534041 0.41829214 0.39384833 0.47065678 0.44277847
1 0.00014414862 0.7812986999999999 0.3185575 0.9621833000000001 0.41755119999999996
5 0.00014357822 0.61165744 0.40810856 0.69704276 0.44708225
12 0.00014197611 0.0 0.29049498 0.2637732 0.5513035
1 0.00014191559 0.40699857 0.37790725 0.57284135 0.47103247
1 0.00014020245000000001 0.0 0.4954989000000001 0.107043505 0.5962161
11 0.00013984437 0.43873468 0.29521185 0.5590982 0.51670295
8 0.00013962666 0.31739447 0.086268455 0.5990386 0.68765455
1 0.0001390299 0.35280883 0.37041277 0.52568114 0.4631897
9 0.00013879545 0.43901804 0.36396596 0.5691384 0.47922936
13 0.00013771271999999998 0.42482823 0.35452086 0.56454974 0.4832723
4 0.00013682341000000002 0.2135565 0.38938951 0.26108885 0.45455703
2 0.00013643655 0.65671146 0.35823455 0.7206887 0.42068540000000004
10 0.00013600626 0.48345158 0.35301876 0.5229954000000001 0.4545075
8 0.00013594492 0.06717293 0.6759421 0.47931278 0.95258653
10 0.00013579571 0.44367272 0.38612470000000004 0.49212390000000006 0.45577395
8 0.00013495622 0.0069981925 0.3788187 0.105983675 0.54194087
3 0.0001314631 0.21344447 0.38923436 0.36597222 0.4731762
10 0.00013097450000000002 0.23724201 0.37381446 0.2838334 0.45624632
9 0.00013070652 0.65393245 0.40684888 0.7097434 0.44469777
9 0.00012917943 0.92382747 0.34266729999999995 1.0 0.44495267
3 0.00012867521999999999 0.45331988 0.37190935 0.5398141 0.41775888
8 0.0001278501 0.45666793 0.07392614 0.73846745 0.55782163
9 0.00012770217 0.101194724 0.4228362 0.21180184 0.59105754
7 0.00012562239 0.21763325 0.39016940000000006 0.29640959999999994 0.4564519
10 0.00012492763999999998 0.46525043 0.36605057 0.50617427 0.45751324
13 0.00012390905 0.0 0.0 0.45011179999999995 0.9426684000000001
5 0.00012343011999999998 0.33992112 0.40663540000000004 0.5460646 0.5041161
8 0.00012338671999999998 0.045331866 0.685574 0.3294324 0.9719754
5 0.00012194818600000001 0.18555531 0.40862527 0.29073899999999997 0.45462638
9 0.00012133769599999999 0.87980855 0.37864438 1.0 0.48169115
11 0.00012061540000000001 0.6583266999999999 0.3761949 0.6902278000000001 0.42397547
12 0.00012007208999999999 0.7973223 0.29288912 1.0 0.40865690000000005
12 0.00011996735000000001 0.0 0.343907 0.2756679 0.6132835999999999
3 0.00011944325500000001 0.8390593000000001 0.38434592 0.9521261000000001 0.45442533
1 0.000117039424 0.42384395 0.39075315 0.49351653 0.46228230000000003
11 0.00011693187 0.45829025 0.33982843 0.4992374 0.4800189
2 0.000116868534 0.40478083 0.37424195 0.62773395 0.49771538
10 0.00011590708 0.4956196 0.34804597 0.5379769 0.45710325
10 0.00011472693000000001 0.65364975 0.38797653 0.7134543999999999 0.45067465
