3 0.9886869 0.17046647 0.39722788 0.24056712 0.45419570000000004
3 0.98119074 0.75272524 0.39199259999999997 0.91196537 0.47308004
3 0.86838996 0.08100132 0.40959809999999996 0.1625935 0.45715868
8 0.85184443 0.42216536 0.37240168 0.6269433000000001 0.48233923
8 0.56392616 0.44062647 0.3951217 0.5840866 0.471253
3 0.23558126 0.44342488 0.39274746 0.5975611999999999 0.47812040000000006
8 0.12560576 0.7404625 0.36449328 0.9408989999999999 0.48550109999999996
8 0.0876746 0.07066875 0.40408736 0.17453484 0.45947272
8 0.05168483 0.57575804 0.37731594 0.66419095 0.4557228
3 0.048229367 0.5831571 0.37999716 0.65947247 0.45882234
8 0.03750963 0.7723955 0.39297405 0.90517914 0.4667621
3 0.032317757999999995 0.17677054 0.38892728 0.24811491 0.4428737
8 0.0181452 0.45083654 0.4045515 0.55555457 0.48083580000000004
8 0.017323303999999998 0.17977151 0.39335024 0.25650728 0.45519775
9 0.005648835 0.49523014 0.39689744 0.60656947 0.45338490000000004
3 0.0043236734 0.4592692 0.38146222 0.64321625 0.48335716
13 0.0041009615999999995 0.4234637 0.391466 0.5569021 0.46150118
1 0.004056204 0.43045112 0.41088033 0.5465483 0.46179247
9 0.0037472744000000002 0.44671842 0.40009308 0.5598432 0.46247602
13 0.0033777787 0.08378639 0.40494427 0.16892126 0.46311566
5 0.0032525542 0.41035533 0.41426674 0.59740186 0.46066773
1 0.0032405034 0.40565175 0.41361412 0.51787245 0.4559396
8 0.0031455208 0.17002920000000002 0.38873956 0.23438022 0.44178763
13 0.0029116692 0.17649303 0.40518788 0.26366848 0.46016267
13 0.0026788090000000003 0.74890786 0.39681193 0.87083334 0.4680873
10 0.0022218134 0.45328409999999997 0.39674887 0.5562262 0.44672456
11 0.0020065338 0.46631345 0.39045265 0.5527236 0.46132997
13 0.001976711 0.45209998 0.40326065 0.5992041 0.46730829999999995
1 0.0019677018 0.47057292 0.4099427 0.58932954 0.45945358
9 0.0017056573 0.43393555 0.40484834 0.6072276 0.5152770999999999
12 0.0016908847 0.4610474 0.40116236 0.59897083 0.46298057
9 0.0016671210000000001 0.4166063 0.38955566 0.5732213 0.49996328
11 0.0016654611999999999 0.7689037 0.39175355 0.8471583 0.4663674
11 0.0015068485 0.44746667 0.3945991 0.5330035 0.46220726
2 0.0014969982 0.46398985 0.39107493 0.5817675 0.44675198
8 0.0014618062 0.49037382 0.3556204 0.6978084 0.47619072
13 0.0014210707 0.42581373 0.4076782 0.6056713 0.5178212000000001
4 0.0014147639000000002 0.50147843 0.38128865 0.606669 0.47091818
6 0.0013905424 0.42889753 0.39533209999999996 0.6052611999999999 0.46184200000000003
13 0.0013619813 0.06214321 0.40877637 0.13538574 0.45719087
13 0.0013041630000000001 0.43540790000000007 0.38412759999999996 0.5317400999999999 0.4804169
4 0.0012298932 0.45911607 0.39973816 0.57170635 0.47347137
5 0.0011920343 0.7203176 0.40654618 0.8854113000000001 0.45403123
13 0.0011838657000000001 0.7902212 0.40675238 0.9286728000000001 0.46640977
1 0.0011717916000000001 0.7249594 0.41954009999999997 0.83963335 0.46359214
12 0.0011695364 0.49825197 0.4038521 0.6252526999999999 0.46212265
13 0.0011617357000000001 0.752587 0.3952312 0.9328601000000001 0.52053446
2 0.0011471178999999999 0.09635951 0.3971064 0.17969097 0.45144004
8 0.0011166511 0.43334508 0.40810028 0.51682043 0.47697756
5 0.0010830387 0.31716809999999995 0.43345633 0.60871994 0.5349245
10 0.0010784297 0.44198459999999995 0.40884742 0.5396116999999999 0.44817623
13 0.0010194088000000001 0.15676644 0.41298613 0.23918729 0.45593104
10 0.0010156671 0.49114300000000005 0.38441148 0.5965547 0.44659862
11 0.0009564525 0.7827698000000001 0.301171 0.9494727 0.5181083
2 0.0009513737 0.40540317 0.38631567 0.6792357 0.50737554
9 0.0009166197 0.45623162 0.36404538 0.65128094 0.47327724
7 0.000839535 0.44068944 0.39097953 0.55555755 0.47132683
9 0.0008269558 0.513152 0.39007854 0.5827260000000001 0.46643445
2 0.00076234114 0.4894745 0.38507387 0.59798133 0.46476248
11 0.0007325055999999999 0.1692691 0.3972888 0.22329824 0.46032290000000003
3 0.0007304881 0.43535050000000003 0.39414564 0.52543455 0.46238100000000004
7 0.0007274374000000001 0.17064576 0.39418808 0.27910516 0.46663958
8 0.0007245252499999999 0.06847481400000001 0.41588324 0.14334507 0.47078162
11 0.00072346197 0.41700813 0.30686596 0.5787039 0.52297175
11 0.0007029438000000001 0.5078603 0.38975403 0.58536345 0.4600067
11 0.0006968222999999999 0.43548703 0.32822913 0.61813784 0.5502686999999999
9 0.0006677594999999999 0.7714300000000001 0.38724962 0.93645537 0.503113
7 0.0006643344500000001 0.08386959 0.39583470000000004 0.18285732 0.46687415
3 0.0006418166999999999 0.06848695 0.42272863 0.15372004 0.4717299
1 0.0006376537 0.36052725 0.41258149999999993 0.5805815 0.5114377999999999
1 0.00063160306 0.048866034 0.417566 0.12718703 0.4489641
2 0.0006134716000000001 0.18895315 0.39755943 0.27911240000000004 0.44533673
2 0.0006103742599999999 0.46721405 0.35850364 0.71215594 0.5165565
10 0.00060508685 0.10691044 0.39672616 0.18365002 0.45711747
1 0.00060385745 0.087206475 0.42094840000000006 0.1640716 0.45935315
5 0.0005964498 0.126814 0.4121588 0.24489027 0.45750022
13 0.0005943822 0.47328663 0.39545196 0.5836585 0.48247886
7 0.0005718371 0.47281757 0.38574162 0.59393036 0.47655004
5 0.00055683806 0.42336822 0.40612268 0.5350503000000001 0.47372982
1 0.0005561645 0.34254903 0.38621023 0.5584109 0.47894034
1 0.0005346111 0.48459440000000004 0.39781284 0.57643557 0.4663902
8 0.0005181033999999999 0.40695038 0.35192764 0.59499633 0.501907
2 0.0005154548 0.083294265 0.40166298 0.16297464 0.4429663
5 0.0004951490000000001 0.6833355999999999 0.4102447 0.9393802 0.51872545
11 0.00048953615 0.45534128 0.35897276 0.5244996 0.48297068
7 0.00047953519999999997 0.13766 0.39695808 0.23603484 0.46901090000000006
13 0.00046884705 0.5575823000000001 0.40646794 0.6495496999999999 0.45059160000000004
8 0.0004637346400000001 0.016712565 0.40264684 0.048806682000000004 0.4441785
11 0.0004591146400000001 0.0795222 0.40575376 0.11997272 0.45366827
13 0.00045001294 0.5795060000000001 0.39435837 0.6451361999999999 0.4687107
4 0.0004420885 0.10088918 0.4024804 0.18374683 0.46200588
12 0.00043992947999999996 0.5125639 0.39888376 0.58562374 0.47071788
1 0.00043971129999999996 0.06860911 0.42040095 0.14726503 0.4563294
11 0.00042822642999999994 0.11894561 0.40360194 0.16673770000000002 0.45916083
1 0.00042639274000000007 0.69697475 0.3916225 0.9045298 0.49193290000000006
6 0.0004247979 0.074289225 0.40818309999999997 0.20843683 0.45862153
12 0.00042147195 0.7849881999999999 0.39975318 0.8852743000000001 0.46120550000000005
10 0.00040170434 0.7530003000000001 0.4043225 0.86125016 0.4498055
1 0.00039792174 0.19726115 0.4201025 0.26528454 0.4617834
13 0.00039622159 0.16549256 0.38817665 0.242184 0.44280025
13 0.00039481636 0.064830594 0.43136913 0.14848882 0.4740271
12 0.00039230574999999995 0.085305646 0.40758118 0.18761091 0.45109427
6 0.0003914012 0.04620989 0.40941292 0.16720349 0.45046023
13 0.00038614473 0.43081132 0.37023172 0.63509077 0.49887797
2 0.00038239165 0.75368667 0.34043979999999996 1.0 0.47342867
9 0.000381141 0.47655010000000003 0.40977829999999993 0.6887371999999999 0.5099743
6 0.00037351585 0.149558 0.4052443 0.25257725 0.45541809999999994
9 0.00037201747 0.10498177 0.41512835 0.18975097 0.4559693
8 0.00037113099999999997 0.38717955 0.4465219 0.76355183 0.87000227
11 0.00037095 0.095785744 0.40687543 0.13914128 0.45785737
6 0.00036952233999999995 0.73877984 0.39847705 0.9007951 0.4588057
8 0.00036825769999999995 0.20989256 0.43431544 0.56042343 0.8683981
10 0.00035398966 0.52819294 0.35640559999999993 0.577909 0.45980123
7 0.00035368887 0.66714734 0.35618776 0.9525701999999999 0.5426978
1 0.000352696 0.38327459 0.35903937 0.6258066 0.4465339
5 0.00035000574999999995 0.060412087 0.418121 0.1897468 0.45587453
5 0.00034042224 0.035865575 0.41795185 0.14116298 0.44965604
7 0.00033822794999999997 0.29887605 0.38607067 0.6450741999999999 0.5532569
4 0.00032517502999999996 0.20770679999999997 0.3960577 0.2834908 0.46261013
3 0.00032354222 0.03472406 0.40938276 0.08290573 0.44604966
3 0.0003205655 0.78839093 0.3789442 0.91116434 0.43028504
11 0.00031589877 0.4768067 0.30869424 0.6523681 0.5289033000000001
5 0.00031065888 0.16694089999999998 0.4143744000000001 0.28714705 0.46428522
13 0.00030909156000000004 0.7892267 0.40023217 0.90369344 0.48630342
11 0.00030775077 0.21646677 0.39708593 0.27123863 0.45915177
2 0.00030606382999999996 0.15628639 0.40306255 0.24645069 0.44329286
5 0.0003038979 0.3872616 0.43502972 0.6892007 0.54404163
1 0.00030188626 0.74583584 0.41946003 0.8694915999999999 0.4693733
6 0.00029619937 0.16625507 0.40811467 0.29862255 0.45821622
10 0.0002954789 0.46087740000000005 0.39338422 0.52410275 0.45665142
1 0.0002951651 0.15199424 0.41723296 0.22789556 0.45915514
9 0.00029381097 0.7637430000000001 0.40232766 0.8803841999999998 0.46240693
3 0.00029345467999999995 0.76817226 0.37137488 0.89142126 0.4450528
9 0.00029250424 0.8163888000000001 0.39797616 0.9337960999999999 0.45158005
8 0.00028609647 0.047656424 0.34335809999999994 0.27266464 0.9000218000000001
8 0.00028317317000000003 0.034728415 0.4073879 0.07967042 0.44499502
12 0.00028217293 0.40127057 0.33330533 0.6698415 0.45290947
12 0.00027933088 0.18836214 0.40209782 0.28489792 0.44770005
9 0.00027623808 0.08690658 0.41374123 0.1592616 0.45537457
2 0.00027356273 0.40450966 0.35292277 0.6560639 0.48296255
3 0.0002638314 0.75519204 0.39834082 0.8436982 0.4603677
8 0.0002577205 0.10877603 0.37135938 0.42187518 0.89618206
10 0.0002530048 0.20773032 0.3904579 0.28233070000000005 0.4569067
7 0.00025207872000000003 0.7339419 0.38891363 0.85471666 0.47773760000000004
4 0.00024191122999999998 0.44436090000000006 0.39561009999999996 0.6393319000000001 0.53369147
9 0.00024141089 0.16807742 0.40470994 0.24337779 0.44882116
2 0.00023726299999999998 0.72991294 0.36710745 1.0 0.503404
12 0.00023598116000000003 0.8234891 0.39705577 0.89708704 0.47381958
5 0.00023443662 0.15203618 0.41501075 0.23979756 0.48714933
1 0.00023441242 0.400495 0.3922697 0.6025965999999999 0.48563823
10 0.00023003129000000001 0.49091899999999994 0.41988853 0.58534706 0.47852603
10 0.00022578924999999998 0.08586232 0.40147528 0.16360712 0.45455053
13 0.00022015778999999997 0.76920503 0.3875823 0.8691129000000001 0.49169382
7 0.00021971613999999996 0.14507778 0.38042083 0.25016916 0.5028668
12 0.00021670644 0.46233544 0.39592868 0.54594433 0.47638217
7 0.00021668767000000003 0.04843581 0.40094563 0.13656715 0.46327364
10 0.00021668540000000002 0.071031615 0.40870795 0.14108962 0.45003077
1 0.00021458218999999997 0.83042294 0.41211528 0.9291086999999999 0.46353444
9 0.00021242166 0.20016016 0.40848538 0.29205889 0.45224586
3 0.00021055502 0.017067485 0.4068259 0.05769273 0.45097092
8 0.00020212093999999998 0.14928025 0.39272928 0.22624810000000004 0.46191907
3 0.00020139101000000002 0.15398781 0.388843 0.22217111 0.42389503
11 0.00020059524 0.1803719 0.3713288 0.23319237 0.4825497
13 0.00020029588 0.16963029 0.40281072 0.23560265 0.4885052
10 0.00019839525 0.50887746 0.36550093 0.560081 0.45910686
4 0.0001969599 0.49888950000000004 0.37237155 0.67942965 0.5226550999999999
12 0.00019676481 0.06969023 0.4066641 0.1472599 0.44873384
5 0.00018800749 0.38485226 0.40553045 0.6859797 0.49347633
8 0.00018633978 0.01236415 0.83843285 0.11386264 0.976426
4 0.00018570363999999997 0.84761363 0.37234083 0.93847907 0.45210403
7 0.00018550824000000002 0.18134865 0.38544068 0.25784618 0.43194297
3 0.00018305294999999998 0.48411579999999993 0.38232628 0.57790136 0.42201138
2 0.00018133975 0.7700496 0.39112678 0.87731296 0.4406834
7 0.00018095133 0.38093388 0.355944 0.6610701999999999 0.5384678
9 0.00018003615 0.19010189 0.3911805 0.2656243 0.43022487
9 0.00017621643 0.47671850000000004 0.42612854 0.5852504 0.47940084
4 0.00017587874 0.5147281 0.35479975 0.58357745 0.4739266
1 0.00017282584 0.42483994 0.41202033 0.6378454000000001 0.51203173
1 0.00017058060000000002 0.7993698 0.41765538 0.9139328000000001 0.4695107
4 0.0001699103 0.07813446 0.40459612 0.16330726 0.45742774
3 0.00016988575 0.4369206 0.4107839 0.5514551999999999 0.47594988
9 0.00016846808000000002 0.5110724 0.38369676 0.7165239999999999 0.48745877
1 0.00016437328 0.17823021 0.39114964 0.23908791 0.42529616
12 0.00016130705 0.8385963 0.40780076 0.93234676 0.46172482
1 0.00016111578 0.70928794 0.4169184 0.9022828000000002 0.51631916
13 0.0001580063 0.42212662 0.4240773 0.55942863 0.47813573
9 0.00015551728 0.48796263 0.39286125 0.5611079999999999 0.47678690000000007
4 0.0001540212 0.7952516 0.36930615 0.97135824 0.51184845
6 0.00015200596000000002 0.34653515 0.40650752 0.68444276 0.524622
5 0.00015057273 0.43752488 0.41281167 0.5574478 0.48791546
12 0.00014894453000000003 0.18495525 0.38211125 0.2596181 0.42257792
2 0.00014864186 0.17170256 0.38818425 0.25175592 0.4597162
5 0.00014854906000000002 0.4789615 0.41639918 0.59859467 0.49704259999999995
11 0.00014664076000000002 0.7983289000000001 0.3401616 0.859885 0.48797340000000006
8 0.00014492896000000002 0.09940624 0.36252272 0.30089393 0.48874217
9 0.00014411513000000002 0.07122218 0.41381538 0.13732556 0.4544068
11 0.00014349452 0.19033732 0.39825884 0.24587065 0.45938647
12 0.00014324406 0.6826204 0.34806709999999996 0.9952551 0.47580805
8 0.00014301566999999998 0.042427137000000004 0.25665486 0.64013743 0.7627009
1 0.00014279276 0.15290004 0.3893864 0.22040676 0.42192316
1 0.00014277236000000002 0.80909216 0.40024474 0.8961163000000001 0.47093478
9 0.00014192783000000002 0.8359459 0.39233214 0.90546983 0.46608663
5 0.00014042966 0.43042079999999994 0.4221675999999999 0.5254985 0.49668816
8 0.00013876273999999998 0.059281892999999995 0.14362715 0.38677302 0.87577
10 0.000138182 0.4866794 0.3762375 0.5398921999999999 0.45976594
1 0.000134621 0.7197432 0.36565759999999997 0.9176546999999998 0.45103022
8 0.00013371943000000001 0.32147163 0.41667790000000005 0.6787449000000001 0.8448865
9 0.00013200786 0.72795326 0.3667663 0.8812575 0.47448233
5 0.00013142911 0.76126206 0.40270096 0.8668474 0.49186080000000004
4 0.00013142618 0.43543974 0.37884986 0.61513174 0.5035644
1 0.00013002624 0.7332844000000001 0.40982938 0.8184363 0.46887955
8 0.00012803628 0.012553703000000001 0.9068444 0.09680105 0.9830116
4 0.00012739378 0.16011009 0.3993837 0.2430681 0.455741
11 0.00012667201999999998 0.48030445 0.34332514 0.54396063 0.48313729999999994
10 0.00012584473 0.8449984 0.35241422 0.8960988999999999 0.46750113
8 0.00012507533 0.031588625 0.8325670000000001 0.23382527 0.97519046
7 0.000121718214 0.8126154000000001 0.38700685 0.9224902 0.47135448
1 0.00012053831 0.7584179 0.40803049999999996 0.8469638 0.47359294
12 0.000119723685 0.36697516 0.36072993 0.632369 0.47823763
2 0.00011737161 0.19568543 0.38113308 0.2635515 0.41682217
12 0.00011692451999999999 0.38434324 0.39056352 0.6785273 0.50141984
9 0.00011592110000000001 0.17269418 0.38961467 0.24053524 0.43004787
11 0.000113255766 0.8285731 0.38889414 0.9015288 0.46366325
10 0.000113035916 0.46007097 0.3552329 0.6611981 0.5384158
6 0.00011212128000000001 0.17475826 0.38604376 0.257207 0.42788336
1 0.00011188120000000001 0.41398484 0.42795303 0.50202453 0.48901954
11 0.00011106561600000001 0.54030466 0.29783314 0.7028734000000001 0.5265255
11 0.00010863706 0.77767587 0.35824132 0.8365752000000001 0.4887791
10 0.00010796787 0.85075504 0.37883258 0.9236327 0.45627109999999993
12 0.00010545641000000002 0.79021984 0.38944409999999996 0.87245536 0.48061958
1 0.00010354582599999999 0.15950805 0.4146798 0.22962849 0.48036575
7 0.00010311501 0.49285188 0.37304628 0.57097226 0.49593964
3 0.000102426726 0.20218045 0.38856223 0.2744988 0.43277156
2 0.00010169796 0.560563 0.39642975 0.6738937 0.44969276
11 0.00010076423500000001 0.50443375 0.34659123 0.5582323 0.48256618
8 9.9135985e-05 0.07590972 0.7113164000000001 0.46828339999999996 0.9678283000000001
11 9.907928e-05 0.5262335 0.3599921 0.575761 0.47192790000000007
5 9.844299e-05 0.43463054 0.44001883 0.6010561 0.49064463
1 9.817185499999999e-05 0.43186155 0.38205022 0.6549902 0.47044924
7 9.750482e-05 0.16386569 0.38549486 0.23304999 0.43259797
9 9.62384e-05 0.43580714 0.39896634 0.51378083 0.48586687
8 9.609642e-05 0.46681409999999995 0.3858727 0.55502695 0.42775464
13 9.577574000000001e-05 0.5510322 0.38329983 0.6414388000000001 0.43932879999999996
8 9.566209999999999e-05 0.04104263 0.3693813 0.21938415 0.48949972
8 9.464014000000001e-05 0.026936923999999998 0.14436717 0.20387313 0.94174296
11 9.415574e-05 0.8342613000000001 0.30085507 1.0 0.5093516
2 9.320621999999999e-05 0.087653674 0.4225642 0.18826379 0.47831413
5 9.237994e-05 0.7445291 0.40090466 0.84723675 0.47708997
8 9.212574500000001e-05 0.2793991 0.70866835 0.78187656 0.9336711999999999
10 9.166392e-05 0.18656357 0.3835616 0.25050320000000004 0.42145061
8 9.099111999999999e-05 0.40076384 0.70188975 0.90875393 0.9361016
4 8.981679e-05 0.7544954 0.3943685 0.88439614 0.46464103
8 8.791163000000001e-05 0.36799636 0.22941157 0.78467685 0.86841476
10 8.643841999999999e-05 0.5317807 0.38096026 0.6161554 0.45470974
12 8.5522115e-05 0.16416615 0.40280184 0.25499279999999996 0.44720384
4 8.4810126e-05 0.20075998 0.38421609999999995 0.25641444 0.42354542
7 8.42465e-05 0.53925407 0.3958366 0.6554491 0.47426596
6 8.407939e-05 0.474185 0.39217153 0.6121316 0.4835069
5 8.406682e-05 0.7620437 0.40840527 0.9602495000000001 0.47282416
8 8.390157e-05 0.5531904000000001 0.37469408 0.63328636 0.44606188
10 8.311973e-05 0.46781525 0.41839868 0.5303884 0.4838674
12 8.303411599999999e-05 0.17030743 0.3804073 0.24087928 0.42201409999999995
1 8.2929524e-05 0.6457217 0.35774073 0.8778157 0.43995327
10 8.275122e-05 0.15561852 0.40137905 0.24889466 0.4543478
10 8.2180304e-05 0.48840737 0.31381106 0.6464939000000001 0.47759676
8 8.068754e-05 0.04666838 0.40806386 0.11102777 0.45102236
9 7.9780315e-05 0.18246523 0.40348274 0.2697033 0.45146906
10 7.967788400000001e-05 0.45160028 0.435086 0.55434865 0.47870225
7 7.857876999999999e-05 0.44149220000000006 0.42185730000000005 0.58461607 0.49328008
13 7.772869e-05 0.3892763 0.38074443 0.8333158000000002 1.0
11 7.731713e-05 0.5858545000000001 0.38778389 0.64192003 0.47668305
8 7.710173e-05 0.17685105 0.40766996 0.23837373 0.46431592
5 7.7005905e-05 0.7820315999999999 0.40901297 0.89093137 0.49930778
9 7.649603e-05 0.184567 0.40283969999999997 0.23982914 0.47223005
1 7.609163e-05 0.17422292 0.42029166 0.24710436 0.46490255
6 7.609115e-05 0.55552536 0.40849826 0.6811014 0.46192479999999997
8 7.5792486e-05 0.7683168 0.37685665 0.83030593 0.46735913
10 7.4272095e-05 0.79987997 0.31948942 0.9732265 0.51353246
2 7.395145e-05 0.47869337 0.3224808 0.6936274 0.47130340000000004
4 7.267074e-05 0.17855616 0.39486194 0.26808935 0.46160534
13 7.243826999999999e-05 0.7042522 0.43659782 0.8827965 0.5210234
4 7.193501e-05 0.53345555 0.37192762 0.62164545 0.4603788
10 7.161e-05 0.80032665 0.37944916 0.85819405 0.46648729999999994
4 7.11625e-05 0.5563901 0.36819196 0.70405495 0.5129387
4 6.9938666e-05 0.06812315 0.40635959999999993 0.14213496 0.45235094
2 6.947244e-05 0.58534634 0.37254792 0.6691457 0.4168231
10 6.889792e-05 0.8071755 0.37747392 0.9100398999999999 0.45208976
3 6.8014e-05 0.044594682999999996 0.48129305 0.40693516 0.9474754999999999
8 6.568061e-05 0.015135983 0.80123067 0.16896681 0.98177856
10 6.530052e-05 0.6042746999999999 0.37076387 0.6688199 0.4895032999999999
1 6.520491999999999e-05 0.5478024 0.41055208 0.63701487 0.45575124
2 6.480724000000001e-05 0.17998622 0.38132384 0.24716832 0.4126349
10 6.4709515e-05 0.43438515 0.33473587 0.6125323 0.5081398
13 6.439185e-05 0.028562885 0.40842053 0.08028153 0.45187256
8 6.387799e-05 0.14666127 0.38906336 0.20573908 0.4282361
10 6.384531e-05 0.8271940000000001 0.36621824 0.88015455 0.4665019
4 6.296742e-05 0.8293646000000001 0.3482147 0.90314513 0.4677524
10 6.292506999999999e-05 0.5409086999999999 0.33800533 0.7140076999999999 0.53056353
2 6.264341999999999e-05 0.5041035 0.3721991 0.57465696 0.4823286
6 6.235374e-05 0.34064484 0.37341562 0.6408135 0.49608654
