3 0.9778186 0.14293766 0.14453238 0.35707527 0.30803448
3 0.9568549999999999 0.025904842 0.0042356625 0.48513752 0.124863826
3 0.84559816 0.1696875 0.2924547 0.24459481 0.33322236
8 0.78400266 0.14676388 0.37827474 0.22386687 0.41901409999999994
3 0.5552138000000001 0.17401253 0.3533889 0.21315427 0.37381184
3 0.46800208 0.16854371 0.28447908 0.2653282 0.31806999999999996
3 0.46302065 0.17238158 0.3036199 0.23297463 0.34094617
1 0.44497707 0.7421595 0.51949054 0.78891253 0.5331653000000001
3 0.36113690000000004 0.18076824 0.33259776 0.22494216 0.35463718
3 0.35266063 0.17588964 0.3167773 0.23235655 0.3419357
3 0.3052645 0.17452723 0.30790359999999994 0.24285105 0.33290654
