3 0.99610883 0.15265428 0.33208165 0.42093256 0.57809645
1 0.7028965 0.109868705 0.559901 0.26500675 0.5880959
1 0.6038272 0.09125776 0.66948074 0.24465752 0.7073048000000001
3 0.58124447 0.060413785 0.0 0.9464783000000001 0.43545955
1 0.5664133000000001 0.16235410000000003 0.30849496 0.23058152 0.32484987
1 0.5484814 0.15847045 0.30328253 0.23226677 0.32180712
1 0.53843504 0.14632683 0.33694047 0.2072998 0.36307340000000005
3 0.41263285 0.08498727 0.0 0.9033752 0.76061356
1 0.34722090000000005 0.06192351 0.77302945 0.17537355 0.8138137
1 0.33592293 0.1636134 0.31432512 0.22949944 0.3295659
8 0.32757193 0.12920764 0.24185482 0.28029814 0.30703685
