3 0.99535805 0.50444233 0.19641083 0.7447623000000001 0.41302067
3 0.9891694999999999 0.46330705 0.0 0.87952435 0.32911947
3 0.98657346 0.5111858 0.8591578000000001 0.68218005 1.0
3 0.97170526 0.5342886 0.47559538 0.62564516 0.52213943
3 0.9672113999999999 0.48201975 0.3681342 0.6595579 0.48928535
3 0.9516218000000001 0.49727079999999996 0.088965505 0.7736705 0.4196944
3 0.942586 0.5170812 0.79698116 0.6565533 0.9124530999999999
3 0.9114358 0.53232104 0.7654791 0.6351669 0.82096577
3 0.8178086999999999 0.52734673 0.50700414 0.60206246 0.5713614
3 0.7526125 0.5365773 0.7517564 0.59426177 0.78387535
3 0.6795494000000001 0.53929555 0.7447699000000001 0.58448195 0.7716046
3 0.52028644 0.5285131 0.7914973000000001 0.6415738000000001 0.8193093000000001
3 0.49767390000000006 0.5220869 0.5510695 0.58043927 0.5858673000000001
3 0.48999518 0.5371602 0.7539853 0.61084276 0.7972052
3 0.36670816 0.44446018 0.023703067999999997 0.8837831 0.5030650999999999
3 0.33176488 0.5331899999999999 0.5541916 0.58821285 0.577464
3 0.32994568 0.54352456 0.7239249 0.57737845 0.7540041000000001
3 0.32231396 0.5472041 0.71067667 0.5776992 0.7408844
