3 0.9796280999999999 0.6225651999999999 0.112223536 0.7162663 0.18266061
3 0.971627 0.62440777 0.5187492 0.74084365 0.62386423
3 0.9405870000000001 0.60648245 0.57199335 0.78332305 0.77157307
3 0.8402364 0.6254595000000001 0.17677528 0.6987146 0.21744192
3 0.8019137 0.43298468 0.760847 0.8050746 0.99455357
3 0.66536194 0.64670634 0.40072453 0.70122737 0.4384709
6 0.56114775 0.5592751 0.43255177 0.7269813 0.55619234
3 0.5451805999999999 0.6504259 0.3540337 0.68734455 0.38065672
3 0.46730694 0.62608796 0.19245367 0.69735163 0.21992345
3 0.44726276 0.65488786 0.32658473 0.68249565 0.34345362
8 0.43470538 0.5719615 0.4378338 0.7266281 0.5621476
3 0.40482506 0.6255172 0.17167446 0.7032596999999999 0.18548796
8 0.32891923 0.44148895 0.7568446999999999 0.7773678 0.99869066
