1 0.99510854 0.36929774 0.8905883 0.55149585 0.9346476999999999
3 0.98588425 0.42617944 0.06353975 0.6235263000000001 0.27395349999999996
3 0.9846569 0.38328245 0.7323519000000001 0.48853043 0.8653588
3 0.9821408000000001 0.42605844 0.37704570000000004 0.49297896 0.42322719999999997
3 0.9750518 0.43154418 0.22539672 0.5142024000000001 0.2924488
3 0.8807507 0.43417755 0.31976002 0.48706558 0.35997552
8 0.8479485999999999 0.3796963 0.32002443 0.46878549999999997 0.36418545
1 0.3895726 0.40689874 0.30955976 0.46778625 0.32210863
3 0.32586202 0.41194659999999994 0.69838744 0.49544424 0.73346084
3 0.30183724 0.42617384 0.693592 0.48818466 0.7238435000000001
