1 0.97864544 0.40142754 0.9323323 0.7342865 0.9959183000000001
1 0.9781656999999999 0.46187237 0.0022129323 0.6309488 0.040461205
3 0.9554060999999999 0.477904 0.503789 0.6755829000000001 0.63310546
1 0.9399854 0.47669092 0.7184965 0.59850353 0.74607366
3 0.92316425 0.5029461 0.43830365 0.57545507 0.48262143
8 0.88990337 0.47222885 0.2149065 0.6542345 0.29823115
3 0.86269385 0.52244216 0.12780827 0.6034005 0.20834681
6 0.80338895 0.4366763 0.5005655999999999 0.55253375 0.5606974
1 0.7966519 0.48024645 0.76667196 0.5919962 0.7886035
3 0.6913157 0.4799889 0.37282926 0.60073584 0.4417677
28 0.6707966 0.4578518 0.7465275 0.4888567 0.7848889
1 0.647903 0.49768585 0.35350493 0.56685764 0.36792693
1 0.6083327 0.50088674 0.32635385 0.57810885 0.34197778
1 0.584603 0.49294943 0.35840166 0.5663813 0.37122256
28 0.5839057 0.45155653 0.74542725 0.48015267 0.7848649000000001
1 0.5791816999999999 0.4890912 0.6481792 0.5633295 0.6648811
1 0.5420344 0.5046183 0.30909118 0.58727336 0.32527605
1 0.49719435 0.49381936 0.34623462 0.56454015 0.35978649999999995
1 0.4750036 0.5069954000000001 0.30286023 0.59486014 0.31643125
3 0.374811 0.49653122 0.4746416 0.5589138000000001 0.4974639
1 0.34786475 0.477196 0.75587785 0.5852359 0.77577436
