3 0.92206025 0.20400894 0.49271274 0.41658765 0.7308526
3 0.9126086999999999 0.46733385 0.5180693000000001 0.5170292999999999 0.6149994000000001
3 0.89343494 0.36541548 0.4726146 0.47706416 0.6508409
3 0.8845919 0.50256187 0.52210194 0.5636386 0.5995148
3 0.8674678 0.8527151 0.51284266 0.9944492 0.6844326000000001
3 0.86353636 0.0 0.41636437 0.28273165 0.8726190999999999
3 0.8327841 0.78987825 0.5087377000000001 0.9007306 0.6346351
3 0.7941928 0.75779086 0.5283708 0.806771 0.61535335
3 0.5712564 0.7516724 0.53005046 0.7934365 0.60735923
3 0.5616028000000001 0.7727223000000001 0.5282529 0.8172246999999999 0.62160486
3 0.48466220000000004 0.74930876 0.53067976 0.7809288000000001 0.5857892
3 0.37031895 0.79548055 0.55119807 0.8590184999999999 0.63908637
3 0.31761143 0.7876866 0.54253775 0.84277534 0.6343981
3 0.30780554 0.54421407 0.5293755 0.57195884 0.584778
3 0.30331925 0.07901884599999999 0.45946822 0.38823116 0.7729889
