3 0.9895543 0.6227573000000001 0.5100346 0.94830775 0.8233596
3 0.9541617 0.03204651 0.41068524 0.33885038 0.7456191
3 0.92990375 0.50659555 0.48435172 0.55420214 0.5445333000000001
3 0.78491324 0.6322267 0.48691317 0.76221573 0.59399974
3 0.7845592 0.61359525 0.5007887 0.65912974 0.5886151
3 0.70904064 0.42570448 0.478716 0.45918632 0.5522028
3 0.7061094 0.34972677 0.45983279999999993 0.42765167 0.55013615
3 0.65861166 0.4638523 0.48904609999999993 0.48997843 0.5283523
3 0.6384642 0.6533585999999999 0.48175046 0.764588 0.5390018
3 0.47598934 0.3388614 0.46524012 0.43907255 0.5918564000000001
3 0.42420217 0.54464656 0.5429556 0.96657187 0.9114539
1 0.41165027 0.9636698 0.5182977 0.9976325999999999 0.6835292
3 0.39387375 0.57060796 0.5116556999999999 0.6079851 0.5492657
3 0.38255659999999997 0.5670089 0.56336063 0.62767595 0.66658175
