3 0.97731334 0.5923059 0.579922 0.8829266 0.91257685
3 0.9772834 0.26410332 0.610472 0.39349928 0.7711784
3 0.9767909 0.92510927 0.63756895 0.99930644 0.7901855
3 0.9357006 0.03545622 0.6055172 0.3089205 0.8916378
3 0.93383634 0.0 0.64583933 0.08266292 1.0
3 0.8741488000000002 0.3748085 0.6104477 0.46087152 0.6999441999999999
3 0.8332545 0.0010218134 0.5910538000000001 0.05094882 0.71377456
3 0.80429286 0.82403284 0.6323842 0.88695616 0.7479640000000001
3 0.75880283 0.45982665 0.62028795 0.5067902 0.7002941
6 0.7161702 0.47162318 0.53439987 0.5459251 0.66480404
3 0.5877349000000001 0.046028662000000005 0.6098760999999999 0.12307473 0.6969681
3 0.546393 0.8660715 0.63213676 0.9219004999999999 0.7354457
3 0.46197742 0.3881513 0.6265045 0.4720843 0.7208335
1 0.37581068 0.57542086 0.6087084 0.60192794 0.7149637
1 0.32641578 0.026586229 0.28480712 0.05504056400000001 0.3676455
8 0.30833185 0.8591120999999999 0.6129806999999999 0.92155457 0.73302996
