3 0.9922421 0.0069097728 0.47003645 0.30627129999999997 0.8929976000000001
3 0.9681634 0.47483182 0.5296462 0.5262233000000001 0.6344395
3 0.96641 0.8498011000000001 0.51660836 1.0 0.6838601
3 0.96599424 0.76378393 0.5262941999999999 0.8243108 0.6303091
3 0.95987105 0.50517714 0.52414256 0.5755346 0.6103991999999999
3 0.8515123 0.20177975 0.49046484 0.43552265 0.7808826999999999
3 0.83819693 0.36282748 0.4850335 0.48383194 0.6664616
3 0.8330993 0.74965626 0.53171474 0.7842749 0.5863735999999999
3 0.8242913000000001 0.8083826 0.5177963 0.9118354 0.64737433
3 0.5716149 0.7518735 0.5355856999999999 0.7937068 0.604908
3 0.5536575 0.7233231 0.5455661 0.749634 0.5777361
3 0.5436565 0.7908621 0.5321625 0.8297155 0.63838005
3 0.50476116 0.74355614 0.53836393 0.77629197 0.5868213000000001
