10 0.9853833000000001 0.35187809999999997 0.31826709999999997 0.36544675 0.37707853
10 0.90216064 0.43862417 0.33563483 0.45308062 0.37736190000000003
3 0.8680059999999999 0.5468903 0.48324153 0.8490253000000001 0.64570755
3 0.80003464 0.8415433000000001 0.5261309000000001 0.9952071 0.6110466999999999
3 0.7147015 0.00945878 0.67506415 1.0 1.0
3 0.7033064 0.32228208 0.5135118 0.36752266 0.560022
3 0.6837074000000001 0.41554242 0.48860666 0.56135076 0.590895
10 0.5543135 0.6101557 0.0034798384000000004 0.98885334 0.33760414
8 0.50303906 0.5468903 0.48324153 0.8490253000000001 0.64570755
3 0.4619288 0.0 0.43719548 0.22773911 0.64880496
3 0.45154259999999996 0.35250947 0.5105853 0.45105276 0.5752646
3 0.42935002 0.26756440000000004 0.5186258 0.302637 0.5517486999999999
3 0.37303302 0.32622862 0.5124987 0.358545 0.54004055
