10 0.9946386 0.35086352 0.3705423 0.36821377 0.41846716
10 0.9838988000000001 0.46101916 0.37479448 0.47459984 0.43493462
10 0.9563427999999999 0.28762459999999995 0.36465415 0.30079657 0.42164300000000005
3 0.9048206 0.08856897 0.61848015 0.15997368 0.6756571
3 0.872184 0.4523335 0.6160714 0.6629552 0.7117184
10 0.80386496 0.6636648 0.49821576 0.6803154 0.5409134
10 0.7548331 0.9204974 0.12784589999999998 0.9470084000000001 0.24286254
10 0.7297143 0.53219825 0.38670492 0.54525965 0.43541276
10 0.70006853 0.6643727 0.52399284 0.6813148 0.5697548000000001
3 0.63173425 0.21992844 0.61389613 0.2873487 0.67707646
10 0.62481093 0.5349629 0.38760984 0.5519364 0.43887973
10 0.5262111 0.878073 0.18681094 0.90478003 0.27934796
3 0.49197759999999996 0.26068017 0.61909556 0.31064394 0.6754861
3 0.43988788 0.3030792 0.61110616 0.36853790000000003 0.68195915
3 0.3316942 0.32423365 0.59827197 0.52058643 0.7047328
