10 0.9854982 0.47375005 0.38850942 0.48861579999999993 0.4418451
10 0.9836633 0.36171082 0.38443944 0.38101575 0.4296004
3 0.978736 0.0008033514 0.6029665 0.30000687 0.7844648
10 0.95316136 0.5486591 0.39241332 0.563331 0.43980765
10 0.94077516 0.30329707 0.37465236 0.32038130000000004 0.43209615
3 0.8179375 0.5098402 0.62675345 0.56292087 0.68034923
10 0.8090438 0.6830782 0.5196344 0.70078534 0.5813399
10 0.64066267 0.37576228 0.38707563 0.39381397 0.43897894
3 0.6237206 0.25370413 0.5854676 0.39197063 0.7103534
3 0.60423905 0.63095194 0.6154173000000001 0.8366079 0.70712596
10 0.5052920999999999 0.889817 0.18913808 0.9163094999999999 0.28593895
3 0.47604966 0.44189894 0.63331956 0.46772945 0.6628147
8 0.43793806 0.25370413 0.5854676 0.39197063 0.7103534
3 0.42664608 0.40478709999999996 0.6348731 0.42799303 0.66454893
3 0.3865364 0.8279610000000001 0.6128806 1.0 0.7292911999999999
10 0.36387600000000003 0.67972064 0.5030454000000001 0.6949519000000001 0.5421825
3 0.30319983 0.50113875 0.62743104 0.53243357 0.6695399000000001
