10 0.9387042999999999 0.45434844 0.40464297 0.46686350000000004 0.4513683
3 0.90519786 0.48950785 0.59425324 0.60892266 0.6564800000000001
3 0.89285743 0.2025244 0.5924911 0.24922478 0.6329276
10 0.83645964 0.36855587 0.3826219 0.38572338 0.44850352
3 0.7753266 0.33022097 0.5967456 0.37425646 0.6305479
3 0.75397855 0.6063399 0.57911086 0.80129474 0.7190236
3 0.7444045 0.9706435999999999 0.61973435 1.0 0.6799994
3 0.63812727 0.077581674 0.77172595 1.0 0.99791735
10 0.5786102 0.664776 0.0050708503000000005 0.9951239 0.41754025
10 0.49187896 0.37335697 0.39704704 0.3849741 0.45015192
3 0.33602577 0.2993471 0.6053178000000001 0.31891929999999996 0.62324363
10 0.33332688 0.40062183 0.42192349999999995 0.41178602 0.45851722
10 0.31550762 0.37959194 0.39285457 0.39600718 0.4447376
