10 0.9884107 0.34274447 0.380804 0.36045570000000005 0.4303633
10 0.9716562 0.28348082 0.3802448 0.29881495 0.42965865
10 0.9259661 0.45096406 0.3818655 0.46466038 0.43788308
10 0.9183676 0.52689636 0.39117515 0.5417923000000001 0.442028
3 0.9029084999999999 0.64709455 0.60260653 0.74514586 0.695256
3 0.83209324 0.09180656 0.6340210000000001 0.15962124 0.6837627
3 0.8209299000000001 0.2652987 0.6296704000000001 0.33301005 0.6847006999999999
3 0.8198449000000001 0.48598433 0.60795027 0.67384577 0.7200956000000001
3 0.77675366 0.31699157 0.632892 0.36502147 0.6794753000000001
3 0.66558564 0.21970537 0.6311473000000001 0.26215429999999995 0.68622214
10 0.64775306 0.65401894 0.5336953000000001 0.6714888000000001 0.5827920999999999
10 0.6447366 0.65120584 0.49809515 0.6692600999999999 0.5395863000000001
10 0.53004146 0.86628205 0.19448912 0.89462274 0.28431797
8 0.45314297 0.2652987 0.6296704000000001 0.33301005 0.6847006999999999
10 0.43332129999999996 0.91288626 0.1352027 0.9410603999999999 0.24139458
3 0.41708675 0.43522823 0.637818 0.46346859999999995 0.66540825
8 0.34604648 0.09180656 0.6340210000000001 0.15962124 0.6837627
