3 0.84018874 0.53635836 0.5110744 0.59374475 0.5878346999999999
8 0.82665396 0.575052 0.4953692 0.99298334 0.7134274
3 0.60698533 0.0055600944999999995 0.4217285 0.06720417 0.4896688
3 0.5763411999999999 0.49063829999999997 0.50430745 0.529533 0.5622472
3 0.5324055 0.024893206 0.43074957 0.10902105 0.489306
3 0.51807636 0.08888912 0.43605372 0.16957343 0.4907063
3 0.44794822 0.551797 0.51130027 0.6275546999999999 0.6193394
1 0.43180925 0.46101117 0.49880722 0.47861450000000005 0.5365383
3 0.42227003 0.08839482 0.77815694 0.939153 0.98160535
3 0.3979311 0.9026466000000001 0.5983702 0.9984618000000001 0.85047865
3 0.39664003 0.17996413 0.46240053 0.3102183 0.52771103
3 0.3846259 0.46101117 0.49880722 0.47861450000000005 0.5365383
3 0.34023488 0.23079166 0.7997024 0.89011645 0.93918157
