10 0.9932781999999999 0.38363925 0.38558805 0.40152940000000004 0.4379745
10 0.95707816 0.49040815 0.37547237 0.5064896 0.44147682
3 0.94658744 0.69899607 0.61165416 0.82987154 0.7010218
10 0.9162411 0.7007838000000001 0.5242507000000001 0.71865493 0.5866298000000001
10 0.9159690999999999 0.33288208 0.38336778 0.35023788 0.43460935
3 0.7856926 0.0 0.62472105 0.20931146 0.75122786
10 0.7697915 0.92028815 0.18662782 0.9437595 0.28309977
10 0.7639635 0.56830716 0.39005113 0.58215773 0.44820470000000007
10 0.5857104999999999 0.31973526 0.3792171 0.3359851 0.43605649999999996
10 0.5650857 0.9634261999999999 0.12417258 0.9867894 0.24077855
3 0.48272413 0.8739923 0.60975647 1.0 0.7154149999999999
3 0.47851540000000004 0.42824292 0.6012645000000001 0.6144921999999999 0.7032304
10 0.39644440000000003 0.69867486 0.48919985 0.71799177 0.5406105
3 0.37042934 0.21733867 0.6251966 0.39970505 0.71707976
