10 0.9661787000000001 0.60570556 0.41172063 0.6196465999999999 0.46473783
3 0.9372024999999999 0.36608037 0.64351904 0.43620762 0.7019403000000001
10 0.8207955 0.7374248999999999 0.52128845 0.75455993 0.57484156
10 0.7866786 0.52875304 0.4038576 0.54234576 0.45378009999999996
10 0.6796236 0.41544005 0.40560502 0.43268457 0.45365554
10 0.6444393 0.36365240000000004 0.3933222 0.37938732 0.45257970000000003
3 0.6389427 0.4744258 0.62252665 0.63870203 0.725204
3 0.5977475 0.19720432 0.62961835 0.3701426 0.72554046
3 0.5432412 0.0 0.63632864 0.13020015 0.76824814
10 0.49043643 0.40958783 0.40112618 0.42766980000000004 0.44033310000000003
3 0.46983078 0.7965821999999999 0.6044849 0.9953078000000002 0.74431884
3 0.45507288 0.43498677 0.6504739 0.46529269999999995 0.6894252
3 0.43523303 0.33622584 0.6431899 0.37657693 0.69270563
10 0.42777535 0.9569880999999999 0.20071195 0.98848677 0.30188990000000004
3 0.40808585 0.09225343 0.63977766 0.1976194 0.71482253
10 0.3597825 0.42758033 0.40005738 0.44532582 0.45448333
10 0.3073572 0.43611884 0.40081540000000004 0.45431226 0.4419795
