3 0.92727476 0.599545 0.6267437 0.7191285 0.69262123
3 0.8016272 0.8126437 0.60637796 0.9215996999999999 0.67201686
3 0.7997758 0.10311443 0.6538213 0.16363627 0.7005380999999999
3 0.57499635 0.057328258 0.6576496000000001 0.11484961 0.7008191999999999
3 0.44659412 0.8018099 0.6260653 0.8562576999999999 0.67290455
10 0.40760052 0.38453797 0.5045764 0.41860804 0.5195295
10 0.3458033 0.43642107 0.5060125 0.46935484 0.52051896
3 0.317533 0.18709181 0.64458513 0.21222721 0.6776426
3 0.31709203 0.023084134 0.79951453 0.9319811 0.99277556
38 0.31148517 0.28092918 0.5012105 0.3192272 0.52254385
