10 0.9922896000000001 0.3529938 0.38377577 0.37024277 0.4319232
10 0.9622042 0.46258894 0.3883745 0.47468343 0.44379234
10 0.9620101999999999 0.28627600000000003 0.37934262 0.30272588 0.43415993
3 0.86250967 0.09489364 0.6378961999999999 0.15841654 0.6873646
3 0.84125847 0.30811155 0.63607615 0.35986936 0.68693846
10 0.81695753 0.66681623 0.52898455 0.68312466 0.57820404
3 0.760744 0.2651801 0.6346414 0.31847656 0.68648326
3 0.6713066999999999 0.22743110000000002 0.6387512 0.26543766 0.6861183000000001
3 0.66632503 0.07034862 0.6283908 0.10772239 0.66343546
1 0.66164416 0.51022184 0.6501763 0.52805173 0.6812767
3 0.65024877 0.8587606 0.60489374 1.0 0.7077568000000001
10 0.5144228 0.530199 0.3991368 0.54303163 0.4423938
1 0.4252253 0.7621683000000001 0.62557405 0.78439176 0.6881793
1 0.3961309 0.5588555000000001 0.6473559 0.5718673000000001 0.6710775
10 0.36712295 0.8698374 0.19662365 0.89706194 0.28870082
8 0.35788023 0.8587606 0.60489374 1.0 0.7077568000000001
