10 0.8858560999999999 0.33833703 0.39761823 0.36478979999999994 0.41851990000000006
3 0.8364049000000001 0.10283651 0.5176049 0.15221858 0.5600893
3 0.8325104 0.6750615 0.5415205 0.7331565999999999 0.57134354
3 0.7635965 0.22082816 0.51983285 0.27363878 0.56411195
3 0.6904617 0.8445166999999999 0.556082 0.96926147 0.62943256
3 0.6560736999999999 0.1632642 0.51794535 0.2138745 0.565317
3 0.6123219 0.95561033 0.56644034 1.0 0.6270319000000001
3 0.61017996 0.58915967 0.54758245 0.62549585 0.57629913
10 0.5865481 0.43535274 0.4077638 0.45743805 0.43143967
10 0.54748756 0.46782517 0.4518537 0.48151135 0.47408652
10 0.50631046 0.41234449999999995 0.3999118 0.42748162 0.41911605
3 0.49705368 0.6530235 0.5396831 0.6914365 0.56551826
10 0.397785 0.51557523 0.4013883 0.53222924 0.42755329999999997
3 0.37260738 0.01256001 0.7167291 1.0 0.99875206
3 0.30401912 0.25913334 0.5237512 0.29214293 0.55645424
