3 0.9358976000000001 0.31726855 0.34077029999999997 0.35494506 0.37414306
3 0.72026056 0.39257038 0.34120995 0.41029042 0.36079377
3 0.709296 0.45078442 0.3405094 0.47108087 0.35715377
3 0.7071254 0.0 0.57601774 0.9897213 1.0
3 0.5991873999999999 0.29099286 0.34473503 0.31751424 0.37428296
3 0.59479415 0.10405202 0.34171972 0.1652912 0.3999565
3 0.5645650999999999 0.49562088 0.35038877 0.51865745 0.36865890000000007
3 0.5458675999999999 0.20351388 0.3404616 0.24074344 0.38514495
3 0.5199931 0.04222604 0.34647328 0.11283677 0.40598363
3 0.42830786 0.17833441 0.34157982 0.2161597 0.38611242
3 0.34224679999999996 0.003982067 0.35015488 0.051796153 0.40765429999999997
