3 0.9423636000000001 0.49578479999999997 0.62864673 0.6136792 0.7063571
3 0.9126531999999999 0.8090156999999999 0.61126584 0.92690927 0.67750436
3 0.78729266 0.091994956 0.6586388000000001 0.15791193 0.7000119
3 0.6767186 0.054670654000000006 0.66053617 0.114970766 0.70005345
10 0.62651044 0.37675965 0.50774723 0.4051034 0.52366525
3 0.6246079000000001 0.24011065 0.64583945 0.38789509999999994 0.7117473000000001
10 0.49888247 0.43683162 0.50615144 0.46159688 0.5221803
3 0.39842802 0.01830098 0.78863 0.95148206 0.9906869
10 0.37766832 0.35494068 0.49974978 0.3770605 0.52251244
3 0.35379636 0.01023607 0.6615209 0.04413298 0.6912338
10 0.33096278 0.5122015000000001 0.49138916 0.5258983 0.52397037
