3 0.9347929 0.766813 0.30515838 0.87273854 0.36649424
3 0.82215685 0.8823440999999999 0.29635948 0.9667609 0.37450659999999997
3 0.7721496 0.0 0.57155097 0.98600554 0.9852803
3 0.6837017 0.45041022 0.28230476 0.47960147 0.31091690000000005
3 0.5864566 0.4758085999999999 0.28139359999999997 0.53153557 0.3182276
3 0.5211149 0.93405765 0.2877685 0.9970226999999999 0.3783063
8 0.50786906 0.4758085999999999 0.28139359999999997 0.53153557 0.3182276
3 0.47139266 0.74635446 0.31589302 0.79097104 0.35382393
3 0.42356908 0.5864459 0.28490785 0.62424827 0.31678894
3 0.35042974 0.8486408000000001 0.30977613 0.8979353000000001 0.36233740000000003
8 0.33250949999999996 0.8823440999999999 0.29635948 0.9667609 0.37450659999999997
