3 0.87831163 0.8193608 0.60870725 0.94169277 0.6767939000000001
3 0.81948227 0.09770557 0.65279406 0.16824514 0.6990244000000001
3 0.79574585 0.3703676 0.6443484 0.506308 0.70951724
10 0.6430695 0.37703297 0.50622296 0.4057397 0.5246265999999999
3 0.45840020000000004 0.06753689 0.6588833000000001 0.11729938 0.69656557
10 0.44050986 0.4416076 0.5067624 0.46665525 0.5239891999999999
3 0.42487648 0.31787607 0.6519134 0.38593390000000005 0.70257807
3 0.40556440000000005 0.21792854 0.6452276 0.24756260000000002 0.6768692
3 0.39612982 0.18057875 0.6514800000000001 0.20750515 0.6865937
3 0.38184008 0.9139103999999999 0.62094057 0.9565754000000001 0.6643131
10 0.32583672 0.5183618 0.48987929999999996 0.5330906999999999 0.51753587
38 0.32195634 0.3288514 0.44738890000000003 0.3730604 0.47283763
