3 0.98068076 0.37358436 0.32750526 0.6251713000000001 0.46720633
3 0.86930084 0.3067554 0.32065624 0.38946655 0.41829586
8 0.85060483 0.6145059 0.22189179999999997 1.0 0.67776203
3 0.68758863 0.05374206 0.31054989 0.13211939 0.36065435
3 0.6810379 0.0 0.59602606 1.0 1.0
3 0.57479185 0.2562199 0.34218743 0.305167 0.4062642
3 0.4990085999999999 0.079614386 0.31817629999999997 0.13381894 0.35922033
3 0.46414232 0.306525 0.32471353 0.35517532 0.41353488
3 0.35430324 0.61907053 0.21867831 1.0 0.68694735
3 0.35025212 0.099255644 0.3283022 0.1302896 0.35964602
3 0.31175923 0.3155004 0.31854615 0.48257574 0.43646234
