3 0.71645814 0.346555 0.19660725 0.39955133 0.24863702
8 0.70546174 0.16754085 0.19915135 0.23815227 0.27080742
8 0.6436566999999999 0.58924043 0.18755189 0.62292147 0.24145004
8 0.59667385 0.26336804 0.18882924 0.32102296 0.26228553
3 0.58803767 0.31471518 0.19931924 0.35178575 0.24826966
3 0.3556518 0.58981943 0.18900797 0.6225206999999999 0.2405625
3 0.34239864 0.0 0.38439798 1.0 0.9947174999999999
3 0.32689953 0.21906753 0.20868509 0.25901738 0.261144
3 0.32230842 0.17202342 0.2005204 0.23257777 0.27070776
8 0.30870655 0.34766775 0.19535957 0.39970229999999995 0.25022426
5 0.30670848 0.0 0.384509 1.0 0.9890728999999999
