3 0.9652594999999999 0.45887467 0.4984755 0.6093054 0.58200604
8 0.86641884 0.12823106 0.40555736 0.22980757 0.57723325
3 0.8031035 0.9237472 0.5222220999999999 0.9910344999999999 0.5646493
3 0.7732693 0.34319959999999994 0.49108994 0.38432354 0.54880303
3 0.77167946 0.23117222 0.49507603 0.27551854 0.54087806
3 0.7565757 0.0 0.66283154 1.0 0.97301495
1 0.6871695999999999 0.72850794 0.40099925 0.7786434 0.53926915
3 0.64407873 0.0033189282 0.38957086 0.13906345 0.64277864
8 0.44805232 0.0021541938 0.3927093 0.14247644 0.636069
10 0.38926009999999994 0.50027657 0.38245959999999996 0.5145525 0.406574
3 0.33625308 0.0 0.5341891 0.85185623 0.9403519
