8 0.94300675 0.0 0.31761809999999996 0.39882702 0.75670004
3 0.8924232 0.45533037 0.48926395 0.5960988 0.58025247
10 0.8164724 0.51209414 0.31687838 0.5253738 0.36575937
3 0.7641281 0.0 0.6372639 1.0 0.98457646
10 0.7452880000000001 0.42218065 0.30638602 0.43547428 0.3757475
10 0.6561239999999999 0.51461947 0.31487194 0.52869177 0.36248106
3 0.5692239 0.0024674535000000003 0.6233247 0.6494772 0.96081966
3 0.5481678000000001 0.3975479 0.5010226 0.43408954 0.55943024
3 0.51693916 0.0030664057 0.2549037 0.39721078 0.88203704
10 0.515865 0.5087264 0.31627965 0.52266914 0.36250657
10 0.5025111 0.42522952 0.30506527 0.43899579999999994 0.37530762
