3 0.9878507 0.82594097 0.6056944000000001 0.96643436 0.6858929
10 0.8968280999999999 0.87766385 0.17021649 0.8980812 0.26573637
10 0.87934715 0.34227383 0.36205572 0.359325 0.41224685
10 0.85744184 0.9262448 0.115267545 0.94713515 0.21533026
3 0.8486178 0.088124685 0.61628085 0.15908042 0.6817585
10 0.7697845 0.27721290000000004 0.3493529 0.29074797 0.40659544
3 0.7493761 0.28801364 0.617484 0.3416921 0.6751796999999999
10 0.6999088000000001 0.5246732 0.37161279999999997 0.53769183 0.42356336
10 0.6975545 0.44713286 0.3666942 0.46074888 0.41645393
10 0.46397040000000006 0.27401805 0.34944692 0.28654647 0.40780577
10 0.40938485 0.8732203000000002 0.17103095 0.8918091 0.26415446
3 0.40416867 0.2206827 0.6193312 0.28146659999999996 0.6792849
10 0.3978095 0.45213190000000003 0.36538103 0.46632454 0.4168428
3 0.3695467 0.34856445 0.6297621 0.37788033 0.6619927
10 0.35581297 0.2868134 0.35020438 0.29859033 0.40480998
10 0.34228003 0.9208997 0.11388254 0.9413728000000001 0.21506508
